39.3925,-101.0689,306
37.3806,-107.5811,111
35.4072,-104.1906,139
38.7403,-104.3994,228
42.1397,-87.7853,200
35.7197,-86.9653,278
38.5350,-121.7761,250
42.9592,-120.7897,167
48.7178,-122.5114,239
35.6214,-88.8456,278
61.5664,-149.2542,144
46.7281,-116.9558,233
25.8175,-80.2858,378
35.0489,-97.9158,294
36.4622,-116.8669,289
28.4675,-98.2525,333
33.6731,-111.1508,300
47.6811,-117.6267,250
36.6897,-108.3086,239
46.6722,-120.4994,289
38.8586,-99.3358,283
45.6911,-118.8522,233
40.4750,-86.9919,217
32.2822,-106.7597,289
34.9881,-120.3211,267
38.4931,-122.0047,217
30.2003,-92.6642,361
40.2233,-86.1086,233
42.7467,-71.0425,194
38.4661,-101.7758,278
38.7978,-99.7231,322
43.5492,-71.4647,-178
47.0575,-109.9514,111
26.5581,-99.1372,233
40.7833,-81.9167,211
44.7764,-108.7592,250
44.1183,-121.2103,156
39.4031,-99.4192,322
47.7283,-104.1467,306
36.4711,-86.8414,272
37.7967,-121.5828,261
35.4139,-86.8086,278
46.8706,-68.0172,233
38.5039,-95.7036,178
33.7092,-93.5564,322
47.0022,-118.5658,250
45.9228,-108.2444,178
34.5822,-119.9817,189
39.0303,-76.9314,278
42.8767,-77.0308,261
40.2539,-85.1483,228
39.9000,-98.0256,267
40.1550,-103.1417,250
26.8400,-81.0872,350
36.5575,-105.2628,139
39.2494,-106.3714,111
39.0744,-96.8983,161
39.0422,-108.4664,161
36.5508,-114.4581,233
48.4983,-109.8014,156
34.7675,-106.7611,233
37.0683,-88.7725,311
37.7617,-117.5658,183
38.6450,-95.5661,378
38.4917,-122.1242,156
40.0892,-99.2133,289
35.2006,-103.6867,278
34.5989,-103.2161,250
44.0622,-103.4819,183
29.4608,-101.0286,300
34.0828,-106.8831,244
38.0047,-120.4864,217
39.8114,-99.9386,289
40.2458,-111.6508,200
42.3806,-96.9575,183
46.7603,-117.1861,233
37.9050,-93.3169,211
33.7542,-99.1442,317
41.9342,-88.7756,200
43.8544,-116.4664,267
36.8047,-107.6214,194
30.7053,-104.0233,239
40.6117,-122.5281,278
37.1503,-104.5567,278
41.4439,-86.9294,178
40.1739,-101.0611,300
