39.5592,-97.6697,1
40.2342,-85.3936,1
35.2333,-101.7089,1
30.0747,-99.1081,1
34.2622,-88.7714,1
33.6325,-99.2897,1
32.3367,-90.2214,1
37.4389,-105.8614,1
44.5733,-116.6753,1
34.8492,-89.1597,1
38.0517,-102.1317,1
39.6658,-99.5772,1
38.8169,-92.2183,1
31.5333,-101.2842,1
40.4122,-86.9369,1
32.5111,-94.5889,1
34.8822,-95.7831,1
38.8700,-87.0917,1
33.1964,-95.2236,1
34.1750,-91.9347,1
43.0206,-102.5183,1
40.3603,-111.8972,1
36.0394,-95.9844,1
38.2553,-110.1800,1
36.9139,-113.9422,1
42.5522,-99.8556,1
35.4033,-92.3828,1
31.3214,-85.4497,1
43.2372,-108.1097,1
31.3558,-85.7511,1
42.6858,-103.8842,1
43.9658,-107.9508,1
38.4600,-109.8214,1
40.0397,-88.2778,1
35.5953,-82.5567,1
42.0425,-101.0458,1
31.4714,-88.2503,1
42.3208,-103.0733,1
44.3394,-105.5419,1
37.0856,-107.5333,1
37.9272,-100.7247,1
39.8447,-89.6839,1
34.5011,-97.9592,1
39.5703,-104.8489,1
30.5347,-94.4456,1
30.5892,-96.3647,1
44.7694,-106.9689,1
25.9492,-81.7139,1
44.0511,-101.6011,1
39.8958,-105.3847,1
41.8369,-110.7706,1
34.9894,-99.0525,1
28.4675,-98.2525,1
35.3889,-97.6006,1
34.1797,-102.1356,1
30.2133,-97.9822,1
35.1617,-99.3603,1
33.9786,-98.4928,1
34.7325,-98.7125,1
36.0111,-91.4328,1
41.3044,-95.3844,1
36.8239,-114.0525,1
40.0803,-95.5919,1
27.7839,-97.5108,1
36.0717,-91.6169,1
29.3389,-98.4719,1
42.0647,-104.1528,1
41.0103,-103.8769,1
44.3814,-100.2856,1
41.1519,-104.8061,1
40.4422,-109.5144,1
33.6228,-111.9106,1
33.6361,-91.7556,1
39.4519,-87.3089,1
41.6111,-102.9014,1
35.2547,-90.7964,1
30.0375,-91.8839,1
33.1783,-86.7817,1
34.1578,-98.3108,1
40.0064,-88.1533,1
40.1678,-110.3950,1
33.5500,-102.3758,1
34.0067,-100.2989,1
42.7467,-105.3603,1
45.1900,-95.0586,1
38.5050,-107.8975,1
34.4933,-98.1419,1
35.7072,-82.0289,1
38.0936,-102.6306,1
35.8583,-97.9294,1
34.4272,-100.2831,1
37.3031,-108.6275,1
29.7036,-98.0281,1
37.9878,-89.1931,1
36.6239,-87.4194,1
33.1975,-108.2075,1
46.0081,-114.8442,1
32.2622,-107.7206,1
31.3711,-100.4922,1
31.9747,-95.1381,1
30.3208,-97.7603,1
40.0575,-106.3681,1
35.5931,-88.9167,1
40.3611,-109.3464,1
39.0875,-111.1325,1
34.9772,-91.4978,1
38.7539,-108.0278,1
32.3500,-91.0278,1
41.4333,-99.6333,1
35.2683,-91.7164,1
38.8000,-97.6500,1
35.1867,-102.0797,1
29.6381,-95.2819,1
43.0353,-106.9894,1
39.2583,-111.6306,1
33.5656,-86.7450,1
40.1519,-89.3386,1
30.4781,-87.1869,1
29.1097,-95.4619,1
30.6794,-88.2397,1
35.2539,-91.1892,1
40.5453,-102.3411,1
40.2064,-100.5914,1
36.0167,-102.5500,1
40.6331,-93.9019,1
38.9617,-101.1664,1
29.1828,-81.0483,1
37.2958,-81.2078,1
35.9742,-97.0269,1
32.3336,-104.2581,1
26.9172,-81.9914,1
35.1525,-88.3214,1
31.9514,-85.1289,1
34.7442,-87.5997,1
32.9203,-107.5656,1
41.1522,-104.8056,1
37.1278,-80.4033,1
41.1214,-100.6694,1
33.9850,-101.3339,1
28.8614,-96.9303,1
42.0297,-104.7614,1
41.0233,-100.3669,1
34.2319,-100.9561,1
39.7772,-98.7783,1
32.8519,-96.8556,1
36.7683,-96.0261,1
38.7550,-109.7542,1
37.0683,-88.7725,1
31.7414,-99.9764,1
26.1522,-81.7753,1
44.5169,-108.0822,1
38.6572,-90.6558,1
39.3756,-99.8297,1
31.9433,-102.1889,1
34.2900,-93.0600,1
31.8075,-94.1642,1
39.2942,-96.9264,1
35.2578,-93.0947,1
37.2622,-104.3378,1
40.5756,-105.0236,1
30.1831,-97.6800,1
35.1822,-103.6031,1
40.8289,-115.7886,1
39.4781,-88.2803,1
41.3197,-96.3672,1
30.9119,-102.9167,1
40.7442,-106.2792,1
31.8606,-86.0122,1
31.6189,-97.2283,1
35.5342,-97.6469,1
39.1333,-86.6167,1
39.0597,-87.6625,1
44.6828,-107.0089,1
40.7833,-91.1253,1
35.1183,-97.6700,1
30.3975,-84.3289,1
42.8375,-103.0953,1
34.6097,-98.4572,1
28.7247,-96.2536,1
38.9539,-109.0528,1
43.1750,-102.7458,1
37.2353,-93.4003,1
39.7067,-86.2808,1
35.1808,-97.4378,1
38.0442,-87.5206,1
39.7075,-86.2803,1
26.1839,-98.2539,1
32.7131,-102.6597,1
40.5156,-98.9514,1
33.7222,-94.3975,1
41.8706,-103.5931,1
35.5500,-88.7169,1
43.8339,-111.8045,1
39.8344,-88.8656,1
39.8328,-104.6575,1
37.0683,-88.7719,1
44.0433,-103.0536,1
33.4964,-90.0867,1
33.4192,-111.6444,1
36.1994,-95.8872,1
34.8364,-92.2619,1
40.0506,-86.5744,1
40.4178,-110.0511,1
40.6675,-89.6839,1
42.1106,-104.9492,1
37.6544,-97.4425,1
33.8094,-100.5169,1
35.0564,-89.9864,1
36.2994,-103.7408,1
39.0292,-104.8017,1
37.0872,-84.0769,1
38.9286,-104.8661,1
26.2281,-97.6542,1
33.6878,-101.9853,1
34.6286,-99.1394,1
39.5781,-85.8033,1
40.5100,-101.6200,1
41.3119,-105.6747,1
37.9483,-83.4825,1
42.4819,-114.4869,1
30.3489,-85.7881,1
47.0036,-114.4781,1
45.9717,-109.2569,1
33.1525,-100.2333,1
32.5156,-92.0406,1
33.2367,-107.2681,1
34.6100,-97.4222,1
37.6303,-104.7956,1
32.6808,-96.8681,1
37.7608,-99.9683,1
31.8456,-86.6108,1
32.7100,-96.2672,1
42.5417,-113.7661,1
30.8356,-85.1839,1
29.9933,-90.2511,1
39.8775,-98.3036,1
38.4844,-93.2556,1
38.9597,-94.3714,1
39.5514,-97.6508,1
34.3622,-98.9761,1
41.6236,-98.9517,1
41.1014,-102.9847,1
38.9917,-88.1828,1
39.5447,-110.6861,1
34.8892,-98.3592,1
39.8125,-98.5558,1
39.7756,-96.3503,1
32.4508,-93.8372,1
30.5108,-99.7664,1
31.1828,-90.4708,1
35.9886,-92.7161,1
37.6703,-95.4842,1
35.9508,-85.0814,1
28.5453,-81.3331,1
40.1117,-85.7164,1
33.8761,-101.2464,1
26.5850,-81.8614,1
27.5969,-98.4161,1
44.4122,-104.3567,1
34.9817,-92.0064,1
38.3706,-110.7153,1
40.4953,-107.5211,1
33.8983,-100.8603,1
41.4581,-100.5986,1
38.5714,-90.1572,1
43.3906,-99.8422,1
30.7439,-95.5861,1
39.0083,-95.2117,1
39.8250,-86.2958,1
38.5547,-107.6872,1
46.3253,-108.7403,1
30.3567,-95.4139,1
38.8317,-94.8897,1
31.2819,-89.2531,1
30.3961,-84.3556,1
39.1208,-94.5969,1
26.1658,-97.3458,1
35.8311,-90.6464,1
34.3942,-104.2503,1
33.6517,-101.2450,1
41.1500,-105.1667,1
27.4014,-82.5586,1
37.5908,-83.3131,1
35.2100,-99.1200,1
33.4825,-90.9853,1
35.6567,-95.3614,1
40.6458,-91.5639,1
29.9800,-95.3600,1
32.2997,-86.4075,1
34.7272,-92.2389,1
31.8728,-106.6981,1
39.1342,-108.5400,1
37.2317,-86.6867,1
40.3706,-95.7469,1
40.4386,-109.5211,1
39.0431,-84.6717,1
33.8400,-101.8581,1
41.8056,-107.1997,1
43.1167,-77.6767,1
42.8975,-106.4636,1
34.3956,-100.8972,1
38.6867,-105.3925,1
36.6817,-101.5053,1
40.4767,-99.8861,1
34.1892,-101.7022,1
33.7367,-90.7444,1
27.7628,-82.6261,1
33.6542,-101.8136,1
40.1306,-99.8278,1
35.1639,-97.8847,1
31.9353,-109.2186,1
30.2050,-91.9875,1
31.0425,-86.3117,1
30.5372,-91.1469,1
39.7633,-104.8694,1
31.1903,-84.2036,1
34.5475,-101.7614,1
40.2411,-83.3669,1
30.5844,-97.4156,1
32.6636,-97.0939,1
39.9919,-105.2667,1
37.2531,-93.7275,1
31.2361,-94.7544,1
32.4514,-93.8417,1
29.3283,-99.4653,1
36.2667,-93.1567,1
32.3347,-88.7442,1
41.0469,-102.1467,1
34.2833,-86.9142,1
33.0642,-101.0489,1
44.5228,-114.2150,1
34.7261,-100.5372,1
32.0311,-96.3989,1
39.1353,-96.6778,1
42.0572,-102.8000,1
28.4567,-99.2183,1
40.0972,-92.5433,1
37.6497,-86.4308,1
41.3103,-95.8992,1
32.1664,-103.4250,1
34.7961,-92.8417,1
42.8783,-100.5500,1
41.1800,-104.0572,1
40.4517,-99.3803,1
41.7644,-105.3750,1
27.9619,-82.5403,1
33.4792,-100.8761,1
32.7056,-94.7889,1
29.5442,-98.4839,1
32.4506,-93.8411,1
42.1717,-100.0106,1
40.9319,-103.8678,1
36.7725,-90.3247,1
33.1803,-96.5903,1
39.7736,-94.9233,1
33.4278,-112.0039,1
33.2208,-92.8142,1
32.3206,-90.0778,1
30.4144,-97.7664,1
36.8781,-91.9025,1
30.1250,-93.2158,1
35.6950,-101.3950,1
41.2664,-102.6586,1
31.5356,-84.1944,1
41.6264,-104.4936,1
39.8800,-86.0514,1
32.7275,-95.1925,1
44.3814,-106.7211,1
33.4367,-101.6472,1
42.7972,-105.3856,1
34.3244,-93.8464,1
29.5189,-95.2417,1
38.8711,-98.7053,1
39.1014,-108.7339,1
31.8111,-106.3758,1
38.7525,-90.3736,1
30.3703,-103.7808,1
34.6525,-86.9453,1
41.2519,-100.0750,1
42.2314,-83.3308,1
38.1311,-91.7683,1
37.0769,-111.6639,1
40.6864,-100.0536,1
35.0419,-106.6156,1
44.0728,-103.2108,1
28.1011,-80.6439,1
35.3553,-96.9203,1
31.7800,-103.2017,1
30.7053,-104.0233,1
31.9206,-102.3867,1
32.3847,-94.7117,1
45.7881,-111.1608,1
27.7411,-98.0247,1
35.8517,-97.4142,1
30.9539,-85.8831,1
29.3600,-99.1742,1
36.4486,-103.1539,1
36.4194,-97.8747,1
33.2061,-97.1989,1
43.7331,-103.6114,1
38.8500,-94.7392,1
30.4119,-89.0808,1
33.6883,-112.0817,1
29.8100,-99.2497,1
43.2358,-97.5714,1
40.8508,-96.7475,1
43.7667,-98.0333,1
37.7797,-89.2497,1
35.0258,-99.1058,1
42.2614,-103.5189,1
39.1547,-84.6233,1
29.6222,-95.6564,1
28.0836,-97.0464,1
39.2972,-94.7306,1
28.7797,-81.2436,1
36.3689,-92.4703,1
42.7267,-114.4564,1
39.9061,-84.2186,1
35.0311,-85.2014,1
