18.1747,-66.7978,81
31.2022,-93.5725,89
40.7264,-122.7947,79
38.8586,-99.3358,86
28.0372,-97.8725,94
43.8544,-116.4664,81
36.9969,-119.7072,58
37.1503,-104.5567,74
37.2792,-86.2492,69
40.7142,-122.4161,114
33.8300,-88.5214,51
45.5900,-95.8744,269
38.6644,-94.8900,84
36.4711,-86.8414,25
35.9328,-88.7267,71
37.9050,-93.3169,109
26.3769,-98.8117,97
33.6731,-111.1508,71
40.1100,-87.9567,25
47.0575,-109.9514,86
33.9544,-102.7783,107
44.6342,-123.1900,104
42.9536,-112.8253,84
28.4675,-98.2525,114
44.7764,-108.7592,201
36.1056,-82.8436,86
40.4750,-86.9919,51
42.9592,-120.7897,99
26.1781,-97.9708,102
37.3806,-107.5811,69
32.7547,-104.3836,119
42.4492,-76.4492,46
39.9000,-98.0256,234
39.0303,-76.9314,64
39.8114,-99.9386,389
40.6117,-122.5281,94
43.0431,-96.9033,94
31.6164,-94.6431,76
34.1864,-90.5572,76
46.0436,-118.4628,91
34.5822,-119.9817,53
40.1739,-101.0611,53
35.3872,-76.7764,211
34.7675,-106.7611,58
31.8769,-105.2369,0
42.1397,-87.7853,56
40.5764,-105.0858,58
36.4622,-116.8669,114
28.4575,-97.7061,119
34.5697,-93.1947,71
30.8408,-89.5453,66
39.0172,-92.7558,15
35.1867,-102.0797,94
28.6575,-96.5553,86
37.5147,-122.0325,81
40.7833,-81.9167,81
32.8964,-107.3078,117
33.7542,-99.1442,102
35.1131,-89.2122,71
42.8767,-77.0308,66
33.4311,-90.9108,79
34.7281,-90.3683,97
48.1375,-103.7372,79
39.2494,-106.3714,58
33.6772,-93.9903,51
38.4917,-122.1242,64
47.7283,-104.1467,51
38.5039,-95.7036,74
37.0683,-88.7725,48
30.5467,-87.8808,28
33.7092,-93.5564,89
45.9228,-108.2444,69
31.3625,-85.3397,218
39.1172,-95.4097,84
46.8706,-68.0172,8
42.0208,-93.7742,46
32.6406,-96.9747,114
35.1297,-89.8036,109
39.2475,-96.5994,71
30.0689,-94.2928,69
40.2233,-86.1086,36
44.9847,-93.1772,81
40.1550,-103.1417,76
18.2583,-65.9922,86
33.6897,-101.8219,396
39.0744,-96.8983,66
35.6214,-88.8456,43
35.8819,-83.9572,58
64.8569,-147.8611,0
44.0622,-103.4819,38
44.2394,-95.3153,71
38.4661,-101.7758,340
44.0708,-93.5264,419
31.6003,-97.2169,104
35.3886,-106.5439,112
37.7967,-121.5828,114
31.8611,-97.3750,117
46.7603,-117.1861,282
26.2656,-97.8714,114
43.4033,-103.2683,53
36.2403,-106.4278,51
35.7197,-86.9653,97
34.6033,-104.3811,114
36.8047,-107.6214,0
34.9881,-120.3211,-165
31.0372,-97.5283,58
31.3706,-100.4942,117
33.0353,-96.4861,124
26.8400,-81.0872,76
41.9342,-88.7756,66
33.4692,-88.7822,76
28.7156,-97.1742,53
41.0267,-86.5867,20
38.7403,-104.3994,51
42.1231,-111.3133,58
34.1419,-80.8700,94
37.3822,-102.2986,-86
36.3444,-88.8636,56
38.9667,-98.4889,64
40.0892,-99.2133,66
35.4139,-86.8086,53
33.4258,-111.9217,86
41.2986,-80.7647,838
38.7978,-99.7231,71
35.6414,-106.3322,66
37.7617,-117.5658,89
39.3903,-94.5553,58
39.0422,-108.4664,282
38.9408,-95.3397,36
31.0619,-94.1011,74
35.1108,-81.9675,38
47.0022,-118.5658,135
32.8242,-95.5275,102
43.5492,-71.4647,432
36.0147,-85.1314,48
34.8847,-99.2964,91
48.4983,-109.8014,4214
44.1183,-121.2103,102
32.2631,-96.6369,117
35.6872,-90.0964,46
30.2003,-92.6642,81
36.5575,-105.2628,737
39.5039,-98.3150,295
40.8250,-92.8925,41
47.3111,-116.9544,287
39.0936,-106.3514,64
38.5350,-121.7761,89
35.7047,-101.5492,124
48.7178,-122.5114,43
38.6450,-95.5661,33
34.6603,-82.8236,58
36.5928,-106.7300,51
38.4931,-122.0047,117
38.0633,-102.9297,112
40.7131,-79.5144,46
31.8456,-99.5606,127
34.1981,-101.7461,97
42.3806,-96.9575,-249
35.4072,-104.1906,91
40.1167,-76.4333,137
32.8522,-95.8864,112
45.6911,-118.8522,119
61.5664,-149.2542,76
34.3961,-89.7903,79
35.1161,-93.6506,170
29.8608,-98.1958,74
38.6078,-97.9597,71
32.2822,-106.7597,109
34.5989,-103.2161,112
35.2006,-103.6867,117
33.0642,-101.0489,152
41.9928,-71.1667,30
41.4439,-86.9294,51
42.7467,-71.0425,33
33.1481,-95.6269,183
47.6811,-117.6267,140
34.1647,-88.7239,89
36.5508,-114.4581,117
33.1461,-107.1842,122
31.9611,-96.6881,114
38.2597,-104.7169,86
39.3925,-101.0689,58
29.4608,-101.0286,157
44.8831,-85.6753,79
31.9633,-98.4942,173
41.6661,-111.8914,56
40.2539,-85.1483,61
26.5581,-99.1372,147
30.7189,-97.3211,89
37.6967,-93.7722,56
35.0489,-97.9158,112
32.9206,-86.6708,947
32.9506,-97.0553,112
25.8175,-80.2858,51
31.9497,-91.2336,79
39.6619,-99.1228,259
44.3089,-85.2050,79
38.0047,-120.4864,91
30.7053,-104.0233,56
33.4594,-104.4042,330
39.4031,-99.4192,155
36.6897,-108.3086,76
32.4219,-93.6381,86
37.9931,-100.8122,145
29.6211,-96.3661,64
30.6836,-97.7172,74
32.6475,-97.4439,99
33.3192,-95.6039,76
46.7047,-92.5253,1717
27.4272,-80.4053,0
40.2458,-111.6508,53
32.3378,-89.0817,56
46.7281,-116.9558,102
40.3708,-81.7908,147
34.1381,-88.9983,28
45.4825,-120.7236,168
44.3253,-96.7686,91
32.2683,-101.4858,124
32.9203,-94.7225,122
30.3367,-96.5403,81
41.4903,-71.5431,89
