34.7289,-80.0389,272
44.8831,-85.6753,233
34.4719,-81.8839,261
33.8103,-91.2778,256
42.3806,-96.9575,228
37.1317,-86.1481,278
40.7928,-87.7556,217
36.1306,-80.5481,-178
37.0683,-88.7725,272
42.1397,-87.7853,239
45.0853,-67.1203,200
46.3414,-86.9242,194
64.9156,-148.2711,72
41.1453,-85.4897,178
44.4933,-68.4583,189
38.5200,-89.8467,256
28.8608,-97.0181,311
34.1419,-80.8700,261
39.4700,-80.8572,244
40.0739,-87.5067,250
37.9931,-100.8122,233
40.1100,-87.9567,211
32.9206,-86.6708,289
44.9847,-93.1772,228
41.0267,-86.5867,233
40.9361,-90.7197,256
37.1167,-84.6167,239
41.4439,-86.9294,233
28.4575,-97.7061,300
38.7386,-87.4878,267
44.5208,-101.6192,178
34.6603,-82.8236,283
42.2947,-83.7108,200
46.8706,-68.0172,172
38.4661,-101.7758,244
40.2539,-85.1483,250
27.7792,-97.5056,283
35.6214,-88.8456,300
34.2183,-81.0731,294
33.7775,-81.8467,300
40.2233,-86.1086,278
32.3500,-94.6500,311
42.7831,-71.4147,222
39.4708,-87.4081,239
38.3139,-81.7186,233
32.5133,-92.3486,289
62.1925,-150.5033,156
38.8894,-86.5519,256
32.2822,-106.7597,311
41.8161,-80.4250,222
40.4719,-74.4364,228
33.2564,-81.2422,244
34.1944,-79.2472,239
38.4558,-86.6983,261
33.8083,-79.8567,267
28.7156,-97.1742,283
40.4750,-86.9919,228
36.5914,-101.6181,239
39.4833,-83.8500,233
40.8142,-85.1547,206
37.8194,-85.3847,278
47.6811,-117.6267,178
36.7578,-90.4056,278
32.7547,-104.3836,250
37.9311,-98.0297,250
47.0575,-109.9514,206
35.6042,-91.2744,278
38.7003,-82.4736,294
43.9794,-117.0247,200
