40.2342,-85.3936,1
40.1019,-87.5961,1
35.2333,-101.7089,1
37.0875,-82.9925,1
35.2372,-120.6414,1
41.6117,-90.5808,1
37.2253,-89.5706,1
38.8169,-92.2183,1
27.4981,-80.3767,1
40.4122,-86.9369,1
38.9286,-90.4281,1
42.7392,-78.5878,1
35.4606,-81.3289,1
33.0375,-116.9158,1
32.5722,-116.9794,1
36.0097,-94.1694,1
47.2856,-68.3133,1
41.8833,-91.7167,1
36.0394,-95.9844,1
38.4503,-83.7355,1
43.9922,-76.0217,1
37.0925,-81.3358,1
37.8617,-83.9228,1
31.3214,-85.4497,1
38.3794,-81.5900,1
41.5272,-85.7922,1
40.1100,-87.9567,1
33.8083,-79.8567,1
35.6764,-84.8547,1
40.0397,-88.2778,1
41.4039,-78.0183,1
37.2669,-83.6500,1
30.0675,-95.5561,1
40.0839,-88.2403,1
37.9272,-100.7247,1
37.5339,-83.3492,1
57.2178,-134.8770,1
39.8447,-89.6839,1
40.4847,-80.2144,1
30.5347,-94.4456,1
44.5344,-72.6144,1
34.9894,-99.0525,1
40.0083,-88.7267,1
39.0725,-95.6261,1
36.3189,-119.6289,1
41.2542,-89.3378,1
37.6183,-79.4358,1
41.8161,-80.4250,1
40.0803,-95.5919,1
27.7839,-97.5108,1
43.7072,-85.4822,1
42.9486,-78.7369,1
40.4397,-82.3039,1
42.9389,-72.3247,1
44.3853,-74.2067,1
40.4961,-88.9994,1
34.0500,-94.4008,1
38.3650,-82.5550,1
41.1583,-73.1289,1
39.4519,-87.3089,1
36.0969,-79.9433,1
33.1783,-86.7817,1
37.5050,-77.3203,1
45.0717,-83.5644,1
58.6794,-156.6294,1
41.6300,-79.6931,1
44.6889,-70.1567,1
41.6328,-91.5431,1
41.0908,-89.8614,1
33.2119,-87.6161,1
42.4264,-78.1919,1
46.1569,-123.8825,1
39.9444,-81.8922,1
39.2292,-106.3169,1
29.7036,-98.0281,1
33.8750,-84.3022,1
42.5544,-92.4011,1
37.7433,-77.0400,1
32.6847,-83.6528,1
39.6106,-82.9547,1
40.8203,-82.5178,1
44.2667,-71.2994,1
41.3589,-85.6997,1
39.3450,-81.4392,1
32.3500,-91.0278,1
33.9519,-117.4386,1
41.4333,-99.6333,1
45.0133,-84.7014,1
58.1422,-133.7386,1
40.1519,-89.3386,1
29.1097,-95.4619,1
30.6794,-88.2397,1
33.9381,-118.3889,1
34.3950,-80.0486,1
32.7336,-117.1831,1
37.7086,-113.0944,1
40.2064,-100.5914,1
35.8922,-78.7819,1
36.0167,-102.5500,1
38.1811,-85.7392,1
26.0719,-80.1536,1
40.6331,-93.9019,1
33.6800,-117.8664,1
38.8853,-79.8528,1
44.4933,-68.4583,1
35.2283,-82.7358,1
29.1828,-81.0483,1
31.9514,-85.1289,1
40.6828,-87.7575,1
41.1078,-92.4467,1
47.9375,-124.5550,1
40.1433,-91.5158,1
40.6006,-89.4653,1
28.8614,-96.9303,1
41.1758,-87.9353,1
40.4719,-81.4236,1
39.3933,-81.2192,1
25.9069,-80.2803,1
33.9706,-80.9958,1
34.2167,-119.0833,1
37.1025,-82.8047,1
38.6572,-90.6558,1
39.3756,-99.8297,1
35.2578,-93.0947,1
18.4325,-66.0108,1
46.8706,-68.0172,1
32.8158,-117.1394,1
41.9300,-79.2969,1
30.1831,-97.6800,1
39.4781,-88.2803,1
43.3500,-73.6167,1
35.2203,-84.7981,1
64.7856,-141.2036,1
31.8606,-86.0122,1
35.5342,-97.6469,1
43.8789,-91.2528,1
13.4836,144.7961,1
42.1164,-71.9075,1
44.3981,-98.2231,1
43.9317,-69.8564,1
39.1333,-86.6167,1
44.6531,-70.7942,1
40.7833,-91.1253,1
39.6428,-79.9164,1
36.6206,-116.0278,1
30.3975,-84.3289,1
42.8914,-73.2469,1
38.0442,-87.5206,1
19.7192,-155.0531,1
39.7075,-86.2803,1
40.7122,-89.2611,1
25.5011,-80.5500,1
41.8975,-78.7144,1
38.3306,-96.1897,1
36.2967,-99.7689,1
39.8344,-88.8656,1
42.2706,-71.8731,1
37.0683,-88.7719,1
40.7500,-88.2886,1
33.4964,-90.0867,1
40.0739,-87.5067,1
36.1994,-95.8872,1
39.4833,-83.8500,1
44.4536,-71.1853,1
57.1553,-170.2222,1
35.8036,-82.6658,1
40.6675,-89.6839,1
40.1764,-80.6472,1
38.2306,-90.3981,1
31.5358,-82.5067,1
41.7392,-77.9711,1
41.7219,-71.4325,1
70.3289,-149.6114,1
55.0389,-131.5786,1
37.0872,-84.0769,1
34.0158,-118.4514,1
29.9506,-94.0206,1
56.2472,-134.6447,1
43.1544,-93.3269,1
44.8611,-71.5400,1
26.2281,-97.6542,1
33.8117,-118.1464,1
34.7508,-79.4664,1
34.4978,-82.7097,1
39.5781,-85.8033,1
37.9483,-83.4825,1
37.2039,-80.4144,1
38.7003,-82.4736,1
31.8456,-86.6108,1
38.7386,-87.4878,1
35.0678,-77.0481,1
39.7133,-90.2286,1
30.8356,-85.1839,1
38.5911,-92.1558,1
38.4844,-93.2556,1
38.9597,-94.3714,1
39.5514,-97.6508,1
39.2231,-106.8683,1
38.2281,-85.6636,1
46.1236,-67.7928,1
40.7083,-84.0267,1
44.3744,-70.3164,1
33.1281,-117.2794,1
44.4911,-71.5725,1
40.1394,-83.9289,1
35.1381,-81.5961,1
44.3200,-70.7567,1
43.6497,-70.3003,1
31.1828,-90.4708,1
34.5467,-93.5781,1
35.9886,-92.7161,1
35.9508,-85.0814,1
35.2578,-113.9331,1
45.6478,-68.6925,1
43.1561,-90.6775,1
38.4947,-83.0183,1
41.9922,-93.6217,1
43.1111,-76.1039,1
35.7425,-81.3819,1
34.7436,-118.7242,1
34.8994,-120.4486,1
42.9361,-73.4325,1
41.5339,-93.6531,1
37.5658,-76.8000,1
58.4111,-135.7089,1
38.7956,-105.2003,1
38.5714,-90.1572,1
40.5800,-85.6586,1
43.5697,-76.1164,1
35.4319,-82.5375,1
39.0083,-95.2117,1
39.8250,-86.2958,1
55.2208,-162.7325,1
30.3567,-95.4139,1
33.4617,-80.8581,1
38.8317,-94.8897,1
31.2819,-89.2531,1
36.9647,-86.4239,1
29.6919,-82.2756,1
39.1208,-94.5969,1
26.1658,-97.3458,1
38.0408,-84.6058,1
36.9261,-111.4478,1
35.8311,-90.6464,1
41.7356,-77.6517,1
42.3978,-90.7036,1
37.0947,-81.7936,1
33.8342,-118.3758,1
37.5908,-83.3131,1
34.9914,-78.8803,1
36.0956,-81.8311,1
32.2997,-86.4075,1
35.5453,-82.6986,1
30.4844,-81.7019,1
38.1847,-84.9033,1
25.9989,-80.2411,1
43.1167,-77.6767,1
41.8264,-96.0506,1
35.7636,-86.9322,1
37.9806,-105.6897,1
26.1969,-80.1708,1
36.6817,-101.5053,1
36.0236,-84.2375,1
42.3861,-72.5375,1
43.1953,-71.5011,1
31.0425,-86.3117,1
37.7889,-80.3083,1
41.1203,-90.1642,1
38.0583,-83.9333,1
42.3914,-96.3792,1
42.5497,-78.5767,1
44.2822,-70.2561,1
36.4650,-83.5603,1
43.8583,-71.2597,1
33.9486,-81.1186,1
31.2361,-94.7544,1
44.3592,-84.6739,1
42.5719,-72.5975,1
66.8667,-162.6333,1
36.2667,-93.1567,1
33.9753,-117.6361,1
44.4200,-72.0194,1
39.1353,-96.6778,1
41.9903,-77.1567,1
40.8778,-88.6364,1
43.3606,-70.4697,1
33.3633,-84.5658,1
41.1783,-78.8989,1
36.1878,-81.8736,1
37.3578,-83.7706,1
38.6892,-75.3592,1
40.0972,-92.5433,1
34.6081,-79.0592,1
39.0800,-82.7078,1
42.5503,-84.8258,1
38.8050,-83.4356,1
41.4653,-90.5233,1
41.9381,-72.6825,1
36.7725,-90.3247,1
39.7736,-94.9233,1
42.5136,-99.0303,1
33.9228,-118.3342,1
36.8781,-91.9025,1
34.0561,-117.6003,1
35.6950,-101.3950,1
31.5356,-84.1944,1
39.8800,-86.0514,1
41.5631,-78.6014,1
44.2033,-72.5794,1
44.0461,-69.5367,1
40.5492,-88.9500,1
40.9167,-81.4333,1
35.9461,-112.1547,1
38.3406,-75.5103,1
41.0669,-73.7075,1
35.0556,-77.0858,1
38.7525,-90.3736,1
42.4272,-73.2892,1
38.0700,-102.6881,1
34.6525,-86.9453,1
33.2194,-117.3494,1
37.8725,-82.5194,1
35.6697,-120.6283,1
38.1311,-91.7683,1
64.5111,-165.4400,1
41.3336,-75.7269,1
37.7836,-81.1231,1
28.1011,-80.6439,1
38.0264,-107.6725,1
39.9914,-82.8808,1
40.3031,-90.0656,1
40.3667,-75.9667,1
27.7411,-98.0247,1
43.6478,-70.6750,1
35.8517,-97.4142,1
29.3600,-99.1742,1
56.8056,-132.9372,1
38.8500,-94.7392,1
44.7978,-68.8186,1
44.3206,-69.7972,1
36.4731,-82.4044,1
38.7042,-93.1833,1
33.9481,-83.3275,1
41.5889,-75.3303,1
36.5728,-79.3361,1
40.9611,-98.3136,1
37.7797,-89.2497,1
34.3478,-85.1611,1
37.9406,-75.4631,1
42.3297,-78.4633,1
29.6222,-95.6564,1
39.2972,-94.7306,1
37.8175,-82.7883,1
40.4803,-83.8131,1
34.1231,-84.8486,1
36.3689,-92.4703,1
39.4494,-74.5672,1
35.1803,-83.3928,1
39.9061,-84.2186,1
41.8031,-78.6403,1
46.9728,-123.9303,1
35.8181,-83.9858,1
31.1522,-81.3908,1
