43.1500,-76.3333,0
39.5253,-91.6450,0
31.2022,-93.5725,254
36.8483,-121.4214,0
-27.1817,147.5800,120
38.3197,-76.4525,0
39.7103,-88.4886,0
43.7822,-122.9631,0
19.6328,-155.0339,518
35.0781,-89.6653,76
41.5394,-75.9269,3
41.8722,-75.2656,10
36.3661,-85.6553,5
33.7392,-88.1275,51
37.9050,-93.3169,0
36.5408,-85.4597,0
-37.5267,142.0414,6
37.5339,-83.3492,546
30.7394,-94.9256,559
19.5361,-155.5767,432
43.8000,-74.8667,33
45.1519,-85.1322,0
43.9517,-111.6789,0
-36.7416,141.9429,2
-37.8631,145.7428,168
39.5833,-120.3706,0
31.8075,-85.9722,0
46.9589,-95.6472,0
-34.9617,117.3567,14
31.8614,-95.2619,432
38.1350,-94.8161,0
40.9317,-109.4117,0
35.3872,-76.7764,5
21.5611,-158.2383,25
17.9556,-66.2222,0
-34.9769,116.7286,100
42.3833,-85.3828,0
43.2761,-75.1567,15
28.6575,-96.5553,401
-26.6133,149.3878,32
41.5325,-70.6589,0
41.6444,-72.8167,0
36.3022,-78.6108,229
40.3803,-76.0275,0
20.2039,-155.7350,1770
39.1569,-93.8906,0
31.2975,-85.8997,0
34.3703,-91.1242,665
36.6669,-107.9603,0
47.1414,-121.9356,0
44.3078,-90.1314,0
45.3803,-87.9567,0
42.9694,-71.9528,0
-40.9733,145.3742,120
43.2097,-75.6453,25
35.9647,-87.9639,414
46.6447,-88.4811,18
-38.3898,145.0863,12
43.5317,-75.9525,15
37.1244,-82.6339,0
39.6203,-79.9697,0
34.6375,-86.7269,81
-41.5211,146.7158,68
58.2989,-134.4111,371
-17.2639,145.8536,180
37.5108,-86.2892,0
19.4297,-155.2561,94
39.5108,-87.1242,0
18.1725,-66.9872,5
39.5703,-107.2267,0
-38.5304,143.5390,54
43.9000,-75.0367,41
21.5108,-157.8622,28
21.1328,-157.2133,0
36.8047,-107.6214,0
-12.5723,131.1006,170
19.5106,-155.9217,488
-36.9681,141.0834,10
35.6542,-79.0706,10
42.9481,-76.7342,8
45.4350,-109.8081,0
-34.4417,116.9944,4
-34.9761,116.7328,96
46.6706,-100.2294,0
42.8942,-71.9842,0
34.5225,-119.6822,0
40.4506,-107.5894,0
38.8867,-102.7233,0
39.0422,-108.4664,0
19.5833,-155.4550,660
18.1511,-66.9889,15
46.6539,-68.0089,15
-34.2961,117.5533,10
36.5994,-89.9894,0
40.8619,-75.6428,0
41.1183,-75.7278,0
21.3933,-157.9750,53
44.9214,-85.5161,3
27.5947,-81.5267,0
20.2250,-155.7933,965
43.2386,-76.1964,8
18.3236,-64.8542,18
-34.4674,150.8813,20
21.5300,-157.8503,41
33.7158,-108.7769,0
38.1253,-82.6936,5
19.2036,-155.4858,112
40.7928,-87.7556,0
18.0258,-66.5253,5
46.7461,-87.8817,5
37.4200,-97.0497,0
36.6139,-83.7897,0
21.5739,-158.0378,0
36.0003,-89.4100,203
39.5228,-79.4131,0
33.9047,-87.3153,58
42.0772,-74.9828,0
46.4908,-87.3550,0
30.7342,-85.0306,0
21.1900,-156.9828,221
43.3442,-73.0522,10
-12.3551,130.8857,20
47.9753,-122.1950,3
-24.8503,152.3994,0
21.3733,-157.7853,3
46.3675,-124.0378,0
-34.7772,117.6508,20
20.6486,-156.3983,0
-41.2467,145.7731,68
41.6000,-122.8478,0
21.3389,-157.8581,5
-33.4983,150.5215,2
41.5889,-75.3303,0
19.6158,-155.0839,249
-42.3961,146.4897,14
27.4272,-80.4053,13
34.1381,-88.9983,76
61.6311,-149.8019,1524
21.4706,-157.8836,8
-21.1011,149.1022,6
42.5175,-84.6531,0
21.5214,-157.8375,38
-37.3894,144.3232,4
