18.1747,-66.7978,31
31.2022,-93.5725,241
40.7264,-122.7947,60
38.8586,-99.3358,121
43.8544,-116.4664,31
36.9969,-119.7072,56
45.3128,-107.9383,79
40.7142,-122.4161,58
36.4711,-86.8414,61
40.0839,-88.2403,16
42.9536,-112.8253,134
36.1056,-82.8436,43
42.9592,-120.7897,79
40.2842,-109.8611,66
37.3806,-107.5811,64
39.9000,-98.0256,58
39.0303,-76.9314,55
39.8114,-99.9386,174
40.6117,-122.5281,5
31.6164,-94.6431,43
34.1864,-90.5572,68
46.0436,-118.4628,61
43.8083,-111.7892,10
34.5822,-119.9817,61
40.1739,-101.0611,89
35.3872,-76.7764,117
31.8769,-105.2369,167
42.1397,-87.7853,8
40.5764,-105.0858,39
36.4622,-116.8669,364
34.5697,-93.1947,35
30.8408,-89.5453,0
39.0172,-92.7558,89
37.5147,-122.0325,171
40.7833,-81.9167,76
32.8964,-107.3078,103
35.1131,-89.2122,19
34.7281,-90.3683,53
38.4917,-122.1242,50
47.7283,-104.1467,72
33.7092,-93.5564,0
45.9228,-108.2444,56
39.1172,-95.4097,69
46.8706,-68.0172,101
35.1297,-89.8036,29
39.2475,-96.5994,34
30.0689,-94.2928,285
40.2233,-86.1086,69
18.0331,-67.0722,5
40.1550,-103.1417,154
18.3906,-66.0542,2
18.2583,-65.9922,2
35.6214,-88.8456,61
35.8819,-83.9572,45
64.8569,-147.8611,51
44.0622,-103.4819,45
38.4661,-101.7758,148
37.7967,-121.5828,208
43.4033,-103.2683,55
35.7197,-86.9653,0
34.6033,-104.3811,89
36.8047,-107.6214,55
34.9881,-120.3211,95
31.3706,-100.4942,72
26.8400,-81.0872,87
41.9342,-88.7756,47
33.4692,-88.7822,66
41.0267,-86.5867,6
42.1231,-111.3133,76
37.3822,-102.2986,172
36.3444,-88.8636,27
40.0892,-99.2133,60
35.4139,-86.8086,63
38.7978,-99.7231,103
37.7617,-117.5658,113
39.0422,-108.4664,77
32.8242,-95.5275,332
43.5492,-71.4647,61
36.0147,-85.1314,43
44.1183,-121.2103,34
35.6872,-90.0964,119
30.2003,-92.6642,74
39.5039,-98.3150,84
39.9614,-86.0586,72
38.5200,-89.8467,13
35.7047,-101.5492,113
38.4931,-122.0047,40
42.3806,-96.9575,5
40.1167,-76.4333,0
32.8522,-95.8864,349
45.6911,-118.8522,101
61.5664,-149.2542,108
32.2822,-106.7597,58
34.5989,-103.2161,106
35.2006,-103.6867,77
33.0642,-101.0489,60
41.4439,-86.9294,16
42.7467,-71.0425,14
33.1481,-95.6269,0
47.6811,-117.6267,84
34.1647,-88.7239,153
36.5508,-114.4581,82
33.1461,-107.1842,167
39.3925,-101.0689,126
44.8831,-85.6753,26
40.2539,-85.1483,60
26.5581,-99.1372,0
34.8219,-89.4347,39
35.0489,-97.9158,200
25.8175,-80.2858,69
31.9497,-91.2336,3
34.0828,-106.8831,16
39.6619,-99.1228,87
44.3089,-85.2050,58
38.0047,-120.4864,69
30.7053,-104.0233,45
36.6897,-108.3086,58
32.4219,-93.6381,407
37.9931,-100.8122,180
29.6211,-96.3661,0
46.7047,-92.5253,156
32.3378,-89.0817,50
46.7281,-116.9558,43
34.1381,-88.9983,50
45.4825,-120.7236,243
44.3253,-96.7686,92
32.9203,-94.7225,259
41.4903,-71.5431,64
