46.2314,-112.1136,264
40.9656,-105.2186,270
48.0750,-111.2597,225
30.5347,-94.4456,90
41.7392,-77.9711,270
41.8161,-80.4250,270
40.6558,-97.2208,230
45.8981,-86.5483,337
35.0761,-89.7430,220
61.2967,-149.4400,0
61.1025,-149.7169,130
45.4525,-99.3358,290
47.6497,-120.0800,225
40.5764,-105.0858,288
47.0083,-88.4317,0
39.4206,-79.0050,280
47.0111,-109.2261,338
39.7750,-105.1169,270
47.2753,-88.4169,90
39.6442,-74.8072,12
39.1439,-103.4897,290
40.8600,-102.8031,270
44.4933,-68.4583,90
41.2847,-105.5319,270
40.1100,-87.9567,270
34.6242,-106.3103,320
34.1206,-115.8500,158
39.7194,-76.8028,290
34.2183,-116.4072,220
35.1375,-77.9892,221
45.6656,-97.0392,360
39.0733,-93.7075,180
41.0103,-103.8769,315
