43.6107,-73.0466,114
42.9962,-82.4643,0
39.7444,-99.2155,0
44.7591,-123.2325,0
44.0098,-92.9856,0
41.3677,-81.7018,0
47.0653,-91.6761,0
41.8161,-80.4250,10
44.6833,-70.2642,0
46.1661,-113.0853,0
45.0641,-66.8216,0
39.8895,-82.7680,0
40.6259,-105.0621,0
39.0432,-79.0496,0
41.4977,-87.0730,0
44.5164,-122.9171,0
37.0169,-94.4925,0
37.9542,-87.3741,0
48.5544,-58.6185,0
37.7398,-89.8603,0
46.1744,-89.3038,13
36.2347,-86.3817,0
38.6331,-109.4104,0
46.5189,-66.2667,0
40.2469,-75.9981,0
40.0488,-76.6948,0
40.5998,-105.1151,0
47.0235,-122.8918,0
44.5358,-69.6029,0
43.7485,-70.3045,0
45.4624,-75.9712,28
36.1520,-115.3396,0
35.3620,-85.3797,0
34.6544,-86.5617,0
31.8142,-93.0856,0
32.1154,-81.2509,0
41.2986,-104.8278,0
41.8991,-106.2002,0
39.5936,-75.0692,0
45.9896,-66.5918,0
44.1511,-94.7852,0
41.5508,-71.6346,0
46.8818,-64.1973,0
43.5073,-65.6096,0
38.6169,-77.9696,0
48.5050,-121.4800,0
29.4854,-98.6561,0
41.2942,-81.2316,13
38.2872,-81.7874,0
42.6396,-83.0272,0
43.8981,-72.1377,0
42.1726,-87.8884,0
42.4334,-122.9869,0
51.1240,-104.9917,13
41.2812,-84.3454,0
47.6720,-65.0911,0
39.5404,-104.9123,0
42.8475,-95.7024,0
40.0891,-97.1959,0
45.2012,-93.6658,0
44.2337,-86.0358,28
40.4407,-105.0619,0
46.1902,-89.4579,10
40.7739,-84.0800,0
35.5813,-88.8306,0
46.5824,-90.8839,3
44.8720,-69.4203,0
41.6189,-87.0825,0
40.9234,-73.3305,0
43.1923,-123.4387,0
46.2033,-89.1317,20
49.1916,-100.4942,107
47.7130,-118.9412,0
45.6989,-87.5153,10
47.5749,-120.5976,0
41.3297,-86.3568,0
37.7636,-106.0933,0
47.5857,-122.6092,0
42.4000,-88.7424,0
44.2964,-99.2597,0
41.1623,-81.5037,10
45.6018,-94.1991,3
42.7243,-73.7570,0
44.4171,-72.2350,160
47.3638,-120.2284,0
44.9846,-93.3744,0
45.0792,-64.2711,0
38.7462,-77.1386,0
43.6293,-65.7999,0
44.8745,-123.0444,0
47.1556,-53.4722,0
42.4516,-76.0437,3
36.0920,-82.1750,5
46.2508,-60.6434,0
40.5938,-91.1467,0
41.2144,-85.1242,0
39.0894,-108.1042,0
42.5430,-114.5525,0
44.9354,-68.6584,0
53.3290,-106.1377,0
45.1019,-64.4144,0
40.7707,-79.9385,18
43.3617,-110.8370,64
39.0400,-108.5210,0
41.6048,-75.2833,0
43.6506,-72.0988,71
42.0044,-87.8460,0
49.7556,-96.9094,0
44.8353,-122.6836,0
42.8966,-76.6727,3
41.9221,-111.8193,0
39.9660,-105.5125,0
34.7981,-86.7047,0
39.7140,-86.4090,0
39.7109,-74.9679,0
45.0336,-123.4277,0
46.2507,-119.3197,0
41.2084,-124.1027,0
40.1302,-74.2145,0
44.9047,-107.1687,0
30.8176,-83.8965,0
39.6249,-75.7861,0
49.7791,-124.3371,0
44.8358,-92.6210,0
29.5110,-95.0898,0
41.5072,-109.1554,0
44.6532,-85.6640,10
39.6552,-75.7619,0
45.6907,-109.7173,0
41.5997,-85.0895,0
43.4301,-110.7976,5
43.8737,-80.1343,25
39.9226,-79.7140,8
44.0679,-72.8336,218
48.9536,-54.6186,0
29.4944,-95.1036,0
36.1648,-81.6055,0
41.0589,-83.1127,0
42.4310,-83.3819,5
41.2098,-81.3548,15
37.1306,-80.5720,0
42.0160,-79.1249,15
40.0403,-82.7980,0
38.7338,-120.7110,0
35.5344,-77.3821,0
39.1051,-95.5490,0
43.9930,-66.1468,0
45.1864,-85.1478,0
32.3191,-90.0806,0
39.1223,-77.8187,0
46.4779,-108.4165,0
49.8599,-97.1128,0
46.1855,-60.7343,0
41.3940,-79.4131,28
41.4088,-81.7448,3
38.0450,-85.7155,0
41.9062,-87.7819,0
45.9631,-65.9694,0
38.6049,-89.9685,0
40.5759,-105.0858,0
34.7829,-76.9040,0
41.5019,-86.3851,0
38.3339,-104.7898,0
41.8183,-86.3423,0
41.5828,-70.5803,0
50.5018,-104.6605,33
47.4274,-53.5195,0
36.6725,-83.1678,0
40.3503,-86.4867,0
45.1187,-95.0551,0
45.0713,-64.4857,0
41.7136,-89.3247,0
40.1838,-74.2448,0
41.1977,-80.9721,0
35.1537,-106.2848,0
41.6326,-74.5604,0
41.5401,-90.4492,0
38.7387,-84.8496,0
42.5970,-82.1781,13
39.5865,-86.6333,0
45.7699,-64.2180,0
49.8917,-97.3055,0
41.5264,-90.5858,0
41.2571,-77.0085,0
38.3401,-107.0943,0
40.7912,-78.0118,8
37.7847,-79.9165,0
42.3223,-76.5899,3
45.7169,-65.4622,0
45.3608,-63.2682,0
39.0720,-106.4673,28
24.5695,-81.7559,0
42.8972,-85.7791,3
44.0250,-66.1030,0
42.9542,-81.4349,0
45.4232,-76.0453,36
32.9424,-105.8262,0
41.0521,-83.5773,0
39.4712,-118.7915,0
42.2406,-84.4669,0
42.6038,-76.1637,8
44.7910,-75.3822,0
45.1724,-88.4899,3
39.1746,-75.5132,0
49.8654,-119.6041,0
41.6585,-80.1360,33
42.8264,-106.3988,0
42.8918,-88.1423,0
40.0945,-88.1282,0
39.0985,-104.8343,0
34.2024,-78.0948,0
44.0303,-71.1383,0
39.7674,-78.4844,3
42.1587,-78.4905,13
39.3542,-101.6996,0
28.1669,-81.8219,0
32.9881,-97.3932,0
41.5670,-79.7639,15
40.9142,-91.4293,0
41.5193,-87.9193,0
45.9689,-94.3772,0
38.3455,-120.7719,0
44.6209,-106.8029,0
49.8299,-99.9746,0
36.3188,-85.5019,0
38.2210,-84.8175,0
42.1739,-88.2993,0
32.7904,-105.8204,0
49.1971,-100.1496,0
43.6453,-116.5940,0
30.6186,-88.2779,0
44.6654,-94.8544,0
35.3782,-88.5490,0
42.8623,-80.8949,0
42.6536,-85.7597,0
45.4000,-123.1830,0
42.5110,-76.9155,0
51.5694,-107.2341,0
39.5768,-78.8498,0
44.6115,-74.9719,0
45.1940,-67.3225,0
43.5868,-99.7114,0
42.2845,-83.0346,0
43.5200,-71.8190,0
41.5819,-88.1937,0
47.6421,-65.6876,0
44.4636,-118.7060,0
41.3053,-73.1635,0
38.9433,-119.1916,0
40.2286,-74.6472,0
45.2753,-62.7127,0
42.8403,-84.4197,0
40.3889,-75.9396,0
38.0288,-84.8988,0
47.4021,-79.6765,48
43.1070,-71.6171,0
42.8230,-86.0678,0
43.0284,-76.1212,762
36.2184,-81.6720,0
40.0584,-79.2616,74
43.4394,-71.5373,0
33.9837,-83.1378,0
46.4667,-63.9892,0
48.2647,-96.8703,0
47.4126,-91.1058,25
39.6011,-105.9773,0
35.4049,-78.6810,0
41.4089,-87.3899,0
40.5472,-105.0749,0
34.6286,-86.5561,0
47.4845,-122.1272,0
44.7825,-108.6879,0
46.4274,-62.7087,0
44.4991,-63.5264,0
40.1848,-105.0820,0
44.5179,-103.6698,0
39.9420,-83.8051,0
43.2115,-71.4143,0
39.4700,-76.8301,0
40.4697,-106.8139,0
46.4168,-98.7875,0
38.8274,-75.4303,0
42.6532,-85.4405,0
43.6312,-84.1943,0
43.9715,-74.4200,48
38.3029,-104.7910,0
45.2943,-91.6247,0
43.5375,-81.3964,33
39.9873,-105.1703,0
43.6037,-70.9867,0
44.1756,-72.7961,229
44.3592,-72.6964,180
40.0806,-106.8929,0
43.2471,-75.2775,25
37.5990,-101.2911,0
43.6215,-110.6253,0
34.8240,-92.2531,0
39.7041,-102.7080,0
40.5949,-98.4270,0
44.8567,-93.6864,0
44.2832,-83.4992,0
43.8335,-73.8978,33
32.4066,-96.3347,0
37.9018,-88.9341,0
42.5019,-92.4418,0
31.8449,-102.4858,0
44.9663,-93.8489,0
44.2781,-103.8092,8
47.7738,-120.6641,0
45.4060,-122.8780,0
42.5597,-87.8566,0
40.7447,-111.8677,0
42.7112,-87.8457,0
45.8608,-84.7197,0
37.6702,-91.8739,0
40.3978,-80.0967,0
38.0614,-108.9101,0
43.4201,-72.0910,15
44.7029,-106.3261,0
48.4946,-120.2480,76
42.4675,-71.4820,0
40.5035,-88.9682,0
40.8398,-74.5432,0
43.5695,-116.3248,0
45.5416,-122.6401,0
43.3488,-88.1598,0
44.0412,-80.6893,0
41.3221,-105.5837,0
46.6046,-90.6492,3
42.5601,-87.9384,0
34.8057,-86.2483,0
39.8446,-75.6386,0
39.1516,-77.2368,0
42.7766,-78.8444,0
45.6745,-118.8079,0
42.8755,-109.8683,13
41.0233,-100.3669,0
42.9042,-105.0635,0
42.8316,-74.1152,0
44.4412,-90.1289,0
32.2529,-80.7350,0
38.1208,-76.3651,0
43.7440,-70.4890,0
44.8283,-93.4040,0
42.2139,-104.5192,0
42.2180,-112.6360,0
42.8253,-85.5894,0
46.3526,-61.0776,0
41.2008,-81.3389,13
40.7623,-74.9719,0
42.4093,-86.0481,0
43.9873,-81.1033,10
41.6874,-87.7911,0
40.3038,-103.1114,0
34.6389,-86.5436,0
36.0512,-83.9862,0
43.0961,-79.0281,0
44.8382,-92.9359,0
41.3315,-88.3141,0
45.9770,-66.8682,0
43.8567,-70.4664,0
41.9117,-76.8605,0
40.5510,-105.0664,0
41.7814,-88.0674,0
40.7494,-96.5928,0
41.3846,-79.6979,33
41.5007,-79.8497,23
46.2358,-63.0821,0
41.5007,-81.5526,3
44.7518,-63.7910,0
41.9351,-75.0784,0
38.7845,-76.0739,0
44.3492,-73.2444,56
46.3094,-61.0760,0
33.6239,-117.6275,0
36.1461,-81.7877,0
39.3428,-82.0964,0
40.8656,-74.3851,0
44.5103,-109.0994,0
39.6679,-104.9440,0
45.8812,-66.7623,0
45.7942,-65.5907,0
34.6614,-86.5575,0
29.7210,-98.1655,0
62.2272,-150.0731,0
40.5462,-74.5287,0
48.6770,-100.8026,5
38.6205,-87.1359,0
39.3740,-74.8471,0
48.8511,-97.7775,0
43.6695,-116.2653,0
39.4202,-84.1493,0
47.6049,-120.6687,0
44.6708,-63.3047,0
36.9544,-86.3366,0
33.4387,-88.8695,0
36.1502,-86.5738,0
39.2142,-84.1716,0
45.5740,-88.8983,0
44.8344,-93.0358,0
44.6698,-64.8526,0
45.4681,-122.6813,0
32.3772,-86.2575,0
45.4505,-98.5086,0
35.7373,-83.9132,0
41.4681,-87.9378,0
42.8167,-106.4108,0
44.5014,-68.2208,0
39.8626,-74.1410,0
44.3606,-72.8077,152
45.3201,-85.2437,0
44.7246,-63.8192,0
44.0415,-92.0882,25
44.7323,-92.4060,0
48.0125,-123.1709,0
41.6235,-90.3514,0
45.7086,-61.9024,0
41.8356,-76.4237,13
45.3825,-63.2281,0
41.2939,-111.9580,0
38.6639,-77.9756,0
41.6846,-73.7205,0
47.7446,-122.5097,0
40.2647,-87.6656,0
37.3480,-108.5596,0
42.8181,-106.3455,0
38.3299,-97.7787,0
45.5307,-87.6192,10
45.4788,-122.7692,0
38.8978,-76.5965,0
39.0589,-92.4370,0
38.9539,-92.3381,0
39.2323,-106.0516,0
37.7892,-120.7518,0
40.5358,-94.8879,0
42.8370,-78.7433,10
45.4340,-122.5036,0
44.2354,-71.7388,64
45.1994,-95.0057,0
55.4900,-107.9236,0
38.1617,-85.8566,0
41.5417,-87.2715,0
39.1692,-85.2361,0
42.0911,-84.4773,3
48.4535,-89.2239,0
45.1226,-93.4579,0
40.4624,-90.7452,0
34.2917,-83.3236,0
45.3147,-64.4289,0
43.8583,-71.2597,0
39.4582,-107.1839,5
42.3417,-78.4528,41
41.4469,-74.0214,0
44.0366,-121.5119,3
44.4499,-69.7384,0
46.4238,-94.3033,0
44.3320,-70.2685,0
34.7164,-86.7436,0
41.0483,-93.9496,0
38.8592,-96.1058,0
41.2949,-75.8682,0
42.6732,-85.6801,0
46.0272,-66.6746,0
36.5921,-94.4507,0
43.1425,-80.0696,0
41.2800,-85.4729,0
41.3493,-75.7714,0
41.3537,-80.0505,33
41.5177,-90.6072,0
36.7500,-93.9400,0
37.9663,-103.5443,0
42.8532,-90.7086,0
45.9217,-64.5150,0
39.4722,-105.3913,0
46.7544,-117.0005,0
44.0866,-103.3701,0
42.9980,-88.0238,0
42.6509,-78.6106,48
53.5972,-105.7361,0
41.2604,-85.8487,0
37.3996,-119.7381,0
45.6063,-122.5104,0
39.7647,-84.6338,0
41.9286,-74.0195,264
41.4644,-81.0652,10
42.4284,-87.8838,0
35.6283,-108.7928,0
40.7230,-73.7110,0
29.5111,-95.0919,0
61.6185,-149.1258,0
61.0614,-149.7524,8
50.1784,-100.4396,3
33.7476,-84.7452,0
44.4677,-87.9735,0
40.2077,-75.3522,0
49.5171,-96.7356,0
40.2124,-105.0426,0
38.9052,-104.8491,0
34.8050,-86.7619,0
43.3367,-72.0606,0
47.1307,-122.8230,0
46.7985,-96.1218,0
37.2915,-91.8515,0
34.6444,-86.5056,0
46.9386,-90.8349,8
51.2522,-106.5403,48
34.7058,-86.7503,0
42.8785,-72.3383,0
41.5067,-87.5248,0
44.5125,-78.3606,0
34.0151,-81.1920,0
29.6849,-95.2197,0
40.2001,-82.7732,0
47.4669,-121.6806,0
29.7409,-97.6802,0
44.8913,-93.3141,0
46.5673,-87.6869,18
35.3621,-103.4708,0
43.7011,-70.2789,0
44.6826,-63.8602,0
42.8095,-106.3315,0
41.4673,-90.1818,0
39.7811,-78.4334,0
50.1475,-95.8902,0
40.5460,-105.0731,0
42.2469,-83.0804,0
44.4136,-74.1521,48
49.8631,-97.2622,0
40.0905,-104.7986,0
43.4794,-80.5354,3
35.6345,-117.9782,0
44.8122,-106.9763,0
45.1702,-91.2361,0
42.8339,-79.9298,0
35.4769,-94.3607,0
40.0014,-77.1089,0
40.2843,-105.1608,0
44.0800,-99.1300,0
44.3358,-72.9842,112
44.7586,-72.1168,173
45.0043,-65.1169,0
47.3714,-102.7606,0
39.3723,-112.3339,0
44.0917,-93.2138,0
44.0390,-122.8500,0
42.9008,-88.5862,0
46.9162,-60.4946,0
34.1109,-109.9003,0
45.9220,-116.1260,0
42.9705,-78.8284,0
40.2835,-78.8901,5
31.1200,-81.9300,0
42.7590,-71.5370,0
44.8916,-72.4435,163
45.9290,-66.6283,0
44.6658,-70.0272,0
45.4662,-122.8088,0
41.6470,-73.8970,0
39.5186,-104.9492,0
44.2659,-85.2553,5
37.9221,-78.2519,0
39.3343,-94.7642,0
43.8977,-78.8744,0
44.9769,-106.8475,0
39.4041,-79.3722,33
47.2227,-93.4960,0
29.5120,-95.0994,0
43.2161,-77.9525,762
38.7575,-120.6046,0
40.9519,-74.1577,0
46.2508,-63.3342,0
46.4325,-63.8215,0
40.3189,-79.3894,0
42.1880,-87.9590,0
46.8153,-92.0637,0
52.2915,-104.5762,0
46.4393,-95.5887,0
42.4970,-71.7750,0
38.7873,-82.9779,0
43.3194,-88.1681,0
41.6225,-86.2163,0
44.7584,-108.7769,0
46.1326,-91.4050,0
41.4996,-87.9603,0
46.3118,-116.0553,0
44.8492,-88.3472,0
39.9965,-76.7533,0
27.9855,-81.7902,0
45.4899,-74.6457,58
41.3139,-105.5774,0
47.7084,-116.8367,0
42.9864,-78.8706,0
42.5973,-74.5931,25
35.1375,-77.9892,0
46.9934,-65.5069,0
42.9880,-85.8103,5
50.4826,-104.6385,23
42.4927,-72.9454,0
32.2918,-85.1893,0
44.3882,-71.2695,56
39.4819,-106.0325,0
34.7056,-76.9898,0
43.1232,-74.7974,3
43.3085,-87.9848,0
39.1949,-104.9333,0
43.2422,-88.2889,0
41.0413,-93.9805,0
41.8026,-75.6972,0
42.0038,-89.9389,0
41.3728,-88.8415,0
42.9632,-78.8669,3
46.2170,-67.8589,0
43.8885,-70.2944,0
42.5088,-72.6973,0
44.5292,-109.0755,0
38.6418,-77.7672,0
48.7094,-118.7214,0
42.5336,-75.6306,8
45.9190,-66.6269,0
44.6053,-72.3094,208
40.0815,-104.9459,0
40.9645,-79.1989,8
40.6262,-74.6535,0
39.4745,-83.8361,0
39.9575,-78.5638,0
49.8922,-97.0283,0
41.7010,-84.9867,0
45.7904,-66.1473,0
36.7207,-86.0349,0
40.1043,-105.1605,0
45.6686,-122.6862,0
41.8482,-88.3144,0
38.8319,-107.9670,0
39.9712,-74.9345,470
46.8822,-113.9044,0
30.4144,-97.7664,0
35.5909,-82.5549,0
42.4717,-79.3336,0
39.7866,-77.7253,0
36.4590,-81.1525,0
43.7051,-99.3773,0
34.9842,-83.3917,0
40.0591,-105.1717,0
36.2528,-81.9136,0
47.7657,-122.3001,0
40.5091,-74.8549,0
38.9669,-95.2967,0
48.1810,-117.1712,0
42.4650,-92.3410,0
45.5075,-66.0986,0
42.1070,-84.6260,3
40.5355,-82.5628,0
39.7067,-86.2810,0
46.2084,-119.1658,0
36.1066,-88.0443,0
34.5360,-92.7651,0
41.9950,-75.9650,0
48.2619,-114.1556,0
41.1808,-81.7297,178
40.1526,-84.4613,0
41.8554,-75.7111,5
41.8029,-72.7767,0
