43.9794,-117.0247,28
40.1100,-87.9567,-6
41.1453,-85.4897,-28
33.8083,-79.8567,94
47.0575,-109.9514,28
33.2564,-81.2422,72
34.1944,-79.2472,72
41.8161,-80.4250,6
40.4750,-86.9919,0
32.7547,-104.3836,39
34.2183,-81.0731,78
42.7831,-71.4147,-6
37.1317,-86.1481,44
37.8194,-85.3847,33
42.1397,-87.7853,11
64.1539,-145.8894,-89
44.4933,-68.4583,0
40.4719,-74.4364,0
62.1925,-150.5033,-39
37.0683,-88.7725,44
46.8706,-68.0172,0
38.4558,-86.6983,17
40.2233,-86.1086,39
44.9847,-93.1772,-6
34.4719,-81.8839,72
35.6214,-88.8456,78
32.3500,-94.6500,128
37.9311,-98.0297,44
40.0739,-87.5067,11
39.4833,-83.8500,-6
42.2947,-83.7108,-22
34.7289,-80.0389,67
37.1244,-87.8672,28
38.4661,-101.7758,39
27.7792,-97.5056,161
38.7003,-82.4736,56
39.4700,-80.8572,17
38.7386,-87.4878,22
28.7156,-97.1742,144
41.0267,-86.5867,0
34.1419,-80.8700,72
35.6042,-91.2744,67
45.0853,-67.1203,0
34.6603,-82.8236,61
38.8894,-86.5519,33
64.9156,-148.2711,17
42.3806,-96.9575,-6
32.2822,-106.7597,117
41.4439,-86.9294,0
47.6811,-117.6267,-22
33.7775,-81.8467,72
40.9361,-90.7197,6
36.1306,-80.5481,33
32.5133,-92.3486,106
40.2539,-85.1483,6
46.3414,-86.9242,17
38.3139,-81.7186,22
36.7578,-90.4056,67
28.8608,-97.0181,172
40.8142,-85.1547,-33
37.9931,-100.8122,33
44.5208,-101.6192,33
36.5914,-101.6181,44
20.7583,-156.3211,189
