29.6211,-96.3661,66
38.6078,-97.9597,99
36.2403,-106.4278,53
26.3769,-98.8117,109
40.0892,-99.2133,107
35.1131,-89.2122,61
45.6911,-118.8522,64
30.3367,-96.5403,81
35.6872,-90.0964,58
33.2564,-81.2422,51
32.9506,-97.0553,33
45.6750,-111.1550,51
40.7142,-122.4161,0
43.4033,-103.2683,71
31.9611,-96.6881,61
40.7264,-122.7947,74
31.6164,-94.6431,36
36.1056,-82.8436,43
38.6450,-95.5661,71
30.6836,-97.7172,61
38.6644,-94.8900,51
32.2683,-101.4858,122
38.4931,-122.0047,69
37.9050,-93.3169,0
39.2475,-96.5994,56
37.0683,-88.7725,76
40.4719,-74.4364,48
38.0047,-120.4864,94
31.3706,-100.4942,104
34.7675,-106.7611,86
45.9228,-108.2444,74
40.6117,-122.5281,38
35.1297,-89.8036,51
38.7403,-104.3994,64
48.4983,-109.8014,6909
44.8831,-85.6753,76
37.7617,-117.5658,152
30.2003,-92.6642,58
42.4492,-76.4492,56
30.8408,-89.5453,56
34.1864,-90.5572,58
18.0331,-67.0722,48
35.7197,-86.9653,46
42.0208,-93.7742,79
30.7189,-97.3211,79
40.7833,-81.9167,46
34.8847,-99.2964,81
35.6414,-106.3322,79
35.1108,-81.9675,69
33.1461,-107.1842,102
38.5350,-121.7761,86
32.6475,-97.4439,41
41.9342,-88.7756,51
31.0372,-97.5283,53
35.4139,-86.8086,69
33.8300,-88.5214,71
40.1100,-87.9567,33
34.7281,-90.3683,64
36.9969,-119.7072,99
37.1503,-104.5567,43
42.7467,-71.0425,18
36.4622,-116.8669,152
43.5492,-71.4647,0
36.3444,-88.8636,46
44.2394,-95.3153,89
40.2233,-86.1086,53
31.8611,-97.3750,48
30.0689,-94.2928,66
26.8400,-81.0872,66
40.1550,-103.1417,74
34.3961,-89.7903,46
30.5467,-87.8808,56
61.5664,-149.2542,28
25.8175,-80.2858,91
35.2006,-103.6867,102
38.9667,-98.4889,109
35.8819,-83.9572,41
32.8522,-95.8864,56
36.5928,-106.7300,53
39.1172,-95.4097,51
38.5039,-95.7036,64
35.4072,-104.1906,79
44.9847,-93.1772,74
36.5575,-105.2628,836
37.3822,-102.2986,91
38.0633,-102.9297,64
34.1419,-80.8700,36
37.2792,-86.2492,69
46.8706,-68.0172,28
32.3378,-89.0817,51
29.8608,-98.1958,71
28.4675,-98.2525,81
32.7547,-104.3836,109
35.1161,-93.6506,0
33.7542,-99.1442,97
41.4439,-86.9294,66
38.2597,-104.7169,140
31.9633,-98.4942,46
36.0147,-85.1314,41
33.6897,-101.8219,124
34.9881,-120.3211,64
34.1381,-88.9983,84
46.6722,-120.4994,51
39.0172,-92.7558,71
43.8544,-116.4664,56
41.0267,-86.5867,58
29.4608,-101.0286,109
26.5650,-98.1236,48
35.6214,-88.8456,86
30.7931,-94.1819,53
35.9328,-88.7267,56
47.0575,-109.9514,64
36.5508,-114.4581,130
34.5989,-103.2161,117
37.5147,-122.0325,66
36.4711,-86.8414,46
35.1867,-102.0797,114
40.2539,-85.1483,56
44.3089,-85.2050,41
33.3192,-95.6039,53
28.0372,-97.8725,71
33.1481,-95.6269,56
33.7092,-93.5564,61
26.2656,-97.8714,94
31.8769,-105.2369,0
40.1739,-101.0611,64
32.4219,-93.6381,66
34.5822,-119.9817,89
40.8250,-92.8925,30
47.6811,-117.6267,64
46.7281,-116.9558,46
32.8242,-95.5275,66
38.8586,-99.3358,104
38.4661,-101.7758,61
39.3925,-101.0689,97
32.2822,-106.7597,130
47.0022,-118.5658,81
37.7967,-121.5828,114
36.6897,-108.3086,84
34.1981,-101.7461,76
32.9203,-94.7225,94
32.8964,-107.3078,119
37.9931,-100.8122,114
30.7053,-104.0233,61
38.4917,-122.1242,58
41.2986,-80.7647,831
39.0303,-76.9314,51
32.2631,-96.6369,84
40.7131,-79.5144,51
34.6603,-82.8236,58
31.9497,-91.2336,38
45.4825,-120.7236,71
35.0489,-97.9158,81
33.0642,-101.0489,99
33.4692,-88.7822,56
26.5581,-99.1372,51
42.9592,-120.7897,61
33.4258,-111.9217,94
34.5697,-93.1947,53
44.6342,-123.1900,53
40.5764,-105.0858,15
38.9408,-95.3397,43
35.3886,-106.5439,104
31.6003,-97.2169,325
34.1647,-88.7239,56
31.0619,-94.1011,51
18.2583,-65.9922,74
44.1183,-121.2103,69
33.6731,-111.1508,107
28.7156,-97.1742,51
