32.0997,-91.7022,250
34.8358,-99.4239,294
35.0322,-97.9144,272
41.1453,-85.4897,161
35.1867,-102.0797,228
63.9033,-152.2817,33
36.3558,-97.1531,211
34.9897,-99.0528,244
38.7386,-87.4878,228
35.6528,-96.8042,228
29.6211,-96.3661,333
34.5872,-99.3381,261
35.8819,-83.9572,256
36.0286,-99.3464,272
41.0267,-86.5867,211
33.7092,-93.5564,272
34.5519,-96.7178,261
44.8831,-85.6753,183
34.8083,-98.0233,239
34.5289,-97.7647,267
40.4719,-74.4364,239
36.6897,-108.3086,239
34.7156,-97.2292,261
42.0208,-93.7742,144
35.8417,-98.5261,250
34.7392,-90.7664,267
34.6089,-96.3331,239
35.1714,-96.6311,256
32.8986,-80.0403,239
35.5461,-99.7278,267
36.3444,-88.8636,222
36.0642,-97.2128,244
35.9986,-97.0481,250
35.1297,-89.8036,261
39.3669,-101.7000,194
34.1925,-86.7972,228
36.8314,-99.6411,300
36.2253,-90.0750,350
45.4825,-120.7236,228
34.3997,-98.3458,278
35.1489,-98.4658,250
38.9422,-92.3200,206
43.2828,-123.3536,156
41.8161,-80.4250,139
34.6856,-99.8333,256
31.0383,-85.8708,300
31.8769,-105.2369,300
34.2392,-98.7444,261
35.7197,-86.9653,178
46.7281,-116.9558,183
44.6342,-123.1900,194
35.6214,-88.8456,217
40.1100,-87.9567,211
36.1167,-97.6067,244
34.6892,-86.8819,200
35.5483,-98.0364,233
33.3867,-97.7164,250
36.3842,-98.1114,244
36.2872,-88.2958,267
44.2394,-95.3153,189
35.8989,-98.9603,244
36.1472,-97.2858,256
34.5658,-96.9503,267
40.7833,-81.9167,167
35.2050,-99.8033,294
34.9819,-97.5208,239
44.9847,-93.1772,233
34.1647,-88.7239,211
35.2722,-97.9553,244
36.7256,-99.1422,256
34.3325,-96.6789,239
32.4714,-87.2314,250
35.5083,-98.7750,250
36.4119,-97.6939,233
35.1228,-99.3600,261
33.9208,-96.3203,244
36.1903,-99.0403,256
34.1381,-88.9983,211
38.4931,-88.9703,200
32.2061,-90.5133,222
36.2633,-98.4975,250
33.8936,-97.2692,294
35.2006,-103.6867,250
35.4017,-99.0583,261
36.8981,-96.9103,239
34.9678,-97.9519,250
31.4269,-94.8942,178
40.0739,-87.5067,239
34.1864,-90.5572,278
36.7925,-97.7458,228
34.4397,-99.1375,283
35.8489,-97.4797,244
33.8103,-91.2778,222
34.7281,-90.3683,278
39.8058,-90.8236,172
36.3925,-89.0317,256
34.5989,-103.2161,244
35.1131,-89.2122,256
31.3706,-100.4942,239
36.1056,-82.8436,200
36.4711,-86.8414,239
34.3086,-95.9969,267
35.2358,-97.4647,217
34.7986,-96.6692,278
34.7675,-106.7611,283
34.1922,-97.0858,239
39.4833,-83.8500,194
32.8472,-97.4761,239
35.5914,-99.2706,272
34.2281,-97.2014,272
40.8142,-85.1547,228
38.5350,-121.7761,300
36.7481,-98.3628,272
47.0575,-109.9514,167
35.4842,-98.4814,272
30.5467,-87.8808,272
36.7081,-98.7094,261
35.3647,-96.9481,206
34.9142,-98.2922,244
34.8494,-97.0031,244
36.9869,-99.0108,278
41.4439,-86.9294,256
45.5900,-95.8744,239
37.3822,-102.2986,156
35.5419,-97.3414,239
63.9647,-145.1050,0
32.8978,-90.8853,311
33.2422,-103.3611,217
34.7292,-98.5694,283
42.1397,-87.7853,211
36.0908,-106.0567,161
36.4231,-99.4167,267
34.1678,-97.9883,289
36.1208,-97.0953,244
35.9328,-88.7267,278
40.2539,-85.1483,244
40.9361,-90.7197,222
33.4692,-88.7822,233
35.8542,-97.9544,256
36.7542,-97.2544,239
35.6872,-90.0964,256
39.7194,-76.8028,250
32.4219,-93.6381,244
44.0708,-93.5264,200
34.1936,-97.5881,272
34.0356,-96.9433,250
35.0708,-96.3561,244
45.6750,-111.1550,128
39.3925,-101.0689,211
35.4139,-86.8086,161
31.2353,-88.9186,278
39.4708,-87.4081,217
36.0719,-99.9031,278
36.0147,-85.1314,144
