18.1747,-66.7978,42
40.7264,-122.7947,39
38.8586,-99.3358,365
43.8544,-116.4664,26
36.9969,-119.7072,89
40.7142,-122.4161,63
33.8300,-88.5214,61
36.4711,-86.8414,29
36.1056,-82.8436,43
42.9592,-120.7897,40
39.0303,-76.9314,53
40.6117,-122.5281,6
31.6164,-94.6431,26
34.1864,-90.5572,63
43.8083,-111.7892,291
34.5822,-119.9817,53
40.1739,-101.0611,82
31.8769,-105.2369,85
42.1397,-87.7853,34
40.5764,-105.0858,29
36.4622,-116.8669,1035
34.5697,-93.1947,23
30.8408,-89.5453,2
39.0172,-92.7558,13
37.5147,-122.0325,175
40.7833,-81.9167,53
32.8964,-107.3078,121
33.7542,-99.1442,274
35.1131,-89.2122,23
34.7281,-90.3683,34
38.4917,-122.1242,50
47.7283,-104.1467,82
33.7092,-93.5564,0
45.9228,-108.2444,121
39.1172,-95.4097,200
46.8706,-68.0172,68
35.1297,-89.8036,24
39.2475,-96.5994,140
30.0689,-94.2928,93
40.2233,-86.1086,43
18.0331,-67.0722,114
40.1550,-103.1417,200
18.2583,-65.9922,6
35.6214,-88.8456,35
35.8819,-83.9572,26
38.4661,-101.7758,103
43.4033,-103.2683,103
35.7197,-86.9653,26
34.6033,-104.3811,134
34.9881,-120.3211,98
31.3706,-100.4942,216
26.8400,-81.0872,220
41.9342,-88.7756,92
33.4692,-88.7822,40
41.0267,-86.5867,31
42.1231,-111.3133,140
37.3822,-102.2986,137
36.3444,-88.8636,10
40.0892,-99.2133,108
35.4139,-86.8086,45
37.7617,-117.5658,219
38.9408,-95.3397,72
32.8242,-95.5275,76
43.5492,-71.4647,48
36.0147,-85.1314,40
44.1183,-121.2103,50
35.6872,-90.0964,66
30.2003,-92.6642,51
39.9614,-86.0586,27
46.6722,-120.4994,34
38.4931,-122.0047,71
42.3806,-96.9575,14
32.8522,-95.8864,72
45.6911,-118.8522,105
61.5664,-149.2542,42
32.2822,-106.7597,103
34.5989,-103.2161,204
35.2006,-103.6867,18
33.0642,-101.0489,166
41.4439,-86.9294,92
42.7467,-71.0425,14
33.1481,-95.6269,0
47.6811,-117.6267,24
34.1647,-88.7239,34
36.5508,-114.4581,132
33.1461,-107.1842,121
39.3925,-101.0689,146
44.8831,-85.6753,167
40.2539,-85.1483,55
26.5581,-99.1372,132
35.0489,-97.9158,167
25.8175,-80.2858,126
31.9497,-91.2336,3
44.3089,-85.2050,85
38.0047,-120.4864,66
30.7053,-104.0233,77
36.6897,-108.3086,79
32.4219,-93.6381,69
37.9931,-100.8122,212
29.6211,-96.3661,58
32.3378,-89.0817,32
46.7281,-116.9558,50
34.1381,-88.9983,27
32.9203,-94.7225,48
41.4903,-71.5431,89
