35.2333,-101.7089,1
37.4389,-105.8614,1
41.6117,-90.5808,1
38.0517,-102.1317,1
42.0500,-91.5881,1
41.8833,-91.7167,1
40.3603,-111.8972,1
41.2211,-96.7775,1
46.6803,-92.9542,1
44.3592,-89.8369,1
38.4600,-109.8214,1
37.9272,-100.7247,1
44.6103,-92.6100,1
39.8958,-105.3847,1
39.0725,-95.6261,1
41.3044,-95.3844,1
40.0803,-95.5919,1
42.2553,-88.0769,1
41.0103,-103.8769,1
41.1519,-104.8061,1
38.6656,-96.9494,1
33.6228,-111.9106,1
42.3653,-93.0972,1
38.5050,-107.8975,1
41.6328,-91.5431,1
44.9958,-88.3786,1
43.1533,-93.1981,1
39.3669,-101.7000,1
31.4208,-110.8458,1
37.3031,-108.6275,1
41.1042,-97.3094,1
44.5483,-95.0803,1
43.1653,-95.1467,1
42.5544,-92.4011,1
39.7750,-105.1169,1
40.0489,-107.8853,1
41.5944,-109.0528,1
40.0575,-106.3681,1
40.5764,-105.0858,1
39.7086,-116.0494,1
47.5808,-98.6422,1
41.5461,-98.5331,1
44.2769,-88.4378,1
40.2042,-95.7064,1
36.1067,-112.0947,1
37.5811,-106.1869,1
42.1128,-92.9175,1
43.4075,-94.7461,1
44.6381,-90.1875,1
42.3161,-90.2269,1
37.7086,-113.0944,1
36.0167,-102.5500,1
40.6331,-93.9019,1
42.0494,-90.7489,1
38.9617,-101.1664,1
43.1406,-89.3453,1
41.8700,-98.5494,1
32.3336,-104.2581,1
41.1522,-104.8056,1
43.7700,-88.4864,1
41.1944,-104.7125,1
41.7175,-97.0031,1
38.7550,-109.7542,1
39.3756,-99.8297,1
39.2942,-96.9264,1
40.5756,-105.0236,1
35.1822,-103.6031,1
40.8289,-115.7886,1
42.7364,-97.4969,1
38.9031,-103.0192,1
41.3197,-96.3672,1
30.9119,-102.9167,1
46.6447,-88.4811,1
37.0286,-112.5367,1
43.8789,-91.2528,1
45.9647,-94.8892,1
38.3306,-96.1897,1
36.2967,-99.7689,1
39.8328,-104.6575,1
42.1928,-89.0931,1
39.7197,-105.2472,1
42.1106,-104.9492,1
41.8553,-90.9200,1
39.0292,-104.8017,1
44.4983,-88.1111,1
41.1758,-91.8183,1
41.8108,-90.5406,1
43.1544,-93.3269,1
41.9950,-87.9336,1
45.0100,-93.3792,1
41.3119,-105.6747,1
37.7608,-99.9683,1
38.0494,-103.5122,1
38.2900,-104.4983,1
41.1431,-96.4808,1
42.4086,-90.7325,1
41.8450,-96.7142,1
39.1894,-103.7158,1
42.9919,-97.8703,1
42.9203,-112.5711,1
43.7694,-87.8506,1
43.1561,-90.6775,1
38.7667,-104.3000,1
41.9922,-93.6217,1
33.3075,-104.5083,1
38.3706,-110.7153,1
40.4953,-107.5211,1
45.8678,-95.3942,1
40.4350,-105.0850,1
41.6650,-91.9978,1
39.0083,-95.2117,1
41.0625,-96.0069,1
38.2797,-104.5214,1
44.8831,-93.2289,1
38.8317,-94.8897,1
38.4331,-96.5578,1
39.5264,-107.7264,1
42.3978,-90.7036,1
34.3942,-104.2503,1
41.1500,-105.1667,1
44.8322,-93.4706,1
45.5644,-84.7928,1
46.6650,-88.3750,1
43.5139,-112.0125,1
43.2119,-90.1814,1
40.3706,-95.7469,1
42.8750,-112.4444,1
43.5439,-93.8422,1
43.8225,-91.1914,1
41.8056,-107.1997,1
41.8264,-96.0506,1
42.8975,-106.4636,1
37.9806,-105.6897,1
36.6817,-101.5053,1
40.4767,-99.8861,1
33.6542,-101.8136,1
42.3914,-96.3792,1
45.8081,-96.5042,1
41.1586,-96.1922,1
33.5281,-101.8761,1
35.0281,-110.7208,1
41.3536,-96.2094,1
39.9919,-105.2667,1
40.9656,-105.2186,1
42.5844,-110.1075,1
43.7667,-88.4669,1
39.1353,-96.6778,1
38.7075,-112.9539,1
46.5311,-87.5483,1
41.3103,-95.8992,1
39.0722,-95.6303,1
41.4653,-90.5233,1
40.9319,-103.8678,1
33.4278,-112.0039,1
45.0619,-93.3508,1
46.9728,-92.8700,1
39.2447,-102.2842,1
40.0503,-101.5325,1
35.6950,-101.3950,1
42.8917,-112.4086,1
43.9042,-92.4917,1
42.7972,-105.3856,1
41.2731,-111.0306,1
45.6308,-89.4653,1
43.4231,-95.1394,1
35.9461,-112.1547,1
31.8111,-106.3758,1
30.3703,-103.7808,1
43.9844,-88.5569,1
44.9319,-93.0556,1
40.6044,-98.4272,1
40.0225,-95.7883,1
36.4486,-103.1539,1
41.6628,-111.1861,1
41.7947,-90.2639,1
40.8508,-96.7475,1
41.6117,-90.5817,1
43.3456,-111.7847,1
41.9872,-98.0747,1
44.9258,-89.6256,1
42.2792,-91.5250,1
46.4794,-84.3572,1
38.6308,-96.6717,1
41.7636,-96.1778,1
44.8664,-91.4878,1
39.2953,-114.8467,1
46.1817,-84.6014,1
