36.3200,-115.7000,266
36.7200,-106.2600,251
43.8000,-114.8500,360
43.7600,-116.1000,250
35.7700,-105.7800,96
36.5100,-106.3200,13
40.3000,-111.2600,313
43.7600,-115.2400,358
43.7300,-113.8300,296
39.1900,-120.2600,290
39.3600,-106.0600,345
36.2500,-115.6300,194
39.2900,-117.1100,325
36.8600,-106.2300,31
46.2400,-117.3900,269
44.2100,-110.6700,306
44.7900,-116.0900,251
38.4000,-119.5400,361
35.9200,-106.3900,165
48.7200,-116.4600,31
41.4000,-107.2600,172
36.1900,-105.5600,51
40.8300,-111.7600,148
36.0300,-106.8100,0
36.0700,-105.6300,259
36.9600,-106.6600,162
35.3400,-111.6500,286
36.7900,-105.2400,267
39.4300,-120.3100,32
36.0000,-106.8300,284
40.5300,-106.7800,209
36.3100,-115.6800,175
39.8000,-106.0300,230
36.9900,-105.2600,159
36.1300,-105.5300,225
44.3800,-116.3400,8
39.3100,-111.4300,296
35.7800,-105.5400,109
