33.7392,-88.1275,2
-37.8586,145.6532,2
35.8489,-97.4797,6
-27.6956,152.9408,2
43.2278,-110.4358,2
45.1111,-87.6117,6
36.7481,-98.3628,2
42.3833,-85.3828,2
44.9131,-73.8222,2
18.0836,-66.6547,2
-14.4589,132.2572,8
-27.4983,153.0337,2
46.0625,-122.2042,2
46.7858,-121.7425,4
21.3356,-157.7114,2
-34.0703,151.1512,2
44.9094,-72.8083,2
40.5003,-75.2044,6
21.3933,-157.9750,3
36.1208,-97.0953,6
35.8417,-98.5261,2
18.4653,-67.0525,2
36.3558,-97.1531,2
47.6422,-110.6681,3
46.3675,-124.0378,2
-36.4722,148.6232,7
35.9664,-93.4197,16
