35.7047,-101.5492,30
26.8400,-81.0872,48
30.8408,-89.5453,41
30.2003,-92.6642,23
21.3153,-157.9992,23
31.0372,-97.5283,719
26.3769,-98.8117,25
32.2822,-106.7597,51
39.7506,-92.5064,0
34.1647,-88.7239,0
37.5147,-122.0325,18
28.4675,-98.2525,41
32.8522,-95.8864,0
35.6414,-106.3322,38
33.7092,-93.5564,0
38.5350,-121.7761,10
18.0331,-67.0722,33
40.6117,-122.5281,8
28.6575,-96.5553,20
34.9881,-120.3211,25
32.8242,-95.5275,28
32.6406,-96.9747,28
36.5508,-114.4581,53
32.7547,-104.3836,61
18.0258,-66.5253,41
40.1100,-87.9567,0
40.7264,-122.7947,10
30.7931,-94.1819,8
26.5581,-99.1372,28
41.4439,-86.9294,0
29.6211,-96.3661,30
43.5492,-71.4647,0
35.3886,-106.5439,41
31.0619,-94.1011,66
29.8608,-98.1958,25
32.2631,-96.6369,43
36.9969,-119.7072,10
31.6003,-97.2169,13
35.1161,-93.6506,0
38.4931,-122.0047,8
34.6603,-82.8236,23
32.8964,-107.3078,66
32.4219,-93.6381,112
30.7189,-97.3211,38
28.0372,-97.8725,41
31.9497,-91.2336,0
31.9611,-96.6881,33
18.2583,-65.9922,69
31.6164,-94.6431,5
30.0689,-94.2928,33
31.9633,-98.4942,48
31.3625,-85.3397,0
33.0353,-96.4861,0
32.9203,-94.7225,74
33.6731,-111.1508,51
45.9228,-108.2444,0
36.4622,-116.8669,43
26.2656,-97.8714,38
38.0633,-102.9297,33
37.7967,-121.5828,33
31.3706,-100.4942,53
38.0047,-120.4864,18
38.4917,-122.1242,18
35.4072,-104.1906,38
32.2683,-101.4858,71
31.2022,-93.5725,56
29.4608,-101.0286,66
33.0642,-101.0489,58
39.0744,-96.8983,13
32.9506,-97.0553,64
33.1461,-107.1842,66
33.4258,-111.9217,20
34.5822,-119.9817,25
33.1481,-95.6269,10
30.7053,-104.0233,56
37.1503,-104.5567,28
28.4575,-97.7061,127
33.3192,-95.6039,28
36.2403,-106.4278,33
25.8175,-80.2858,69
33.6772,-93.9903,5
30.6836,-97.7172,38
28.7156,-97.1742,30
40.7142,-122.4161,18
32.6475,-97.4439,38
27.4272,-80.4053,0
