42.3833,-85.3828,28
-34.0703,151.1512,12
18.0836,-66.6547,20
47.6422,-110.6681,28
44.9131,-73.8222,15
36.3558,-97.1531,3
21.3933,-157.9750,18
-27.4983,153.0337,584
46.7858,-121.7425,292
-36.4722,148.6232,260
46.3675,-124.0378,43
35.8417,-98.5261,3
36.7481,-98.3628,3
46.0625,-122.2042,53
-14.4589,132.2572,570
45.1111,-87.6117,0
35.8489,-97.4797,175
36.1208,-97.0953,107
21.3356,-157.7114,33
43.2278,-110.4358,5
40.5003,-75.2044,56
-37.8586,145.6532,106
-27.6956,152.9408,462
44.9094,-72.8083,41
18.4653,-67.0525,135
