32.5667,-117.1167,1410
30.0494,-90.0289,1322
43.9906,-70.9475,1945
45.6194,-121.1661,522
34.2008,-119.2069,1445
64.7767,-141.1483,1145
38.9286,-90.4281,1045
35.0169,-80.6206,938
38.3000,-76.4167,151
41.3461,-82.1794,2132
37.7461,-97.2211,953
39.7333,-77.4333,950
41.6764,-70.9583,1350
42.2333,-83.5333,2123
36.7414,-104.5022,1854
41.2531,-70.0608,1037
31.3558,-85.7511,1602
44.3592,-89.8369,1446
37.3278,-95.5042,900
41.6264,-80.2150,1520
60.1283,-149.4167,2044
61.2169,-149.8550,1019
64.5500,-149.0717,225
36.9839,-77.0075,1056
40.0681,-118.5692,311
38.8761,-98.8092,1735
41.0089,-74.7367,1101
26.5361,-81.7550,1422
64.3267,-158.7417,2306
41.9097,-70.7294,1335
42.6958,-73.1708,528
42.6425,-77.0564,832
41.6686,-70.2800,827
33.6361,-91.7556,2350
59.7494,-154.9089,2207
37.0911,-95.5664,1008
39.9369,-91.1919,1326
41.4525,-87.0058,1536
40.8764,-74.2831,12
42.5519,-71.7558,841
32.5428,-93.7450,1806
41.2639,-72.8872,58
62.3200,-150.0950,1428
47.5303,-122.3008,426
42.1094,-77.9919,258
34.9869,-81.0575,1654
40.8436,-72.6322,942
41.0731,-71.9233,505
36.3333,-119.9500,1304
33.4050,-118.4158,1546
44.5483,-95.0803,2153
40.8217,-72.8689,821
42.4092,-83.0100,2133
35.6169,-106.0889,1505
41.5631,-83.4764,1823
30.7797,-86.5225,1318
38.6956,-121.5897,2243
27.9106,-82.6875,56
40.1203,-76.2944,926
44.6381,-90.1875,1221
32.7667,-97.4500,1554
38.4167,-113.0167,1512
46.4167,-86.6500,1407
47.9078,-122.2803,1106
38.7642,-87.6056,1910
45.8183,-88.1144,1106
66.9161,-151.5089,2249
41.5333,-71.2833,1530
28.4736,-82.4544,948
17.7028,-64.8056,1108
48.5222,-123.0231,1203
40.6161,-83.0636,2123
42.4167,-87.8667,1552
70.6392,-159.9950,2350
31.9514,-85.1289,1545
35.9333,-79.0642,1009
18.3331,-64.9667,1320
41.8678,-84.0794,2102
44.3675,-71.5450,1232
46.0261,-91.4442,1140
41.5175,-81.6836,2236
24.5833,-81.6833,1944
41.5092,-74.2650,1012
36.8167,-76.0333,34
18.2550,-65.6408,1312
31.4156,-87.0442,2347
40.2383,-75.5572,903
35.5144,-108.7939,1406
48.1203,-123.4983,1444
38.8983,-119.9947,1457
32.8167,-115.6833,1108
28.0622,-81.7542,7
39.7556,-82.6572,1706
30.4000,-81.4167,330
18.4325,-66.0108,1550
31.6072,-110.4281,1630
63.9944,-145.7214,2234
46.5486,-90.9189,1207
55.5800,-133.0750,1126
47.4933,-122.2144,2341
35.1822,-103.6031,2105
39.4781,-88.2803,1319
59.4556,-135.3239,1523
37.7064,-112.1456,1343
60.7850,-148.8389,2241
47.2675,-122.5761,1133
35.8550,-77.8931,16
35.0028,-105.6628,1221
39.9181,-76.8742,242
67.7317,-164.5483,1240
30.6264,-88.0681,1331
38.3083,-75.1239,902
30.5069,-86.9597,1529
37.1319,-76.4930,1212
41.7361,-72.6506,1349
22.0333,-159.7833,1717
39.8344,-88.8656,1323
39.5936,-84.2264,1245
41.2003,-74.6231,1022
39.1033,-84.4189,1111
30.7044,-87.0231,1454
37.7081,-77.4344,1122
39.4900,-121.6183,2158
34.9000,-76.8833,808
42.8050,-72.0036,830
41.3931,-70.6150,1327
39.3667,-75.0667,111
31.3928,-92.2956,1921
41.5097,-72.8278,1452
32.4833,-80.7167,54
41.6875,-69.9933,904
34.7000,-77.3833,903
7.3333,134.4833,1222
35.9403,-89.8308,2358
46.1442,-115.5964,2150
70.1917,-148.4772,2350
43.2781,-70.9222,1105
59.4433,-151.7017,1749
30.3433,-89.8222,2322
40.6239,-74.6694,211
31.8456,-86.6108,2215
55.3567,-131.7117,1432
59.2433,-135.5094,2122
41.0375,-81.4642,2153
39.3644,-84.5247,1143
47.0339,-120.5303,1503
45.8258,-119.2611,1236
47.4667,-87.8833,1244
36.7436,-108.2292,1455
40.8500,-74.0614,32
38.5000,-77.3000,33
36.6950,-76.1356,941
31.1500,-92.9667,1343
41.7781,-80.6958,2313
32.5500,-88.5667,2326
41.7419,-72.1836,746
56.6000,-169.5650,2251
38.7667,-104.3000,1508
42.6003,-123.3642,1928
48.7167,-94.6000,1936
47.3864,-92.8389,2233
45.8678,-95.3942,24
42.2228,-83.7444,1552
39.2775,-120.7103,809
43.9636,-69.7117,1413
35.1350,-90.2344,2355
34.2097,-118.4892,1643
43.6264,-72.3047,1443
34.6719,-82.8864,0
41.3714,-73.4828,1244
58.3567,-134.5639,1131
39.1208,-94.5969,1333
41.9144,-88.2464,1538
41.8756,-71.0211,1342
46.4047,-94.1308,1105
33.3000,-117.3500,319
34.1167,-119.1167,1249
44.8322,-93.4706,1013
61.1689,-150.0278,2154
47.7472,-90.3444,2
42.6650,-83.4181,2031
29.5622,-91.5256,1506
47.1686,-88.4889,1243
40.0819,-75.0111,942
43.3497,-76.3847,1441
40.8731,-81.8867,2123
31.3500,-85.6667,1534
39.4203,-83.8217,1303
34.7917,-79.3661,1204
7.4500,151.8333,1010
34.8461,-82.3461,1614
44.5761,-71.1786,1520
37.1681,-97.0369,2301
40.1606,-113.3508,1419
31.0425,-86.3117,1836
43.1644,-95.2017,256
6.9667,158.2167,1229
62.9614,-141.9292,1238
57.0481,-135.3647,1428
42.9333,-71.4383,1034
39.9492,-74.8417,313
42.5700,-72.2911,1237
60.4889,-145.4511,2253
45.4622,-69.5953,1321
42.4933,-79.2722,2352
40.0781,-83.0781,2048
62.1592,-145.4589,2004
30.3503,-81.8831,1339
60.5797,-151.2392,1154
39.4167,-118.7167,231
42.4700,-71.2894,1420
35.6875,-117.6931,2126
42.1208,-87.9047,1206
38.9833,-76.4667,41
47.4569,-115.6450,1455
41.7700,-88.4814,1455
38.9503,-95.6639,1330
36.9500,-76.2833,156
31.5883,-110.3442,1623
40.7342,-73.4169,102
45.0619,-93.3508,949
40.8206,-76.8642,916
29.3331,-89.4075,2358
42.1594,-76.8919,706
42.7172,-71.1239,15
40.0228,-82.4625,1751
42.1908,-71.1736,1242
66.0689,-162.7639,859
41.3275,-72.0494,1404
41.0669,-73.7075,233
41.7872,-111.8533,820
47.2381,-123.1408,1740
42.4272,-73.2892,1127
43.9844,-88.5569,1441
44.9319,-93.0556,943
61.5961,-149.0917,1807
38.0653,-97.8606,1048
41.0467,-78.4117,1021
42.5708,-77.7133,19
61.1781,-149.9664,1114
32.7000,-117.2000,1355
42.1578,-72.7161,416
40.3547,-79.9217,1229
35.1967,-81.1558,1321
27.5000,-97.8167,1306
30.7167,-87.0167,1425
41.1961,-112.0114,1030
40.3300,-75.1225,841
30.2333,-81.6667,305
41.3497,-71.7989,1520
41.7861,-87.7522,1103
40.2172,-76.8514,442
27.6833,-97.2833,1431
42.5842,-70.9175,1422
44.0219,-82.7931,2020
48.3500,-122.6667,432
9.4833,138.0833,1125
70.2117,-151.0017,2341
30.4000,-86.4717,1926
32.8667,-117.1333,1548
31.4000,-93.2833,2059
43.2339,-75.4117,1125
39.6092,-110.7547,1253
30.4636,-88.5319,1232
39.2956,-80.2289,1229
35.6542,-105.1419,1701
46.9006,-95.0678,1636
36.1336,-80.2222,858
43.1072,-78.9453,1535
38.1417,-76.4292,312
34.2486,-82.1592,1621
59.6419,-151.4908,2319
41.0136,-83.6686,2112
36.0467,-79.4769,13
