43.9378,-69.4636,33
49.8361,-100.8767,28
40.7707,-79.9385,0
45.1864,-85.1478,0
35.8381,-78.5597,0
49.8599,-97.1128,13
46.3526,-61.0776,0
38.7575,-120.6046,0
34.2835,-86.9144,0
40.5472,-105.0749,0
44.3552,-72.4554,0
39.0432,-79.0496,0
35.4049,-78.6810,0
40.1526,-84.4613,0
44.4991,-63.5264,163
42.2107,-70.8904,5
29.5201,-95.0560,0
46.3118,-116.0553,0
38.1842,-85.5314,0
42.5973,-74.5931,13
40.7739,-84.0800,0
44.8720,-69.4203,56
38.3401,-107.0943,0
42.9962,-82.4643,0
44.2781,-103.8092,0
39.1607,-77.9885,0
45.1715,-67.0816,211
37.7847,-79.9165,0
40.8123,-72.7718,0
39.5362,-76.5446,0
42.1587,-78.4905,5
40.3038,-103.1114,0
34.6544,-86.5617,0
41.3493,-75.7714,0
47.5857,-122.6092,0
46.4667,-63.9892,112
44.8353,-122.6836,0
49.8922,-97.0283,18
44.4412,-90.1289,0
42.1070,-84.6260,0
51.1240,-104.9917,38
42.4675,-71.4820,5
41.6425,-86.0415,48
41.9286,-74.0195,0
35.5813,-88.8306,3
35.3782,-88.5490,13
37.7892,-120.7518,0
44.4171,-72.2350,18
42.4000,-88.7424,0
35.6263,-82.6763,0
41.8026,-75.6972,0
42.0044,-87.8460,0
45.4788,-122.7692,0
33.9837,-83.1378,0
43.6394,-108.2133,13
39.5462,-104.9655,0
37.9705,-80.7667,0
41.4088,-81.7448,0
42.5110,-76.9155,0
40.2970,-74.0015,0
46.7985,-96.1218,8
43.9917,-79.6778,0
42.8370,-78.7433,3
45.4681,-122.6813,0
43.2909,-72.8326,23
41.6225,-86.2163,33
44.0390,-122.8500,0
42.4921,-70.8758,0
41.2008,-81.3389,8
44.5987,-85.4843,0
40.0781,-88.2537,0
41.0578,-75.0796,0
45.8608,-84.7197,0
29.5111,-95.0919,0
42.7590,-71.5370,0
45.6745,-118.8079,0
43.8981,-72.1377,8
45.4067,-68.4359,43
42.1739,-88.2993,0
45.7139,-89.4215,0
42.8253,-85.5894,0
38.3299,-97.7787,0
36.5245,-92.7520,0
40.8796,-74.2270,0
42.0478,-91.5743,0
41.2949,-75.8682,0
45.4818,-91.1468,0
41.4681,-87.9378,0
36.7207,-86.0349,0
45.8802,-123.2946,0
46.4698,-63.4920,61
47.2227,-93.4960,0
34.6614,-86.5575,0
36.1544,-80.4055,0
39.6490,-104.7758,0
30.8176,-83.8965,0
39.9575,-78.5638,0
40.6262,-74.6535,0
45.2082,-93.6528,5
44.1583,-108.8705,15
46.3094,-61.0760,0
43.0520,-77.2570,175
43.2115,-71.4143,28
44.5187,-72.3028,43
39.7140,-86.4090,0
43.0553,-92.3204,8
40.2124,-105.0426,0
41.3262,-82.4920,0
34.9542,-86.4506,0
44.7029,-106.3261,0
44.7825,-108.6879,13
39.1746,-75.5132,0
43.5375,-81.3964,8
40.4407,-105.0619,0
45.0350,-93.1862,18
44.6654,-94.8544,3
36.4843,-80.9996,0
45.2753,-62.7127,18
47.1369,-93.5666,3
42.2469,-83.0804,0
45.5075,-66.0986,104
39.3723,-112.3339,0
43.8668,-70.1507,20
44.5179,-92.2237,0
35.1885,-86.1167,0
35.5344,-77.3821,0
43.1848,-71.5186,8
41.8161,-80.4250,0
39.8847,-82.6431,0
45.8596,-91.5771,0
42.9409,-87.9823,0
35.5909,-82.5549,0
39.4582,-107.1839,0
42.4717,-79.3336,0
50.1377,-99.7340,8
41.9351,-75.0784,3
38.6639,-77.9756,0
40.2001,-82.7732,0
41.2986,-104.8278,0
44.0800,-99.1300,0
39.2325,-94.7805,25
38.9052,-104.8491,0
35.6345,-117.9782,0
40.7494,-96.5928,0
44.9145,-93.6992,13
46.9589,-95.6472,8
43.9237,-70.2579,15
42.8167,-106.4108,0
44.9100,-93.2890,13
44.5358,-69.6029,51
38.7835,-104.8293,0
47.3714,-102.7606,5
39.9660,-105.5125,0
43.5695,-116.3248,0
39.7647,-84.6338,0
52.2915,-104.5762,0
40.3417,-80.1229,0
45.4000,-123.1830,0
40.4712,-88.6196,0
47.7130,-118.9412,0
40.8656,-74.3851,0
35.5681,-87.6280,0
39.4195,-77.2905,0
43.1764,-78.6834,41
51.2522,-106.5403,23
36.3465,-82.2365,0
34.6286,-86.5561,0
42.8264,-106.3988,0
40.5759,-105.0858,0
42.6038,-76.1637,3
43.5570,-91.5130,13
43.6532,-107.3734,20
40.2286,-74.6472,0
44.6310,-72.2800,23
43.1923,-123.4387,0
41.4644,-81.0652,0
45.9973,-110.6622,8
34.7058,-86.7503,0
40.7623,-74.9719,0
41.5264,-90.5858,0
43.5370,-110.8250,3
44.3592,-72.6964,0
40.3833,-105.1390,0
45.3950,-93.0181,15
41.1779,-89.6493,0
39.9420,-83.8051,0
45.4505,-98.5086,0
53.5972,-105.7361,8
39.6249,-75.7861,0
36.1520,-115.3396,0
42.4650,-92.3410,3
38.3339,-104.7898,0
42.6732,-85.6801,0
34.8057,-86.2483,0
46.9312,-91.9428,5
40.3978,-80.0967,0
50.1475,-95.8902,18
34.1649,-95.5431,0
44.8745,-123.0444,0
43.5868,-99.7114,0
47.4021,-79.6765,0
34.1257,-88.0405,3
41.5019,-86.3851,0
39.4617,-104.8911,0
40.5998,-105.1151,0
44.1756,-72.7961,15
35.1537,-106.2848,0
44.2964,-99.2597,0
44.4181,-106.5889,41
35.3007,-77.6762,0
42.1880,-87.9590,0
40.2843,-105.1608,0
44.0415,-92.0882,30
39.7811,-78.4334,0
46.0272,-66.6746,112
45.6578,-111.0272,13
40.2077,-75.3522,0
46.5673,-87.6869,0
43.1425,-80.0696,0
48.8511,-97.7775,0
41.4996,-87.9603,0
43.1070,-71.6171,15
43.2161,-77.9525,5
41.5067,-87.5248,0
40.5938,-91.1467,0
43.1269,-86.2431,64
44.9095,-67.1268,168
46.8293,-97.2617,0
46.1326,-91.4050,0
44.9846,-93.3744,10
40.5949,-98.4270,0
47.2602,-96.2577,0
44.8233,-92.9389,18
35.9831,-84.0442,0
34.7806,-86.8644,0
42.8972,-85.7791,3
44.7683,-94.1558,10
42.9900,-73.8000,0
36.2132,-81.3574,0
44.6053,-72.3094,8
46.7098,-94.1880,10
38.8274,-75.4303,0
48.2619,-114.1556,0
45.4340,-122.5036,0
43.6037,-70.9867,0
38.4082,-82.4443,0
29.7210,-98.1655,0
44.4677,-87.9735,0
39.6552,-75.7619,0
53.1295,-105.8125,10
44.2321,-80.7061,0
39.8446,-75.6386,0
40.8398,-74.5432,0
43.8737,-80.1343,0
42.8403,-84.4197,0
55.4900,-107.9236,8
42.4788,-73.2738,20
42.8181,-106.3455,0
40.0136,-86.2901,0
32.2918,-85.1893,0
36.0532,-80.6028,0
38.6418,-77.7672,0
44.9663,-93.8489,10
43.6293,-65.7999,33
39.6427,-106.5179,0
43.5200,-71.8190,15
41.0233,-100.3669,0
44.9720,-72.1478,13
47.7657,-122.3001,0
35.7799,-79.1244,0
38.1617,-85.8566,0
41.3728,-88.8415,0
37.1306,-80.5720,0
41.7136,-89.3247,0
41.3940,-79.4131,0
41.9062,-87.7819,0
32.1154,-81.2509,0
45.3147,-64.4289,71
45.1702,-91.2361,0
34.5434,-112.3764,0
40.7912,-78.0118,3
41.7814,-88.0674,0
44.3200,-90.8300,0
43.4394,-71.5373,5
50.4826,-104.6385,36
41.3221,-105.5837,0
39.6490,-80.7382,0
43.3544,-70.4795,5
39.4854,-79.3183,15
46.6488,-92.1944,10
46.7138,-93.2885,13
46.4779,-108.4165,0
35.6887,-81.7860,0
41.3315,-88.3141,0
44.4136,-74.1521,13
36.0512,-83.9862,0
43.7440,-70.4890,13
47.6013,-122.6043,0
41.1134,-82.3036,0
42.9705,-78.8284,0
37.6702,-91.8739,0
42.1460,-71.3794,0
41.0483,-93.9496,0
46.8201,-109.7935,0
33.1637,-96.6851,0
36.2347,-86.3817,0
42.3917,-72.7384,0
41.5177,-90.6072,0
42.6353,-85.7611,0
49.1971,-100.1496,10
41.2233,-85.0570,0
49.8996,-97.1875,13
39.5186,-104.9492,0
47.8771,-97.0581,13
39.9965,-76.7533,0
39.0974,-77.0487,0
44.7914,-93.2304,3
45.1019,-64.4144,94
48.6770,-100.8026,23
39.7109,-74.9679,0
31.1200,-81.9300,0
32.7904,-105.8204,0
38.9811,-76.7811,0
39.2323,-106.0516,0
42.5336,-75.6306,5
38.8319,-107.9670,0
39.4202,-84.1493,0
45.6648,-63.0094,81
46.5189,-66.2667,165
45.6018,-94.1991,8
41.2939,-111.9580,0
42.5455,-74.1475,0
43.7434,-92.3065,5
39.8947,-105.0646,112
45.4060,-122.8780,0
42.6536,-85.7597,5
40.1043,-105.1605,0
40.4099,-74.5730,0
33.7476,-84.7452,0
46.3841,-95.3622,20
46.8822,-113.9044,0
42.7767,-71.7799,3
49.8631,-97.2622,15
45.1940,-67.3225,107
46.2507,-119.3197,0
39.5936,-75.0692,0
44.3606,-72.8077,25
43.6312,-84.1943,0
32.9881,-97.3932,0
43.2471,-75.2775,10
45.9217,-64.5150,117
38.0156,-87.6449,48
29.5139,-95.0919,0
41.3928,-75.6411,0
43.6465,-81.7074,51
44.2832,-83.4992,0
49.7791,-124.3371,0
36.2163,-81.5885,0
47.5017,-64.9355,173
35.2596,-92.4054,0
44.7518,-63.7910,109
44.3425,-92.9792,5
43.8567,-70.4664,13
40.5933,-111.7922,0
43.6711,-70.4410,30
40.7926,-96.6348,3
44.5164,-122.9171,0
48.5050,-121.4800,0
45.7169,-65.4622,64
45.6063,-122.5104,0
36.3350,-96.0975,0
40.0584,-79.2616,23
44.7579,-93.2567,15
46.6046,-90.6492,0
47.0880,-91.6241,0
41.0521,-83.5773,0
35.3933,-82.8140,0
36.1192,-83.2694,0
44.0917,-93.2138,10
42.5088,-72.6973,0
43.4201,-72.0910,15
42.4516,-76.0437,3
45.0043,-65.1169,94
45.9190,-66.6269,97
45.9290,-66.6283,109
38.7840,-76.5362,0
29.4854,-98.6561,0
39.0326,-75.5169,0
50.4158,-96.6091,33
29.7409,-97.6802,0
40.5035,-88.9682,0
44.6394,-63.5998,165
45.5416,-122.6401,0
45.7904,-66.1473,79
44.7208,-93.1497,15
52.1381,-106.5720,33
40.7715,-96.6689,0
37.6627,-81.0903,3
43.0853,-71.5442,3
39.7444,-99.2155,0
39.9757,-78.4087,5
46.9934,-65.5069,152
36.9544,-86.3366,0
45.2213,-109.2124,23
36.2788,-95.1996,508
38.9315,-94.8865,0
45.9770,-66.8682,185
48.4535,-89.2239,0
37.5990,-101.2911,0
48.9536,-54.6186,33
44.7910,-75.3822,5
48.2647,-96.8703,15
38.6049,-89.9685,0
42.9141,-71.6102,0
39.4745,-83.8361,0
41.5324,-84.8853,0
38.8423,-80.2723,3
34.6444,-86.5056,0
38.3833,-81.8344,0
40.5091,-74.8549,3
42.8095,-106.3315,0
41.5417,-87.2715,0
38.3017,-85.5674,0
45.1994,-95.0057,3
40.2835,-78.8901,8
32.4066,-96.3347,0
43.2862,-71.6043,5
43.1876,-70.8685,13
44.6826,-63.8602,74
39.0589,-92.4370,0
34.7981,-86.7047,0
42.7112,-87.8457,0
44.2051,-93.6780,13
42.7864,-76.7034,15
36.5869,-93.2692,0
37.2003,-93.2740,0
41.1977,-80.9721,0
41.0589,-83.1127,0
46.4490,-96.7280,3
34.9842,-83.3917,0
44.8622,-92.6312,5
44.5125,-78.3606,0
44.6532,-85.6640,3
40.1152,-86.4551,0
43.4794,-80.5354,3
42.7198,-73.9304,3
32.3772,-86.2575,0
48.7748,-104.5670,0
38.7850,-87.1553,0
43.6306,-70.7142,8
38.3455,-120.7719,0
44.3216,-69.7574,46
41.2800,-85.4729,0
41.2571,-77.0085,0
43.7222,-70.2990,10
37.9018,-88.9341,0
40.0496,-84.9474,0
39.9223,-104.9554,0
38.6169,-77.9696,0
45.1187,-95.0551,5
50.0786,-98.1029,5
37.3480,-108.5596,0
32.3191,-90.0806,0
44.6833,-70.2642,36
44.0412,-80.6893,0
42.6509,-78.6106,3
45.4141,-93.6919,13
40.5358,-94.8879,0
49.5196,-96.6794,13
46.4457,-63.3121,69
39.4712,-118.7915,0
47.6720,-65.0911,109
43.3439,-91.6443,3
43.8324,-70.1200,23
42.7856,-72.7695,5
44.6569,-93.2839,13
33.4387,-88.8695,0
40.5342,-75.0559,0
40.0014,-77.1089,0
39.5996,-104.1751,0
37.9663,-103.5443,0
45.0713,-64.4857,66
42.9300,-74.6264,8
44.2143,-70.5405,91
41.4068,-85.6952,8
45.9220,-116.1260,51
45.0309,-92.8420,5
44.6463,-68.5027,41
42.9734,-70.9195,8
41.0890,-74.5399,0
42.3805,-82.1949,0
45.0406,-93.4195,10
40.0945,-88.1282,0
38.2872,-81.7874,0
38.2210,-84.8175,0
44.6503,-68.4992,51
45.5312,-92.9711,8
45.1226,-93.4579,5
46.8153,-92.0637,3
44.8687,-93.3394,10
40.6872,-74.8575,0
44.8403,-92.6350,8
39.5404,-104.9123,0
43.6911,-80.6535,0
29.5120,-95.0994,0
49.6725,-96.5814,20
34.0151,-81.1920,0
39.4041,-79.3722,15
48.7094,-118.7214,0
43.8705,-93.3036,13
43.0961,-79.0281,20
27.9855,-81.7902,0
46.2084,-119.1658,0
44.8199,-69.2175,58
42.5970,-82.1781,0
37.2492,-93.9439,0
42.2845,-83.0346,0
42.9008,-88.5862,0
39.3428,-82.0964,0
41.6048,-75.2833,0
45.2575,-109.2264,18
35.1614,-83.3078,0
41.1623,-81.5037,5
43.1499,-71.5565,5
38.7873,-82.9779,0
45.5971,-122.4186,0
41.3160,-81.1434,13
35.8840,-85.0450,0
40.6259,-105.0621,0
38.9669,-95.2967,0
53.6050,-105.8944,8
45.4899,-74.6457,5
45.3608,-63.2682,122
45.9807,-93.2541,5
44.4136,-68.5873,53
39.7674,-78.4844,0
41.9221,-111.8193,0
42.8339,-79.9298,0
41.4673,-90.1818,0
40.7447,-111.8677,0
44.0308,-107.4509,10
45.1613,-109.2911,23
45.0792,-64.2711,102
41.5193,-87.9193,0
44.3320,-70.2685,0
40.5665,-75.9862,0
46.4025,-94.4631,8
46.8131,-92.0556,0
46.4168,-98.7875,0
41.6874,-87.7911,0
36.1470,-81.6258,0
34.2024,-78.0948,0
61.6185,-149.1258,0
41.1338,-85.0307,0
43.4356,-71.5069,0
29.6849,-95.2197,0
44.8228,-65.3178,20
39.4722,-105.3913,0
44.7104,-63.7331,165
45.1395,-93.4207,13
36.2184,-81.6720,0
34.6389,-86.5436,0
42.9632,-78.8669,0
44.3358,-72.9842,30
44.8382,-92.9359,15
35.7373,-83.9132,0
36.1713,-84.7917,0
36.2528,-81.9136,3
44.9769,-106.8475,0
46.5824,-90.8839,0
43.8885,-70.2944,13
41.2942,-81.2316,0
44.8122,-106.9763,0
42.8316,-74.1152,0
40.5083,-74.8152,0
45.0641,-66.8216,97
44.7323,-92.4060,10
40.3503,-86.4867,0
42.5019,-92.4418,3
40.9519,-74.1577,0
40.9142,-91.4293,0
43.6763,-70.4604,18
44.1964,-88.3307,0
44.5654,-106.9281,74
41.9864,-91.6339,0
38.9433,-119.1916,0
44.7591,-123.2325,0
44.6115,-74.9719,23
41.2098,-81.3548,8
42.8532,-90.7086,0
40.5510,-105.0664,0
42.8988,-72.5235,0
39.1692,-85.2361,0
43.8583,-71.2597,3
41.8991,-106.2002,0
40.0403,-82.7980,0
44.5014,-68.2208,66
48.0125,-123.1709,0
39.2142,-84.1716,0
43.1594,-70.7546,51
45.6907,-109.7173,0
49.9092,-97.0199,8
36.1648,-81.6055,0
40.5355,-82.5628,0
42.2658,-85.8619,10
45.7169,-92.9257,10
34.5360,-92.7651,0
40.0815,-104.9459,0
44.7878,-105.2674,0
40.9982,-96.9093,3
44.9247,-93.2494,13
53.3290,-106.1377,10
49.4005,-97.3142,3
34.7917,-86.7239,0
36.2010,-81.8710,3
45.9896,-66.5918,89
44.9305,-92.9249,13
33.9554,-86.5439,0
40.5462,-74.5287,0
43.3367,-72.0606,8
36.4671,-93.7370,0
44.6698,-64.8526,130
51.5694,-107.2341,36
41.5007,-79.8497,0
39.6513,-75.8856,0
41.2812,-84.3454,0
40.9234,-73.3305,0
44.1511,-94.7852,0
44.0277,-69.5686,3
46.9162,-60.4946,51
48.5544,-58.6185,5
41.3297,-86.3568,0
42.2794,-72.7870,0
41.5401,-90.4492,0
44.5981,-72.9188,71
38.6331,-109.4104,0
40.4697,-106.8139,0
41.6470,-73.8970,0
45.5276,-122.2880,0
41.7346,-88.2391,0
38.4849,-92.4041,0
44.5103,-109.0994,5
43.6695,-116.2653,0
44.8829,-93.2583,3
43.9873,-81.1033,0
49.8299,-99.9746,15
44.2612,-94.9922,0
38.9902,-77.0081,0
43.3472,-72.6968,10
31.8142,-93.0856,0
41.0105,-95.8890,0
36.6725,-83.1678,0
41.8183,-86.3423,61
39.6679,-104.9440,0
48.8485,-117.6283,0
42.0826,-75.9912,0
35.3620,-85.3797,0
45.6686,-122.6862,0
41.3677,-81.7018,0
40.5460,-105.0731,0
40.0488,-76.6948,0
29.5110,-95.0898,0
41.6846,-73.7205,0
51.9130,-101.4930,5
43.9930,-66.1468,94
44.8000,-69.1684,53
38.6205,-87.1359,0
30.4144,-97.7664,0
42.9980,-88.0238,0
42.4093,-86.0481,18
36.4003,-84.8954,0
40.0905,-104.7986,0
39.6011,-105.9773,0
38.8592,-96.1058,0
37.0169,-94.4925,0
47.3638,-120.2284,0
46.4238,-94.3033,5
43.4800,-71.5500,5
42.9542,-81.4349,3
39.1516,-77.2368,0
34.8050,-86.7619,0
40.1282,-82.5158,0
39.5982,-80.2452,3
44.8844,-94.8188,127
44.8344,-93.0358,13
45.2012,-93.6658,13
48.1810,-117.1712,0
29.2650,-81.0472,0
46.8818,-64.1973,86
37.7398,-89.8603,0
44.5738,-106.9022,71
44.1128,-71.1396,5
35.9695,-84.3855,0
43.3085,-87.9848,0
39.3929,-74.6248,0
42.9000,-75.8114,13
40.4754,-106.8085,0
34.1109,-109.9003,0
42.4970,-71.7750,0
35.4606,-81.3296,0
40.6064,-74.8710,0
45.6357,-110.4331,10
42.4310,-83.3819,0
45.5519,-116.3028,0
29.5037,-95.1023,0
41.3139,-105.5774,0
49.5171,-96.7356,119
44.8559,-92.6127,10
38.9539,-92.3381,8
40.7176,-96.6208,3
38.1208,-76.3651,0
42.9880,-85.8103,0
37.3996,-119.7381,0
36.3772,-85.8983,0
39.3542,-101.6996,0
45.7267,-65.5286,94
44.6658,-70.0272,33
41.2050,-82.8380,8
35.6874,-88.8809,0
38.9294,-77.3608,0
44.7246,-63.8192,107
35.6283,-108.7928,0
43.4868,-70.4347,8
43.7051,-99.3773,0
36.1967,-86.6055,0
40.0591,-105.1717,0
33.6239,-117.6275,0
40.6834,-74.5731,0
41.5997,-85.0895,3
47.1556,-53.4722,0
44.8913,-93.3141,5
44.2354,-71.7388,23
47.1656,-91.6195,3
62.2272,-150.0731,0
40.4624,-90.7452,0
41.5090,-71.1590,0
39.0400,-108.5210,0
45.3825,-63.2281,122
44.0866,-103.3701,0
41.8633,-89.2257,0
46.6028,-95.7984,10
45.4174,-83.8106,0
44.7586,-72.1168,8
39.3859,-104.8529,0
44.3541,-66.1026,102
46.2853,-96.0663,10
42.8966,-76.6727,5
41.4089,-87.3899,0
37.9661,-87.5371,0
44.2132,-69.3416,109
44.3882,-71.2695,33
40.1800,-74.0520,0
40.9436,-74.1523,0
43.0143,-70.8811,13
44.7584,-108.7769,28
41.6235,-90.3514,0
45.4943,-110.2250,10
40.6317,-75.1045,8
37.1499,-93.3310,0
39.1223,-77.8187,0
39.5768,-78.8498,3
43.3194,-88.1681,0
43.4437,-76.4052,30
43.8977,-78.8744,10
39.3979,-94.7526,13
39.8626,-74.1410,0
44.6900,-75.4920,8
42.2998,-83.7392,3
45.4232,-76.0453,0
47.7446,-122.5097,0
42.8230,-86.0678,38
46.1661,-113.0853,15
44.3835,-69.1425,61
42.8918,-88.1423,0
40.2647,-87.6656,0
45.6138,-111.0566,13
35.1426,-89.9210,0
39.7197,-105.2472,0
45.0707,-92.8085,5
47.4669,-121.6806,0
38.9167,-77.1822,0
31.8449,-102.4858,0
38.7338,-120.7110,0
39.4109,-104.2391,0
46.2508,-63.3342,81
42.0038,-89.9389,0
47.3635,-68.3479,99
36.2247,-92.2874,0
46.7544,-117.0005,0
44.0397,-92.4375,5
44.6427,-63.6043,140
42.9864,-78.8706,5
42.8785,-72.3383,0
37.5059,-77.1753,0
44.5292,-109.0755,13
46.2583,-95.7147,5
38.3029,-104.7910,0
44.8345,-73.0656,38
40.0891,-97.1959,0
44.9324,-94.6955,3
35.0114,-86.8392,0
45.9689,-94.3772,8
44.9047,-107.1687,15
45.0336,-123.4277,0
40.3189,-79.3894,10
43.8028,-81.1838,10
43.5949,-71.7414,0
34.2917,-83.3236,0
41.7010,-84.9867,5
42.8475,-95.7024,0
44.6209,-106.8029,58
46.9386,-90.8349,0
38.7845,-76.0739,0
28.1669,-81.8219,0
39.4034,-107.1066,0
39.4819,-106.0325,0
50.1784,-100.4396,5
43.6107,-73.0466,20
44.6877,-94.0384,20
42.5597,-87.8566,0
43.5658,-70.9430,0
43.0438,-73.9300,8
32.2529,-80.7350,0
47.0653,-91.6761,0
43.3117,-71.1351,10
36.4590,-81.1525,0
35.8628,-86.2398,13
42.2180,-112.6360,0
29.4944,-95.1036,0
