35.5931,-88.9167,1
38.9597,-94.3714,1
39.2972,-94.7306,1
35.2578,-93.0947,1
37.7797,-89.2497,1
35.4156,-91.6469,1
35.4033,-92.3828,1
34.6525,-86.9453,1
36.7725,-90.3247,1
36.1189,-86.6892,1
39.7736,-94.9233,1
33.2208,-92.8142,1
33.7367,-90.7444,1
36.3689,-92.4703,1
37.9878,-89.1931,1
32.3206,-90.0778,1
36.2667,-93.1567,1
38.0408,-84.6058,1
36.4811,-92.2442,1
38.7042,-93.1833,1
38.8500,-94.7392,1
34.7272,-92.2389,1
38.1847,-84.9033,1
38.9000,-77.2664,1
38.3306,-96.1897,1
36.6239,-87.4194,1
33.5872,-85.8556,1
37.2597,-91.4278,1
35.8311,-90.6464,1
34.6439,-86.7861,1
40.0972,-92.5433,1
37.2353,-93.4003,1
36.8781,-91.9025,1
38.8317,-94.8897,1
36.9647,-86.4239,1
30.7342,-85.0306,1
34.9833,-76.3000,1
36.0236,-84.2375,1
38.5911,-92.1558,1
38.0442,-87.5206,1
35.1803,-86.0925,1
38.7525,-90.3736,1
38.6572,-90.6558,1
44.5647,-91.6719,1
37.0683,-88.7719,1
48.2553,-101.2733,1
37.2253,-89.5706,1
38.5714,-90.1572,1
33.5656,-86.7450,1
39.0083,-95.2117,1
38.1311,-91.7683,1
44.2667,-71.2994,1
38.1811,-85.7392,1
35.0564,-89.9864,1
37.0683,-88.7725,1
38.8169,-92.2183,1
34.7442,-87.5997,1
34.8364,-92.2619,1
35.9508,-85.0814,1
38.9917,-88.1828,1
