32.3367,-90.2214,1
37.2253,-89.5706,1
38.9286,-90.4281,1
44.4683,-73.1500,1
29.7333,-85.0333,1
40.4847,-80.2144,1
35.4344,-119.0542,1
36.3189,-119.6289,1
44.3853,-74.2067,1
34.0500,-94.4008,1
38.3650,-82.5550,1
41.1583,-73.1289,1
42.9550,-87.9044,1
45.5511,-122.4089,1
46.1569,-123.8825,1
41.4333,-99.6333,1
33.9381,-118.3889,1
35.8922,-78.7819,1
26.9172,-81.9914,1
34.7442,-87.5997,1
36.1625,-97.0894,1
42.3075,-85.2511,1
34.6439,-86.7861,1
46.8706,-68.0172,1
13.4836,144.7961,1
31.8311,-104.8089,1
42.8914,-73.2469,1
37.6928,-121.8144,1
40.6675,-89.6839,1
40.1764,-80.6472,1
30.7044,-87.0231,1
37.0872,-84.0769,1
34.0158,-118.4514,1
27.6531,-80.2428,1
32.7100,-96.2672,1
42.5417,-113.7661,1
29.9933,-90.2511,1
15.1167,145.7167,1
32.8978,-97.0189,1
30.5108,-99.7664,1
28.5453,-81.3331,1
43.1561,-90.6775,1
33.3075,-104.5083,1
26.1658,-97.3458,1
35.8311,-90.6464,1
35.6567,-95.3614,1
61.1689,-150.0278,1
39.0431,-84.6717,1
43.1953,-71.5011,1
32.6636,-97.0939,1
31.2361,-94.7544,1
33.9753,-117.6361,1
39.1353,-96.6778,1
41.1783,-78.8989,1
46.6056,-111.9636,1
31.5883,-110.3442,1
36.7725,-90.3247,1
39.7736,-94.9233,1
36.8781,-91.9025,1
44.2033,-72.5794,1
34.6525,-86.9453,1
40.3161,-78.8339,1
41.3336,-75.7269,1
61.1781,-149.9664,1
44.7978,-68.8186,1
44.3206,-69.7972,1
37.9406,-75.4631,1
39.2972,-94.7306,1
44.9358,-74.8458,1
