27.4981,-80.3767,1
41.7806,-122.4717,1
33.0375,-116.9158,1
44.2558,-121.1392,1
48.4608,-119.5167,1
46.7439,-117.1086,1
38.3650,-82.5550,1
42.9550,-87.9044,1
42.1469,-121.7242,1
42.8939,-85.5447,1
47.5303,-122.3008,1
45.4558,-98.4131,1
46.9253,-96.8111,1
32.6847,-83.6528,1
32.3500,-91.0278,1
38.6956,-121.5897,1
41.4333,-99.6333,1
33.9381,-118.3889,1
33.4669,-82.0386,1
25.9069,-80.2803,1
47.9742,-117.4283,1
33.3644,-81.9633,1
13.4836,144.7961,1
31.8311,-104.8089,1
47.6831,-117.3214,1
47.3078,-119.5153,1
40.7833,-91.1253,1
31.5358,-82.5067,1
37.0872,-84.0769,1
27.6531,-80.2428,1
41.9950,-87.9336,1
47.2078,-119.3192,1
33.1281,-117.2794,1
43.7694,-87.8506,1
42.3811,-122.8722,1
41.4914,-120.5644,1
44.8831,-93.2289,1
30.4844,-81.7019,1
26.1969,-80.1708,1
27.7628,-82.6261,1
33.6542,-101.8136,1
33.9486,-81.1186,1
44.3592,-84.6739,1
46.2667,-119.1167,1
33.9753,-117.6361,1
27.9619,-82.5403,1
34.0561,-117.6003,1
43.2389,-123.3547,1
39.1019,-121.5678,1
41.3325,-122.3328,1
31.5356,-84.1944,1
45.6308,-89.4653,1
47.6217,-117.5281,1
43.9844,-88.5569,1
47.3978,-120.2014,1
28.7797,-81.2436,1
