39.3600,-106.0600,34
36.3100,-115.6800,27
41.4000,-107.2600,54
38.4000,-119.5400,87
39.1900,-120.2600,168
35.3400,-111.6500,35
48.7200,-116.4600,114
36.7200,-106.2600,38
40.5300,-106.7800,31
36.9600,-106.6600,37
36.1900,-105.5600,21
36.8600,-106.2300,19
36.5100,-106.3200,10
44.7900,-116.0900,100
36.0300,-106.8100,32
40.3000,-111.2600,62
36.0700,-105.6300,35
36.2500,-115.6300,42
36.9900,-105.2600,32
36.0000,-106.8300,24
36.7900,-105.2400,32
39.3100,-111.4300,93
43.7600,-115.2400,63
36.1300,-105.5300,21
35.7700,-105.7800,40
44.2100,-110.6700,79
35.9200,-106.3900,25
41.2300,-105.3800,17
43.8000,-114.8500,89
39.2900,-117.1100,48
44.3800,-116.3400,63
39.8000,-106.0300,49
39.4300,-120.3100,59
40.8300,-111.7600,56
