-35.8096,137.7920,4
48.6236,-93.8992,4
20.8136,-156.1186,4
-37.4652,145.2637,2
39.7425,-94.0347,2
37.5339,-83.3492,4
45.9247,-86.4436,3
32.4111,-87.0144,2
-34.9617,117.3567,4
43.1994,-85.7717,4
44.7281,-75.4442,5
-34.5961,118.5519,2
40.9317,-109.4117,4
20.7603,-156.2469,16
-42.7414,147.0489,2
34.1517,-99.3256,4
-42.3367,146.7475,2
42.4292,-71.4425,3
-41.1494,146.6033,2
48.5119,-122.6136,3
-37.9695,141.3077,3
-41.3567,146.1739,2
36.8825,-83.8819,2
40.9886,-94.7492,2
-38.4191,146.9656,6
46.2642,-87.5150,3
-34.4417,116.9944,3
-42.3883,147.0061,2
-38.6000,143.6000,2
-33.6789,122.3311,2
21.3933,-157.9750,4
-43.0433,147.8667,3
-34.7233,117.3494,3
-33.6309,150.2940,2
-35.0960,138.7887,4
-37.3770,142.8110,4
29.0361,-80.9181,2
-41.4656,146.6703,2
47.3389,-91.1958,3
43.9158,-83.0831,8
-37.2698,144.7230,3
33.7158,-108.7769,4
-42.9272,147.2517,2
-42.9700,147.3303,3
-42.3961,146.4897,4
-42.3958,147.3042,2
-42.5853,147.9142,2
