33.7542,-99.1442,127
39.3925,-101.0689,85
44.8831,-85.6753,117
25.8175,-80.2858,45
35.6872,-90.0964,32
38.4931,-122.0047,76
34.8219,-89.4347,27
32.8964,-107.3078,87
35.2006,-103.6867,116
37.9931,-100.8122,164
40.2539,-85.1483,72
39.2475,-96.5994,34
46.6722,-120.4994,13
46.0436,-118.4628,51
39.8114,-99.9386,175
33.7092,-93.5564,47
38.5200,-89.8467,18
32.8242,-95.5275,79
44.3089,-85.2050,89
35.7197,-86.9653,40
40.6117,-122.5281,18
30.0689,-94.2928,95
34.1381,-88.9983,23
26.8400,-81.0872,140
36.9969,-119.7072,55
40.2842,-109.8611,150
38.0047,-120.4864,64
39.0303,-76.9314,69
33.0642,-101.0489,163
31.6164,-94.6431,32
45.9228,-108.2444,89
38.4917,-122.1242,68
31.3706,-100.4942,130
42.7467,-71.0425,13
39.1172,-95.4097,111
30.2003,-92.6642,50
33.1461,-107.1842,82
41.9342,-88.7756,60
40.1167,-76.4333,101
34.7281,-90.3683,16
43.8083,-111.7892,47
35.7047,-101.5492,248
35.1161,-93.6506,0
27.4272,-80.4053,72
34.6033,-104.3811,82
43.5492,-71.4647,113
45.4825,-120.7236,270
36.8047,-107.6214,60
35.4139,-86.8086,64
36.4711,-86.8414,55
45.7206,-118.6264,114
40.0892,-99.2133,72
26.5581,-99.1372,0
32.4219,-93.6381,45
30.7931,-94.1819,55
34.5697,-93.1947,8
38.8586,-99.3358,129
36.0147,-85.1314,29
18.2583,-65.9922,5
42.1231,-111.3133,79
36.5508,-114.4581,106
46.8706,-68.0172,79
41.0267,-86.5867,37
39.9000,-98.0256,108
42.9592,-120.7897,64
36.6897,-108.3086,77
31.2022,-93.5725,66
32.8522,-95.8864,60
32.9203,-94.7225,68
39.0422,-108.4664,97
61.5664,-149.2542,61
36.4622,-116.8669,1196
30.7053,-104.0233,39
64.8569,-147.8611,40
39.0172,-92.7558,6
38.7978,-99.7231,121
45.6911,-118.8522,90
37.7617,-117.5658,153
35.6214,-88.8456,39
33.1481,-95.6269,74
46.7047,-92.5253,42
40.1550,-103.1417,130
37.3822,-102.2986,159
36.1056,-82.8436,42
30.8408,-89.5453,13
31.8456,-99.5606,87
38.9408,-95.3397,24
34.1647,-88.7239,43
34.5822,-119.9817,77
40.1739,-101.0611,82
40.7142,-122.4161,66
40.7264,-122.7947,42
31.8769,-105.2369,55
40.5764,-105.0858,55
37.5147,-122.0325,241
40.7833,-81.9167,130
39.4031,-99.4192,53
43.4033,-103.2683,79
38.4661,-101.7758,129
34.5989,-103.2161,172
35.8819,-83.9572,29
34.1864,-90.5572,18
47.0575,-109.9514,291
42.1397,-87.7853,23
41.4439,-86.9294,82
40.0839,-88.2403,19
34.9881,-120.3211,97
35.1131,-89.2122,24
42.9536,-112.8253,272
42.3806,-96.9575,5
39.9614,-86.0586,42
35.0489,-97.9158,79
44.0622,-103.4819,45
39.6619,-99.1228,35
32.2822,-106.7597,48
40.2233,-86.1086,37
35.1297,-89.8036,26
35.3872,-76.7764,135
29.6211,-96.3661,48
43.0431,-96.9033,50
39.5039,-98.3150,100
