18.1747,-66.7978,39
31.2022,-93.5725,66
40.7264,-122.7947,42
38.8586,-99.3358,129
36.9969,-119.7072,55
40.7142,-122.4161,66
36.4711,-86.8414,55
47.0575,-109.9514,291
40.0839,-88.2403,19
42.9536,-112.8253,272
36.1056,-82.8436,42
42.9592,-120.7897,64
40.2842,-109.8611,150
39.9000,-98.0256,108
39.0303,-76.9314,69
39.8114,-99.9386,175
40.6117,-122.5281,18
43.0431,-96.9033,50
31.6164,-94.6431,32
34.1864,-90.5572,18
46.0436,-118.4628,51
43.8083,-111.7892,47
34.5822,-119.9817,77
40.1739,-101.0611,82
35.3872,-76.7764,135
31.8769,-105.2369,55
42.1397,-87.7853,23
45.7206,-118.6264,114
40.5764,-105.0858,55
36.4622,-116.8669,1196
34.5697,-93.1947,8
30.8408,-89.5453,13
39.0172,-92.7558,6
37.5147,-122.0325,241
40.7833,-81.9167,130
32.8964,-107.3078,87
33.7542,-99.1442,127
35.1131,-89.2122,24
34.7281,-90.3683,16
30.7931,-94.1819,55
38.4917,-122.1242,68
33.7092,-93.5564,47
45.9228,-108.2444,89
39.1172,-95.4097,111
46.8706,-68.0172,79
35.1297,-89.8036,26
39.2475,-96.5994,34
30.0689,-94.2928,95
40.2233,-86.1086,37
40.1550,-103.1417,130
18.2583,-65.9922,5
35.6214,-88.8456,39
35.8819,-83.9572,29
64.8569,-147.8611,40
44.0622,-103.4819,45
38.4661,-101.7758,129
43.4033,-103.2683,79
35.7197,-86.9653,40
34.6033,-104.3811,82
36.8047,-107.6214,60
34.9881,-120.3211,97
31.3706,-100.4942,130
26.8400,-81.0872,140
41.9342,-88.7756,60
41.0267,-86.5867,37
42.1231,-111.3133,79
37.3822,-102.2986,159
40.0892,-99.2133,72
35.4139,-86.8086,64
38.7978,-99.7231,121
37.7617,-117.5658,153
39.0422,-108.4664,97
38.9408,-95.3397,24
32.8242,-95.5275,79
43.5492,-71.4647,113
36.0147,-85.1314,29
35.6872,-90.0964,32
30.2003,-92.6642,50
39.5039,-98.3150,100
39.9614,-86.0586,42
38.5200,-89.8467,18
46.6722,-120.4994,13
35.7047,-101.5492,248
38.4931,-122.0047,76
31.8456,-99.5606,87
42.3806,-96.9575,5
40.1167,-76.4333,101
32.8522,-95.8864,60
45.6911,-118.8522,90
61.5664,-149.2542,61
35.1161,-93.6506,0
32.2822,-106.7597,48
34.5989,-103.2161,172
35.2006,-103.6867,116
33.0642,-101.0489,163
41.4439,-86.9294,82
42.7467,-71.0425,13
33.1481,-95.6269,74
34.1647,-88.7239,43
36.5508,-114.4581,106
33.1461,-107.1842,82
39.3925,-101.0689,85
44.8831,-85.6753,117
40.2539,-85.1483,72
26.5581,-99.1372,0
34.8219,-89.4347,27
35.0489,-97.9158,79
25.8175,-80.2858,45
39.6619,-99.1228,35
44.3089,-85.2050,89
38.0047,-120.4864,64
30.7053,-104.0233,39
39.4031,-99.4192,53
36.6897,-108.3086,77
32.4219,-93.6381,45
37.9931,-100.8122,164
29.6211,-96.3661,48
46.7047,-92.5253,42
27.4272,-80.4053,72
34.1381,-88.9983,23
45.4825,-120.7236,270
32.9203,-94.7225,68
41.4903,-71.5431,117
