34.5989,-103.2161,167
35.6214,-88.8456,239
25.8175,-80.2858,378
45.6911,-118.8522,211
38.8586,-99.3358,111
42.3806,-96.9575,256
38.0047,-120.4864,228
40.7142,-122.4161,300
38.6450,-95.5661,317
37.1503,-104.5567,250
36.8047,-107.6214,206
37.7967,-121.5828,322
34.9881,-120.3211,311
46.0436,-118.4628,261
33.7092,-93.5564,322
35.0489,-97.9158,283
47.0575,-109.9514,39
37.0683,-88.7725,233
48.4983,-109.8014,50
39.0303,-76.9314,217
40.2539,-85.1483,200
46.6722,-120.4994,239
36.4622,-116.8669,306
39.4031,-99.4192,261
35.4139,-86.8086,283
43.5492,-71.4647,-178
41.4439,-86.9294,161
40.2233,-86.1086,167
33.6731,-111.1508,222
38.7403,-104.3994,111
45.9228,-108.2444,67
42.9592,-120.7897,250
43.8544,-116.4664,222
40.1167,-76.4333,200
37.9050,-93.3169,144
38.4917,-122.1242,250
40.6117,-122.5281,283
28.4675,-98.2525,350
39.0744,-96.8983,133
32.2822,-106.7597,194
40.4750,-86.9919,189
40.1739,-101.0611,100
39.6619,-99.1228,250
36.4711,-86.8414,267
29.4608,-101.0286,328
36.5508,-114.4581,217
37.6967,-93.7722,183
26.5581,-99.1372,217
34.5822,-119.9817,256
34.0828,-106.8831,167
30.7053,-104.0233,228
33.7542,-99.1442,272
35.2006,-103.6867,244
38.4931,-122.0047,289
34.8847,-99.2964,261
26.8400,-81.0872,350
36.9969,-119.7072,-178
39.3925,-101.0689,100
38.5350,-121.7761,156
34.7675,-106.7611,167
39.0422,-108.4664,189
39.8114,-99.9386,256
30.2003,-92.6642,306
41.9342,-88.7756,189
39.9000,-98.0256,167
44.1183,-121.2103,144
35.4072,-104.1906,72
38.4661,-101.7758,261
37.7617,-117.5658,194
