36.3200,-115.7000,45
36.7200,-106.2600,72
43.8000,-114.8500,35
43.7600,-116.1000,81
35.7700,-105.7800,20
36.5100,-106.3200,30
40.3000,-111.2600,80
43.7600,-115.2400,29
43.7300,-113.8300,43
39.1900,-120.2600,94
39.3600,-106.0600,28
36.2500,-115.6300,62
39.2900,-117.1100,46
36.8600,-106.2300,14
46.2400,-117.3900,46
44.2100,-110.6700,47
44.7900,-116.0900,44
38.4000,-119.5400,50
35.9200,-106.3900,37
48.7200,-116.4600,60
41.4000,-107.2600,54
36.1900,-105.5600,59
40.8300,-111.7600,39
36.0300,-106.8100,33
36.0700,-105.6300,18
36.9600,-106.6600,89
35.3400,-111.6500,59
36.7900,-105.2400,88
39.4300,-120.3100,33
36.0000,-106.8300,38
40.5300,-106.7800,40
36.3100,-115.6800,45
39.8000,-106.0300,333
36.9900,-105.2600,34
36.1300,-105.5300,29
44.3800,-116.3400,38
39.3100,-111.4300,73
35.7800,-105.5400,1
