37.6694,-79.2775,1
30.5892,-96.3647,1
29.6381,-95.2819,1
41.1519,-104.8061,1
44.2667,-71.2994,1
25.5819,-80.4361,1
41.6331,-103.9542,1
46.1569,-123.8825,1
25.9989,-80.2411,1
42.8733,-110.9075,1
19.7192,-155.0531,1
46.9733,-122.9033,1
41.8056,-107.1997,1
46.0139,-102.6547,1
31.1417,-93.2397,1
27.7839,-97.5108,1
40.1667,-103.2167,1
40.5756,-105.0236,1
42.8375,-103.0953,1
41.4014,-102.3464,1
38.0583,-83.9333,1
42.0647,-104.1528,1
39.1894,-103.7158,1
29.5189,-95.2417,1
41.4581,-100.5986,1
35.2100,-99.1200,1
55.5800,-133.0750,1
37.5794,-81.3264,1
46.6056,-111.9636,1
35.6967,-80.6228,1
33.6542,-101.8136,1
34.8822,-95.7831,1
38.0700,-102.6881,1
29.7036,-98.0281,1
37.5333,-82.5833,1
41.1944,-104.7125,1
30.4781,-87.1869,1
34.6081,-79.0592,1
36.7386,-103.9936,1
45.9353,-107.1375,1
39.5719,-103.2922,1
33.9786,-98.4928,1
44.6500,-73.4667,1
44.4683,-73.1500,1
47.5303,-122.3008,1
41.8031,-78.6403,1
37.1025,-82.8047,1
29.2733,-94.8592,1
28.8614,-96.9303,1
33.2061,-97.1989,1
35.2372,-120.6414,1
70.3289,-149.6114,1
32.6636,-97.0939,1
29.3389,-98.4719,1
44.5344,-72.6144,1
39.3669,-101.7000,1
37.5339,-83.3492,1
37.1431,-107.7597,1
40.4506,-107.5894,1
27.4981,-80.3767,1
32.9733,-97.3181,1
41.5944,-109.0528,1
29.9506,-94.0206,1
40.5100,-101.6200,1
35.8517,-97.4142,1
46.8750,-111.1633,1
47.4444,-122.3139,1
34.5467,-93.5781,1
30.7439,-95.5861,1
35.4111,-80.5833,1
41.4086,-102.9661,1
38.1872,-80.1336,1
32.8339,-97.2975,1
38.0264,-107.6725,1
30.4119,-89.0808,1
37.2039,-80.4144,1
30.1250,-93.2158,1
29.1097,-95.4619,1
30.0375,-91.8839,1
44.2033,-72.5794,1
25.6475,-80.4331,1
29.7333,-85.0333,1
26.1658,-97.3458,1
40.1100,-87.9567,1
45.5464,-100.4078,1
47.0036,-114.4781,1
20.8997,-156.4286,1
41.2544,-80.6739,1
33.1803,-96.5903,1
39.7197,-105.2472,1
32.0311,-96.3989,1
45.8864,-104.5478,1
37.3208,-79.2067,1
56.3511,-133.6264,1
35.8100,-80.8808,1
42.9461,-78.8367,1
38.8100,-104.6883,1
44.3206,-69.7972,1
31.3347,-92.5586,1
41.0233,-100.3669,1
32.8192,-97.3614,1
32.6808,-96.8681,1
38.0781,-96.8878,1
43.3456,-111.7847,1
42.1608,-71.2461,1
29.1828,-81.0483,1
36.0394,-95.9844,1
25.5011,-80.5500,1
30.6794,-88.2397,1
41.0103,-103.8769,1
29.6919,-82.2756,1
40.5453,-102.3411,1
38.0517,-102.1317,1
47.2142,-113.5203,1
32.8519,-96.8556,1
30.0675,-95.5561,1
44.3394,-105.5419,1
38.8050,-83.4356,1
43.7331,-103.6114,1
38.9111,-101.5853,1
30.3975,-84.3289,1
45.8069,-108.5422,1
41.1014,-102.9847,1
30.3961,-84.3556,1
37.8131,-100.3456,1
46.7994,-102.7972,1
42.0425,-101.0458,1
30.7406,-98.2353,1
42.8975,-106.4636,1
35.2983,-86.3631,1
35.5931,-88.9167,1
29.5442,-98.4839,1
30.3567,-95.4139,1
46.1758,-101.8561,1
39.8125,-98.5558,1
32.8978,-97.0189,1
43.0206,-102.5183,1
45.6478,-68.6925,1
36.9358,-121.7886,1
28.1011,-80.6439,1
39.8328,-104.6575,1
37.8175,-82.7883,1
30.3489,-85.7881,1
30.3208,-97.7603,1
37.2622,-104.3378,1
34.2675,-77.8997,1
37.4536,-103.3219,1
32.3847,-94.7117,1
35.8922,-78.7819,1
36.1994,-95.8872,1
37.0875,-82.9925,1
40.6483,-102.8594,1
25.9156,-97.4186,1
27.5947,-81.5267,1
26.1839,-98.2539,1
71.2833,-156.7814,1
45.6208,-122.6572,1
35.5342,-97.6469,1
37.0556,-80.7842,1
34.6439,-86.7861,1
30.5347,-94.4456,1
42.3606,-71.0106,1
36.4731,-82.4044,1
38.6572,-90.6558,1
37.2669,-83.6500,1
34.7508,-79.4664,1
41.4131,-81.8600,1
34.5583,-98.4172,1
47.2856,-68.3133,1
44.7978,-68.8186,1
45.7881,-111.1608,1
37.5442,-79.4031,1
35.9508,-85.0814,1
34.1750,-91.9347,1
36.9028,-82.0383,1
33.4536,-94.0075,1
35.6567,-95.3614,1
48.3042,-114.2636,1
36.5881,-121.8453,1
47.9375,-124.5550,1
35.7044,-79.8378,1
42.6858,-103.8842,1
13.4836,144.7961,1
38.0494,-103.5122,1
28.6078,-96.6417,1
48.2553,-101.2733,1
45.7728,-122.8611,1
36.3211,-87.2217,1
41.4333,-99.6333,1
40.4350,-105.0850,1
40.8433,-101.2094,1
57.7511,-152.4856,1
35.7425,-81.3819,1
29.9933,-90.2511,1
39.3756,-99.8297,1
26.5850,-81.8614,1
34.6525,-86.9453,1
35.3889,-97.6006,1
41.0844,-105.2483,1
35.2236,-80.9553,1
55.0389,-131.5786,1
36.6228,-99.8953,1
36.0167,-102.5500,1
34.8994,-120.4486,1
46.1236,-67.7928,1
28.0836,-97.0464,1
27.6531,-80.2428,1
36.0097,-94.1694,1
29.6222,-95.6564,1
34.6847,-81.1958,1
32.1669,-92.1075,1
37.8264,-99.6542,1
59.5119,-139.6711,1
45.9717,-109.2569,1
32.6847,-83.6528,1
37.5658,-76.8000,1
36.2833,-94.3000,1
45.5406,-122.9486,1
35.6950,-101.3950,1
48.0944,-105.5744,1
46.7708,-100.7603,1
32.3542,-95.4025,1
35.4606,-81.3289,1
44.0622,-103.4819,1
70.4322,-150.4094,1
41.0469,-102.1467,1
48.7939,-122.5372,1
37.7889,-80.3083,1
36.2967,-99.7689,1
31.2361,-94.7544,1
36.1625,-97.0894,1
36.2606,-76.1750,1
45.1947,-123.1339,1
34.4272,-100.2831,1
26.2500,-80.1083,1
39.5703,-104.8489,1
47.3389,-108.4983,1
28.7247,-96.2536,1
43.5164,-112.0672,1
47.0492,-109.4578,1
38.4683,-102.2169,1
26.6847,-80.0994,1
38.0633,-102.9297,1
38.2103,-122.2847,1
25.9069,-80.2803,1
41.1522,-104.8056,1
48.4564,-102.5947,1
28.7797,-81.2436,1
38.2900,-104.4983,1
42.8153,-108.7261,1
36.4486,-103.1539,1
32.7100,-96.2672,1
15.1167,145.7167,1
44.3853,-74.2067,1
40.3161,-78.8339,1
36.7367,-97.1019,1
39.2447,-102.2842,1
39.5092,-123.7567,1
27.7411,-98.0247,1
34.9894,-99.0525,1
34.3622,-98.9761,1
57.1553,-170.2222,1
41.1500,-105.1667,1
44.4122,-104.3567,1
41.2453,-103.6344,1
29.3600,-99.1742,1
32.7817,-98.0603,1
40.9656,-105.2186,1
36.0969,-79.9433,1
41.2664,-102.6586,1
42.1106,-104.9492,1
36.5728,-79.3361,1
34.2900,-93.0600,1
26.9172,-81.9914,1
32.4506,-93.8411,1
37.5983,-101.2908,1
31.2819,-89.2531,1
40.4953,-107.5211,1
34.9914,-78.8803,1
42.0800,-80.1825,1
35.3253,-81.5325,1
36.0236,-84.2375,1
38.0328,-78.5225,1
34.1853,-79.7239,1
44.3814,-106.7211,1
37.6303,-104.7956,1
37.1244,-82.6339,1
37.9272,-100.7247,1
44.6122,-72.0481,1
39.8958,-105.3847,1
37.6183,-79.4358,1
40.4847,-80.2144,1
40.5233,-101.0344,1
32.4106,-99.6822,1
66.8667,-162.6333,1
31.0425,-86.3117,1
26.1969,-80.1708,1
29.9100,-90.0342,1
36.6817,-101.5053,1
30.2003,-92.6642,1
43.2389,-123.3547,1
42.7972,-105.3856,1
41.6236,-98.9517,1
39.2292,-106.3169,1
44.1278,-123.2206,1
31.1828,-90.4708,1
40.2064,-100.5914,1
39.7750,-105.1169,1
28.8208,-81.8097,1
30.5372,-91.1469,1
37.2958,-81.2078,1
34.0500,-94.4008,1
21.1544,-157.0961,1
26.2281,-97.6542,1
26.8400,-81.0872,1
37.7608,-99.9683,1
40.3692,-105.2353,1
44.9050,-123.0011,1
27.5333,-99.4667,1
36.7683,-96.0261,1
35.0311,-85.2014,1
33.0375,-116.9158,1
29.9800,-95.3600,1
37.9806,-105.6897,1
37.7767,-79.4386,1
30.2050,-91.9875,1
30.1831,-97.6800,1
42.9486,-78.7369,1
26.0719,-80.1536,1
31.6189,-97.2283,1
45.2486,-122.7686,1
34.1231,-84.8486,1
