36.4622,-116.8669,150
39.0744,-96.8983,6
37.7967,-121.5828,89
34.5822,-119.9817,89
34.9881,-120.3211,106
37.9050,-93.3169,39
33.7092,-93.5564,-178
38.0047,-120.4864,67
21.3153,-157.9992,200
38.6644,-94.8900,22
32.2822,-106.7597,78
26.5581,-99.1372,117
45.9228,-108.2444,-178
29.4608,-101.0286,89
30.2003,-92.6642,106
25.8175,-80.2858,167
43.5492,-71.4647,-178
26.8400,-81.0872,156
40.7142,-122.4161,61
38.4917,-122.1242,61
38.5350,-121.7761,83
28.4675,-98.2525,133
35.7047,-101.5492,17
38.4931,-122.0047,89
40.6117,-122.5281,67
33.6731,-111.1508,128
36.5508,-114.4581,89
