31.1414,-87.0486,100
32.8986,-80.0403,100
39.8058,-90.8236,6
41.6661,-111.8914,17
38.4931,-88.9703,28
35.2358,-97.4647,61
31.4269,-94.8942,94
36.1167,-97.6067,67
33.8103,-91.2778,33
34.6892,-86.8819,72
35.0708,-96.3561,56
34.6089,-96.3331,72
36.4119,-97.6939,61
39.4833,-83.8500,6
35.1297,-89.8036,61
35.6872,-90.0964,50
40.1100,-87.9567,-28
31.8769,-105.2369,111
35.5461,-99.7278,83
34.7675,-106.7611,44
33.9208,-96.3203,72
29.6211,-96.3661,117
35.6528,-96.8042,61
34.1864,-90.5572,50
36.1056,-82.8436,44
32.8472,-97.4761,94
32.8978,-90.8853,67
34.1678,-97.9883,89
40.2539,-85.1483,6
36.0719,-99.9031,72
35.7197,-86.9653,61
35.9986,-97.0481,44
34.5658,-96.9503,94
36.0147,-85.1314,28
44.8831,-85.6753,-39
34.5289,-97.7647,89
34.3086,-95.9969,56
35.5914,-99.2706,67
34.5519,-96.7178,72
34.1647,-88.7239,17
47.0575,-109.9514,17
40.9361,-90.7197,11
40.4719,-74.4364,0
46.7281,-116.9558,72
36.8314,-99.6411,61
38.5200,-89.8467,11
31.2353,-88.9186,111
36.9869,-99.0108,67
41.8161,-80.4250,6
36.1472,-97.2858,50
34.4744,-91.4172,78
44.6342,-123.1900,94
34.4397,-99.1375,89
45.6750,-111.1550,0
34.6856,-99.8333,89
34.8219,-89.4347,156
34.1922,-97.0858,78
44.9847,-93.1772,-22
35.2050,-99.8033,72
31.9461,-90.3775,78
36.2633,-98.4975,67
36.7542,-97.2544,44
36.4231,-99.4167,72
35.5083,-98.7750,72
43.2828,-123.3536,72
36.2872,-88.2958,67
32.4219,-93.6381,122
35.8542,-97.9544,67
33.4692,-88.7822,83
41.0267,-86.5867,22
34.9897,-99.0528,83
36.3444,-88.8636,33
35.1228,-99.3600,89
34.7986,-96.6692,72
40.7928,-87.7556,-28
33.7092,-93.5564,78
42.1397,-87.7853,0
40.0739,-87.5067,11
36.8981,-96.9103,44
36.7256,-99.1422,61
36.6897,-108.3086,50
39.7194,-76.8028,0
36.4711,-86.8414,56
41.1453,-85.4897,-11
41.4439,-86.9294,-6
35.3736,-83.7006,39
35.8819,-83.9572,78
34.5989,-103.2161,44
34.7156,-97.2292,67
36.3842,-98.1114,67
35.9328,-88.7267,39
40.8142,-85.1547,-11
30.5497,-84.5836,122
35.3647,-96.9481,56
35.8989,-98.9603,72
34.7281,-90.3683,11
35.1489,-98.4658,67
32.2061,-90.5133,117
35.8489,-97.4797,67
39.3925,-101.0689,22
35.2006,-103.6867,67
36.1208,-97.0953,67
35.4139,-86.8086,39
30.7342,-85.0306,122
35.1867,-102.0797,67
36.5994,-89.9894,-6
35.4842,-98.4814,61
36.0642,-97.2128,72
34.7292,-98.5694,78
32.0997,-91.7022,89
38.5350,-121.7761,117
36.0286,-99.3464,72
32.4714,-87.2314,150
36.3925,-89.0317,72
34.3997,-98.3458,83
33.2422,-103.3611,83
34.2281,-97.2014,78
63.9647,-145.1050,-167
34.5872,-99.3381,89
35.5419,-97.3414,72
44.0708,-93.5264,-17
31.3625,-85.3397,83
36.7081,-98.7094,61
34.1936,-97.5881,78
33.8936,-97.2692,83
34.9819,-97.5208,72
38.7386,-87.4878,33
44.2394,-95.3153,0
35.5483,-98.0364,67
36.3558,-97.1531,56
34.8494,-97.0031,61
36.0908,-106.0567,22
34.2392,-98.7444,89
31.0383,-85.8708,128
35.1131,-89.2122,72
34.8083,-98.0233,78
35.0322,-97.9144,67
36.7925,-97.7458,44
45.5900,-95.8744,-22
34.9678,-97.9519,78
40.4750,-86.9919,-17
31.3706,-100.4942,94
38.9422,-92.3200,17
35.6214,-88.8456,44
34.0356,-96.9433,72
34.3325,-96.6789,61
34.7392,-90.7664,44
35.2722,-97.9553,78
36.7481,-98.3628,61
36.1903,-99.0403,72
35.8417,-98.5261,72
40.7833,-81.9167,-11
33.3867,-97.7164,78
34.9142,-98.2922,72
30.5467,-87.8808,111
39.3669,-101.7000,39
36.2253,-90.0750,33
35.4017,-99.0583,78
34.1381,-88.9983,44
35.1714,-96.6311,67
34.1925,-86.7972,83
