-37.8586,145.6532,3
38.3833,-81.8344,5
38.5253,-106.9672,3
44.5767,-106.9061,5
38.0178,-108.0514,2
35.9308,-91.0547,2
-37.9695,141.3077,2
34.1583,-89.6311,3
-37.2500,144.4378,2
32.8100,-93.0625,3
-36.4722,148.6232,3
46.5831,-90.9678,4
-35.7905,137.2615,2
43.2278,-110.4358,2
43.1750,-102.7458,2
32.7019,-87.5814,2
42.5175,-84.6531,2
-35.6094,138.5611,2
40.5517,-82.2014,2
44.6247,-124.0469,2
-37.3811,147.1067,4
32.1003,-87.3983,12
-32.0486,115.9839,4
36.0336,-90.4978,2
-27.4361,153.5456,2
41.0772,-95.4800,2
38.0969,-83.1189,2
34.9044,-90.2119,7
31.7561,-88.1289,2
39.7997,-101.0422,2
-35.3019,147.9402,2
-34.3206,142.3645,2
46.8217,-108.3725,2
-42.0056,145.5419,2
45.4681,-87.6836,2
42.2864,-94.1664,2
