-35.3159,138.6218,96
32.7019,-87.5814,43
34.1583,-89.6311,254
-35.7905,137.2615,8
40.5517,-82.2014,99
46.5831,-90.9678,76
34.9044,-90.2119,455
-37.8586,145.6532,326
42.2864,-94.1664,155
43.2278,-110.4358,99
-35.6094,138.5611,36
45.4681,-87.6836,58
31.7561,-88.1289,198
-32.0486,115.9839,38
38.0178,-108.0514,178
-37.2500,144.4378,6
-34.3206,142.3645,6
-37.9695,141.3077,30
43.1750,-102.7458,546
41.0772,-95.4800,145
38.5253,-106.9672,18
39.7997,-101.0422,0
32.1003,-87.3983,137
35.9308,-91.0547,178
38.3833,-81.8344,18
-27.4361,153.5456,56
38.0969,-83.1189,33
44.6247,-124.0469,25
44.5767,-106.9061,343
32.8100,-93.0625,104
-37.3811,147.1067,44
36.0336,-90.4978,312
46.8217,-108.3725,356
-35.3019,147.9402,2
-36.4722,148.6232,28
-42.0056,145.5419,116
42.5175,-84.6531,20
-42.9725,147.0342,22
