32.3367,-90.2214,1
35.2372,-120.6414,1
40.4122,-86.9369,1
43.9922,-76.0217,1
41.5272,-85.7922,1
44.5344,-72.6144,1
35.4344,-119.0542,1
39.0725,-95.6261,1
40.6825,-74.1694,1
42.9486,-78.7369,1
37.9917,-122.0550,1
34.0500,-94.4008,1
30.0375,-91.8839,1
42.9550,-87.9044,1
42.9667,-83.7494,1
42.8939,-85.5447,1
33.2119,-87.6161,1
39.9444,-81.8922,1
39.2292,-106.3169,1
33.8750,-84.3022,1
40.8203,-82.5178,1
42.7611,-87.8136,1
48.0944,-105.5744,1
42.7461,-86.0967,1
30.6794,-88.2397,1
46.4267,-105.8825,1
39.4019,-77.9844,1
43.7700,-88.4864,1
40.4719,-81.4236,1
40.6508,-75.4492,1
32.8519,-96.8556,1
41.2433,-76.9217,1
43.5331,-84.0797,1
48.2138,-106.6213,1
26.1522,-81.7753,1
31.9433,-102.1889,1
34.6439,-86.7861,1
42.0800,-80.1825,1
43.1711,-86.2367,1
31.8311,-104.8089,1
40.5175,-122.2986,1
37.2353,-93.4003,1
38.0442,-87.5206,1
26.1839,-98.2539,1
33.4964,-90.0867,1
40.6675,-89.6839,1
32.7817,-98.0603,1
35.0564,-89.9864,1
44.4983,-88.1111,1
34.0158,-118.4514,1
32.5156,-92.0406,1
42.7803,-84.5789,1
32.7100,-96.2672,1
35.0678,-77.0481,1
29.9933,-90.2511,1
38.9597,-94.3714,1
34.3622,-98.9761,1
40.7083,-84.0267,1
33.1281,-117.2794,1
36.5881,-121.8453,1
30.5108,-99.7664,1
31.1828,-90.4708,1
35.9508,-85.0814,1
35.7425,-81.3819,1
34.7436,-118.7242,1
34.8994,-120.4486,1
33.4617,-80.8581,1
44.8831,-93.2289,1
38.8317,-94.8897,1
36.9647,-86.4239,1
26.1658,-97.3458,1
29.2733,-94.8592,1
42.3978,-90.7036,1
35.6567,-95.3614,1
32.2997,-86.4075,1
38.1847,-84.9033,1
33.6542,-101.8136,1
33.4536,-94.0075,1
40.9706,-85.2064,1
31.2361,-94.7544,1
40.1936,-76.7633,1
33.9753,-117.6361,1
40.6386,-73.7622,1
41.6267,-73.8842,1
41.1783,-78.8989,1
41.3103,-95.8992,1
25.9156,-97.4186,1
29.5442,-98.4839,1
32.4506,-93.8411,1
30.1250,-93.2158,1
43.2389,-123.3547,1
29.5189,-95.2417,1
39.7078,-77.7297,1
40.9167,-81.4333,1
47.6217,-117.5281,1
41.0669,-73.7075,1
43.9844,-88.5569,1
42.2314,-83.3308,1
41.3336,-75.7269,1
61.1781,-149.9664,1
31.9206,-102.3867,1
27.7411,-98.0247,1
33.2061,-97.1989,1
33.6300,-84.4417,1
36.4731,-82.4044,1
38.7042,-93.1833,1
34.3478,-85.1611,1
29.6222,-95.6564,1
28.0836,-97.0464,1
41.8031,-78.6403,1
