18.1747,-66.7978,16
40.7264,-122.7947,26
36.9969,-119.7072,117
40.7142,-122.4161,72
47.0575,-109.9514,317
42.9592,-120.7897,31
40.6117,-122.5281,8
31.6164,-94.6431,32
43.8083,-111.7892,151
34.5822,-119.9817,32
31.8769,-105.2369,72
40.5764,-105.0858,40
36.4622,-116.8669,108
34.5697,-93.1947,27
30.8408,-89.5453,21
37.5147,-122.0325,72
32.8964,-107.3078,109
30.7931,-94.1819,42
38.4917,-122.1242,23
47.7283,-104.1467,77
30.0689,-94.2928,97
18.0331,-67.0722,8
40.1550,-103.1417,232
18.2583,-65.9922,3
35.7197,-86.9653,216
34.6033,-104.3811,140
34.9881,-120.3211,92
31.3706,-100.4942,146
26.8400,-81.0872,172
42.1231,-111.3133,71
37.3822,-102.2986,177
37.7617,-117.5658,55
32.8978,-90.8853,77
32.8242,-95.5275,76
43.5492,-71.4647,251
36.0147,-85.1314,187
30.2003,-92.6642,95
39.9614,-86.0586,29
35.7047,-101.5492,237
34.6603,-82.8236,183
38.4931,-122.0047,98
21.3153,-157.9992,32
42.3806,-96.9575,13
32.8522,-95.8864,72
32.2822,-106.7597,37
34.5989,-103.2161,243
35.2006,-103.6867,211
33.0642,-101.0489,156
33.1481,-95.6269,0
34.1647,-88.7239,0
36.5508,-114.4581,21
33.1461,-107.1842,100
44.8831,-85.6753,486
26.5581,-99.1372,89
25.8175,-80.2858,90
31.9497,-91.2336,13
44.3089,-85.2050,232
38.0047,-120.4864,34
30.7053,-104.0233,92
32.4219,-93.6381,134
37.9931,-100.8122,243
29.6211,-96.3661,39
32.3378,-89.0817,90
32.9203,-94.7225,53
