40.9656,-105.2186,112
61.5889,-149.0992,36
34.7994,-109.8850,130
40.8600,-102.8031,125
35.0761,-89.7430,116
37.1317,-86.1481,210
42.3997,-89.9903,67
61.2967,-149.4400,72
39.7194,-76.8028,210
48.9981,-110.2158,18
45.0961,-112.0856,76
40.1100,-87.9567,192
39.7750,-105.1169,58
46.2314,-112.1136,103
39.8814,-77.3506,210
34.2183,-116.4072,67
30.5347,-94.4456,45
39.0733,-93.7075,197
61.1025,-149.7169,143
40.6558,-97.2208,156
47.8306,-110.6608,98
47.0111,-109.2261,54
39.4206,-79.0050,228
39.3903,-94.5553,161
45.6656,-97.0392,130
47.6497,-120.0800,49
40.5764,-105.0858,85
39.1439,-103.4897,107
45.4525,-99.3358,98
35.5953,-82.5567,188
34.6242,-106.3103,116
48.0750,-111.2597,550
41.8161,-80.4250,156
44.4933,-68.4583,246
47.2753,-88.4169,54
47.2919,-88.4208,112
41.7392,-77.9711,116
35.1375,-77.9892,179
34.1206,-115.8500,27
47.0083,-88.4317,125
