36.8600,-106.2300,23
36.1900,-105.5600,51
36.0300,-106.8100,40
35.7700,-105.7800,359
39.1900,-120.2600,232
40.5300,-106.7800,58
43.7600,-115.2400,98
44.7900,-116.0900,170
36.7900,-105.2400,261
35.3400,-111.6500,239
40.8300,-111.7600,111
44.3800,-116.3400,0
41.4000,-107.2600,162
39.4300,-120.3100,338
44.2100,-110.6700,274
38.4000,-119.5400,41
36.2500,-115.6300,190
39.3100,-111.4300,284
36.9900,-105.2600,152
36.5100,-106.3200,11
39.2900,-117.1100,158
36.0700,-105.6300,252
39.8000,-106.0300,192
43.8000,-114.8500,360
36.3100,-115.6800,172
39.3600,-106.0600,1
36.9600,-106.6600,152
43.7600,-116.1000,49
46.2400,-117.3900,170
35.9200,-106.3900,269
40.3000,-111.2600,257
48.7200,-116.4600,13
36.0000,-106.8300,287
36.7200,-106.2600,226
