40.1100,-87.9567,194
41.1453,-85.4897,194
33.8083,-79.8567,244
47.0575,-109.9514,211
33.2564,-81.2422,228
34.1944,-79.2472,228
41.8161,-80.4250,206
40.4750,-86.9919,194
32.7547,-104.3836,250
34.2183,-81.0731,283
42.7831,-71.4147,222
37.1317,-86.1481,233
37.8194,-85.3847,261
42.1397,-87.7853,233
33.8103,-91.2778,256
44.4933,-68.4583,200
40.4719,-74.4364,217
62.1925,-150.5033,156
37.0683,-88.7725,261
46.8706,-68.0172,211
38.4558,-86.6983,228
40.2233,-86.1086,267
44.9847,-93.1772,233
35.6214,-88.8456,272
32.3500,-94.6500,328
37.9311,-98.0297,233
40.0739,-87.5067,250
39.4833,-83.8500,222
42.2947,-83.7108,206
34.7289,-80.0389,261
37.1244,-87.8672,250
38.4661,-101.7758,244
27.7792,-97.5056,283
38.7003,-82.4736,278
39.4700,-80.8572,133
38.7386,-87.4878,239
28.7156,-97.1742,294
41.0267,-86.5867,211
34.1419,-80.8700,267
35.6042,-91.2744,278
45.0853,-67.1203,217
34.6603,-82.8236,283
38.8894,-86.5519,228
64.9156,-148.2711,89
42.3806,-96.9575,239
32.2822,-106.7597,317
41.4439,-86.9294,222
33.7775,-81.8467,289
40.9361,-90.7197,239
32.5133,-92.3486,244
44.8831,-85.6753,233
40.2539,-85.1483,217
32.9206,-86.6708,267
46.3414,-86.9242,189
38.3139,-81.7186,222
36.7578,-90.4056,261
28.8608,-97.0181,317
40.8142,-85.1547,194
37.9931,-100.8122,217
37.1167,-84.6167,156
36.5914,-101.6181,256
20.7583,-156.3211,217
