42.5950,-87.9381,94
44.3394,-105.5419,130
42.7461,-86.0967,98
31.9514,-85.1289,116
31.8311,-104.8089,268
27.5333,-99.4667,103
71.2833,-156.7814,125
26.0719,-80.1536,157
34.4258,-119.8425,63
28.5453,-81.3331,125
39.7078,-77.7297,76
48.2138,-106.6213,103
33.9228,-118.3342,85
37.2847,-120.5128,81
29.5189,-95.2417,121
36.2606,-76.1750,72
41.7872,-111.8533,58
41.3931,-70.6150,85
40.6161,-83.0636,63
44.8664,-91.4878,103
28.4736,-82.4544,112
45.4558,-98.4131,116
33.6300,-84.4417,112
25.7906,-80.3164,107
47.6217,-117.5281,67
42.5519,-71.7558,72
29.6222,-95.6564,103
46.9208,-114.0925,94
34.2167,-119.0833,76
60.7850,-148.8389,76
38.7667,-104.3000,174
40.6331,-93.9019,98
55.5800,-133.0750,63
36.0167,-102.5500,116
30.4119,-89.0808,130
35.2236,-80.9553,67
35.9461,-112.1547,121
34.9894,-99.0525,107
39.2292,-106.3169,94
33.4825,-90.9853,121
40.4953,-107.5211,130
37.6542,-122.1150,89
42.8975,-106.4636,148
41.3325,-122.3328,72
41.2003,-74.6231,72
40.6239,-74.6694,72
34.2097,-118.4892,94
40.2342,-85.3936,72
46.7994,-102.7972,103
32.8667,-117.1333,72
55.3567,-131.7117,81
19.7192,-155.0531,94
41.0136,-83.6686,63
43.8789,-91.2528,116
33.1803,-96.5903,76
39.4167,-118.7167,67
31.4000,-93.2833,103
32.6261,-116.4681,121
39.5703,-104.8489,165
34.9914,-78.8803,67
27.4014,-82.5586,116
33.5872,-85.8556,94
37.1431,-107.7597,125
19.7356,-156.0489,81
30.4636,-88.5319,85
45.0319,-102.0192,134
41.7419,-72.1836,63
45.6308,-89.4653,130
29.3600,-99.1742,121
42.4700,-71.2894,67
41.6264,-80.2150,76
34.5583,-98.4172,98
42.5708,-77.7133,76
34.6719,-82.8864,63
39.2956,-80.2289,63
43.7667,-98.0333,107
35.6875,-117.6931,121
39.2972,-94.7306,89
39.5514,-97.6508,112
33.1783,-86.7817,72
35.2100,-99.1200,125
42.7267,-114.4564,72
31.2819,-89.2531,134
33.9486,-81.1186,72
42.9667,-83.7494,81
39.2231,-106.8683,157
34.6081,-79.0592,54
37.6928,-121.8144,76
21.1544,-157.0961,103
42.1578,-72.7161,58
39.3667,-75.0667,72
32.3500,-91.0278,98
31.1828,-90.4708,107
38.1847,-84.9033,40
47.0339,-120.5303,125
34.9000,-76.8833,58
40.7083,-84.0267,54
39.0725,-95.6261,94
37.0911,-95.5664,89
42.9333,-71.4383,72
36.6817,-101.5053,116
44.0206,-117.0128,107
41.7861,-87.7522,107
15.1167,145.7167,233
44.8322,-93.4706,112
35.3331,-94.3625,89
45.8258,-119.2611,58
43.4075,-94.7461,94
37.2958,-81.2078,54
34.6439,-86.7861,98
39.6428,-79.9164,58
42.6958,-73.1708,58
45.5433,-94.0514,94
47.1686,-88.4889,170
41.3461,-82.1794,63
64.3267,-158.7417,58
42.7972,-105.3856,139
32.8158,-117.1394,67
35.6575,-109.0614,89
18.3331,-64.9667,139
38.0511,-117.0903,81
42.2228,-83.7444,76
40.4422,-109.5144,103
47.7472,-90.3444,130
33.2208,-92.8142,89
32.6847,-83.6528,81
44.6500,-73.4667,94
47.4733,-111.3822,85
40.1519,-122.2536,76
38.9408,-77.4636,76
41.7219,-71.4325,81
36.3333,-119.9500,72
38.6572,-90.6558,67
39.4519,-87.3089,81
32.4106,-99.6822,89
39.0083,-95.2117,94
40.5100,-101.6200,112
30.0494,-90.0289,143
42.4819,-114.4869,89
42.1997,-75.9850,67
40.9017,-117.8081,89
46.9006,-95.0678,116
38.5714,-90.1572,72
43.5878,-96.7289,125
47.3864,-92.8389,112
47.3258,-106.9475,72
34.2900,-93.0600,85
31.4208,-110.8458,98
39.1333,-86.6167,201
32.8192,-97.3614,76
28.0622,-81.7542,157
34.5467,-93.5781,67
30.3208,-97.7603,85
26.2281,-97.6542,121
41.8756,-71.0211,72
35.4344,-119.0542,81
33.4050,-118.4158,85
33.8117,-118.1464,85
30.7797,-86.5225,58
24.7258,-81.0517,148
44.5483,-95.0803,112
38.6892,-75.3592,67
34.8536,-116.7858,130
31.9206,-102.3867,116
41.7636,-96.1778,139
33.4278,-112.0039,116
48.3500,-122.6667,54
34.8831,-82.2203,67
42.0647,-104.1528,112
41.1961,-112.0114,63
37.7086,-113.0944,134
30.3361,-81.5147,103
34.2675,-77.8997,58
45.6194,-121.1661,81
44.0219,-82.7931,85
43.7694,-87.8506,103
43.1711,-86.2367,98
37.3278,-95.5042,72
30.9119,-102.9167,125
40.8217,-72.8689,72
60.4889,-145.4511,63
70.2117,-151.0017,116
36.8167,-76.0333,76
40.0803,-95.5919,103
37.7797,-89.2497,72
41.1519,-104.8061,206
47.3078,-119.5153,98
33.6883,-112.0817,107
26.1658,-97.3458,98
38.0494,-103.5122,174
59.7494,-154.9089,103
41.5631,-83.4764,98
42.4167,-87.8667,98
48.5222,-123.0231,63
39.6728,-75.6008,72
36.7414,-104.5022,121
61.1781,-149.9664,76
41.0467,-78.4117,67
32.3347,-88.7442,116
30.4781,-87.1869,112
40.0681,-118.5692,76
43.1644,-95.2017,103
27.6531,-80.2428,103
41.2639,-72.8872,76
33.9706,-80.9958,54
42.1094,-77.9919,72
27.9619,-82.5403,148
45.0619,-93.3508,94
26.5850,-81.8614,107
47.4667,-87.8833,157
66.8667,-162.6333,85
41.2731,-111.0306,148
44.7694,-106.9689,94
37.0683,-88.7719,72
42.8153,-108.7261,98
42.1594,-76.8919,72
41.1389,-75.3794,89
70.1917,-148.4772,121
32.6808,-96.8681,76
24.5550,-81.7522,139
42.7172,-71.1239,54
33.0375,-116.9158,94
44.5169,-108.0822,152
37.7608,-99.9683,116
38.3406,-75.5103,67
27.7628,-82.6261,188
40.8436,-72.6322,89
39.3792,-74.4242,85
35.5342,-97.6469,89
39.5781,-85.8033,76
46.9733,-122.9033,85
32.2997,-86.4075,98
43.8339,-111.8045,89
32.5722,-116.9794,76
47.6458,-101.4394,157
42.6650,-83.4181,89
33.9519,-117.4386,103
42.2706,-71.8731,85
40.8764,-74.2831,98
42.1244,-86.4267,89
39.1019,-121.5678,63
39.3644,-84.5247,54
40.9706,-85.2064,94
43.0661,-108.4767,134
41.3336,-75.7269,63
48.1739,-103.6367,116
39.5936,-84.2264,58
38.3083,-75.1239,116
45.6044,-103.5464,116
32.7100,-96.2672,107
42.1928,-89.0931,98
36.7683,-96.0261,81
31.6072,-110.4281,130
35.6542,-105.1419,94
36.2117,-115.1958,148
41.7806,-122.4717,103
47.9078,-122.2803,76
34.6525,-86.9453,89
33.6361,-91.7556,98
20.8997,-156.4286,107
42.3914,-96.3792,112
37.2253,-89.5706,125
42.2667,-84.4667,76
36.4731,-82.4044,49
42.0800,-80.1825,89
38.2281,-85.6636,54
66.9161,-151.5089,49
38.3794,-81.5900,54
38.9833,-76.4667,81
34.0561,-117.6003,112
36.0236,-84.2375,63
29.3783,-100.9269,103
64.8039,-147.8761,49
48.1203,-123.4983,67
48.7939,-122.5372,72
27.6833,-97.2833,112
33.3644,-81.9633,72
30.0675,-95.5561,125
37.6197,-122.3647,112
39.9444,-81.8922,76
32.5161,-84.9422,125
41.7361,-72.6506,67
34.4272,-100.2831,103
44.2667,-71.2994,107
42.8375,-103.0953,125
41.7781,-80.6958,72
29.1828,-81.0483,81
45.8678,-95.3942,98
41.4914,-120.5644,76
33.9753,-117.6361,98
25.9156,-97.4186,98
37.2353,-93.4003,81
38.6956,-121.5897,63
39.4781,-88.2803,94
46.1442,-115.5964,58
44.3592,-84.6739,107
38.1811,-85.7392,63
43.1561,-90.6775,112
37.5908,-83.3131,49
34.4978,-82.7097,81
34.2622,-88.7714,143
24.5833,-81.6833,107
42.2347,-85.5519,81
35.6169,-106.0889,112
66.0689,-162.7639,81
41.7072,-86.3164,76
28.4339,-81.3250,116
30.7439,-95.5861,63
43.1072,-78.9453,89
36.1336,-80.2222,54
42.1128,-92.9175,94
42.6003,-123.3642,112
37.1319,-76.4930,67
28.8614,-96.9303,157
44.3206,-69.7972,58
35.5144,-108.7939,134
46.3747,-117.0156,72
55.0389,-131.5786,63
36.5728,-79.3361,40
17.7028,-64.8056,112
46.8706,-68.0172,81
38.5039,-122.8103,81
45.2575,-112.5545,76
39.9369,-91.1919,76
36.1625,-97.0894,94
35.8181,-83.9858,76
38.3306,-96.1897,103
31.4156,-87.0442,107
43.2339,-75.4117,72
44.9047,-97.1494,112
36.0097,-94.1694,63
35.6567,-95.3614,81
28.0836,-97.0464,98
39.8447,-89.6839,76
47.2856,-68.3133,94
40.1203,-76.2944,72
27.7839,-97.5108,116
39.6014,-116.0056,98
38.2103,-122.2847,72
37.3208,-79.2067,54
34.3622,-98.9761,98
39.1033,-84.4189,49
36.7800,-119.7194,63
34.8461,-82.3461,76
42.5906,-117.8644,107
40.6044,-98.4272,139
37.5050,-77.3203,76
35.6950,-101.3950,125
38.7642,-87.6056,76
39.1208,-94.5969,94
33.9381,-118.3889,89
21.3239,-157.9294,76
40.5175,-122.2986,89
46.9258,-98.6692,134
40.1936,-76.7633,76
41.4333,-99.6333,112
37.8892,-121.2258,72
58.3567,-134.5639,116
64.5500,-149.0717,49
30.8356,-85.1839,76
42.9486,-78.7369,94
40.4847,-80.2144,76
43.1111,-76.1039,58
37.6242,-120.9506,72
40.0781,-83.0781,81
39.4019,-77.9844,63
43.9042,-92.4917,121
39.3756,-99.8297,161
44.4683,-73.1500,58
36.1994,-95.8872,85
33.2367,-107.2681,103
46.4047,-94.1308,121
45.5464,-100.4078,130
46.5311,-87.5483,130
48.4608,-119.5167,89
39.7075,-86.2803,85
32.5428,-93.7450,139
46.8369,-92.2097,125
55.2208,-162.7325,174
31.4583,-109.6061,165
36.0394,-95.9844,85
33.6228,-111.9106,103
34.9883,-117.8647,143
32.8342,-115.5786,98
30.3489,-85.7881,58
33.9786,-98.4928,98
43.2389,-123.3547,112
37.2622,-104.3378,201
35.3889,-97.6006,76
36.7725,-90.3247,63
42.8939,-85.5447,103
32.4833,-80.7167,76
39.3669,-101.7000,121
38.5069,-121.4950,63
32.7000,-117.2000,72
61.1689,-150.0278,107
38.8853,-79.8528,67
47.3978,-120.2014,81
45.5114,-118.4247,63
26.9172,-81.9914,134
27.5000,-97.8167,161
40.0489,-107.8853,152
29.7036,-98.0281,121
44.8889,-116.1017,81
61.5961,-149.0917,67
30.3567,-95.4139,116
39.3450,-81.4392,49
32.8986,-80.0403,98
42.1469,-121.7242,98
39.4839,-119.7711,116
35.4319,-82.5375,63
40.7342,-73.4169,85
40.8203,-82.5178,94
40.8731,-81.8867,63
34.7675,-114.6189,107
43.9906,-70.9475,45
35.8922,-78.7819,58
32.8547,-109.6353,130
32.5156,-92.0406,94
43.9658,-107.9508,107
36.9261,-111.4478,81
39.9492,-74.8417,63
40.0819,-75.0111,81
42.4092,-83.0100,94
31.8456,-86.6108,125
45.6689,-96.9914,130
36.2833,-94.3000,81
33.2194,-117.3494,76
48.5428,-109.7633,72
32.2622,-107.7206,174
40.1667,-103.2167,152
39.4900,-121.6183,72
40.7833,-91.1253,85
46.6056,-111.9636,67
42.8050,-72.0036,58
44.7978,-68.8186,76
38.8983,-119.9947,94
32.7336,-117.1831,67
30.3975,-84.3289,98
41.5944,-109.0528,157
41.6686,-70.2800,72
34.2486,-82.1592,54
34.1750,-91.9347,76
30.3433,-89.8222,98
47.4569,-115.6450,72
36.2967,-99.7689,143
34.7411,-118.2117,139
48.6033,-112.3753,107
32.1314,-110.9553,116
39.1894,-103.7158,183
28.4567,-99.2183,130
41.6236,-98.9517,201
32.1300,-81.2100,85
42.5417,-113.7661,67
38.0442,-87.5206,67
30.0375,-91.8839,143
38.7042,-93.1833,85
40.0397,-88.2778,81
18.4325,-66.0108,148
44.0511,-101.6011,107
40.3161,-78.8339,76
39.9914,-82.8808,89
35.1442,-111.6664,112
34.8994,-120.4486,85
30.7406,-98.2353,89
35.2578,-113.9331,116
41.8833,-91.7167,89
47.2675,-122.5761,76
44.3981,-98.2231,134
29.2733,-94.8592,125
44.5344,-72.6144,45
38.4167,-113.0167,98
29.5622,-91.5256,63
34.0500,-94.4008,81
41.6267,-73.8842,49
32.3542,-95.4025,94
39.1258,-123.2008,94
33.6542,-101.8136,112
59.6419,-151.4908,49
32.7667,-97.4500,67
43.3906,-99.8422,148
33.6186,-114.7142,130
44.1278,-123.2206,130
46.9253,-96.8111,134
37.7461,-97.2211,89
33.8117,-78.7239,72
41.5272,-85.7922,103
31.5358,-82.5067,112
45.5511,-122.4089,72
33.5656,-86.7450,107
43.2781,-70.9222,54
30.2050,-91.9875,103
39.4203,-83.8217,63
30.4844,-81.7019,139
41.9097,-70.7294,76
44.3675,-71.5450,49
30.6794,-88.2397,94
64.5111,-165.4400,98
45.4622,-69.5953,67
38.2900,-104.4983,134
32.7800,-79.9319,67
40.4122,-86.9369,81
30.4000,-86.4717,139
34.7442,-87.5997,103
33.4617,-80.8581,85
30.7825,-83.2767,121
26.2500,-80.1083,103
36.8781,-91.9025,76
44.5228,-114.2150,76
36.2667,-93.1567,72
38.8500,-94.7392,98
30.1831,-97.6800,116
26.5361,-81.7550,103
25.6475,-80.4331,174
36.9839,-77.0075,49
35.2325,-75.6219,72
60.7850,-161.8292,112
39.8344,-88.8656,98
59.2433,-135.5094,130
9.4833,138.0833,62
46.7439,-117.1086,67
40.9167,-81.4333,76
42.3811,-122.8722,85
40.0972,-92.5433,89
33.1281,-117.2794,63
45.6983,-110.4408,121
38.5911,-92.1558,85
42.6425,-77.0564,40
38.0700,-102.6881,237
34.5183,-109.3792,134
32.3336,-104.2581,94
36.9500,-76.2833,67
40.2383,-75.5572,72
38.5000,-77.3000,67
45.6208,-122.6572,107
46.0139,-102.6547,121
41.6764,-70.9583,85
35.0564,-89.9864,157
41.8706,-103.5931,148
37.3711,-118.3581,85
59.4433,-151.7017,94
42.2314,-83.3308,112
43.3436,-72.5178,76
44.3853,-74.2067,72
48.7167,-94.6000,125
40.8500,-74.0614,134
36.3189,-119.6289,72
27.7411,-98.0247,179
37.9917,-122.0550,94
37.6544,-97.4425,89
34.6517,-112.4208,98
41.1783,-78.8989,76
35.8550,-77.8931,116
46.1569,-123.8825,134
39.9181,-76.8742,49
29.3389,-98.4719,125
33.2061,-97.1989,76
31.3500,-85.6667,76
40.1764,-80.6472,76
43.5164,-112.0672,98
40.2964,-78.3203,63
38.8000,-97.6500,103
34.7917,-79.3661,67
46.4267,-105.8825,89
45.0133,-84.7014,125
43.7331,-103.6114,94
41.5886,-83.8014,67
32.4506,-93.8411,143
40.7781,-111.9694,85
44.3592,-89.8369,116
34.6294,-118.0836,143
35.9508,-85.0814,63
32.6636,-97.0939,76
31.5356,-84.1944,134
41.8056,-107.1997,148
46.4167,-86.6500,130
35.6697,-120.6283,107
35.9333,-79.0642,67
41.3119,-105.6747,224
43.5667,-116.2406,94
43.7700,-88.4864,103
38.7525,-90.3736,76
43.1167,-77.6767,67
46.9728,-123.9303,85
36.9033,-76.1922,72
34.8822,-95.7831,76
48.2553,-101.2733,134
41.3497,-71.7989,72
29.7333,-85.0333,112
35.0678,-77.0481,67
36.5881,-121.8453,67
34.1231,-84.8486,67
42.5842,-70.9175,85
57.0481,-135.3647,63
42.5700,-72.2911,63
39.2953,-114.8467,98
40.3300,-75.1225,72
29.6333,-83.1053,157
34.2008,-119.2069,103
44.7408,-85.5825,112
48.0944,-105.5744,89
25.9069,-80.2803,148
37.7214,-122.2208,89
42.9203,-112.5711,112
35.5931,-88.9167,98
41.5333,-71.2833,76
40.8508,-96.7475,116
32.7817,-98.0603,72
31.1500,-92.9667,134
43.9636,-69.7117,63
34.9869,-81.0575,63
38.3650,-82.5550,49
41.9144,-88.2464,103
41.3103,-95.8992,121
43.4133,-124.2436,174
37.3169,-79.9742,170
37.0872,-84.0769,85
57.7511,-152.4856,40
37.4389,-105.8614,152
36.9878,-120.1106,63
29.1097,-95.4619,107
41.5175,-81.6836,76
41.1583,-73.1289,67
46.0947,-118.2869,72
34.0511,-118.2353,67
45.6906,-118.8528,103
39.7556,-82.6572,54
62.9575,-155.6103,67
38.8483,-77.0342,76
30.7167,-87.0167,98
30.2333,-81.6667,112
41.2433,-76.9217,58
41.6875,-69.9933,67
42.2333,-83.5333,112
46.7708,-100.7603,139
31.8606,-86.0122,89
38.9503,-95.6639,89
39.7333,-77.4333,45
41.4131,-81.8600,67
41.4653,-90.5233,81
47.0492,-109.4578,63
47.5303,-122.3008,81
45.7728,-122.8611,103
40.2064,-100.5914,148
30.6264,-88.0681,143
28.7247,-96.2536,139
38.3000,-76.4167,72
36.6950,-76.1356,98
42.3606,-71.0106,98
41.5097,-72.8278,72
44.9050,-123.0011,107
40.6825,-74.1694,116
41.9856,-97.4353,139
48.5614,-93.3981,116
60.5797,-151.2392,45
32.8978,-97.0189,72
29.6919,-82.2756,134
35.0281,-110.7208,103
63.9944,-145.7214,121
42.1908,-71.1736,67
39.1342,-108.5400,130
58.6794,-156.6294,81
38.9597,-94.3714,85
62.1592,-145.4589,112
33.2119,-87.6161,94
33.4669,-82.0386,76
27.4981,-80.3767,121
38.1417,-76.4292,54
33.3075,-104.5083,143
48.3042,-114.2636,72
47.4444,-122.3139,94
45.5908,-122.6003,116
61.2169,-149.8550,45
43.2119,-90.1814,107
34.0158,-118.4514,72
41.9381,-72.6825,58
8.7333,167.7333,103
44.5761,-71.1786,49
35.2372,-120.6414,98
31.3928,-92.2956,157
59.5119,-139.6711,58
22.0333,-159.7833,139
36.9358,-121.7886,67
45.9647,-112.5006,89
38.9286,-90.4281,76
47.4933,-122.2144,76
13.4836,144.7961,206
41.3275,-72.0494,76
38.8169,-92.2183,81
42.8783,-100.5500,134
37.2839,-98.5528,103
46.4794,-84.3572,125
34.3478,-85.1611,67
34.1167,-119.1167,89
43.1544,-93.3269,112
32.3367,-90.2214,89
45.5644,-84.7928,139
43.5950,-118.9564,89
35.0419,-106.6156,183
26.1839,-98.2539,107
59.4556,-135.3239,152
39.8233,-93.5792,81
44.8831,-93.2289,98
41.0669,-73.7075,76
36.4486,-103.1539,112
45.7881,-111.1608,85
26.6847,-80.0994,103
40.2769,-74.8158,72
43.6264,-72.3047,49
31.3711,-100.4922,76
34.1853,-79.7239,67
31.1522,-81.3908,94
67.7317,-164.5483,67
45.8069,-108.5422,103
36.6239,-87.4194,58
34.7272,-92.2389,76
39.2775,-120.7103,81
41.7803,-124.2367,134
36.6636,-121.6081,94
43.6497,-70.3003,63
30.1250,-93.2158,157
35.0169,-80.6206,76
31.3347,-92.5586,206
43.5331,-84.0797,89
38.3775,-121.9575,67
41.0375,-81.4642,76
33.3633,-84.5658,81
35.1822,-103.6031,98
41.7700,-88.4814,85
7.3333,134.4833,124
41.8678,-84.0794,85
31.6189,-97.2283,89
40.6675,-89.6839,89
38.7550,-109.7542,89
35.7425,-81.3819,58
38.1386,-78.4530,63
41.4525,-87.0058,94
40.3547,-79.9217,63
39.1667,-76.6833,81
57.1553,-170.2222,40
40.9781,-124.1086,67
33.7792,-84.5214,94
33.6267,-116.1594,98
35.8311,-90.6464,76
33.8750,-84.3022,98
36.9647,-86.4239,94
43.3500,-73.6167,49
64.7767,-141.1483,40
30.5108,-99.7664,76
31.8111,-106.3758,130
26.1522,-81.7753,152
39.5264,-107.7264,165
30.5892,-96.3647,125
47.9742,-117.4283,85
41.5092,-74.2650,94
36.0719,-115.1633,107
38.5050,-107.8975,112
40.2172,-76.8514,67
40.8097,-124.1603,54
40.9611,-98.3136,139
44.2558,-121.1392,85
21.3167,-158.0667,67
45.5406,-122.9486,112
39.6092,-110.7547,130
36.6206,-116.0278,125
39.4494,-74.5672,89
37.7836,-81.1231,76
41.5339,-93.6531,107
35.1350,-90.2344,130
36.3689,-92.4703,67
32.9733,-97.3181,72
47.2381,-123.1408,67
31.9433,-102.1889,94
47.9375,-124.5550,85
42.0572,-102.8000,130
41.3375,-84.4289,67
42.7431,-73.8092,49
33.6800,-117.8664,81
31.2361,-94.7544,125
37.1681,-97.0369,94
35.0311,-85.2014,103
29.6381,-95.2819,148
38.8100,-104.6883,224
32.6500,-114.6167,152
31.7800,-103.2017,134
29.9800,-95.3600,197
35.2333,-101.7089,130
31.3214,-85.4497,72
45.2486,-122.7686,89
30.5372,-91.1469,94
29.9933,-90.2511,139
62.3200,-150.0950,40
39.8250,-86.2958,81
44.2033,-72.5794,58
40.8206,-76.8642,45
25.9989,-80.2411,130
44.9358,-74.8458,76
26.1969,-80.1708,130
41.0089,-74.7367,58
37.7064,-112.1456,103
42.3978,-90.7036,103
40.6508,-75.4492,76
37.9406,-75.4631,63
7.4500,151.8333,77
40.7794,-73.8803,116
41.6117,-90.5808,89
28.7797,-81.2436,219
35.9403,-89.8308,81
27.9106,-82.6875,165
38.0408,-84.6058,49
40.7939,-73.1017,89
46.2667,-119.1167,58
41.3714,-73.4828,72
21.9839,-159.3405,103
35.0028,-105.6628,139
35.1967,-81.1558,58
42.5544,-92.4011,94
34.2719,-83.8303,63
44.0433,-103.0536,98
42.8914,-73.2469,54
44.9319,-93.0556,85
32.3206,-90.0778,94
44.5444,-110.4211,85
41.9922,-93.6217,94
41.9950,-87.9336,103
37.2833,-102.6139,183
45.0717,-83.5644,107
33.4536,-94.0075,81
30.0481,-102.2131,112
40.8289,-115.7886,116
28.1011,-80.6439,94
37.3031,-108.6275,116
44.9258,-89.6256,112
37.3592,-121.9239,89
35.8517,-97.4142,76
60.1283,-149.4167,40
33.9481,-83.3275,63
30.5069,-86.9597,107
42.9550,-87.9044,125
44.8428,-117.8086,94
41.8031,-78.6403,81
38.1311,-91.7683,76
47.9428,-97.1839,130
45.1947,-123.1339,103
45.6478,-68.6925,76
41.6328,-91.5431,85
44.3814,-106.7211,89
46.3583,-104.2500,94
35.2578,-93.0947,72
40.7789,-73.9692,76
41.1078,-92.4467,89
46.5683,-120.5428,72
34.7336,-76.6606,67
38.8317,-94.8897,85
36.7367,-97.1019,94
37.9272,-100.7247,139
32.8167,-115.6833,103
36.1189,-86.6892,94
40.4719,-81.4236,63
34.2006,-118.3575,76
40.0228,-82.4625,67
43.9922,-76.0217,76
42.5844,-110.1075,112
29.3331,-89.4075,121
33.8281,-116.5053,107
40.6386,-73.7622,112
39.7736,-94.9233,98
39.9061,-84.2186,58
40.1606,-113.3508,143
56.6000,-169.5650,76
44.6381,-90.1875,116
29.9506,-94.0206,143
38.0653,-97.8606,103
39.1353,-96.6778,98
42.3075,-85.2511,81
46.1236,-67.7928,89
42.4933,-79.2722,85
41.1214,-100.6694,107
37.7081,-77.4344,45
43.9844,-88.5569,107
40.3667,-75.9667,72
47.2078,-119.3192,58
34.7436,-118.7242,112
6.9667,158.2167,41
46.5486,-90.9189,112
44.4983,-88.1111,94
45.8183,-88.1144,121
42.7803,-84.5789,94
47.6831,-117.3214,67
32.5500,-88.5667,94
42.7611,-87.8136,103
39.2447,-102.2842,188
44.1708,-114.9272,85
32.8519,-96.8556,103
39.0431,-84.6717,54
46.0261,-91.4442,98
30.7044,-87.0231,103
39.8683,-75.2311,94
28.8208,-81.8097,125
42.1208,-87.9047,98
41.2531,-70.0608,85
30.4000,-81.4167,121
43.1953,-71.5011,54
43.1406,-89.3453,94
33.8719,-117.9789,76
39.8328,-104.6575,201
34.7000,-77.3833,63
41.2544,-80.6739,98
43.3497,-76.3847,63
37.4058,-122.0481,89
41.1014,-102.9847,134
37.6703,-95.4842,98
32.3847,-94.7117,94
33.4964,-90.0867,183
29.5442,-98.4839,116
62.9614,-141.9292,103
42.4272,-73.2892,67
38.8761,-98.8092,121
36.7436,-108.2292,125
44.3814,-100.2856,174
32.0311,-96.3989,72
