39.5781,-85.8033,1
41.6267,-73.8842,1
41.7636,-96.1778,1
30.2050,-91.9875,1
44.2839,-83.5036,1
39.1483,-89.1022,1
44.6889,-70.1567,1
39.3450,-81.4392,1
36.5575,-105.2628,1
15.1167,145.7167,1
40.7833,-91.1253,1
45.0831,-91.3311,1
45.6478,-68.6925,1
36.2833,-94.3000,1
42.2472,-78.8125,1
40.1764,-80.6472,1
41.8975,-77.1419,1
34.8831,-82.2203,1
42.0494,-90.7489,1
30.7167,-87.0167,1
38.5911,-92.1558,1
34.5467,-93.5781,1
43.7694,-87.8506,1
39.0431,-84.6717,1
41.9922,-93.6217,1
25.9069,-80.2803,1
40.6331,-93.9019,1
44.9358,-74.8458,1
43.9317,-69.8564,1
66.8667,-162.6333,1
38.1872,-80.1336,1
33.3633,-84.5658,1
44.5847,-85.3653,1
41.5886,-83.8014,1
40.6044,-98.4272,1
33.3064,-92.4833,1
33.4964,-90.0867,1
44.4200,-72.0194,1
41.9300,-79.2969,1
42.2417,-83.6933,1
40.4122,-86.9369,1
44.8831,-93.2289,1
46.1236,-67.7928,1
44.5344,-72.6144,1
64.5111,-165.4400,1
41.7803,-124.2367,1
44.9319,-93.0556,1
37.2253,-89.5706,1
26.5850,-81.8614,1
42.0931,-72.8036,1
33.6361,-91.7556,1
61.1781,-149.9664,1
37.2472,-83.1817,1
32.3336,-104.2581,1
34.4258,-119.8425,1
39.0083,-95.2117,1
40.0972,-92.5433,1
55.2208,-162.7325,1
39.5703,-104.8489,1
37.3578,-83.7706,1
37.8300,-84.0347,1
44.3592,-84.6739,1
55.5800,-133.0750,1
38.3794,-81.5900,1
46.0139,-102.6547,1
38.9989,-79.1361,1
38.3833,-81.8344,1
44.3853,-74.2067,1
43.3772,-72.1811,1
26.1522,-81.7753,1
59.5119,-139.6711,1
42.0675,-74.3356,1
29.7333,-85.0333,1
27.7628,-82.6261,1
36.5764,-92.6767,1
62.9575,-155.6103,1
38.8894,-86.5519,1
39.4833,-83.8500,1
43.3436,-72.5178,1
33.2208,-92.8142,1
36.5881,-121.8453,1
38.2103,-122.2847,1
44.6122,-72.0481,1
34.8364,-92.2619,1
41.5833,-81.1833,1
36.4650,-83.5603,1
25.7906,-80.3164,1
44.9892,-70.6719,1
24.7258,-81.0517,1
38.0700,-102.6881,1
29.9933,-90.2511,1
28.7247,-96.2536,1
43.5697,-76.1164,1
32.2997,-86.4075,1
47.9375,-124.5550,1
39.7750,-105.1169,1
33.4825,-90.9853,1
44.3394,-105.5419,1
42.8939,-85.5447,1
30.4781,-87.1869,1
33.1281,-117.2794,1
70.3289,-149.6114,1
39.7808,-79.0411,1
33.1783,-86.7817,1
42.6325,-72.1233,1
56.2472,-134.6447,1
36.3689,-92.4703,1
41.0908,-88.8158,1
38.9817,-81.5658,1
30.4119,-89.0808,1
39.3756,-99.8297,1
41.8833,-91.7167,1
40.4592,-74.5836,1
41.5631,-78.6014,1
43.9922,-76.0217,1
41.8031,-78.6403,1
28.8614,-96.9303,1
36.0097,-94.1694,1
56.3831,-134.6497,1
44.6500,-73.4667,1
34.6081,-79.0592,1
35.7636,-86.9322,1
35.2236,-80.9553,1
30.3489,-85.7881,1
37.0092,-92.7561,1
35.5453,-82.6986,1
48.6033,-112.3753,1
41.6961,-78.4878,1
46.1569,-123.8825,1
39.9444,-81.8922,1
61.1689,-150.0278,1
36.7367,-97.1019,1
36.5728,-79.3361,1
59.7444,-151.6347,1
36.1422,-82.4261,1
37.3592,-121.9239,1
39.2333,-83.6092,1
27.7411,-98.0247,1
30.5372,-91.1469,1
37.0872,-84.0769,1
36.6542,-80.9183,1
39.1333,-86.6167,1
27.4014,-82.5586,1
40.9611,-98.3136,1
31.2361,-94.7544,1
41.9950,-87.9336,1
37.8725,-82.5194,1
45.5644,-84.7928,1
35.8311,-90.6464,1
35.1803,-83.3928,1
37.3208,-79.2067,1
44.3981,-98.2231,1
44.2667,-71.2994,1
35.0714,-83.9683,1
37.2039,-80.4144,1
45.6308,-89.4653,1
40.8533,-76.7892,1
41.1783,-78.8989,1
29.9800,-95.3600,1
21.9839,-159.3405,1
41.9856,-97.4353,1
39.4781,-88.2803,1
26.1969,-80.1708,1
38.7042,-93.1833,1
42.3914,-96.3792,1
44.6353,-70.0003,1
38.5714,-90.1572,1
36.7725,-90.3247,1
38.0583,-83.9333,1
40.9781,-124.1086,1
36.9358,-121.7886,1
44.2033,-72.5794,1
36.0394,-95.9844,1
40.6831,-79.6683,1
38.7569,-82.8872,1
28.7797,-81.2436,1
38.8853,-79.8528,1
60.4889,-145.4511,1
42.2947,-83.7108,1
42.9389,-72.3247,1
43.2119,-90.1814,1
38.6892,-75.3592,1
42.2794,-72.3483,1
42.4264,-78.1919,1
37.9458,-79.9542,1
29.9506,-94.0206,1
44.3744,-70.3164,1
31.3347,-92.5586,1
39.3669,-101.7000,1
32.5161,-84.9422,1
40.4719,-81.4236,1
40.9167,-81.4333,1
37.9483,-83.4825,1
32.5722,-116.9794,1
35.7597,-91.6386,1
40.2064,-100.5914,1
26.0719,-80.1536,1
31.1828,-90.4708,1
36.9647,-86.4239,1
32.8158,-117.1394,1
37.9272,-100.7247,1
38.8050,-83.4356,1
46.9733,-122.9033,1
40.8097,-124.1603,1
64.8039,-147.8761,1
26.1658,-97.3458,1
41.8467,-79.1494,1
36.2667,-93.1567,1
36.1306,-80.5481,1
48.2006,-122.1281,1
37.8175,-82.7883,1
40.6508,-75.4492,1
44.7978,-68.8186,1
58.6794,-156.6294,1
41.4003,-79.8306,1
42.7461,-86.0967,1
30.6794,-88.2397,1
27.4981,-80.3767,1
44.0700,-70.7467,1
37.1025,-82.8047,1
61.1000,-149.6936,1
26.6847,-80.0994,1
40.4803,-83.8131,1
39.7197,-105.2472,1
39.4019,-77.9844,1
36.6636,-121.6081,1
28.5453,-81.3331,1
38.9286,-90.4281,1
39.8250,-86.2958,1
40.1519,-89.3386,1
42.2314,-83.3308,1
38.3650,-82.5550,1
35.4606,-81.3289,1
42.8914,-73.2469,1
34.1750,-91.9347,1
44.3206,-69.7972,1
46.9728,-123.9303,1
36.7458,-84.1753,1
38.6572,-90.6558,1
38.0442,-87.5206,1
40.6864,-100.0536,1
42.2614,-103.5189,1
27.6531,-80.2428,1
43.9042,-92.4917,1
38.3064,-79.7197,1
31.4583,-109.6061,1
43.5878,-96.7289,1
35.9508,-85.0814,1
37.0683,-88.7719,1
13.4836,144.7961,1
37.0683,-88.7725,1
34.8994,-120.4486,1
37.2353,-93.4003,1
38.1811,-85.7392,1
34.0500,-94.4008,1
31.5358,-82.5067,1
25.9156,-97.4186,1
44.6381,-90.1875,1
40.0397,-88.2778,1
40.2964,-78.3203,1
42.1106,-104.9492,1
41.2544,-80.6739,1
47.0083,-88.4317,1
40.1100,-87.9567,1
41.3933,-87.7650,1
33.2061,-97.1989,1
31.9514,-85.1289,1
41.1758,-87.9353,1
40.6142,-79.7192,1
38.1386,-78.4530,1
41.3375,-84.4289,1
34.9914,-78.8803,1
42.1997,-75.9850,1
29.6919,-82.2756,1
33.2194,-117.3494,1
30.4844,-81.7019,1
40.4847,-80.2144,1
41.5272,-85.7922,1
37.7889,-80.3083,1
43.4075,-94.7461,1
42.4272,-73.2892,1
37.5908,-83.3131,1
29.5189,-95.2417,1
44.8322,-93.4706,1
41.1311,-77.4336,1
40.7083,-84.0267,1
39.4519,-87.3089,1
37.6411,-80.8831,1
25.5011,-80.5500,1
42.3458,-72.1542,1
39.8889,-89.5997,1
42.1928,-89.0931,1
41.6328,-91.5431,1
33.5656,-86.7450,1
42.4281,-72.0275,1
38.0408,-84.6058,1
56.3511,-133.6264,1
30.7825,-83.2767,1
41.9903,-77.1567,1
42.9361,-73.4325,1
32.8667,-117.1333,1
46.4794,-84.3572,1
36.7683,-96.0261,1
37.2392,-80.1994,1
41.3197,-96.3672,1
38.3139,-81.7186,1
41.8158,-78.2872,1
30.7044,-87.0231,1
41.1078,-92.4467,1
41.7375,-77.1158,1
36.8781,-91.9025,1
39.3533,-100.4397,1
30.5347,-94.4456,1
47.2856,-68.3133,1
38.7003,-82.4736,1
35.4319,-82.5375,1
30.3361,-81.5147,1
37.7272,-80.6592,1
36.4731,-82.4044,1
40.0803,-95.5919,1
44.5483,-95.0803,1
36.6239,-87.4194,1
41.0669,-73.7075,1
41.7392,-77.9711,1
44.1472,-71.9656,1
44.9342,-95.7461,1
38.7642,-87.6056,1
41.3300,-77.7381,1
38.1311,-91.7683,1
43.1544,-93.3269,1
43.6497,-70.3003,1
29.1097,-95.4619,1
39.4700,-80.8572,1
28.4339,-81.3250,1
30.0375,-91.8839,1
35.8036,-82.6658,1
36.0236,-84.2375,1
42.4447,-72.5528,1
48.5614,-93.3981,1
42.5950,-87.9381,1
46.9258,-98.6692,1
42.0744,-88.7075,1
42.3108,-78.0231,1
43.1561,-90.6775,1
42.0736,-78.4517,1
37.6183,-79.4358,1
41.0461,-83.6622,1
37.0947,-81.7936,1
27.9619,-82.5403,1
44.8664,-91.4878,1
36.0717,-91.6169,1
41.6236,-98.9517,1
39.0597,-87.6625,1
42.3978,-90.7036,1
35.9886,-92.7161,1
36.1956,-93.1061,1
43.6303,-72.5072,1
62.8256,-149.9061,1
42.7431,-73.8092,1
39.3933,-81.2192,1
47.9742,-117.4283,1
28.0836,-97.0464,1
41.4333,-99.6333,1
46.8706,-68.0172,1
43.1953,-71.5011,1
43.7203,-91.9717,1
35.2372,-120.6414,1
39.9914,-82.8808,1
43.3500,-73.6167,1
34.7442,-87.5997,1
41.1758,-91.8183,1
42.3861,-72.5375,1
40.0839,-88.2403,1
25.6475,-80.4331,1
44.4983,-88.1111,1
31.8311,-104.8089,1
31.2819,-89.2531,1
41.4039,-78.0183,1
28.8208,-81.8097,1
32.3347,-88.7442,1
21.3239,-157.9294,1
34.6525,-86.9453,1
44.8797,-87.3356,1
37.7797,-89.2497,1
35.0678,-77.0481,1
36.2606,-76.1750,1
57.1553,-170.2222,1
30.3567,-95.4139,1
41.9381,-72.6825,1
40.6675,-89.6839,1
41.6117,-90.5808,1
45.3581,-86.8911,1
37.0875,-82.9925,1
38.4503,-83.7355,1
43.1111,-76.1039,1
43.1167,-77.6767,1
44.4911,-71.5725,1
35.5931,-88.9167,1
39.7075,-86.2803,1
44.4683,-73.1500,1
39.1894,-103.7158,1
40.7833,-81.9167,1
18.4325,-66.0108,1
42.1244,-86.4267,1
35.5953,-82.5567,1
42.3417,-75.9653,1
44.4169,-71.5008,1
