43.8544,-116.4664,156
43.9794,-117.0247,117
40.1100,-87.9567,117
41.1453,-85.4897,94
47.0575,-109.9514,117
33.2564,-81.2422,183
34.1944,-79.2472,206
41.8161,-80.4250,128
40.4750,-86.9919,122
32.7547,-104.3836,144
34.2183,-81.0731,239
42.7831,-71.4147,150
37.1317,-86.1481,172
37.8194,-85.3847,200
42.1397,-87.7853,128
28.4575,-97.7061,278
44.4933,-68.4583,100
40.4719,-74.4364,156
62.1925,-150.5033,61
37.0683,-88.7725,189
46.8706,-68.0172,89
38.4558,-86.6983,172
40.2233,-86.1086,178
44.9847,-93.1772,106
34.4719,-81.8839,206
35.6214,-88.8456,206
32.3500,-94.6500,211
37.9311,-98.0297,150
40.0739,-87.5067,150
39.4833,-83.8500,139
42.2947,-83.7108,106
34.7289,-80.0389,217
37.1244,-87.8672,111
38.4661,-101.7758,144
39.4708,-87.4081,178
27.7792,-97.5056,239
38.7003,-82.4736,233
39.4700,-80.8572,144
38.7386,-87.4878,150
28.7156,-97.1742,244
41.0267,-86.5867,144
34.1419,-80.8700,217
35.6042,-91.2744,211
45.0853,-67.1203,100
38.5200,-89.8467,172
38.8894,-86.5519,161
64.9156,-148.2711,17
42.3806,-96.9575,122
32.2822,-106.7597,211
41.4439,-86.9294,117
40.7928,-87.7556,117
47.6811,-117.6267,89
33.7775,-81.8467,239
40.9361,-90.7197,144
36.1306,-80.5481,194
32.5133,-92.3486,206
44.8831,-85.6753,94
40.2539,-85.1483,156
32.9206,-86.6708,228
46.3414,-86.9242,78
38.3139,-81.7186,178
36.7578,-90.4056,200
28.8608,-97.0181,267
40.8142,-85.1547,117
37.9931,-100.8122,133
37.1167,-84.6167,178
44.5208,-101.6192,133
20.7583,-156.3211,200
