36.3200,-115.7000,72
36.7200,-106.2600,54
43.8000,-114.8500,54
43.7600,-116.1000,65
35.7700,-105.7800,29
36.5100,-106.3200,7
40.3000,-111.2600,131
43.7600,-115.2400,60
43.7300,-113.8300,46
39.1900,-120.2600,100
39.3600,-106.0600,50
36.2500,-115.6300,89
39.2900,-117.1100,55
36.8600,-106.2300,18
46.2400,-117.3900,61
44.2100,-110.6700,66
44.7900,-116.0900,64
38.4000,-119.5400,49
35.9200,-106.3900,42
48.7200,-116.4600,59
41.4000,-107.2600,44
36.1900,-105.5600,31
40.8300,-111.7600,66
36.0300,-106.8100,42
36.0700,-105.6300,46
36.9600,-106.6600,38
35.3400,-111.6500,95
36.7900,-105.2400,34
39.4300,-120.3100,40
36.0000,-106.8300,50
40.5300,-106.7800,40
36.3100,-115.6800,73
39.8000,-106.0300,334
36.9900,-105.2600,75
36.1300,-105.5300,55
44.3800,-116.3400,47
39.3100,-111.4300,98
35.7800,-105.5400,32
