32.1300,-81.2100,1
40.6331,-93.9019,1
34.7436,-118.7242,1
41.8706,-103.5931,1
35.6950,-101.3950,1
43.4075,-94.7461,1
39.6428,-79.9164,1
59.5119,-139.6711,1
41.7803,-124.2367,1
41.5339,-93.6531,1
33.4617,-80.8581,1
38.0494,-103.5122,1
42.0647,-104.1528,1
30.7439,-95.5861,1
40.1667,-103.2167,1
45.5114,-118.4247,1
31.2361,-94.7544,1
37.9272,-100.7247,1
30.4844,-81.7019,1
39.7736,-94.9233,1
43.7331,-103.6114,1
29.9506,-94.0206,1
42.0572,-102.8000,1
36.0167,-102.5500,1
30.1831,-97.6800,1
43.0206,-102.5183,1
36.6817,-101.5053,1
47.4733,-111.3822,1
32.3542,-95.4025,1
38.8853,-79.8528,1
32.8986,-80.0403,1
38.0700,-102.6881,1
29.6919,-82.2756,1
40.4719,-81.4236,1
31.5358,-82.5067,1
45.5406,-122.9486,1
30.3567,-95.4139,1
57.1553,-170.2222,1
30.3489,-85.7881,1
31.6189,-97.2283,1
41.4914,-120.5644,1
41.1014,-102.9847,1
44.0433,-103.0536,1
43.3436,-72.5178,1
44.3853,-74.2067,1
