32.5667,-117.1167,240
40.2342,-85.3936,70
30.0494,-90.0289,360
43.9906,-70.9475,60
45.6194,-121.1661,290
47.2767,-121.3372,240
35.2333,-101.7089,130
34.2622,-88.7714,30
32.3367,-90.2214,350
32.6500,-114.6167,230
37.1431,-107.7597,210
37.4389,-105.8614,160
30.0481,-102.2131,100
34.2675,-77.8997,60
45.2486,-122.7686,10
46.7708,-100.7603,140
34.2008,-119.2069,270
35.2372,-120.6414,310
28.8208,-81.8097,290
43.0661,-108.4767,20
60.7850,-161.8292,230
64.7767,-141.1483,130
41.6117,-90.5808,50
37.2253,-89.5706,20
38.8169,-92.2183,40
27.4981,-80.3767,290
40.4122,-86.9369,60
38.9286,-90.4281,20
34.8822,-95.7831,350
35.0169,-80.6206,50
38.3000,-76.4167,60
36.2117,-115.1958,330
41.3461,-82.1794,70
40.9781,-124.1086,340
46.7994,-102.7972,130
37.7461,-97.2211,70
41.7806,-122.4717,30
33.0375,-116.9158,210
42.8153,-108.7261,30
34.9883,-117.8647,230
32.5722,-116.9794,260
36.0097,-94.1694,340
42.5950,-87.9381,60
39.6014,-116.0056,100
47.2856,-68.3133,350
34.1750,-91.9347,10
43.0206,-102.5183,170
39.7333,-77.4333,50
44.4683,-73.1500,40
41.8833,-91.7167,60
39.8233,-93.5792,30
43.5164,-112.0672,10
36.0394,-95.9844,10
29.7333,-85.0333,310
34.4258,-119.8425,140
43.9922,-76.0217,20
41.6764,-70.9583,40
44.1278,-123.2206,20
42.2333,-83.5333,50
31.3214,-85.4497,340
38.3794,-81.5900,50
46.9208,-114.0925,110
36.7414,-104.5022,160
41.2531,-70.0608,30
44.2558,-121.1392,20
41.5272,-85.7922,60
31.3558,-85.7511,320
44.3592,-89.8369,70
37.3278,-95.5042,20
41.6264,-80.2150,80
60.1283,-149.4167,350
43.9658,-107.9508,340
42.2667,-84.4667,60
35.1442,-111.6664,230
61.2169,-149.8550,330
40.0397,-88.2778,50
64.5500,-149.0717,70
26.2500,-80.1083,270
36.9839,-77.0075,40
48.4608,-119.5167,10
40.0681,-118.5692,280
21.4500,-157.7833,40
38.8761,-98.8092,120
30.0675,-95.5561,360
44.3394,-105.5419,160
41.0089,-74.7367,50
34.0511,-118.2353,100
37.9272,-100.7247,130
39.3792,-74.4242,70
26.5361,-81.7550,270
39.8447,-89.6839,50
37.2839,-98.5528,90
39.5703,-104.8489,350
64.3267,-158.7417,210
40.4847,-80.2144,90
30.5892,-96.3647,10
44.7694,-106.9689,310
44.0511,-101.6011,140
40.7789,-73.9692,60
44.5344,-72.6144,30
34.9894,-99.0525,90
35.3889,-97.6006,50
35.4344,-119.0542,340
33.9786,-98.4928,40
39.0725,-95.6261,80
36.3189,-119.6289,180
40.6825,-74.1694,40
40.0803,-95.5919,80
27.7839,-97.5108,100
41.9097,-70.7294,40
46.7439,-117.1086,60
42.9486,-78.7369,60
37.9917,-122.0550,210
42.6958,-73.1708,120
29.3389,-98.4719,70
42.6425,-77.0564,30
42.7431,-73.8092,20
42.0647,-104.1528,90
28.4339,-81.3250,290
44.3814,-100.2856,130
41.1519,-104.8061,130
44.3853,-74.2067,50
33.6267,-116.1594,340
37.6542,-122.1150,260
40.4422,-109.5144,210
34.0500,-94.4008,60
41.6686,-70.2800,40
38.3650,-82.5550,40
33.6228,-111.9106,200
41.1583,-73.1289,50
33.6361,-91.7556,30
59.7494,-154.9089,90
39.4519,-87.3089,70
36.7800,-119.7194,330
37.0911,-95.5664,40
30.0375,-91.8839,30
42.9550,-87.9044,80
42.1469,-121.7242,30
32.3542,-95.4025,10
39.9369,-91.1919,30
41.4525,-87.0058,70
37.7214,-122.2208,260
42.9667,-83.7494,80
37.2833,-102.6139,190
45.7728,-122.8611,360
40.8764,-74.2831,70
34.6517,-112.4208,220
36.0969,-79.9433,50
33.8117,-78.7239,80
33.1783,-86.7817,310
37.5050,-77.3203,30
45.0717,-83.5644,80
45.6689,-96.9914,150
38.9408,-77.4636,50
42.8939,-85.5447,80
42.5519,-71.7558,30
32.5428,-93.7450,320
41.2639,-72.8872,30
34.2006,-118.3575,130
58.6794,-156.6294,180
62.3200,-150.0950,40
47.5303,-122.3008,310
38.5050,-107.8975,120
45.4558,-98.4131,140
45.5511,-122.4089,320
42.1094,-77.9919,120
41.6328,-91.5431,50
33.2119,-87.6161,350
46.9253,-96.8111,140
46.1569,-123.8825,320
34.9869,-81.0575,30
40.8436,-72.6322,50
41.0731,-71.9233,50
41.3375,-84.4289,40
39.3669,-101.7000,130
36.3333,-119.9500,220
39.9444,-81.8922,60
33.4050,-118.4158,240
34.6294,-118.0836,240
34.4272,-100.2831,50
31.4208,-110.8458,210
37.3031,-108.6275,220
39.2292,-106.3169,180
44.5483,-95.0803,80
29.7036,-98.0281,70
33.8750,-84.3022,360
40.8217,-72.8689,50
42.5544,-92.4011,80
36.1189,-86.6892,10
32.6847,-83.6528,30
42.4092,-83.0100,60
36.6239,-87.4194,10
48.5428,-109.7633,320
32.2622,-107.7206,190
40.8203,-82.5178,60
31.3711,-100.4922,70
35.6169,-106.0889,160
30.3208,-97.7603,100
40.0489,-107.8853,270
41.5944,-109.0528,40
35.5931,-88.9167,350
42.7611,-87.8136,80
41.5631,-83.4764,60
47.4444,-122.3139,360
46.0947,-118.2869,180
39.3450,-81.4392,50
32.3500,-91.0278,10
32.9733,-97.3181,70
27.5333,-99.4667,110
30.7797,-86.5225,320
38.6956,-121.5897,200
48.0944,-105.5744,60
33.9519,-117.4386,270
48.2553,-101.2733,110
41.4333,-99.6333,140
38.8000,-97.6500,80
71.2833,-156.7814,40
31.3347,-92.5586,10
29.6381,-95.2819,60
45.0133,-84.7014,70
42.7461,-86.0967,70
40.1519,-122.2536,360
33.5656,-86.7450,340
27.9106,-82.6875,330
42.1128,-92.9175,60
37.3711,-118.3581,160
30.4781,-87.1869,330
29.1097,-95.4619,340
40.1203,-76.2944,70
43.4075,-94.7461,70
44.6381,-90.1875,80
30.6794,-88.2397,350
32.7667,-97.4500,30
38.4167,-113.0167,220
46.4167,-86.6500,90
33.9381,-118.3889,260
47.9078,-122.2803,340
40.7794,-73.8803,50
32.7336,-117.1831,170
38.7642,-87.6056,60
45.8183,-88.1144,60
66.9161,-151.5089,20
37.7086,-113.0944,210
40.2064,-100.5914,120
46.4267,-105.8825,150
35.8922,-78.7819,50
36.0167,-102.5500,140
38.1811,-85.7392,50
26.0719,-80.1536,250
40.6331,-93.9019,50
33.6800,-117.8664,190
41.5333,-71.2833,30
28.4736,-82.4544,300
17.7028,-64.8056,160
48.5222,-123.0231,360
40.6161,-83.0636,60
38.8853,-79.8528,140
39.4019,-77.9844,20
42.4167,-87.8667,60
70.6392,-159.9950,40
29.1828,-81.0483,300
43.1406,-89.3453,80
37.2958,-81.2078,70
32.3336,-104.2581,350
25.7906,-80.3164,250
26.9172,-81.9914,290
32.8342,-115.5786,250
31.9514,-85.1289,310
34.7442,-87.5997,350
33.4669,-82.0386,10
39.1667,-76.6833,60
35.9333,-79.0642,40
45.1947,-123.1339,360
18.3331,-64.9667,140
41.8678,-84.0794,70
44.3675,-71.5450,20
41.1078,-92.4467,40
36.1625,-97.0894,50
47.9375,-124.5550,50
41.1214,-100.6694,130
24.5550,-81.7522,300
43.7700,-88.4864,70
46.0261,-91.4442,60
28.8614,-96.9303,60
45.5433,-94.0514,70
41.5175,-81.6836,60
40.4719,-81.4236,60
24.5833,-81.6833,280
40.6508,-75.4492,60
41.5092,-74.2650,40
32.8519,-96.8556,20
36.8167,-76.0333,60
18.2550,-65.6408,200
38.8100,-104.6883,110
34.1853,-79.7239,40
41.2433,-76.9217,110
25.9069,-80.2803,270
47.0492,-109.4578,300
36.7683,-96.0261,10
31.4156,-87.0442,360
42.3075,-85.2511,50
43.5331,-84.0797,60
36.9878,-120.1106,330
41.1389,-75.3794,80
38.7550,-109.7542,320
40.2383,-75.5572,50
35.5144,-108.7939,230
33.9706,-80.9958,50
34.2167,-119.0833,230
48.2138,-106.6213,100
48.1203,-123.4983,230
35.2236,-80.9553,50
26.1522,-81.7753,280
44.5169,-108.0822,310
38.6572,-90.6558,30
47.9742,-117.4283,40
39.3756,-99.8297,140
38.8983,-119.9947,190
31.9433,-102.1889,120
34.2900,-93.0600,70
32.8167,-115.6833,250
28.0622,-81.7542,300
44.8428,-117.8086,300
39.7556,-82.6572,60
30.4000,-81.4167,250
35.2578,-93.0947,50
18.4325,-66.0108,160
34.6439,-86.7861,20
31.6072,-110.4281,240
37.2622,-104.3378,240
40.2769,-74.8158,40
42.0800,-80.1825,60
63.9944,-145.7214,110
47.3258,-106.9475,280
46.5486,-90.9189,40
55.5800,-133.0750,40
46.8706,-68.0172,360
32.8158,-117.1394,250
47.4933,-122.2144,320
30.1831,-97.6800,80
35.1822,-103.6031,170
40.8289,-115.7886,40
33.3644,-81.9633,10
39.4781,-88.2803,40
21.3167,-158.0667,30
43.3500,-73.6167,20
59.4556,-135.3239,220
30.9119,-102.9167,140
39.1258,-123.2008,300
37.7064,-112.1456,190
44.9047,-97.1494,100
45.5464,-100.4078,150
40.1667,-103.2167,120
43.1711,-86.2367,70
33.7792,-84.5214,50
60.7850,-148.8389,150
31.8606,-86.0122,330
45.0319,-102.0192,130
31.6189,-97.2283,40
35.5342,-97.6469,80
43.8789,-91.2528,80
13.4836,144.7961,40
47.2675,-122.5761,360
34.8831,-82.2203,20
44.3981,-98.2231,150
31.8311,-104.8089,60
47.6831,-117.3214,60
47.3078,-119.5153,350
39.1333,-86.6167,40
35.8550,-77.8931,40
40.7833,-91.1253,40
35.0028,-105.6628,100
39.9181,-76.8742,60
67.7317,-164.5483,80
39.6428,-79.9164,110
30.6264,-88.0681,330
40.5175,-122.2986,10
36.6206,-116.0278,210
30.3975,-84.3289,310
42.8375,-103.0953,180
28.7247,-96.2536,60
46.0139,-102.6547,130
45.9647,-112.5006,20
37.2353,-93.4003,30
38.3083,-75.1239,60
42.8914,-73.2469,100
38.0442,-87.5206,30
19.7192,-155.0531,340
30.5069,-86.9597,320
39.7075,-86.2803,40
37.1319,-76.4930,70
39.6728,-75.6008,50
26.1839,-98.2539,100
44.7408,-85.5825,90
41.7361,-72.6506,40
38.3306,-96.1897,50
22.0333,-159.7833,360
48.6033,-112.3753,340
43.4133,-124.2436,360
36.2967,-99.7689,290
34.2719,-83.8303,70
41.8706,-103.5931,110
43.8339,-111.8045,10
39.8344,-88.8656,50
39.8328,-104.6575,130
42.2706,-71.8731,60
37.6928,-121.8144,260
42.1928,-89.0931,70
37.0683,-88.7719,40
39.5936,-84.2264,50
44.0433,-103.0536,140
41.2003,-74.6231,40
33.4964,-90.0867,10
41.4131,-81.8600,60
37.1467,-94.5022,30
32.6261,-116.4681,210
36.1994,-95.8872,10
39.1033,-84.4189,40
57.1553,-170.2222,250
40.6675,-89.6839,50
46.8369,-92.2097,90
40.1764,-80.6472,60
30.7044,-87.0231,330
37.6544,-97.4425,80
37.7081,-77.4344,20
32.7817,-98.0603,90
39.4900,-121.6183,50
46.9258,-98.6692,130
31.5358,-82.5067,290
34.9000,-76.8833,110
42.8050,-72.0036,40
41.7219,-71.4325,30
35.0564,-89.9864,30
35.3331,-94.3625,30
41.3931,-70.6150,50
44.4983,-88.1111,60
36.6636,-121.6081,240
39.3667,-75.0667,60
55.0389,-131.5786,320
37.0872,-84.0769,40
34.0158,-118.4514,220
29.9506,-94.0206,350
31.3928,-92.2956,340
41.5097,-72.8278,50
42.5906,-117.8644,20
32.4833,-80.7167,100
41.6875,-69.9933,50
27.6531,-80.2428,280
30.8458,-85.6014,350
43.1544,-93.3269,60
37.6242,-120.9506,340
34.7000,-77.3833,90
38.1386,-78.4530,30
41.9950,-87.9336,50
26.2281,-97.6542,60
29.3783,-100.9269,140
35.9403,-89.8308,40
33.8117,-118.1464,130
34.4978,-82.7097,60
39.5781,-85.8033,50
46.1442,-115.5964,310
40.5100,-101.6200,150
70.1917,-148.4772,20
44.1708,-114.9272,360
41.3119,-105.6747,150
43.2781,-70.9222,20
42.4819,-114.4869,100
30.3489,-85.7881,330
59.4433,-151.7017,180
32.5156,-92.0406,10
33.2367,-107.2681,210
32.6808,-96.8681,40
30.3433,-89.8222,360
37.7608,-99.9683,130
42.7803,-84.5789,70
40.6239,-74.6694,40
31.8456,-86.6108,340
32.7100,-96.2672,20
42.5417,-113.7661,50
35.0678,-77.0481,120
38.0494,-103.5122,160
30.8356,-85.1839,340
44.0206,-117.0128,310
38.2900,-104.4983,110
55.3567,-131.7117,320
41.0375,-81.4642,70
29.9933,-90.2511,10
36.9358,-121.7886,260
39.3644,-84.5247,70
38.5911,-92.1558,60
47.0339,-120.5303,310
45.8258,-119.2611,240
47.4667,-87.8833,140
30.7406,-98.2353,70
31.4583,-109.6061,230
36.7436,-108.2292,200
48.7939,-122.5372,20
38.9597,-94.3714,30
39.5514,-97.6508,110
34.3622,-98.9761,60
39.2231,-106.8683,320
15.1167,145.7167,40
47.2078,-119.3192,10
40.8097,-124.1603,10
41.6236,-98.9517,100
39.8683,-75.2311,40
38.2281,-85.6636,50
41.1014,-102.9847,150
46.1236,-67.7928,360
40.7083,-84.0267,50
40.8500,-74.0614,50
38.5000,-77.3000,70
34.8536,-116.7858,220
32.8978,-97.0189,20
39.1894,-103.7158,130
36.6950,-76.1356,60
33.1281,-117.2794,240
31.1500,-92.9667,30
29.6333,-83.1053,30
42.9203,-112.5711,10
43.7694,-87.8506,60
43.6497,-70.3003,30
36.5881,-121.8453,240
30.5108,-99.7664,70
31.1828,-90.4708,340
41.7781,-80.6958,80
32.5500,-88.5667,340
34.5467,-93.5781,30
37.6703,-95.4842,50
35.9508,-85.0814,20
35.2578,-113.9331,230
45.6478,-68.6925,50
34.7336,-76.6606,140
28.5453,-81.3331,290
43.1561,-90.6775,80
26.5850,-81.8614,290
41.7419,-72.1836,60
56.6000,-169.5650,260
38.7667,-104.3000,120
41.9922,-93.6217,70
43.1111,-76.1039,100
35.7425,-81.3819,40
34.7436,-118.7242,200
33.3075,-104.5083,110
34.8994,-120.4486,300
42.6003,-123.3642,40
33.8281,-116.5053,320
48.7167,-94.6000,110
41.5339,-93.6531,50
42.3811,-122.8722,50
40.4953,-107.5211,300
47.4733,-111.3822,330
39.4839,-119.7711,10
46.9733,-122.9033,40
38.5714,-90.1572,40
47.3864,-92.8389,120
45.8678,-95.3942,90
42.2228,-83.7444,60
42.1244,-86.4267,70
37.3208,-79.2067,40
41.9856,-97.4353,130
39.2775,-120.7103,50
46.5683,-120.5428,20
43.9636,-69.7117,70
35.6575,-109.0614,220
43.3906,-99.8422,120
35.1350,-90.2344,20
35.4319,-82.5375,10
30.7439,-95.5861,330
39.0083,-95.2117,50
34.7675,-114.6189,160
39.8250,-86.2958,40
44.6500,-73.4667,10
55.2208,-162.7325,270
34.2097,-118.4892,150
41.4914,-120.5644,360
30.3567,-95.4139,330
33.4617,-80.8581,30
44.8831,-93.2289,70
47.9428,-97.1839,150
38.8317,-94.8897,50
38.8483,-77.0342,50
31.2819,-89.2531,360
43.6264,-72.3047,350
34.6719,-82.8864,60
44.9050,-123.0011,20
32.5161,-84.9422,340
41.3714,-73.4828,60
36.9647,-86.4239,40
58.3567,-134.5639,250
29.6919,-82.2756,280
39.1208,-94.5969,50
26.1658,-97.3458,70
38.0408,-84.6058,40
36.9261,-111.4478,360
29.2733,-94.8592,30
39.5264,-107.7264,260
35.8311,-90.6464,40
41.9144,-88.2464,60
41.8756,-71.0211,30
46.4047,-94.1308,120
42.3978,-90.7036,70
27.4014,-82.5586,330
37.5908,-83.3131,60
34.1167,-119.1167,280
35.2100,-99.1200,310
33.4825,-90.9853,350
35.6567,-95.3614,20
44.8322,-93.4706,70
34.9914,-78.8803,20
35.2325,-75.6219,110
45.5644,-84.7928,80
61.1689,-150.0278,140
47.7472,-90.3444,70
29.9800,-95.3600,40
32.2997,-86.4075,310
34.7272,-92.2389,50
42.6650,-83.4181,80
36.2833,-94.3000,10
39.1342,-108.5400,310
33.5872,-85.8556,310
30.4844,-81.7019,280
38.1847,-84.9033,40
43.2119,-90.1814,80
40.9017,-117.8081,20
33.8719,-117.9789,140
47.1686,-88.4889,90
40.0819,-75.0111,50
41.5886,-83.8014,60
43.3497,-76.3847,50
40.8731,-81.8867,70
39.0431,-84.6717,60
25.9989,-80.2411,260
36.7367,-97.1019,100
39.4203,-83.8217,50
41.8056,-107.1997,40
38.0511,-117.0903,130
43.1167,-77.6767,70
34.7917,-79.3661,40
42.8975,-106.4636,10
48.5614,-93.3981,90
32.1314,-110.9553,200
26.1969,-80.1708,260
36.6817,-101.5053,130
34.8461,-82.3461,40
45.6983,-110.4408,330
36.0236,-84.2375,60
41.7072,-86.3164,80
44.5761,-71.1786,10
30.7825,-83.2767,10
27.7628,-82.6261,350
33.6542,-101.8136,130
37.1681,-97.0369,60
40.1606,-113.3508,80
43.1953,-71.5011,50
30.2050,-91.9875,20
26.6847,-80.0994,300
30.5372,-91.1469,30
43.1644,-95.2017,100
62.9614,-141.9292,120
42.3914,-96.3792,110
57.0481,-135.3647,320
42.9333,-71.4383,30
46.3583,-104.2500,140
45.8069,-108.5422,340
39.9492,-74.8417,50
41.7803,-124.2367,330
33.4536,-94.0075,10
47.6458,-101.4394,120
45.6044,-103.5464,130
42.5700,-72.2911,30
60.4889,-145.4511,100
35.0281,-110.7208,220
20.8997,-156.4286,40
45.4622,-69.5953,20
40.9706,-85.2064,50
32.6636,-97.0939,360
33.9486,-81.1186,50
31.2361,-94.7544,360
42.4933,-79.2722,60
40.0781,-83.0781,50
40.1936,-76.7633,80
44.3592,-84.6739,90
62.1592,-145.4589,160
66.8667,-162.6333,110
36.2667,-93.1567,40
57.7511,-152.4856,170
32.3347,-88.7442,350
42.5844,-110.1075,140
60.5797,-151.2392,50
46.2667,-119.1167,280
39.4167,-118.7167,290
42.4700,-71.2894,50
38.2103,-122.2847,180
33.9753,-117.6361,250
44.5228,-114.2150,30
37.4058,-122.0481,270
32.0311,-96.3989,40
40.6386,-73.7622,50
39.1353,-96.6778,60
62.9575,-155.6103,190
33.3633,-84.5658,10
41.6267,-73.8842,40
31.3089,-86.3939,330
35.6875,-117.6931,180
34.5183,-109.3792,250
41.1783,-78.8989,70
46.6056,-111.9636,350
37.3169,-79.9742,20
42.0572,-102.8000,170
45.5406,-122.9486,10
38.6892,-75.3592,50
32.4106,-99.6822,130
28.4567,-99.2183,110
40.0972,-92.5433,50
41.3103,-95.8992,120
42.1208,-87.9047,60
38.9833,-76.4667,50
47.4569,-115.6450,120
34.6081,-79.0592,20
25.9156,-97.4186,60
42.8783,-100.5500,140
41.7700,-88.4814,30
38.9503,-95.6639,70
36.2606,-76.1750,50
32.8547,-109.6353,310
27.9619,-82.5403,310
36.9500,-76.2833,60
29.5442,-98.4839,100
32.4506,-93.8411,80
31.5883,-110.3442,230
21.3239,-157.9294,40
37.8892,-121.2258,260
41.4653,-90.5233,70
40.7342,-73.4169,50
41.9381,-72.6825,30
36.7725,-90.3247,10
33.1803,-96.5903,360
43.5950,-118.9564,310
59.5119,-139.6711,40
39.7736,-94.9233,40
33.4278,-112.0039,260
45.0619,-93.3508,50
34.7411,-118.2117,230
33.2208,-92.8142,60
32.3206,-90.0778,20
40.8206,-76.8642,40
33.9228,-118.3342,260
36.8781,-91.9025,30
30.1250,-93.2158,360
39.2447,-102.2842,160
34.0561,-117.6003,240
19.7356,-156.0489,360
43.2389,-123.3547,360
29.3331,-89.4075,340
35.6950,-101.3950,140
44.8889,-116.1017,40
42.1594,-76.8919,50
39.1019,-121.5678,160
41.3325,-122.3328,310
31.5356,-84.1944,310
42.7172,-71.1239,40
40.0228,-82.4625,70
44.3814,-106.7211,340
43.9042,-92.4917,80
42.1908,-71.1736,50
44.2033,-72.5794,50
42.7972,-105.3856,150
66.0689,-162.7639,150
41.2731,-111.0306,230
29.5189,-95.2417,350
39.7078,-77.7297,60
45.6308,-89.4653,80
40.9167,-81.4333,80
35.9461,-112.1547,240
38.3406,-75.5103,50
47.6217,-117.5281,30
31.8111,-106.3758,280
41.3275,-72.0494,50
41.0669,-73.7075,50
41.7872,-111.8533,100
21.1544,-157.0961,30
47.2381,-123.1408,120
37.3592,-121.9239,270
38.7525,-90.3736,40
45.5114,-118.4247,10
42.4272,-73.2892,50
38.0700,-102.6881,170
43.9844,-88.5569,80
34.6525,-86.9453,20
32.8192,-97.3614,40
33.2194,-117.3494,230
44.9319,-93.0556,70
40.3161,-78.8339,90
42.2314,-83.3308,40
35.6697,-120.6283,190
41.2544,-80.6739,110
38.1311,-91.7683,20
61.5961,-149.0917,360
38.0653,-97.8606,80
43.5667,-116.2406,290
64.5111,-165.4400,130
30.3361,-81.5147,300
35.0419,-106.6156,90
21.9839,-159.3405,40
41.0467,-78.4117,50
40.6044,-98.4272,120
41.3336,-75.7269,70
42.5708,-77.7133,70
61.1781,-149.9664,330
37.7836,-81.1231,120
28.1011,-80.6439,280
31.7800,-103.2017,340
31.9206,-102.3867,120
25.6475,-80.4331,270
42.1997,-75.9850,70
39.9914,-82.8808,40
42.1578,-72.7161,40
32.3847,-94.7117,330
36.9033,-76.1922,60
33.6186,-114.7142,190
40.3667,-75.9667,70
47.3978,-120.2014,300
45.7881,-111.1608,320
27.7411,-98.0247,110
35.8517,-97.4142,70
32.1300,-81.2100,260
64.8039,-147.8761,30
40.3547,-79.9217,90
35.1967,-81.1558,40
29.3600,-99.1742,90
36.4486,-103.1539,160
27.5000,-97.8167,90
33.2061,-97.1989,60
43.7331,-103.6114,120
30.7167,-87.0167,320
38.8500,-94.7392,30
41.1961,-112.0114,160
40.3300,-75.1225,40
30.2333,-81.6667,340
41.3497,-71.7989,40
41.7861,-87.7522,60
44.7978,-68.8186,30
40.2172,-76.8514,70
27.6833,-97.2833,110
48.3042,-114.2636,30
33.6300,-84.4417,30
42.5842,-70.9175,40
30.4119,-89.0808,340
43.3436,-72.5178,80
44.0219,-82.7931,80
44.3206,-69.7972,30
36.4731,-82.4044,50
40.2964,-78.3203,40
38.7042,-93.1833,40
33.9481,-83.3275,60
37.6197,-122.3647,270
70.2117,-151.0017,50
38.3775,-121.9575,350
33.6883,-112.0817,250
30.4000,-86.4717,330
34.5583,-98.4172,20
32.8667,-117.1333,220
36.5728,-79.3361,40
40.8508,-96.7475,100
37.2847,-120.5128,260
38.5039,-122.8103,30
40.9611,-98.3136,110
43.7667,-98.0333,130
31.4000,-93.2833,360
45.6906,-118.8528,260
45.6208,-122.6572,330
37.7797,-89.2497,50
34.3478,-85.1611,350
48.1739,-103.6367,140
43.2339,-75.4117,90
37.9406,-75.4631,60
44.9258,-89.6256,90
39.6092,-110.7547,140
30.4636,-88.5319,350
42.3606,-71.0106,40
46.4794,-84.3572,120
29.6222,-95.6564,10
39.2956,-80.2289,90
28.0836,-97.0464,120
42.2347,-85.5519,60
35.6542,-105.1419,170
39.2972,-94.7306,50
36.0719,-115.1633,340
45.5908,-122.6003,310
46.9006,-95.0678,100
36.1336,-80.2222,40
28.7797,-81.2436,270
43.1072,-78.9453,70
40.7781,-111.9694,100
41.7636,-96.1778,80
34.1231,-84.8486,350
36.3689,-92.4703,90
38.5069,-121.4950,230
44.8664,-91.4878,70
43.5878,-96.7289,90
24.7258,-81.0517,280
39.2953,-114.8467,220
42.7267,-114.4564,20
39.4494,-74.5672,50
45.2575,-112.5545,40
46.3747,-117.0156,70
39.9061,-84.2186,50
38.1417,-76.4292,50
44.5444,-110.4211,20
34.2486,-82.1592,10
40.7939,-73.1017,50
35.0311,-85.2014,10
41.8031,-78.6403,110
59.6419,-151.4908,130
41.0136,-83.6686,60
46.9728,-123.9303,240
44.9358,-74.8458,60
35.8181,-83.9858,40
31.1522,-81.3908,280
36.0467,-79.4769,20
