38.8894,-86.5519,211
37.9931,-100.8122,194
40.8142,-85.1547,172
38.7386,-87.4878,217
33.8103,-91.2778,244
34.1419,-80.8700,261
34.1944,-79.2472,239
37.8194,-85.3847,244
32.3500,-94.6500,278
45.0853,-67.1203,228
40.4750,-86.9919,183
44.8831,-85.6753,189
32.9206,-86.6708,267
44.4933,-68.4583,211
41.4439,-86.9294,200
41.1453,-85.4897,167
32.2822,-106.7597,311
37.0683,-88.7725,250
42.1397,-87.7853,222
46.3414,-86.9242,156
62.1925,-150.5033,133
32.5133,-92.3486,261
35.6042,-91.2744,256
28.8608,-97.0181,294
35.6214,-88.8456,267
34.6603,-82.8236,278
37.1167,-84.6167,156
44.9847,-93.1772,189
34.2183,-81.0731,294
38.4558,-86.6983,211
33.7775,-81.8467,278
38.3139,-81.7186,217
40.2539,-85.1483,206
37.1317,-86.1481,217
39.4700,-80.8572,211
36.5914,-101.6181,206
37.9311,-98.0297,217
40.0739,-87.5067,228
41.0267,-86.5867,189
42.3806,-96.9575,206
40.2233,-86.1086,239
46.8706,-68.0172,233
38.4661,-101.7758,217
42.7831,-71.4147,233
32.7547,-104.3836,244
40.4719,-74.4364,233
28.7156,-97.1742,256
39.4708,-87.4081,233
37.1244,-87.8672,244
33.2564,-81.2422,233
36.7578,-90.4056,250
34.4719,-81.8839,267
40.9361,-90.7197,206
27.7792,-97.5056,272
38.7003,-82.4736,272
28.4575,-97.7061,244
47.0575,-109.9514,178
39.4833,-83.8500,200
42.2947,-83.7108,189
