36.7900,-105.2400,259
38.4000,-119.5400,354
39.8000,-106.0300,230
40.3000,-111.2600,240
48.7200,-116.4600,59
39.4300,-120.3100,332
36.9600,-106.6600,198
36.9900,-105.2600,165
39.3100,-111.4300,279
44.7900,-116.0900,204
46.2400,-117.3900,291
36.0700,-105.6300,292
36.7200,-106.2600,189
39.3600,-106.0600,190
39.1900,-120.2600,323
36.5100,-106.3200,9
39.2900,-117.1100,173
36.1900,-105.5600,64
36.1300,-105.5300,187
36.3100,-115.6800,166
36.2500,-115.6300,200
43.7600,-116.1000,76
40.8300,-111.7600,82
40.5300,-106.7800,50
35.3400,-111.6500,306
36.0300,-106.8100,125
36.0000,-106.8300,312
44.2100,-110.6700,60
41.4000,-107.2600,4
43.8000,-114.8500,360
44.3800,-116.3400,159
35.9200,-106.3900,191
35.7700,-105.7800,296
43.7300,-113.8300,181
43.7600,-115.2400,135
36.8600,-106.2300,13
