33.6361,-91.7556,21
48.5428,-109.7633,55
36.2117,-115.1958,32
26.5361,-81.7550,23
42.7267,-114.4564,25
33.2194,-117.3494,28
32.8519,-96.8556,40
32.7667,-97.4500,30
18.4325,-66.0108,46
38.5050,-107.8975,34
21.1544,-157.0961,26
42.6958,-73.1708,38
38.9286,-90.4281,21
32.4506,-93.8411,30
39.2900,-117.1100,6
34.7500,-111.4100,514
40.8731,-81.8867,43
28.9844,-95.3808,49
40.9656,-105.2186,36
41.0731,-71.9233,29
30.0375,-91.8839,34
26.9172,-81.9914,33
36.1336,-80.2222,26
34.7675,-114.6189,40
36.3189,-119.6289,33
41.0089,-74.7367,18
43.4133,-124.2436,29
41.6264,-80.2150,34
35.0678,-77.0481,28
21.4500,-157.7833,24
44.3675,-71.5450,38
41.8056,-107.1997,30
36.0300,-106.8100,4
38.1417,-76.4292,38
43.9922,-76.0217,38
28.1011,-80.6439,39
25.9069,-80.2803,27
46.3583,-104.2500,64
44.8889,-116.1017,16
37.3169,-79.9742,43
30.2333,-81.6667,47
39.2292,-106.3169,35
38.3794,-81.5900,28
34.1750,-91.9347,28
40.1519,-122.2536,29
29.7333,-85.0333,29
37.7608,-99.9683,74
30.6794,-88.2397,31
34.7436,-118.7242,46
58.3567,-134.5639,23
40.8508,-96.7475,27
34.2167,-119.0833,35
34.8536,-116.7858,103
29.6333,-83.1053,19
36.0719,-115.1633,54
31.3500,-85.6667,27
47.0339,-120.5303,69
35.4344,-119.0542,20
44.3394,-105.5419,70
29.3331,-89.4075,37
35.0419,-106.6156,53
39.1208,-94.5969,25
36.8781,-91.9025,14
40.8764,-74.2831,38
34.8822,-95.7831,18
32.5722,-116.9794,39
27.4014,-82.5586,38
31.3711,-100.4922,38
71.2833,-156.7814,51
47.9078,-122.2803,36
34.9914,-78.8803,34
41.6236,-98.9517,23
46.8706,-68.0172,37
64.8039,-147.8761,11
37.2958,-81.2078,32
32.7100,-96.2672,36
40.7083,-84.0267,28
45.6308,-89.4653,17
55.5800,-133.0750,29
38.3306,-96.1897,34
47.4444,-122.3139,37
36.7200,-106.2600,3
30.0481,-102.2131,36
33.6542,-101.8136,42
39.3792,-74.4242,39
38.2281,-85.6636,21
44.7694,-106.9689,64
39.2953,-114.8467,32
37.6197,-122.3647,51
41.3325,-122.3328,15
42.8050,-72.0036,32
46.1569,-123.8825,30
36.0236,-84.2375,13
33.3075,-104.5083,45
36.7900,-105.2400,0
25.9989,-80.2411,27
38.5000,-77.3000,37
45.6689,-96.9914,21
32.6636,-97.0939,36
31.3214,-85.4497,30
38.9503,-95.6639,25
29.3783,-100.9269,52
42.1469,-121.7242,37
33.6186,-114.7142,55
42.2347,-85.5519,30
30.0494,-90.0289,45
43.2389,-123.3547,26
40.9339,-72.7394,13
41.0136,-83.6686,32
44.0219,-82.7931,36
42.7611,-87.8136,31
41.8678,-84.0794,36
39.5703,-104.8489,33
41.7872,-111.8533,16
48.7939,-122.5372,46
35.2578,-93.0947,16
40.3000,-111.2600,8
47.6458,-101.4394,29
36.2667,-93.1567,32
31.3089,-86.3939,24
47.4933,-122.2144,31
36.0969,-79.9433,17
36.3200,-115.7000,5
40.5100,-101.6200,62
33.2367,-107.2681,54
47.2675,-122.5761,31
48.3042,-114.2636,35
31.0425,-86.3117,22
41.7361,-72.6506,36
60.4889,-145.4511,13
41.9950,-87.9336,38
36.5881,-121.8453,31
42.8783,-100.5500,51
28.7247,-96.2536,56
38.1847,-84.9033,23
34.7336,-76.6606,33
34.2486,-82.1592,19
64.5111,-165.4400,61
36.9358,-121.7886,25
38.0700,-102.6881,78
34.6242,-106.3103,0
36.9261,-111.4478,32
41.6267,-73.8842,38
39.7750,-105.1169,4
47.9428,-97.1839,27
39.5781,-85.8033,34
39.7075,-86.2803,35
62.9575,-155.6103,16
42.8975,-106.4636,39
42.5906,-117.8644,26
35.2325,-75.6219,26
39.0431,-84.6717,29
42.4933,-79.2722,54
43.9042,-92.4917,26
41.5175,-81.6836,44
36.6206,-116.0278,41
27.5333,-99.4667,47
27.7411,-98.0247,44
64.3267,-158.7417,20
32.7000,-117.2000,43
36.1625,-97.0894,36
40.6044,-98.4272,26
35.4319,-82.5375,49
36.8167,-76.0333,48
39.0725,-95.6261,25
59.4433,-151.7017,25
61.1000,-149.6936,13
42.1578,-72.7161,48
41.4000,-107.2600,6
46.6056,-111.9636,25
45.5114,-118.4247,4
44.9319,-93.0556,13
64.5500,-149.0717,26
30.3361,-81.5147,43
40.7939,-73.1017,45
42.1094,-77.9919,68
42.5544,-92.4011,10
43.8000,-114.8500,2
43.9844,-88.5569,27
34.4978,-82.7097,25
46.2667,-119.1167,40
44.3592,-89.8369,15
36.2606,-76.1750,34
34.8461,-82.3461,30
38.7550,-109.7542,49
36.9033,-76.1922,34
30.6264,-88.0681,42
38.4000,-119.5400,4
30.4119,-89.0808,29
35.9403,-89.8308,16
43.3500,-73.6167,37
29.9800,-95.3600,46
38.8000,-97.6500,35
38.3000,-76.4167,53
46.5486,-90.9189,16
48.2138,-106.6213,65
48.7200,-116.4600,21
33.3644,-81.9633,27
27.6833,-97.2833,57
35.5144,-108.7939,51
38.3083,-75.1239,46
44.5444,-110.4211,12
34.3478,-85.1611,29
32.7336,-117.1831,38
38.9597,-94.3714,25
41.6117,-90.5808,22
42.5842,-70.9175,38
43.0206,-102.5183,58
35.6950,-101.3950,40
39.9061,-84.2186,39
41.3119,-105.6747,64
31.3072,-95.4508,13
32.6847,-83.6528,24
55.3567,-131.7117,31
39.1033,-84.4189,31
28.4567,-99.2183,45
41.7419,-72.1836,32
39.9181,-76.8742,40
60.7850,-148.8389,24
45.0133,-84.7014,24
38.3775,-121.9575,40
40.6508,-75.4492,43
35.5342,-97.6469,42
27.9619,-82.5403,31
30.4781,-87.1869,37
42.3978,-90.7036,19
46.7439,-117.1086,13
39.3644,-84.5247,16
32.5428,-93.7450,26
39.0083,-95.2117,23
45.5908,-122.6003,14
43.1072,-78.9453,43
55.2208,-162.7325,0
33.9381,-118.3889,56
35.9461,-112.1547,23
37.6242,-120.9506,24
45.7881,-111.1608,19
40.9611,-98.3136,28
47.3258,-106.9475,64
26.2500,-80.1083,27
43.7300,-113.8300,4
41.3497,-71.7989,31
39.4781,-88.2803,30
40.2383,-75.5572,34
19.7356,-156.0489,30
46.0261,-91.4442,11
39.1667,-76.6833,43
32.5161,-84.9422,19
32.3542,-95.4025,46
37.9050,-93.3169,9
37.7461,-97.2211,34
24.5833,-81.6833,27
37.7797,-89.2497,22
46.9258,-98.6692,31
36.0097,-94.1694,17
26.1658,-97.3458,51
43.6497,-70.3003,32
37.7214,-122.2208,52
30.5844,-97.4156,27
44.5169,-108.0822,22
38.8761,-98.8092,54
30.1250,-93.2158,43
25.6475,-80.4331,24
32.3500,-91.0278,27
47.3000,-121.6000,1
41.5339,-93.6531,24
44.6381,-90.1875,17
36.6817,-101.5053,59
44.0433,-103.0536,52
42.2667,-84.4667,35
57.0481,-135.3647,41
40.2769,-74.8158,41
27.6531,-80.2428,35
46.6461,-119.9061,76
37.3278,-95.5042,9
44.3206,-69.7972,34
39.4203,-83.8217,43
39.1258,-123.2008,26
43.4075,-94.7461,27
17.7028,-64.8056,55
40.4953,-107.5211,29
37.3031,-108.6275,34
43.8339,-111.8045,19
40.8250,-92.8925,0
42.6003,-123.3642,18
38.4167,-113.0167,41
42.9550,-87.9044,33
42.1928,-89.0931,20
32.9733,-97.3181,34
31.4156,-87.0442,22
40.0681,-118.5692,18
33.4825,-90.9853,31
39.4900,-121.6183,35
32.3367,-90.2214,26
45.0619,-93.3508,8
34.6517,-112.4208,47
26.0719,-80.1536,29
32.3847,-94.7117,34
46.0947,-118.2869,46
30.3489,-85.7881,30
39.1900,-120.2600,25
35.1350,-90.2344,23
42.8375,-103.0953,56
37.7064,-112.1456,38
38.8483,-77.0342,47
47.2078,-119.3192,36
47.9375,-124.5550,17
45.8678,-95.3942,23
39.3667,-75.0667,49
40.8097,-124.1603,32
41.7861,-87.7522,39
35.6542,-105.1419,74
39.3600,-106.0600,12
42.7972,-105.3856,78
46.9253,-96.8111,20
32.8978,-97.0189,34
34.5467,-93.5781,10
64.7767,-141.1483,10
37.7086,-113.0944,30
36.3100,-115.6800,0
45.4622,-69.5953,22
41.3714,-73.4828,37
40.8300,-111.7600,9
44.0511,-101.6011,51
44.9358,-74.8458,51
32.3347,-88.7442,28
36.7725,-90.3247,10
56.6000,-169.5650,123
30.5892,-96.3647,44
35.0169,-80.6206,33
36.7414,-104.5022,51
20.8997,-156.4286,33
33.4964,-90.0867,25
35.8517,-97.4142,30
30.4000,-81.4167,48
44.2558,-121.1392,22
44.8831,-93.2289,16
40.1100,-87.9567,49
40.0803,-95.5919,20
31.4208,-110.8458,45
31.1828,-90.4708,17
38.1386,-78.4530,23
32.4106,-99.6822,50
39.4839,-119.7711,25
40.9706,-85.2064,31
42.8914,-73.2469,34
39.2447,-102.2842,96
34.6719,-82.8864,15
40.6386,-73.7622,61
39.1342,-108.5400,39
46.9733,-122.9033,40
36.2500,-115.6300,8
21.3239,-157.9294,30
38.1311,-91.7683,25
57.1553,-170.2222,103
35.7800,-105.5400,3
33.9753,-117.6361,34
34.2719,-83.8303,22
43.7331,-103.6114,31
33.6883,-112.0817,43
36.5728,-79.3361,25
44.3592,-84.6739,36
40.8206,-76.8642,34
47.4733,-111.3822,28
43.3436,-72.5178,32
34.1231,-84.8486,15
47.1686,-88.4889,25
30.3433,-89.8222,24
31.8606,-86.0122,22
32.0311,-96.3989,40
19.7192,-155.0531,21
34.7411,-118.2117,98
31.6072,-110.4281,65
46.5683,-120.5428,36
47.2856,-68.3133,48
18.2550,-65.6408,49
30.5108,-99.7664,35
41.4914,-120.5644,22
45.6906,-118.8528,37
41.7806,-122.4717,33
31.8311,-104.8089,82
34.6081,-79.0592,26
34.4258,-119.8425,43
43.5878,-96.7289,21
28.8614,-96.9303,50
41.4131,-81.8600,38
33.6800,-117.8664,25
60.7850,-161.8292,31
36.3689,-92.4703,18
37.4389,-105.8614,59
45.6208,-122.6572,12
36.7436,-108.2292,53
42.1208,-87.9047,30
-14.3306,-170.7136,68
46.9728,-123.9303,44
61.5961,-149.0917,22
45.8619,-96.5650,0
45.4558,-98.4131,34
37.1431,-107.7597,37
35.9508,-85.0814,22
48.8700,-121.7900,0
40.6825,-74.1694,59
41.5944,-109.0528,34
42.1128,-92.9175,21
42.2228,-83.7444,39
40.2172,-76.8514,57
40.7833,-91.1253,20
41.1078,-92.4467,27
44.2667,-71.2994,165
47.6217,-117.5281,26
41.9381,-72.6825,51
32.8986,-80.0403,39
43.1953,-71.5011,43
33.3633,-84.5658,24
48.3500,-122.6667,29
39.4300,-120.3100,8
61.2169,-149.8550,21
60.1283,-149.4167,41
39.3450,-81.4392,28
44.4983,-88.1111,24
41.1961,-112.0114,27
32.3336,-104.2581,30
41.8161,-80.4250,13
46.2400,-117.3900,13
40.3547,-79.9217,46
41.1583,-73.1289,47
46.1236,-67.7928,24
39.1353,-96.6778,24
41.1389,-75.3794,43
39.7333,-77.4333,19
41.8031,-78.6403,48
34.6525,-86.9453,25
39.7194,-76.8028,67
40.5175,-122.2986,21
40.8600,-102.8031,31
38.8853,-79.8528,28
30.4000,-86.4717,31
35.8311,-90.6464,18
46.0139,-102.6547,53
58.6794,-156.6294,35
13.4836,144.7961,56
40.0781,-83.0781,33
37.6544,-97.4425,43
45.6044,-103.5464,70
41.5333,-71.2833,35
26.1839,-98.2539,41
33.9481,-83.3275,19
44.3981,-98.2231,27
38.5069,-121.4950,35
34.6439,-86.7861,29
33.7792,-84.5214,16
25.7906,-80.3164,27
30.4844,-81.7019,36
43.5667,-116.2406,20
30.7439,-95.5861,20
63.9944,-145.7214,29
41.6875,-69.9933,29
35.6575,-109.0614,38
36.9878,-120.1106,34
47.5303,-122.3008,29
40.3667,-75.9667,56
32.2622,-107.7206,51
43.1167,-77.6767,48
55.0389,-131.5786,22
41.8706,-103.5931,68
25.9156,-97.4186,48
42.1997,-75.9850,47
40.4847,-80.2144,48
44.5228,-114.2150,22
45.5406,-122.9486,15
36.7367,-97.1019,37
43.1406,-89.3453,19
43.5164,-112.0672,25
31.3347,-92.5586,23
48.7167,-94.6000,18
46.4267,-105.8825,59
47.8306,-110.6608,9
42.5708,-77.7133,39
43.1644,-95.2017,18
39.4494,-74.5672,50
43.6264,-72.3047,37
40.8203,-82.5178,35
34.0500,-94.4008,32
30.2050,-91.9875,27
29.7036,-98.0281,45
44.3814,-100.2856,52
31.9433,-102.1889,40
35.0761,-89.7430,9
44.5761,-71.1786,29
44.9050,-123.0011,19
45.2486,-122.7686,14
38.8983,-119.9947,14
32.5500,-88.5667,20
45.8069,-108.5422,31
44.3853,-74.2067,29
46.3747,-117.0156,19
37.5908,-83.3131,5
33.8719,-117.9789,22
42.3811,-122.8722,26
39.8683,-75.2311,61
37.7081,-77.4344,21
33.9786,-98.4928,49
31.9206,-102.3867,43
32.6261,-116.4681,55
31.1500,-92.9667,13
40.6239,-74.6694,20
33.9228,-118.3342,43
61.1689,-150.0278,17
28.4736,-82.4544,32
40.7794,-73.8803,59
36.0167,-102.5500,66
36.6239,-87.4194,7
42.9600,-121.1800,5
38.5911,-92.1558,14
33.0375,-116.9158,43
38.6644,-94.8900,4
37.3592,-121.9239,34
38.2103,-122.2847,51
43.1544,-93.3269,21
42.4700,-71.2894,46
34.5183,-109.3792,50
41.6328,-91.5431,7
32.7800,-79.9319,41
37.2833,-102.6139,95
57.7511,-152.4856,44
33.4278,-112.0039,45
37.9917,-122.0550,48
41.6764,-70.9583,34
40.5300,-106.7800,4
31.7800,-103.2017,45
43.5331,-84.0797,41
48.0944,-105.5744,41
35.6697,-120.6283,39
42.4167,-87.8667,28
41.0375,-81.4642,43
41.8756,-71.0211,36
43.9658,-107.9508,17
35.0311,-85.2014,43
36.4486,-103.1539,86
40.3300,-75.1225,39
43.3497,-76.3847,47
37.0683,-88.7719,9
48.2553,-101.2733,30
34.2097,-118.4892,18
46.7708,-100.7603,34
39.7736,-94.9233,17
32.6500,-114.6167,64
45.0800,-117.5500,6
35.2333,-101.7089,59
36.6950,-76.1356,28
39.8344,-88.8656,31
31.5356,-84.1944,26
33.5872,-85.8556,20
35.1442,-111.6664,39
43.0303,-78.1692,67
39.8328,-104.6575,37
29.2733,-94.8592,64
36.1306,-80.5481,13
33.4669,-82.0386,37
62.3200,-150.0950,11
40.0489,-107.8853,18
32.8192,-97.3614,36
31.3928,-92.2956,16
41.4653,-90.5233,15
41.2639,-72.8872,38
41.4333,-99.6333,34
28.0836,-97.0464,59
32.3206,-90.0778,30
32.8342,-115.5786,85
48.6033,-112.3753,34
38.0511,-117.0903,46
40.4422,-109.5144,31
39.2775,-120.7103,19
45.0717,-83.5644,40
37.3711,-118.3581,41
48.1203,-123.4983,34
45.6983,-110.4408,33
35.4111,-80.5833,22
37.6542,-122.1150,44
44.3744,-70.3164,4
41.5092,-74.2650,41
32.1314,-110.9553,51
42.9203,-112.5711,25
33.8117,-78.7239,29
38.6956,-121.5897,53
34.2008,-119.2069,48
30.7044,-87.0231,31
28.4339,-81.3250,30
34.0561,-117.6003,30
44.3800,-116.3400,8
32.8167,-115.6833,105
45.5464,-100.4078,42
39.6428,-79.9164,29
33.9486,-81.1186,29
47.7472,-90.3444,17
36.5100,-106.3200,177
47.3978,-120.2014,39
39.9914,-82.8808,24
47.6428,-115.9172,0
32.2997,-86.4075,20
38.8100,-104.6883,43
35.3889,-97.6006,44
37.0911,-95.5664,22
41.4525,-87.0058,28
44.7408,-85.5825,17
31.2361,-94.7544,31
34.1167,-119.1167,45
42.0647,-104.1528,64
34.9000,-76.8833,36
41.1214,-100.6694,55
39.5264,-107.7264,28
38.0653,-97.8606,41
31.4000,-93.2833,18
45.7728,-122.8611,21
33.8281,-116.5053,54
70.1917,-148.4772,46
41.3275,-72.0494,44
48.5614,-93.3981,18
36.9839,-77.0075,14
18.3331,-64.9667,51
35.2372,-120.6414,43
44.5483,-95.0803,25
37.7836,-81.1231,34
42.8153,-108.7261,26
47.3600,-121.5700,1
37.6928,-121.8144,50
29.6381,-95.2819,39
42.0800,-80.1825,43
37.9406,-75.4631,41
66.0689,-162.7639,46
24.7258,-81.0517,21
28.8208,-81.8097,33
43.7600,-115.2400,11
42.7431,-73.8092,59
39.2956,-80.2289,36
29.3389,-98.4719,43
33.6228,-111.9106,30
37.2253,-89.5706,10
24.5550,-81.7522,25
39.4206,-79.0050,27
33.6300,-84.4417,30
44.0206,-117.0128,22
40.6161,-83.0636,35
37.5050,-77.3203,30
44.8664,-91.4878,13
42.7172,-71.1239,40
36.8600,-106.2300,140
36.9600,-106.6600,4
39.1019,-121.5678,47
40.7789,-73.9692,27
27.7628,-82.6261,31
39.1894,-103.7158,43
62.9614,-141.9292,20
40.0228,-82.4625,22
46.4047,-94.1308,10
39.9444,-81.8922,25
30.3567,-95.4139,26
43.1561,-90.6775,7
36.9500,-76.2833,39
37.8892,-121.2258,43
35.9200,-106.3900,5
40.8436,-72.6322,41
39.4519,-87.3089,28
39.8250,-86.2958,23
66.9161,-151.5089,17
28.0622,-81.7542,30
34.2622,-88.7714,23
46.9006,-95.0678,10
9.4833,138.0833,28
37.6703,-95.4842,27
41.5097,-72.8278,34
41.8833,-91.7167,23
37.2847,-120.5128,36
32.8547,-109.6353,62
43.1111,-76.1039,62
41.1014,-102.9847,60
45.5644,-84.7928,32
39.4167,-118.7167,22
40.6331,-93.9019,29
42.4272,-73.2892,55
34.7442,-87.5997,19
35.6169,-106.0889,54
29.5622,-91.5256,18
30.7167,-87.0167,29
33.2061,-97.1989,36
32.5156,-92.0406,26
30.4636,-88.5319,29
42.1594,-76.8919,45
35.9333,-79.0642,20
36.1300,-105.5300,4
35.2100,-99.1200,51
59.5119,-139.6711,28
41.3461,-82.1794,38
42.4092,-83.0100,41
34.2675,-77.8997,25
33.8750,-84.3022,20
34.9883,-117.8647,85
44.9047,-97.1494,20
38.0494,-103.5122,46
38.8169,-92.2183,27
41.2433,-76.9217,54
39.9492,-74.8417,41
41.5272,-85.7922,30
41.3931,-70.6150,38
37.4058,-122.0481,26
47.8344,-120.0006,4
31.5358,-82.5067,23
34.8831,-82.2203,23
35.1822,-103.6031,47
39.8000,-106.0300,373
41.7636,-96.1778,28
43.7600,-116.1000,8
41.5631,-83.4764,36
31.8111,-106.3758,48
43.2781,-70.9222,38
37.2839,-98.5528,30
35.6567,-95.3614,38
34.6294,-118.0836,90
45.9647,-112.5006,28
35.3331,-94.3625,36
43.5950,-118.9564,28
40.9017,-117.8081,21
48.1739,-103.6367,31
39.6092,-110.7547,44
34.7000,-77.3833,30
47.4667,-87.8833,29
46.4167,-86.6500,27
31.1522,-81.3908,48
39.8233,-93.5792,8
33.6267,-116.1594,70
34.1853,-79.7239,37
27.9106,-82.6875,39
40.2064,-100.5914,50
44.9258,-89.6256,20
42.5519,-71.7558,46
42.5417,-113.7661,16
43.7700,-88.4864,22
40.0397,-88.2778,34
35.2236,-80.9553,30
37.2622,-104.3378,60
26.5850,-81.8614,26
47.6497,-120.0800,13
30.5372,-91.1469,24
59.4556,-135.3239,26
29.3600,-99.1742,47
41.2544,-80.6739,43
38.0442,-87.5206,28
36.9647,-86.4239,8
39.2231,-106.8683,33
38.6892,-75.3592,30
34.2006,-118.3575,22
35.7700,-105.7800,2
36.6636,-121.6081,38
21.3167,-158.0667,26
46.1442,-115.5964,4
47.0492,-109.4578,41
42.1908,-71.1736,48
27.4981,-80.3767,32
35.2578,-113.9331,50
40.1550,-103.1417,27
42.8939,-85.5447,31
32.1300,-81.2100,32
44.5344,-72.6144,36
40.8500,-74.0614,43
42.9333,-71.4383,44
35.8550,-77.8931,25
30.9119,-102.9167,55
36.1994,-95.8872,34
30.8356,-85.1839,23
41.7781,-80.6958,27
38.7042,-93.1833,22
35.8181,-83.9858,30
42.4100,-121.6800,13
36.0394,-95.9844,31
41.7700,-88.4814,30
34.0158,-118.4514,27
34.9869,-81.0575,25
42.9486,-78.7369,49
44.3814,-106.7211,63
37.1467,-94.5022,31
35.5931,-88.9167,8
38.6572,-90.6558,16
35.0564,-89.9864,25
38.9408,-77.4636,47
30.3975,-84.3289,31
41.7803,-124.2367,39
45.0319,-102.0192,67
40.1203,-76.2944,62
44.1278,-123.2206,25
44.2100,-110.6700,11
30.0675,-95.5561,37
44.6500,-73.4667,46
36.3333,-119.9500,40
33.4050,-118.4158,65
45.1947,-123.1339,28
41.6686,-70.2800,36
41.9856,-97.4353,25
31.8456,-86.6108,19
39.4019,-77.9844,48
43.3906,-99.8422,50
42.2314,-83.3308,44
33.5656,-86.7450,27
41.2731,-111.0306,24
45.8258,-119.2611,43
26.1969,-80.1708,27
33.4617,-80.8581,30
39.3100,-111.4300,20
47.3864,-92.8389,13
31.9514,-85.1289,9
39.4717,-76.1697,0
29.5442,-98.4839,47
40.7342,-73.4169,43
44.8428,-117.8086,32
41.9097,-70.7294,47
32.8667,-117.1333,36
33.1281,-117.2794,34
32.7817,-98.0603,40
47.6831,-117.3214,22
66.8667,-162.6333,54
36.0700,-105.6300,4
34.4272,-100.2831,42
59.7494,-154.9089,51
29.1097,-95.4619,42
47.3078,-119.5153,44
36.7683,-96.0261,19
41.9144,-88.2464,32
41.1783,-78.8989,50
46.9208,-114.0925,25
32.4833,-80.7167,30
33.2208,-92.8142,26
38.7642,-87.6056,32
42.1244,-86.4267,16
27.7839,-97.5108,47
42.2333,-83.5333,43
43.9636,-69.7117,19
31.5883,-110.3442,58
30.7825,-83.2767,18
39.9369,-91.1919,27
41.9922,-93.6217,19
31.6189,-97.2283,37
61.1781,-149.9664,11
43.0661,-108.4767,31
34.0511,-118.2353,9
32.8158,-117.1394,41
40.2964,-78.3203,57
39.8447,-89.6839,23
33.4536,-94.0075,23
47.2381,-123.1408,55
43.8789,-91.2528,15
31.2819,-89.2531,22
35.6875,-117.6931,30
34.8364,-92.2619,29
42.5700,-72.2911,42
44.7978,-68.8186,38
26.2281,-97.6542,47
35.8922,-78.7819,14
38.7525,-90.3736,25
40.0972,-92.5433,21
41.1519,-104.8061,55
29.6222,-95.6564,41
39.6014,-116.0056,21
42.2706,-71.8731,68
47.4569,-115.6450,13
42.9667,-83.7494,43
59.2433,-135.5094,26
42.3606,-71.0106,58
70.6392,-159.9950,61
39.3903,-94.5553,18
36.1189,-86.6892,13
28.7797,-81.2436,32
36.9900,-105.2600,7
33.1783,-86.7817,16
35.7425,-81.3819,16
42.3914,-96.3792,31
40.1667,-103.2167,57
41.0467,-78.4117,43
38.5714,-90.1572,13
44.2033,-72.5794,41
39.7078,-77.7297,51
40.4719,-81.4236,22
38.1811,-85.7392,31
41.7072,-86.3164,30
37.1681,-97.0369,32
26.6847,-80.0994,22
42.5844,-110.1075,25
30.7406,-98.2353,29
29.6919,-82.2756,30
38.3406,-75.5103,41
45.8183,-88.1144,18
42.5950,-87.9381,32
33.1803,-96.5903,35
37.9272,-100.7247,75
45.4353,-67.7214,18
70.2117,-151.0017,47
36.2833,-94.3000,27
39.6728,-75.6008,59
41.2531,-70.0608,54
39.5514,-97.6508,39
34.2900,-93.0600,27
36.1900,-105.5600,4
40.1764,-80.6472,47
39.2972,-94.7306,30
30.3208,-97.7603,19
30.1831,-97.6800,35
41.0669,-73.7075,54
21.9839,-159.3405,40
35.5953,-82.5567,13
40.7781,-111.9694,32
44.4911,-71.5725,0
15.1167,145.7167,66
33.9519,-117.4386,25
33.9706,-80.9958,17
46.7994,-102.7972,64
38.5039,-122.8103,24
45.6478,-68.6925,26
7.3333,134.4833,4
37.0872,-84.0769,9
43.1711,-86.2367,26
41.3375,-84.4289,22
29.9933,-90.2511,38
42.0572,-102.8000,66
44.1708,-114.9272,8
44.7900,-116.0900,12
41.2003,-74.6231,23
33.8117,-118.1464,31
41.7219,-71.4325,46
46.4794,-84.3572,37
37.1319,-76.4930,38
39.1333,-86.6167,30
40.4122,-86.9369,26
44.4683,-73.1500,58
43.7667,-98.0333,34
39.3756,-99.8297,41
38.9833,-76.4667,41
36.0000,-106.8300,4
36.2967,-99.7689,52
44.8322,-93.4706,14
40.3161,-78.8339,55
6.9667,158.2167,18
36.4731,-82.4044,14
40.9781,-124.1086,42
33.2119,-87.6161,24
41.3336,-75.7269,45
37.3208,-79.2067,20
42.7803,-84.5789,31
41.3103,-95.8992,24
31.3558,-85.7511,24
32.6808,-96.8681,42
34.8994,-120.4486,45
39.5936,-84.2264,35
45.5433,-94.0514,8
43.7694,-87.8506,24
59.6419,-151.4908,32
40.2342,-85.3936,30
7.0833,171.3833,20
34.7917,-79.3661,31
39.3669,-101.7000,79
62.1592,-145.4589,26
43.2119,-90.1814,11
38.8317,-94.8897,27
42.4819,-114.4869,26
31.4583,-109.6061,58
67.7317,-164.5483,43
42.6425,-77.0564,42
29.5189,-95.2417,45
40.1936,-76.7633,69
34.5583,-98.4172,44
34.3622,-98.9761,55
42.7900,-121.9800,1
42.6650,-83.4181,47
39.7053,-105.6997,4
41.5886,-83.8014,30
38.8500,-94.7392,23
7.4500,151.8333,33
42.3075,-85.2511,35
26.1522,-81.7753,32
43.2339,-75.4117,48
40.0819,-75.0111,55
38.7667,-104.3000,52
39.7556,-82.6572,27
35.1967,-81.1558,27
38.3650,-82.5550,24
28.5453,-81.3331,36
39.7506,-92.5064,18
30.5069,-86.9597,32
45.5511,-122.4089,5
35.0281,-110.7208,57
42.3200,-120.8300,25
40.8289,-115.7886,29
27.5000,-97.8167,40
40.9167,-81.4333,42
47.9742,-117.4283,18
37.2353,-93.4003,36
29.1828,-81.0483,40
34.7272,-92.2389,23
34.9894,-99.0525,50
38.0408,-84.6058,29
38.2900,-104.4983,47
43.9906,-70.9475,26
40.6675,-89.6839,15
35.0028,-105.6628,62
36.7800,-119.7194,37
48.5222,-123.0231,28
40.8217,-72.8689,39
46.8369,-92.2097,22
45.2575,-112.5545,23
30.7797,-86.5225,23
42.7461,-86.0967,24
48.4608,-119.5167,31
29.9506,-94.0206,39
60.5797,-151.2392,38
