40.7264,-122.7947,300
38.8586,-99.3358,244
43.8544,-116.4664,272
37.1503,-104.5567,178
40.7142,-122.4161,317
36.4711,-86.8414,150
37.9050,-93.3169,194
33.6731,-111.1508,306
47.0575,-109.9514,222
28.4675,-98.2525,283
44.7764,-108.7592,272
40.4750,-86.9919,222
42.9592,-120.7897,256
40.2842,-109.8611,278
37.3806,-107.5811,133
39.9000,-98.0256,294
39.0303,-76.9314,133
39.8114,-99.9386,250
46.0436,-118.4628,306
34.5822,-119.9817,228
40.1739,-101.0611,222
34.7675,-106.7611,256
42.1397,-87.7853,250
45.6750,-111.1550,250
36.4622,-116.8669,350
40.7833,-81.9167,167
33.7542,-99.1442,239
42.8767,-77.0308,256
39.2494,-106.3714,144
38.4917,-122.1242,244
47.7283,-104.1467,378
38.5039,-95.7036,172
37.0683,-88.7725,294
33.7092,-93.5564,211
45.9228,-108.2444,250
39.1172,-95.4097,206
46.8706,-68.0172,178
40.2233,-86.1086,211
40.1550,-103.1417,156
39.0744,-96.8983,161
35.6214,-88.8456,206
38.4661,-101.7758,194
37.7967,-121.5828,283
46.7603,-117.1861,294
35.7197,-86.9653,161
36.8047,-107.6214,267
34.9881,-120.3211,278
26.8400,-81.0872,350
41.9342,-88.7756,261
38.7403,-104.3994,122
42.1231,-111.3133,200
40.0892,-99.2133,272
35.4139,-86.8086,172
37.7617,-117.5658,261
47.0022,-118.5658,278
43.5492,-71.4647,244
48.4983,-109.8014,222
44.1183,-121.2103,211
30.2003,-92.6642,339
36.5575,-105.2628,122
38.5350,-121.7761,283
46.6722,-120.4994,322
48.7178,-122.5114,278
38.6450,-95.5661,400
38.4931,-122.0047,300
42.3806,-96.9575,278
35.4072,-104.1906,106
40.1167,-76.4333,311
45.6911,-118.8522,289
61.5664,-149.2542,206
32.2822,-106.7597,300
34.5989,-103.2161,111
35.2006,-103.6867,139
41.4439,-86.9294,217
42.7467,-71.0425,217
47.6811,-117.6267,300
36.5508,-114.4581,244
39.3925,-101.0689,228
29.4608,-101.0286,239
40.2539,-85.1483,189
26.5581,-99.1372,228
35.0489,-97.9158,267
25.8175,-80.2858,372
34.0828,-106.8831,317
39.6619,-99.1228,278
38.0047,-120.4864,228
30.7053,-104.0233,194
39.4031,-99.4192,272
36.6897,-108.3086,250
40.2458,-111.6508,200
46.7281,-116.9558,289
45.4825,-120.7236,267
41.4903,-71.5431,239
