40.3547,-79.9217,20
32.4506,-93.8411,360
34.7675,-114.6189,280
40.0397,-88.2778,30
39.8233,-93.5792,40
33.8750,-84.3022,70
34.2675,-77.8997,10
39.7333,-77.4333,40
44.9258,-89.6256,90
39.2292,-106.3169,190
33.1783,-86.7817,330
35.2325,-75.6219,140
45.5511,-122.4089,330
39.0725,-95.6261,70
36.8167,-76.0333,40
39.4167,-118.7167,20
39.5264,-107.7264,260
42.7172,-71.1239,20
37.0683,-88.7719,40
38.8100,-104.6883,110
43.7694,-87.8506,40
29.6333,-83.1053,30
40.1519,-122.2536,340
61.1689,-150.0278,150
29.3331,-89.4075,340
62.9614,-141.9292,130
37.3278,-95.5042,10
34.5467,-93.5781,20
37.7081,-77.4344,350
32.8667,-117.1333,300
37.3711,-118.3581,10
39.9369,-91.1919,60
40.6044,-98.4272,110
55.0389,-131.5786,320
39.2956,-80.2289,40
42.4092,-83.0100,50
34.0500,-94.4008,350
42.2347,-85.5519,60
34.0511,-118.2353,280
35.5931,-88.9167,30
41.9856,-97.4353,120
38.3775,-121.9575,320
45.6478,-68.6925,20
35.5144,-108.7939,230
31.2361,-94.7544,330
32.3847,-94.7117,350
42.6425,-77.0564,40
20.8997,-156.4286,30
22.0333,-159.7833,10
31.3928,-92.2956,10
42.1469,-121.7242,330
34.9000,-76.8833,10
27.7628,-82.6261,320
40.8206,-76.8642,50
26.9172,-81.9914,290
31.3558,-85.7511,350
48.7167,-94.6000,120
31.7800,-103.2017,130
45.4622,-69.5953,360
40.7794,-73.8803,40
34.2486,-82.1592,40
41.3375,-84.4289,40
30.2050,-91.9875,20
41.3931,-70.6150,40
42.8914,-73.2469,40
33.9486,-81.1186,20
28.8208,-81.8097,40
44.4983,-88.1111,50
34.4258,-119.8425,20
41.1014,-102.9847,130
38.0653,-97.8606,80
18.3331,-64.9667,130
39.1258,-123.2008,310
32.7100,-96.2672,10
47.7472,-90.3444,70
42.2228,-83.7444,40
44.3394,-105.5419,150
41.8756,-71.0211,30
57.1553,-170.2222,210
37.7086,-113.0944,210
44.8831,-93.2289,100
45.5114,-118.4247,320
62.1592,-145.4589,150
41.5333,-71.2833,30
60.4889,-145.4511,360
36.5881,-121.8453,240
30.5069,-86.9597,360
41.1783,-78.8989,50
41.1078,-92.4467,40
35.6169,-106.0889,200
29.3389,-98.4719,70
40.4422,-109.5144,270
39.4519,-87.3089,60
45.6044,-103.5464,130
41.3325,-122.3328,350
42.0572,-102.8000,130
38.7525,-90.3736,30
42.9203,-112.5711,250
43.1072,-78.9453,60
32.5500,-88.5667,350
42.2314,-83.3308,20
42.0647,-104.1528,120
28.1011,-80.6439,360
33.4536,-94.0075,10
41.5631,-83.4764,40
39.4781,-88.2803,40
41.1519,-104.8061,160
61.5961,-149.0917,130
44.3592,-84.6739,60
71.2833,-156.7814,120
37.7608,-99.9683,140
41.2639,-72.8872,30
32.8978,-97.0189,30
46.9258,-98.6692,150
29.1828,-81.0483,40
18.4325,-66.0108,160
45.5433,-94.0514,70
40.0803,-95.5919,90
37.3031,-108.6275,210
35.8550,-77.8931,30
38.8983,-119.9947,40
33.6228,-111.9106,280
41.8056,-107.1997,250
39.1333,-86.6167,30
44.7694,-106.9689,260
43.0661,-108.4767,320
44.3853,-74.2067,50
39.6428,-79.9164,30
38.8761,-98.8092,110
36.2117,-115.1958,320
43.9922,-76.0217,60
34.1231,-84.8486,70
37.6703,-95.4842,50
36.0969,-79.9433,60
25.7906,-80.3164,270
21.3239,-157.9294,20
55.3567,-131.7117,300
39.1353,-96.6778,80
32.8547,-109.6353,280
44.0206,-117.0128,310
34.8461,-82.3461,40
35.9333,-79.0642,50
60.7850,-161.8292,180
33.5656,-86.7450,20
29.9800,-95.3600,60
44.6500,-73.4667,20
45.9647,-112.5006,320
29.7036,-98.0281,50
29.6222,-95.6564,10
39.2231,-106.8683,170
43.1711,-86.2367,50
45.6308,-89.4653,80
33.9519,-117.4386,260
38.5911,-92.1558,40
36.9033,-76.1922,30
43.9658,-107.9508,300
36.7800,-119.7194,330
41.0467,-78.4117,60
31.8311,-104.8089,50
38.1386,-78.4530,30
36.9261,-111.4478,310
40.7342,-73.4169,30
33.4617,-80.8581,30
36.1994,-95.8872,10
70.2117,-151.0017,180
41.7361,-72.6506,20
40.1203,-76.2944,60
39.2447,-102.2842,140
31.5358,-82.5067,360
41.2731,-111.0306,220
37.9406,-75.4631,30
30.7044,-87.0231,350
39.6014,-116.0056,340
34.6525,-86.9453,20
30.6794,-88.2397,350
39.2953,-114.8467,280
32.3500,-91.0278,20
42.8375,-103.0953,140
35.0169,-80.6206,30
41.5092,-74.2650,20
38.7042,-93.1833,60
41.5097,-72.8278,20
38.9286,-90.4281,80
35.0281,-110.7208,210
35.0419,-106.6156,160
41.3275,-72.0494,40
40.8203,-82.5178,40
39.9914,-82.8808,40
30.7825,-83.2767,20
47.3258,-106.9475,90
19.7192,-155.0531,20
38.3650,-82.5550,50
42.6958,-73.1708,100
46.9253,-96.8111,110
34.5183,-109.3792,220
31.2819,-89.2531,350
42.2706,-71.8731,40
38.5039,-122.8103,150
41.7861,-87.7522,40
29.6381,-95.2819,40
40.0228,-82.4625,30
67.7317,-164.5483,120
32.7336,-117.1831,280
38.9597,-94.3714,50
41.6117,-90.5808,40
33.8719,-117.9789,220
60.7850,-148.8389,100
43.5164,-112.0672,210
44.0511,-101.6011,150
29.5442,-98.4839,20
38.6892,-75.3592,40
37.3208,-79.2067,40
36.1336,-80.2222,50
41.1961,-112.0114,170
35.5342,-97.6469,20
39.1208,-94.5969,50
34.7336,-76.6606,20
36.6239,-87.4194,30
37.1467,-94.5022,10
45.0319,-102.0192,150
64.7767,-141.1483,120
40.1764,-80.6472,50
44.5344,-72.6144,30
39.1019,-121.5678,330
63.9944,-145.7214,110
42.3606,-71.0106,30
40.7939,-73.1017,40
46.4267,-105.8825,140
43.5878,-96.7289,120
34.8536,-116.7858,240
35.2333,-101.7089,120
43.7700,-88.4864,50
30.4000,-86.4717,330
40.2342,-85.3936,60
55.5800,-133.0750,30
30.3208,-97.7603,10
40.5175,-122.2986,10
32.2622,-107.7206,220
41.9144,-88.2464,40
39.5936,-84.2264,40
35.6697,-120.6283,270
44.3981,-98.2231,130
35.4319,-82.5375,30
34.7436,-118.7242,340
42.3075,-85.2511,50
40.0972,-92.5433,60
41.4525,-87.0058,90
40.4122,-86.9369,40
35.0311,-85.2014,50
45.2486,-122.7686,340
39.3667,-75.0667,50
39.2775,-120.7103,360
36.9839,-77.0075,40
24.5550,-81.7522,320
37.6928,-121.8144,280
40.5100,-101.6200,140
44.3814,-100.2856,130
43.6497,-70.3003,20
40.8731,-81.8867,50
43.8789,-91.2528,50
44.5483,-95.0803,90
30.0375,-91.8839,350
45.8069,-108.5422,350
59.4556,-135.3239,210
34.2719,-83.8303,80
44.7978,-68.8186,10
30.4636,-88.5319,10
64.5111,-165.4400,150
34.9869,-81.0575,30
37.8892,-121.2258,340
42.5950,-87.9381,70
45.8258,-119.2611,250
39.5703,-104.8489,150
40.8508,-96.7475,80
37.3169,-79.9742,60
32.4833,-80.7167,30
31.8111,-106.3758,200
42.1208,-87.9047,60
33.4050,-118.4158,270
46.5486,-90.9189,30
36.2667,-93.1567,20
36.0167,-102.5500,160
47.3078,-119.5153,350
48.6033,-112.3753,350
34.2006,-118.3575,150
47.9428,-97.1839,140
33.6800,-117.8664,250
42.1094,-77.9919,40
41.4653,-90.5233,60
46.3747,-117.0156,300
40.7833,-91.1253,50
40.1936,-76.7633,70
32.5722,-116.9794,310
21.4500,-157.7833,40
47.0492,-109.4578,120
45.8183,-88.1144,90
33.9228,-118.3342,270
40.6675,-89.6839,70
36.9647,-86.4239,40
48.0944,-105.5744,100
37.9917,-122.0550,280
35.6950,-101.3950,130
39.4494,-74.5672,30
38.1417,-76.4292,30
44.9050,-123.0011,280
37.0872,-84.0769,70
43.7331,-103.6114,110
29.3783,-100.9269,120
30.3433,-89.8222,10
61.2169,-149.8550,180
29.6919,-82.2756,40
48.7939,-122.5372,150
70.6392,-159.9950,90
29.9933,-90.2511,30
56.6000,-169.5650,200
42.7803,-84.5789,40
45.4558,-98.4131,140
31.6189,-97.2283,20
28.4567,-99.2183,110
30.4781,-87.1869,330
41.3119,-105.6747,160
41.0375,-81.4642,70
47.4444,-122.3139,350
38.9503,-95.6639,30
34.1167,-119.1167,280
45.2575,-112.5545,90
58.3567,-134.5639,240
41.6236,-98.9517,110
36.6817,-101.5053,140
32.0311,-96.3989,360
42.5700,-72.2911,40
34.9914,-78.8803,40
41.2544,-80.6739,30
39.1894,-103.7158,150
34.9883,-117.8647,260
37.2353,-93.4003,30
36.3189,-119.6289,330
36.2833,-94.3000,20
44.9047,-97.1494,120
39.3450,-81.4392,30
30.1831,-97.6800,30
39.3669,-101.7000,130
31.6072,-110.4281,330
42.1594,-76.8919,30
42.1578,-72.7161,30
38.5069,-121.4950,320
26.2500,-80.1083,290
70.1917,-148.4772,210
30.8458,-85.6014,360
31.3347,-92.5586,350
38.9833,-76.4667,50
44.1278,-123.2206,360
46.5683,-120.5428,290
37.7461,-97.2211,50
42.4933,-79.2722,70
45.5644,-84.7928,80
46.9728,-123.9303,260
38.6572,-90.6558,50
26.5850,-81.8614,300
47.4733,-111.3822,270
38.3406,-75.5103,40
47.6217,-117.5281,260
42.5842,-70.9175,50
33.8117,-118.1464,280
31.5883,-110.3442,220
30.4844,-81.7019,40
33.9786,-98.4928,30
35.8922,-78.7819,20
46.5311,-87.5483,45
46.2667,-119.1167,220
47.2381,-123.1408,230
40.0819,-75.0111,50
59.5119,-139.6711,270
55.2208,-162.7325,150
47.1686,-88.4889,60
35.0028,-105.6628,120
30.7406,-98.2353,40
33.3075,-104.5083,140
35.2100,-99.1200,60
41.0731,-71.9233,50
45.6208,-122.6572,330
29.5189,-95.2417,360
47.9078,-122.2803,350
32.3367,-90.2214,340
41.6264,-80.2150,50
40.8500,-74.0614,40
38.0511,-117.0903,320
38.6956,-121.5897,320
45.7728,-122.8611,290
30.9119,-102.9167,150
36.3689,-92.4703,30
38.4167,-113.0167,200
41.5339,-93.6531,70
43.1406,-89.3453,50
66.8667,-162.6333,110
42.4272,-73.2892,30
37.2958,-81.2078,100
44.3206,-69.7972,40
45.8678,-95.3942,90
41.5886,-83.8014,50
27.4981,-80.3767,40
45.6194,-121.1661,330
34.7442,-87.5997,20
33.6542,-101.8136,110
46.1569,-123.8825,310
42.8153,-108.7261,170
42.6650,-83.4181,70
36.4731,-82.4044,50
41.8833,-91.7167,50
26.0719,-80.1536,320
44.5444,-110.4211,310
31.8456,-86.6108,320
33.2061,-97.1989,40
40.1667,-103.2167,140
24.7258,-81.0517,310
45.5908,-122.6003,340
33.0375,-116.9158,270
37.5908,-83.3131,90
35.9461,-112.1547,210
64.5500,-149.0717,70
41.6267,-73.8842,10
25.9989,-80.2411,340
40.2064,-100.5914,120
43.9636,-69.7117,10
45.0717,-83.5644,50
27.7839,-97.5108,70
41.7700,-88.4814,30
31.4000,-93.2833,20
44.6381,-90.1875,70
58.6794,-156.6294,160
46.4047,-94.1308,70
47.2767,-121.3372,290
44.1708,-114.9272,350
41.3103,-95.8992,60
44.5761,-71.1786,20
43.2119,-90.1814,60
44.9358,-74.8458,30
32.5161,-84.9422,90
42.3811,-122.8722,290
33.4669,-82.0386,30
28.0622,-81.7542,10
31.3711,-100.4922,80
32.8519,-96.8556,10
18.2550,-65.6408,190
33.6300,-84.4417,60
29.9506,-94.0206,330
39.4203,-83.8217,40
42.7611,-87.8136,40
35.1442,-111.6664,230
41.7781,-80.6958,70
27.6833,-97.2833,50
33.9753,-117.6361,250
64.3267,-158.7417,10
41.4914,-120.5644,310
42.1928,-89.0931,40
38.3794,-81.5900,20
41.5944,-109.0528,310
37.4389,-105.8614,220
41.1214,-100.6694,120
27.9106,-82.6875,300
30.7167,-87.0167,350
32.5428,-93.7450,10
48.3042,-114.2636,170
42.2333,-83.5333,40
27.4014,-82.5586,290
42.7431,-73.8092,20
42.1997,-75.9850,60
39.8683,-75.2311,40
38.8500,-94.7392,40
46.8706,-68.0172,20
30.7439,-95.5861,330
37.1319,-76.4930,30
37.0911,-95.5664,20
30.0494,-90.0289,10
32.5156,-92.0406,340
62.3200,-150.0950,10
38.7550,-109.7542,200
33.2119,-87.6161,340
46.7439,-117.1086,250
35.4344,-119.0542,290
21.3167,-158.0667,40
37.6544,-97.4425,80
36.7683,-96.0261,30
26.1522,-81.7753,290
35.8311,-90.6464,350
36.6636,-121.6081,280
24.5833,-81.6833,310
41.9922,-93.6217,60
40.6825,-74.1694,40
39.4019,-77.9844,40
40.7789,-73.9692,60
48.1203,-123.4983,270
57.0481,-135.3647,320
36.5728,-79.3361,50
32.7817,-98.0603,40
41.1583,-73.1289,30
34.2622,-88.7714,20
34.2008,-119.2069,270
44.0433,-103.0536,120
39.7078,-77.7297,30
46.0261,-91.4442,40
29.1097,-95.4619,10
39.8328,-104.6575,160
44.4683,-73.1500,360
36.3333,-119.9500,340
41.0136,-83.6686,40
44.7408,-85.5825,70
38.2281,-85.6636,40
57.7511,-152.4856,170
30.5108,-99.7664,100
42.5844,-110.1075,230
31.3089,-86.3939,360
43.2781,-70.9222,50
40.6508,-75.4492,40
47.2078,-119.3192,360
45.7881,-111.1608,140
38.3306,-96.1897,70
30.0675,-95.5561,360
39.7736,-94.9233,40
45.1947,-123.1339,240
44.5228,-114.2150,330
39.8344,-88.8656,50
27.5333,-99.4667,80
33.6883,-112.0817,220
33.1281,-117.2794,250
28.5453,-81.3331,20
33.8281,-116.5053,340
33.2367,-107.2681,170
46.3583,-104.2500,140
41.3497,-71.7989,20
38.0700,-102.6881,140
28.4339,-81.3250,360
34.2167,-119.0833,270
48.2553,-101.2733,150
66.9161,-151.5089,30
33.5872,-85.8556,10
32.8192,-97.3614,10
39.3644,-84.5247,70
17.7028,-64.8056,140
39.5781,-85.8033,40
41.9950,-87.9336,50
40.6161,-83.0636,40
40.2172,-76.8514,60
30.5372,-91.1469,350
33.2208,-92.8142,350
33.7792,-84.5214,70
41.5272,-85.7922,50
40.1606,-113.3508,70
37.5050,-77.3203,10
42.0800,-80.1825,70
41.3461,-82.1794,50
38.2103,-122.2847,190
47.4569,-115.6450,310
40.0781,-83.0781,10
42.7461,-86.0967,70
31.9514,-85.1289,30
33.9706,-80.9958,30
45.6983,-110.4408,250
38.9408,-77.4636,30
66.0689,-162.7639,120
35.6875,-117.6931,250
30.1250,-93.2158,10
34.7917,-79.3661,50
39.8447,-89.6839,70
41.0669,-73.7075,40
33.4964,-90.0867,360
36.0394,-95.9844,40
36.4486,-103.1539,180
34.2900,-93.0600,30
40.4719,-81.4236,60
47.6458,-101.4394,140
40.7781,-111.9694,290
39.1033,-84.4189,40
35.1350,-90.2344,40
41.9097,-70.7294,20
44.3675,-71.5450,60
40.9706,-85.2064,70
38.1811,-85.7392,40
41.8706,-103.5931,120
44.3592,-89.8369,80
36.9878,-120.1106,330
43.1111,-76.1039,10
35.2372,-120.6414,360
46.9733,-122.9033,240
36.2606,-76.1750,20
30.4119,-89.0808,20
30.3361,-81.5147,30
44.0219,-82.7931,70
42.9667,-83.7494,70
46.0139,-102.6547,140
36.7414,-104.5022,170
40.3300,-75.1225,40
40.2769,-74.8158,50
31.9206,-102.3867,140
37.7064,-112.1456,210
43.2339,-75.4117,20
35.2578,-93.0947,360
30.4000,-81.4167,30
43.1561,-90.6775,50
41.7803,-124.2367,360
41.1389,-75.3794,60
30.3489,-85.7881,330
38.0408,-84.6058,40
37.3592,-121.9239,310
44.8664,-91.4878,80
30.8356,-85.1839,360
27.9619,-82.5403,290
46.6056,-111.9636,290
32.8158,-117.1394,270
33.4825,-90.9853,350
32.9733,-97.3181,20
38.3000,-76.4167,20
46.4167,-86.6500,40
43.7667,-98.0333,140
36.1189,-86.6892,360
27.6531,-80.2428,350
43.1167,-77.6767,40
43.8339,-111.8045,200
40.7083,-84.0267,50
38.8483,-77.0342,40
34.6517,-112.4208,240
31.4208,-110.8458,250
32.6500,-114.6167,320
38.8317,-94.8897,50
45.5406,-122.9486,330
32.3206,-90.0778,340
30.0481,-102.2131,180
43.4075,-94.7461,10
59.4433,-151.7017,170
48.5222,-123.0231,140
37.2839,-98.5528,80
39.2972,-94.7306,50
41.5175,-81.6836,40
40.8217,-72.8689,30
45.6906,-118.8528,280
38.0442,-87.5206,20
40.4953,-107.5211,250
35.1967,-81.1558,30
38.7667,-104.3000,130
33.8117,-78.7239,40
28.4736,-82.4544,270
33.6186,-114.7142,290
41.7219,-71.4325,30
46.7994,-102.7972,130
47.3864,-92.8389,110
41.6875,-69.9933,30
41.7072,-86.3164,70
41.7419,-72.1836,50
34.0561,-117.6003,250
34.4978,-82.7097,30
32.8986,-80.0403,10
29.2733,-94.8592,340
33.6267,-116.1594,320
48.5428,-109.7633,90
59.7494,-154.9089,90
37.9272,-100.7247,120
39.0083,-95.2117,60
32.6261,-116.4681,210
41.6764,-70.9583,30
35.0564,-89.9864,10
31.4583,-109.6061,220
39.9444,-81.8922,40
40.2383,-75.5572,40
31.1500,-92.9667,40
37.2847,-120.5128,310
33.9381,-118.3889,220
26.1969,-80.1708,300
40.3161,-78.8339,60
39.7075,-86.2803,30
42.1128,-92.9175,80
39.9492,-74.8417,20
41.2531,-70.0608,30
43.5950,-118.9564,280
59.2433,-135.5094,300
43.0206,-102.5183,130
35.7425,-81.3819,60
46.4794,-84.3572,110
33.6361,-91.7556,99
40.9017,-117.8081,290
13.4836,144.7961,60
39.5514,-97.6508,80
33.3644,-81.9633,40
43.2389,-123.3547,360
43.1644,-95.2017,50
40.6331,-93.9019,50
40.8764,-74.2831,70
39.4839,-119.7711,10
43.5667,-116.2406,320
40.2964,-78.3203,50
30.2333,-81.6667,350
38.5714,-90.1572,20
21.1544,-157.0961,40
40.6239,-74.6694,30
43.4133,-124.2436,350
32.6808,-96.8681,340
47.6831,-117.3214,220
48.5614,-93.3981,80
43.3500,-73.6167,10
40.9781,-124.1086,310
40.6386,-73.7622,30
42.5544,-92.4011,80
44.9319,-93.0556,50
32.3336,-104.2581,140
43.5331,-84.0797,40
30.5892,-96.3647,340
61.1781,-149.9664,160
48.4608,-119.5167,10
35.3889,-97.6006,40
39.4900,-121.6183,310
42.5519,-71.7558,350
43.6264,-72.3047,10
47.5303,-122.3008,140
39.3792,-74.4242,60
38.7642,-87.6056,20
31.9433,-102.1889,90
41.2433,-76.9217,360
34.5583,-98.4172,10
26.5361,-81.7550,290
35.6542,-105.1419,160
21.9839,-159.3405,30
34.6439,-86.7861,360
36.0719,-115.1633,340
37.2833,-102.6139,150
43.1544,-93.3269,80
41.2003,-74.6231,50
39.9181,-76.8742,50
34.3478,-85.1611,10
32.3542,-95.4025,360
30.6264,-88.0681,320
35.6567,-95.3614,20
33.3633,-84.5658,40
38.3083,-75.1239,50
31.1828,-90.4708,350
37.1431,-107.7597,190
31.4156,-87.0442,340
36.8781,-91.9025,30
34.7411,-118.2117,270
46.1236,-67.7928,360
41.6686,-70.2800,20
41.3714,-73.4828,30
35.9403,-89.8308,40
45.6689,-96.9914,140
42.3978,-90.7036,40
47.0339,-120.5303,310
35.2236,-80.9553,40
38.1311,-91.7683,40
46.7708,-100.7603,130
37.2622,-104.3378,250
42.1908,-71.1736,40
36.7436,-108.2292,240
38.5000,-77.3000,20
42.1244,-86.4267,60
35.0678,-77.0481,30
39.9061,-84.2186,40
31.1522,-81.3908,20
36.0236,-84.2375,50
34.9894,-99.0525,90
47.2856,-68.3133,10
34.1853,-79.7239,30
40.4847,-80.2144,30
42.5417,-113.7661,260
46.8369,-92.2097,100
46.9208,-114.0925,30
35.2578,-113.9331,260
33.9481,-83.3275,80
28.7247,-96.2536,10
34.8822,-95.7831,10
35.8181,-83.9858,40
27.5000,-97.8167,60
41.3336,-75.7269,30
29.3600,-99.1742,50
48.1739,-103.6367,120
44.8889,-116.1017,350
42.8783,-100.5500,150
30.3567,-95.4139,350
35.9508,-85.0814,30
42.9486,-78.7369,40
59.6419,-151.4908,130
38.0494,-103.5122,130
35.1822,-103.6031,150
38.8169,-92.2183,40
39.1342,-108.5400,200
40.3667,-75.9667,30
37.6242,-120.9506,310
47.9742,-117.4283,180
42.4167,-87.8667,50
40.0681,-118.5692,340
43.9042,-92.4917,60
34.2097,-118.4892,10
37.6197,-122.3647,280
44.2033,-72.5794,20
40.8436,-72.6322,20
37.7797,-89.2497,20
42.8050,-72.0036,350
35.6575,-109.0614,190
42.9333,-71.4383,20
47.4933,-122.2144,350
36.9500,-76.2833,40
39.3756,-99.8297,140
32.2997,-86.4075,350
38.1847,-84.9033,30
39.7556,-82.6572,50
38.5050,-107.8975,240
39.0431,-84.6717,50
39.1667,-76.6833,40
28.8614,-96.9303,20
60.5797,-151.2392,120
43.3497,-76.3847,10
44.3814,-106.7211,160
34.6081,-79.0592,50
46.1442,-115.5964,110
44.8428,-117.8086,320
60.1283,-149.4167,170
37.7214,-122.2208,290
25.9156,-97.4186,70
40.8097,-124.1603,330
41.7872,-111.8533,60
36.6950,-76.1356,30
42.9550,-87.9044,80
37.6542,-122.1150,300
34.6719,-82.8864,70
38.2900,-104.4983,40
32.3347,-88.7442,350
40.9611,-98.3136,100
37.4058,-122.0481,360
32.7667,-97.4500,20
28.7797,-81.2436,360
43.1953,-71.5011,40
34.7272,-92.2389,10
15.1167,145.7167,80
47.9375,-124.5550,300
42.2667,-84.4667,40
44.2558,-121.1392,280
33.1803,-96.5903,330
43.9906,-70.9475,30
31.3214,-85.4497,360
41.7806,-122.4717,10
47.3978,-120.2014,310
34.7000,-77.3833,50
36.7725,-90.3247,30
33.2194,-117.3494,250
43.9844,-88.5569,70
34.0158,-118.4514,210
42.4819,-114.4869,24
41.4333,-99.6333,110
29.7333,-85.0333,20
37.1681,-97.0369,60
36.9358,-121.7886,180
34.1750,-91.9347,360
46.9006,-95.0678,110
42.7972,-105.3856,140
47.2675,-122.5761,180
39.6092,-110.7547,280
47.4667,-87.8833,110
32.8167,-115.6833,270
34.6294,-118.0836,280
41.7636,-96.1778,99
43.3906,-99.8422,130
32.6636,-97.0939,340
40.9167,-81.4333,40
45.0133,-84.7014,50
46.0947,-118.2869,200
34.8831,-82.2203,40
42.8975,-106.4636,90
45.5464,-100.4078,140
45.0619,-93.3508,80
41.0089,-74.7367,60
30.7797,-86.5225,330
40.8289,-115.7886,240
37.2253,-89.5706,360
32.4106,-99.6822,110
39.8250,-86.2958,30
26.1658,-97.3458,50
62.9575,-155.6103,200
41.8031,-78.6403,50
40.0489,-107.8853,240
42.6003,-123.3642,350
36.6206,-116.0278,30
32.1314,-110.9553,240
42.3914,-96.3792,90
44.5169,-108.0822,320
39.6728,-75.6008,50
42.5708,-77.7133,10
41.6328,-91.5431,60
42.8939,-85.5447,50
32.8342,-115.5786,350
19.7356,-156.0489,330
42.4700,-71.2894,30
42.5906,-117.8644,330
41.4131,-81.8600,40
