36.2500,-115.6300,259
36.3100,-115.6800,170
36.1300,-105.5300,238
35.9200,-106.3900,252
36.9900,-105.2600,146
36.0000,-106.8300,271
36.9600,-106.6600,143
39.4300,-120.3100,181
43.7300,-113.8300,142
36.0300,-106.8100,55
36.8600,-106.2300,26
44.2100,-110.6700,315
40.8300,-111.7600,87
39.3600,-106.0600,12
44.3800,-116.3400,153
36.7900,-105.2400,268
39.1900,-120.2600,177
39.2900,-117.1100,142
43.8000,-114.8500,360
43.7600,-115.2400,140
38.4000,-119.5400,200
41.4000,-107.2600,46
48.7200,-116.4600,50
39.3100,-111.4300,279
46.2400,-117.3900,356
36.5100,-106.3200,12
43.7600,-116.1000,97
39.8000,-106.0300,229
35.3400,-111.6500,300
36.1900,-105.5600,46
36.0700,-105.6300,262
44.7900,-116.0900,177
36.7200,-106.2600,240
35.7700,-105.7800,38
40.5300,-106.7800,198
40.3000,-111.2600,256
