47.6497,-120.0800,115
40.9656,-105.2186,140
46.2314,-112.1136,350
39.7750,-105.1169,320
39.7506,-92.5064,270
44.4933,-68.4583,330
39.8814,-77.3506,180
40.8600,-102.8031,180
39.7194,-76.8028,230
48.9981,-110.2158,160
48.0750,-111.2597,270
47.2919,-88.4208,247
45.4525,-99.3358,200
39.0733,-93.7075,360
34.1206,-115.8500,203
40.6558,-97.2208,30
41.8161,-80.4250,180
40.5764,-105.0858,354
39.6442,-74.8072,19
41.0103,-103.8769,135
39.4206,-79.0050,230
30.5347,-94.4456,200
40.1100,-87.9567,360
34.6242,-106.3103,260
35.0761,-89.7430,250
45.6656,-97.0392,180
39.1439,-103.4897,160
41.7392,-77.9711,240
47.2753,-88.4169,285
47.0083,-88.4317,292
34.2183,-116.4072,240
61.2967,-149.4400,270
