35.6214,-88.8456,211
38.7978,-99.7231,150
46.7603,-117.1861,111
40.1550,-103.1417,122
39.0422,-108.4664,111
47.0575,-109.9514,100
39.6619,-99.1228,156
48.4983,-109.8014,117
32.2822,-106.7597,150
39.2494,-106.3714,22
44.1183,-121.2103,83
46.6722,-120.4994,161
36.4711,-86.8414,200
45.6911,-118.8522,-33
47.6811,-117.6267,144
38.0047,-120.4864,156
40.2539,-85.1483,189
34.5989,-103.2161,161
46.0436,-118.4628,183
34.7675,-106.7611,133
42.7467,-71.0425,178
38.5350,-121.7761,150
34.5822,-119.9817,133
26.5581,-99.1372,244
25.8175,-80.2858,222
37.9050,-93.3169,122
39.9000,-98.0256,150
37.3806,-107.5811,94
30.2003,-92.6642,206
34.0828,-106.8831,106
40.2842,-109.8611,94
47.0022,-118.5658,139
40.0892,-99.2133,133
61.5664,-149.2542,89
40.6117,-122.5281,183
39.4031,-99.4192,144
33.6731,-111.1508,194
38.4661,-101.7758,139
39.3925,-101.0689,139
45.6750,-111.1550,100
36.8047,-107.6214,94
45.4825,-120.7236,128
45.9228,-108.2444,122
42.9592,-120.7897,133
29.4608,-101.0286,239
36.5508,-114.4581,156
33.7092,-93.5564,211
40.2233,-86.1086,161
38.7403,-104.3994,94
37.1503,-104.5567,144
35.0489,-97.9158,183
44.7764,-108.7592,128
26.8400,-81.0872,233
43.5492,-71.4647,178
35.2006,-103.6867,189
40.4750,-86.9919,150
46.7281,-116.9558,122
37.7967,-121.5828,139
36.6897,-108.3086,128
41.9342,-88.7756,161
36.9969,-119.7072,-178
41.4439,-86.9294,144
48.7178,-122.5114,133
42.1231,-111.3133,67
28.4675,-98.2525,250
46.8706,-68.0172,178
43.8544,-116.4664,128
36.5575,-105.2628,67
35.7197,-86.9653,206
47.7283,-104.1467,178
42.1397,-87.7853,161
40.1739,-101.0611,139
42.8767,-77.0308,183
35.4139,-86.8086,189
38.4917,-122.1242,117
33.7542,-99.1442,178
38.6450,-95.5661,300
40.2458,-111.6508,128
38.4931,-122.0047,139
39.0303,-76.9314,200
35.4072,-104.1906,178
37.7617,-117.5658,144
40.1167,-76.4333,194
30.7053,-104.0233,144
40.7833,-81.9167,178
38.8586,-99.3358,156
34.9881,-120.3211,139
39.0744,-96.8983,161
44.0622,-103.4819,78
37.0683,-88.7725,194
