32.9203,-94.7225,50
35.3872,-76.7764,134
44.3089,-85.2050,119
44.8831,-85.6753,105
34.1647,-88.7239,95
36.4711,-86.8414,87
36.9969,-119.7072,53
40.6117,-122.5281,11
41.9342,-88.7756,51
39.1172,-95.4097,121
34.9881,-120.3211,82
35.6214,-88.8456,58
35.6872,-90.0964,116
36.1056,-82.8436,39
30.0689,-94.2928,79
35.2006,-103.6867,24
39.4031,-99.4192,84
31.9497,-91.2336,2
36.6897,-108.3086,43
27.4272,-80.4053,143
34.5989,-103.2161,211
34.5822,-119.9817,55
36.3444,-88.8636,55
33.1481,-95.6269,0
44.3253,-96.7686,101
33.1461,-107.1842,108
18.3906,-66.0542,5
30.2003,-92.6642,56
31.3706,-100.4942,195
40.7264,-122.7947,42
34.1864,-90.5572,34
47.7283,-104.1467,37
38.7978,-99.7231,193
45.6911,-118.8522,117
39.9614,-86.0586,51
42.7467,-71.0425,31
26.5581,-99.1372,0
33.4692,-88.7822,71
30.7931,-94.1819,6
40.2539,-85.1483,98
34.6033,-104.3811,129
32.2822,-106.7597,37
35.1297,-89.8036,37
42.1397,-87.7853,24
34.7281,-90.3683,48
35.8819,-83.9572,40
34.1381,-88.9983,51
34.0828,-106.8831,32
39.6619,-99.1228,24
36.5508,-114.4581,76
34.5697,-93.1947,23
36.8047,-107.6214,63
42.3806,-96.9575,13
34.8219,-89.4347,5005
37.5147,-122.0325,238
32.8964,-107.3078,114
37.7967,-121.5828,0
46.0436,-118.4628,55
18.2583,-65.9922,3
41.4439,-86.9294,153
32.8522,-95.8864,48
33.0642,-101.0489,158
37.9931,-100.8122,212
36.0147,-85.1314,42
39.5039,-98.3150,143
39.0303,-76.9314,92
33.8300,-88.5214,95
40.0892,-99.2133,64
40.7833,-81.9167,124
32.4219,-93.6381,72
26.8400,-81.0872,259
42.1231,-111.3133,76
30.8408,-89.5453,2
38.6450,-95.5661,42
43.8083,-111.7892,97
37.7617,-117.5658,142
18.0258,-66.5253,8
31.8769,-105.2369,74
33.7542,-99.1442,126
35.4139,-86.8086,68
18.0331,-67.0722,43
46.6722,-120.4994,42
39.2475,-96.5994,37
35.0489,-97.9158,108
43.5492,-71.4647,134
38.0047,-120.4864,55
46.8706,-68.0172,156
29.6211,-96.3661,100
31.6164,-94.6431,26
33.7092,-93.5564,0
40.5764,-105.0858,26
39.3925,-101.0689,192
45.4825,-120.7236,154
39.0172,-92.7558,18
42.9592,-120.7897,37
30.7053,-104.0233,74
39.0422,-108.4664,60
38.8586,-99.3358,225
32.8242,-95.5275,77
46.7281,-116.9558,53
40.0839,-88.2403,29
40.1167,-76.4333,11
35.1131,-89.2122,24
43.4033,-103.2683,43
37.3822,-102.2986,275
40.1739,-101.0611,137
41.0267,-86.5867,43
35.1161,-93.6506,0
38.9408,-95.3397,26
39.9000,-98.0256,93
45.9228,-108.2444,58
38.5200,-89.8467,47
40.2233,-86.1086,79
44.0622,-103.4819,40
25.8175,-80.2858,150
40.1550,-103.1417,198
36.4622,-116.8669,523
35.7197,-86.9653,40
47.6811,-117.6267,53
40.2842,-109.8611,64
43.8544,-116.4664,27
38.4917,-122.1242,50
44.1183,-121.2103,24
61.5664,-149.2542,113
32.3378,-89.0817,56
38.4931,-122.0047,47
38.4661,-101.7758,187
