40.6508,-75.4492,1
35.7425,-81.3819,1
33.2119,-87.6161,1
36.0394,-95.9844,1
40.8203,-82.5178,1
37.3208,-79.2067,1
30.3567,-95.4139,1
42.0647,-104.1528,1
31.2819,-89.2531,1
39.0431,-84.6717,1
34.7272,-92.2389,1
66.8667,-162.6333,1
38.1847,-84.9033,1
46.5311,-87.5483,1
39.1333,-86.6167,1
44.8428,-117.8086,1
46.9733,-122.9033,1
43.7331,-103.6114,1
33.1783,-86.7817,1
38.0442,-87.5206,1
44.3853,-74.2067,1
41.4333,-99.6333,1
47.2856,-68.3133,1
36.8781,-91.9025,1
41.1214,-100.6694,1
33.4825,-90.9853,1
48.2138,-106.6213,1
46.4267,-105.8825,1
42.9667,-83.7494,1
47.9375,-124.5550,1
34.4258,-119.8425,1
38.7642,-87.6056,1
33.6361,-91.7556,1
47.4733,-111.3822,1
41.5272,-85.7922,1
31.0425,-86.3117,1
43.1561,-90.6775,1
39.4519,-87.3089,1
46.0139,-102.6547,1
33.0375,-116.9158,1
39.1894,-103.7158,1
45.6308,-89.4653,1
41.1783,-78.8989,1
36.6239,-87.4194,1
36.2667,-93.1567,1
38.8853,-79.8528,1
39.8328,-104.6575,1
31.2361,-94.7544,1
33.4617,-80.8581,1
