46.0947,-118.2869,220
41.7806,-122.4717,350
33.2194,-117.3494,240
38.7042,-93.1833,110
40.3161,-78.8339,150
40.7342,-73.4169,160
40.8097,-124.1603,360
30.8458,-85.6014,80
40.4953,-107.5211,240
35.6542,-105.1419,200
43.8789,-91.2528,180
31.4156,-87.0442,330
41.8056,-107.1997,300
39.3644,-84.5247,100
29.7036,-98.0281,140
32.8986,-80.0403,340
40.8508,-96.7475,150
35.2372,-120.6414,320
38.7525,-90.3736,130
29.7333,-85.0333,180
25.6475,-80.4331,140
39.1667,-76.6833,60
40.6675,-89.6839,160
45.2575,-112.5545,190
34.6517,-112.4208,210
46.9733,-122.9033,260
44.5344,-72.6144,20
39.7736,-94.9233,130
43.8339,-111.8045,160
39.7556,-82.6572,110
70.1917,-148.4772,60
38.3406,-75.5103,60
42.3978,-90.7036,170
39.4519,-87.3089,140
39.5781,-85.8033,60
31.9514,-85.1289,90
8.7333,167.7333,60
42.5842,-70.9175,130
29.3600,-99.1742,150
32.8978,-97.0189,160
34.7917,-79.3661,40
33.0375,-116.9158,280
35.6875,-117.6931,210
43.5667,-116.2406,310
45.0619,-93.3508,170
32.3206,-90.0778,360
47.4569,-115.6450,230
46.3583,-104.2500,110
62.1592,-145.4589,150
39.4839,-119.7711,290
47.9742,-117.4283,160
35.0678,-77.0481,350
42.9550,-87.9044,130
40.0681,-118.5692,310
29.2733,-94.8592,160
41.8706,-103.5931,90
29.3783,-100.9269,150
35.6567,-95.3614,200
44.4683,-73.1500,280
32.4506,-93.8411,140
30.0675,-95.5561,190
34.0500,-94.4008,110
62.9575,-155.6103,130
42.8783,-100.5500,250
36.7414,-104.5022,200
39.3756,-99.8297,150
42.8375,-103.0953,120
39.5514,-97.6508,150
43.1953,-71.5011,120
42.2314,-83.3308,90
45.6044,-103.5464,320
34.7675,-114.6189,250
36.6239,-87.4194,40
44.3814,-106.7211,170
41.0089,-74.7367,110
33.9481,-83.3275,80
30.5108,-99.7664,170
41.7872,-111.8533,300
32.5722,-116.9794,270
57.7511,-152.4856,300
44.0219,-82.7931,110
43.5164,-112.0672,200
48.7167,-94.6000,40
36.0719,-115.1633,180
41.6875,-69.9933,60
27.5333,-99.4667,110
37.7836,-81.1231,130
45.8183,-88.1144,190
35.4319,-82.5375,170
40.4122,-86.9369,140
31.9433,-102.1889,150
41.0375,-81.4642,180
40.8203,-82.5178,110
34.4978,-82.7097,340
42.1094,-77.9919,170
38.9408,-77.4636,50
47.3864,-92.8389,130
32.5156,-92.0406,40
35.8181,-83.9858,80
44.9258,-89.6256,160
33.7792,-84.5214,140
24.5550,-81.7522,130
41.2003,-74.6231,70
40.0803,-95.5919,190
42.5708,-77.7133,90
37.9272,-100.7247,30
39.7333,-77.4333,40
31.8606,-86.0122,300
41.4653,-90.5233,150
31.8311,-104.8089,240
46.6056,-111.9636,270
30.6264,-88.0681,310
31.5883,-110.3442,250
18.4325,-66.0108,60
35.0419,-106.6156,280
44.3592,-84.6739,160
30.3975,-84.3289,180
44.7694,-106.9689,310
30.3208,-97.7603,140
40.4847,-80.2144,110
42.4167,-87.8667,120
42.2228,-83.7444,150
45.2486,-122.7686,350
35.6697,-120.6283,300
37.1319,-76.4930,60
44.5444,-110.4211,270
39.0083,-95.2117,170
37.0911,-95.5664,150
31.3347,-92.5586,30
42.1997,-75.9850,80
40.8436,-72.6322,130
39.1019,-121.5678,170
42.4272,-73.2892,270
34.9869,-81.0575,30
40.9706,-85.2064,160
43.9658,-107.9508,300
38.3650,-82.5550,40
32.6500,-114.6167,310
44.9050,-123.0011,320
36.5728,-79.3361,50
36.9500,-76.2833,40
7.3333,134.4833,230
35.8311,-90.6464,160
38.3083,-75.1239,50
48.5614,-93.3981,150
41.3497,-71.7989,140
42.5950,-87.9381,130
34.2900,-93.0600,130
36.2667,-93.1567,140
44.3853,-74.2067,70
31.5356,-84.1944,40
32.1314,-110.9553,250
36.6817,-101.5053,170
31.4208,-110.8458,230
39.1258,-123.2008,330
41.7072,-86.3164,140
34.0158,-118.4514,240
39.4019,-77.9844,80
26.1658,-97.3458,100
33.1783,-86.7817,300
30.7406,-98.2353,140
36.0097,-94.1694,180
59.4433,-151.7017,190
39.9181,-76.8742,100
31.6189,-97.2283,190
37.2353,-93.4003,70
18.3331,-64.9667,130
43.9042,-92.4917,140
34.8364,-92.2619,70
39.0431,-84.6717,130
37.7797,-89.2497,110
30.8356,-85.1839,350
43.5878,-96.7289,190
46.9258,-98.6692,350
32.6636,-97.0939,120
41.5886,-83.8014,60
42.7172,-71.1239,110
48.7939,-122.5372,170
45.8258,-119.2611,250
46.9728,-123.9303,260
36.0167,-102.5500,160
42.1208,-87.9047,110
30.5069,-86.9597,40
43.1644,-95.2017,10
38.0511,-117.0903,260
29.9506,-94.0206,150
45.5908,-122.6003,290
33.4825,-90.9853,350
34.1853,-79.7239,90
41.0669,-73.7075,140
31.9206,-102.3867,160
39.1342,-108.5400,190
38.6892,-75.3592,50
27.9619,-82.5403,280
33.4050,-118.4158,260
40.6239,-74.6694,50
48.5428,-109.7633,120
33.9786,-98.4928,150
35.2578,-93.0947,110
31.1500,-92.9667,40
32.8547,-109.6353,300
40.6044,-98.4272,330
41.2731,-111.0306,150
30.9119,-102.9167,150
64.7767,-141.1483,280
48.5222,-123.0231,220
27.7839,-97.5108,150
35.6950,-101.3950,160
43.3497,-76.3847,20
45.7728,-122.8611,310
37.3711,-118.3581,190
31.4583,-109.6061,250
44.6381,-90.1875,170
41.1961,-112.0114,290
39.8328,-104.6575,110
34.2008,-119.2069,260
41.6686,-70.2800,20
34.2675,-77.8997,300
40.2383,-75.5572,50
36.1336,-80.2222,40
40.8289,-115.7886,360
46.0139,-102.6547,320
47.3978,-120.2014,350
46.9208,-114.0925,300
40.6825,-74.1694,140
38.2103,-122.2847,190
64.8039,-147.8761,360
33.9381,-118.3889,270
38.0653,-97.8606,170
45.5644,-84.7928,350
40.2769,-74.8158,140
32.7336,-117.1831,230
35.0281,-110.7208,240
38.0442,-87.5206,70
30.2333,-81.6667,30
36.9839,-77.0075,20
44.5228,-114.2150,260
42.3811,-122.8722,320
37.6242,-120.9506,330
47.2675,-122.5761,260
38.8483,-77.0342,50
30.4119,-89.0808,40
41.4914,-120.5644,180
37.2958,-81.2078,140
13.4836,144.7961,70
40.5175,-122.2986,180
32.2622,-107.7206,270
59.4556,-135.3239,210
29.1097,-95.4619,150
39.2231,-106.8683,150
32.7817,-98.0603,140
41.1214,-100.6694,30
41.2531,-70.0608,30
33.9753,-117.6361,250
44.2033,-72.5794,350
42.7611,-87.8136,140
41.3336,-75.7269,40
28.8614,-96.9303,140
32.3500,-91.0278,30
56.6000,-169.5650,320
44.5483,-95.0803,170
35.0311,-85.2014,90
38.2281,-85.6636,80
38.5000,-77.3000,70
31.3214,-85.4497,150
42.7803,-84.5789,150
32.8158,-117.1394,260
33.1803,-96.5903,180
35.9461,-112.1547,210
31.2819,-89.2531,10
66.0689,-162.7639,360
46.5683,-120.5428,330
42.1594,-76.8919,110
45.5433,-94.0514,150
42.8153,-108.7261,210
41.7700,-88.4814,170
33.6228,-111.9106,250
42.1469,-121.7242,340
-14.3306,-170.7136,120
44.0433,-103.0536,350
39.4900,-121.6183,170
43.7700,-88.4864,140
34.2622,-88.7714,40
32.6808,-96.8681,130
46.2667,-119.1167,330
41.3714,-73.4828,150
32.8342,-115.5786,240
41.0467,-78.4117,100
45.6478,-68.6925,20
43.4075,-94.7461,180
37.9917,-122.0550,190
44.2558,-121.1392,340
47.9375,-124.5550,270
47.4933,-122.2144,330
45.6906,-118.8528,290
45.4622,-69.5953,340
37.8892,-121.2258,270
34.1231,-84.8486,190
26.1522,-81.7753,120
30.4781,-87.1869,200
47.4733,-111.3822,240
42.6003,-123.3642,350
38.5911,-92.1558,130
59.6419,-151.4908,130
37.3278,-95.5042,200
39.5264,-107.7264,160
45.4558,-98.4131,350
33.2061,-97.1989,150
30.5892,-96.3647,180
43.1711,-86.2367,230
44.3675,-71.5450,330
41.5092,-74.2650,40
42.0800,-80.1825,50
38.8761,-98.8092,80
35.3889,-97.6006,180
30.0494,-90.0289,40
36.0394,-95.9844,180
35.4344,-119.0542,290
32.3347,-88.7442,20
42.6425,-77.0564,100
31.3558,-85.7511,350
36.7800,-119.7194,290
60.4889,-145.4511,110
42.8050,-72.0036,140
44.1278,-123.2206,340
36.2117,-115.1958,180
38.5039,-122.8103,140
34.6081,-79.0592,20
30.0481,-102.2131,150
41.6764,-70.9583,50
44.9319,-93.0556,160
39.3669,-101.7000,50
43.6497,-70.3003,350
40.5100,-101.6200,70
30.7825,-83.2767,110
25.9989,-80.2411,50
40.7789,-73.9692,150
34.9894,-99.0525,170
47.4667,-87.8833,240
36.9878,-120.1106,280
42.7461,-86.0967,260
30.4000,-86.4717,180
33.4536,-94.0075,140
44.8831,-93.2289,170
26.5361,-81.7550,80
33.6800,-117.8664,200
34.4272,-100.2831,170
40.7781,-111.9694,230
43.3906,-99.8422,310
31.8456,-86.6108,280
40.9611,-98.3136,330
47.0492,-109.4578,110
47.3078,-119.5153,310
44.9358,-74.8458,20
45.5511,-122.4089,260
33.6361,-91.7556,50
61.5961,-149.0917,130
45.6208,-122.6572,300
33.4278,-112.0039,270
31.3928,-92.2956,120
42.5544,-92.4011,150
29.9800,-95.3600,130
41.5339,-93.6531,270
37.6197,-122.3647,270
40.1936,-76.7633,110
33.8117,-78.7239,210
41.7419,-72.1836,180
37.1681,-97.0369,160
57.1553,-170.2222,360
45.5464,-100.4078,330
34.5183,-109.3792,250
30.7439,-95.5861,220
35.8517,-97.4142,170
35.6169,-106.0889,220
42.7267,-114.4564,210
33.6883,-112.0817,220
37.6544,-97.4425,180
32.2997,-86.4075,330
37.2253,-89.5706,250
42.0572,-102.8000,120
30.7044,-87.0231,160
41.3325,-122.3328,340
36.7683,-96.0261,150
41.3375,-84.4289,100
45.6689,-96.9914,250
30.4636,-88.5319,140
41.9097,-70.7294,60
38.1417,-76.4292,40
41.4333,-99.6333,30
41.9144,-88.2464,150
48.2138,-106.6213,100
39.6014,-116.0056,150
39.9492,-74.8417,110
39.8447,-89.6839,160
41.1389,-75.3794,130
33.2208,-92.8142,70
39.2292,-106.3169,180
41.6328,-91.5431,160
37.3031,-108.6275,210
47.5303,-122.3008,180
19.7192,-155.0531,90
27.6531,-80.2428,200
36.9033,-76.1922,30
29.6333,-83.1053,300
40.2064,-100.5914,40
20.8997,-156.4286,40
58.3567,-134.5639,110
24.7258,-81.0517,330
41.8833,-91.7167,170
41.6264,-80.2150,200
41.3275,-72.0494,150
62.3200,-150.0950,220
28.7797,-81.2436,60
32.8519,-96.8556,140
48.6033,-112.3753,240
40.7939,-73.1017,140
59.5119,-139.6711,120
35.8922,-78.7819,50
43.9844,-88.5569,190
27.4014,-82.5586,120
45.8678,-95.3942,180
38.8317,-94.8897,180
34.8461,-82.3461,90
31.2361,-94.7544,80
27.6833,-97.2833,130
44.0511,-101.6011,320
42.2706,-71.8731,140
41.3461,-82.1794,70
42.5906,-117.8644,240
27.4981,-80.3767,120
44.3592,-89.8369,180
36.9358,-121.7886,60
36.8781,-91.9025,180
63.9944,-145.7214,180
33.4964,-90.0867,340
36.9261,-111.4478,200
46.8369,-92.2097,10
32.5161,-84.9422,120
28.5453,-81.3331,80
40.8500,-74.0614,150
35.0564,-89.9864,30
35.1822,-103.6031,180
40.0781,-83.0781,110
38.8100,-104.6883,360
25.9156,-97.4186,150
43.2389,-123.3547,320
41.1519,-104.8061,140
34.3622,-98.9761,150
42.5700,-72.2911,10
40.3667,-75.9667,100
27.9106,-82.6875,110
39.2972,-94.7306,140
39.3450,-81.4392,150
41.1783,-78.8989,120
40.0819,-75.0111,80
21.3167,-158.0667,80
35.1967,-81.1558,30
42.1578,-72.7161,170
42.3606,-71.0106,100
40.2172,-76.8514,130
38.9503,-95.6639,150
9.4833,138.0833,60
43.1167,-77.6767,120
62.9614,-141.9292,310
35.2578,-113.9331,220
29.6222,-95.6564,160
64.3267,-158.7417,40
41.0731,-71.9233,110
35.5342,-97.6469,170
46.4047,-94.1308,180
25.7906,-80.3164,100
33.5872,-85.8556,60
44.5761,-71.1786,340
39.8683,-75.2311,80
37.0872,-84.0769,40
48.1739,-103.6367,70
31.6072,-110.4281,270
17.7028,-64.8056,100
28.0622,-81.7542,90
38.6572,-90.6558,130
35.9508,-85.0814,250
42.9333,-71.4383,140
34.2167,-119.0833,260
38.5069,-121.4950,210
28.4339,-81.3250,100
33.2119,-87.6161,330
55.5800,-133.0750,210
38.8169,-92.2183,150
24.5833,-81.6833,350
39.7078,-77.7297,60
31.3089,-86.3939,360
40.3300,-75.1225,40
33.6542,-101.8136,150
41.9922,-93.6217,150
47.6217,-117.5281,220
40.2964,-78.3203,90
47.2078,-119.3192,210
41.5272,-85.7922,170
44.3814,-100.2856,280
59.7494,-154.9089,90
32.0311,-96.3989,120
33.3644,-81.9633,150
41.7219,-71.4325,180
43.0661,-108.4767,270
40.2342,-85.3936,120
44.8428,-117.8086,320
67.7317,-164.5483,20
43.9636,-69.7117,320
47.9078,-122.2803,360
64.5111,-165.4400,30
47.4444,-122.3139,20
38.3775,-121.9575,210
39.8344,-88.8656,150
40.3547,-79.9217,100
38.4167,-113.0167,220
27.7411,-98.0247,120
32.7800,-79.9319,120
36.3689,-92.4703,160
60.5797,-151.2392,40
36.6950,-76.1356,30
40.6508,-75.4492,70
25.9069,-80.2803,30
40.9167,-81.4333,140
38.1811,-85.7392,110
41.5333,-71.2833,130
26.1839,-98.2539,140
36.9647,-86.4239,50
41.4131,-81.8600,10
33.6186,-114.7142,220
28.1011,-80.6439,250
29.5442,-98.4839,140
39.1894,-103.7158,340
46.0261,-91.4442,170
48.0944,-105.5744,80
33.8750,-84.3022,20
38.9833,-76.4667,120
43.1406,-89.3453,170
32.9733,-97.3181,160
39.6092,-110.7547,180
34.1750,-91.9347,10
37.1431,-107.7597,170
40.7794,-73.8803,170
39.4203,-83.8217,150
36.4486,-103.1539,90
37.5908,-83.3131,310
43.1561,-90.6775,180
26.6847,-80.0994,140
36.4731,-82.4044,150
35.2325,-75.6219,120
46.5486,-90.9189,180
41.6117,-90.5808,150
41.9950,-87.9336,130
33.6267,-116.1594,330
48.1203,-123.4983,290
33.9519,-117.4386,260
42.3075,-85.2511,170
30.3361,-81.5147,130
44.8889,-116.1017,280
48.2553,-101.2733,10
38.3306,-96.1897,120
39.8250,-86.2958,110
32.1300,-81.2100,100
37.3592,-121.9239,260
40.0228,-82.4625,100
58.6794,-156.6294,170
47.2381,-123.1408,220
42.7972,-105.3856,120
36.8167,-76.0333,40
41.2433,-76.9217,10
34.9883,-117.8647,270
38.8500,-94.7392,170
61.2169,-149.8550,210
6.9667,158.2167,90
32.6261,-116.4681,220
36.5881,-121.8453,240
30.3503,-81.8831,30
28.4736,-82.4544,120
42.4819,-114.4869,30
46.7708,-100.7603,330
40.1764,-80.6472,100
40.7833,-91.1253,200
34.0561,-117.6003,230
37.7608,-99.9683,170
40.7083,-84.0267,120
30.3567,-95.4139,140
47.6458,-101.4394,20
31.3500,-85.6667,110
42.4092,-83.0100,90
36.6636,-121.6081,240
40.6331,-93.9019,200
43.4133,-124.2436,360
33.9228,-118.3342,260
32.3542,-95.4025,170
45.1947,-123.1339,320
45.9647,-112.5006,190
38.1311,-91.7683,120
32.4106,-99.6822,150
47.7472,-90.3444,70
42.5519,-71.7558,170
34.1167,-119.1167,280
7.0833,171.3833,60
15.1167,145.7167,80
45.0319,-102.0192,350
46.4167,-86.6500,190
37.6928,-121.8144,200
40.8764,-74.2831,170
35.2236,-80.9553,50
35.9333,-79.0642,50
32.3367,-90.2214,40
44.8322,-93.4706,180
35.9403,-89.8308,170
38.8983,-119.9947,190
39.9444,-81.8922,60
60.7850,-161.8292,350
33.1281,-117.2794,200
39.4781,-88.2803,130
41.4525,-87.0058,140
64.5500,-149.0717,90
40.8217,-72.8689,150
34.6525,-86.9453,360
55.2208,-162.7325,330
39.1033,-84.4189,80
33.4669,-82.0386,350
37.9406,-75.4631,40
30.4844,-81.7019,10
37.6542,-122.1150,260
46.9006,-95.0678,170
31.8111,-106.3758,240
35.2333,-101.7089,170
30.6794,-88.2397,340
38.3794,-81.5900,140
40.1519,-122.2536,280
33.8117,-118.1464,300
31.0425,-86.3117,210
38.8000,-97.6500,20
38.7642,-87.6056,90
40.9781,-124.1086,310
36.0969,-79.9433,50
37.2847,-120.5128,260
29.6919,-82.2756,120
34.2097,-118.4892,190
35.7425,-81.3819,50
32.7000,-117.2000,210
34.2006,-118.3575,190
31.5358,-82.5067,90
42.7431,-73.8092,20
30.4000,-81.4167,140
34.3478,-85.1611,110
42.0647,-104.1528,120
38.7550,-109.7542,240
60.7850,-148.8389,80
42.1928,-89.0931,180
43.7694,-87.8506,180
35.1442,-111.6664,210
7.4500,151.8333,60
66.9161,-151.5089,40
35.0169,-80.6206,50
39.2775,-120.7103,180
27.7628,-82.6261,150
34.7000,-77.3833,300
42.1128,-92.9175,160
41.8678,-84.0794,90
34.6294,-118.0836,240
34.7411,-118.2117,220
42.3914,-96.3792,270
30.0375,-91.8839,20
48.3042,-114.2636,270
33.5656,-86.7450,350
34.7436,-118.7242,320
41.5944,-109.0528,310
34.4258,-119.8425,50
47.9428,-97.1839,360
37.2622,-104.3378,50
35.5144,-108.7939,240
34.8536,-116.7858,250
32.7100,-96.2672,170
30.5372,-91.1469,60
43.2339,-75.4117,90
38.1386,-78.4530,30
42.5417,-113.7661,280
39.4494,-74.5672,70
31.3711,-100.4922,170
43.2119,-90.1814,160
45.0717,-83.5644,130
38.7667,-104.3000,10
47.2856,-68.3133,50
43.3500,-73.6167,70
43.1544,-93.3269,130
37.2839,-98.5528,180
34.6719,-82.8864,300
44.7408,-85.5825,330
45.5114,-118.4247,290
36.7725,-90.3247,130
30.7167,-87.0167,150
41.5631,-83.4764,80
21.9839,-159.3405,70
45.7881,-111.1608,280
38.5714,-90.1572,130
36.2967,-99.7689,190
35.5931,-88.9167,20
40.4719,-81.4236,100
41.8756,-71.0211,120
61.1781,-149.9664,180
46.7439,-117.1086,280
21.4500,-157.7833,80
43.0206,-102.5183,70
40.0972,-92.5433,140
33.8719,-117.9789,190
34.0511,-118.2353,270
39.2953,-114.8467,30
31.1828,-90.4708,330
39.9061,-84.2186,90
32.3336,-104.2581,120
27.5000,-97.8167,110
39.9914,-82.8808,40
37.4389,-105.8614,200
43.6264,-72.3047,40
46.4267,-105.8825,90
34.6439,-86.7861,10
46.1569,-123.8825,300
36.1189,-86.6892,30
31.7800,-103.2017,140
28.7247,-96.2536,150
47.1686,-88.4889,350
44.1708,-114.9272,190
29.6381,-95.2819,150
40.0489,-107.8853,220
41.5175,-81.6836,40
43.1111,-76.1039,30
39.5703,-104.8489,350
61.1689,-150.0278,150
38.9597,-94.3714,320
42.9667,-83.7494,160
34.2486,-82.1592,240
41.7636,-96.1778,250
41.6267,-73.8842,20
42.5844,-110.1075,270
37.0683,-88.7719,110
40.9017,-117.8081,50
34.5583,-98.4172,160
55.3567,-131.7117,130
32.3847,-94.7117,160
29.9933,-90.2511,40
41.7781,-80.6958,110
39.2956,-80.2289,90
32.8192,-97.3614,140
44.7978,-68.8186,350
34.8822,-95.7831,210
35.8550,-77.8931,20
39.9369,-91.1919,160
30.1831,-97.6800,150
44.8664,-91.4878,150
42.4933,-79.2722,20
34.7336,-76.6606,300
39.0725,-95.6261,150
38.0494,-103.5122,30
48.4608,-119.5167,10
41.1078,-92.4467,180
26.2281,-97.6542,110
46.9253,-96.8111,310
29.3331,-89.4075,220
39.1333,-86.6167,100
39.1353,-96.6778,20
41.9381,-72.6825,180
40.0397,-88.2778,150
39.1208,-94.5969,200
36.7367,-97.1019,160
57.0481,-135.3647,110
29.5622,-91.5256,240
66.8667,-162.6333,70
31.1522,-81.3908,120
38.2900,-104.4983,60
38.3000,-76.4167,70
34.8994,-120.4486,290
38.1847,-84.9033,80
46.1236,-67.7928,30
34.9914,-78.8803,110
33.6300,-84.4417,100
43.9906,-70.9475,340
44.3206,-69.7972,350
41.7361,-72.6506,150
33.8281,-116.5053,320
45.6194,-121.1661,280
42.2667,-84.4667,160
43.3436,-72.5178,350
39.3667,-75.0667,90
28.8208,-81.8097,80
38.6956,-121.5897,160
33.9486,-81.1186,90
41.1014,-102.9847,10
41.7803,-124.2367,340
39.3792,-74.4242,70
41.2544,-80.6739,110
32.7667,-97.4500,130
46.3747,-117.0156,300
43.7331,-103.6114,100
47.6831,-117.3214,230
26.5850,-81.8614,50
34.5467,-93.5781,140
35.3331,-94.3625,60
37.7214,-122.2208,250
60.1283,-149.4167,350
46.7994,-102.7972,30
37.7064,-112.1456,160
28.4567,-99.2183,130
36.1625,-97.0894,170
45.0133,-84.7014,200
28.0836,-97.0464,120
44.6500,-73.4667,60
37.1467,-94.5022,170
33.3075,-104.5083,170
33.3633,-84.5658,140
35.2100,-99.1200,170
36.2833,-94.3000,190
41.7861,-87.7522,90
29.1828,-81.0483,70
70.2117,-151.0017,40
37.4058,-122.0481,260
40.8206,-76.8642,170
71.2833,-156.7814,20
40.4422,-109.5144,220
39.4167,-118.7167,320
34.7442,-87.5997,320
18.2550,-65.6408,120
44.0206,-117.0128,310
36.0236,-84.2375,240
44.3394,-105.5419,20
35.1350,-90.2344,40
41.3119,-105.6747,150
42.6958,-73.1708,330
32.8667,-117.1333,210
42.8939,-85.5447,170
40.8731,-81.8867,110
41.5097,-72.8278,170
30.3433,-89.8222,10
37.5050,-77.3203,30
30.7797,-86.5225,190
42.1244,-86.4267,180
42.2347,-85.5519,190
46.8706,-68.0172,10
37.3208,-79.2067,40
42.9203,-112.5711,280
34.9000,-76.8833,250
37.7081,-77.4344,50
40.1203,-76.2944,100
45.5406,-122.9486,320
34.8831,-82.2203,80
36.6206,-116.0278,230
37.7461,-97.2211,170
43.5950,-118.9564,310
41.2639,-72.8872,110
42.9486,-78.7369,100
33.4617,-80.8581,60
39.6728,-75.6008,70
42.6650,-83.4181,150
37.7086,-113.0944,220
42.8914,-73.2469,280
41.9856,-97.4353,270
32.6847,-83.6528,40
45.6308,-89.4653,200
43.9922,-76.0217,60
32.5500,-88.5667,20
30.3489,-85.7881,220
34.7272,-92.2389,100
42.1908,-71.1736,10
35.6575,-109.0614,240
44.9047,-97.1494,320
34.2719,-83.8303,90
41.3931,-70.6150,60
32.5428,-93.7450,140
44.3981,-98.2231,280
38.9286,-90.4281,120
42.2333,-83.5333,120
36.2606,-76.1750,30
41.3103,-95.8992,270
37.3169,-79.9742,120
46.4794,-84.3572,150
39.7075,-86.2803,110
33.2367,-107.2681,160
42.4700,-71.2894,90
43.1072,-78.9453,60
32.4833,-80.7167,230
30.1250,-93.2158,140
21.3239,-157.9294,70
39.8233,-93.5792,170
26.0719,-80.1536,100
55.0389,-131.5786,130
33.9706,-80.9958,70
36.1994,-95.8872,170
40.6161,-83.0636,120
38.0700,-102.6881,60
45.8069,-108.5422,90
38.8853,-79.8528,140
41.6236,-98.9517,360
30.2050,-91.9875,350
36.7436,-108.2292,240
47.0339,-120.5303,320
26.1969,-80.1708,80
44.4983,-88.1111,160
44.5169,-108.0822,290
43.2781,-70.9222,170
39.2447,-102.2842,60
38.5050,-107.8975,240
40.6386,-73.7622,150
35.0028,-105.6628,320
36.3189,-119.6289,320
26.2500,-80.1083,90
41.0136,-83.6686,120
36.3333,-119.9500,350
29.5189,-95.2417,180
46.1442,-115.5964,170
38.0408,-84.6058,90
59.2433,-135.5094,120
39.5936,-84.2264,160
45.6983,-110.4408,330
39.6428,-79.9164,110
19.7356,-156.0489,200
37.2833,-102.6139,320
29.3389,-98.4719,150
37.6703,-95.4842,160
21.1544,-157.0961,30
31.4000,-93.2833,40
48.3500,-122.6667,240
47.3258,-106.9475,280
43.7667,-98.0333,320
26.9172,-81.9914,50
41.8031,-78.6403,150
43.5331,-84.0797,160
40.1667,-103.2167,80
42.8975,-106.4636,320
