32.5667,-117.1167,31
36.3200,-115.7000,8
40.2342,-85.3936,43
30.0494,-90.0289,47
43.9906,-70.9475,10
45.6194,-121.1661,3
35.2333,-101.7089,44
34.2622,-88.7714,54
32.3367,-90.2214,28
32.6500,-114.6167,31
37.1431,-107.7597,23
37.4389,-105.8614,30
30.0481,-102.2131,68
34.2675,-77.8997,51
45.2486,-122.7686,9
46.7708,-100.7603,24
34.2008,-119.2069,27
35.2372,-120.6414,23
28.8208,-81.8097,26
43.0661,-108.4767,68
60.7850,-161.8292,62
64.7767,-141.1483,34
41.6117,-90.5808,58
37.2253,-89.5706,49
39.4206,-79.0050,22
38.8169,-92.2183,56
27.4981,-80.3767,25
40.4122,-86.9369,43
38.9286,-90.4281,50
34.8822,-95.7831,63
35.0169,-80.6206,43
38.3000,-76.4167,37
36.2117,-115.1958,22
41.3461,-82.1794,31
47.8344,-120.0006,4
40.9781,-124.1086,15
46.7994,-102.7972,32
36.7200,-106.2600,7
37.7461,-97.2211,43
41.7806,-122.4717,8
33.0375,-116.9158,25
42.8153,-108.7261,38
34.9883,-117.8647,22
32.5722,-116.9794,26
36.0097,-94.1694,43
42.5950,-87.9381,41
43.8000,-114.8500,2
39.6014,-116.0056,26
47.2856,-68.3133,54
34.1750,-91.9347,39
43.0206,-102.5183,38
44.4683,-73.1500,39
41.8833,-91.7167,64
39.8233,-93.5792,33
46.6461,-119.9061,13
43.5164,-112.0672,46
36.0394,-95.9844,45
29.7333,-85.0333,36
34.4258,-119.8425,15
43.9922,-76.0217,27
41.6764,-70.9583,51
44.1278,-123.2206,17
42.2333,-83.5333,45
31.3214,-85.4497,25
38.3794,-81.5900,37
37.9050,-93.3169,40
46.9208,-114.0925,9
36.7414,-104.5022,22
41.2531,-70.0608,71
44.2558,-121.1392,28
41.5272,-85.7922,56
31.3558,-85.7511,15
44.3592,-89.8369,58
37.3278,-95.5042,38
48.8700,-121.7900,3
40.1100,-87.9567,54
41.6264,-80.2150,28
60.1283,-149.4167,37
47.6497,-120.0800,9
43.9658,-107.9508,25
42.2667,-84.4667,46
35.1442,-111.6664,41
61.2169,-149.8550,9
40.0397,-88.2778,57
64.5500,-149.0717,17
26.2500,-80.1083,43
36.9839,-77.0075,27
35.5953,-82.5567,22
48.4608,-119.5167,17
40.0681,-118.5692,15
40.9339,-72.7394,4
21.4500,-157.7833,62
38.8761,-98.8092,51
39.9508,-119.5986,18
30.0675,-95.5561,35
44.3394,-105.5419,53
41.0089,-74.7367,5
34.0511,-118.2353,6
37.9272,-100.7247,51
39.3792,-74.4242,55
26.5361,-81.7550,42
39.8447,-89.6839,54
37.2839,-98.5528,35
39.5703,-104.8489,36
64.3267,-158.7417,19
40.4847,-80.2144,35
30.5892,-96.3647,64
43.7600,-116.1000,7
44.7694,-106.9689,51
44.0511,-101.6011,31
40.7789,-73.9692,13
44.5344,-72.6144,17
34.9894,-99.0525,64
35.3889,-97.6006,71
35.4344,-119.0542,26
33.9786,-98.4928,75
39.0725,-95.6261,35
45.8619,-96.5650,27
36.3189,-119.6289,12
35.7700,-105.7800,8
36.5100,-106.3200,357
40.6825,-74.1694,16
40.0803,-95.5919,39
27.7839,-97.5108,58
41.9097,-70.7294,47
46.7439,-117.1086,33
42.9486,-78.7369,30
37.9917,-122.0550,15
42.6958,-73.1708,14
29.3389,-98.4719,50
42.6425,-77.0564,19
42.7431,-73.8092,29
42.0647,-104.1528,41
28.4339,-81.3250,30
44.3814,-100.2856,18
33.8225,-108.9417,9
41.1519,-104.8061,69
42.3200,-120.8300,23
44.3853,-74.2067,26
33.6267,-116.1594,21
37.6542,-122.1150,22
40.4422,-109.5144,17
41.6686,-70.2800,60
38.3650,-82.5550,35
33.6228,-111.9106,12
41.1583,-73.1289,21
33.6361,-91.7556,21
59.7494,-154.9089,43
39.4519,-87.3089,44
36.7800,-119.7194,13
42.7900,-121.9800,0
40.3000,-111.2600,20
37.0911,-95.5664,51
30.0375,-91.8839,43
42.9550,-87.9044,52
42.1469,-121.7242,11
32.3542,-95.4025,58
39.9369,-91.1919,60
41.4525,-87.0058,37
37.7214,-122.2208,23
42.9667,-83.7494,50
37.2833,-102.6139,35
45.7728,-122.8611,6
40.8764,-74.2831,9
34.6517,-112.4208,19
36.0969,-79.9433,40
33.8117,-78.7239,51
33.1783,-86.7817,25
37.5050,-77.3203,43
45.0717,-83.5644,38
45.6689,-96.9914,58
38.9408,-77.4636,55
42.8939,-85.5447,51
42.5519,-71.7558,19
32.5428,-93.7450,34
41.2639,-72.8872,19
34.2006,-118.3575,16
58.6794,-156.6294,48
62.3200,-150.0950,22
47.5303,-122.3008,15
38.5050,-107.8975,30
45.4558,-98.4131,43
45.5511,-122.4089,14
42.1094,-77.9919,31
41.6328,-91.5431,62
43.7600,-115.2400,10
28.5083,-81.5467,0
33.2119,-87.6161,33
46.9253,-96.8111,56
46.1569,-123.8825,13
34.9869,-81.0575,39
40.8436,-72.6322,36
41.0731,-71.9233,37
41.3375,-84.4289,41
39.3669,-101.7000,55
36.3333,-119.9500,19
39.9444,-81.8922,30
33.4050,-118.4158,30
34.6294,-118.0836,31
34.4272,-100.2831,50
31.4208,-110.8458,21
37.3031,-108.6275,39
39.2292,-106.3169,52
44.5483,-95.0803,46
29.7036,-98.0281,74
43.7300,-113.8300,8
33.8750,-84.3022,40
40.8217,-72.8689,40
42.5544,-92.4011,62
36.1189,-86.6892,43
39.1900,-120.2600,15
32.6847,-83.6528,20
42.4092,-83.0100,32
36.6239,-87.4194,46
48.5428,-109.7633,47
32.2622,-107.7206,43
39.7750,-105.1169,0
40.8203,-82.5178,34
44.2667,-71.2994,206
31.3711,-100.4922,60
35.6169,-106.0889,28
30.3208,-97.7603,45
40.0489,-107.8853,20
41.5944,-109.0528,95
35.5931,-88.9167,42
42.7611,-87.8136,43
41.5631,-83.4764,34
47.4444,-122.3139,22
46.0947,-118.2869,22
39.3450,-81.4392,22
32.3500,-91.0278,37
32.9733,-97.3181,77
27.5333,-99.4667,49
30.7797,-86.5225,16
38.6956,-121.5897,8
48.0944,-105.5744,38
33.9519,-117.4386,19
48.2553,-101.2733,22
41.4333,-99.6333,33
7.0833,171.3833,47
39.7194,-76.8028,76
38.8000,-97.6500,37
71.2833,-156.7814,47
31.3347,-92.5586,38
29.6381,-95.2819,51
45.0133,-84.7014,46
42.7461,-86.0967,44
40.1519,-122.2536,21
33.5656,-86.7450,41
27.9106,-82.6875,47
42.1128,-92.9175,67
37.3711,-118.3581,32
30.4781,-87.1869,28
29.1097,-95.4619,39
40.1203,-76.2944,32
39.4717,-76.1697,0
43.4075,-94.7461,65
44.6381,-90.1875,61
30.6794,-88.2397,24
32.7667,-97.4500,75
38.4167,-113.0167,36
46.4167,-86.6500,69
33.9381,-118.3889,30
47.9078,-122.2803,29
40.7794,-73.8803,30
32.7336,-117.1831,21
38.7642,-87.6056,51
45.8183,-88.1144,62
66.9161,-151.5089,24
37.7086,-113.0944,25
40.2064,-100.5914,58
39.3600,-106.0600,25
46.4267,-105.8825,31
35.8922,-78.7819,47
36.0167,-102.5500,42
38.1811,-85.7392,42
26.0719,-80.1536,45
40.6331,-93.9019,50
33.6800,-117.8664,13
41.5333,-71.2833,39
36.2500,-115.6300,13
28.4736,-82.4544,34
17.7028,-64.8056,55
48.5222,-123.0231,10
40.6161,-83.0636,37
38.8853,-79.8528,36
39.4019,-77.9844,31
42.4167,-87.8667,32
70.6392,-159.9950,59
29.1828,-81.0483,17
43.1406,-89.3453,46
37.2958,-81.2078,48
32.3336,-104.2581,41
25.7906,-80.3164,39
26.9172,-81.9914,38
32.8342,-115.5786,29
31.9514,-85.1289,11
34.7442,-87.5997,43
33.4669,-82.0386,35
39.1667,-76.6833,23
35.9333,-79.0642,11
45.1947,-123.1339,7
18.3331,-64.9667,51
41.8678,-84.0794,39
44.3675,-71.5450,13
41.1078,-92.4467,66
36.1625,-97.0894,47
47.9375,-124.5550,16
34.6242,-106.3103,0
41.1214,-100.6694,47
24.5550,-81.7522,49
43.7700,-88.4864,59
39.2900,-117.1100,10
46.0261,-91.4442,34
28.8614,-96.9303,58
45.5433,-94.0514,50
28.9844,-95.3808,31
41.5175,-81.6836,26
40.4719,-81.4236,22
24.5833,-81.6833,52
40.6508,-75.4492,14
41.5092,-74.2650,18
32.8519,-96.8556,71
36.8167,-76.0333,61
18.2550,-65.6408,44
38.8100,-104.6883,26
34.1853,-79.7239,42
41.2433,-76.9217,17
25.9069,-80.2803,43
47.0492,-109.4578,55
36.7683,-96.0261,39
31.4156,-87.0442,22
42.3075,-85.2511,51
43.5331,-84.0797,52
36.9878,-120.1106,19
41.1389,-75.3794,48
38.7550,-109.7542,16
40.2383,-75.5572,25
35.5144,-108.7939,23
33.9706,-80.9958,30
34.2167,-119.0833,26
48.2138,-106.6213,54
48.1203,-123.4983,18
35.2236,-80.9553,38
26.1522,-81.7753,36
44.5169,-108.0822,22
38.6572,-90.6558,41
47.9742,-117.4283,20
39.3756,-99.8297,49
38.8983,-119.9947,16
31.9433,-102.1889,56
34.2900,-93.0600,25
32.8167,-115.6833,30
28.0622,-81.7542,34
44.8428,-117.8086,18
39.7556,-82.6572,35
30.4000,-81.4167,19
35.2578,-93.0947,30
18.4325,-66.0108,47
34.6439,-86.7861,52
31.6072,-110.4281,33
37.2622,-104.3378,44
40.2769,-74.8158,24
36.8600,-106.2300,355
42.0800,-80.1825,25
63.9944,-145.7214,99
47.3258,-106.9475,26
46.5486,-90.9189,51
55.5800,-133.0750,22
46.8706,-68.0172,44
32.8158,-117.1394,24
47.4933,-122.2144,20
30.1831,-97.6800,67
35.1822,-103.6031,30
40.8289,-115.7886,14
33.3644,-81.9633,36
39.4781,-88.2803,63
21.3167,-158.0667,32
43.3500,-73.6167,22
59.4556,-135.3239,43
30.9119,-102.9167,47
39.1258,-123.2008,4
37.7064,-112.1456,31
44.9047,-97.1494,51
45.5464,-100.4078,21
40.1667,-103.2167,54
43.1711,-86.2367,51
33.7792,-84.5214,28
60.7850,-148.8389,63
31.8606,-86.0122,23
45.0319,-102.0192,35
31.6189,-97.2283,78
35.5342,-97.6469,66
43.8789,-91.2528,53
13.4836,144.7961,77
40.1550,-103.1417,36
47.2675,-122.5761,15
34.8831,-82.2203,41
44.3981,-98.2231,34
31.8311,-104.8089,98
47.6831,-117.3214,18
47.3078,-119.5153,24
39.1333,-86.6167,28
35.8550,-77.8931,36
42.4100,-121.6800,5
40.7833,-91.1253,55
35.0028,-105.6628,47
39.9181,-76.8742,24
67.7317,-164.5483,34
39.6428,-79.9164,27
30.6264,-88.0681,21
40.5175,-122.2986,13
36.6206,-116.0278,37
30.3975,-84.3289,20
42.8375,-103.0953,40
28.7247,-96.2536,66
46.0139,-102.6547,27
45.9647,-112.5006,38
46.2400,-117.3900,7
37.2353,-93.4003,56
38.3083,-75.1239,44
42.8914,-73.2469,13
38.0442,-87.5206,41
19.7192,-155.0531,48
30.5069,-86.9597,27
39.7075,-86.2803,51
37.1319,-76.4930,53
39.6728,-75.6008,34
39.7053,-105.6997,45
26.1839,-98.2539,37
44.7408,-85.5825,50
41.7361,-72.6506,26
38.3306,-96.1897,42
22.0333,-159.7833,23
48.6033,-112.3753,92
43.4133,-124.2436,16
36.2967,-99.7689,38
34.2719,-83.8303,30
41.8706,-103.5931,56
43.8339,-111.8045,47
39.8344,-88.8656,57
39.8328,-104.6575,38
42.2706,-71.8731,48
37.6928,-121.8144,14
42.1928,-89.0931,49
44.2100,-110.6700,30
37.0683,-88.7719,41
39.5936,-84.2264,38
44.0433,-103.0536,53
41.2003,-74.6231,13
33.4964,-90.0867,44
41.4131,-81.8600,30
37.1467,-94.5022,51
32.6261,-116.4681,48
36.1994,-95.8872,60
47.6428,-115.9172,0
39.1033,-84.4189,30
57.1553,-170.2222,136
45.0800,-117.5500,7
40.6675,-89.6839,38
46.8369,-92.2097,61
40.1764,-80.6472,34
30.7044,-87.0231,23
37.6544,-97.4425,42
37.7081,-77.4344,35
32.7817,-98.0603,75
44.7900,-116.0900,7
39.4900,-121.6183,10
46.9258,-98.6692,38
31.5358,-82.5067,18
34.9000,-76.8833,62
42.8050,-72.0036,20
41.7219,-71.4325,48
35.0564,-89.9864,42
35.3331,-94.3625,52
41.3931,-70.6150,61
44.4983,-88.1111,60
36.6636,-121.6081,36
39.3667,-75.0667,24
55.0389,-131.5786,31
37.0872,-84.0769,39
34.0158,-118.4514,19
29.9506,-94.0206,45
31.3928,-92.2956,20
41.5097,-72.8278,23
42.5906,-117.8644,18
32.4833,-80.7167,31
41.6875,-69.9933,46
27.6531,-80.2428,34
43.1544,-93.3269,76
37.6242,-120.9506,12
34.7000,-77.3833,56
38.1386,-78.4530,37
41.9950,-87.9336,50
7.3333,134.4833,35
26.2281,-97.6542,49
29.3783,-100.9269,60
35.9403,-89.8308,59
33.8117,-118.1464,17
38.4000,-119.5400,9
34.4978,-82.7097,29
39.5781,-85.8033,43
46.1442,-115.5964,14
40.5100,-101.6200,55
70.1917,-148.4772,43
44.1708,-114.9272,17
41.3119,-105.6747,59
43.2781,-70.9222,15
42.4819,-114.4869,38
30.3489,-85.7881,25
59.4433,-151.7017,29
32.5156,-92.0406,34
33.2367,-107.2681,40
32.6808,-96.8681,77
30.3433,-89.8222,12
37.7608,-99.9683,47
42.7803,-84.5789,50
40.6239,-74.6694,11
32.7100,-96.2672,59
42.5417,-113.7661,27
35.0678,-77.0481,55
38.0494,-103.5122,36
30.8356,-85.1839,17
44.0206,-117.0128,16
38.2900,-104.4983,14
55.3567,-131.7117,34
59.2433,-135.5094,39
41.0375,-81.4642,27
29.9933,-90.2511,31
36.9358,-121.7886,17
39.3644,-84.5247,32
38.5911,-92.1558,41
47.0339,-120.5303,14
45.8258,-119.2611,18
47.4667,-87.8833,78
30.7406,-98.2353,56
31.4583,-109.6061,31
36.7436,-108.2292,40
48.7939,-122.5372,21
38.9597,-94.3714,47
39.5514,-97.6508,37
34.3622,-98.9761,69
61.1000,-149.6936,76
39.2231,-106.8683,28
15.1167,145.7167,85
47.2078,-119.3192,20
40.8097,-124.1603,16
41.6236,-98.9517,32
39.8683,-75.2311,32
38.2281,-85.6636,26
41.1014,-102.9847,69
46.1236,-67.7928,38
40.7083,-84.0267,41
40.8500,-74.0614,14
44.3744,-70.3164,13
38.5000,-77.3000,41
34.8536,-116.7858,22
32.8978,-97.0189,86
39.1894,-103.7158,40
36.6950,-76.1356,54
33.1281,-117.2794,15
44.4911,-71.5725,0
31.1500,-92.9667,14
35.4111,-80.5833,0
29.6333,-83.1053,22
47.8306,-110.6608,13
42.9203,-112.5711,52
35.9200,-106.3900,4
43.7694,-87.8506,51
43.6497,-70.3003,26
36.5881,-121.8453,14
30.5108,-99.7664,59
48.7200,-116.4600,16
47.3000,-121.6000,18
31.1828,-90.4708,30
41.7781,-80.6958,22
34.5467,-93.5781,19
37.6703,-95.4842,42
35.9508,-85.0814,48
35.2578,-113.9331,45
45.6478,-68.6925,21
34.7336,-76.6606,70
28.5453,-81.3331,30
43.1561,-90.6775,29
41.4000,-107.2600,14
26.5850,-81.8614,33
41.7419,-72.1836,22
56.6000,-169.5650,129
38.7667,-104.3000,26
39.3903,-94.5553,18
41.9922,-93.6217,58
43.1111,-76.1039,20
35.7425,-81.3819,37
34.7436,-118.7242,38
33.3075,-104.5083,29
34.8994,-120.4486,20
42.6003,-123.3642,32
33.8281,-116.5053,24
48.7167,-94.6000,53
41.5339,-93.6531,59
42.3811,-122.8722,9
40.4953,-107.5211,24
47.4733,-111.3822,80
39.4839,-119.7711,16
46.9733,-122.9033,8
38.5714,-90.1572,51
47.3864,-92.8389,62
45.8678,-95.3942,54
42.2228,-83.7444,41
42.1244,-86.4267,33
37.3208,-79.2067,33
41.9856,-97.4353,33
39.2775,-120.7103,22
46.5683,-120.5428,21
43.9636,-69.7117,20
35.6575,-109.0614,18
43.3906,-99.8422,31
35.1350,-90.2344,43
35.4319,-82.5375,45
30.7439,-95.5861,38
36.1900,-105.5600,7
39.0083,-95.2117,38
34.7675,-114.6189,51
39.8250,-86.2958,43
44.6500,-73.4667,16
55.2208,-162.7325,23
34.2097,-118.4892,22
41.4914,-120.5644,14
30.3567,-95.4139,37
33.4617,-80.8581,41
44.8831,-93.2289,56
47.9428,-97.1839,47
38.8317,-94.8897,44
38.8483,-77.0342,47
31.2819,-89.2531,24
43.6264,-72.3047,22
34.6719,-82.8864,19
44.9050,-123.0011,13
32.5161,-84.9422,24
41.3714,-73.4828,14
36.9647,-86.4239,30
58.3567,-134.5639,51
29.6919,-82.2756,25
39.1208,-94.5969,38
26.1658,-97.3458,54
38.0408,-84.6058,40
36.9261,-111.4478,13
29.2733,-94.8592,68
39.5264,-107.7264,23
35.8311,-90.6464,34
41.9144,-88.2464,47
41.8756,-71.0211,38
46.4047,-94.1308,61
42.3978,-90.7036,65
-14.3306,-170.7136,22
27.4014,-82.5586,50
37.5908,-83.3131,22
34.1167,-119.1167,26
35.2100,-99.1200,64
33.4825,-90.9853,55
35.6567,-95.3614,72
44.8322,-93.4706,46
34.9914,-78.8803,45
35.2325,-75.6219,81
45.5644,-84.7928,60
61.1689,-150.0278,27
47.7472,-90.3444,38
29.9800,-95.3600,44
32.2997,-86.4075,20
34.7272,-92.2389,39
42.6650,-83.4181,48
36.2833,-94.3000,62
39.1342,-108.5400,25
33.5872,-85.8556,31
40.8300,-111.7600,13
30.4844,-81.7019,19
38.1847,-84.9033,29
43.2119,-90.1814,47
29.5622,-91.5256,25
40.9017,-117.8081,27
40.8250,-92.8925,31
33.8719,-117.9789,12
47.1686,-88.4889,72
40.0819,-75.0111,29
41.5886,-83.8014,31
36.0300,-106.8100,6
43.3497,-76.3847,14
40.8731,-81.8867,32
39.0431,-84.6717,43
25.9989,-80.2411,38
36.0700,-105.6300,9
36.7367,-97.1019,46
31.3500,-85.6667,17
39.4203,-83.8217,42
41.8056,-107.1997,76
38.0511,-117.0903,34
43.1167,-77.6767,22
34.7917,-79.3661,41
42.8975,-106.4636,49
48.5614,-93.3981,47
35.7047,-101.5492,18
32.1314,-110.9553,26
7.4500,151.8333,31
26.1969,-80.1708,39
36.6817,-101.5053,42
34.8461,-82.3461,37
45.6983,-110.4408,100
36.0236,-84.2375,26
41.7072,-86.3164,51
44.5761,-71.1786,18
30.7825,-83.2767,16
27.7628,-82.6261,43
33.6542,-101.8136,46
37.1681,-97.0369,43
40.1606,-113.3508,25
43.1953,-71.5011,21
30.2050,-91.9875,30
26.6847,-80.0994,43
31.0425,-86.3117,17
30.5372,-91.1469,26
43.1644,-95.2017,55
6.9667,158.2167,18
62.9614,-141.9292,5
42.3914,-96.3792,36
57.0481,-135.3647,44
42.9333,-71.4383,26
46.3583,-104.2500,39
45.8069,-108.5422,68
39.9492,-74.8417,26
41.7803,-124.2367,24
33.4536,-94.0075,37
47.6458,-101.4394,22
45.6044,-103.5464,41
30.5844,-97.4156,80
42.5700,-72.2911,19
60.4889,-145.4511,46
35.0281,-110.7208,21
20.8997,-156.4286,89
45.4622,-69.5953,20
40.9706,-85.2064,41
32.6636,-97.0939,76
33.9486,-81.1186,38
31.2361,-94.7544,30
42.4933,-79.2722,26
40.0781,-83.0781,35
40.1936,-76.7633,30
44.3592,-84.6739,51
31.3072,-95.4508,36
62.1592,-145.4589,40
66.8667,-162.6333,32
36.2667,-93.1567,42
57.7511,-152.4856,51
30.3503,-81.8831,14
40.9656,-105.2186,58
32.3347,-88.7442,28
42.5844,-110.1075,55
60.5797,-151.2392,57
46.2667,-119.1167,18
39.4167,-118.7167,12
42.4700,-71.2894,30
38.2103,-122.2847,17
33.9753,-117.6361,24
44.5228,-114.2150,22
37.4058,-122.0481,11
32.0311,-96.3989,74
40.6386,-73.7622,42
39.1353,-96.6778,27
62.9575,-155.6103,12
33.3633,-84.5658,20
41.6267,-73.8842,16
31.3089,-86.3939,16
35.6875,-117.6931,23
34.5183,-109.3792,23
41.1783,-78.8989,33
46.6056,-111.9636,55
37.3169,-79.9742,27
42.0572,-102.8000,54
45.5406,-122.9486,7
38.6892,-75.3592,52
32.4106,-99.6822,75
28.4567,-99.2183,47
40.0972,-92.5433,47
41.3103,-95.8992,32
42.1208,-87.9047,46
38.9833,-76.4667,38
47.4569,-115.6450,30
34.6081,-79.0592,36
25.9156,-97.4186,39
42.8783,-100.5500,25
41.7700,-88.4814,51
38.9503,-95.6639,37
36.2606,-76.1750,54
32.8547,-109.6353,31
27.9619,-82.5403,44
36.9600,-106.6600,8
36.9500,-76.2833,52
36.1306,-80.5481,0
29.5442,-98.4839,61
32.4506,-93.8411,47
31.5883,-110.3442,22
21.3239,-157.9294,56
37.8892,-121.2258,11
41.4653,-90.5233,56
36.7900,-105.2400,3
40.7342,-73.4169,51
41.9381,-72.6825,32
36.7725,-90.3247,40
34.3447,-108.4922,0
33.1803,-96.5903,65
43.5950,-118.9564,21
59.5119,-139.6711,33
39.7736,-94.9233,39
40.8600,-102.8031,27
33.4278,-112.0039,28
45.0619,-93.3508,51
34.7411,-118.2117,30
33.2208,-92.8142,26
32.3206,-90.0778,37
40.8206,-76.8642,21
33.9228,-118.3342,17
30.1250,-93.2158,41
39.2447,-102.2842,58
34.0561,-117.6003,21
19.7356,-156.0489,33
45.4353,-67.7214,36
43.2389,-123.3547,6
29.3331,-89.4075,29
35.6950,-101.3950,30
47.3600,-121.5700,8
44.8889,-116.1017,7
42.1594,-76.8919,6
39.1019,-121.5678,10
41.3325,-122.3328,4
31.5356,-84.1944,21
42.7172,-71.1239,26
34.7500,-111.4100,8
40.0228,-82.4625,31
44.3814,-106.7211,47
43.9042,-92.4917,70
42.1908,-71.1736,27
44.2033,-72.5794,17
39.4300,-120.3100,5
42.7972,-105.3856,40
36.0000,-106.8300,5
66.0689,-162.7639,49
41.2731,-111.0306,36
29.5189,-95.2417,38
39.7078,-77.7297,42
45.6308,-89.4653,44
40.9167,-81.4333,31
35.9461,-112.1547,27
38.3406,-75.5103,51
47.6217,-117.5281,29
31.8111,-106.3758,26
41.3275,-72.0494,30
41.0669,-73.7075,20
41.7872,-111.8533,9
21.1544,-157.0961,70
47.2381,-123.1408,15
37.3592,-121.9239,13
38.7525,-90.3736,48
45.5114,-118.4247,4
42.4272,-73.2892,15
38.0700,-102.6881,39
43.9844,-88.5569,58
34.6525,-86.9453,56
32.8192,-97.3614,72
33.2194,-117.3494,22
40.5300,-106.7800,7
44.9319,-93.0556,58
40.3161,-78.8339,44
42.2314,-83.3308,38
35.6697,-120.6283,17
41.2544,-80.6739,29
61.5961,-149.0917,58
38.0653,-97.8606,38
43.5667,-116.2406,17
64.5111,-165.4400,8
30.3361,-81.5147,19
35.0419,-106.6156,29
21.9839,-159.3405,70
41.0467,-78.4117,28
36.3100,-115.6800,1
40.6044,-98.4272,42
41.3336,-75.7269,27
42.5708,-77.7133,16
61.1781,-149.9664,17
32.7000,-117.2000,29
37.7836,-81.1231,52
28.1011,-80.6439,41
31.7800,-103.2017,44
39.8000,-106.0300,381
31.9206,-102.3867,51
25.6475,-80.4331,30
42.1997,-75.9850,31
39.9914,-82.8808,38
42.1578,-72.7161,20
32.3847,-94.7117,51
36.9900,-105.2600,6
36.9033,-76.1922,69
33.6186,-114.7142,32
40.3667,-75.9667,27
47.3978,-120.2014,29
45.7881,-111.1608,33
27.7411,-98.0247,46
35.8517,-97.4142,44
32.1300,-81.2100,31
64.8039,-147.8761,5
40.3547,-79.9217,32
35.1967,-81.1558,33
35.0761,-89.7430,0
29.3600,-99.1742,65
36.4486,-103.1539,39
36.1300,-105.5300,6
27.5000,-97.8167,49
33.2061,-97.1989,74
43.7331,-103.6114,41
30.7167,-87.0167,29
38.8500,-94.7392,42
41.1961,-112.0114,23
40.3300,-75.1225,16
30.2333,-81.6667,23
41.3497,-71.7989,35
41.7861,-87.7522,45
44.7978,-68.8186,28
40.2172,-76.8514,31
27.6833,-97.2833,67
48.3042,-114.2636,4
33.6300,-84.4417,33
42.5842,-70.9175,29
30.4119,-89.0808,18
43.3436,-72.5178,2
44.3206,-69.7972,22
36.4731,-82.4044,46
48.3500,-122.6667,32
40.2964,-78.3203,34
38.7042,-93.1833,47
33.9481,-83.3275,23
9.4833,138.0833,52
37.6197,-122.3647,31
70.2117,-151.0017,34
38.3775,-121.9575,13
33.6883,-112.0817,18
30.4000,-86.4717,30
34.5583,-98.4172,72
32.8667,-117.1333,31
36.5728,-79.3361,26
40.8508,-96.7475,32
37.2847,-120.5128,13
38.5039,-122.8103,11
40.9611,-98.3136,40
43.7667,-98.0333,32
31.4000,-93.2833,19
45.6906,-118.8528,28
45.6208,-122.6572,7
37.7797,-89.2497,43
34.3478,-85.1611,29
48.1739,-103.6367,23
43.2339,-75.4117,19
37.9406,-75.4631,55
44.9258,-89.6256,50
44.3800,-116.3400,8
39.6092,-110.7547,34
32.8986,-80.0403,38
30.4636,-88.5319,14
39.3100,-111.4300,42
42.3606,-71.0106,39
46.4794,-84.3572,51
29.6222,-95.6564,54
42.9600,-121.1800,8
39.2956,-80.2289,37
28.0836,-97.0464,60
42.2347,-85.5519,53
35.6542,-105.1419,42
39.2972,-94.7306,42
36.0719,-115.1633,30
45.5908,-122.6003,11
46.9006,-95.0678,51
36.1336,-80.2222,27
28.7797,-81.2436,22
35.7800,-105.5400,3
43.1072,-78.9453,29
40.7781,-111.9694,24
41.7636,-96.1778,72
34.1231,-84.8486,19
36.3689,-92.4703,30
38.5069,-121.4950,6
44.8664,-91.4878,44
43.0303,-78.1692,18
43.5878,-96.7289,42
24.7258,-81.0517,37
39.2953,-114.8467,35
42.7267,-114.4564,35
39.4494,-74.5672,55
45.2575,-112.5545,60
46.3747,-117.0156,21
39.9061,-84.2186,47
38.1417,-76.4292,29
44.5444,-110.4211,11
34.2486,-82.1592,36
40.7939,-73.1017,47
35.0311,-85.2014,50
41.8031,-78.6403,25
59.6419,-151.4908,33
41.0136,-83.6686,39
46.9728,-123.9303,17
44.9358,-74.8458,46
35.8181,-83.9858,68
31.1522,-81.3908,30
36.0467,-79.4769,34
