42.9592,-120.7897,31
42.1231,-111.3133,93
39.1172,-95.4097,211
47.7283,-104.1467,45
31.9497,-91.2336,35
32.8522,-95.8864,256
18.2583,-65.9922,3
44.8831,-85.6753,328
26.5581,-99.1372,105
32.8964,-107.3078,82
34.6033,-104.3811,182
33.1481,-95.6269,0
26.8400,-81.0872,145
35.7047,-101.5492,290
45.9228,-108.2444,0
32.4219,-93.6381,174
40.5764,-105.0858,47
35.7197,-86.9653,74
37.7967,-121.5828,39
35.3872,-76.7764,137
38.4931,-122.0047,85
25.8175,-80.2858,117
27.4272,-80.4053,127
31.6164,-94.6431,40
40.7264,-122.7947,19
34.5822,-119.9817,39
31.8769,-105.2369,154
33.0642,-101.0489,357
29.6211,-96.3661,93
43.8544,-116.4664,0
34.5697,-93.1947,23
36.5508,-114.4581,195
43.8083,-111.7892,182
36.6897,-108.3086,241
40.6117,-122.5281,8
44.3089,-85.2050,224
34.1647,-88.7239,0
34.5989,-103.2161,240
30.8408,-89.5453,0
39.9614,-86.0586,29
42.3806,-96.9575,3
39.4031,-99.4192,63
36.4622,-116.8669,713
36.0147,-85.1314,129
36.9969,-119.7072,68
40.1550,-103.1417,183
35.2006,-103.6867,220
35.8819,-83.9572,0
32.8242,-95.5275,248
32.2822,-106.7597,85
38.4917,-122.1242,23
39.0422,-108.4664,124
33.1461,-107.1842,87
37.7617,-117.5658,109
45.3128,-107.9383,185
36.8047,-107.6214,105
37.9931,-100.8122,253
30.2003,-92.6642,40
37.3822,-102.2986,301
31.2022,-93.5725,171
18.0331,-67.0722,6
39.6619,-99.1228,114
40.7142,-122.4161,64
39.5039,-98.3150,100
34.9881,-120.3211,132
38.0047,-120.4864,60
38.7978,-99.7231,209
30.0689,-94.2928,126
37.5147,-122.0325,129
31.3706,-100.4942,262
30.7053,-104.0233,140
