32.5667,-117.1167,32
36.3200,-115.7000,11
40.2342,-85.3936,17
30.0494,-90.0289,37
43.9906,-70.9475,14
45.6194,-121.1661,39
35.2333,-101.7089,69
34.2622,-88.7714,9
32.3367,-90.2214,10
32.6500,-114.6167,45
37.1431,-107.7597,34
37.4389,-105.8614,28
30.0481,-102.2131,49
34.2675,-77.8997,23
45.2486,-122.7686,30
46.7708,-100.7603,43
34.2008,-119.2069,60
35.2372,-120.6414,16
28.8208,-81.8097,34
43.0661,-108.4767,52
60.7850,-161.8292,38
64.7767,-141.1483,14
41.6117,-90.5808,46
37.2253,-89.5706,18
39.4206,-79.0050,58
38.8169,-92.2183,30
27.4981,-80.3767,35
40.4122,-86.9369,16
38.9286,-90.4281,26
34.8822,-95.7831,22
35.0169,-80.6206,21
38.3000,-76.4167,22
36.2117,-115.1958,35
41.3461,-82.1794,19
47.8344,-120.0006,0
40.9781,-124.1086,26
46.7994,-102.7972,57
36.7200,-106.2600,5
37.7461,-97.2211,60
41.7806,-122.4717,25
33.0375,-116.9158,26
42.8153,-108.7261,55
34.9883,-117.8647,54
38.6644,-94.8900,22
32.5722,-116.9794,22
36.0097,-94.1694,19
42.5950,-87.9381,33
43.8000,-114.8500,10
39.6014,-116.0056,36
47.2856,-68.3133,34
34.1750,-91.9347,10
43.0206,-102.5183,39
39.7333,-77.4333,13
44.4683,-73.1500,17
41.8833,-91.7167,61
39.8233,-93.5792,16
46.6461,-119.9061,9
43.5164,-112.0672,51
36.0394,-95.9844,31
29.7333,-85.0333,28
34.4258,-119.8425,32
43.9922,-76.0217,32
41.6764,-70.9583,28
44.1278,-123.2206,42
42.2333,-83.5333,27
31.3214,-85.4497,17
38.3794,-81.5900,9
37.9050,-93.3169,18
46.9208,-114.0925,36
36.7414,-104.5022,40
41.2531,-70.0608,45
44.2558,-121.1392,28
41.5272,-85.7922,26
31.3558,-85.7511,6
44.3592,-89.8369,42
37.3278,-95.5042,26
48.8700,-121.7900,1
40.1100,-87.9567,22
41.6264,-80.2150,22
60.1283,-149.4167,32
47.6497,-120.0800,27
43.9658,-107.9508,25
42.2667,-84.4667,22
35.1442,-111.6664,21
61.2169,-149.8550,19
40.0397,-88.2778,33
64.5500,-149.0717,9
26.2500,-80.1083,55
36.9839,-77.0075,10
35.5953,-82.5567,4
48.4608,-119.5167,47
40.0681,-118.5692,23
40.9339,-72.7394,18
21.4500,-157.7833,43
38.8761,-98.8092,78
30.0675,-95.5561,16
44.3394,-105.5419,43
41.0089,-74.7367,11
34.0511,-118.2353,9
37.9272,-100.7247,58
39.3792,-74.4242,32
26.5361,-81.7550,37
39.8447,-89.6839,26
37.2839,-98.5528,47
39.5703,-104.8489,34
64.3267,-158.7417,17
40.4847,-80.2144,22
30.5892,-96.3647,25
43.7600,-116.1000,15
44.7694,-106.9689,22
44.0511,-101.6011,34
40.7789,-73.9692,13
44.5344,-72.6144,9
34.9894,-99.0525,50
35.3889,-97.6006,45
35.4344,-119.0542,33
33.9786,-98.4928,46
39.0725,-95.6261,41
45.8619,-96.5650,45
36.3189,-119.6289,19
35.7700,-105.7800,4
36.5100,-106.3200,301
41.8161,-80.4250,0
40.6825,-74.1694,26
40.0803,-95.5919,43
27.7839,-97.5108,34
41.9097,-70.7294,26
46.7439,-117.1086,24
42.9486,-78.7369,42
37.9917,-122.0550,39
42.6958,-73.1708,8
29.3389,-98.4719,25
42.6425,-77.0564,17
42.7431,-73.8092,21
42.0647,-104.1528,39
28.4339,-81.3250,41
44.3814,-100.2856,43
41.1519,-104.8061,69
42.3200,-120.8300,1
44.3853,-74.2067,11
33.6267,-116.1594,41
37.6542,-122.1150,38
40.4422,-109.5144,20
34.0500,-94.4008,12
41.6686,-70.2800,30
38.3650,-82.5550,8
33.6228,-111.9106,16
41.1583,-73.1289,26
33.6361,-91.7556,10
59.7494,-154.9089,37
39.4519,-87.3089,17
36.7800,-119.7194,22
42.7900,-121.9800,0
40.3000,-111.2600,16
37.0911,-95.5664,38
30.0375,-91.8839,17
42.9550,-87.9044,36
42.1469,-121.7242,26
32.3542,-95.4025,26
39.9369,-91.1919,30
41.4525,-87.0058,30
37.7214,-122.2208,41
42.9667,-83.7494,27
37.2833,-102.6139,47
45.7728,-122.8611,38
40.8764,-74.2831,16
34.6517,-112.4208,27
36.0969,-79.9433,18
33.8117,-78.7239,29
33.1783,-86.7817,5
37.5050,-77.3203,21
45.0717,-83.5644,24
45.6689,-96.9914,55
38.9408,-77.4636,22
42.8939,-85.5447,35
42.5519,-71.7558,18
32.5428,-93.7450,18
41.2639,-72.8872,25
34.2006,-118.3575,28
58.6794,-156.6294,26
62.3200,-150.0950,12
47.5303,-122.3008,21
38.5050,-107.8975,36
45.4558,-98.4131,56
45.5511,-122.4089,8
42.1094,-77.9919,33
41.6328,-91.5431,37
43.7600,-115.2400,14
28.5083,-81.5467,0
33.2119,-87.6161,7
46.9253,-96.8111,67
46.1569,-123.8825,49
34.9869,-81.0575,15
40.8436,-72.6322,24
41.0731,-71.9233,20
41.3375,-84.4289,18
39.3669,-101.7000,45
36.3333,-119.9500,34
39.9444,-81.8922,13
33.4050,-118.4158,34
34.6294,-118.0836,70
34.4272,-100.2831,55
31.4208,-110.8458,32
37.3031,-108.6275,34
39.2292,-106.3169,28
44.5483,-95.0803,47
29.7036,-98.0281,30
43.7300,-113.8300,9
33.8750,-84.3022,7
40.8217,-72.8689,26
42.5544,-92.4011,54
36.1189,-86.6892,12
39.1900,-120.2600,25
32.6847,-83.6528,5
42.4092,-83.0100,21
36.6239,-87.4194,8
48.5428,-109.7633,43
32.2622,-107.7206,39
39.7750,-105.1169,0
40.8203,-82.5178,21
44.2667,-71.2994,75
31.3711,-100.4922,43
35.6169,-106.0889,36
30.3208,-97.7603,19
40.0489,-107.8853,24
41.5944,-109.0528,53
35.5931,-88.9167,5
40.5764,-105.0858,9
42.7611,-87.8136,36
41.5631,-83.4764,27
47.4444,-122.3139,37
46.0947,-118.2869,26
39.3450,-81.4392,9
32.3500,-91.0278,15
32.9733,-97.3181,26
27.5333,-99.4667,43
30.7797,-86.5225,13
38.6956,-121.5897,50
48.0944,-105.5744,39
33.9519,-117.4386,31
48.2553,-101.2733,51
41.4333,-99.6333,30
7.0833,171.3833,55
39.7194,-76.8028,31
38.8000,-97.6500,69
71.2833,-156.7814,55
31.3347,-92.5586,13
29.6381,-95.2819,18
45.0133,-84.7014,29
42.7461,-86.0967,26
40.1519,-122.2536,32
33.5656,-86.7450,9
27.9106,-82.6875,42
42.1128,-92.9175,58
37.3711,-118.3581,38
30.4781,-87.1869,28
29.1097,-95.4619,18
40.1203,-76.2944,21
43.4075,-94.7461,62
44.6381,-90.1875,51
30.6794,-88.2397,17
32.7667,-97.4500,37
38.4167,-113.0167,63
46.4167,-86.6500,36
33.9381,-118.3889,37
47.9078,-122.2803,31
40.7794,-73.8803,28
32.7336,-117.1831,30
38.7642,-87.6056,21
45.8183,-88.1144,22
66.9161,-151.5089,12
37.7086,-113.0944,38
40.2064,-100.5914,32
39.3600,-106.0600,8
46.4267,-105.8825,66
35.8922,-78.7819,13
36.0167,-102.5500,64
38.1811,-85.7392,11
26.0719,-80.1536,48
40.6331,-93.9019,49
33.6800,-117.8664,28
41.5333,-71.2833,23
36.2500,-115.6300,17
28.4736,-82.4544,27
17.7028,-64.8056,49
48.5222,-123.0231,22
40.6161,-83.0636,23
38.8853,-79.8528,11
39.4019,-77.9844,17
42.4167,-87.8667,26
70.6392,-159.9950,36
29.1828,-81.0483,46
43.1406,-89.3453,24
37.2958,-81.2078,26
32.3336,-104.2581,46
25.7906,-80.3164,44
26.9172,-81.9914,37
32.8342,-115.5786,30
31.9514,-85.1289,7
34.7442,-87.5997,6
33.4669,-82.0386,19
39.1667,-76.6833,14
35.9333,-79.0642,22
45.1947,-123.1339,22
18.3331,-64.9667,57
41.8678,-84.0794,20
44.3675,-71.5450,6
41.1078,-92.4467,51
36.1625,-97.0894,46
47.9375,-124.5550,28
34.6242,-106.3103,22
41.1214,-100.6694,27
24.5550,-81.7522,52
43.7700,-88.4864,41
39.2900,-117.1100,12
46.0261,-91.4442,29
28.8614,-96.9303,30
45.5433,-94.0514,35
28.9844,-95.3808,13
41.5175,-81.6836,17
40.4719,-81.4236,13
24.5833,-81.6833,59
40.6508,-75.4492,12
41.5092,-74.2650,17
32.8519,-96.8556,38
36.8167,-76.0333,36
18.2550,-65.6408,43
38.8100,-104.6883,38
34.1853,-79.7239,28
41.2433,-76.9217,18
25.9069,-80.2803,50
47.0492,-109.4578,57
36.7683,-96.0261,28
31.4156,-87.0442,9
42.3075,-85.2511,27
43.5331,-84.0797,36
36.9878,-120.1106,19
41.1389,-75.3794,29
38.7550,-109.7542,32
40.2383,-75.5572,9
35.5144,-108.7939,31
33.9706,-80.9958,12
34.2167,-119.0833,26
48.2138,-106.6213,40
48.1203,-123.4983,29
35.2236,-80.9553,25
26.1522,-81.7753,40
44.5169,-108.0822,25
38.6572,-90.6558,16
47.9742,-117.4283,35
39.3756,-99.8297,40
38.8983,-119.9947,21
31.9433,-102.1889,67
34.2900,-93.0600,11
32.8167,-115.6833,37
28.0622,-81.7542,37
44.8428,-117.8086,46
39.7556,-82.6572,12
30.4000,-81.4167,41
35.2578,-93.0947,5
18.4325,-66.0108,23
34.6439,-86.7861,11
31.6072,-110.4281,38
37.2622,-104.3378,51
40.2769,-74.8158,21
36.8600,-106.2300,363
42.0800,-80.1825,21
63.9944,-145.7214,25
47.3258,-106.9475,49
46.5486,-90.9189,19
55.5800,-133.0750,16
46.8706,-68.0172,29
32.8158,-117.1394,27
47.4933,-122.2144,33
30.1831,-97.6800,27
35.1822,-103.6031,55
40.8289,-115.7886,36
33.3644,-81.9633,12
39.4781,-88.2803,23
21.3167,-158.0667,24
43.3500,-73.6167,14
59.4556,-135.3239,51
30.9119,-102.9167,73
39.1258,-123.2008,18
37.7064,-112.1456,37
44.9047,-97.1494,50
45.5464,-100.4078,55
40.1667,-103.2167,47
43.1711,-86.2367,29
33.7792,-84.5214,13
60.7850,-148.8389,24
31.8606,-86.0122,6
45.0319,-102.0192,57
31.6189,-97.2283,29
35.5342,-97.6469,58
43.8789,-91.2528,49
13.4836,144.7961,64
40.1550,-103.1417,49
47.2675,-122.5761,34
34.8831,-82.2203,19
44.3981,-98.2231,49
31.8311,-104.8089,60
47.6831,-117.3214,21
47.3078,-119.5153,36
39.1333,-86.6167,20
35.8550,-77.8931,11
42.4100,-121.6800,7
40.7833,-91.1253,37
35.0028,-105.6628,51
39.9181,-76.8742,15
67.7317,-164.5483,15
39.6428,-79.9164,9
30.6264,-88.0681,23
40.5175,-122.2986,25
36.6206,-116.0278,48
30.3975,-84.3289,15
42.8375,-103.0953,35
28.7247,-96.2536,34
46.0139,-102.6547,50
45.9647,-112.5006,39
46.2400,-117.3900,14
37.2353,-93.4003,40
38.3083,-75.1239,34
42.8914,-73.2469,13
38.0442,-87.5206,13
19.7192,-155.0531,34
30.5069,-86.9597,30
39.7075,-86.2803,26
37.1319,-76.4930,21
39.6728,-75.6008,29
39.7053,-105.6997,4
26.1839,-98.2539,38
44.7408,-85.5825,27
41.7361,-72.6506,32
38.3306,-96.1897,56
22.0333,-159.7833,25
48.6033,-112.3753,59
43.4133,-124.2436,75
36.2967,-99.7689,73
34.2719,-83.8303,17
41.8706,-103.5931,40
43.8339,-111.8045,43
39.8344,-88.8656,34
39.8328,-104.6575,46
42.2706,-71.8731,23
37.6928,-121.8144,36
42.1928,-89.0931,33
44.2100,-110.6700,24
37.0683,-88.7719,11
39.5936,-84.2264,12
44.0433,-103.0536,43
41.2003,-74.6231,8
33.4964,-90.0867,16
41.4131,-81.8600,27
37.1467,-94.5022,42
32.6261,-116.4681,41
36.1994,-95.8872,47
47.6428,-115.9172,0
39.1033,-84.4189,9
34.8364,-92.2619,17
57.1553,-170.2222,26
45.0800,-117.5500,1
40.6675,-89.6839,21
46.8369,-92.2097,34
40.1764,-80.6472,14
30.7044,-87.0231,22
37.6544,-97.4425,64
37.7081,-77.4344,8
32.7817,-98.0603,37
44.7900,-116.0900,16
39.4900,-121.6183,39
46.9258,-98.6692,57
31.5358,-82.5067,9
34.9000,-76.8833,38
42.8050,-72.0036,14
41.7219,-71.4325,27
35.0564,-89.9864,14
35.3331,-94.3625,21
41.3931,-70.6150,32
44.4983,-88.1111,40
36.6636,-121.6081,30
39.3667,-75.0667,21
55.0389,-131.5786,9
37.0872,-84.0769,6
34.0158,-118.4514,28
29.9506,-94.0206,30
31.3928,-92.2956,10
41.5097,-72.8278,24
42.5906,-117.8644,26
32.4833,-80.7167,13
41.6875,-69.9933,28
27.6531,-80.2428,46
43.1544,-93.3269,56
37.6242,-120.9506,25
34.7000,-77.3833,34
38.1386,-78.4530,12
41.9950,-87.9336,30
7.3333,134.4833,8
26.2281,-97.6542,43
29.3783,-100.9269,49
35.9403,-89.8308,17
33.8117,-118.1464,29
38.4000,-119.5400,15
34.4978,-82.7097,13
39.5781,-85.8033,20
46.1442,-115.5964,9
40.5100,-101.6200,33
70.1917,-148.4772,59
44.1708,-114.9272,20
41.3119,-105.6747,70
43.2781,-70.9222,18
42.4819,-114.4869,42
30.3489,-85.7881,24
59.4433,-151.7017,10
32.5156,-92.0406,10
33.2367,-107.2681,43
32.6808,-96.8681,22
30.3433,-89.8222,17
37.7608,-99.9683,79
42.7803,-84.5789,29
40.6239,-74.6694,14
31.8456,-86.6108,8
32.7100,-96.2672,21
42.5417,-113.7661,30
35.0678,-77.0481,23
38.0494,-103.5122,51
30.8356,-85.1839,13
44.0206,-117.0128,27
38.2900,-104.4983,37
55.3567,-131.7117,17
59.2433,-135.5094,31
41.0375,-81.4642,16
29.9933,-90.2511,31
36.9358,-121.7886,21
39.3644,-84.5247,7
38.5911,-92.1558,26
47.0339,-120.5303,48
45.8258,-119.2611,28
47.4667,-87.8833,16
30.7406,-98.2353,21
31.4583,-109.6061,32
36.7436,-108.2292,43
48.7939,-122.5372,15
38.9597,-94.3714,32
39.5514,-97.6508,80
34.3622,-98.9761,42
61.1000,-149.6936,27
39.2231,-106.8683,38
15.1167,145.7167,39
47.2078,-119.3192,37
40.8097,-124.1603,23
41.6236,-98.9517,33
39.8683,-75.2311,21
38.2281,-85.6636,8
41.1014,-102.9847,47
46.1236,-67.7928,26
40.7083,-84.0267,24
40.8500,-74.0614,18
44.3744,-70.3164,0
38.5000,-77.3000,19
34.8536,-116.7858,60
32.8978,-97.0189,36
39.1894,-103.7158,28
36.6950,-76.1356,30
33.1281,-117.2794,27
44.4911,-71.5725,0
31.1500,-92.9667,3
35.4111,-80.5833,9
29.6333,-83.1053,17
47.8306,-110.6608,0
42.9203,-112.5711,47
35.9200,-106.3900,3
43.7694,-87.8506,38
43.6497,-70.3003,27
36.5881,-121.8453,26
30.5108,-99.7664,26
48.7200,-116.4600,20
47.3000,-121.6000,9
31.1828,-90.4708,12
41.7781,-80.6958,15
32.5500,-88.5667,6
34.5467,-93.5781,4
37.6703,-95.4842,45
35.9508,-85.0814,9
35.2578,-113.9331,52
45.6478,-68.6925,18
34.7336,-76.6606,42
28.5453,-81.3331,38
43.1561,-90.6775,33
41.4000,-107.2600,11
26.5850,-81.8614,35
41.7419,-72.1836,17
56.6000,-169.5650,28
38.7667,-104.3000,30
39.3903,-94.5553,18
41.9922,-93.6217,49
43.1111,-76.1039,26
35.7425,-81.3819,20
34.7436,-118.7242,53
33.3075,-104.5083,48
34.8994,-120.4486,26
42.6003,-123.3642,44
33.8281,-116.5053,34
48.7167,-94.6000,50
41.5339,-93.6531,57
42.3811,-122.8722,20
40.4953,-107.5211,33
47.4733,-111.3822,64
39.4839,-119.7711,32
46.9733,-122.9033,21
38.5714,-90.1572,22
47.3864,-92.8389,25
45.8678,-95.3942,48
42.2228,-83.7444,19
42.1244,-86.4267,23
37.3208,-79.2067,9
41.9856,-97.4353,49
39.2775,-120.7103,19
46.5683,-120.5428,23
43.9636,-69.7117,18
35.6575,-109.0614,15
43.3906,-99.8422,52
35.1350,-90.2344,12
35.4319,-82.5375,32
30.7439,-95.5861,20
36.1900,-105.5600,8
39.0083,-95.2117,42
34.7675,-114.6189,41
39.8250,-86.2958,17
44.6500,-73.4667,21
55.2208,-162.7325,66
34.2097,-118.4892,23
41.4914,-120.5644,30
30.3567,-95.4139,16
33.4617,-80.8581,16
44.8831,-93.2289,37
47.9428,-97.1839,58
38.8317,-94.8897,45
38.8483,-77.0342,22
31.2819,-89.2531,5
43.6264,-72.3047,12
34.6719,-82.8864,9
44.9050,-123.0011,38
32.5161,-84.9422,5
41.3714,-73.4828,19
36.9647,-86.4239,6
58.3567,-134.5639,30
29.6919,-82.2756,17
39.1208,-94.5969,42
26.1658,-97.3458,55
38.0408,-84.6058,13
36.9261,-111.4478,30
29.2733,-94.8592,30
39.5264,-107.7264,30
35.8311,-90.6464,13
41.9144,-88.2464,31
41.8756,-71.0211,15
46.4047,-94.1308,35
42.3978,-90.7036,55
-14.3306,-170.7136,95
27.4014,-82.5586,39
37.5908,-83.3131,6
34.1167,-119.1167,34
35.2100,-99.1200,60
33.4825,-90.9853,13
35.6567,-95.3614,36
44.8322,-93.4706,43
34.9914,-78.8803,27
35.2325,-75.6219,38
45.5644,-84.7928,22
61.1689,-150.0278,26
47.7472,-90.3444,13
29.9800,-95.3600,18
32.2997,-86.4075,7
34.7272,-92.2389,15
42.6650,-83.4181,17
36.2833,-94.3000,23
39.1342,-108.5400,38
33.5872,-85.8556,11
40.8300,-111.7600,15
30.4844,-81.7019,23
38.1847,-84.9033,7
43.2119,-90.1814,31
40.9017,-117.8081,33
40.8250,-92.8925,54
33.8719,-117.9789,20
47.1686,-88.4889,26
40.0819,-75.0111,12
41.5886,-83.8014,21
36.0300,-106.8100,5
43.3497,-76.3847,21
40.8731,-81.8867,15
39.0431,-84.6717,12
25.9989,-80.2411,47
36.0700,-105.6300,7
36.7367,-97.1019,40
31.3500,-85.6667,13
39.4203,-83.8217,14
41.8056,-107.1997,64
38.0511,-117.0903,41
43.1167,-77.6767,31
34.7917,-79.3661,22
42.8975,-106.4636,61
48.5614,-93.3981,38
32.1314,-110.9553,28
7.4500,151.8333,29
26.1969,-80.1708,44
36.6817,-101.5053,63
34.8461,-82.3461,22
45.6983,-110.4408,72
36.0236,-84.2375,4
41.7072,-86.3164,20
44.5761,-71.1786,8
30.7825,-83.2767,10
27.7628,-82.6261,53
33.6542,-101.8136,64
37.1681,-97.0369,53
43.1953,-71.5011,17
30.2050,-91.9875,11
26.6847,-80.0994,50
31.0425,-86.3117,12
30.5372,-91.1469,13
43.1644,-95.2017,49
6.9667,158.2167,28
62.9614,-141.9292,11
42.3914,-96.3792,54
57.0481,-135.3647,21
42.9333,-71.4383,21
46.3583,-104.2500,52
45.8069,-108.5422,61
39.9492,-74.8417,13
41.7803,-124.2367,32
33.4536,-94.0075,20
47.6458,-101.4394,41
45.6044,-103.5464,60
30.5844,-97.4156,0
42.5700,-72.2911,15
60.4889,-145.4511,16
35.0281,-110.7208,32
20.8997,-156.4286,69
45.4622,-69.5953,12
40.9706,-85.2064,26
32.6636,-97.0939,27
33.9486,-81.1186,22
31.2361,-94.7544,14
42.4933,-79.2722,23
40.0781,-83.0781,18
40.1936,-76.7633,26
44.3592,-84.6739,22
31.3072,-95.4508,0
62.1592,-145.4589,18
66.8667,-162.6333,31
36.2667,-93.1567,30
57.7511,-152.4856,46
30.3503,-81.8831,20
40.9656,-105.2186,22
32.3347,-88.7442,9
42.5844,-110.1075,45
60.5797,-151.2392,23
46.2667,-119.1167,19
39.4167,-118.7167,22
42.4700,-71.2894,20
38.2103,-122.2847,47
33.9753,-117.6361,34
44.5228,-114.2150,38
37.4058,-122.0481,30
32.0311,-96.3989,26
40.6386,-73.7622,31
39.1353,-96.6778,53
62.9575,-155.6103,15
33.3633,-84.5658,4
41.6267,-73.8842,23
35.6875,-117.6931,47
34.5183,-109.3792,31
41.1783,-78.8989,23
46.6056,-111.9636,43
37.3169,-79.9742,22
42.0572,-102.8000,47
45.5406,-122.9486,30
38.6892,-75.3592,31
32.4106,-99.6822,51
28.4567,-99.2183,37
40.0972,-92.5433,30
41.3103,-95.8992,68
42.1208,-87.9047,24
38.9833,-76.4667,17
47.4569,-115.6450,25
34.6081,-79.0592,16
25.9156,-97.4186,38
42.8783,-100.5500,25
41.7700,-88.4814,28
38.9503,-95.6639,51
36.2606,-76.1750,36
32.8547,-109.6353,30
27.9619,-82.5403,30
36.9600,-106.6600,11
36.9500,-76.2833,34
36.1306,-80.5481,27
29.5442,-98.4839,34
32.4506,-93.8411,20
31.5883,-110.3442,25
21.3239,-157.9294,61
37.8892,-121.2258,25
41.4653,-90.5233,28
36.7900,-105.2400,1
40.7342,-73.4169,26
41.9381,-72.6825,26
36.7725,-90.3247,12
33.1803,-96.5903,27
43.5950,-118.9564,35
59.5119,-139.6711,12
39.7736,-94.9233,34
40.8600,-102.8031,18
33.4278,-112.0039,32
45.0619,-93.3508,40
34.7411,-118.2117,64
33.2208,-92.8142,8
32.3206,-90.0778,8
40.8206,-76.8642,9
33.9228,-118.3342,37
36.8781,-91.9025,21
30.1250,-93.2158,15
39.2447,-102.2842,39
34.0561,-117.6003,39
19.7356,-156.0489,37
45.4353,-67.7214,9
43.2389,-123.3547,27
29.3331,-89.4075,24
35.6950,-101.3950,60
47.3600,-121.5700,3
44.8889,-116.1017,19
42.1594,-76.8919,25
39.1019,-121.5678,42
41.3325,-122.3328,5
31.5356,-84.1944,7
42.7172,-71.1239,12
34.7500,-111.4100,7
40.0228,-82.4625,13
44.3814,-106.7211,34
43.9042,-92.4917,72
42.1908,-71.1736,22
44.2033,-72.5794,12
39.4300,-120.3100,6
42.7972,-105.3856,41
36.0000,-106.8300,3
66.0689,-162.7639,19
41.2731,-111.0306,54
29.5189,-95.2417,17
39.7078,-77.7297,19
45.6308,-89.4653,41
40.9167,-81.4333,17
35.9461,-112.1547,16
38.3406,-75.5103,28
47.6217,-117.5281,32
31.8111,-106.3758,42
41.3275,-72.0494,26
41.0669,-73.7075,21
41.7872,-111.8533,25
21.1544,-157.0961,62
47.2381,-123.1408,16
37.3592,-121.9239,30
38.7525,-90.3736,25
45.5114,-118.4247,9
42.4272,-73.2892,16
38.0700,-102.6881,34
43.9844,-88.5569,39
34.6525,-86.9453,13
32.8192,-97.3614,34
33.2194,-117.3494,25
40.5300,-106.7800,9
44.9319,-93.0556,33
40.3161,-78.8339,32
42.2314,-83.3308,23
35.6697,-120.6283,30
41.2544,-80.6739,24
38.1311,-91.7683,42
61.5961,-149.0917,35
38.0653,-97.8606,65
43.5667,-116.2406,27
64.5111,-165.4400,42
30.3361,-81.5147,23
35.0419,-106.6156,34
21.9839,-159.3405,63
41.0467,-78.4117,23
36.3100,-115.6800,4
40.6044,-98.4272,45
41.3336,-75.7269,20
42.5708,-77.7133,28
61.1781,-149.9664,20
32.7000,-117.2000,29
37.7836,-81.1231,29
28.1011,-80.6439,51
31.7800,-103.2017,61
39.8000,-106.0300,375
31.9206,-102.3867,70
25.6475,-80.4331,47
42.1997,-75.9850,30
39.9914,-82.8808,17
42.1578,-72.7161,25
32.3847,-94.7117,22
36.9900,-105.2600,6
36.9033,-76.1922,37
33.6186,-114.7142,41
40.3667,-75.9667,12
47.3978,-120.2014,35
45.7881,-111.1608,30
27.7411,-98.0247,28
35.8517,-97.4142,45
32.1300,-81.2100,15
64.8039,-147.8761,17
40.3547,-79.9217,25
35.1967,-81.1558,17
35.0761,-89.7430,0
29.3600,-99.1742,32
36.4486,-103.1539,57
36.1300,-105.5300,4
27.5000,-97.8167,31
33.2061,-97.1989,31
43.7331,-103.6114,28
30.7167,-87.0167,23
38.8500,-94.7392,36
41.1961,-112.0114,37
40.3300,-75.1225,13
30.2333,-81.6667,34
41.3497,-71.7989,26
41.7861,-87.7522,33
44.7978,-68.8186,32
40.2172,-76.8514,18
27.6833,-97.2833,43
48.3042,-114.2636,30
33.6300,-84.4417,16
42.5842,-70.9175,26
30.4119,-89.0808,21
43.3436,-72.5178,7
44.0219,-82.7931,31
44.3206,-69.7972,27
36.4731,-82.4044,9
48.3500,-122.6667,27
40.2964,-78.3203,22
38.7042,-93.1833,29
33.9481,-83.3275,7
9.4833,138.0833,29
37.6197,-122.3647,41
70.2117,-151.0017,53
38.3775,-121.9575,37
33.6883,-112.0817,26
30.4000,-86.4717,24
34.5583,-98.4172,35
32.8667,-117.1333,24
36.5728,-79.3361,23
40.8508,-96.7475,59
37.2847,-120.5128,26
38.5039,-122.8103,22
40.9611,-98.3136,49
43.7667,-98.0333,46
31.4000,-93.2833,6
45.6906,-118.8528,28
45.6208,-122.6572,29
37.7797,-89.2497,17
34.3478,-85.1611,7
48.1739,-103.6367,39
43.2339,-75.4117,27
37.9406,-75.4631,34
44.9258,-89.6256,43
44.3800,-116.3400,9
39.6092,-110.7547,37
32.8986,-80.0403,26
30.4636,-88.5319,12
39.3100,-111.4300,39
42.3606,-71.0106,31
46.4794,-84.3572,18
29.6222,-95.6564,29
42.9600,-121.1800,5
39.2956,-80.2289,8
28.0836,-97.0464,38
42.2347,-85.5519,14
35.6542,-105.1419,38
39.2972,-94.7306,51
36.0719,-115.1633,52
45.5908,-122.6003,35
46.9006,-95.0678,54
36.1336,-80.2222,25
28.7797,-81.2436,36
35.7800,-105.5400,2
43.1072,-78.9453,30
40.7781,-111.9694,39
41.7636,-96.1778,75
34.1231,-84.8486,3
36.3689,-92.4703,15
38.5069,-121.4950,30
44.8664,-91.4878,42
43.0303,-78.1692,36
43.5878,-96.7289,47
24.7258,-81.0517,53
39.2953,-114.8467,55
42.7267,-114.4564,43
39.4494,-74.5672,32
45.2575,-112.5545,54
46.3747,-117.0156,30
39.9061,-84.2186,19
38.1417,-76.4292,17
44.5444,-110.4211,17
34.2486,-82.1592,14
40.7939,-73.1017,25
35.0311,-85.2014,10
41.8031,-78.6403,22
59.6419,-151.4908,16
41.0136,-83.6686,27
46.9728,-123.9303,26
44.9358,-74.8458,26
35.8181,-83.9858,10
31.1522,-81.3908,30
36.0467,-79.4769,21
