45.4525,-99.3358,270
39.7750,-105.1169,170
40.6558,-97.2208,180
39.0733,-93.7075,180
47.2753,-88.4169,225
48.0750,-111.2597,270
39.6442,-74.8072,16
40.1100,-87.9567,22
41.7392,-77.9711,360
35.1375,-77.9892,18
39.7194,-76.8028,50
34.6242,-106.3103,225
45.6656,-97.0392,225
44.4933,-68.4583,170
47.2919,-88.4208,307
61.2967,-149.4400,270
39.1439,-103.4897,65
47.6497,-120.0800,292
40.9656,-105.2186,140
34.1206,-115.8500,135
30.5347,-94.4456,110
48.9981,-110.2158,316
39.4206,-79.0050,310
47.0111,-109.2261,293
47.0083,-88.4317,112
41.8161,-80.4250,20
46.2314,-112.1136,230
34.2183,-116.4072,240
40.5764,-105.0858,297
35.0761,-89.7430,40
40.8600,-102.8031,45
