32.9733,-97.3181,89
35.5342,-97.6469,116
42.3978,-90.7036,148
39.1894,-103.7158,174
38.6892,-75.3592,148
27.6531,-80.2428,112
33.9753,-117.6361,121
38.7667,-104.3000,183
39.4839,-119.7711,152
40.6825,-74.1694,107
42.3606,-71.0106,72
38.0653,-97.8606,170
18.2550,-65.6408,116
6.9667,158.2167,98
44.8322,-93.4706,134
36.6817,-101.5053,152
34.2008,-119.2069,165
40.7833,-91.1253,121
33.6300,-84.4417,63
43.9658,-107.9508,94
37.6928,-121.8144,98
37.0872,-84.0769,58
24.5550,-81.7522,130
40.8764,-74.2831,107
39.5781,-85.8033,94
37.3278,-95.5042,98
41.5272,-85.7922,103
31.9433,-102.1889,139
45.5433,-94.0514,103
41.7861,-87.7522,94
42.2347,-85.5519,81
33.2119,-87.6161,54
62.3200,-150.0950,63
42.8153,-108.7261,219
42.6650,-83.4181,94
40.8217,-72.8689,107
47.6217,-117.5281,103
31.4156,-87.0442,63
37.9406,-75.4631,81
59.2433,-135.5094,72
34.6439,-86.7861,76
31.3214,-85.4497,58
34.7336,-76.6606,98
39.3667,-75.0667,98
47.9375,-124.5550,85
33.5656,-86.7450,67
32.3367,-90.2214,63
38.8853,-79.8528,98
33.4536,-94.0075,58
34.2622,-88.7714,63
43.1167,-77.6767,103
27.6833,-97.2833,98
45.7881,-111.1608,134
41.0375,-81.4642,76
40.1519,-122.2536,89
35.9508,-85.0814,58
28.0622,-81.7542,89
42.3811,-122.8722,85
30.4781,-87.1869,85
46.5311,-87.5483,76
42.1928,-89.0931,116
41.8706,-103.5931,134
46.7439,-117.1086,94
39.9181,-76.8742,89
34.0500,-94.4008,63
37.2353,-93.4003,98
70.1917,-148.4772,85
41.9144,-88.2464,94
34.3478,-85.1611,58
41.7803,-124.2367,121
32.4106,-99.6822,116
38.9503,-95.6639,134
30.7167,-87.0167,85
55.2208,-162.7325,116
39.1033,-84.4189,63
67.7317,-164.5483,40
34.4978,-82.7097,81
41.7072,-86.3164,121
41.8056,-107.1997,219
29.3389,-98.4719,85
36.0969,-79.9433,89
37.7214,-122.2208,107
39.2447,-102.2842,107
33.8719,-117.9789,81
45.5511,-122.4089,58
45.0133,-84.7014,103
43.0661,-108.4767,148
32.3847,-94.7117,72
43.1644,-95.2017,157
38.5911,-92.1558,76
40.1667,-103.2167,134
47.2856,-68.3133,112
42.4272,-73.2892,81
48.3500,-122.6667,81
42.0572,-102.8000,148
45.1947,-123.1339,89
46.0261,-91.4442,103
41.9097,-70.7294,72
35.2100,-99.1200,130
46.6056,-111.9636,148
34.9000,-76.8833,94
38.7550,-109.7542,134
40.6239,-74.6694,89
35.2236,-80.9553,94
37.6542,-122.1150,98
43.3436,-72.5178,63
44.4983,-88.1111,134
42.9550,-87.9044,89
42.7172,-71.1239,67
32.8519,-96.8556,103
33.3633,-84.5658,107
36.0394,-95.9844,107
47.5303,-122.3008,76
46.4167,-86.6500,89
42.7461,-86.0967,89
41.3103,-95.8992,157
38.8169,-92.2183,81
30.3361,-81.5147,72
43.1711,-86.2367,85
39.2292,-106.3169,165
28.4339,-81.3250,94
39.4900,-121.6183,94
40.8206,-76.8642,94
36.5728,-79.3361,72
43.1544,-93.3269,139
48.6033,-112.3753,139
34.8822,-95.7831,89
36.7367,-97.1019,116
42.1578,-72.7161,98
39.0725,-95.6261,139
37.9272,-100.7247,152
34.0511,-118.2353,72
30.2333,-81.6667,85
42.6003,-123.3642,121
29.1828,-81.0483,130
27.7411,-98.0247,143
30.3433,-89.8222,72
41.1961,-112.0114,125
40.2383,-75.5572,72
66.8667,-162.6333,67
45.6906,-118.8528,72
37.7064,-112.1456,174
34.8536,-116.7858,148
47.0339,-120.5303,148
42.6425,-77.0564,89
41.0731,-71.9233,67
42.1128,-92.9175,134
39.8250,-86.2958,89
37.3031,-108.6275,130
34.6517,-112.4208,134
42.7267,-114.4564,107
42.7803,-84.5789,107
40.2964,-78.3203,107
41.3325,-122.3328,67
40.7083,-84.0267,103
42.5544,-92.4011,143
38.2103,-122.2847,107
36.7725,-90.3247,72
32.7336,-117.1831,76
33.9786,-98.4928,112
47.6458,-101.4394,152
35.0169,-80.6206,98
34.6719,-82.8864,89
33.9519,-117.4386,130
42.1244,-86.4267,85
33.9486,-81.1186,98
44.9358,-74.8458,89
34.1750,-91.9347,58
40.1203,-76.2944,76
38.0408,-84.6058,49
32.8547,-109.6353,121
31.4208,-110.8458,121
42.2706,-71.8731,81
41.6264,-80.2150,98
42.8975,-106.4636,192
40.2172,-76.8514,85
62.1592,-145.4589,72
41.9381,-72.6825,103
42.1594,-76.8919,116
42.5700,-72.2911,85
59.7494,-154.9089,107
32.5428,-93.7450,67
40.8097,-124.1603,72
33.6186,-114.7142,116
31.5883,-110.3442,98
43.0206,-102.5183,130
37.8892,-121.2258,107
44.9319,-93.0556,103
34.6081,-79.0592,67
45.6308,-89.4653,121
35.5144,-108.7939,157
41.6267,-73.8842,107
40.7794,-73.8803,103
37.0683,-88.7719,67
41.1519,-104.8061,206
46.8369,-92.2097,103
38.3083,-75.1239,85
38.3000,-76.4167,76
37.5050,-77.3203,94
34.0158,-118.4514,94
27.7628,-82.6261,121
33.9228,-118.3342,107
36.4731,-82.4044,63
35.2578,-93.0947,58
29.3783,-100.9269,125
32.2622,-107.7206,161
35.8517,-97.4142,121
43.5331,-84.0797,94
33.6542,-101.8136,161
34.9883,-117.8647,165
36.1189,-86.6892,125
45.6478,-68.6925,63
39.8233,-93.5792,72
39.1667,-76.6833,72
39.6428,-79.9164,72
39.3792,-74.4242,85
30.4636,-88.5319,67
40.4122,-86.9369,81
37.6703,-95.4842,121
35.4344,-119.0542,112
36.2117,-115.1958,121
42.5708,-77.7133,89
39.6728,-75.6008,112
37.4389,-105.8614,174
32.5500,-88.5667,49
24.7258,-81.0517,112
30.6794,-88.2397,72
46.9208,-114.0925,130
43.9844,-88.5569,121
40.5175,-122.2986,81
57.0481,-135.3647,58
44.2033,-72.5794,72
44.3206,-69.7972,89
30.3503,-81.8831,85
32.3500,-91.0278,58
46.2667,-119.1167,81
41.3336,-75.7269,89
35.6575,-109.0614,130
40.0819,-75.0111,81
37.7461,-97.2211,148
36.9358,-121.7886,81
30.9119,-102.9167,148
29.6919,-82.2756,94
35.6169,-106.0889,165
34.7917,-79.3661,98
40.5100,-101.6200,148
48.0944,-105.5744,165
33.8117,-118.1464,98
35.8181,-83.9858,81
39.4494,-74.5672,94
34.2675,-77.8997,103
44.8889,-116.1017,98
35.1967,-81.1558,89
25.9069,-80.2803,112
32.6847,-83.6528,63
34.7675,-114.6189,134
47.6831,-117.3214,81
42.5906,-117.8644,112
34.1231,-84.8486,49
39.3644,-84.5247,67
42.0800,-80.1825,54
30.7044,-87.0231,89
29.2733,-94.8592,81
41.4525,-87.0058,98
21.1544,-157.0961,157
36.5881,-121.8453,98
57.1553,-170.2222,67
9.4833,138.0833,82
38.8000,-97.6500,143
35.8550,-77.8931,72
26.5850,-81.8614,89
36.0719,-115.1633,125
39.1208,-94.5969,112
44.3814,-106.7211,125
46.4047,-94.1308,139
43.6497,-70.3003,85
26.1658,-97.3458,121
41.1389,-75.3794,103
46.0947,-118.2869,72
30.7797,-86.5225,94
42.8375,-103.0953,139
48.4608,-119.5167,116
29.9506,-94.0206,161
41.2531,-70.0608,107
32.8167,-115.6833,94
33.8117,-78.7239,72
39.7556,-82.6572,76
38.8483,-77.0342,76
38.8500,-94.7392,103
41.1078,-92.4467,143
41.7700,-88.4814,112
33.6228,-111.9106,89
35.9403,-89.8308,72
30.5069,-86.9597,103
41.0669,-73.7075,94
42.4092,-83.0100,89
32.8158,-117.1394,89
26.1969,-80.1708,125
25.9156,-97.4186,112
47.3078,-119.5153,139
36.9878,-120.1106,72
43.5667,-116.2406,103
36.0167,-102.5500,157
41.3119,-105.6747,237
45.0717,-83.5644,89
35.3889,-97.6006,116
39.2972,-94.7306,121
40.9167,-81.4333,85
43.9906,-70.9475,89
41.8756,-71.0211,67
39.2956,-80.2289,63
43.1953,-71.5011,98
47.7472,-90.3444,40
48.7939,-122.5372,76
31.9514,-85.1289,63
37.7836,-81.1231,116
70.6392,-159.9950,81
38.7042,-93.1833,72
55.3567,-131.7117,58
44.8831,-93.2289,107
33.9481,-83.3275,54
33.2208,-92.8142,63
33.3075,-104.5083,139
32.3206,-90.0778,54
46.3747,-117.0156,107
46.3583,-104.2500,170
31.1500,-92.9667,54
38.0700,-102.6881,219
47.9428,-97.1839,197
38.0511,-117.0903,152
47.0492,-109.4578,157
43.4133,-124.2436,165
35.8922,-78.7819,81
41.4131,-81.8600,85
41.6236,-98.9517,107
43.2119,-90.1814,125
17.7028,-64.8056,103
45.8183,-88.1144,107
41.3931,-70.6150,85
44.9047,-97.1494,121
41.3497,-71.7989,81
42.9667,-83.7494,94
28.4736,-82.4544,89
48.5428,-109.7633,134
38.7525,-90.3736,89
43.1561,-90.6775,130
39.5936,-84.2264,98
37.0911,-95.5664,103
24.5833,-81.6833,116
29.6333,-83.1053,76
39.3756,-99.8297,112
40.3667,-75.9667,94
62.9614,-141.9292,81
43.7667,-98.0333,116
8.7333,167.7333,143
22.0333,-159.7833,72
28.1011,-80.6439,103
39.9369,-91.1919,98
40.3161,-78.8339,103
7.4500,151.8333,82
34.5467,-93.5781,63
44.6500,-73.4667,81
46.9253,-96.8111,206
28.8208,-81.8097,89
48.5222,-123.0231,89
33.8281,-116.5053,134
26.2500,-80.1083,112
42.0647,-104.1528,152
38.5069,-121.4950,98
31.7800,-103.2017,121
18.3331,-64.9667,107
36.2606,-76.1750,94
44.2558,-121.1392,98
32.5722,-116.9794,94
36.2967,-99.7689,148
32.4506,-93.8411,72
30.7825,-83.2767,67
43.9636,-69.7117,76
44.5169,-108.0822,103
44.6381,-90.1875,125
42.9203,-112.5711,161
45.7728,-122.8611,94
45.4622,-69.5953,67
46.0139,-102.6547,143
36.0097,-94.1694,107
15.1167,145.7167,116
56.6000,-169.5650,72
43.3500,-73.6167,85
30.7439,-95.5861,67
39.8447,-89.6839,94
44.5228,-114.2150,165
43.9922,-76.0217,98
47.4569,-115.6450,116
37.7086,-113.0944,161
47.2675,-122.5761,85
39.2231,-106.8683,148
32.1314,-110.9553,170
37.2958,-81.2078,89
43.2389,-123.3547,94
35.4319,-82.5375,112
35.8311,-90.6464,76
39.5514,-97.6508,161
64.5111,-165.4400,85
39.2775,-120.7103,85
37.3169,-79.9742,103
40.9781,-124.1086,76
30.3489,-85.7881,89
30.1831,-97.6800,94
45.6044,-103.5464,157
38.3306,-96.1897,148
40.6331,-93.9019,165
46.4267,-105.8825,241
26.5361,-81.7550,103
43.4075,-94.7461,143
47.9078,-122.2803,85
33.6883,-112.0817,103
32.7000,-117.2000,67
27.5333,-99.4667,112
47.2078,-119.3192,98
34.2719,-83.8303,76
45.8069,-108.5422,183
46.5486,-90.9189,89
42.4700,-71.2894,89
42.1908,-71.1736,76
21.3167,-158.0667,103
31.3928,-92.2956,54
61.1689,-150.0278,116
42.4819,-114.4869,112
44.0206,-117.0128,98
42.8939,-85.5447,107
42.8914,-73.2469,89
41.5339,-93.6531,143
55.0389,-131.5786,58
47.1686,-88.4889,67
29.3600,-99.1742,85
43.5950,-118.9564,134
38.0442,-87.5206,98
45.5908,-122.6003,107
31.1828,-90.4708,63
37.1681,-97.0369,134
44.5761,-71.1786,63
35.0564,-89.9864,72
42.6958,-73.1708,85
34.2006,-118.3575,89
46.1442,-115.5964,67
70.2117,-151.0017,81
36.7436,-108.2292,201
40.0228,-82.4625,85
32.5161,-84.9422,72
36.6206,-116.0278,161
45.6194,-121.1661,125
33.7792,-84.5214,58
28.0836,-97.0464,94
31.8606,-86.0122,49
32.1300,-81.2100,76
40.1764,-80.6472,85
32.3347,-88.7442,58
38.1386,-78.4530,81
35.6567,-95.3614,89
30.4844,-81.7019,85
35.0028,-105.6628,246
31.8311,-104.8089,139
39.1258,-123.2008,81
29.9800,-95.3600,103
41.0089,-74.7367,76
31.8111,-106.3758,157
41.9950,-87.9336,98
39.8328,-104.6575,241
29.6381,-95.2819,148
46.1569,-123.8825,121
40.0489,-107.8853,134
60.7850,-161.8292,81
38.9597,-94.3714,89
30.0494,-90.0289,94
36.1336,-80.2222,89
36.6239,-87.4194,63
30.5372,-91.1469,107
40.0803,-95.5919,121
39.6014,-116.0056,210
40.9611,-98.3136,130
44.1708,-114.9272,125
33.1281,-117.2794,85
32.8667,-117.1333,81
28.5453,-81.3331,98
35.0678,-77.0481,94
38.3775,-121.9575,103
40.8731,-81.8867,81
32.4833,-80.7167,72
27.5000,-97.8167,121
45.2575,-112.5545,130
38.5050,-107.8975,148
40.6508,-75.4492,67
39.9914,-82.8808,94
37.1431,-107.7597,148
40.7342,-73.4169,94
40.6675,-89.6839,89
38.3794,-81.5900,76
41.0467,-78.4117,116
40.8436,-72.6322,89
38.0494,-103.5122,268
29.5189,-95.2417,94
38.2900,-104.4983,192
40.7939,-73.1017,85
39.7075,-86.2803,103
37.1467,-94.5022,89
19.7192,-155.0531,94
30.4000,-81.4167,89
31.8456,-86.6108,45
36.4486,-103.1539,161
33.1803,-96.5903,98
43.3906,-99.8422,112
34.2900,-93.0600,54
48.1739,-103.6367,139
34.9914,-78.8803,89
43.6264,-72.3047,67
43.7331,-103.6114,116
30.0675,-95.5561,76
38.3650,-82.5550,63
44.9050,-123.0011,98
41.4914,-120.5644,116
38.9286,-90.4281,89
36.8781,-91.9025,85
44.7408,-85.5825,116
34.7442,-87.5997,63
41.2639,-72.8872,85
43.5164,-112.0672,157
42.2228,-83.7444,89
42.2333,-83.5333,98
43.8789,-91.2528,134
41.7361,-72.6506,103
40.8500,-74.0614,94
33.2061,-97.1989,89
42.7431,-73.8092,107
41.1583,-73.1289,63
33.4617,-80.8581,76
34.4272,-100.2831,130
41.5175,-81.6836,63
42.1094,-77.9919,98
40.6161,-83.0636,89
30.4119,-89.0808,72
36.8167,-76.0333,107
40.8508,-96.7475,161
30.0375,-91.8839,63
39.3450,-81.4392,81
40.0972,-92.5433,72
36.9261,-111.4478,121
35.6542,-105.1419,157
41.9856,-97.4353,134
40.0397,-88.2778,112
42.1208,-87.9047,89
29.1097,-95.4619,98
45.6983,-110.4408,215
39.3669,-101.7000,165
36.7683,-96.0261,98
55.5800,-133.0750,72
31.4583,-109.6061,130
35.3331,-94.3625,63
44.7978,-68.8186,103
42.4167,-87.8667,103
41.2433,-76.9217,76
45.8258,-119.2611,76
27.7839,-97.5108,148
40.2342,-85.3936,85
41.7636,-96.1778,250
41.8678,-84.0794,89
43.2781,-70.9222,72
38.8317,-94.8897,103
31.3558,-85.7511,54
40.9706,-85.2064,98
33.6361,-91.7556,54
39.7333,-77.4333,81
39.8683,-75.2311,81
32.5156,-92.0406,89
42.5417,-113.7661,112
64.5500,-149.0717,63
58.6794,-156.6294,98
64.7767,-141.1483,67
35.6697,-120.6283,130
41.3275,-72.0494,85
37.5908,-83.3131,54
40.3300,-75.1225,81
34.7272,-92.2389,67
31.2361,-94.7544,54
40.7789,-73.9692,98
30.8356,-85.1839,63
36.9500,-76.2833,94
32.3542,-95.4025,67
44.8428,-117.8086,125
36.1994,-95.8872,116
37.2847,-120.5128,89
44.0433,-103.0536,139
40.0681,-118.5692,107
21.4500,-157.7833,112
64.3267,-158.7417,67
32.7800,-79.9319,72
29.9933,-90.2511,76
38.1311,-91.7683,89
44.0511,-101.6011,121
66.0689,-162.7639,54
42.7611,-87.8136,98
61.2169,-149.8550,76
30.4000,-86.4717,67
40.4719,-81.4236,76
44.3592,-89.8369,125
36.9839,-77.0075,81
40.9017,-117.8081,130
32.0311,-96.3989,89
47.9742,-117.4283,130
38.6572,-90.6558,72
44.1278,-123.2206,107
48.7167,-94.6000,174
36.6950,-76.1356,98
33.8750,-84.3022,67
25.6475,-80.4331,116
61.1781,-149.9664,94
42.1469,-121.7242,116
43.9042,-92.4917,152
33.5872,-85.8556,54
39.2953,-114.8467,157
36.9647,-86.4239,63
66.9161,-151.5089,67
37.7797,-89.2497,72
40.7781,-111.9694,98
7.3333,134.4833,62
41.7806,-122.4717,116
45.8678,-95.3942,188
40.4422,-109.5144,192
42.4933,-79.2722,72
46.9006,-95.0678,170
38.8983,-119.9947,94
28.7247,-96.2536,89
71.2833,-156.7814,98
31.6189,-97.2283,89
42.9486,-78.7369,89
44.3675,-71.5450,67
38.1811,-85.7392,67
40.8203,-82.5178,85
39.1333,-86.6167,89
44.4683,-73.1500,81
41.3461,-82.1794,94
35.2372,-120.6414,76
48.2138,-106.6213,152
44.3592,-84.6739,81
36.0236,-84.2375,58
46.7994,-102.7972,139
41.6686,-70.2800,85
32.6500,-114.6167,116
37.7608,-99.9683,183
41.1214,-100.6694,134
44.3394,-105.5419,112
48.1203,-123.4983,85
34.8994,-120.4486,89
19.7356,-156.0489,81
44.3853,-74.2067,89
36.7414,-104.5022,188
41.6328,-91.5431,116
26.1839,-98.2539,103
32.7100,-96.2672,103
38.5714,-90.1572,72
32.7667,-97.4500,98
41.3375,-84.4289,85
46.9728,-123.9303,98
42.3914,-96.3792,170
41.5097,-72.8278,98
48.3042,-114.2636,130
59.5119,-139.6711,63
38.6956,-121.5897,98
41.5092,-74.2650,112
45.2486,-122.7686,81
59.6419,-151.4908,54
33.9381,-118.3889,116
35.6875,-117.6931,179
64.8039,-147.8761,58
38.9408,-77.4636,103
31.9206,-102.3867,130
31.1522,-81.3908,112
43.1072,-78.9453,89
60.4889,-145.4511,81
43.2339,-75.4117,139
36.2667,-93.1567,81
45.5406,-122.9486,116
37.7081,-77.4344,72
34.2167,-119.0833,81
32.8986,-80.0403,103
37.2839,-98.5528,143
34.6294,-118.0836,179
41.6117,-90.5808,107
32.8192,-97.3614,103
41.6764,-70.9583,85
36.3333,-119.9500,116
42.5844,-110.1075,237
34.7000,-77.3833,98
38.9833,-76.4667,63
38.5000,-77.3000,63
41.5333,-71.2833,72
44.5483,-95.0803,134
31.3347,-92.5586,63
41.7781,-80.6958,81
26.1522,-81.7753,103
38.1847,-84.9033,72
30.5892,-96.3647,94
42.3075,-85.2511,121
39.1019,-121.5678,139
34.2097,-118.4892,98
39.9444,-81.8922,81
37.3208,-79.2067,103
38.5039,-122.8103,89
37.6197,-122.3647,125
21.3239,-157.9294,134
38.8100,-104.6883,148
44.2667,-71.2994,148
40.1936,-76.7633,94
37.2253,-89.5706,98
35.7425,-81.3819,89
34.8831,-82.2203,72
33.2194,-117.3494,85
35.1350,-90.2344,72
28.8614,-96.9303,94
31.3711,-100.4922,116
39.9061,-84.2186,85
44.5344,-72.6144,81
36.3189,-119.6289,94
33.4050,-118.4158,81
34.1853,-79.7239,81
39.8344,-88.8656,94
41.5944,-109.0528,215
42.5519,-71.7558,76
34.8461,-82.3461,98
34.7411,-118.2117,170
46.9258,-98.6692,224
45.5114,-118.4247,58
35.9461,-112.1547,152
47.4933,-122.2144,81
57.7511,-152.4856,112
20.8997,-156.4286,157
32.6636,-97.0939,103
42.7972,-105.3856,157
44.8664,-91.4878,116
59.4433,-151.7017,58
27.9106,-82.6875,103
43.7694,-87.8506,121
60.1283,-149.4167,94
42.1997,-75.9850,121
41.1783,-78.8989,112
42.2314,-83.3308,89
39.1353,-96.6778,148
32.2997,-86.4075,54
34.9869,-81.0575,98
35.2578,-113.9331,165
29.7333,-85.0333,85
33.6800,-117.8664,81
34.5583,-98.4172,103
33.3644,-81.9633,81
39.0083,-95.2117,130
46.1236,-67.7928,98
34.0561,-117.6003,125
41.7419,-72.1836,85
26.9172,-81.9914,89
41.3714,-73.4828,98
32.6808,-96.8681,94
30.6264,-88.0681,81
45.6208,-122.6572,103
39.4167,-118.7167,224
41.2003,-74.6231,81
37.2833,-102.6139,183
30.3975,-84.3289,67
41.0136,-83.6686,103
25.7906,-80.3164,103
39.7078,-77.7297,85
28.4567,-99.2183,116
32.3336,-104.2581,107
43.8339,-111.8045,165
35.2325,-75.6219,143
42.5842,-70.9175,76
30.3208,-97.7603,89
31.4000,-93.2833,49
41.8031,-78.6403,116
28.7797,-81.2436,94
34.6525,-86.9453,85
37.1319,-76.4930,67
44.5444,-110.4211,143
43.3497,-76.3847,85
44.0219,-82.7931,76
60.5797,-151.2392,72
34.3622,-98.9761,107
21.9839,-159.3405,103
36.1625,-97.0894,112
45.0319,-102.0192,134
35.5931,-88.9167,63
61.5961,-149.0917,94
41.1014,-102.9847,161
34.7436,-118.7242,148
46.7708,-100.7603,148
40.4953,-107.5211,139
43.5878,-96.7289,125
34.4258,-119.8425,107
29.6222,-95.6564,103
32.8342,-115.5786,116
42.8050,-72.0036,63
26.2281,-97.6542,130
35.2333,-101.7089,157
42.9333,-71.4383,94
31.6072,-110.4281,107
32.7817,-98.0603,125
37.4058,-122.0481,81
45.6689,-96.9914,188
42.8783,-100.5500,130
41.9922,-93.6217,130
34.2486,-82.1592,81
35.0311,-85.2014,72
40.3547,-79.9217,89
38.4167,-113.0167,179
41.4333,-99.6333,143
46.8706,-68.0172,81
13.4836,144.7961,134
60.7850,-148.8389,72
35.0281,-110.7208,165
27.4014,-82.5586,103
41.2544,-80.6739,89
32.6261,-116.4681,130
29.5442,-98.4839,98
47.4667,-87.8833,98
33.0375,-116.9158,103
45.5644,-84.7928,116
39.4203,-83.8217,63
33.4825,-90.9853,58
39.4781,-88.2803,85
39.9492,-74.8417,89
35.9333,-79.0642,81
40.0781,-83.0781,85
40.2064,-100.5914,103
48.5614,-93.3981,143
45.4558,-98.4131,148
63.9944,-145.7214,67
41.5886,-83.8014,130
40.2769,-74.8158,81
33.4669,-82.0386,67
39.4019,-77.9844,85
33.6267,-116.1594,107
47.4733,-111.3822,174
39.1342,-108.5400,130
30.0481,-102.2131,121
30.7406,-98.2353,89
35.1442,-111.6664,130
39.0431,-84.6717,94
39.7736,-94.9233,112
37.3592,-121.9239,89
30.3567,-95.4139,81
40.4847,-80.2144,116
44.7694,-106.9689,94
33.1783,-86.7817,49
36.7800,-119.7194,85
29.3331,-89.4075,58
34.5183,-109.3792,152
62.9575,-155.6103,130
31.2819,-89.2531,54
39.6092,-110.7547,192
43.1406,-89.3453,103
32.8978,-97.0189,98
35.0419,-106.6156,228
31.5356,-84.1944,58
48.2553,-101.2733,130
34.1167,-119.1167,94
42.5950,-87.9381,103
45.0619,-93.3508,116
35.6950,-101.3950,148
41.4653,-90.5233,107
58.3567,-134.5639,85
40.6044,-98.4272,116
26.0719,-80.1536,107
30.5108,-99.7664,98
46.4794,-84.3572,107
38.7642,-87.6056,103
37.3711,-118.3581,148
36.9033,-76.1922,103
47.3978,-120.2014,116
41.8833,-91.7167,143
36.3689,-92.4703,67
43.7700,-88.4864,121
37.9917,-122.0550,89
41.2731,-111.0306,197
43.1111,-76.1039,107
18.4325,-66.0108,103
29.7036,-98.0281,107
41.5631,-83.4764,94
41.7872,-111.8533,174
39.5264,-107.7264,165
31.3500,-85.6667,63
33.4278,-112.0039,116
26.6847,-80.0994,107
30.1250,-93.2158,76
31.0425,-86.3117,67
44.9258,-89.6256,116
46.9733,-122.9033,85
47.4444,-122.3139,89
46.5683,-120.5428,81
33.9706,-80.9958,81
40.8289,-115.7886,197
27.9619,-82.5403,98
37.2622,-104.3378,174
39.4519,-87.3089,85
42.2667,-84.4667,98
41.7219,-71.4325,85
34.9894,-99.0525,107
38.3406,-75.5103,81
30.2050,-91.9875,49
41.6875,-69.9933,85
47.3258,-106.9475,134
45.9647,-112.5006,148
38.1417,-76.4292,81
37.6544,-97.4425,170
25.9989,-80.2411,112
44.3981,-98.2231,134
27.4981,-80.3767,89
38.8761,-98.8092,165
47.2381,-123.1408,67
36.6636,-121.6081,116
59.4556,-135.3239,116
33.4964,-90.0867,54
33.2367,-107.2681,161
38.2281,-85.6636,63
39.5703,-104.8489,116
45.5464,-100.4078,170
44.3814,-100.2856,130
47.3864,-92.8389,112
