33.9381,-118.3889,218
45.3367,-114.4681,44
32.6583,-94.1164,167
44.8000,-107.8400,-26
39.3528,-123.6011,134
21.3239,-157.9294,292
33.9786,-98.4928,138
45.0700,-116.4500,29
32.8797,-116.4203,118
45.6481,-106.5008,34
43.4158,-122.5772,92
44.0433,-103.0536,57
60.4833,-149.7667,108
71.2833,-156.7814,-87
35.5317,-118.6303,169
48.3700,-100.4300,56
61.1689,-150.0278,38
35.0281,-110.7208,128
39.9061,-84.2186,87
55.0389,-131.5786,59
36.0650,-87.2831,147
30.3653,-84.8594,121
32.2033,-83.9319,159
35.0964,-119.7728,213
39.7358,-121.4889,152
34.3906,-116.5169,193
39.0725,-95.6261,93
39.2083,-122.8083,108
43.9500,-115.2700,14
42.0792,-112.1833,55
31.0944,-86.5486,208
48.9681,-104.0022,31
45.9267,-117.5883,75
39.9278,-122.6569,125
46.2400,-113.7700,4
37.4681,-120.1106,198
35.4286,-81.9394,94
39.8328,-104.6575,88
34.2339,-117.4803,194
44.6833,-111.8333,6
34.5539,-111.8492,160
41.0064,-121.9833,126
32.4033,-110.7117,134
42.2706,-71.8731,62
33.8767,-117.3089,209
43.6100,-113.9300,19
40.9611,-98.3136,101
37.4389,-105.8614,48
37.6542,-122.1150,190
45.5906,-123.4761,91
32.8569,-116.6222,177
48.5700,-115.4500,25
43.5611,-120.2486,53
44.5972,-104.4275,31
45.0300,-121.6278,50
43.8750,-103.4583,70
60.7850,-161.8292,47
39.6725,-119.7700,118
39.5619,-120.0478,93
45.2706,-110.5433,-10
46.8536,-113.3939,34
42.5600,-111.3000,-4
43.7897,-114.4208,23
38.8853,-79.8528,44
32.3550,-89.4692,201
40.5708,-105.2264,82
42.5372,-111.8547,38
44.5200,-122.0900,115
35.1450,-111.6750,89
66.0425,-147.9714,-51
34.8250,-77.3219,172
43.6500,-111.5792,15
35.1542,-117.1756,207
48.5617,-113.0133,18
37.8511,-119.6500,68
40.9017,-117.8081,107
36.7956,-85.3803,132
36.9614,-119.1750,151
32.3347,-88.7442,202
44.0500,-115.4400,32
30.1694,-84.9344,218
39.9400,-112.4100,58
46.4847,-104.0658,42
47.7028,-108.4786,40
38.2244,-109.2783,89
45.6333,-116.2833,111
41.9919,-123.6036,119
36.7367,-97.1019,124
36.9033,-76.1922,148
25.9167,-81.2833,256
47.5806,-115.2850,72
47.6744,-120.2108,93
33.2667,-109.3683,140
46.5667,-121.6306,61
38.1669,-98.5000,112
41.3900,-123.4958,117
41.0819,-119.7772,110
34.3100,-110.7500,104
43.5100,-121.9800,56
34.0933,-110.9333,138
60.3667,-149.4000,108
39.7136,-109.4461,69
63.9944,-145.7214,11
44.9400,-109.5700,-17
38.9036,-114.8142,57
34.1600,-109.9800,92
43.6231,-113.3872,39
48.3833,-115.5667,67
46.3522,-122.6058,106
25.9156,-97.4186,189
62.6000,-142.0833,-38
35.6819,-85.2733,125
41.6097,-113.5906,78
39.2953,-114.8467,75
37.3917,-113.0389,71
43.5667,-116.2406,99
19.7950,-155.8453,222
46.9681,-112.6353,38
37.7861,-122.1447,166
46.7900,-110.6800,13
42.7000,-124.0333,94
37.6544,-97.4425,131
37.9864,-79.7594,68
46.5456,-103.5183,47
39.6014,-116.0056,88
42.7300,-106.3200,9
42.4172,-115.2278,61
41.5992,-122.9336,111
44.9414,-107.7089,-6
65.2017,-161.1550,-17
37.1408,-101.9003,123
32.0097,-84.3300,157
32.9750,-82.3528,148
36.6239,-87.4194,139
38.9078,-106.6017,-39
46.4578,-85.6272,72
30.5872,-84.9886,217
39.7369,-115.5181,91
34.3194,-117.0131,111
20.5089,-156.6817,269
48.1600,-113.9500,16
41.9856,-97.4353,107
44.6661,-118.9208,80
40.4300,-111.6200,37
39.6953,-106.9731,16
41.3500,-71.6500,74
44.2900,-115.6600,34
45.1900,-115.9700,26
41.7611,-102.4378,82
37.1350,-119.2561,94
60.3200,-160.2000,58
46.4658,-97.3161,96
34.7650,-84.0744,123
45.5500,-122.0000,61
37.8617,-105.2842,47
38.4800,-112.3900,41
34.6119,-77.4875,176
35.0700,-111.8400,80
40.3442,-121.7136,122
46.0900,-121.7600,46
44.6700,-117.9336,53
40.6508,-75.4492,32
31.6189,-97.2283,188
30.5892,-96.3647,208
37.3517,-107.9150,72
38.0333,-113.5167,112
40.7200,-109.5400,3
43.0361,-122.6553,102
35.8644,-120.8031,183
39.4900,-106.1700,-28
45.2172,-123.5356,97
61.0844,-149.7283,78
27.7839,-97.5108,187
33.9306,-116.9500,208
40.8500,-111.0500,3
40.6194,-121.8994,142
42.7803,-84.5789,84
48.9800,-115.8200,33
45.1094,-122.1953,83
43.0019,-123.7803,113
36.0931,-118.2603,91
20.5803,-156.5711,236
39.4500,-111.2700,30
43.3208,-122.1067,72
32.7797,-83.2500,140
42.4372,-108.9408,-6
34.4456,-117.8511,169
38.8500,-120.0800,85
42.9717,-114.0631,52
66.8667,-162.6333,-8
40.1383,-123.8236,134
45.5833,-121.5833,74
34.5358,-119.7833,203
33.6667,-116.7667,171
39.2933,-109.2372,96
28.2500,-96.7500,203
42.3497,-116.6900,45
33.0353,-96.1639,193
35.9900,-112.1200,73
46.5131,-114.0911,56
44.1692,-114.9258,7
40.0989,-112.4269,56
39.3100,-111.4300,24
46.1569,-123.8825,119
40.4633,-123.5239,105
40.5400,-121.5803,62
42.9486,-78.7369,46
40.4403,-114.8111,89
45.1900,-109.3500,-2
33.2106,-81.5906,149
47.2667,-98.8667,72
44.4800,-110.1600,5
31.7136,-82.3878,179
35.9508,-85.0814,148
37.3053,-122.2550,153
39.6514,-122.7236,112
45.4100,-112.9600,-5
39.3669,-101.7000,87
41.3000,-107.1500,8
44.5000,-107.4300,-23
44.6275,-121.6147,59
39.9400,-105.5900,-1
40.3000,-111.2600,37
37.0547,-121.0531,202
29.5442,-98.4839,184
47.9375,-124.5550,129
31.2142,-84.2364,207
29.6381,-95.2819,206
35.1889,-120.0833,197
35.8889,-118.6333,162
34.6242,-93.8061,159
45.3833,-114.1667,72
20.8733,-157.0064,227
35.7425,-81.3819,99
34.1164,-112.3006,178
42.8783,-100.5500,118
28.8614,-96.9303,178
38.0039,-105.0564,45
37.2331,-119.5047,174
37.0969,-104.9214,73
21.5261,-158.2042,244
41.2544,-80.6739,60
44.6600,-111.0900,21
42.7500,-118.6900,72
47.8667,-115.6250,78
39.4833,-120.0750,73
40.6825,-74.1694,87
39.6728,-75.6008,60
37.9056,-104.0556,119
44.1278,-123.2206,110
42.4075,-122.1914,58
29.9800,-95.3600,199
41.6317,-87.0878,111
36.9681,-82.5597,92
43.5361,-117.8347,39
39.5000,-74.5000,110
38.5500,-119.8000,69
35.2133,-82.5900,79
48.1739,-103.6367,67
43.9578,-124.1197,131
39.0308,-123.0806,146
47.9225,-108.5528,4
45.5908,-122.6003,133
48.8000,-113.8600,7
63.4903,-150.8714,16
33.8000,-109.1500,73
44.9661,-121.4908,49
35.8922,-118.9150,197
29.3167,-103.2000,201
48.1333,-114.7167,40
37.0153,-119.5678,179
36.5819,-113.7319,155
34.3694,-111.0250,98
46.3292,-111.5881,39
44.8831,-93.2289,118
41.6847,-116.7644,67
46.1928,-113.9203,4
34.3978,-110.5644,97
42.0800,-123.3400,103
33.8081,-117.7111,236
34.3717,-118.8408,219
40.6675,-89.6839,133
44.4700,-114.4900,1
45.2969,-106.1614,33
32.1300,-81.2100,174
36.7044,-112.5833,131
43.5878,-96.7289,114
44.7600,-118.3100,51
46.8700,-113.2800,19
34.0500,-94.7372,171
30.2300,-84.6800,217
46.1300,-113.3100,0
30.3664,-87.1375,243
35.0311,-85.2014,157
36.4750,-84.6542,124
35.8400,-84.3308,121
29.9506,-94.0206,180
32.9572,-87.1706,171
26.2283,-97.3483,212
31.6908,-111.4500,177
41.4100,-111.5400,12
38.6667,-112.6508,97
40.5800,-110.5900,-18
33.3597,-109.8331,120
37.3581,-122.1472,167
48.9700,-115.9500,5
37.4094,-119.7681,188
33.4825,-90.9853,193
48.1197,-92.1589,62
48.7200,-120.6600,-1
30.9856,-101.1578,162
44.3981,-98.2231,97
30.1250,-93.2158,176
48.3000,-113.3300,17
39.6375,-120.8653,89
37.5167,-112.5556,77
40.8000,-110.8800,2
41.5300,-120.6714,92
34.2711,-118.1525,211
38.2339,-91.1500,138
41.8706,-103.5931,72
43.5900,-122.0600,62
47.3919,-92.8347,78
34.2083,-112.3333,162
21.9839,-159.3405,257
45.1900,-119.2500,55
34.1208,-117.9458,236
34.3361,-78.7286,162
39.3167,-120.8375,148
45.6900,-113.9700,0
35.3167,-82.2000,99
39.7667,-108.3167,51
41.9111,-119.9389,102
39.3975,-121.3861,174
27.9619,-82.5403,254
32.2997,-86.4075,209
35.6564,-120.9242,171
44.1600,-107.1300,-19
44.8300,-118.1900,45
58.6794,-156.6294,107
43.3900,-110.1300,-24
37.0550,-107.7069,82
40.2708,-105.8328,-8
35.7922,-80.3120,110
41.7219,-71.4325,40
43.6300,-115.4400,19
42.1058,-122.2781,98
33.8417,-109.1222,89
62.1472,-144.9281,-1
35.2247,-114.3747,203
45.7833,-112.9333,29
34.9058,-83.3344,97
33.0758,-116.5908,173
43.3333,-73.0333,19
42.2600,-112.1300,37
40.0786,-107.3786,-4
44.0200,-113.4700,4
62.1592,-145.4589,-32
32.1314,-110.9553,231
37.2269,-107.3047,71
42.6900,-121.4300,65
48.6703,-94.6172,69
29.7000,-94.1167,202
36.8839,-119.4658,220
65.5858,-163.4081,-53
59.5119,-139.6711,52
41.3600,-111.4900,5
42.7000,-120.8000,74
45.5400,-123.3700,82
40.3900,-106.6000,-8
44.5000,-114.9000,63
45.0700,-118.1500,43
31.2803,-93.8386,168
41.3075,-122.7958,116
36.2967,-99.7689,77
37.8400,-111.8800,44
43.9300,-109.8200,10
35.8181,-83.9858,136
30.5661,-98.0389,193
38.8325,-121.0086,171
62.8167,-141.4667,-29
34.7744,-98.7458,157
13.4836,144.7961,308
37.7500,-82.6333,109
38.7383,-122.1447,176
39.0500,-107.8700,-3
37.1806,-91.1181,145
44.4200,-121.8600,62
63.8933,-152.3106,8
36.7269,-120.7658,188
43.1711,-86.2367,87
66.6033,-159.1125,-22
39.9733,-120.9419,79
63.4400,-153.3567,9
32.7039,-109.9139,56
44.4000,-107.0600,-17
38.0394,-122.5700,182
47.1292,-115.8750,31
37.5800,-112.9000,58
39.8644,-122.6097,163
33.8117,-118.1464,230
47.5083,-115.9461,63
37.5050,-77.3203,79
45.1500,-118.2200,42
39.1400,-111.5600,42
37.8339,-122.0669,170
68.0708,-158.7042,-79
43.8933,-85.8506,83
48.9417,-116.7292,9
32.4000,-110.2708,171
42.9500,-111.3600,5
41.5000,-73.9000,63
39.0914,-120.7317,145
47.3778,-94.6150,90
47.9200,-112.7900,30
63.6492,-151.6397,-12
41.8056,-107.1997,74
37.6792,-89.0028,146
46.0697,-114.5500,67
41.9992,-121.7003,77
43.2397,-122.4000,78
34.9225,-84.6594,153
47.1556,-121.6114,80
47.0800,-112.7300,12
46.2500,-84.5833,73
36.4486,-103.1539,106
39.2753,-82.3850,99
42.7000,-75.5000,30
40.0300,-105.5800,-12
43.3500,-73.6167,6
46.0278,-114.0553,1
40.3600,-111.0900,27
38.9119,-122.7064,149
48.6756,-116.3361,70
45.6906,-118.8528,108
45.0572,-101.4767,60
36.5625,-117.4736,94
34.4458,-118.2000,187
37.3300,-105.0700,34
41.5667,-93.2583,86
31.4450,-110.2800,158
36.0719,-115.1633,232
39.0228,-114.2722,62
43.1953,-71.5011,-8
42.0431,-113.1528,47
44.3500,-120.1300,29
38.8333,-78.4000,73
29.6919,-82.2756,214
37.8167,-112.1167,72
37.5014,-91.2594,139
42.0950,-113.8958,51
44.3814,-100.2856,84
45.4569,-123.8031,123
43.4500,-122.1400,46
44.2558,-121.1392,54
42.2547,-118.9792,111
38.2719,-119.2892,83
38.6319,-112.0611,58
46.8814,-119.3242,93
44.4167,-111.3833,15
42.8975,-106.4636,67
37.9917,-122.0550,200
42.7000,-122.1400,70
43.2100,-111.6900,15
45.6375,-116.4686,122
41.5333,-96.0833,93
66.9767,-160.4375,-53
32.4106,-99.6822,132
37.5908,-83.3131,122
37.0664,-119.0394,88
33.2222,-116.4975,193
48.5281,-98.6236,56
30.3167,-89.9333,218
35.3700,-117.5683,196
48.4028,-121.7903,79
42.8286,-116.5886,31
31.2819,-89.2531,203
44.5817,-104.7194,38
33.3622,-81.6836,151
36.6269,-90.8239,150
30.4333,-93.8833,175
44.4625,-120.2944,61
42.2800,-105.5800,20
47.5361,-113.7172,54
44.4500,-119.9300,53
36.5672,-118.9556,172
42.3000,-110.6800,-32
46.9100,-121.4800,25
36.3689,-83.8986,112
34.0456,-118.9358,206
38.3894,-106.5303,16
46.5122,-114.6881,48
45.4581,-109.5714,49
35.4783,-117.6989,183
47.6156,-114.6694,68
35.8842,-118.0517,113
38.9253,-85.3625,112
41.1583,-73.1289,79
35.6236,-83.8083,131
34.1942,-116.9131,139
41.6431,-114.4375,36
37.5514,-118.6672,72
35.0336,-113.8925,128
47.5619,-107.5286,25
41.2708,-107.5819,34
48.3042,-108.7189,20
39.6200,-106.3800,-18
35.8717,-117.9183,179
64.6847,-153.9400,-3
39.8744,-105.5164,7
33.2083,-83.7136,128
33.0164,-116.6339,181
44.7694,-106.9689,53
42.3811,-122.8722,126
32.6850,-116.9736,227
36.3478,-120.5978,159
45.2575,-112.5545,42
37.7617,-90.0000,141
43.9247,-119.5944,33
39.5122,-107.7492,55
41.2433,-76.9217,37
41.7358,-123.7917,94
39.1300,-107.2900,17
39.6269,-106.4517,-12
34.4272,-100.2831,122
46.3167,-113.3000,32
45.8833,-112.1500,49
46.3600,-112.2600,-11
47.0200,-121.4600,35
47.5400,-121.0900,53
44.9500,-111.3600,-5
34.1667,-112.7333,211
46.2222,-112.2292,10
29.8881,-93.4039,188
48.3847,-114.0575,51
48.3556,-113.1139,25
30.5403,-94.3411,176
43.7500,-103.6333,43
33.6183,-110.4200,100
44.5900,-111.1200,9
45.8181,-114.2631,42
38.0281,-122.7022,162
33.9839,-118.0100,232
39.1439,-120.5089,88
48.8719,-106.9456,23
45.5433,-94.0514,78
36.4108,-118.8092,129
39.4678,-109.2836,40
32.7336,-117.1831,236
43.6728,-122.6564,125
40.0181,-105.3614,59
37.5300,-113.0500,58
42.6850,-122.3903,114
39.9914,-82.8808,93
33.7400,-108.9500,90
34.2431,-111.3028,158
39.2900,-117.1100,80
44.1500,-110.2200,-29
34.2211,-117.4044,223
19.9000,-75.1500,271
35.9700,-92.7458,151
45.1700,-113.5000,3
41.4700,-111.5000,-3
37.2100,-105.2000,17
36.0117,-121.2417,187
25.8500,-81.0300,266
40.7333,-123.2333,122
38.8825,-121.2683,177
37.5100,-113.4000,82
45.2406,-121.4530,75
48.9000,-115.0167,72
38.8100,-104.6883,88
46.8500,-114.0500,58
39.6097,-110.2944,7
26.6847,-80.0994,258
43.1167,-77.6767,27
38.2833,-114.7583,86
33.1728,-97.3756,177
47.6200,-119.8983,68
43.9281,-123.8903,123
46.4400,-112.1900,17
40.3500,-106.0900,-13
42.5978,-123.1033,114
42.8597,-118.6706,82
40.5500,-123.1650,104
60.1958,-154.3200,119
48.6333,-115.5833,42
42.7131,-106.3461,6
39.8700,-111.2800,30
31.8111,-106.3758,188
46.8353,-110.7175,-34
39.0717,-120.4217,124
47.6217,-117.5281,96
48.1806,-118.4636,27
33.8333,-84.7400,126
37.2353,-93.4003,162
41.3300,-106.3800,-23
41.7417,-121.5383,94
38.5069,-121.4950,182
55.5297,-131.3661,81
65.9233,-145.0300,-55
34.8994,-120.4486,172
41.3003,-123.1322,113
47.7500,-121.0900,46
33.5406,-109.3169,114
34.2103,-116.6339,166
37.0556,-84.6150,134
40.9100,-110.5000,-15
44.6867,-112.5417,15
43.9014,-117.9858,59
39.4750,-121.2025,149
42.8667,-111.2167,-10
37.3147,-119.0383,87
38.3000,-112.3600,16
43.1000,-90.0000,92
36.2314,-118.8689,207
44.2500,-116.1800,48
41.1600,-106.9300,-1
39.8075,-122.9450,87
31.6753,-110.8800,153
45.0800,-117.5500,52
33.1783,-86.7817,183
44.4503,-121.1300,60
43.3400,-119.8814,68
44.5100,-111.1300,4
35.3811,-120.1875,176
33.6542,-101.8136,118
40.4597,-115.8500,94
36.3825,-120.8558,183
40.5300,-105.8900,-16
34.9417,-111.7517,134
38.0442,-87.5206,127
39.6400,-105.4647,31
45.1144,-67.2819,16
46.5800,-111.2700,14
36.0306,-115.5167,128
32.6678,-109.7881,169
39.3528,-107.0931,17
41.3100,-111.4500,18
40.0017,-120.9150,93
33.9778,-120.0778,192
46.9833,-116.6333,62
46.4006,-94.1272,98
32.8500,-98.5500,181
45.8900,-93.2697,93
38.8200,-106.5900,-5
30.8289,-82.3600,211
45.7125,-115.3375,42
40.1417,-120.3533,101
39.3094,-111.3228,47
33.8100,-110.9200,100
41.1383,-123.9056,128
64.4044,-148.4622,-1
30.3975,-84.3289,231
39.3011,-117.5844,79
46.9733,-122.9033,106
41.0478,-123.6714,141
44.0300,-120.4000,61
30.9172,-81.4294,225
47.0167,-105.8167,28
34.6578,-93.0703,172
40.6517,-111.0519,22
64.0600,-141.9294,-39
40.8892,-123.1422,94
39.3375,-110.6000,97
44.1153,-100.3014,76
46.1400,-90.0000,83
36.6992,-113.2072,139
44.1667,-118.4667,9
43.1406,-89.3453,99
34.7700,-84.5833,163
35.6667,-101.5667,158
62.3200,-150.0950,61
61.3208,-142.5844,-24
38.2900,-104.4983,131
44.6100,-122.2300,76
38.4900,-106.3400,-19
40.3800,-115.5300,63
67.7414,-144.1225,-82
63.7233,-154.0767,9
33.3600,-107.8300,91
66.0933,-152.1700,-37
38.7525,-90.3736,178
44.3769,-68.2608,47
44.5922,-122.4278,123
28.6408,-80.7308,248
45.5325,-93.7503,98
47.4300,-113.7800,44
47.4136,-124.1031,37
39.5031,-117.0814,111
41.8167,-103.7000,74
34.9067,-111.4450,93
44.5933,-119.2778,61
33.7403,-116.8414,231
44.3958,-112.1081,27
44.6100,-116.9800,33
46.5000,-115.8333,56
48.5106,-113.9942,54
45.6100,-121.3300,81
39.3036,-121.1172,168
37.7617,-119.8247,114
45.6453,-114.6278,-8
39.3500,-112.0000,115
44.7000,-113.3500,23
66.9161,-151.5089,-19
45.3333,-110.2167,33
44.6981,-91.1342,103
31.4583,-109.6061,173
37.8431,-118.4778,98
39.4494,-74.5672,37
37.5222,-112.2711,67
36.9111,-119.3050,187
31.9497,-90.3806,201
36.5100,-106.3200,44
45.1100,-119.5000,73
48.8019,-117.6103,48
40.0978,-106.6464,-23
65.1892,-147.5003,14
38.1311,-91.7683,156
45.0553,-105.9483,39
44.3003,-90.8350,98
44.9044,-115.7375,52
34.6203,-89.3142,161
38.0667,-75.2014,161
38.4167,-76.0000,119
36.6128,-76.5542,187
47.7669,-114.2347,56
60.0433,-151.6655,56
35.0400,-84.0600,136
36.6636,-121.6081,159
46.1000,-115.5347,91
47.0600,-112.6000,28
41.6853,-122.5942,119
39.8697,-92.5206,110
41.8017,-118.4508,93
30.8489,-89.0342,224
41.3600,-106.2300,-16
44.2939,-119.0333,63
34.6403,-83.5219,106
38.2297,-108.5583,94
41.6294,-121.2981,91
38.3036,-116.1925,96
44.3489,-123.8853,114
48.6900,-117.1800,13
35.8989,-120.4319,183
42.7600,-116.9000,73
37.4750,-122.2981,164
38.6586,-104.8539,102
62.9575,-155.6103,1
48.9797,-117.6747,17
48.0181,-120.2342,65
40.9900,-111.8200,25
43.2433,-121.3583,68
39.4172,-122.1825,169
37.3292,-121.2939,186
38.7586,-115.4128,107
42.0800,-114.4847,33
41.1117,-122.6967,106
31.2114,-89.9225,207
33.0000,-94.8000,171
45.3686,-122.3311,104
39.0100,-111.5800,45
45.3300,-112.9128,8
19.6828,-155.5453,159
44.7300,-109.9100,-21
34.3903,-118.0825,178
25.6250,-80.5797,267
40.1936,-76.7633,50
41.3103,-95.8992,122
43.5400,-111.2008,3
46.4203,-92.8008,86
43.9806,-71.1406,19
34.8028,-83.7100,94
44.0397,-118.4164,50
34.2622,-88.7714,183
39.9600,-110.9900,30
45.3131,-107.1719,27
30.4844,-81.7019,221
47.1828,-113.4472,40
39.8717,-121.7689,183
33.6300,-84.4417,118
34.7872,-114.5617,192
33.3700,-108.7100,69
26.0839,-98.1369,197
31.5358,-82.5067,186
48.8000,-113.6700,40
37.1994,-108.4892,92
32.7017,-94.9447,178
30.2528,-87.8125,238
38.3319,-107.0889,14
44.6678,-111.1006,14
44.7700,-71.7017,-4
35.2333,-101.7089,109
35.2236,-80.9553,108
40.5819,-119.7900,119
44.2500,-118.5200,33
44.9031,-68.6400,8
34.5853,-112.5019,131
44.7700,-116.2500,14
39.3600,-106.0600,-41
43.1744,-115.1517,67
33.6500,-109.3100,69
37.8892,-121.2258,201
44.8019,-86.0508,62
31.7425,-95.5717,188
42.3978,-90.7036,99
46.8608,-94.7258,91
45.5000,-110.9700,9
38.3894,-120.6511,171
39.8800,-107.6000,4
41.6700,-117.5700,60
40.9706,-85.2064,99
35.0967,-77.1108,173
37.6511,-108.5364,40
40.6800,-110.9500,-8
44.1400,-121.6400,77
37.2500,-77.2500,124
47.9167,-123.1172,85
35.3333,-83.8167,117
35.8167,-81.9372,76
35.0419,-106.6156,160
40.6000,-111.5800,21
64.8039,-147.8761,0
48.7375,-113.4305,33
26.5350,-98.0858,206
25.3903,-80.6803,262
43.1900,-122.1400,75
48.2000,-121.5000,76
40.7219,-123.4953,123
30.1050,-94.9314,197
43.6008,-114.3158,39
35.4319,-82.5375,85
41.3156,-122.3156,102
43.0283,-115.8700,77
44.0494,-121.4003,54
43.8822,-102.2042,59
35.9200,-106.3900,48
33.0736,-116.8458,235
37.0203,-106.2006,36
39.3817,-119.8150,112
39.1667,-76.6833,43
45.5697,-107.4358,52
32.4506,-93.8411,171
42.2897,-123.2303,91
31.2569,-81.6106,209
48.1000,-90.9000,63
31.5061,-99.6594,182
34.0903,-88.8647,166
39.0000,-86.4228,118
25.9708,-80.9000,265
46.9253,-96.8111,87
45.6817,-117.2064,63
34.4978,-85.6292,111
34.1369,-117.7069,210
40.7308,-120.3164,74
38.8483,-77.0342,98
43.9333,-115.9167,39
39.5600,-105.9864,-18
65.0167,-148.5833,7
40.5983,-113.0217,96
44.4983,-88.1111,88
65.0200,-146.2280,14
47.7794,-93.6461,79
40.8500,-106.9700,9
47.5000,-112.9000,26
46.2733,-117.4950,66
48.9100,-114.7700,44
39.2972,-94.7306,127
31.7611,-109.3486,173
39.4250,-122.9772,106
34.6439,-86.7861,168
38.6833,-119.7667,112
34.4600,-111.4100,111
42.0500,-111.6000,1
33.9800,-109.5000,63
30.7358,-99.1861,188
47.4500,-112.8100,25
61.7161,-162.6650,34
40.7400,-110.6200,-24
47.2697,-114.9161,49
31.9250,-104.8253,111
39.8447,-89.6839,131
37.8650,-122.2208,169
34.1250,-118.4122,233
38.3083,-113.3847,106
47.0411,-113.9792,-27
39.8900,-110.7500,22
40.0222,-120.1056,115
46.3075,-122.9047,89
19.7192,-155.0531,279
32.0000,-109.3500,154
48.3042,-114.2636,63
38.4350,-96.5608,125
40.6100,-111.1000,25
42.3914,-96.3792,91
21.6792,-157.9894,239
30.7500,-94.4000,181
42.8939,-85.5447,82
38.9875,-123.3486,141
44.9436,-116.1878,32
48.2138,-106.6213,58
36.0175,-76.8917,154
46.2536,-86.7142,80
45.1500,-89.1500,88
32.1500,-94.8000,178
32.2056,-110.5481,103
44.3000,-109.2400,3
34.2069,-117.7606,218
48.6333,-102.4000,33
39.8000,-105.7800,-30
19.7717,-155.7022,183
35.3817,-86.7658,138
19.3175,-155.2922,221
44.2600,-106.9800,4
36.2858,-112.0794,61
45.1139,-118.4039,67
46.8369,-92.2097,67
46.8800,-113.3200,49
66.8125,-141.6200,-83
35.3667,-79.8667,123
40.1178,-111.2747,47
41.0750,-122.3733,121
39.6339,-109.2658,71
38.7533,-108.5797,53
34.7325,-118.3833,191
40.5981,-121.0831,53
36.2047,-112.0622,87
44.3256,-117.1678,88
43.4258,-103.7589,39
45.0733,-107.8886,-19
30.1831,-97.6800,163
45.5100,-121.9031,85
38.1811,-85.7392,133
34.2936,-118.3608,217
41.6431,-121.7939,102
37.5042,-119.9869,179
41.1500,-111.9167,83
44.3325,-123.7164,107
43.8000,-114.8500,4
36.9306,-112.1997,116
44.2333,-121.9833,72
45.6200,-121.7000,55
38.4594,-109.0469,53
36.8422,-121.3622,179
63.3900,-158.8167,-12
38.0408,-84.6058,129
34.1158,-113.3472,219
35.9178,-84.9972,119
45.3028,-93.1011,100
36.7000,-105.3400,32
36.0000,-106.8300,66
34.5328,-77.7219,194
34.5964,-112.0481,138
42.9600,-121.1800,84
40.6000,-110.4300,-11
43.5233,-121.8133,85
43.1006,-118.4981,80
41.8300,-115.4500,24
45.4586,-121.4464,62
44.4683,-73.1500,1
41.1500,-106.9700,-14
44.7978,-68.8186,3
30.1742,-97.2564,194
40.8606,-109.1022,68
47.9428,-97.1839,63
42.8700,-109.0900,-33
46.7900,-109.5100,5
41.2944,-120.8639,96
36.0167,-102.5500,128
64.7761,-141.1619,3
32.7397,-114.8839,254
43.5608,-103.4914,59
21.2033,-156.9661,256
43.2900,-102.2711,51
41.4653,-90.5233,109
37.3900,-118.5506,134
38.7692,-84.6019,113
47.9853,-98.9075,64
44.2525,-123.4639,108
45.0100,-110.0100,15
31.9000,-92.7672,181
65.4236,-148.7217,-27
42.0181,-116.2128,47
44.7219,-122.0031,60
29.9933,-90.2511,226
41.4864,-79.1025,67
25.7906,-80.3164,260
35.8683,-94.2969,143
36.7800,-119.7194,221
44.6800,-107.5800,-22
32.8978,-97.0189,197
37.2506,-114.7075,181
46.4000,-91.5000,85
32.0000,-102.0000,177
34.0836,-117.0347,283
43.6600,-109.0100,-10
40.9258,-121.5856,98
29.1417,-95.2917,188
37.9478,-104.8692,100
46.9800,-115.0300,15
42.4544,-123.6150,103
47.9461,-91.4947,61
34.0608,-114.7322,224
44.8142,-117.7289,69
39.1814,-105.2672,53
43.2300,-121.8100,51
45.2117,-123.7719,111
43.6197,-114.8989,36
34.6300,-84.0975,110
34.7331,-120.0067,214
39.7569,-114.1658,73
30.4500,-95.4000,199
36.4731,-82.4044,101
32.0097,-82.9000,167
55.3503,-132.6983,51
39.9369,-91.1919,123
45.0275,-121.9211,63
38.5100,-119.6300,62
37.9033,-111.6914,82
46.3500,-123.1000,93
43.8000,-73.7000,22
42.4947,-123.3972,97
44.8464,-114.0264,30
33.2372,-117.0086,221
36.4500,-112.2400,47
34.1847,-118.7172,228
40.7864,-122.8045,104
70.1333,-143.6333,-52
31.1850,-92.6314,185
36.2356,-121.7850,189
36.0333,-120.0569,212
34.3317,-118.0303,178
43.7600,-115.2400,24
45.1000,-121.7500,41
40.7781,-111.9694,132
36.7278,-111.8219,111
45.3786,-115.1872,23
43.9300,-121.3300,69
48.5750,-116.9636,31
45.9917,-121.0833,76
40.2506,-123.3158,99
38.3794,-81.5900,131
43.9000,-122.0300,96
42.4250,-103.7358,54
47.6303,-91.4083,53
41.5386,-116.2175,71
39.8683,-75.2311,90
44.0911,-115.8806,48
32.9083,-114.4944,259
39.8333,-123.0833,127
29.6617,-96.2597,201
37.0683,-88.7719,139
39.7075,-86.2803,128
48.1578,-124.3150,71
24.5550,-81.7522,270
37.3761,-119.1783,79
40.3008,-112.7764,77
46.7800,-110.6200,-16
35.3331,-94.3625,178
36.8425,-118.2594,137
39.1400,-120.2200,72
44.3850,-115.5500,22
39.9833,-117.3167,107
44.4856,-109.8964,9
34.6619,-80.2742,131
35.5208,-84.7931,137
42.1997,-75.9850,28
47.7333,-120.5333,58
37.4361,-88.6672,143
46.2403,-85.9428,84
60.7278,-150.8722,69
43.5097,-119.2925,37
42.7100,-118.6300,62
37.5625,-122.4364,159
40.8203,-82.5178,71
45.5300,-123.3000,96
40.2800,-115.5300,63
33.0097,-83.7397,135
37.4431,-121.7706,167
35.6647,-118.0569,148
37.5264,-109.8936,70
38.5908,-120.9336,181
39.8333,-116.4917,78
30.4528,-88.6617,227
36.9900,-105.2600,20
39.3814,-116.1750,82
45.3192,-116.8675,39
42.5700,-106.0900,3
19.8211,-155.3306,134
41.7861,-122.0056,99
32.8336,-116.7392,209
19.6669,-155.7078,164
38.9200,-119.9200,58
44.3750,-114.5667,17
47.4536,-121.6658,105
41.7800,-116.0300,52
36.2300,-121.4917,198
47.2400,-95.1900,90
45.2700,-110.2500,19
34.7500,-113.3000,159
34.4311,-118.6828,207
34.7586,-120.4861,187
59.6419,-151.4908,94
33.0867,-109.9506,193
41.7072,-86.3164,106
45.9167,-122.1667,102
44.2844,-122.8494,127
47.4733,-111.3822,72
44.0300,-121.5683,45
38.8417,-107.7361,77
42.7778,-123.7294,106
45.3500,-111.7344,49
41.1214,-100.6694,94
34.1233,-116.4078,189
41.1519,-104.8061,74
41.9950,-87.9336,116
37.7608,-99.9683,79
39.7683,-93.4850,111
39.4500,-120.2900,87
36.5072,-113.8161,182
39.5514,-97.6508,94
42.8944,-111.8406,20
40.4000,-105.8500,1
35.6197,-83.2069,103
40.6306,-120.5028,74
30.1333,-84.1333,220
47.4444,-122.3139,122
46.2700,-113.1600,-8
39.6681,-123.3211,127
43.8000,-121.9500,35
40.8100,-105.7700,-21
32.7214,-116.4631,172
46.2700,-121.9600,64
42.4400,-122.2300,77
21.5428,-158.1989,207
43.1111,-76.1039,20
35.1550,-88.3217,151
36.2275,-81.2975,73
44.2297,-115.2469,-7
48.5200,-120.7400,33
36.1189,-86.6892,157
37.9406,-75.4631,91
38.5100,-112.0200,37
65.4000,-164.6500,-38
38.3406,-75.5103,44
45.4000,-110.9600,-9
57.8000,-135.1333,41
39.2636,-118.9433,133
39.8811,-110.2658,63
45.3600,-118.4700,54
43.8397,-110.3708,7
30.6153,-89.4133,222
45.0600,-109.9400,-15
43.8000,-113.8333,-27
39.3794,-105.3394,44
20.5436,-156.6408,246
41.7400,-115.4700,62
47.0708,-114.4022,62
44.6600,-118.4300,40
36.7944,-113.7567,108
38.3139,-105.4844,43
46.0378,-114.2625,43
29.2667,-103.3000,170
31.1097,-83.4269,187
45.3556,-113.8933,57
42.3200,-120.8300,80
45.3547,-117.7044,38
38.3483,-93.7747,140
42.1000,-77.1000,49
33.5286,-117.2306,222
42.5475,-119.6564,111
35.1397,-79.0644,138
43.6389,-123.3258,114
36.7242,-118.9425,114
46.9833,-116.9833,81
43.7000,-109.6700,-9
37.0544,-119.3711,169
42.7200,-123.2000,112
63.8375,-144.3503,0
33.5656,-86.7450,166
41.9675,-105.5194,24
40.3667,-105.5500,34
21.5286,-158.2261,260
42.5544,-92.4011,93
45.2500,-121.7400,58
28.4339,-81.3250,231
35.3889,-97.6006,142
39.0500,-111.4700,43
36.2667,-115.6000,113
42.6314,-121.5597,73
43.6300,-107.1800,10
46.5344,-110.8853,26
48.4417,-93.0500,64
41.4600,-106.2800,-20
30.2625,-98.6289,186
39.6800,-111.3200,30
44.6761,-84.1283,59
44.3592,-84.6739,49
40.0686,-121.5825,110
38.2544,-106.5678,-17
46.8706,-68.0172,-24
46.4794,-84.3572,59
36.6833,-75.9333,182
42.2322,-120.2456,91
37.5222,-80.0797,81
19.2833,166.6500,301
35.8456,-113.0550,126
38.5731,-108.2778,71
42.9900,-113.1600,43
47.2442,-108.3575,39
22.1306,-159.7153,227
46.2689,-89.1700,79
48.5394,-114.5594,55
44.4400,-121.9500,76
29.1050,-81.6300,225
41.8386,-122.8500,105
67.9333,-162.3000,-68
41.8975,-100.3108,103
46.8489,-95.8464,94
44.0444,-120.6661,76
32.3847,-94.7117,168
35.1303,-85.4278,116
66.2167,-155.6667,-20
46.6056,-111.9636,103
41.0547,-120.3375,85
41.9000,-111.6300,3
45.4600,-121.7000,49
41.9200,-119.4950,93
43.4675,-122.2175,128
42.1233,-124.3006,118
28.8461,-96.9217,208
43.9481,-114.7561,4
44.5042,-114.2228,52
43.9792,-103.4250,55
37.6197,-122.3647,168
48.2550,-109.7836,16
38.9792,-112.2394,86
45.1569,-109.3606,4
57.7511,-152.4856,92
65.9383,-149.8550,-39
39.9389,-122.1697,166
47.7981,-107.0233,33
33.9481,-83.3275,104
43.6497,-70.3003,10
33.9486,-81.1186,130
34.6819,-119.3539,164
43.0078,-73.6511,34
55.2208,-162.7325,70
45.0708,-119.4900,69
45.2700,-118.8500,58
40.7400,-109.6700,-2
33.3644,-81.9633,127
48.9100,-114.8600,16
41.8586,-123.3525,100
46.3747,-117.0156,112
40.8900,-115.2000,50
42.1894,-120.8464,85
32.9375,-110.4961,186
43.8900,-107.0600,3
40.2692,-110.5622,61
47.3500,-120.6800,48
43.3472,-70.5475,52
21.4950,-158.0819,231
41.4558,-117.6333,94
31.8944,-104.7978,174
44.5167,-117.2833,73
34.1333,-100.4167,156
33.3739,-94.0456,166
38.4883,-120.3250,142
40.8072,-121.2967,92
43.9300,-115.6700,25
32.3500,-85.0000,179
34.6831,-78.5817,163
42.4153,-105.3611,26
45.4300,-121.8600,75
44.1111,-122.5750,102
33.4964,-90.0867,208
37.2486,-89.3783,142
45.4558,-98.4131,92
36.0661,-88.1686,151
30.2000,-82.4000,217
29.3731,-83.0344,219
41.5886,-83.8014,87
36.7200,-106.2600,23
39.9336,-110.8617,37
40.5583,-116.7583,118
31.7806,-110.6347,158
36.0969,-79.9433,108
46.3117,-105.0222,35
35.7217,-118.4989,165
34.0600,-109.4500,83
33.6472,-117.4111,232
48.5000,-95.8700,84
41.9750,-70.0253,81
37.2028,-121.9428,170
45.1500,-113.9333,60
33.3933,-116.7950,194
45.2700,-117.6900,20
47.9742,-117.4283,88
45.8069,-108.5422,76
34.8461,-82.3461,97
36.2572,-83.2772,116
34.7833,-76.8667,190
36.2606,-76.1750,152
44.2600,-119.0200,51
38.0700,-119.2300,63
34.8083,-119.0125,118
40.1600,-111.2100,43
39.4600,-108.8800,54
36.7000,-112.2300,72
31.3950,-95.1361,186
40.6172,-109.2428,27
47.2300,-120.2900,24
43.7639,-121.7167,87
40.7817,-120.7844,78
40.5158,-122.2906,155
62.9453,-145.5014,-31
44.1500,-111.0467,9
42.6000,-116.5600,52
31.4106,-90.8467,201
41.2897,-123.8575,143
39.2603,-108.4072,67
47.3700,-121.4400,52
40.5175,-122.2986,188
37.3006,-108.4133,74
38.0631,-120.2469,145
32.6058,-116.6089,182
47.9425,-94.4550,82
32.6847,-83.6528,146
42.0500,-122.8500,80
47.3108,-115.1097,57
64.8367,-147.6150,-12
46.5600,-111.2900,-9
48.2000,-120.9200,15
38.5428,-107.6869,36
40.1867,-123.5903,132
37.5531,-121.8439,171
48.7431,-119.6222,6
40.3517,-106.2153,-25
40.5350,-106.7808,7
45.3375,-108.4908,1
34.0028,-77.9581,182
37.7450,-118.9833,63
34.1953,-112.1417,192
28.1228,-96.8022,217
47.3078,-119.5153,99
60.4839,-150.4606,64
30.4119,-89.0808,222
47.2800,-120.4900,39
34.6953,-85.1736,116
42.3161,-114.3031,66
40.5086,-108.9106,77
29.1828,-81.0483,249
66.2667,-146.5167,-41
34.3617,-118.4217,201
48.1269,-105.0731,37
45.7289,-108.3967,60
29.2733,-94.8592,201
42.8153,-108.7261,99
32.5000,-99.6167,164
40.5931,-114.2028,81
33.3503,-110.6519,182
36.1542,-113.5417,65
44.6100,-111.1500,21
42.3653,-112.7056,31
35.0564,-89.9864,179
38.4786,-122.7119,157
39.1836,-120.8847,157
35.6111,-93.3333,136
61.5183,-149.9078,30
32.2211,-95.7661,194
48.4400,-120.9200,43
32.8819,-109.3092,157
37.3711,-118.3581,127
34.0583,-118.6333,233
41.2950,-120.3133,85
44.1678,-111.7792,22
44.7900,-111.7100,3
40.2950,-122.8667,109
43.9064,-123.3794,109
46.4100,-113.4300,13
36.6036,-83.6961,125
31.9100,-111.8975,229
40.2461,-120.6422,93
48.6172,-120.1075,21
38.8619,-122.4172,149
39.1342,-108.5400,100
40.1731,-115.4855,88
38.9056,-120.6972,144
42.4722,-119.1783,78
45.9444,-121.9864,89
39.7736,-94.9233,90
41.4917,-119.1167,95
29.6692,-94.4383,196
58.3567,-134.5639,22
37.8331,-120.5000,190
38.8169,-92.2183,153
40.9167,-122.4383,132
40.4847,-80.2144,83
40.7833,-91.1253,120
45.9514,-94.3444,97
34.3789,-117.6919,142
37.0711,-93.8972,144
61.6467,-156.4333,24
42.3458,-107.5528,20
43.4250,-120.8417,62
41.2694,-123.1875,86
40.8847,-109.4122,37
37.5019,-121.7355,163
34.0483,-78.2903,169
32.9903,-116.0669,289
61.5319,-144.4397,-24
20.5222,-156.5658,248
42.5522,-124.0578,119
42.4839,-100.5231,87
44.9406,-122.4003,116
40.9167,-81.4333,72
46.1100,-110.4700,14
42.8589,-123.3783,110
65.3458,-155.9361,-37
40.6386,-73.7622,91
32.3911,-82.0372,167
44.3231,-119.7669,73
47.9900,-120.5700,53
30.3361,-81.5147,243
39.1300,-111.4400,29
40.2569,-124.2661,114
38.3650,-82.5550,134
64.1050,-155.5583,-12
37.7836,-81.1231,97
36.4450,-118.7033,157
38.9361,-119.6519,119
37.9442,-122.1178,174
56.9739,-133.6600,38
41.4272,-121.4639,86
42.4400,-105.8600,7
39.0431,-84.6717,148
31.3711,-100.4922,119
45.7300,-114.4800,22
39.2500,-119.8800,110
40.3983,-122.8333,142
44.1917,-103.5097,33
42.9372,-122.4353,118
34.5686,-118.7403,203
31.0522,-98.5003,192
44.9050,-123.0011,109
46.7800,-121.7500,62
41.3336,-75.7269,42
37.8325,-81.0678,72
38.7817,-122.9169,169
35.1428,-93.8950,163
44.5700,-107.3000,-6
35.7706,-115.9092,168
44.4667,-105.8461,42
46.0228,-123.2711,98
44.7200,-107.4000,-16
36.1753,-118.7017,182
47.2900,-120.3700,34
36.7764,-88.0631,146
44.9500,-116.1400,22
37.2000,-112.0250,116
47.5867,-108.8694,42
33.4278,-112.0039,278
35.1400,-112.1500,96
60.5917,-150.3167,67
47.9200,-112.8200,14
34.1789,-110.2736,131
47.9117,-89.1547,72
66.8333,-154.3333,-41
21.1150,-156.9475,201
62.1333,-142.0833,-37
48.9167,-115.6567,42
46.7511,-109.0233,14
38.7333,-120.2450,98
31.5242,-88.8889,216
20.8997,-156.4286,278
33.5550,-116.6730,168
41.7533,-111.2806,28
66.0914,-143.3672,-49
35.8103,-110.2069,109
40.8508,-96.7475,122
47.8139,-109.0167,43
43.5556,-118.4042,64
36.7939,-112.0422,123
35.4344,-119.0542,223
48.7825,-114.2803,43
36.1353,-115.4272,160
40.8900,-111.0700,21
34.5431,-119.1842,144
35.8922,-78.7819,113
45.0375,-120.5306,72
48.5614,-93.3981,6
33.4833,-119.0333,201
34.0178,-116.1878,169
47.7897,-112.9394,25
45.9167,-119.5667,84
36.9431,-92.6500,141
64.4256,-158.1058,-4
35.1792,-120.3919,198
43.8333,-118.9500,12
42.5769,-121.8936,67
41.9381,-72.6825,28
35.5206,-76.9314,163
37.1697,-113.9497,176
44.9667,-113.2167,26
41.7750,-122.9503,95
41.8700,-115.2500,32
39.2444,-119.8808,106
30.2364,-95.4828,202
37.3169,-79.9742,104
47.1083,-116.2278,32
45.0997,-116.7369,74
35.1231,-115.4114,165
46.8100,-121.3300,40
34.8117,-83.1250,100
30.3106,-95.0867,187
40.9528,-110.4806,-14
45.4511,-111.2189,34
61.0008,-153.8958,104
42.7431,-73.8092,22
40.5050,-123.3417,103
21.4806,-158.1553,247
39.0800,-106.6100,-37
35.3789,-80.9925,108
43.2261,-113.5744,37
47.8833,-91.8667,66
37.8172,-121.7789,176
47.8678,-112.6681,43
35.7825,-113.7942,168
42.9550,-87.9044,88
62.7097,-150.5397,61
42.5478,-113.2594,52
45.1672,-111.3508,-39
41.7600,-115.6900,57
47.4500,-114.8667,81
48.1156,-120.1031,54
32.3167,-110.8133,211
46.7708,-100.7603,74
34.4250,-118.5250,209
35.6147,-113.7939,134
44.8503,-109.6114,23
31.3131,-94.8261,182
33.7411,-95.9219,183
42.1928,-89.0931,98
35.9667,-79.0917,118
45.0200,-111.8500,-22
43.9500,-119.5400,37
42.8264,-118.9361,65
35.1667,-83.4031,114
41.8833,-91.7167,98
44.2100,-118.6400,23
38.1750,-83.4083,103
32.3206,-90.0778,203
44.9083,-117.3750,60
37.9906,-122.6447,171
46.7769,-104.5797,44
40.7900,-111.1200,29
26.0719,-80.1536,264
41.5500,-116.0100,68
35.7564,-82.0439,89
44.8475,-116.4267,78
43.6806,-122.3019,117
26.2483,-81.2967,250
36.4708,-121.1472,183
41.3322,-120.4725,97
42.9667,-83.7494,88
34.5958,-118.5786,205
44.9600,-111.2900,-19
38.9408,-77.4636,46
37.1822,-120.7939,177
42.2056,-121.1389,72
36.3856,-79.2919,103
48.1300,-115.6200,36
48.1300,-113.0200,3
20.6842,-156.1519,189
38.9300,-120.0500,81
41.4131,-81.8600,88
44.9258,-121.1944,71
43.0497,-111.3794,-3
43.8700,-114.7100,-3
37.7978,-106.7792,1
48.3894,-93.5642,67
42.9203,-112.5711,100
42.6261,-117.3950,82
42.3606,-71.0106,69
33.9200,-109.4600,59
40.7794,-73.8803,113
42.0667,-123.0167,113
33.3075,-104.5083,126
27.6531,-80.2428,259
19.4736,-155.3589,176
42.9533,-121.5819,50
42.0694,-115.7861,58
38.8000,-111.6800,59
32.8167,-97.3500,184
40.7981,-105.5722,16
42.9736,-119.2461,41
40.1519,-122.2536,180
37.9500,-121.8844,179
26.5547,-99.1356,202
46.7186,-112.0017,36
45.5842,-109.8517,17
42.9764,-121.4219,94
38.3000,-112.4400,31
39.1300,-114.9600,54
48.5428,-109.7633,54
46.5683,-120.5428,110
21.6883,-157.9525,259
33.9958,-119.7222,178
35.0836,-83.2178,87
41.3300,-106.5000,11
40.4808,-120.1139,93
41.4789,-122.4539,115
41.2769,-121.9794,80
38.5653,-119.4592,132
42.4100,-122.2700,66
36.3900,-113.1522,89
39.4300,-120.3100,65
32.9200,-108.1500,100
48.6600,-119.8400,24
44.4183,-123.3253,90
65.5847,-144.3636,-51
44.7853,-107.5347,-23
36.3886,-121.5517,185
41.5178,-115.3928,58
42.1300,-120.8400,83
44.9711,-118.9297,58
37.1317,-122.1700,169
43.9042,-92.4917,88
29.9075,-96.8600,197
42.2314,-83.3308,91
42.0800,-80.1825,67
31.7842,-81.4386,194
64.5111,-165.4400,1
30.6794,-88.2397,207
44.5264,-118.3231,38
42.1039,-123.6853,101
43.5950,-118.9564,28
34.4614,-119.6481,226
39.4839,-119.7711,169
48.6033,-112.3753,71
39.3858,-82.9850,101
38.1917,-108.2167,50
32.8519,-96.8556,207
59.7458,-151.2083,100
37.8547,-109.8389,53
32.8986,-80.0403,157
64.2381,-145.2669,8
42.2167,-124.0333,102
40.5017,-119.1217,116
62.9572,-143.3467,-37
48.0600,-116.2300,34
48.5353,-118.6889,25
66.5906,-144.3411,-44
43.5833,-117.2333,76
37.7689,-83.6333,113
43.8789,-91.2528,127
46.9208,-114.0925,41
43.3181,-101.1444,61
39.1600,-119.9000,69
39.0189,-122.4119,161
37.6417,-112.1722,48
35.9717,-118.5450,108
33.6472,-85.6344,126
37.5922,-83.3178,116
37.5586,-113.7172,109
44.5431,-72.5294,13
46.6200,-121.3900,26
48.1700,-109.6500,11
40.3067,-120.9000,88
36.3472,-113.1989,112
45.3222,-120.9250,82
40.3383,-123.0650,94
37.3208,-79.2067,100
38.4400,-119.3700,60
31.1100,-82.2600,198
45.9647,-112.5006,29
36.9911,-121.7978,160
44.9250,-123.4694,105
57.1553,-170.2222,68
31.5022,-92.4617,186
36.2667,-93.1567,137
41.5339,-93.6531,113
48.3100,-114.8400,37
46.7994,-102.7972,56
42.7239,-102.9714,51
45.0717,-83.5644,39
39.1258,-123.0736,136
45.3200,-121.7200,65
41.4100,-111.8300,46
39.7986,-112.2722,71
36.5411,-86.0028,137
31.9433,-102.1889,139
34.6847,-117.8208,178
37.9214,-114.1597,96
60.7275,-149.2870,89
40.7939,-73.1017,46
42.6906,-115.1953,96
33.6189,-95.1667,182
67.1386,-159.0436,-26
65.2833,-143.0667,-26
44.4300,-120.3300,56
39.7022,-123.4850,123
45.7000,-118.1100,55
36.1994,-95.8872,157
39.3500,-113.3847,113
38.7708,-111.8625,84
