36.3200,-115.7000,263
36.7200,-106.2600,226
43.8000,-114.8500,360
43.7600,-116.1000,67
35.7700,-105.7800,310
36.5100,-106.3200,12
40.3000,-111.2600,275
43.7600,-115.2400,93
39.1900,-120.2600,270
39.3600,-106.0600,354
36.2500,-115.6300,201
39.2900,-117.1100,171
36.8600,-106.2300,19
46.2400,-117.3900,134
44.2100,-110.6700,264
44.7900,-116.0900,185
38.4000,-119.5400,192
35.9200,-106.3900,268
48.7200,-116.4600,46
41.4000,-107.2600,161
36.1900,-105.5600,59
40.8300,-111.7600,92
36.0300,-106.8100,40
36.0700,-105.6300,232
36.9600,-106.6600,165
35.3400,-111.6500,240
36.7900,-105.2400,358
39.4300,-120.3100,247
36.0000,-106.8300,287
40.5300,-106.7800,35
36.3100,-115.6800,171
39.8000,-106.0300,75
36.9900,-105.2600,284
44.3800,-116.3400,209
39.3100,-111.4300,299
35.7800,-105.5400,240
