38.5200,-89.8467,289
31.4269,-94.8942,250
31.3706,-100.4942,311
44.6342,-123.1900,261
39.3669,-101.7000,289
40.4750,-86.9919,300
33.2422,-103.3611,294
32.8986,-80.0403,283
43.2828,-123.3536,233
40.0739,-87.5067,283
40.4719,-74.4364,367
41.6661,-111.8914,228
36.0908,-106.0567,233
41.8161,-80.4250,239
63.9033,-152.2817,89
35.3736,-83.7006,200
34.6892,-86.8819,272
39.4708,-87.4081,306
36.0147,-85.1314,239
32.4714,-87.2314,289
63.9647,-145.1050,100
39.3925,-101.0689,256
40.9361,-90.7197,261
40.2539,-85.1483,361
34.4744,-91.4172,339
