43.8544,-116.4664,228
40.1100,-87.9567,200
41.1453,-85.4897,139
47.0575,-109.9514,144
33.2564,-81.2422,217
34.1944,-79.2472,278
41.8161,-80.4250,194
40.4750,-86.9919,156
32.7547,-104.3836,156
34.2183,-81.0731,239
42.7831,-71.4147,189
37.1317,-86.1481,228
37.8194,-85.3847,250
42.1397,-87.7853,150
28.4575,-97.7061,294
64.1539,-145.8894,44
44.4933,-68.4583,128
40.4719,-74.4364,172
62.1925,-150.5033,72
37.0683,-88.7725,200
46.8706,-68.0172,111
38.4558,-86.6983,217
40.2233,-86.1086,228
44.9847,-93.1772,128
34.4719,-81.8839,222
35.6214,-88.8456,250
32.3500,-94.6500,256
37.9311,-98.0297,183
40.0739,-87.5067,194
39.4833,-83.8500,256
42.2947,-83.7108,167
34.7289,-80.0389,250
37.1244,-87.8672,122
38.4661,-101.7758,178
39.4708,-87.4081,183
27.7792,-97.5056,261
38.7003,-82.4736,244
39.4700,-80.8572,244
38.7386,-87.4878,211
28.7156,-97.1742,250
41.0267,-86.5867,172
34.1419,-80.8700,222
35.6042,-91.2744,211
45.0853,-67.1203,122
38.5200,-89.8467,172
34.6603,-82.8236,283
38.8894,-86.5519,200
64.9156,-148.2711,28
42.3806,-96.9575,161
32.2822,-106.7597,300
41.4439,-86.9294,178
40.7928,-87.7556,167
47.6811,-117.6267,128
33.7775,-81.8467,250
40.9361,-90.7197,189
36.1306,-80.5481,228
32.5133,-92.3486,239
44.8831,-85.6753,156
40.2539,-85.1483,228
32.9206,-86.6708,256
46.3414,-86.9242,106
38.3139,-81.7186,222
36.7578,-90.4056,200
28.8608,-97.0181,267
40.8142,-85.1547,167
37.9931,-100.8122,167
37.1167,-84.6167,183
44.5208,-101.6192,111
20.7583,-156.3211,267
