32.5667,-117.1167,250
40.2342,-85.3936,280
30.0494,-90.0289,50
43.9906,-70.9475,260
45.6194,-121.1661,320
35.2333,-101.7089,140
34.2622,-88.7714,50
32.3367,-90.2214,60
32.6500,-114.6167,150
37.1431,-107.7597,220
37.4389,-105.8614,170
30.0481,-102.2131,70
34.2675,-77.8997,200
45.2486,-122.7686,180
46.7708,-100.7603,90
34.2008,-119.2069,270
35.2372,-120.6414,320
28.8208,-81.8097,80
43.0661,-108.4767,10
60.7850,-161.8292,230
64.7767,-141.1483,50
41.6117,-90.5808,300
37.2253,-89.5706,300
38.8169,-92.2183,310
27.4981,-80.3767,110
40.4122,-86.9369,270
38.9286,-90.4281,300
34.8822,-95.7831,20
35.0169,-80.6206,240
38.3000,-76.4167,320
36.2117,-115.1958,220
41.3461,-82.1794,260
40.9781,-124.1086,300
46.7994,-102.7972,100
37.7461,-97.2211,150
41.7806,-122.4717,330
33.0375,-116.9158,260
42.8153,-108.7261,200
32.5722,-116.9794,260
36.0097,-94.1694,90
42.5950,-87.9381,250
39.6014,-116.0056,170
47.2856,-68.3133,330
34.1750,-91.9347,70
43.0206,-102.5183,180
39.7333,-77.4333,210
44.4683,-73.1500,280
41.8833,-91.7167,310
39.8233,-93.5792,300
43.5164,-112.0672,180
36.0394,-95.9844,60
29.7333,-85.0333,200
34.4258,-119.8425,140
43.9922,-76.0217,260
41.6764,-70.9583,230
44.1278,-123.2206,250
42.2333,-83.5333,270
31.3214,-85.4497,340
38.3794,-81.5900,270
46.9208,-114.0925,110
36.7414,-104.5022,190
41.2531,-70.0608,240
44.2558,-121.1392,290
41.5272,-85.7922,270
31.3558,-85.7511,340
44.3592,-89.8369,310
37.3278,-95.5042,150
41.6264,-80.2150,250
60.1283,-149.4167,20
43.9658,-107.9508,330
42.2667,-84.4667,260
35.1442,-111.6664,210
61.2169,-149.8550,270
40.0397,-88.2778,270
64.5500,-149.0717,50
26.2500,-80.1083,100
36.9839,-77.0075,230
48.4608,-119.5167,10
40.0681,-118.5692,280
21.4500,-157.7833,70
38.8761,-98.8092,160
30.0675,-95.5561,70
44.3394,-105.5419,160
32.7800,-79.9319,180
41.0089,-74.7367,230
34.0511,-118.2353,140
37.9272,-100.7247,190
39.3792,-74.4242,290
26.5361,-81.7550,80
39.8447,-89.6839,280
37.2839,-98.5528,170
39.5703,-104.8489,170
64.3267,-158.7417,240
40.4847,-80.2144,280
30.5892,-96.3647,70
44.7694,-106.9689,20
44.0511,-101.6011,180
40.7789,-73.9692,240
44.5344,-72.6144,300
35.3889,-97.6006,110
35.4344,-119.0542,320
33.9786,-98.4928,80
39.0725,-95.6261,130
36.3189,-119.6289,320
40.6825,-74.1694,320
40.0803,-95.5919,150
27.7839,-97.5108,20
41.9097,-70.7294,220
46.7439,-117.1086,120
42.9486,-78.7369,250
37.9917,-122.0550,300
42.6958,-73.1708,260
29.3389,-98.4719,50
42.6425,-77.0564,260
42.7431,-73.8092,310
42.0647,-104.1528,160
28.4339,-81.3250,160
44.3814,-100.2856,160
41.1519,-104.8061,190
44.3853,-74.2067,240
33.6267,-116.1594,340
37.6542,-122.1150,220
40.4422,-109.5144,200
34.0500,-94.4008,110
41.6686,-70.2800,240
38.3650,-82.5550,250
33.6228,-111.9106,160
41.1583,-73.1289,350
33.6361,-91.7556,50
59.7494,-154.9089,250
39.4519,-87.3089,270
36.7800,-119.7194,300
37.0911,-95.5664,50
30.0375,-91.8839,70
42.9550,-87.9044,300
42.1469,-121.7242,310
32.3542,-95.4025,50
39.9369,-91.1919,300
41.4525,-87.0058,260
37.7214,-122.2208,280
42.9667,-83.7494,270
37.2833,-102.6139,190
45.7728,-122.8611,140
40.8764,-74.2831,290
34.6517,-112.4208,170
36.0969,-79.9433,240
33.8117,-78.7239,220
33.1783,-86.7817,330
37.5050,-77.3203,230
45.0717,-83.5644,240
45.6689,-96.9914,340
38.9408,-77.4636,310
42.8939,-85.5447,250
42.5519,-71.7558,300
32.5428,-93.7450,60
41.2639,-72.8872,350
34.2006,-118.3575,190
58.6794,-156.6294,180
62.3200,-150.0950,40
47.5303,-122.3008,150
38.5050,-107.8975,180
45.4558,-98.4131,110
45.5511,-122.4089,210
42.1094,-77.9919,280
41.6328,-91.5431,270
33.2119,-87.6161,360
46.9253,-96.8111,70
46.1569,-123.8825,260
34.9869,-81.0575,240
40.8436,-72.6322,340
41.0731,-71.9233,290
41.3375,-84.4289,240
39.3669,-101.7000,180
36.3333,-119.9500,350
39.9444,-81.8922,260
33.4050,-118.4158,260
34.6294,-118.0836,250
34.4272,-100.2831,140
31.4208,-110.8458,150
37.3031,-108.6275,170
39.2292,-106.3169,180
44.5483,-95.0803,310
29.7036,-98.0281,50
33.8750,-84.3022,290
40.8217,-72.8689,340
42.5544,-92.4011,320
36.1189,-86.6892,320
32.6847,-83.6528,280
42.4092,-83.0100,270
36.6239,-87.4194,330
48.5428,-109.7633,80
32.2622,-107.7206,140
40.8203,-82.5178,230
31.3711,-100.4922,50
35.6169,-106.0889,140
30.3208,-97.7603,30
40.0489,-107.8853,220
41.5944,-109.0528,200
35.5931,-88.9167,340
41.5631,-83.4764,270
47.4444,-122.3139,190
46.0947,-118.2869,210
39.3450,-81.4392,260
32.3500,-91.0278,20
32.9733,-97.3181,130
27.5333,-99.4667,50
30.7797,-86.5225,180
38.6956,-121.5897,200
48.0944,-105.5744,30
33.9519,-117.4386,280
48.2553,-101.2733,110
41.4333,-99.6333,180
7.0833,171.3833,50
38.8000,-97.6500,160
71.2833,-156.7814,270
31.3347,-92.5586,40
29.6381,-95.2819,90
45.0133,-84.7014,250
42.7461,-86.0967,250
40.1519,-122.2536,190
33.5656,-86.7450,300
27.9106,-82.6875,140
42.1128,-92.9175,310
37.3711,-118.3581,250
30.4781,-87.1869,170
29.1097,-95.4619,90
40.1203,-76.2944,320
43.4075,-94.7461,310
44.6381,-90.1875,320
30.6794,-88.2397,130
32.7667,-97.4500,40
38.4167,-113.0167,190
46.4167,-86.6500,330
33.9381,-118.3889,260
47.9078,-122.2803,190
40.7794,-73.8803,310
32.7336,-117.1831,200
38.7642,-87.6056,300
45.8183,-88.1144,310
66.9161,-151.5089,260
37.7086,-113.0944,200
40.2064,-100.5914,180
46.4267,-105.8825,30
35.8922,-78.7819,240
36.0167,-102.5500,160
38.1811,-85.7392,260
26.0719,-80.1536,90
40.6331,-93.9019,330
33.6800,-117.8664,210
41.5333,-71.2833,310
28.4736,-82.4544,130
17.7028,-64.8056,100
48.5222,-123.0231,140
40.6161,-83.0636,260
38.8853,-79.8528,250
39.4019,-77.9844,250
42.4167,-87.8667,270
70.6392,-159.9950,240
29.1828,-81.0483,80
43.1406,-89.3453,320
37.2958,-81.2078,290
32.3336,-104.2581,60
25.7906,-80.3164,110
26.9172,-81.9914,240
32.8342,-115.5786,260
31.9514,-85.1289,340
34.7442,-87.5997,280
33.4669,-82.0386,300
39.1667,-76.6833,310
35.9333,-79.0642,260
45.1947,-123.1339,200
18.3331,-64.9667,90
41.8678,-84.0794,280
44.3675,-71.5450,330
41.1078,-92.4467,320
36.1625,-97.0894,80
47.9375,-124.5550,260
41.1214,-100.6694,190
24.5550,-81.7522,110
43.7700,-88.4864,290
46.0261,-91.4442,360
28.8614,-96.9303,120
45.5433,-94.0514,310
41.5175,-81.6836,270
40.4719,-81.4236,300
24.5833,-81.6833,100
40.6508,-75.4492,250
41.5092,-74.2650,260
32.8519,-96.8556,110
36.8167,-76.0333,240
18.2550,-65.6408,110
38.8100,-104.6883,160
34.1853,-79.7239,220
41.2433,-76.9217,260
25.9069,-80.2803,100
47.0492,-109.4578,150
36.7683,-96.0261,80
31.4156,-87.0442,360
42.3075,-85.2511,250
43.5331,-84.0797,250
36.9878,-120.1106,310
41.1389,-75.3794,260
38.7550,-109.7542,160
40.2383,-75.5572,310
35.5144,-108.7939,140
33.9706,-80.9958,270
34.2167,-119.0833,270
48.2138,-106.6213,60
48.1203,-123.4983,280
35.2236,-80.9553,230
26.1522,-81.7753,110
44.5169,-108.0822,330
38.6572,-90.6558,320
47.9742,-117.4283,50
39.3756,-99.8297,170
38.8983,-119.9947,190
31.9433,-102.1889,130
34.2900,-93.0600,60
32.8167,-115.6833,250
28.0622,-81.7542,110
44.8428,-117.8086,300
39.7556,-82.6572,260
30.4000,-81.4167,150
35.2578,-93.0947,30
18.4325,-66.0108,80
34.6439,-86.7861,320
31.6072,-110.4281,180
37.2622,-104.3378,200
40.2769,-74.8158,360
42.0800,-80.1825,270
63.9944,-145.7214,320
47.3258,-106.9475,360
46.5486,-90.9189,340
55.5800,-133.0750,210
46.8706,-68.0172,310
32.8158,-117.1394,260
47.4933,-122.2144,150
30.1831,-97.6800,20
35.1822,-103.6031,160
40.8289,-115.7886,160
33.3644,-81.9633,280
39.4781,-88.2803,290
21.3167,-158.0667,70
43.3500,-73.6167,280
59.4556,-135.3239,40
30.9119,-102.9167,110
39.1258,-123.2008,270
37.7064,-112.1456,180
44.9047,-97.1494,110
45.5464,-100.4078,100
40.1667,-103.2167,170
43.1711,-86.2367,240
33.7792,-84.5214,280
60.7850,-148.8389,240
31.8606,-86.0122,320
45.0319,-102.0192,170
31.6189,-97.2283,360
35.5342,-97.6469,70
43.8789,-91.2528,310
13.4836,144.7961,60
47.2675,-122.5761,190
34.8831,-82.2203,230
44.3981,-98.2231,120
31.8311,-104.8089,50
47.6831,-117.3214,60
47.3078,-119.5153,330
39.1333,-86.6167,280
35.8550,-77.8931,200
40.7833,-91.1253,320
35.0028,-105.6628,220
39.9181,-76.8742,280
67.7317,-164.5483,60
39.6428,-79.9164,270
30.6264,-88.0681,160
40.5175,-122.2986,360
36.6206,-116.0278,200
30.3975,-84.3289,270
42.8375,-103.0953,170
28.7247,-96.2536,130
46.0139,-102.6547,90
45.9647,-112.5006,130
37.2353,-93.4003,10
38.3083,-75.1239,220
42.8914,-73.2469,280
38.0442,-87.5206,250
19.7192,-155.0531,50
30.5069,-86.9597,210
39.7075,-86.2803,270
37.1319,-76.4930,230
39.6728,-75.6008,320
26.1839,-98.2539,140
44.7408,-85.5825,310
41.7361,-72.6506,240
38.3306,-96.1897,150
22.0333,-159.7833,360
48.6033,-112.3753,100
43.4133,-124.2436,300
36.2967,-99.7689,160
34.2719,-83.8303,310
41.8706,-103.5931,180
43.8339,-111.8045,150
39.8344,-88.8656,300
39.8328,-104.6575,160
42.2706,-71.8731,290
37.6928,-121.8144,260
42.1928,-89.0931,310
37.0683,-88.7719,290
39.5936,-84.2264,300
44.0433,-103.0536,170
41.2003,-74.6231,220
33.4964,-90.0867,30
41.4131,-81.8600,240
37.1467,-94.5022,310
32.6261,-116.4681,220
36.1994,-95.8872,40
39.1033,-84.4189,260
34.8364,-92.2619,30
57.1553,-170.2222,110
40.6675,-89.6839,270
46.8369,-92.2097,340
40.1764,-80.6472,260
30.7044,-87.0231,180
37.6544,-97.4425,170
37.7081,-77.4344,260
32.7817,-98.0603,80
39.4900,-121.6183,160
46.9258,-98.6692,80
31.5358,-82.5067,240
34.9000,-76.8833,220
42.8050,-72.0036,300
41.7219,-71.4325,300
35.0564,-89.9864,340
35.3331,-94.3625,20
41.3931,-70.6150,220
44.4983,-88.1111,260
36.6636,-121.6081,250
39.3667,-75.0667,250
55.0389,-131.5786,150
37.0872,-84.0769,260
34.0158,-118.4514,140
29.9506,-94.0206,50
31.3928,-92.2956,70
41.5097,-72.8278,330
42.5906,-117.8644,240
32.4833,-80.7167,260
41.6875,-69.9933,220
27.6531,-80.2428,110
30.8458,-85.6014,20
43.1544,-93.3269,320
37.6242,-120.9506,290
34.7000,-77.3833,170
38.1386,-78.4530,260
41.9950,-87.9336,270
7.3333,134.4833,90
26.2281,-97.6542,120
29.3783,-100.9269,130
35.9403,-89.8308,330
33.8117,-118.1464,190
34.4978,-82.7097,250
39.5781,-85.8033,270
46.1442,-115.5964,160
40.5100,-101.6200,170
70.1917,-148.4772,270
44.1708,-114.9272,150
41.3119,-105.6747,200
43.2781,-70.9222,300
42.4819,-114.4869,140
30.3489,-85.7881,180
59.4433,-151.7017,30
32.5156,-92.0406,50
33.2367,-107.2681,190
32.6808,-96.8681,70
30.3433,-89.8222,350
37.7608,-99.9683,170
42.7803,-84.5789,250
40.6239,-74.6694,350
31.8456,-86.6108,340
32.7100,-96.2672,50
42.5417,-113.7661,270
35.0678,-77.0481,190
38.0494,-103.5122,190
30.8356,-85.1839,360
44.0206,-117.0128,230
38.2900,-104.4983,130
55.3567,-131.7117,120
59.2433,-135.5094,290
41.0375,-81.4642,260
29.9933,-90.2511,30
36.9358,-121.7886,220
39.3644,-84.5247,300
38.5911,-92.1558,280
47.0339,-120.5303,320
45.8258,-119.2611,230
47.4667,-87.8833,30
30.7406,-98.2353,30
31.4583,-109.6061,200
36.7436,-108.2292,200
48.7939,-122.5372,170
38.9597,-94.3714,330
39.5514,-97.6508,160
34.3622,-98.9761,110
39.2231,-106.8683,160
15.1167,145.7167,60
47.2078,-119.3192,360
40.8097,-124.1603,350
41.6236,-98.9517,180
39.8683,-75.2311,320
38.2281,-85.6636,270
41.1014,-102.9847,170
46.1236,-67.7928,260
40.7083,-84.0267,250
40.8500,-74.0614,330
38.5000,-77.3000,340
34.8536,-116.7858,250
32.8978,-97.0189,60
39.1894,-103.7158,180
36.6950,-76.1356,230
33.1281,-117.2794,220
31.1500,-92.9667,40
29.6333,-83.1053,170
42.9203,-112.5711,220
43.7694,-87.8506,270
43.6497,-70.3003,270
36.5881,-121.8453,240
30.5108,-99.7664,60
31.1828,-90.4708,70
41.7781,-80.6958,280
32.5500,-88.5667,30
34.5467,-93.5781,80
37.6703,-95.4842,130
35.9508,-85.0814,260
35.2578,-113.9331,220
45.6478,-68.6925,290
34.7336,-76.6606,300
28.5453,-81.3331,110
43.1561,-90.6775,300
26.5850,-81.8614,150
41.7419,-72.1836,320
56.6000,-169.5650,130
38.7667,-104.3000,170
41.9922,-93.6217,300
43.1111,-76.1039,260
35.7425,-81.3819,280
34.7436,-118.7242,160
33.3075,-104.5083,190
34.8994,-120.4486,300
42.6003,-123.3642,180
33.8281,-116.5053,330
48.7167,-94.6000,360
41.5339,-93.6531,290
42.3811,-122.8722,290
40.4953,-107.5211,210
47.4733,-111.3822,50
39.4839,-119.7711,210
46.9733,-122.9033,230
38.5714,-90.1572,320
47.3864,-92.8389,320
45.8678,-95.3942,330
42.2228,-83.7444,270
42.1244,-86.4267,260
37.3208,-79.2067,210
41.9856,-97.4353,160
39.2775,-120.7103,170
46.5683,-120.5428,80
43.9636,-69.7117,230
35.6575,-109.0614,240
43.3906,-99.8422,170
35.1350,-90.2344,360
35.4319,-82.5375,340
30.7439,-95.5861,70
39.0083,-95.2117,130
34.7675,-114.6189,210
39.8250,-86.2958,300
44.6500,-73.4667,260
55.2208,-162.7325,150
34.2097,-118.4892,150
41.4914,-120.5644,250
30.3567,-95.4139,260
33.4617,-80.8581,290
44.8831,-93.2289,320
47.9428,-97.1839,110
38.8317,-94.8897,290
38.8483,-77.0342,330
31.2819,-89.2531,30
43.6264,-72.3047,300
34.6719,-82.8864,280
44.9050,-123.0011,180
32.5161,-84.9422,300
41.3714,-73.4828,350
36.9647,-86.4239,260
58.3567,-134.5639,230
29.6919,-82.2756,110
39.1208,-94.5969,310
26.1658,-97.3458,120
38.0408,-84.6058,230
36.9261,-111.4478,170
29.2733,-94.8592,130
39.5264,-107.7264,180
35.8311,-90.6464,360
41.9144,-88.2464,270
41.8756,-71.0211,310
46.4047,-94.1308,340
42.3978,-90.7036,290
-14.3306,-170.7136,160
27.4014,-82.5586,150
37.5908,-83.3131,310
35.2100,-99.1200,110
33.4825,-90.9853,40
35.6567,-95.3614,30
44.8322,-93.4706,320
34.9914,-78.8803,220
35.2325,-75.6219,230
45.5644,-84.7928,290
61.1689,-150.0278,290
47.7472,-90.3444,340
29.9800,-95.3600,60
32.2997,-86.4075,320
34.7272,-92.2389,330
42.6650,-83.4181,280
36.2833,-94.3000,340
39.1342,-108.5400,150
33.5872,-85.8556,200
30.4844,-81.7019,180
38.1847,-84.9033,230
43.2119,-90.1814,290
29.5622,-91.5256,130
40.9017,-117.8081,280
33.8719,-117.9789,210
47.1686,-88.4889,330
40.0819,-75.0111,270
41.5886,-83.8014,250
43.3497,-76.3847,280
40.8731,-81.8867,260
39.0431,-84.6717,280
25.9989,-80.2411,130
36.7367,-97.1019,100
31.3500,-85.6667,340
39.4203,-83.8217,260
41.8056,-107.1997,230
38.0511,-117.0903,210
43.1167,-77.6767,260
34.7917,-79.3661,250
42.8975,-106.4636,210
48.5614,-93.3981,360
32.1314,-110.9553,170
7.4500,151.8333,340
26.1969,-80.1708,110
36.6817,-101.5053,180
34.8461,-82.3461,240
45.6983,-110.4408,130
36.0236,-84.2375,260
41.7072,-86.3164,250
44.5761,-71.1786,300
30.7825,-83.2767,180
27.7628,-82.6261,120
33.6542,-101.8136,120
37.1681,-97.0369,140
43.1953,-71.5011,310
30.2050,-91.9875,360
26.6847,-80.0994,130
31.0425,-86.3117,10
30.5372,-91.1469,160
43.1644,-95.2017,290
6.9667,158.2167,240
62.9614,-141.9292,60
42.3914,-96.3792,130
57.0481,-135.3647,230
42.9333,-71.4383,310
46.3583,-104.2500,90
45.8069,-108.5422,110
39.9492,-74.8417,310
41.7803,-124.2367,280
33.4536,-94.0075,60
47.6458,-101.4394,160
45.6044,-103.5464,60
8.7333,167.7333,70
42.5700,-72.2911,310
60.4889,-145.4511,270
35.0281,-110.7208,180
20.8997,-156.4286,40
45.4622,-69.5953,330
40.9706,-85.2064,280
32.6636,-97.0939,40
33.9486,-81.1186,260
31.2361,-94.7544,30
42.4933,-79.2722,240
40.0781,-83.0781,240
40.1936,-76.7633,310
44.3592,-84.6739,310
62.1592,-145.4589,360
66.8667,-162.6333,50
36.2667,-93.1567,350
57.7511,-152.4856,310
30.3503,-81.8831,100
32.3347,-88.7442,40
42.5844,-110.1075,180
60.5797,-151.2392,350
46.2667,-119.1167,210
39.4167,-118.7167,270
42.4700,-71.2894,300
38.2103,-122.2847,290
33.9753,-117.6361,250
44.5228,-114.2150,200
37.4058,-122.0481,320
32.0311,-96.3989,40
40.6386,-73.7622,290
39.1353,-96.6778,180
62.9575,-155.6103,100
33.3633,-84.5658,320
41.6267,-73.8842,250
35.6875,-117.6931,210
34.5183,-109.3792,140
41.1783,-78.8989,230
46.6056,-111.9636,350
37.3169,-79.9742,300
42.0572,-102.8000,170
45.5406,-122.9486,180
38.6892,-75.3592,220
32.4106,-99.6822,80
28.4567,-99.2183,90
40.0972,-92.5433,300
41.3103,-95.8992,160
42.1208,-87.9047,290
38.9833,-76.4667,310
47.4569,-115.6450,120
34.6081,-79.0592,240
25.9156,-97.4186,170
42.8783,-100.5500,170
41.7700,-88.4814,270
38.9503,-95.6639,150
36.2606,-76.1750,200
32.8547,-109.6353,200
27.9619,-82.5403,230
36.9500,-76.2833,230
29.5442,-98.4839,40
32.4506,-93.8411,60
31.5883,-110.3442,150
21.3239,-157.9294,40
37.8892,-121.2258,260
41.4653,-90.5233,280
40.7342,-73.4169,240
41.9381,-72.6825,320
36.7725,-90.3247,340
33.1803,-96.5903,60
43.5950,-118.9564,210
59.5119,-139.6711,330
39.7736,-94.9233,330
33.4278,-112.0039,160
45.0619,-93.3508,320
34.7411,-118.2117,220
33.2208,-92.8142,40
32.3206,-90.0778,30
40.8206,-76.8642,310
33.9228,-118.3342,140
36.8781,-91.9025,330
30.1250,-93.2158,70
39.2447,-102.2842,190
34.0561,-117.6003,250
19.7356,-156.0489,200
43.2389,-123.3547,310
29.3331,-89.4075,90
35.6950,-101.3950,170
44.8889,-116.1017,60
42.1594,-76.8919,270
39.1019,-121.5678,160
41.3325,-122.3328,290
31.5356,-84.1944,340
42.7172,-71.1239,240
40.0228,-82.4625,280
44.3814,-106.7211,350
43.9042,-92.4917,310
42.1908,-71.1736,280
44.2033,-72.5794,290
42.7972,-105.3856,140
66.0689,-162.7639,270
41.2731,-111.0306,210
29.5189,-95.2417,50
39.7078,-77.7297,280
45.6308,-89.4653,300
40.9167,-81.4333,290
35.9461,-112.1547,210
38.3406,-75.5103,200
47.6217,-117.5281,50
31.8111,-106.3758,250
41.3275,-72.0494,350
41.0669,-73.7075,330
41.7872,-111.8533,210
21.1544,-157.0961,50
47.2381,-123.1408,220
37.3592,-121.9239,320
38.7525,-90.3736,290
45.5114,-118.4247,260
42.4272,-73.2892,280
38.0700,-102.6881,190
43.9844,-88.5569,290
34.6525,-86.9453,320
32.8192,-97.3614,110
33.2194,-117.3494,230
44.9319,-93.0556,320
40.3161,-78.8339,250
42.2314,-83.3308,240
35.6697,-120.6283,310
41.2544,-80.6739,270
38.1311,-91.7683,320
61.5961,-149.0917,150
38.0653,-97.8606,170
43.5667,-116.2406,270
64.5111,-165.4400,140
30.3361,-81.5147,190
35.0419,-106.6156,80
21.9839,-159.3405,90
41.0467,-78.4117,240
40.6044,-98.4272,170
41.3336,-75.7269,280
42.5708,-77.7133,320
61.1781,-149.9664,290
32.7000,-117.2000,240
37.7836,-81.1231,260
28.1011,-80.6439,100
31.7800,-103.2017,120
31.9206,-102.3867,130
25.6475,-80.4331,100
42.1997,-75.9850,350
39.9914,-82.8808,290
42.1578,-72.7161,240
32.3847,-94.7117,70
36.9033,-76.1922,230
33.6186,-114.7142,190
40.3667,-75.9667,320
47.3978,-120.2014,320
45.7881,-111.1608,150
27.7411,-98.0247,70
35.8517,-97.4142,80
32.1300,-81.2100,270
64.8039,-147.8761,350
40.3547,-79.9217,240
35.1967,-81.1558,210
29.3600,-99.1742,60
36.4486,-103.1539,180
27.5000,-97.8167,340
33.2061,-97.1989,70
43.7331,-103.6114,70
30.7167,-87.0167,190
38.8500,-94.7392,300
41.1961,-112.0114,170
40.3300,-75.1225,360
30.2333,-81.6667,140
41.3497,-71.7989,330
41.7861,-87.7522,260
44.7978,-68.8186,280
40.2172,-76.8514,320
27.6833,-97.2833,340
48.3042,-114.2636,40
33.6300,-84.4417,310
42.5842,-70.9175,280
30.4119,-89.0808,160
43.3436,-72.5178,260
44.0219,-82.7931,300
44.3206,-69.7972,290
36.4731,-82.4044,250
48.3500,-122.6667,180
40.2964,-78.3203,280
38.7042,-93.1833,340
33.9481,-83.3275,310
9.4833,138.0833,40
37.6197,-122.3647,280
70.2117,-151.0017,270
38.3775,-121.9575,220
33.6883,-112.0817,150
30.4000,-86.4717,220
34.5583,-98.4172,110
32.8667,-117.1333,230
36.5728,-79.3361,260
40.8508,-96.7475,170
37.2847,-120.5128,330
38.5039,-122.8103,250
40.9611,-98.3136,170
43.7667,-98.0333,140
31.4000,-93.2833,30
45.6906,-118.8528,240
45.6208,-122.6572,150
37.7797,-89.2497,320
34.3478,-85.1611,250
48.1739,-103.6367,90
43.2339,-75.4117,310
37.9406,-75.4631,260
44.9258,-89.6256,290
39.6092,-110.7547,170
32.8986,-80.0403,210
30.4636,-88.5319,20
42.3606,-71.0106,240
46.4794,-84.3572,290
29.6222,-95.6564,40
39.2956,-80.2289,260
28.0836,-97.0464,80
42.2347,-85.5519,250
35.6542,-105.1419,180
39.2972,-94.7306,100
36.0719,-115.1633,190
45.5908,-122.6003,190
46.9006,-95.0678,340
36.1336,-80.2222,270
28.7797,-81.2436,120
43.1072,-78.9453,220
40.7781,-111.9694,150
41.7636,-96.1778,140
34.1231,-84.8486,200
36.3689,-92.4703,330
38.5069,-121.4950,210
44.8664,-91.4878,290
43.5878,-96.7289,130
24.7258,-81.0517,100
39.2953,-114.8467,200
42.7267,-114.4564,250
39.4494,-74.5672,300
45.2575,-112.5545,40
46.3747,-117.0156,280
39.9061,-84.2186,250
38.1417,-76.4292,230
44.5444,-110.4211,280
34.2486,-82.1592,230
40.7939,-73.1017,340
35.0311,-85.2014,290
41.8031,-78.6403,320
59.6419,-151.4908,230
41.0136,-83.6686,260
46.9728,-123.9303,240
44.9358,-74.8458,220
35.8181,-83.9858,240
31.1522,-81.3908,160
36.0467,-79.4769,250
