18.1747,-66.7978,48
31.2022,-93.5725,71
40.7264,-122.7947,89
38.8586,-99.3358,447
43.8544,-116.4664,31
45.3128,-107.9383,51
33.8300,-88.5214,53
36.4711,-86.8414,150
40.0839,-88.2403,55
36.1056,-82.8436,53
42.9592,-120.7897,111
39.9000,-98.0256,193
39.0303,-76.9314,47
39.8114,-99.9386,177
40.6117,-122.5281,6
31.6164,-94.6431,77
34.1864,-90.5572,84
46.0436,-118.4628,71
43.8083,-111.7892,68
34.5822,-119.9817,77
40.1739,-101.0611,206
35.3872,-76.7764,180
31.8769,-105.2369,138
42.1397,-87.7853,109
40.5764,-105.0858,40
36.4622,-116.8669,1421
34.5697,-93.1947,34
30.8408,-89.5453,3
39.0172,-92.7558,23
37.5147,-122.0325,270
40.7833,-81.9167,145
32.8964,-107.3078,145
33.7542,-99.1442,92
35.1131,-89.2122,42
34.7281,-90.3683,55
30.7931,-94.1819,11
38.4917,-122.1242,101
47.7283,-104.1467,74
33.7092,-93.5564,0
45.9228,-108.2444,77
39.1172,-95.4097,230
46.8706,-68.0172,137
35.1297,-89.8036,47
39.2475,-96.5994,106
30.0689,-94.2928,198
40.2233,-86.1086,111
18.0331,-67.0722,31
40.1550,-103.1417,206
18.3906,-66.0542,14
18.2583,-65.9922,0
35.6214,-88.8456,100
35.8819,-83.9572,80
38.4661,-101.7758,138
37.7967,-121.5828,0
43.4033,-103.2683,72
35.7197,-86.9653,66
34.6033,-104.3811,193
36.8047,-107.6214,60
34.9881,-120.3211,68
31.3706,-100.4942,206
26.8400,-81.0872,167
41.9342,-88.7756,174
33.4692,-88.7822,77
41.0267,-86.5867,64
42.1231,-111.3133,164
37.3822,-102.2986,148
36.3444,-88.8636,89
40.0892,-99.2133,135
35.4139,-86.8086,53
38.7978,-99.7231,174
37.7617,-117.5658,380
39.0422,-108.4664,82
32.8242,-95.5275,148
43.5492,-71.4647,53
36.0147,-85.1314,74
44.1183,-121.2103,8
35.6872,-90.0964,85
30.2003,-92.6642,72
39.5039,-98.3150,201
39.9614,-86.0586,60
38.5200,-89.8467,105
46.6722,-120.4994,58
38.6450,-95.5661,135
38.4931,-122.0047,227
42.3806,-96.9575,8
40.1167,-76.4333,53
32.8522,-95.8864,72
45.6911,-118.8522,137
61.5664,-149.2542,56
32.2822,-106.7597,111
34.5989,-103.2161,257
35.2006,-103.6867,229
33.0642,-101.0489,124
41.4439,-86.9294,187
42.7467,-71.0425,24
33.1481,-95.6269,0
18.0258,-66.5253,8
47.6811,-117.6267,31
34.1647,-88.7239,108
36.5508,-114.4581,72
33.1461,-107.1842,177
39.3925,-101.0689,195
44.8831,-85.6753,138
40.2539,-85.1483,148
26.5581,-99.1372,8
34.8219,-89.4347,3697
35.0489,-97.9158,111
25.8175,-80.2858,101
31.9497,-91.2336,13
34.0828,-106.8831,48
39.6619,-99.1228,60
44.3089,-85.2050,185
38.0047,-120.4864,58
30.7053,-104.0233,68
39.4031,-99.4192,126
36.6897,-108.3086,51
32.4219,-93.6381,66
37.9931,-100.8122,185
29.6211,-96.3661,182
27.4272,-80.4053,158
32.3378,-89.0817,68
46.7281,-116.9558,60
34.1381,-88.9983,109
44.3253,-96.7686,322
32.9203,-94.7225,82
41.4903,-71.5431,140
