45.8981,-86.5483,94
46.2314,-112.1136,125
39.4206,-79.0050,103
47.8344,-120.0006,89
38.6644,-94.8900,116
47.2753,-88.4169,49
40.1100,-87.9567,148
47.6497,-120.0800,94
35.5953,-82.5567,116
39.7506,-92.5064,121
30.5347,-94.4456,13
41.8161,-80.4250,112
37.1317,-86.1481,107
39.8814,-77.3506,58
39.7750,-105.1169,63
47.2919,-88.4208,130
40.5764,-105.0858,58
39.7194,-76.8028,192
45.6656,-97.0392,134
44.4933,-68.4583,80
34.6242,-106.3103,85
38.5039,-95.7036,143
35.1375,-77.9892,143
34.2183,-116.4072,170
34.1206,-115.8500,85
45.4525,-99.3358,183
42.3997,-89.9903,156
61.5889,-149.0992,22
42.2947,-83.7108,143
47.0083,-88.4317,107
41.7392,-77.9711,121
39.0733,-93.7075,152
47.8306,-110.6608,80
39.3903,-94.5553,139
40.8250,-92.8925,156
40.9656,-105.2186,139
61.2967,-149.4400,72
39.1439,-103.4897,103
61.1025,-149.7169,58
40.8600,-102.8031,161
48.0750,-111.2597,80
48.9981,-110.2158,76
40.6558,-97.2208,156
45.0961,-112.0856,89
34.7994,-109.8850,161
35.0761,-89.7430,54
41.2847,-105.5319,107
