43.8544,-116.4664,267
40.1100,-87.9567,133
41.1453,-85.4897,78
33.8083,-79.8567,211
47.0575,-109.9514,106
33.2564,-81.2422,167
34.1944,-79.2472,233
41.8161,-80.4250,133
40.4750,-86.9919,106
32.7547,-104.3836,144
34.2183,-81.0731,211
42.7831,-71.4147,89
37.1317,-86.1481,172
37.8194,-85.3847,172
42.1397,-87.7853,111
28.4575,-97.7061,256
64.1539,-145.8894,-11
44.4933,-68.4583,61
40.4719,-74.4364,111
62.1925,-150.5033,6
37.0683,-88.7725,172
46.8706,-68.0172,0
38.4558,-86.6983,167
40.2233,-86.1086,167
44.9847,-93.1772,78
34.4719,-81.8839,178
35.6214,-88.8456,194
32.3500,-94.6500,239
37.9311,-98.0297,150
40.0739,-87.5067,144
39.4833,-83.8500,139
42.2947,-83.7108,100
34.7289,-80.0389,206
37.1244,-87.8672,89
38.4661,-101.7758,139
39.4708,-87.4081,156
27.7792,-97.5056,239
38.7003,-82.4736,194
39.4700,-80.8572,161
38.7386,-87.4878,150
28.7156,-97.1742,228
41.0267,-86.5867,117
42.6006,-114.7453,156
34.1419,-80.8700,183
33.0167,-81.3167,211
35.6042,-91.2744,156
45.0853,-67.1203,6
38.5200,-89.8467,139
34.6603,-82.8236,200
38.8894,-86.5519,156
64.9156,-148.2711,17
42.3806,-96.9575,117
32.2822,-106.7597,289
41.4439,-86.9294,122
40.7928,-87.7556,111
33.7775,-81.8467,183
40.9361,-90.7197,128
36.1306,-80.5481,200
32.5133,-92.3486,233
44.8831,-85.6753,94
40.2539,-85.1483,144
32.9206,-86.6708,189
46.3414,-86.9242,56
38.3139,-81.7186,167
36.7578,-90.4056,178
28.8608,-97.0181,239
40.8142,-85.1547,100
37.9931,-100.8122,128
37.1167,-84.6167,156
31.4269,-94.8942,167
20.7583,-156.3211,239
