40.0397,-88.2778,34
45.5511,-122.4089,17
39.4717,-76.1697,0
43.0303,-78.1692,36
38.7642,-87.6056,25
36.0719,-115.1633,37
42.4167,-87.8667,24
43.1406,-89.3453,19
44.3592,-84.6739,24
29.9933,-90.2511,22
30.0675,-95.5561,12
47.1686,-88.4889,15
32.3347,-88.7442,20
31.8606,-86.0122,19
38.5911,-92.1558,40
41.4000,-107.2600,6
28.7797,-81.2436,23
35.7700,-105.7800,4
42.1094,-77.9919,13
34.6242,-106.3103,22
30.6794,-88.2397,20
39.5781,-85.8033,30
46.9733,-122.9033,13
37.0683,-88.7719,24
30.3503,-81.8831,16
28.4567,-99.2183,34
47.6428,-115.9172,0
20.8997,-156.4286,60
42.1928,-89.0931,30
43.4075,-94.7461,29
45.6044,-103.5464,22
33.4669,-82.0386,26
33.4617,-80.8581,29
41.8678,-84.0794,16
44.7978,-68.8186,42
42.5906,-117.8644,29
44.5228,-114.2150,29
46.2667,-119.1167,18
30.5892,-96.3647,26
30.3567,-95.4139,14
31.3089,-86.3939,11
45.5908,-122.6003,30
35.2578,-113.9331,45
31.2361,-94.7544,19
33.2194,-117.3494,19
46.5486,-90.9189,22
44.9050,-123.0011,33
40.2172,-76.8514,14
47.6217,-117.5281,31
30.4000,-81.4167,28
41.3931,-70.6150,36
40.7781,-111.9694,27
44.3814,-106.7211,30
64.5500,-149.0717,10
33.9706,-80.9958,24
32.1314,-110.9553,38
43.2339,-75.4117,13
47.2675,-122.5761,26
33.2061,-97.1989,34
36.7725,-90.3247,27
57.1553,-170.2222,65
32.0311,-96.3989,34
35.9403,-89.8308,35
41.4131,-81.8600,14
38.8000,-97.6500,49
48.7939,-122.5372,10
39.0725,-95.6261,43
62.9614,-141.9292,21
35.0761,-89.7430,27
36.1625,-97.0894,47
37.1681,-97.0369,66
26.2500,-80.1083,33
44.4983,-88.1111,35
45.1947,-123.1339,24
35.0678,-77.0481,19
58.3567,-134.5639,34
31.9206,-102.3867,59
40.8206,-76.8642,4
39.2956,-80.2289,15
33.9381,-118.3889,35
33.9486,-81.1186,33
39.2447,-102.2842,39
30.5069,-86.9597,21
42.1208,-87.9047,19
32.8667,-117.1333,21
30.7439,-95.5861,21
40.8600,-102.8031,9
29.2733,-94.8592,37
9.4833,138.0833,18
44.7408,-85.5825,19
42.4933,-79.2722,10
34.6439,-86.7861,15
35.0564,-89.9864,24
39.4167,-118.7167,23
33.2367,-107.2681,30
33.6228,-111.9106,21
40.7833,-91.1253,30
30.2050,-91.9875,15
37.2847,-120.5128,22
30.5108,-99.7664,32
45.6983,-110.4408,28
29.3389,-98.4719,22
29.5189,-95.2417,19
55.2208,-162.7325,67
39.4900,-121.6183,22
47.6458,-101.4394,25
40.9167,-81.4333,22
39.2292,-106.3169,33
31.8311,-104.8089,39
41.4525,-87.0058,25
29.6222,-95.6564,26
35.2236,-80.9553,23
38.9408,-77.4636,14
33.0375,-116.9158,26
34.7500,-111.4100,536
41.7072,-86.3164,20
40.8203,-82.5178,21
35.9200,-106.3900,2
39.1019,-121.5678,25
33.4050,-118.4158,15
30.4119,-89.0808,20
26.5361,-81.7550,23
44.2100,-110.6700,22
36.5881,-121.8453,19
40.9611,-98.3136,38
42.7431,-73.8092,29
45.5644,-84.7928,15
44.4911,-71.5725,0
31.8111,-106.3758,39
31.9514,-85.1289,12
46.8369,-92.2097,27
41.7806,-122.4717,27
37.6928,-121.8144,27
42.9486,-78.7369,30
46.1442,-115.5964,7
27.4014,-82.5586,33
35.6169,-106.0889,32
34.4978,-82.7097,23
45.0133,-84.7014,15
30.3489,-85.7881,25
36.1306,-80.5481,0
62.1592,-145.4589,30
45.5114,-118.4247,5
48.0944,-105.5744,19
36.6950,-76.1356,23
40.0489,-107.8853,26
42.3200,-120.8300,4
40.8250,-92.8925,54
28.9844,-95.3808,13
59.5119,-139.6711,14
46.0947,-118.2869,30
25.9989,-80.2411,29
39.3667,-75.0667,16
41.3497,-71.7989,26
27.5000,-97.8167,31
33.8281,-116.5053,24
43.5950,-118.9564,20
41.2731,-111.0306,34
32.8978,-97.0189,43
34.9894,-99.0525,63
33.3644,-81.9633,24
36.7900,-105.2400,2
30.5844,-97.4156,18
35.8922,-78.7819,26
39.3450,-81.4392,10
44.3675,-71.5450,21
35.6697,-120.6283,35
32.3367,-90.2214,14
34.7917,-79.3661,27
24.7258,-81.0517,23
40.0803,-95.5919,37
40.7342,-73.4169,28
66.9161,-151.5089,30
39.9061,-84.2186,30
36.0394,-95.9844,33
39.9914,-82.8808,20
61.1689,-150.0278,43
44.2033,-72.5794,25
43.3500,-73.6167,18
47.8344,-120.0006,4
44.5344,-72.6144,20
45.0717,-83.5644,13
41.3119,-105.6747,44
33.3633,-84.5658,9
42.5544,-92.4011,24
39.2900,-117.1100,6
33.9228,-118.3342,26
38.8317,-94.8897,54
41.2433,-76.9217,13
37.6197,-122.3647,42
39.8683,-75.2311,25
38.8853,-79.8528,9
44.3981,-98.2231,17
42.7267,-114.4564,47
42.2347,-85.5519,14
38.0700,-102.6881,41
34.8364,-92.2619,26
42.9333,-71.4383,19
34.8822,-95.7831,32
40.3547,-79.9217,22
34.7336,-76.6606,36
27.7628,-82.6261,41
48.4608,-119.5167,37
47.4733,-111.3822,31
28.4339,-81.3250,23
41.0467,-78.4117,8
36.1994,-95.8872,51
37.9406,-75.4631,31
33.4536,-94.0075,31
44.0219,-82.7931,26
48.2138,-106.6213,29
41.1078,-92.4467,26
36.4731,-82.4044,20
41.7419,-72.1836,16
44.9047,-97.1494,16
39.1208,-94.5969,49
46.9728,-123.9303,31
36.0167,-102.5500,49
42.1244,-86.4267,16
46.7439,-117.1086,11
35.6575,-109.0614,13
34.9869,-81.0575,22
31.3558,-85.7511,21
34.0511,-118.2353,9
40.0819,-75.0111,15
29.1097,-95.4619,18
47.9078,-122.2803,25
39.1342,-108.5400,37
26.1658,-97.3458,49
34.7411,-118.2117,40
30.3975,-84.3289,23
36.8600,-106.2300,351
26.6847,-80.0994,33
30.4636,-88.5319,16
41.7872,-111.8533,15
42.6003,-123.3642,37
34.6525,-86.9453,15
31.3711,-100.4922,41
47.5303,-122.3008,16
47.4444,-122.3139,30
44.5169,-108.0822,44
43.9906,-70.9475,25
39.0083,-95.2117,46
45.6478,-68.6925,35
39.1894,-103.7158,39
34.6517,-112.4208,34
39.5936,-84.2264,21
36.3333,-119.9500,24
44.5444,-110.4211,17
43.2119,-90.1814,20
35.7425,-81.3819,14
38.3406,-75.5103,19
48.1203,-123.4983,26
34.1750,-91.9347,25
38.1417,-76.4292,21
46.4167,-86.6500,19
38.7667,-104.3000,25
36.7683,-96.0261,31
39.4839,-119.7711,26
34.3478,-85.1611,10
34.6294,-118.0836,38
37.2253,-89.5706,25
41.1961,-112.0114,28
34.2097,-118.4892,22
35.9461,-112.1547,14
44.9358,-74.8458,14
38.7550,-109.7542,28
42.1997,-75.9850,26
43.1072,-78.9453,32
27.4981,-80.3767,30
42.6958,-73.1708,5
36.7414,-104.5022,28
44.7694,-106.9689,19
43.1711,-86.2367,16
45.6308,-89.4653,17
30.1831,-97.6800,27
40.2064,-100.5914,51
40.6044,-98.4272,38
21.1544,-157.0961,56
30.2333,-81.6667,28
36.9647,-86.4239,29
42.3914,-96.3792,32
40.8300,-111.7600,14
41.2639,-72.8872,25
29.3783,-100.9269,45
44.6500,-73.4667,23
36.2833,-94.3000,34
26.1839,-98.2539,35
39.7194,-76.8028,13
31.9433,-102.1889,60
41.1583,-73.1289,30
31.6189,-97.2283,40
44.3394,-105.5419,26
37.8892,-121.2258,26
34.7442,-87.5997,16
36.2117,-115.1958,34
34.3622,-98.9761,57
32.1300,-81.2100,26
48.7167,-94.6000,15
42.1594,-76.8919,17
36.2667,-93.1567,25
-14.3306,-170.7136,79
44.0511,-101.6011,18
37.6542,-122.1150,25
30.3208,-97.7603,18
25.9069,-80.2803,27
34.6719,-82.8864,16
40.8508,-96.7475,40
32.3542,-95.4025,30
34.1231,-84.8486,4
42.6650,-83.4181,12
42.9203,-112.5711,58
44.0206,-117.0128,29
43.1644,-95.2017,27
32.3500,-91.0278,7
41.6686,-70.2800,32
35.8517,-97.4142,48
44.1708,-114.9272,20
36.0300,-106.8100,7
37.3169,-79.9742,17
41.8056,-107.1997,57
21.9839,-159.3405,60
45.8183,-88.1144,10
35.1822,-103.6031,41
42.8153,-108.7261,29
40.9017,-117.8081,51
28.8614,-96.9303,25
45.8258,-119.2611,18
70.1917,-148.4772,38
34.8461,-82.3461,17
42.2333,-83.5333,12
37.2622,-104.3378,41
36.5100,-106.3200,325
33.8750,-84.3022,18
34.2675,-77.8997,27
40.7083,-84.0267,20
39.4519,-87.3089,26
43.4133,-124.2436,47
38.3794,-81.5900,9
43.5667,-116.2406,28
30.0494,-90.0289,32
42.7172,-71.1239,17
37.7064,-112.1456,28
40.2964,-78.3203,3
28.0836,-97.0464,38
26.9172,-81.9914,24
36.9900,-105.2600,3
18.3331,-64.9667,57
33.7792,-84.5214,16
44.9258,-89.6256,21
35.0419,-106.6156,36
34.6081,-79.0592,29
61.2169,-149.8550,21
42.8939,-85.5447,21
48.7200,-116.4600,16
13.4836,144.7961,38
39.3756,-99.8297,52
40.5300,-106.7800,5
31.8456,-86.6108,16
41.5175,-81.6836,22
38.0408,-84.6058,29
40.1606,-113.3508,93
46.5683,-120.5428,26
43.7600,-116.1000,11
33.6300,-84.4417,28
39.1900,-120.2600,25
44.2558,-121.1392,31
43.8339,-111.8045,24
34.4272,-100.2831,58
32.7817,-98.0603,31
31.6072,-110.4281,33
35.2333,-101.7089,61
33.8719,-117.9789,22
40.4422,-109.5144,29
30.7044,-87.0231,10
46.7994,-102.7972,29
44.1278,-123.2206,34
7.0833,171.3833,47
34.1853,-79.7239,38
37.7836,-81.1231,23
35.1442,-111.6664,13
38.6892,-75.3592,19
31.3072,-95.4508,0
33.9753,-117.6361,29
35.8311,-90.6464,40
46.1569,-123.8825,37
33.6186,-114.7142,49
44.5483,-95.0803,14
38.1311,-91.7683,43
32.5161,-84.9422,18
60.7850,-148.8389,31
45.4558,-98.4131,27
46.4794,-84.3572,14
32.3847,-94.7117,29
32.8167,-115.6833,29
33.4825,-90.9853,18
21.3239,-157.9294,44
35.0281,-110.7208,23
35.1350,-90.2344,24
46.1236,-67.7928,34
38.9503,-95.6639,44
45.8069,-108.5422,26
41.3325,-122.3328,14
41.6236,-98.9517,31
33.9786,-98.4928,55
33.3075,-104.5083,39
60.5797,-151.2392,40
41.4653,-90.5233,30
47.3258,-106.9475,30
46.4047,-94.1308,16
38.8500,-94.7392,48
30.3361,-81.5147,28
33.8117,-78.7239,38
41.3336,-75.7269,22
34.2719,-83.8303,29
35.6950,-101.3950,48
32.8158,-117.1394,22
39.6428,-79.9164,8
36.0000,-106.8300,3
36.9033,-76.1922,34
59.4556,-135.3239,40
38.7042,-93.1833,51
30.6264,-88.0681,17
45.4353,-67.7214,36
43.5878,-96.7289,12
27.7411,-98.0247,26
35.2325,-75.6219,47
33.6800,-117.8664,20
35.8550,-77.8931,17
36.6206,-116.0278,31
40.0972,-92.5433,37
40.8097,-124.1603,18
41.9950,-87.9336,32
38.8169,-92.2183,57
33.1783,-86.7817,5
34.0500,-94.4008,19
41.2003,-74.6231,10
42.3978,-90.7036,20
35.1967,-81.1558,15
47.0492,-109.4578,25
47.3600,-121.5700,3
48.8700,-121.7900,3
60.7850,-161.8292,57
28.4736,-82.4544,25
64.7767,-141.1483,10
34.7436,-118.7242,54
67.7317,-164.5483,61
41.9097,-70.7294,22
36.0700,-105.6300,4
36.4486,-103.1539,46
46.0261,-91.4442,28
47.2381,-123.1408,24
37.6703,-95.4842,57
36.9261,-111.4478,20
44.2667,-71.2994,165
40.3000,-111.2600,13
55.5800,-133.0750,26
29.1828,-81.0483,25
40.1764,-80.6472,20
7.4500,151.8333,25
37.7608,-99.9683,58
43.6497,-70.3003,26
48.3500,-122.6667,23
42.1578,-72.7161,21
66.8667,-162.6333,41
41.1214,-100.6694,36
42.4272,-73.2892,21
37.6544,-97.4425,62
40.1203,-76.2944,19
37.9917,-122.0550,31
38.2900,-104.4983,32
41.5092,-74.2650,22
36.3689,-92.4703,17
42.3075,-85.2511,22
38.5714,-90.1572,35
33.4964,-90.0867,9
26.1522,-81.7753,24
37.1431,-107.7597,21
39.3100,-111.4300,31
41.5272,-85.7922,22
39.8328,-104.6575,42
44.0433,-103.0536,29
40.7939,-73.1017,27
35.5342,-97.6469,63
39.7075,-86.2803,32
41.3461,-82.1794,16
44.5761,-71.1786,19
44.8322,-93.4706,20
39.3669,-101.7000,42
40.1550,-103.1417,45
47.2856,-68.3133,57
40.6508,-75.4492,21
31.4583,-109.6061,23
40.1667,-103.2167,52
42.7461,-86.0967,14
30.1250,-93.2158,17
32.6808,-96.8681,29
31.1828,-90.4708,14
37.3031,-108.6275,24
33.4278,-112.0039,41
38.2281,-85.6636,25
47.6831,-117.3214,16
28.0622,-81.7542,21
34.5183,-109.3792,24
32.2622,-107.7206,32
39.5514,-97.6508,40
25.7906,-80.3164,30
37.0911,-95.5664,47
33.5872,-85.8556,7
42.9600,-121.1800,8
27.6833,-97.2833,45
44.3206,-69.7972,37
43.7694,-87.8506,25
41.9144,-88.2464,38
40.8289,-115.7886,24
39.2775,-120.7103,17
44.3592,-89.8369,19
39.1353,-96.6778,45
38.9833,-76.4667,31
34.4258,-119.8425,24
36.0969,-79.9433,31
38.5039,-122.8103,21
30.7825,-83.2767,19
43.2389,-123.3547,29
38.9286,-90.4281,42
36.3100,-115.6800,2
37.7081,-77.4344,12
42.8050,-72.0036,12
40.2769,-74.8158,16
34.2622,-88.7714,9
43.3906,-99.8422,25
39.4781,-88.2803,30
43.6264,-72.3047,15
46.9253,-96.8111,10
38.6644,-94.8900,45
44.3814,-100.2856,22
38.5050,-107.8975,30
43.7600,-115.2400,15
43.3436,-72.5178,19
39.8344,-88.8656,30
29.9800,-95.3600,18
41.8161,-80.4250,13
30.4781,-87.1869,21
42.3811,-122.8722,17
37.2833,-102.6139,47
34.0561,-117.6003,29
24.5833,-81.6833,34
27.6531,-80.2428,31
43.9636,-69.7117,17
45.5433,-94.0514,18
42.5519,-71.7558,17
37.2958,-81.2078,27
40.8436,-72.6322,31
41.0669,-73.7075,21
47.2078,-119.3192,21
36.2606,-76.1750,38
31.4000,-93.2833,9
41.7781,-80.6958,9
31.3500,-85.6667,16
39.1258,-123.2008,17
39.8000,-106.0300,368
38.8983,-119.9947,20
30.7406,-98.2353,27
33.6883,-112.0817,29
41.3714,-73.4828,19
46.0139,-102.6547,17
38.0511,-117.0903,46
37.9272,-100.7247,41
39.4203,-83.8217,25
29.9506,-94.0206,22
41.3275,-72.0494,27
42.1469,-121.7242,33
41.7803,-124.2367,35
45.0319,-102.0192,27
37.3592,-121.9239,27
41.2544,-80.6739,17
40.4122,-86.9369,26
41.5944,-109.0528,48
34.2900,-93.0600,16
39.8250,-86.2958,26
45.6194,-121.1661,38
42.1908,-71.1736,13
35.3889,-97.6006,57
36.2500,-115.6300,14
38.0653,-97.8606,61
45.5464,-100.4078,28
41.0136,-83.6686,26
36.2967,-99.7689,73
47.3078,-119.5153,17
41.5886,-83.8014,14
32.2997,-86.4075,16
28.7247,-96.2536,33
40.9706,-85.2064,31
38.6956,-121.5897,30
35.5931,-88.9167,24
28.8208,-81.8097,29
43.0661,-108.4767,38
36.1900,-105.5600,7
38.7525,-90.3736,51
15.1167,145.7167,34
39.4300,-120.3100,8
30.5372,-91.1469,16
29.5442,-98.4839,38
19.7356,-156.0489,37
29.6333,-83.1053,12
41.6267,-73.8842,15
37.4058,-122.0481,22
32.8342,-115.5786,33
38.1386,-78.4530,12
34.2006,-118.3575,26
31.2819,-89.2531,17
35.2100,-99.1200,72
41.6264,-80.2150,13
62.9575,-155.6103,17
33.8117,-118.1464,24
30.0375,-91.8839,12
32.5428,-93.7450,31
40.9656,-105.2186,36
38.4167,-113.0167,41
40.6386,-73.7622,41
38.8761,-98.8092,48
57.7511,-152.4856,62
36.6239,-87.4194,24
47.3864,-92.8389,12
27.5333,-99.4667,39
41.7636,-96.1778,39
45.0800,-117.5500,1
37.9050,-93.3169,36
46.3583,-104.2500,25
33.6267,-116.1594,25
62.3200,-150.0950,22
47.0339,-120.5303,33
45.2575,-112.5545,20
43.8000,-114.8500,5
41.6875,-69.9933,24
38.9597,-94.3714,56
42.1128,-92.9175,23
61.1781,-149.9664,30
32.9733,-97.3181,39
19.7192,-155.0531,28
37.7461,-97.2211,67
44.9319,-93.0556,23
39.5264,-107.7264,27
43.1111,-76.1039,24
40.3161,-78.8339,15
32.4833,-80.7167,30
44.8664,-91.4878,21
39.6014,-116.0056,22
37.3278,-95.5042,38
46.2400,-117.3900,13
58.6794,-156.6294,34
40.4953,-107.5211,27
45.7728,-122.8611,29
36.3189,-119.6289,21
63.9944,-145.7214,33
39.3903,-94.5553,27
38.0494,-103.5122,42
35.4111,-80.5833,0
26.5850,-81.8614,22
41.7700,-88.4814,34
36.7367,-97.1019,42
29.5622,-91.5256,9
32.3206,-90.0778,16
7.3333,134.4833,28
34.7272,-92.2389,30
45.5406,-122.9486,22
46.9208,-114.0925,26
42.2706,-71.8731,37
32.8192,-97.3614,40
43.9658,-107.9508,31
37.2839,-98.5528,46
38.3083,-75.1239,22
40.3667,-75.9667,13
45.8678,-95.3942,17
37.3711,-118.3581,51
36.7200,-106.2600,8
42.0572,-102.8000,47
44.8831,-93.2289,25
40.2383,-75.5572,7
21.4500,-157.7833,42
43.1953,-71.5011,19
40.0681,-118.5692,32
29.3331,-89.4075,21
31.3928,-92.2956,11
37.7797,-89.2497,35
26.0719,-80.1536,35
43.2781,-70.9222,35
33.9481,-83.3275,18
48.2553,-101.2733,23
40.1936,-76.7633,11
45.7881,-111.1608,26
40.3300,-75.1225,12
35.2372,-120.6414,17
42.3606,-71.0106,32
40.8217,-72.8689,22
39.3792,-74.4242,29
48.1739,-103.6367,24
31.3214,-85.4497,28
38.1847,-84.9033,21
47.3000,-121.6000,9
39.1667,-76.6833,16
17.7028,-64.8056,65
38.0442,-87.5206,23
36.8167,-76.0333,36
31.5356,-84.1944,22
42.6425,-77.0564,13
28.5453,-81.3331,31
39.2231,-106.8683,32
39.3644,-84.5247,10
41.4914,-120.5644,17
42.8975,-106.4636,38
39.7556,-82.6572,16
44.7900,-116.0900,14
34.9883,-117.8647,33
30.4844,-81.7019,30
36.1189,-86.6892,16
44.3800,-116.3400,8
38.3306,-96.1897,59
39.5703,-104.8489,34
41.5631,-83.4764,18
25.6475,-80.4331,22
47.3978,-120.2014,33
40.4719,-81.4236,4
36.9358,-121.7886,21
39.7053,-105.6997,22
47.4933,-122.2144,30
48.5428,-109.7633,25
39.7750,-105.1169,0
30.4000,-86.4717,14
41.3375,-84.4289,23
42.5700,-72.2911,11
34.2008,-119.2069,27
39.7506,-92.5064,31
35.6567,-95.3614,33
42.9550,-87.9044,25
41.8706,-103.5931,38
43.9042,-92.4917,31
44.8889,-116.1017,22
34.7000,-77.3833,22
42.0800,-80.1825,19
40.2342,-85.3936,27
43.7700,-88.4864,20
36.3200,-115.7000,8
71.2833,-156.7814,0
41.2531,-70.0608,36
36.5728,-79.3361,15
42.9667,-83.7494,17
41.6117,-90.5808,30
35.5144,-108.7939,23
33.2208,-92.8142,22
43.1561,-90.6775,12
37.1319,-76.4930,30
41.8756,-71.0211,17
32.5722,-116.9794,21
64.5111,-165.4400,27
40.1100,-87.9567,18
36.6817,-101.5053,61
40.6239,-74.6694,5
39.1033,-84.4189,17
32.6261,-116.4681,33
30.0481,-102.2131,34
26.2281,-97.6542,37
38.3000,-76.4167,27
31.0425,-86.3117,14
45.4622,-69.5953,27
46.6056,-111.9636,30
60.1283,-149.4167,36
35.8181,-83.9858,22
36.9600,-106.6600,8
36.1300,-105.5300,3
32.5500,-88.5667,16
26.1969,-80.1708,29
45.8619,-96.5650,9
18.4325,-66.0108,63
32.4506,-93.8411,28
41.7219,-71.4325,33
55.3567,-131.7117,51
35.9333,-79.0642,18
32.7336,-117.1831,28
37.5908,-83.3131,8
35.0311,-85.2014,12
32.8519,-96.8556,41
33.9519,-117.4386,21
40.5175,-122.2986,28
41.1389,-75.3794,25
42.5844,-110.1075,44
29.7036,-98.0281,29
33.6361,-91.7556,21
39.3600,-106.0600,11
44.6381,-90.1875,22
31.3347,-92.5586,12
33.2119,-87.6161,14
41.9381,-72.6825,23
39.9444,-81.8922,13
36.6636,-121.6081,34
39.7078,-77.7297,19
35.3331,-94.3625,23
38.8100,-104.6883,36
42.7803,-84.5789,13
47.9742,-117.4283,17
36.8781,-91.9025,28
35.4319,-82.5375,18
43.1544,-93.3269,28
42.5708,-77.7133,23
36.9500,-76.2833,27
32.6636,-97.0939,34
43.1167,-77.6767,29
36.1336,-80.2222,15
37.0872,-84.0769,25
42.2314,-83.3308,10
60.4889,-145.4511,15
31.1500,-92.9667,7
41.7861,-87.7522,39
34.8536,-116.7858,45
41.5097,-72.8278,13
48.6033,-112.3753,35
39.4206,-79.0050,9
35.6875,-117.6931,34
43.9844,-88.5569,26
64.8039,-147.8761,11
31.1522,-81.3908,36
30.8356,-85.1839,29
37.2353,-93.4003,47
41.5333,-71.2833,27
39.1333,-86.6167,22
42.2667,-84.4667,18
45.2486,-122.7686,26
44.3853,-74.2067,13
42.4092,-83.0100,11
35.7047,-101.5492,31
40.1519,-122.2536,35
44.8428,-117.8086,24
45.9647,-112.5006,28
34.8831,-82.2203,16
39.2953,-114.8467,34
30.7167,-87.0167,18
18.2550,-65.6408,48
59.2433,-135.5094,31
46.7708,-100.7603,23
33.6542,-101.8136,59
25.9156,-97.4186,40
42.8783,-100.5500,22
46.9258,-98.6692,11
37.4389,-105.8614,31
57.0481,-135.3647,16
39.9181,-76.8742,9
59.4433,-151.7017,17
40.0781,-83.0781,23
36.9878,-120.1106,22
32.3336,-104.2581,37
24.5550,-81.7522,33
37.1467,-94.5022,55
32.7800,-79.9319,29
56.6000,-169.5650,68
38.2103,-122.2847,34
40.9781,-124.1086,21
31.4156,-87.0442,19
37.7086,-113.0944,22
42.5417,-113.7661,38
43.7331,-103.6114,22
43.5331,-84.0797,24
31.5883,-110.3442,27
31.4208,-110.8458,23
61.1000,-149.6936,89
29.6381,-95.2819,24
33.1281,-117.2794,20
48.3042,-114.2636,17
43.3497,-76.3847,15
30.7797,-86.5225,12
32.5156,-92.0406,19
41.0089,-74.7367,6
39.0431,-84.6717,25
41.1519,-104.8061,39
32.7667,-97.4500,44
46.8706,-68.0172,39
32.8986,-80.0403,30
38.3775,-121.9575,23
39.7736,-94.9233,49
42.8914,-73.2469,10
42.8375,-103.0953,33
34.2486,-82.1592,25
39.2972,-94.7306,53
39.6092,-110.7547,31
32.8547,-109.6353,31
41.6328,-91.5431,28
34.9000,-76.8833,20
42.5842,-70.9175,23
43.9922,-76.0217,15
45.6689,-96.9914,22
40.8500,-74.0614,22
48.5614,-93.3981,10
29.7333,-85.0333,31
38.1811,-85.7392,31
40.6675,-89.6839,28
37.3208,-79.2067,21
40.6825,-74.1694,33
43.0206,-102.5183,24
32.6847,-83.6528,18
46.4267,-105.8825,31
45.6906,-118.8528,29
40.7794,-73.8803,30
61.5961,-149.0917,41
32.4106,-99.6822,51
34.3447,-108.4922,63
55.0389,-131.5786,46
40.8731,-81.8867,16
29.3600,-99.1742,32
47.9375,-124.5550,22
42.5950,-87.9381,26
41.7361,-72.6506,42
39.9492,-74.8417,8
41.3103,-95.8992,39
39.8447,-89.6839,23
59.7494,-154.9089,41
40.5100,-101.6200,38
42.2228,-83.7444,10
38.8483,-77.0342,26
40.7789,-73.9692,14
42.7900,-121.9800,8
39.8233,-93.5792,25
33.5656,-86.7450,10
32.7100,-96.2672,30
41.1783,-78.8989,11
41.5339,-93.6531,25
35.6542,-105.1419,26
38.3650,-82.5550,16
6.9667,158.2167,15
39.4019,-77.9844,14
43.7300,-113.8300,6
30.3433,-89.8222,10
64.3267,-158.7417,42
34.0158,-118.4514,26
38.6572,-90.6558,41
35.0028,-105.6628,44
37.7214,-122.2208,33
34.7675,-114.6189,36
36.0236,-84.2375,9
34.2167,-119.0833,22
41.9922,-93.6217,24
42.0647,-104.1528,50
43.8789,-91.2528,24
41.1014,-102.9847,43
39.7333,-77.4333,1
32.6500,-114.6167,41
41.0375,-81.4642,15
39.4494,-74.5672,22
34.9914,-78.8803,31
43.7667,-98.0333,13
46.9006,-95.0678,16
36.7436,-108.2292,30
44.3744,-70.3164,13
35.2578,-93.0947,12
40.6161,-83.0636,19
41.4333,-99.6333,32
35.7800,-105.5400,2
34.5467,-93.5781,5
37.5050,-77.3203,26
47.4569,-115.6450,21
36.9839,-77.0075,13
40.0228,-82.4625,13
31.5358,-82.5067,26
36.0097,-94.1694,32
59.6419,-151.4908,21
42.7972,-105.3856,46
35.5953,-82.5567,4
33.1803,-96.5903,38
28.1011,-80.6439,26
46.3747,-117.0156,19
31.7800,-103.2017,51
34.8994,-120.4486,24
35.4344,-119.0542,32
45.6208,-122.6572,29
47.7472,-90.3444,11
41.8833,-91.7167,28
45.0619,-93.3508,22
42.4819,-114.4869,56
34.5583,-98.4172,44
36.7800,-119.7194,22
40.6331,-93.9019,36
42.7611,-87.8136,27
47.9428,-97.1839,15
43.5164,-112.0672,27
21.3167,-158.0667,21
41.6764,-70.9583,26
41.8031,-78.6403,10
41.9856,-97.4353,32
38.4000,-119.5400,8
32.7000,-117.2000,34
42.4700,-71.2894,19
29.6919,-82.2756,20
27.9106,-82.6875,30
40.4847,-80.2144,17
44.4683,-73.1500,19
27.9619,-82.5403,28
27.7839,-97.5108,30
38.5000,-77.3000,38
35.9508,-85.0814,11
66.0689,-162.7639,39
47.4667,-87.8833,10
39.6728,-75.6008,26
30.9119,-102.9167,53
40.8764,-74.2831,10
37.6242,-120.9506,24
38.5069,-121.4950,22
