40.7264,-122.7947,311
38.8586,-99.3358,311
43.8544,-116.4664,311
37.1503,-104.5567,344
40.7142,-122.4161,378
36.4711,-86.8414,356
37.9050,-93.3169,272
33.6731,-111.1508,378
47.0575,-109.9514,289
42.9536,-112.8253,306
28.4675,-98.2525,372
44.7764,-108.7592,322
40.4750,-86.9919,322
42.9592,-120.7897,350
40.2842,-109.8611,372
37.3806,-107.5811,300
39.9000,-98.0256,389
39.0303,-76.9314,322
39.8114,-99.9386,361
40.6117,-122.5281,394
46.0436,-118.4628,317
43.8083,-111.7892,300
34.5822,-119.9817,317
40.1739,-101.0611,328
34.7675,-106.7611,372
42.1397,-87.7853,300
45.6750,-111.1550,322
36.4622,-116.8669,406
40.7833,-81.9167,311
33.7542,-99.1442,356
42.8767,-77.0308,322
39.2494,-106.3714,222
38.4917,-122.1242,328
47.7283,-104.1467,433
37.0683,-88.7725,361
33.7092,-93.5564,389
45.9228,-108.2444,306
46.8706,-68.0172,239
40.2233,-86.1086,289
40.1550,-103.1417,322
39.0744,-96.8983,239
35.6214,-88.8456,394
64.8569,-147.8611,189
44.0622,-103.4819,261
38.4661,-101.7758,333
37.7967,-121.5828,389
46.7603,-117.1861,311
35.7197,-86.9653,322
36.8047,-107.6214,311
34.9881,-120.3211,322
26.8400,-81.0872,339
41.9342,-88.7756,289
42.1231,-111.3133,328
40.0892,-99.2133,378
35.4139,-86.8086,389
38.7978,-99.7231,344
37.7617,-117.5658,344
39.0422,-108.4664,333
47.0022,-118.5658,328
43.5492,-71.4647,311
48.4983,-109.8014,317
44.1183,-121.2103,278
30.2003,-92.6642,389
36.5575,-105.2628,317
35.7047,-101.5492,306
48.7178,-122.5114,289
38.6450,-95.5661,444
38.4931,-122.0047,367
35.4072,-104.1906,206
40.1167,-76.4333,339
61.5664,-149.2542,278
32.2822,-106.7597,356
34.5989,-103.2161,317
35.2006,-103.6867,367
41.4439,-86.9294,283
42.7467,-71.0425,233
47.6811,-117.6267,289
36.5508,-114.4581,344
39.3925,-101.0689,361
41.6661,-111.8914,339
40.2539,-85.1483,294
26.5581,-99.1372,233
37.6967,-93.7722,383
35.0489,-97.9158,361
25.8175,-80.2858,411
39.6619,-99.1228,372
38.0047,-120.4864,344
30.7053,-104.0233,244
39.4031,-99.4192,406
36.6897,-108.3086,333
40.2458,-111.6508,361
46.7281,-116.9558,322
45.4825,-120.7236,244
41.4903,-71.5431,317
