32.5667,-117.1167,1009
30.0494,-90.0289,1512
43.9906,-70.9475,906
45.6194,-121.1661,2335
34.2008,-119.2069,1214
64.7767,-141.1483,1253
35.0169,-80.6206,1621
38.3000,-76.4167,1933
41.3461,-82.1794,1107
37.7461,-97.2211,1423
34.9883,-117.8647,1618
39.7333,-77.4333,850
39.8233,-93.5792,1639
41.6764,-70.9583,1333
42.2333,-83.5333,1240
36.7414,-104.5022,1755
41.2531,-70.0608,716
31.3558,-85.7511,1447
37.3278,-95.5042,1207
41.6264,-80.2150,1635
60.1283,-149.4167,1349
61.2169,-149.8550,2318
64.5500,-149.0717,1737
36.9839,-77.0075,2222
40.0681,-118.5692,716
38.8761,-98.8092,2209
41.0089,-74.7367,1345
26.5361,-81.7550,1739
64.3267,-158.7417,1611
41.9097,-70.7294,1527
42.6958,-73.1708,1204
42.6425,-77.0564,122
41.6686,-70.2800,1801
59.7494,-154.9089,1534
37.0911,-95.5664,1014
39.9369,-91.1919,2047
41.4525,-87.0058,952
40.8764,-74.2831,1424
42.5519,-71.7558,1509
32.5428,-93.7450,1750
41.2639,-72.8872,1812
62.3200,-150.0950,1706
47.5303,-122.3008,1650
42.1094,-77.9919,1223
34.9869,-81.0575,316
40.8436,-72.6322,1455
36.3333,-119.9500,1627
33.4050,-118.4158,1044
40.8217,-72.8689,1440
42.4092,-83.0100,1527
35.6169,-106.0889,2053
41.5631,-83.4764,934
30.7797,-86.5225,1127
38.6956,-121.5897,1833
27.9106,-82.6875,1306
40.1203,-76.2944,1242
32.7667,-97.4500,2359
38.4167,-113.0167,1357
46.4167,-86.6500,1553
47.9078,-122.2803,2359
45.8183,-88.1144,729
66.9161,-151.5089,1109
41.5333,-71.2833,1420
28.4736,-82.4544,133
17.7028,-64.8056,1325
48.5222,-123.0231,1349
40.6161,-83.0636,842
42.4167,-87.8667,1454
31.9514,-85.1289,1451
35.9333,-79.0642,1832
18.3331,-64.9667,1038
41.8678,-84.0794,1808
44.3675,-71.5450,1236
46.0261,-91.4442,1437
41.5175,-81.6836,1213
24.5833,-81.6833,1146
41.5092,-74.2650,1249
36.8167,-76.0333,2331
18.2550,-65.6408,1624
31.4156,-87.0442,1456
40.2383,-75.5572,1741
35.5144,-108.7939,29
48.1203,-123.4983,2123
38.8983,-119.9947,1701
32.8167,-115.6833,310
28.0622,-81.7542,1529
39.7556,-82.6572,1211
30.4000,-81.4167,1406
18.4325,-66.0108,1600
31.6072,-110.4281,1827
63.9944,-145.7214,1446
46.5486,-90.9189,1356
55.5800,-133.0750,2248
47.4933,-122.2144,1844
35.1822,-103.6031,1949
59.4556,-135.3239,1415
37.7064,-112.1456,1146
60.7850,-148.8389,1901
47.2675,-122.5761,1646
35.8550,-77.8931,2044
35.0028,-105.6628,1822
39.9181,-76.8742,1405
67.7317,-164.5483,1858
30.6264,-88.0681,1350
38.3083,-75.1239,1412
30.5069,-86.9597,937
37.1319,-76.4930,2240
41.7361,-72.6506,1052
39.5936,-84.2264,1027
41.2003,-74.6231,1320
39.1033,-84.4189,741
30.7044,-87.0231,631
37.7081,-77.4344,2112
39.4900,-121.6183,1341
34.9000,-76.8833,2347
42.8050,-72.0036,1530
41.3931,-70.6150,1542
39.3667,-75.0667,2039
31.3928,-92.2956,1535
41.5097,-72.8278,1133
32.4833,-80.7167,1559
41.6875,-69.9933,1931
34.7000,-77.3833,1717
7.3333,134.4833,1517
35.9403,-89.8308,1742
46.1442,-115.5964,1136
70.1917,-148.4772,1633
43.2781,-70.9222,1116
59.4433,-151.7017,2024
30.3433,-89.8222,1552
40.6239,-74.6694,2141
31.8456,-86.6108,113
30.8356,-85.1839,1334
55.3567,-131.7117,1656
59.2433,-135.5094,2042
41.0375,-81.4642,1128
39.3644,-84.5247,717
47.0339,-120.5303,1911
45.8258,-119.2611,1212
47.4667,-87.8833,1206
36.7436,-108.2292,1620
40.8500,-74.0614,656
38.5000,-77.3000,2059
36.6950,-76.1356,2336
31.1500,-92.9667,1357
41.7781,-80.6958,1654
32.5500,-88.5667,1711
41.7419,-72.1836,2046
56.6000,-169.5650,421
38.7667,-104.3000,2041
42.6003,-123.3642,2002
48.7167,-94.6000,1301
47.3864,-92.8389,2123
42.2228,-83.7444,1207
39.2775,-120.7103,1233
43.9636,-69.7117,1015
35.1350,-90.2344,1430
34.2097,-118.4892,1044
43.6264,-72.3047,1213
34.6719,-82.8864,1238
41.3714,-73.4828,1356
58.3567,-134.5639,2344
41.9144,-88.2464,1113
41.8756,-71.0211,1455
46.4047,-94.1308,1229
61.1689,-150.0278,1502
47.7472,-90.3444,243
42.6650,-83.4181,1155
29.5622,-91.5256,1224
47.1686,-88.4889,21
40.0819,-75.0111,1841
43.3497,-76.3847,1408
40.8731,-81.8867,1053
31.3500,-85.6667,1447
39.4203,-83.8217,1516
34.7917,-79.3661,618
7.4500,151.8333,1415
34.8461,-82.3461,1544
44.5761,-71.1786,857
37.1681,-97.0369,1409
40.1606,-113.3508,1935
31.0425,-86.3117,1325
43.1644,-95.2017,950
6.9667,158.2167,1055
62.9614,-141.9292,1352
57.0481,-135.3647,2359
42.9333,-71.4383,1604
39.9492,-74.8417,1338
45.6044,-103.5464,1617
42.5700,-72.2911,1418
60.4889,-145.4511,827
45.4622,-69.5953,1509
42.4933,-79.2722,1034
40.0781,-83.0781,1345
62.1592,-145.4589,1014
30.3503,-81.8831,1317
60.5797,-151.2392,2226
39.4167,-118.7167,1628
42.4700,-71.2894,1318
31.3089,-86.3939,1419
35.6875,-117.6931,1953
42.1208,-87.9047,432
38.9833,-76.4667,2057
47.4569,-115.6450,1328
41.7700,-88.4814,111
38.9503,-95.6639,9
36.9500,-76.2833,2313
31.5883,-110.3442,1634
40.7342,-73.4169,1543
40.8206,-76.8642,1329
29.3331,-89.4075,846
42.1594,-76.8919,1440
42.7172,-71.1239,1402
40.0228,-82.4625,1217
42.1908,-71.1736,1303
66.0689,-162.7639,1509
41.3275,-72.0494,1211
41.0669,-73.7075,1529
41.7872,-111.8533,1942
47.2381,-123.1408,1651
61.5961,-149.0917,2302
38.0653,-97.8606,2159
41.0467,-78.4117,1305
42.5708,-77.7133,107
61.1781,-149.9664,13
32.7000,-117.2000,1406
42.1578,-72.7161,1214
40.3547,-79.9217,1314
35.1967,-81.1558,423
27.5000,-97.8167,1516
30.7167,-87.0167,1332
41.1961,-112.0114,255
40.3300,-75.1225,1903
30.2333,-81.6667,1329
41.3497,-71.7989,1539
41.7861,-87.7522,1130
40.2172,-76.8514,1720
27.6833,-97.2833,1538
42.5842,-70.9175,1352
44.0219,-82.7931,1346
48.3500,-122.6667,1313
9.4833,138.0833,1400
70.2117,-151.0017,1958
30.4000,-86.4717,1052
32.8667,-117.1333,1343
31.4000,-93.2833,1622
43.2339,-75.4117,1507
39.6092,-110.7547,1525
30.4636,-88.5319,1449
39.2956,-80.2289,1142
35.6542,-105.1419,1617
46.9006,-95.0678,1521
36.1336,-80.2222,1352
43.1072,-78.9453,1531
38.1417,-76.4292,1919
34.2486,-82.1592,1409
59.6419,-151.4908,1642
41.0136,-83.6686,253
36.0467,-79.4769,737
