42.9592,-120.7897,167
34.5989,-103.2161,194
36.5575,-105.2628,111
47.7283,-104.1467,139
39.3925,-101.0689,200
40.0892,-99.2133,206
38.6450,-95.5661,233
39.0303,-76.9314,167
36.8047,-107.6214,122
38.5350,-121.7761,194
41.6661,-111.8914,150
39.0422,-108.4664,172
39.1172,-95.4097,194
41.4439,-86.9294,144
37.7617,-117.5658,167
38.0047,-120.4864,206
39.2494,-106.3714,100
38.4917,-122.1242,189
40.1739,-101.0611,228
34.7675,-106.7611,194
26.5581,-99.1372,228
37.9050,-93.3169,122
36.6897,-108.3086,161
34.9881,-120.3211,172
37.6967,-93.7722,217
39.6619,-99.1228,206
44.0622,-103.4819,122
35.4072,-104.1906,194
32.2822,-106.7597,200
37.0683,-88.7725,211
40.4750,-86.9919,144
43.5492,-71.4647,144
42.1397,-87.7853,178
42.7467,-71.0425,161
38.8586,-99.3358,194
42.8767,-77.0308,150
35.7047,-101.5492,167
40.1550,-103.1417,178
48.7178,-122.5114,139
36.9969,-119.7072,-178
33.6731,-111.1508,250
35.2006,-103.6867,222
30.2003,-92.6642,228
42.9536,-112.8253,144
43.8544,-116.4664,194
39.9000,-98.0256,239
37.7967,-121.5828,178
26.8400,-81.0872,244
40.7833,-81.9167,144
45.6750,-111.1550,139
35.7197,-86.9653,217
36.4622,-116.8669,239
36.5508,-114.4581,178
33.7092,-93.5564,244
35.0489,-97.9158,222
40.2458,-111.6508,200
44.1183,-121.2103,133
40.2842,-109.8611,139
35.4139,-86.8086,200
42.1231,-111.3133,128
40.2539,-85.1483,161
46.8706,-68.0172,150
38.7978,-99.7231,194
48.4983,-109.8014,144
45.6911,-118.8522,167
40.7142,-122.4161,211
38.4931,-122.0047,189
35.6214,-88.8456,228
25.8175,-80.2858,256
38.7403,-104.3994,150
41.9342,-88.7756,156
38.4661,-101.7758,183
40.2233,-86.1086,189
47.0575,-109.9514,150
34.5822,-119.9817,167
43.8083,-111.7892,111
46.7603,-117.1861,150
45.4825,-120.7236,128
45.9228,-108.2444,178
37.3806,-107.5811,122
40.6117,-122.5281,222
46.7281,-116.9558,156
36.4711,-86.8414,189
37.1503,-104.5567,200
30.7053,-104.0233,161
28.4675,-98.2525,222
29.4608,-101.0286,222
64.8569,-147.8611,72
47.6811,-117.6267,156
39.4031,-99.4192,178
47.0022,-118.5658,161
33.7542,-99.1442,239
61.5664,-149.2542,67
44.7764,-108.7592,183
