45.8981,-86.5483,103
46.2314,-112.1136,89
39.4206,-79.0050,170
47.8344,-120.0006,36
38.6644,-94.8900,58
47.2753,-88.4169,54
40.1100,-87.9567,40
47.6497,-120.0800,45
35.5953,-82.5567,98
39.7506,-92.5064,67
30.5347,-94.4456,36
41.8161,-80.4250,36
37.1317,-86.1481,49
39.8814,-77.3506,112
39.7750,-105.1169,112
47.2919,-88.4208,103
40.5764,-105.0858,76
39.7194,-76.8028,89
45.6656,-97.0392,54
44.4933,-68.4583,94
34.6242,-106.3103,94
38.5039,-95.7036,72
35.1375,-77.9892,107
34.2183,-116.4072,116
34.1206,-115.8500,112
45.4525,-99.3358,112
42.3997,-89.9903,98
61.5889,-149.0992,49
42.2947,-83.7108,161
47.0083,-88.4317,72
41.7392,-77.9711,94
39.0733,-93.7075,63
47.8306,-110.6608,54
39.3903,-94.5553,63
40.9656,-105.2186,80
61.2967,-149.4400,63
39.1439,-103.4897,67
61.1025,-149.7169,94
40.8600,-102.8031,89
48.0750,-111.2597,63
48.9981,-110.2158,116
40.6558,-97.2208,80
48.4628,-108.7792,45
45.0961,-112.0856,130
34.7994,-109.8850,148
35.0761,-89.7430,49
47.0111,-109.2261,27
41.2847,-105.5319,72
