36.3200,-115.7000,49
36.7200,-106.2600,54
43.8000,-114.8500,57
43.7600,-116.1000,54
35.7700,-105.7800,19
36.5100,-106.3200,13
40.3000,-111.2600,46
43.7600,-115.2400,47
43.7300,-113.8300,32
39.1900,-120.2600,64
39.3600,-106.0600,36
36.2500,-115.6300,65
39.2900,-117.1100,34
36.8600,-106.2300,16
46.2400,-117.3900,76
44.2100,-110.6700,82
44.7900,-116.0900,71
38.4000,-119.5400,43
35.9200,-106.3900,35
48.7200,-116.4600,63
41.4000,-107.2600,28
36.1900,-105.5600,26
40.8300,-111.7600,63
36.0300,-106.8100,32
36.0700,-105.6300,39
36.9600,-106.6600,31
35.3400,-111.6500,85
36.7900,-105.2400,42
39.4300,-120.3100,36
36.0000,-106.8300,26
40.5300,-106.7800,16
36.3100,-115.6800,59
39.8000,-106.0300,334
36.9900,-105.2600,63
36.1300,-105.5300,30
44.3800,-116.3400,46
39.3100,-111.4300,77
35.7800,-105.5400,25
