-35.2705,138.5591,2
38.3197,-76.4525,2
-35.1351,138.5274,2
38.6644,-94.8900,2
43.2683,-79.0103,4
-34.4878,117.6278,2
32.7744,-87.8306,2
46.5831,-90.9678,3
32.3217,-85.1683,3
-35.7226,147.9291,4
43.2278,-110.4358,2
-34.0260,138.6846,2
45.1111,-87.6117,3
39.0031,-90.6886,3
20.8292,-156.9203,2
34.0861,-84.9828,16
40.4150,-102.6267,5
39.8350,-95.7228,15
35.8325,-83.1164,6
48.1069,-88.5467,2
-34.1953,143.7916,2
37.5725,-85.2558,2
42.6519,-112.1931,5
46.4178,-104.5164,3
-37.4964,144.5028,2
-41.9933,145.5725,6
-35.2276,138.5366,2
46.2642,-87.5150,2
-34.2975,137.7126,2
-31.3433,149.5076,2
37.5339,-96.8814,2
29.7853,-90.1158,2
38.8664,-90.1464,2
21.3933,-157.9750,2
39.6361,-91.2494,2
32.8622,-85.7358,2
41.4500,-85.2272,2
-37.3770,142.8110,2
34.7514,-84.1483,2
18.4736,-67.0289,2
-41.6706,146.7278,4
33.4528,-87.3572,2
48.5011,-92.6444,4
-38.0329,141.0183,3
-36.3717,145.7048,2
40.8778,-88.6364,8
-35.0102,138.7602,6
37.2469,-92.5275,3
30.8714,-89.1214,2
37.5772,-93.9939,2
21.3733,-157.7853,2
-38.1594,144.5556,3
38.9272,-79.8311,6
44.2206,-114.9342,3
-36.4722,148.6232,3
