37.5339,-96.8814,361
48.1069,-88.5467,3
32.7744,-87.8306,0
-35.1351,138.5274,100
42.6519,-112.1931,46
46.2642,-87.5150,13
-41.9933,145.5725,1680
41.4500,-85.2272,0
32.3217,-85.1683,0
-34.0260,138.6846,94
43.2683,-79.0103,84
38.6644,-94.8900,33
37.5725,-85.2558,478
-34.2975,137.7126,64
-37.3770,142.8110,40
40.8778,-88.6364,0
38.9272,-79.8311,56
-31.3433,149.5076,6
-35.7226,147.9291,104
48.5011,-92.6444,15
29.7853,-90.1158,193
-41.6706,146.7278,190
-35.2276,138.5366,68
33.4528,-87.3572,89
20.8292,-156.9203,69
44.2206,-114.9342,15
34.0861,-84.9828,315
32.8622,-85.7358,439
38.3197,-76.4525,483
38.8664,-90.1464,475
-34.4878,117.6278,12
30.8714,-89.1214,8
39.0031,-90.6886,559
46.5831,-90.9678,0
39.6361,-91.2494,127
-35.0102,138.7602,500
45.1111,-87.6117,0
43.2278,-110.4358,5
21.3733,-157.7853,43
18.4736,-67.0289,20
35.8325,-83.1164,10
40.4150,-102.6267,0
34.7514,-84.1483,46
-34.1953,143.7916,20
39.8350,-95.7228,475
37.2469,-92.5275,671
37.5772,-93.9939,229
-36.3717,145.7048,22
46.4178,-104.5164,259
21.3933,-157.9750,38
-38.1594,144.5556,70
-37.4964,144.5028,54
-38.0329,141.0183,84
