40.7264,-122.7947,300
38.8586,-99.3358,222
37.1503,-104.5567,139
40.7142,-122.4161,189
36.4711,-86.8414,222
37.9050,-93.3169,228
33.6731,-111.1508,256
47.0575,-109.9514,111
42.9536,-112.8253,78
28.4675,-98.2525,256
44.7764,-108.7592,139
40.4750,-86.9919,167
42.9592,-120.7897,122
40.2842,-109.8611,139
39.9000,-98.0256,194
39.0303,-76.9314,183
39.8114,-99.9386,178
40.6117,-122.5281,189
43.0431,-96.9033,178
46.0436,-118.4628,167
43.8083,-111.7892,100
34.5822,-119.9817,161
40.1739,-101.0611,206
44.8406,-106.8383,150
42.1397,-87.7853,206
45.6750,-111.1550,106
36.4622,-116.8669,250
40.7833,-81.9167,156
33.7542,-99.1442,233
42.8767,-77.0308,150
38.4917,-122.1242,106
37.0683,-88.7725,206
45.9228,-108.2444,156
46.8706,-68.0172,139
40.2233,-86.1086,194
40.1550,-103.1417,172
35.6214,-88.8456,211
64.8569,-147.8611,117
44.0622,-103.4819,144
38.4661,-101.7758,183
37.7967,-121.5828,178
35.7197,-86.9653,228
36.8047,-107.6214,133
34.9881,-120.3211,172
26.8400,-81.0872,233
41.9342,-88.7756,161
42.1231,-111.3133,100
40.0892,-99.2133,189
35.4139,-86.8086,189
38.7978,-99.7231,211
37.7617,-117.5658,161
39.0422,-108.4664,172
38.9408,-95.3397,283
43.5492,-71.4647,156
36.0147,-85.1314,200
30.2003,-92.6642,250
36.5575,-105.2628,106
38.5350,-121.7761,167
46.6722,-120.4994,139
35.7047,-101.5492,178
48.7178,-122.5114,133
38.6450,-95.5661,311
38.4931,-122.0047,161
35.4072,-104.1906,222
40.1167,-76.4333,172
45.6911,-118.8522,128
61.5664,-149.2542,128
32.2822,-106.7597,228
34.5989,-103.2161,189
35.2006,-103.6867,267
41.4439,-86.9294,172
42.7467,-71.0425,139
36.5508,-114.4581,183
39.3925,-101.0689,194
29.4608,-101.0286,278
41.6661,-111.8914,128
40.2539,-85.1483,189
26.5581,-99.1372,239
37.6967,-93.7722,233
35.0489,-97.9158,250
25.8175,-80.2858,261
39.6619,-99.1228,178
38.0047,-120.4864,161
30.7053,-104.0233,172
39.4031,-99.4192,200
36.6897,-108.3086,178
37.9931,-100.8122,194
40.2458,-111.6508,167
45.4825,-120.7236,117
41.4903,-71.5431,139
