18.1747,-66.7978,18
31.2022,-93.5725,175
40.7264,-122.7947,18
38.8586,-99.3358,130
36.9969,-119.7072,37
45.3128,-107.9383,143
40.7142,-122.4161,47
36.4711,-86.8414,74
47.0575,-109.9514,156
42.9536,-112.8253,196
42.9592,-120.7897,63
40.2842,-109.8611,111
39.9000,-98.0256,74
39.0303,-76.9314,64
39.8114,-99.9386,204
40.6117,-122.5281,10
43.0431,-96.9033,159
31.6164,-94.6431,53
34.1864,-90.5572,87
46.0436,-118.4628,82
43.8083,-111.7892,77
34.5822,-119.9817,50
40.1739,-101.0611,84
35.3872,-76.7764,122
31.8769,-105.2369,32
42.1397,-87.7853,3
45.7206,-118.6264,237
40.5764,-105.0858,37
36.4622,-116.8669,460
34.5697,-93.1947,19
30.8408,-89.5453,26
39.0172,-92.7558,3
37.5147,-122.0325,174
40.7833,-81.9167,56
32.8964,-107.3078,121
33.7542,-99.1442,266
35.1131,-89.2122,48
34.7281,-90.3683,69
30.7931,-94.1819,108
38.4917,-122.1242,37
33.7092,-93.5564,61
45.9228,-108.2444,90
39.1172,-95.4097,113
46.8706,-68.0172,117
35.1297,-89.8036,53
39.2475,-96.5994,23
30.0689,-94.2928,169
40.2233,-86.1086,37
18.0331,-67.0722,79
40.1550,-103.1417,266
18.2583,-65.9922,159
35.6214,-88.8456,87
35.8819,-83.9572,37
64.8569,-147.8611,24
44.0622,-103.4819,34
38.4661,-101.7758,163
43.4033,-103.2683,42
35.7197,-86.9653,95
34.6033,-104.3811,69
36.8047,-107.6214,356
34.9881,-120.3211,89
31.3706,-100.4942,188
26.8400,-81.0872,58
41.9342,-88.7756,50
41.0267,-86.5867,35
42.1231,-111.3133,106
37.3822,-102.2986,166
40.0892,-99.2133,19
35.4139,-86.8086,64
38.7978,-99.7231,85
37.7617,-117.5658,79
39.0422,-108.4664,106
32.8242,-95.5275,188
43.5492,-71.4647,47
36.0147,-85.1314,37
35.6872,-90.0964,134
30.2003,-92.6642,85
39.5039,-98.3150,61
39.9614,-86.0586,10
38.5200,-89.8467,56
46.6722,-120.4994,71
35.7047,-101.5492,130
38.6450,-95.5661,31
38.4931,-122.0047,47
31.8456,-99.5606,132
42.3806,-96.9575,8
40.1167,-76.4333,55
32.8522,-95.8864,216
45.6911,-118.8522,212
61.5664,-149.2542,85
35.1161,-93.6506,0
32.2822,-106.7597,26
34.5989,-103.2161,98
35.2006,-103.6867,64
33.0642,-101.0489,167
41.4439,-86.9294,37
42.7467,-71.0425,35
33.1481,-95.6269,229
34.1647,-88.7239,216
36.5508,-114.4581,158
33.1461,-107.1842,119
39.3925,-101.0689,137
44.8831,-85.6753,16
40.2539,-85.1483,50
26.5581,-99.1372,0
34.8219,-89.4347,90
35.0489,-97.9158,108
25.8175,-80.2858,55
39.6619,-99.1228,21
44.3089,-85.2050,39
38.0047,-120.4864,55
30.7053,-104.0233,50
39.4031,-99.4192,60
36.6897,-108.3086,45
32.4219,-93.6381,119
37.9931,-100.8122,151
29.6211,-96.3661,55
46.7047,-92.5253,24
34.1381,-88.9983,113
45.4825,-120.7236,349
44.3253,-96.7686,208
32.9203,-94.7225,153
41.4903,-71.5431,35
