35.7700,-105.7800,26
38.4000,-119.5400,79
36.9900,-105.2600,53
46.2400,-117.3900,63
39.8000,-106.0300,110
35.9200,-106.3900,24
39.4300,-120.3100,27
36.7200,-106.2600,39
48.7200,-116.4600,66
44.2100,-110.6700,88
35.3400,-111.6500,51
36.1900,-105.5600,25
36.7900,-105.2400,41
36.5100,-106.3200,10
40.3000,-111.2600,66
41.4000,-107.2600,33
39.1900,-120.2600,83
43.7600,-116.1000,63
36.8600,-106.2300,25
36.0300,-106.8100,34
39.3100,-111.4300,106
39.2900,-117.1100,27
40.5300,-106.7800,29
43.8000,-114.8500,67
43.7600,-115.2400,54
44.3800,-116.3400,47
36.2500,-115.6300,72
40.8300,-111.7600,35
41.2300,-105.3800,12
36.3100,-115.6800,43
44.7900,-116.0900,69
36.0000,-106.8300,20
36.0700,-105.6300,35
36.9600,-106.6600,36
39.3600,-106.0600,60
