38.8586,-99.3358,44
43.2828,-123.3536,17
38.9422,-92.3200,11
34.7392,-90.7664,39
34.7986,-96.6692,39
33.8936,-97.2692,39
45.5900,-95.8744,-50
36.4231,-99.4167,0
34.2392,-98.7444,22
35.8542,-97.9544,11
36.4711,-86.8414,50
35.3647,-96.9481,11
35.9328,-88.7267,11
35.1228,-99.3600,11
36.1903,-99.0403,6
40.1100,-87.9567,-28
41.1453,-85.4897,11
47.0575,-109.9514,22
36.0642,-97.2128,22
34.5872,-99.3381,28
35.8489,-97.4797,28
36.3842,-98.1114,11
36.1056,-82.8436,67
36.7081,-98.7094,6
34.6892,-86.8819,61
41.8161,-80.4250,11
40.4750,-86.9919,-22
34.6089,-96.3331,44
36.1472,-97.2858,17
36.4119,-97.6939,6
34.1864,-90.5572,67
35.2050,-99.8033,0
39.3669,-101.7000,0
34.7675,-106.7611,-22
31.8769,-105.2369,100
35.4842,-98.4814,-6
42.1397,-87.7853,-6
45.6750,-111.1550,0
36.7481,-98.3628,0
34.9678,-97.9519,17
39.7194,-76.8028,11
35.1867,-102.0797,28
40.7833,-81.9167,0
35.5461,-99.7278,0
35.1131,-89.2122,72
35.5083,-98.7750,-6
34.7281,-90.3683,44
40.4719,-74.4364,17
34.7292,-98.5694,6
63.9033,-152.2817,-11
30.5467,-87.8808,111
34.9897,-99.0528,17
33.7092,-93.5564,50
34.0356,-96.9433,39
31.3625,-85.3397,189
36.1167,-97.6067,6
42.0208,-93.7742,-17
35.5914,-99.2706,0
35.1297,-89.8036,44
33.9208,-96.3203,39
34.9142,-98.2922,11
44.9847,-93.1772,0
39.8058,-90.8236,6
35.6214,-88.8456,33
35.8819,-83.9572,83
35.5419,-97.3414,17
34.8494,-97.0031,22
40.0739,-87.5067,17
39.4833,-83.8500,6
34.5289,-97.7647,28
44.2394,-95.3153,6
36.2872,-88.2958,100
35.1714,-96.6311,28
36.0286,-99.3464,0
44.0708,-93.5264,-33
34.9819,-97.5208,22
35.7197,-86.9653,56
35.9986,-97.0481,11
36.8314,-99.6411,0
31.3706,-100.4942,67
32.4714,-87.2314,167
38.7386,-87.4878,-11
34.4397,-99.1375,11
41.0267,-86.5867,33
63.9647,-145.1050,-56
34.1678,-97.9883,33
37.3822,-102.2986,-17
36.3444,-88.8636,78
35.4139,-86.8086,72
31.0383,-85.8708,144
34.6856,-99.8333,33
34.3325,-96.6789,28
36.1208,-97.0953,33
36.0147,-85.1314,28
33.2422,-103.3611,11
35.6872,-90.0964,39
36.0719,-99.9031,0
36.7256,-99.1422,6
35.1489,-98.4658,6
35.8417,-98.5261,6
35.6528,-96.8042,28
34.1936,-97.5881,28
38.5350,-121.7761,89
33.3867,-97.7164,56
35.0708,-96.3561,17
35.2358,-97.4647,17
34.7156,-97.2292,22
35.8989,-98.9603,0
34.3997,-98.3458,6
34.5989,-103.2161,-28
35.2006,-103.6867,11
41.4439,-86.9294,28
38.4931,-88.9703,11
32.0997,-91.7022,89
34.1647,-88.7239,100
36.9869,-99.0108,0
40.9361,-90.7197,-17
35.4017,-99.0583,6
36.2633,-98.4975,6
35.5483,-98.0364,6
39.3925,-101.0689,6
34.8083,-98.0233,11
34.2281,-97.2014,44
44.8831,-85.6753,-6
34.3086,-95.9969,39
40.2539,-85.1483,6
32.8472,-97.4761,78
34.5519,-96.7178,33
36.3558,-97.1531,6
31.2353,-88.9186,150
36.7925,-97.7458,0
36.8981,-96.9103,6
34.1922,-97.0858,39
36.3925,-89.0317,61
35.0322,-97.9144,6
36.6897,-108.3086,-11
36.0908,-106.0567,39
34.8358,-99.4239,11
32.4219,-93.6381,139
40.8142,-85.1547,-22
29.6211,-96.3661,89
34.5658,-96.9503,39
32.8986,-80.0403,144
31.4269,-94.8942,56
46.7281,-116.9558,11
34.1381,-88.9983,83
35.2722,-97.9553,11
35.3736,-83.7006,44
34.1925,-86.7972,100
45.4825,-120.7236,28
36.7542,-97.2544,6
33.1772,-90.4919,122
38.8586,-99.3358,44
43.2828,-123.3536,17
38.9422,-92.3200,11
34.7392,-90.7664,39
34.7986,-96.6692,39
33.8936,-97.2692,39
45.5900,-95.8744,-50
36.4231,-99.4167,0
34.2392,-98.7444,22
35.8542,-97.9544,11
36.4711,-86.8414,50
35.3647,-96.9481,11
35.9328,-88.7267,11
35.1228,-99.3600,11
36.1903,-99.0403,6
40.1100,-87.9567,-28
41.1453,-85.4897,11
47.0575,-109.9514,22
36.0642,-97.2128,22
34.5872,-99.3381,28
35.8489,-97.4797,28
36.3842,-98.1114,11
36.1056,-82.8436,67
36.7081,-98.7094,6
34.6892,-86.8819,61
41.8161,-80.4250,11
40.4750,-86.9919,-22
34.6089,-96.3331,44
36.1472,-97.2858,17
36.4119,-97.6939,6
34.1864,-90.5572,67
35.2050,-99.8033,0
39.3669,-101.7000,0
34.7675,-106.7611,-22
31.8769,-105.2369,100
35.4842,-98.4814,-6
42.1397,-87.7853,-6
45.6750,-111.1550,0
36.7481,-98.3628,0
34.9678,-97.9519,17
39.7194,-76.8028,11
35.1867,-102.0797,28
40.7833,-81.9167,0
35.5461,-99.7278,0
35.1131,-89.2122,72
35.5083,-98.7750,-6
34.7281,-90.3683,44
40.4719,-74.4364,17
34.7292,-98.5694,6
63.9033,-152.2817,-11
30.5467,-87.8808,111
34.9897,-99.0528,17
33.7092,-93.5564,50
34.0356,-96.9433,39
31.3625,-85.3397,189
36.1167,-97.6067,6
42.0208,-93.7742,-17
35.5914,-99.2706,0
35.1297,-89.8036,44
33.9208,-96.3203,39
34.9142,-98.2922,11
44.9847,-93.1772,0
39.8058,-90.8236,6
35.6214,-88.8456,33
35.8819,-83.9572,83
35.5419,-97.3414,17
34.8494,-97.0031,22
40.0739,-87.5067,17
39.4833,-83.8500,6
34.5289,-97.7647,28
44.2394,-95.3153,6
36.2872,-88.2958,100
35.1714,-96.6311,28
36.0286,-99.3464,0
44.0708,-93.5264,-33
34.9819,-97.5208,22
35.7197,-86.9653,56
35.9986,-97.0481,11
36.8314,-99.6411,0
31.3706,-100.4942,67
32.4714,-87.2314,167
38.7386,-87.4878,-11
34.4397,-99.1375,11
41.0267,-86.5867,33
63.9647,-145.1050,-56
34.1678,-97.9883,33
37.3822,-102.2986,-17
36.3444,-88.8636,78
35.4139,-86.8086,72
31.0383,-85.8708,144
34.6856,-99.8333,33
34.3325,-96.6789,28
36.1208,-97.0953,33
36.0147,-85.1314,28
33.2422,-103.3611,11
35.6872,-90.0964,39
36.0719,-99.9031,0
36.7256,-99.1422,6
35.1489,-98.4658,6
35.8417,-98.5261,6
35.6528,-96.8042,28
34.1936,-97.5881,28
38.5350,-121.7761,89
33.3867,-97.7164,56
35.0708,-96.3561,17
35.2358,-97.4647,17
34.7156,-97.2292,22
35.8989,-98.9603,0
34.3997,-98.3458,6
34.5989,-103.2161,-28
35.2006,-103.6867,11
41.4439,-86.9294,28
38.4931,-88.9703,11
32.0997,-91.7022,89
34.1647,-88.7239,100
36.9869,-99.0108,0
40.9361,-90.7197,-17
35.4017,-99.0583,6
36.2633,-98.4975,6
35.5483,-98.0364,6
39.3925,-101.0689,6
34.8083,-98.0233,11
34.2281,-97.2014,44
44.8831,-85.6753,-6
34.3086,-95.9969,39
40.2539,-85.1483,6
32.8472,-97.4761,78
34.5519,-96.7178,33
36.3558,-97.1531,6
31.2353,-88.9186,150
36.7925,-97.7458,0
36.8981,-96.9103,6
34.1922,-97.0858,39
36.3925,-89.0317,61
35.0322,-97.9144,6
36.6897,-108.3086,-11
36.0908,-106.0567,39
34.8358,-99.4239,11
32.4219,-93.6381,139
40.8142,-85.1547,-22
29.6211,-96.3661,89
34.5658,-96.9503,39
32.8986,-80.0403,144
31.4269,-94.8942,56
46.7281,-116.9558,11
34.1381,-88.9983,83
35.2722,-97.9553,11
35.3736,-83.7006,44
34.1925,-86.7972,100
45.4825,-120.7236,28
36.7542,-97.2544,6
33.1772,-90.4919,122
38.8586,-99.3358,44
43.2828,-123.3536,17
38.9422,-92.3200,11
34.7392,-90.7664,39
34.7986,-96.6692,39
33.8936,-97.2692,39
45.5900,-95.8744,-50
36.4231,-99.4167,0
34.2392,-98.7444,22
35.8542,-97.9544,11
36.4711,-86.8414,50
35.3647,-96.9481,11
35.9328,-88.7267,11
35.1228,-99.3600,11
36.1903,-99.0403,6
40.1100,-87.9567,-28
41.1453,-85.4897,11
47.0575,-109.9514,22
36.0642,-97.2128,22
34.5872,-99.3381,28
35.8489,-97.4797,28
36.3842,-98.1114,11
36.1056,-82.8436,67
36.7081,-98.7094,6
34.6892,-86.8819,61
41.8161,-80.4250,11
40.4750,-86.9919,-22
34.6089,-96.3331,44
36.1472,-97.2858,17
36.4119,-97.6939,6
34.1864,-90.5572,67
35.2050,-99.8033,0
39.3669,-101.7000,0
34.7675,-106.7611,-22
31.8769,-105.2369,100
35.4842,-98.4814,-6
42.1397,-87.7853,-6
45.6750,-111.1550,0
36.7481,-98.3628,0
34.9678,-97.9519,17
39.7194,-76.8028,11
35.1867,-102.0797,28
40.7833,-81.9167,0
35.5461,-99.7278,0
35.1131,-89.2122,72
35.5083,-98.7750,-6
34.7281,-90.3683,44
40.4719,-74.4364,17
34.7292,-98.5694,6
63.9033,-152.2817,-11
30.5467,-87.8808,111
34.9897,-99.0528,17
33.7092,-93.5564,50
34.0356,-96.9433,39
31.3625,-85.3397,189
36.1167,-97.6067,6
42.0208,-93.7742,-17
35.5914,-99.2706,0
35.1297,-89.8036,44
33.9208,-96.3203,39
34.9142,-98.2922,11
44.9847,-93.1772,0
39.8058,-90.8236,6
35.6214,-88.8456,33
35.8819,-83.9572,83
35.5419,-97.3414,17
34.8494,-97.0031,22
40.0739,-87.5067,17
39.4833,-83.8500,6
34.5289,-97.7647,28
44.2394,-95.3153,6
36.2872,-88.2958,100
35.1714,-96.6311,28
36.0286,-99.3464,0
44.0708,-93.5264,-33
34.9819,-97.5208,22
35.7197,-86.9653,56
35.9986,-97.0481,11
36.8314,-99.6411,0
31.3706,-100.4942,67
32.4714,-87.2314,167
38.7386,-87.4878,-11
34.4397,-99.1375,11
41.0267,-86.5867,33
63.9647,-145.1050,-56
34.1678,-97.9883,33
37.3822,-102.2986,-17
36.3444,-88.8636,78
35.4139,-86.8086,72
31.0383,-85.8708,144
34.6856,-99.8333,33
34.3325,-96.6789,28
36.1208,-97.0953,33
36.0147,-85.1314,28
33.2422,-103.3611,11
35.6872,-90.0964,39
36.0719,-99.9031,0
36.7256,-99.1422,6
35.1489,-98.4658,6
35.8417,-98.5261,6
35.6528,-96.8042,28
34.1936,-97.5881,28
38.5350,-121.7761,89
33.3867,-97.7164,56
35.0708,-96.3561,17
35.2358,-97.4647,17
34.7156,-97.2292,22
35.8989,-98.9603,0
34.3997,-98.3458,6
34.5989,-103.2161,-28
35.2006,-103.6867,11
41.4439,-86.9294,28
38.4931,-88.9703,11
32.0997,-91.7022,89
34.1647,-88.7239,100
36.9869,-99.0108,0
40.9361,-90.7197,-17
35.4017,-99.0583,6
36.2633,-98.4975,6
35.5483,-98.0364,6
39.3925,-101.0689,6
34.8083,-98.0233,11
34.2281,-97.2014,44
44.8831,-85.6753,-6
34.3086,-95.9969,39
40.2539,-85.1483,6
32.8472,-97.4761,78
34.5519,-96.7178,33
36.3558,-97.1531,6
31.2353,-88.9186,150
36.7925,-97.7458,0
36.8981,-96.9103,6
34.1922,-97.0858,39
36.3925,-89.0317,61
35.0322,-97.9144,6
36.6897,-108.3086,-11
36.0908,-106.0567,39
34.8358,-99.4239,11
32.4219,-93.6381,139
40.8142,-85.1547,-22
29.6211,-96.3661,89
34.5658,-96.9503,39
32.8986,-80.0403,144
31.4269,-94.8942,56
46.7281,-116.9558,11
34.1381,-88.9983,83
35.2722,-97.9553,11
35.3736,-83.7006,44
34.1925,-86.7972,100
45.4825,-120.7236,28
36.7542,-97.2544,6
33.1772,-90.4919,122
38.8586,-99.3358,44
43.2828,-123.3536,17
38.9422,-92.3200,11
34.7392,-90.7664,39
34.7986,-96.6692,39
33.8936,-97.2692,39
45.5900,-95.8744,-50
36.4231,-99.4167,0
34.2392,-98.7444,22
35.8542,-97.9544,11
36.4711,-86.8414,50
35.3647,-96.9481,11
35.9328,-88.7267,11
35.1228,-99.3600,11
36.1903,-99.0403,6
40.1100,-87.9567,-28
41.1453,-85.4897,11
47.0575,-109.9514,22
36.0642,-97.2128,22
34.5872,-99.3381,28
35.8489,-97.4797,28
36.3842,-98.1114,11
36.1056,-82.8436,67
36.7081,-98.7094,6
34.6892,-86.8819,61
41.8161,-80.4250,11
40.4750,-86.9919,-22
34.6089,-96.3331,44
36.1472,-97.2858,17
36.4119,-97.6939,6
34.1864,-90.5572,67
35.2050,-99.8033,0
39.3669,-101.7000,0
34.7675,-106.7611,-22
31.8769,-105.2369,100
35.4842,-98.4814,-6
42.1397,-87.7853,-6
45.6750,-111.1550,0
36.7481,-98.3628,0
34.9678,-97.9519,17
39.7194,-76.8028,11
35.1867,-102.0797,28
40.7833,-81.9167,0
35.5461,-99.7278,0
35.1131,-89.2122,72
35.5083,-98.7750,-6
34.7281,-90.3683,44
40.4719,-74.4364,17
34.7292,-98.5694,6
63.9033,-152.2817,-11
30.5467,-87.8808,111
34.9897,-99.0528,17
33.7092,-93.5564,50
34.0356,-96.9433,39
31.3625,-85.3397,189
36.1167,-97.6067,6
42.0208,-93.7742,-17
35.5914,-99.2706,0
35.1297,-89.8036,44
33.9208,-96.3203,39
34.9142,-98.2922,11
44.9847,-93.1772,0
39.8058,-90.8236,6
35.6214,-88.8456,33
35.8819,-83.9572,83
35.5419,-97.3414,17
34.8494,-97.0031,22
40.0739,-87.5067,17
39.4833,-83.8500,6
34.5289,-97.7647,28
44.2394,-95.3153,6
36.2872,-88.2958,100
35.1714,-96.6311,28
36.0286,-99.3464,0
44.0708,-93.5264,-33
34.9819,-97.5208,22
35.7197,-86.9653,56
35.9986,-97.0481,11
36.8314,-99.6411,0
31.3706,-100.4942,67
32.4714,-87.2314,167
38.7386,-87.4878,-11
34.4397,-99.1375,11
41.0267,-86.5867,33
63.9647,-145.1050,-56
34.1678,-97.9883,33
37.3822,-102.2986,-17
36.3444,-88.8636,78
35.4139,-86.8086,72
31.0383,-85.8708,144
34.6856,-99.8333,33
34.3325,-96.6789,28
36.1208,-97.0953,33
36.0147,-85.1314,28
33.2422,-103.3611,11
35.6872,-90.0964,39
36.0719,-99.9031,0
36.7256,-99.1422,6
35.1489,-98.4658,6
35.8417,-98.5261,6
35.6528,-96.8042,28
34.1936,-97.5881,28
38.5350,-121.7761,89
33.3867,-97.7164,56
35.0708,-96.3561,17
35.2358,-97.4647,17
34.7156,-97.2292,22
35.8989,-98.9603,0
34.3997,-98.3458,6
34.5989,-103.2161,-28
35.2006,-103.6867,11
41.4439,-86.9294,28
38.4931,-88.9703,11
32.0997,-91.7022,89
34.1647,-88.7239,100
36.9869,-99.0108,0
40.9361,-90.7197,-17
35.4017,-99.0583,6
36.2633,-98.4975,6
35.5483,-98.0364,6
39.3925,-101.0689,6
34.8083,-98.0233,11
34.2281,-97.2014,44
44.8831,-85.6753,-6
34.3086,-95.9969,39
40.2539,-85.1483,6
32.8472,-97.4761,78
34.5519,-96.7178,33
36.3558,-97.1531,6
31.2353,-88.9186,150
36.7925,-97.7458,0
36.8981,-96.9103,6
34.1922,-97.0858,39
36.3925,-89.0317,61
35.0322,-97.9144,6
36.6897,-108.3086,-11
36.0908,-106.0567,39
34.8358,-99.4239,11
32.4219,-93.6381,139
40.8142,-85.1547,-22
29.6211,-96.3661,89
34.5658,-96.9503,39
32.8986,-80.0403,144
31.4269,-94.8942,56
46.7281,-116.9558,11
34.1381,-88.9983,83
35.2722,-97.9553,11
35.3736,-83.7006,44
34.1925,-86.7972,100
45.4825,-120.7236,28
36.7542,-97.2544,6
33.1772,-90.4919,122
38.8586,-99.3358,44
43.2828,-123.3536,17
38.9422,-92.3200,11
34.7392,-90.7664,39
34.7986,-96.6692,39
33.8936,-97.2692,39
45.5900,-95.8744,-50
36.4231,-99.4167,0
34.2392,-98.7444,22
35.8542,-97.9544,11
36.4711,-86.8414,50
35.3647,-96.9481,11
35.9328,-88.7267,11
35.1228,-99.3600,11
36.1903,-99.0403,6
40.1100,-87.9567,-28
41.1453,-85.4897,11
47.0575,-109.9514,22
36.0642,-97.2128,22
34.5872,-99.3381,28
35.8489,-97.4797,28
36.3842,-98.1114,11
36.1056,-82.8436,67
36.7081,-98.7094,6
34.6892,-86.8819,61
41.8161,-80.4250,11
40.4750,-86.9919,-22
34.6089,-96.3331,44
36.1472,-97.2858,17
36.4119,-97.6939,6
34.1864,-90.5572,67
35.2050,-99.8033,0
39.3669,-101.7000,0
34.7675,-106.7611,-22
31.8769,-105.2369,100
35.4842,-98.4814,-6
42.1397,-87.7853,-6
45.6750,-111.1550,0
36.7481,-98.3628,0
34.9678,-97.9519,17
39.7194,-76.8028,11
35.1867,-102.0797,28
40.7833,-81.9167,0
35.5461,-99.7278,0
35.1131,-89.2122,72
35.5083,-98.7750,-6
34.7281,-90.3683,44
40.4719,-74.4364,17
34.7292,-98.5694,6
63.9033,-152.2817,-11
30.5467,-87.8808,111
34.9897,-99.0528,17
33.7092,-93.5564,50
34.0356,-96.9433,39
31.3625,-85.3397,189
36.1167,-97.6067,6
42.0208,-93.7742,-17
35.5914,-99.2706,0
35.1297,-89.8036,44
33.9208,-96.3203,39
38.8586,-99.3358,44
43.2828,-123.3536,17
38.9422,-92.3200,11
34.7392,-90.7664,39
34.7986,-96.6692,39
33.8936,-97.2692,39
45.5900,-95.8744,-50
36.4231,-99.4167,0
34.2392,-98.7444,22
35.8542,-97.9544,11
36.4711,-86.8414,50
35.3647,-96.9481,11
35.9328,-88.7267,11
35.1228,-99.3600,11
36.1903,-99.0403,6
40.1100,-87.9567,-28
41.1453,-85.4897,11
47.0575,-109.9514,22
36.0642,-97.2128,22
34.5872,-99.3381,28
35.8489,-97.4797,28
36.3842,-98.1114,11
36.1056,-82.8436,67
36.7081,-98.7094,6
34.6892,-86.8819,61
41.8161,-80.4250,11
40.4750,-86.9919,-22
34.6089,-96.3331,44
36.1472,-97.2858,17
36.4119,-97.6939,6
34.1864,-90.5572,67
35.2050,-99.8033,0
39.3669,-101.7000,0
34.7675,-106.7611,-22
31.8769,-105.2369,100
35.4842,-98.4814,-6
42.1397,-87.7853,-6
45.6750,-111.1550,0
36.7481,-98.3628,0
34.9678,-97.9519,17
39.7194,-76.8028,11
35.1867,-102.0797,28
40.7833,-81.9167,0
35.5461,-99.7278,0
35.1131,-89.2122,72
35.5083,-98.7750,-6
34.7281,-90.3683,44
40.4719,-74.4364,17
34.7292,-98.5694,6
63.9033,-152.2817,-11
30.5467,-87.8808,111
34.9897,-99.0528,17
33.7092,-93.5564,50
34.0356,-96.9433,39
31.3625,-85.3397,189
36.1167,-97.6067,6
42.0208,-93.7742,-17
35.5914,-99.2706,0
35.1297,-89.8036,44
33.9208,-96.3203,39
34.9142,-98.2922,11
44.9847,-93.1772,0
39.8058,-90.8236,6
35.6214,-88.8456,33
35.8819,-83.9572,83
35.5419,-97.3414,17
34.8494,-97.0031,22
40.0739,-87.5067,17
39.4833,-83.8500,6
34.5289,-97.7647,28
44.2394,-95.3153,6
36.2872,-88.2958,100
35.1714,-96.6311,28
36.0286,-99.3464,0
44.0708,-93.5264,-33
34.9819,-97.5208,22
35.7197,-86.9653,56
35.9986,-97.0481,11
36.8314,-99.6411,0
31.3706,-100.4942,67
32.4714,-87.2314,167
38.7386,-87.4878,-11
34.4397,-99.1375,11
41.0267,-86.5867,33
63.9647,-145.1050,-56
34.1678,-97.9883,33
37.3822,-102.2986,-17
36.3444,-88.8636,78
35.4139,-86.8086,72
31.0383,-85.8708,144
34.6856,-99.8333,33
34.3325,-96.6789,28
36.1208,-97.0953,33
36.0147,-85.1314,28
33.2422,-103.3611,11
35.6872,-90.0964,39
36.0719,-99.9031,0
36.7256,-99.1422,6
35.1489,-98.4658,6
35.8417,-98.5261,6
35.6528,-96.8042,28
34.1936,-97.5881,28
38.5350,-121.7761,89
33.3867,-97.7164,56
35.0708,-96.3561,17
35.2358,-97.4647,17
34.7156,-97.2292,22
35.8989,-98.9603,0
34.3997,-98.3458,6
34.5989,-103.2161,-28
35.2006,-103.6867,11
41.4439,-86.9294,28
38.4931,-88.9703,11
32.0997,-91.7022,89
34.1647,-88.7239,100
36.9869,-99.0108,0
40.9361,-90.7197,-17
35.4017,-99.0583,6
36.2633,-98.4975,6
35.5483,-98.0364,6
39.3925,-101.0689,6
34.8083,-98.0233,11
34.2281,-97.2014,44
44.8831,-85.6753,-6
34.3086,-95.9969,39
40.2539,-85.1483,6
32.8472,-97.4761,78
34.5519,-96.7178,33
36.3558,-97.1531,6
31.2353,-88.9186,150
36.7925,-97.7458,0
36.8981,-96.9103,6
34.1922,-97.0858,39
36.3925,-89.0317,61
35.0322,-97.9144,6
36.6897,-108.3086,-11
36.0908,-106.0567,39
34.8358,-99.4239,11
32.4219,-93.6381,139
40.8142,-85.1547,-22
29.6211,-96.3661,89
34.5658,-96.9503,39
32.8986,-80.0403,144
31.4269,-94.8942,56
46.7281,-116.9558,11
34.1381,-88.9983,83
35.2722,-97.9553,11
35.3736,-83.7006,44
34.1925,-86.7972,100
45.4825,-120.7236,28
36.7542,-97.2544,6
33.1772,-90.4919,122
