36.3200,-115.7000,310
36.7200,-106.2600,260
43.8000,-114.8500,360
43.7600,-116.1000,90
35.7700,-105.7800,296
36.5100,-106.3200,11
40.3000,-111.2600,233
43.7600,-115.2400,151
43.7300,-113.8300,216
39.1900,-120.2600,208
39.3600,-106.0600,335
36.2500,-115.6300,272
39.2900,-117.1100,170
36.8600,-106.2300,17
46.2400,-117.3900,79
44.2100,-110.6700,276
44.7900,-116.0900,188
38.4000,-119.5400,188
35.9200,-106.3900,300
48.7200,-116.4600,34
41.4000,-107.2600,169
36.1900,-105.5600,59
40.8300,-111.7600,119
36.0300,-106.8100,39
36.0700,-105.6300,238
36.9600,-106.6600,155
35.3400,-111.6500,274
36.7900,-105.2400,359
39.4300,-120.3100,224
36.0000,-106.8300,282
40.5300,-106.7800,25
36.3100,-115.6800,187
39.8000,-106.0300,230
36.9900,-105.2600,324
36.1300,-105.5300,148
44.3800,-116.3400,170
39.3100,-111.4300,248
35.7800,-105.5400,256
