43.9158,-83.0831,147
-41.2514,146.3975,8
-43.1456,146.7900,2105
32.8919,-93.6944,198
-30.9904,138.5787,218
-42.9264,147.5203,38
-41.9933,145.5725,830
43.3008,-96.5972,64
-37.8010,147.4578,250
32.7336,-96.3225,579
-18.6508,146.2047,90
20.2039,-155.7350,1016
-41.1208,146.8275,126
42.6353,-85.7611,376
28.7503,-81.5308,25
-33.2036,138.6059,8
-36.1526,141.7586,6
-32.4753,149.5151,56
44.6833,-124.0553,0
-41.4136,148.2744,14
43.2111,-88.2092,318
-18.5406,146.3356,114
45.6778,-121.8736,0
40.4150,-102.6267,0
-42.0056,145.5419,752
29.7853,-90.1158,51
41.0908,-89.8614,135
-32.8148,149.0408,70
43.0853,-89.5172,122
40.1117,-96.1514,191
36.6728,-93.8578,411
36.4739,-81.8033,3
41.8453,-123.9647,41
35.8317,-87.4219,203
38.1864,-83.4669,3
35.8325,-83.1164,119
-36.3654,140.9096,82
-34.4417,116.9944,2
33.8997,-88.1325,104
45.2236,-91.1269,132
42.4292,-71.4425,20
-18.5872,146.2508,170
-34.3412,138.9155,28
44.8700,-88.9044,104
37.2317,-86.6867,178
37.8925,-97.4828,66
43.5606,-103.4881,43
35.2539,-91.1892,544
33.1361,-85.5869,112
43.1889,-71.7461,3
42.1014,-77.2344,193
43.2278,-110.4358,302
-24.7298,153.2089,208
-41.3994,147.1347,70
-42.9683,147.5081,18
37.1167,-84.6167,0
-37.0277,145.1491,30
-30.9252,147.8690,260
19.4917,-155.9117,33
34.4764,-91.5381,1080
40.5517,-82.2014,81
-34.9267,117.8731,24
-31.7117,128.8867,2
26.8639,-80.6256,51
33.1581,-85.2911,66
-33.6165,150.7477,40
42.4436,-89.1975,208
-43.0286,147.0544,50
-34.1897,140.0043,20
42.6519,-112.1931,0
-43.1017,146.7311,1895
-37.5223,144.4779,340
-35.2959,139.0328,26
41.5325,-70.6589,0
48.4036,-115.5392,61
32.5158,-93.7447,221
37.9117,-89.0092,206
44.6581,-72.6786,323
-41.4406,146.1228,98
-34.8237,138.8859,82
43.4122,-83.9561,224
-38.0329,141.0183,30
46.9589,-95.6472,0
-33.6947,138.4057,26
43.4650,-113.5581,10
35.0442,-92.7956,726
46.1358,-123.8783,3
47.9753,-122.1950,0
-36.6064,140.7118,44
34.3019,-92.3914,843
33.1678,-96.0983,173
