36.2606,-76.1750,120
25.9156,-97.4186,140
42.3075,-85.2511,70
34.2900,-93.0600,20
35.8550,-77.8931,130
45.5644,-84.7928,80
36.0097,-94.1694,330
39.7736,-94.9233,40
29.6919,-82.2756,110
39.9369,-91.1919,30
19.7192,-155.0531,70
34.6439,-86.7861,300
60.1283,-149.4167,20
43.5164,-112.0672,260
28.4736,-82.4544,80
46.4047,-94.1308,60
40.8217,-72.8689,210
33.2208,-92.8142,30
33.6228,-111.9106,280
33.9519,-117.4386,280
26.2281,-97.6542,340
44.5344,-72.6144,330
46.3747,-117.0156,250
64.8039,-147.8761,350
28.4339,-81.3250,110
34.7917,-79.3661,220
33.5872,-85.8556,260
31.3558,-85.7511,170
43.9922,-76.0217,40
42.5842,-70.9175,50
60.7850,-148.8389,90
34.2008,-119.2069,270
55.0389,-131.5786,130
42.1997,-75.9850,90
60.7850,-161.8292,290
34.5583,-98.4172,20
44.3814,-106.7211,190
25.7906,-80.3164,120
41.7636,-96.1778,150
35.2333,-101.7089,160
30.4844,-81.7019,120
47.4933,-122.2144,320
41.7806,-122.4717,160
33.4617,-80.8581,160
45.8069,-108.5422,310
40.6386,-73.7622,180
43.1406,-89.3453,50
41.6764,-70.9583,230
27.4014,-82.5586,150
35.6169,-106.0889,40
35.6950,-101.3950,170
41.7361,-72.6506,180
31.5358,-82.5067,120
31.4208,-110.8458,210
44.9358,-74.8458,350
31.0425,-86.3117,150
37.7081,-77.4344,160
43.0661,-108.4767,260
31.3711,-100.4922,120
44.8428,-117.8086,290
30.4000,-86.4717,180
41.8031,-78.6403,80
36.7414,-104.5022,330
42.5519,-71.7558,20
39.1033,-84.4189,220
45.0319,-102.0192,140
31.4583,-109.6061,80
40.0972,-92.5433,30
30.6264,-88.0681,160
36.0969,-79.9433,250
37.6197,-122.3647,270
32.3542,-95.4025,350
40.8206,-76.8642,340
33.6542,-101.8136,160
36.3333,-119.9500,330
40.6239,-74.6694,100
34.6525,-86.9453,280
43.5667,-116.2406,140
39.4167,-118.7167,250
33.6300,-84.4417,190
25.9989,-80.2411,110
38.0653,-97.8606,110
46.1569,-123.8825,350
20.8997,-156.4286,40
62.3200,-150.0950,270
35.4319,-82.5375,240
35.9403,-89.8308,10
47.9742,-117.4283,240
40.8731,-81.8867,360
30.3975,-84.3289,200
33.0375,-116.9158,330
44.3981,-98.2231,150
34.7675,-114.6189,220
36.1625,-97.0894,30
41.6686,-70.2800,220
44.3592,-89.8369,190
40.8508,-96.7475,140
35.5144,-108.7939,300
35.8181,-83.9858,270
31.8111,-106.3758,310
45.6983,-110.4408,210
43.2781,-70.9222,40
36.5881,-121.8453,220
42.7972,-105.3856,20
34.9000,-76.8833,160
33.4536,-94.0075,320
43.1711,-86.2367,40
43.7667,-98.0333,130
45.8678,-95.3942,110
39.4781,-88.2803,350
40.2769,-74.8158,350
63.9944,-145.7214,330
34.8831,-82.2203,200
39.5514,-97.6508,140
35.8311,-90.6464,30
41.4131,-81.8600,30
33.3644,-81.9633,160
38.3000,-76.4167,140
36.0236,-84.2375,260
44.8889,-116.1017,190
39.2972,-94.7306,110
40.4422,-109.5144,340
40.0803,-95.5919,70
33.2194,-117.3494,250
37.0683,-88.7719,350
35.0169,-80.6206,240
38.3794,-81.5900,230
32.8342,-115.5786,250
46.5311,-87.5483,90
33.9481,-83.3275,100
46.7994,-102.7972,130
45.9647,-112.5006,310
44.3814,-100.2856,130
31.4000,-93.2833,310
41.5175,-81.6836,30
26.1839,-98.2539,40
42.6003,-123.3642,240
32.7100,-96.2672,340
38.8000,-97.6500,120
36.4731,-82.4044,280
42.7611,-87.8136,20
42.1208,-87.9047,20
39.8683,-75.2311,200
31.5883,-110.3442,130
48.5428,-109.7633,220
42.5700,-72.2911,330
42.8975,-106.4636,310
43.9658,-107.9508,120
43.6497,-70.3003,50
32.6808,-96.8681,10
64.5111,-165.4400,260
33.4964,-90.0867,280
38.0494,-103.5122,50
39.7333,-77.4333,290
42.5708,-77.7133,320
41.3336,-75.7269,300
24.5833,-81.6833,150
35.3889,-97.6006,50
32.1300,-81.2100,140
42.2333,-83.5333,40
40.7794,-73.8803,50
48.1739,-103.6367,140
35.8517,-97.4142,50
39.1342,-108.5400,180
45.5114,-118.4247,30
26.2500,-80.1083,120
40.6675,-89.6839,70
40.7789,-73.9692,60
32.6500,-114.6167,180
24.5550,-81.7522,130
34.2097,-118.4892,140
37.9917,-122.0550,250
42.7267,-114.4564,290
27.4981,-80.3767,110
36.1994,-95.8872,310
30.9119,-102.9167,120
40.7939,-73.1017,210
34.0500,-94.4008,10
33.9753,-117.6361,270
43.3436,-72.5178,350
43.1953,-71.5011,330
17.7028,-64.8056,90
38.2281,-85.6636,200
35.1822,-103.6031,200
33.8117,-78.7239,140
43.7331,-103.6114,100
31.3214,-85.4497,150
39.4900,-121.6183,130
41.4333,-99.6333,160
27.9106,-82.6875,100
35.4344,-119.0542,320
30.3567,-95.4139,360
35.0419,-106.6156,70
41.6117,-90.5808,70
29.5622,-91.5256,300
42.2314,-83.3308,70
44.6381,-90.1875,120
36.7436,-108.2292,230
32.5156,-92.0406,300
25.9069,-80.2803,100
35.1442,-111.6664,220
30.0375,-91.8839,280
29.6222,-95.6564,10
48.7939,-122.5372,160
41.1519,-104.8061,320
34.8536,-116.7858,250
42.3811,-122.8722,290
70.2117,-151.0017,30
39.1208,-94.5969,120
34.8364,-92.2619,30
36.3689,-92.4703,50
40.4953,-107.5211,340
47.6831,-117.3214,180
13.4836,144.7961,60
39.6428,-79.9164,210
48.5222,-123.0231,200
37.3278,-95.5042,350
38.5000,-77.3000,210
37.5908,-83.3131,210
42.5544,-92.4011,50
38.5714,-90.1572,340
38.3650,-82.5550,220
29.5442,-98.4839,20
18.4325,-66.0108,100
30.1831,-97.6800,30
37.0911,-95.5664,70
36.9839,-77.0075,220
35.2578,-93.0947,50
39.4839,-119.7711,270
30.2333,-81.6667,100
41.0467,-78.4117,70
37.2958,-81.2078,180
33.1281,-117.2794,240
35.6697,-120.6283,210
48.6033,-112.3753,280
41.6875,-69.9933,220
61.1781,-149.9664,250
39.8250,-86.2958,340
46.4267,-105.8825,160
26.1969,-80.1708,110
46.0261,-91.4442,30
44.7408,-85.5825,10
42.4819,-114.4869,290
7.3333,134.4833,230
40.0397,-88.2778,10
30.3361,-81.5147,100
32.5428,-93.7450,300
38.7525,-90.3736,20
39.9061,-84.2186,240
60.4889,-145.4511,200
33.9486,-81.1186,300
43.8789,-91.2528,50
41.2433,-76.9217,260
44.0433,-103.0536,150
45.8183,-88.1144,90
37.2622,-104.3378,280
39.9444,-81.8922,200
45.7728,-122.8611,330
45.1947,-123.1339,210
43.7694,-87.8506,30
34.6081,-79.0592,190
34.9914,-78.8803,170
34.4272,-100.2831,150
59.4556,-135.3239,210
43.4075,-94.7461,110
33.8281,-116.5053,330
34.6294,-118.0836,220
37.1319,-76.4930,180
47.9078,-122.2803,350
40.2964,-78.3203,160
35.1350,-90.2344,20
42.3978,-90.7036,50
41.5886,-83.8014,50
37.2833,-102.6139,40
37.1431,-107.7597,10
46.2667,-119.1167,240
43.1544,-93.3269,100
34.1750,-91.9347,20
35.5342,-97.6469,40
45.6689,-96.9914,150
32.3847,-94.7117,330
37.7214,-122.2208,290
35.0678,-77.0481,170
31.3089,-86.3939,160
31.6189,-97.2283,10
42.5906,-117.8644,230
31.2819,-89.2531,330
40.9706,-85.2064,50
44.3394,-105.5419,160
36.2967,-99.7689,150
41.5944,-109.0528,220
46.3583,-104.2500,140
42.4933,-79.2722,40
40.1519,-122.2536,150
37.1681,-97.0369,130
34.6719,-82.8864,270
41.7219,-71.4325,20
36.7367,-97.1019,110
38.7550,-109.7542,260
30.4119,-89.0808,140
38.5050,-107.8975,240
43.7700,-88.4864,40
31.2361,-94.7544,250
44.4983,-88.1111,30
40.1667,-103.2167,180
40.6508,-75.4492,90
29.3783,-100.9269,160
30.7167,-87.0167,130
35.6875,-117.6931,180
36.2667,-93.1567,10
30.5892,-96.3647,20
31.5356,-84.1944,210
44.0206,-117.0128,250
30.2050,-91.9875,200
38.8483,-77.0342,180
44.5169,-108.0822,320
47.4444,-122.3139,360
41.3931,-70.6150,220
61.5961,-149.0917,190
36.2833,-94.3000,30
33.2061,-97.1989,350
46.1442,-115.5964,180
26.6847,-80.0994,80
45.6308,-89.4653,80
44.0219,-82.7931,40
36.9647,-86.4239,260
44.2033,-72.5794,10
41.0731,-71.9233,60
39.2775,-120.7103,170
26.9172,-81.9914,230
44.2667,-71.2994,290
32.3500,-91.0278,150
33.2367,-107.2681,330
62.1592,-145.4589,360
32.8986,-80.0403,140
38.9833,-76.4667,170
35.1967,-81.1558,160
32.3206,-90.0778,290
44.5483,-95.0803,120
42.1244,-86.4267,50
27.7839,-97.5108,80
66.0689,-162.7639,320
43.1072,-78.9453,70
35.9508,-85.0814,160
33.3075,-104.5083,170
41.2731,-111.0306,270
41.6267,-73.8842,360
70.1917,-148.4772,20
44.7978,-68.8186,30
59.4433,-151.7017,30
41.8833,-91.7167,70
30.4781,-87.1869,200
40.9781,-124.1086,240
39.3450,-81.4392,200
66.8667,-162.6333,60
46.9006,-95.0678,140
33.9706,-80.9958,170
36.0719,-115.1633,210
48.3042,-114.2636,150
8.7333,167.7333,70
46.8369,-92.2097,100
36.8167,-76.0333,150
38.8761,-98.8092,120
45.0619,-93.3508,80
31.8311,-104.8089,80
33.3633,-84.5658,120
48.5614,-93.3981,170
41.1783,-78.8989,330
48.7167,-94.6000,130
28.4567,-99.2183,50
30.8356,-85.1839,120
32.9733,-97.3181,330
36.8781,-91.9025,20
43.1167,-77.6767,40
30.0675,-95.5561,280
33.4669,-82.0386,150
28.1011,-80.6439,110
33.8719,-117.9789,230
40.3161,-78.8339,240
42.8783,-100.5500,160
40.8203,-82.5178,340
45.6906,-118.8528,240
40.6825,-74.1694,30
43.9042,-92.4917,120
30.7797,-86.5225,200
40.6161,-83.0636,30
39.5264,-107.7264,340
30.3433,-89.8222,150
41.9950,-87.9336,30
46.9728,-123.9303,210
32.8519,-96.8556,330
37.7086,-113.0944,250
42.7803,-84.5789,60
47.2078,-119.3192,220
38.6956,-121.5897,190
34.9883,-117.8647,230
43.1111,-76.1039,50
37.7461,-97.2211,110
32.8192,-97.3614,360
41.0375,-81.4642,180
40.5100,-101.6200,160
45.5433,-94.0514,140
30.5069,-86.9597,200
32.2997,-86.4075,140
31.1500,-92.9667,330
42.4700,-71.2894,40
37.7797,-89.2497,340
42.6958,-73.1708,110
44.5761,-71.1786,320
38.9408,-77.4636,190
37.6242,-120.9506,330
48.2553,-101.2733,120
30.3489,-85.7881,170
30.7044,-87.0231,130
59.7494,-154.9089,210
32.7800,-79.9319,140
36.7725,-90.3247,20
34.8994,-120.4486,320
31.1522,-81.3908,110
44.8831,-93.2289,60
44.5444,-110.4211,290
41.8056,-107.1997,280
46.1236,-67.7928,340
42.1094,-77.9919,340
35.7425,-81.3819,200
37.3169,-79.9742,280
29.6333,-83.1053,130
46.7439,-117.1086,200
37.3711,-118.3581,150
44.6500,-73.4667,10
18.3331,-64.9667,110
44.3592,-84.6739,90
43.2119,-90.1814,100
27.6833,-97.2833,180
47.2381,-123.1408,340
42.8914,-73.2469,110
42.9203,-112.5711,280
37.3592,-121.9239,320
42.8050,-72.0036,50
46.9253,-96.8111,140
39.3669,-101.7000,200
34.5183,-109.3792,220
40.2342,-85.3936,40
45.5908,-122.6003,270
40.0489,-107.8853,30
55.2208,-162.7325,300
36.9033,-76.1922,160
37.9406,-75.4631,170
41.3119,-105.6747,290
39.2231,-106.8683,330
32.8158,-117.1394,250
42.0800,-80.1825,60
34.1853,-79.7239,160
41.6328,-91.5431,50
41.1214,-100.6694,160
47.3258,-106.9475,70
42.7461,-86.0967,60
33.2119,-87.6161,270
37.7064,-112.1456,180
38.3775,-121.9575,240
39.6014,-116.0056,200
7.4500,151.8333,50
43.9906,-70.9475,40
40.1203,-76.2944,280
37.6542,-122.1150,300
40.4122,-86.9369,10
27.5000,-97.8167,330
44.3853,-74.2067,20
35.9333,-79.0642,150
38.9286,-90.4281,10
41.3325,-122.3328,130
38.1386,-78.4530,190
41.2531,-70.0608,210
41.7803,-124.2367,170
32.0311,-96.3989,10
45.7881,-111.1608,310
41.7872,-111.8533,310
39.4519,-87.3089,320
40.5175,-122.2986,160
36.9500,-76.2833,140
55.3567,-131.7117,150
38.6892,-75.3592,220
37.1467,-94.5022,60
41.2639,-72.8872,10
44.2558,-121.1392,340
40.8289,-115.7886,250
40.0681,-118.5692,170
44.8664,-91.4878,60
38.1811,-85.7392,190
31.4156,-87.0442,200
57.7511,-152.4856,290
48.2138,-106.6213,110
39.5781,-85.8033,230
29.2733,-94.8592,350
40.3300,-75.1225,10
28.7797,-81.2436,80
29.9933,-90.2511,40
44.5228,-114.2150,220
48.1203,-123.4983,290
39.1258,-123.2008,210
35.6567,-95.3614,360
36.4486,-103.1539,310
29.1097,-95.4619,170
39.5703,-104.8489,110
42.3606,-71.0106,30
37.2253,-89.5706,20
38.8317,-94.8897,20
34.2486,-82.1592,240
45.5406,-122.9486,290
41.4653,-90.5233,50
46.7708,-100.7603,140
61.1689,-150.0278,230
42.2706,-71.8731,30
36.6206,-116.0278,210
35.2100,-99.1200,140
32.4506,-93.8411,300
42.1908,-71.1736,40
66.9161,-151.5089,20
29.9800,-95.3600,360
40.3547,-79.9217,190
41.4914,-120.5644,230
41.3375,-84.4289,30
34.0158,-118.4514,230
41.3714,-73.4828,310
32.7000,-117.2000,320
36.2117,-115.1958,220
28.5453,-81.3331,80
41.3103,-95.8992,120
35.0028,-105.6628,250
34.7442,-87.5997,260
59.2433,-135.5094,120
30.4000,-81.4167,100
26.5850,-81.8614,130
38.9503,-95.6639,120
41.6236,-98.9517,130
41.5339,-93.6531,50
30.5108,-99.7664,70
47.7472,-90.3444,80
34.2719,-83.8303,250
45.4558,-98.4131,140
62.9614,-141.9292,300
40.3667,-75.9667,290
41.9922,-93.6217,50
37.9272,-100.7247,150
35.9461,-112.1547,180
57.1553,-170.2222,350
46.4167,-86.6500,40
47.9428,-97.1839,150
36.0394,-95.9844,40
34.4978,-82.7097,230
47.0492,-109.4578,200
30.4636,-88.5319,150
39.3792,-74.4242,210
44.7694,-106.9689,310
45.2486,-122.7686,210
38.2900,-104.4983,260
46.8706,-68.0172,340
38.8100,-104.6883,210
47.0339,-120.5303,310
40.0819,-75.0111,220
45.2575,-112.5545,210
57.0481,-135.3647,220
21.4500,-157.7833,70
41.1583,-73.1289,50
33.6186,-114.7142,190
35.2325,-75.6219,170
43.3906,-99.8422,140
38.3306,-96.1897,80
42.6425,-77.0564,340
62.9575,-155.6103,110
40.7083,-84.0267,10
47.4569,-115.6450,160
43.5331,-84.0797,50
41.5631,-83.4764,60
44.9047,-97.1494,120
36.7683,-96.0261,20
41.1961,-112.0114,140
41.9381,-72.6825,360
42.1128,-92.9175,50
28.8208,-81.8097,30
43.0206,-102.5183,170
43.2389,-123.3547,330
35.0281,-110.7208,200
33.1783,-86.7817,200
43.5950,-118.9564,150
38.8853,-79.8528,190
31.9433,-102.1889,150
42.1594,-76.8919,30
29.5189,-95.2417,350
26.1522,-81.7753,150
37.6928,-121.8144,280
6.9667,158.2167,140
43.9844,-88.5569,30
31.3928,-92.2956,310
42.1928,-89.0931,50
27.7628,-82.6261,130
41.0136,-83.6686,30
34.7436,-118.7242,170
32.3336,-104.2581,130
37.4389,-105.8614,260
40.6044,-98.4272,150
41.7781,-80.6958,10
43.2339,-75.4117,30
41.4525,-87.0058,30
34.8461,-82.3461,180
33.7792,-84.5214,190
37.4058,-122.0481,350
33.4050,-118.4158,240
38.5069,-121.4950,220
34.2622,-88.7714,270
39.8328,-104.6575,60
42.4167,-87.8667,20
41.7700,-88.4814,30
45.6208,-122.6572,310
32.6636,-97.0939,300
30.3208,-97.7603,360
21.3239,-157.9294,30
41.3275,-72.0494,50
33.9786,-98.4928,40
21.9839,-159.3405,50
33.5656,-86.7450,250
29.3600,-99.1742,50
34.0561,-117.6003,250
45.4622,-69.5953,10
42.9550,-87.9044,30
38.5039,-122.8103,190
30.5372,-91.1469,270
29.3331,-89.4075,140
64.3267,-158.7417,40
43.8339,-111.8045,230
35.2236,-80.9553,160
33.9228,-118.3342,250
34.7000,-77.3833,160
35.2578,-113.9331,200
29.1828,-81.0483,70
37.6544,-97.4425,130
25.6475,-80.4331,110
42.5950,-87.9381,30
36.6239,-87.4194,10
34.9869,-81.0575,220
29.3389,-98.4719,50
39.2292,-106.3169,330
38.0442,-87.5206,300
36.3189,-119.6289,320
27.5333,-99.4667,50
46.5486,-90.9189,30
42.7431,-73.8092,20
45.8258,-119.2611,230
33.4825,-90.9853,270
48.4608,-119.5167,340
42.9333,-71.4383,30
37.8892,-121.2258,10
41.1389,-75.3794,110
38.8983,-119.9947,190
40.0781,-83.0781,190
41.5333,-71.2833,20
32.3367,-90.2214,280
47.6217,-117.5281,210
34.8822,-95.7831,220
30.7825,-83.2767,120
42.1578,-72.7161,20
31.6072,-110.4281,80
41.5097,-72.8278,10
34.2006,-118.3575,130
44.0511,-101.6011,90
32.8547,-109.6353,90
47.3078,-119.5153,330
27.7411,-98.0247,150
41.1014,-102.9847,170
40.7833,-91.1253,30
33.8750,-84.3022,210
44.4683,-73.1500,350
37.0872,-84.0769,250
39.4019,-77.9844,180
42.3914,-96.3792,110
35.0311,-85.2014,240
36.9261,-111.4478,240
42.8153,-108.7261,320
40.1764,-80.6472,190
41.9856,-97.4353,140
46.9208,-114.0925,30
32.4106,-99.6822,20
38.1311,-91.7683,360
29.9506,-94.0206,10
35.8922,-78.7819,220
41.8756,-71.0211,340
45.6194,-121.1661,340
41.7419,-72.1836,50
32.5722,-116.9794,270
38.0511,-117.0903,230
39.8447,-89.6839,350
9.4833,138.0833,50
36.1336,-80.2222,190
45.0133,-84.7014,60
38.8500,-94.7392,30
15.1167,145.7167,90
34.6517,-112.4208,210
40.6331,-93.9019,50
46.9733,-122.9033,30
36.0167,-102.5500,180
39.6728,-75.6008,190
42.8375,-103.0953,170
42.4272,-73.2892,90
34.7411,-118.2117,250
33.6883,-112.0817,260
30.0481,-102.2131,280
35.2372,-120.6414,310
47.2675,-122.5761,10
41.7861,-87.7522,10
40.2064,-100.5914,100
41.8678,-84.0794,60
40.8500,-74.0614,180
39.0083,-95.2117,60
39.1353,-96.6778,90
59.5119,-139.6711,180
42.0647,-104.1528,10
64.5500,-149.0717,10
38.5911,-92.1558,10
40.9611,-98.3136,160
45.6044,-103.5464,120
41.6264,-80.2150,320
38.2103,-122.2847,200
42.2347,-85.5519,50
30.6794,-88.2397,150
34.5467,-93.5781,310
46.6056,-111.9636,220
21.3167,-158.0667,70
44.1708,-114.9272,130
38.7642,-87.6056,300
38.0408,-84.6058,210
43.9636,-69.7117,70
29.7036,-98.0281,40
47.6458,-101.4394,150
32.5161,-84.9422,200
28.8614,-96.9303,50
41.5272,-85.7922,50
38.8169,-92.2183,30
37.3031,-108.6275,290
27.6531,-80.2428,100
39.7075,-86.2803,20
33.6361,-91.7556,260
28.0836,-97.0464,320
47.1686,-88.4889,100
32.1314,-110.9553,300
39.9914,-82.8808,220
34.3478,-85.1611,180
41.9097,-70.7294,30
39.3644,-84.5247,220
39.0725,-95.6261,60
32.8667,-117.1333,270
47.3978,-120.2014,320
38.6572,-90.6558,70
40.7781,-111.9694,190
27.9619,-82.5403,90
38.1847,-84.9033,220
58.3567,-134.5639,250
34.2675,-77.8997,170
42.6650,-83.4181,10
28.0622,-81.7542,80
41.9144,-88.2464,30
31.9206,-102.3867,170
42.0572,-102.8000,150
37.2839,-98.5528,160
38.3406,-75.5103,200
45.0717,-83.5644,30
67.7317,-164.5483,70
33.8117,-118.1464,300
43.3500,-73.6167,50
34.7272,-92.2389,90
31.9514,-85.1289,210
36.5728,-79.3361,240
42.5844,-110.1075,170
39.7556,-82.6572,200
38.7042,-93.1833,10
46.5683,-120.5428,70
41.0669,-73.7075,340
39.6092,-110.7547,300
35.5931,-88.9167,360
18.2550,-65.6408,120
40.4719,-81.4236,230
41.1078,-92.4467,40
41.7072,-86.3164,50
40.1936,-76.7633,210
40.2383,-75.5572,180
43.3497,-76.3847,30
44.3675,-71.5450,360
43.1561,-90.6775,30
58.6794,-156.6294,280
48.0944,-105.5744,340
39.8233,-93.5792,80
40.7342,-73.4169,230
33.9381,-118.3889,270
41.3461,-82.1794,60
36.1189,-86.6892,290
35.6542,-105.1419,210
41.0089,-74.7367,40
40.8436,-72.6322,230
39.1333,-86.6167,260
42.4092,-83.0100,30
39.7078,-77.7297,220
29.7333,-85.0333,200
37.6703,-95.4842,360
40.9167,-81.4333,260
34.7336,-76.6606,150
34.4258,-119.8425,270
40.4847,-80.2144,180
30.7439,-95.5861,320
39.4203,-83.8217,220
35.3331,-94.3625,280
32.7817,-98.0603,350
39.3756,-99.8297,190
44.9319,-93.0556,100
40.0228,-82.4625,240
26.1658,-97.3458,120
39.4494,-74.5672,190
41.8706,-103.5931,20
43.6264,-72.3047,30
41.2544,-80.6739,300
31.3347,-92.5586,320
26.5361,-81.7550,160
37.2847,-120.5128,320
38.1417,-76.4292,150
40.2172,-76.8514,220
28.7247,-96.2536,340
40.8764,-74.2831,100
32.4833,-80.7167,220
45.5464,-100.4078,140
36.9358,-121.7886,250
39.1667,-76.6833,210
44.1278,-123.2206,240
47.9375,-124.5550,330
38.4167,-113.0167,220
42.1469,-121.7242,180
41.5092,-74.2650,30
34.9894,-99.0525,90
24.7258,-81.0517,140
35.6575,-109.0614,250
34.0511,-118.2353,270
41.2003,-74.6231,50
37.3208,-79.2067,190
38.9597,-94.3714,20
32.5500,-88.5667,270
39.1019,-121.5678,150
34.3622,-98.9761,340
42.9486,-78.7369,50
39.2953,-114.8467,200
41.3497,-71.7989,10
42.8939,-85.5447,40
32.7667,-97.4500,340
33.4278,-112.0039,270
42.9667,-83.7494,40
47.5303,-122.3008,310
39.9492,-74.8417,180
32.3347,-88.7442,280
39.9181,-76.8742,280
30.0494,-90.0289,250
46.0139,-102.6547,120
42.2228,-83.7444,40
37.2353,-93.4003,90
37.7836,-81.1231,260
39.5936,-84.2264,220
36.6636,-121.6081,300
60.5797,-151.2392,190
36.7800,-119.7194,320
44.8322,-93.4706,120
47.4667,-87.8833,110
64.7767,-141.1483,350
71.2833,-156.7814,30
47.4733,-111.3822,210
39.8344,-88.8656,360
46.4794,-84.3572,310
33.6800,-117.8664,220
40.9017,-117.8081,190
38.0700,-102.6881,30
31.7800,-103.2017,130
48.3500,-122.6667,260
55.5800,-133.0750,220
45.5511,-122.4089,230
39.2956,-80.2289,320
39.3667,-75.0667,160
42.5417,-113.7661,340
46.0947,-118.2869,260
61.2169,-149.8550,260
35.0564,-89.9864,290
56.6000,-169.5650,20
36.6817,-101.5053,200
46.9258,-98.6692,180
31.3500,-85.6667,140
47.3864,-92.8389,90
45.6478,-68.6925,360
31.8606,-86.0122,130
38.3083,-75.1239,190
30.1250,-93.2158,30
42.2667,-84.4667,50
32.8978,-97.0189,300
19.7356,-156.0489,310
39.1894,-103.7158,350
26.0719,-80.1536,100
37.7608,-99.9683,140
43.1644,-95.2017,120
44.9050,-123.0011,240
32.2622,-107.7206,20
44.3206,-69.7972,360
32.6847,-83.6528,230
38.7667,-104.3000,290
34.1231,-84.8486,90
44.9258,-89.6256,200
32.6261,-116.4681,200
21.1544,-157.0961,50
31.1828,-90.4708,160
39.2447,-102.2842,180
33.6267,-116.1594,330
43.5878,-96.7289,130
47.2856,-68.3133,320
59.6419,-151.4908,250
37.5050,-77.3203,200
36.9878,-120.1106,310
42.7172,-71.1239,50
39.0431,-84.6717,280
