40.7142,-122.4161,117
30.2003,-92.6642,122
39.1172,-95.4097,0
26.5581,-99.1372,78
45.9228,-108.2444,-178
34.5822,-119.9817,222
33.6731,-111.1508,206
38.4917,-122.1242,150
38.0047,-120.4864,183
37.7967,-121.5828,211
29.4608,-101.0286,111
28.4675,-98.2525,106
38.6644,-94.8900,0
38.5350,-121.7761,178
34.9881,-120.3211,206
35.7047,-101.5492,94
36.5508,-114.4581,178
25.8175,-80.2858,283
21.3153,-157.9992,322
38.4931,-122.0047,178
37.9050,-93.3169,44
40.6117,-122.5281,122
32.2822,-106.7597,206
36.9969,-119.7072,-178
39.0744,-96.8983,6
36.4622,-116.8669,217
38.9408,-95.3397,6
26.8400,-81.0872,228
43.5492,-71.4647,-178
41.4439,-86.9294,-178
33.7092,-93.5564,-178
