18.1747,-66.7978,2
40.7264,-122.7947,10
36.9969,-119.7072,106
45.3128,-107.9383,233
40.7142,-122.4161,27
33.8300,-88.5214,0
47.0575,-109.9514,192
42.9592,-120.7897,145
39.9000,-98.0256,56
40.6117,-122.5281,3
31.6164,-94.6431,26
43.8083,-111.7892,111
34.5822,-119.9817,27
35.3872,-76.7764,259
31.8769,-105.2369,43
40.5764,-105.0858,58
36.4622,-116.8669,208
34.5697,-93.1947,27
30.8408,-89.5453,23
37.5147,-122.0325,58
32.8964,-107.3078,34
30.7931,-94.1819,53
38.4917,-122.1242,18
47.7283,-104.1467,61
33.7092,-93.5564,43
45.9228,-108.2444,0
30.0689,-94.2928,187
40.1550,-103.1417,245
18.3906,-66.0542,2
18.2583,-65.9922,3
35.7197,-86.9653,92
34.6033,-104.3811,129
36.8047,-107.6214,69
34.9881,-120.3211,90
31.3706,-100.4942,69
42.1231,-111.3133,85
37.3822,-102.2986,122
38.7978,-99.7231,109
37.7617,-117.5658,45
39.0422,-108.4664,53
32.8978,-90.8853,35
32.8242,-95.5275,76
43.5492,-71.4647,126
36.0147,-85.1314,85
30.2003,-92.6642,64
39.5039,-98.3150,153
39.9614,-86.0586,37
35.7047,-101.5492,196
34.6603,-82.8236,121
38.4931,-122.0047,51
42.3806,-96.9575,6
32.8522,-95.8864,63
32.2822,-106.7597,24
34.5989,-103.2161,177
35.2006,-103.6867,116
33.0642,-101.0489,134
41.4439,-86.9294,0
33.1481,-95.6269,0
34.1647,-88.7239,0
36.5508,-114.4581,11
33.1461,-107.1842,47
44.8831,-85.6753,126
26.5581,-99.1372,42
25.8175,-80.2858,100
31.9497,-91.2336,14
39.6619,-99.1228,66
44.3089,-85.2050,98
38.0047,-120.4864,27
30.7053,-104.0233,71
39.4031,-99.4192,24
37.9931,-100.8122,150
29.6211,-96.3661,150
27.4272,-80.4053,61
32.3378,-89.0817,80
32.9203,-94.7225,53
