45.8981,-86.5483,63
46.2314,-112.1136,201
39.4206,-79.0050,201
47.8344,-120.0006,9
38.6644,-94.8900,76
40.1100,-87.9567,112
47.6497,-120.0800,58
35.5953,-82.5567,98
30.5347,-94.4456,58
41.8161,-80.4250,112
41.0103,-103.8769,165
37.1317,-86.1481,94
39.8814,-77.3506,192
39.7750,-105.1169,130
47.2919,-88.4208,116
40.5764,-105.0858,112
39.7194,-76.8028,165
45.6656,-97.0392,36
44.4933,-68.4583,165
34.6242,-106.3103,107
38.5039,-95.7036,76
35.1375,-77.9892,148
34.2183,-116.4072,58
34.1206,-115.8500,31
45.4525,-99.3358,125
42.3997,-89.9903,45
61.5889,-149.0992,18
47.0083,-88.4317,94
41.7392,-77.9711,125
39.0733,-93.7075,174
47.8306,-110.6608,45
39.3903,-94.5553,58
40.8250,-92.8925,58
40.9656,-105.2186,210
61.2967,-149.4400,27
39.1439,-103.4897,58
61.1025,-149.7169,13
40.8600,-102.8031,148
48.0750,-111.2597,0
48.9981,-110.2158,107
40.6558,-97.2208,103
48.4628,-108.7792,36
45.0961,-112.0856,85
34.7994,-109.8850,67
35.0761,-89.7430,49
47.0111,-109.2261,40
41.2847,-105.5319,152
