61.1781,-149.9664,19
32.3367,-90.2214,23
47.9428,-97.1839,56
48.7167,-94.6000,50
37.5908,-83.3131,3
35.0564,-89.9864,30
22.0333,-159.7833,19
34.9000,-76.8833,13
39.4519,-87.3089,26
36.1994,-95.8872,59
45.0619,-93.3508,73
32.5156,-92.0406,19
43.2339,-75.4117,13
43.3906,-99.8422,59
64.5500,-149.0717,16
34.8461,-82.3461,13
33.9753,-117.6361,31
41.6686,-70.2800,38
42.6958,-73.1708,9
27.9106,-82.6875,41
44.5228,-114.2150,28
44.9047,-97.1494,76
19.7356,-156.0489,29
40.8731,-81.8867,13
40.2172,-76.8514,14
36.8600,-106.2300,274
32.3206,-90.0778,26
31.5883,-110.3442,36
48.4608,-119.5167,27
57.0481,-135.3647,38
33.5656,-86.7450,23
29.6222,-95.6564,45
35.0169,-80.6206,10
40.6331,-93.9019,60
37.0872,-84.0769,5
44.3800,-116.3400,13
31.3558,-85.7511,19
42.1997,-75.9850,24
33.4964,-90.0867,27
37.4058,-122.0481,27
40.4953,-107.5211,51
45.9647,-112.5006,27
43.9906,-70.9475,17
36.9878,-120.1106,40
36.0167,-102.5500,66
37.0683,-88.7719,20
43.0206,-102.5183,34
42.7900,-121.9800,3
44.9319,-93.0556,70
33.9486,-81.1186,15
46.4794,-84.3572,27
42.7431,-73.8092,20
36.0719,-115.1633,51
40.3667,-75.9667,9
32.8167,-115.6833,59
32.5428,-93.7450,30
38.0442,-87.5206,16
38.5050,-107.8975,29
38.0494,-103.5122,77
38.7525,-90.3736,49
34.2622,-88.7714,20
41.8056,-107.1997,86
47.0492,-109.4578,32
41.7806,-122.4717,22
39.2953,-114.8467,72
36.1900,-105.5600,4
15.1167,145.7167,26
25.9989,-80.2411,52
36.2667,-93.1567,31
38.7667,-104.3000,60
41.4914,-120.5644,41
31.8606,-86.0122,23
41.9097,-70.7294,36
34.5467,-93.5781,14
40.9167,-81.4333,21
38.5039,-122.8103,20
26.5361,-81.7550,35
36.0000,-106.8300,3
35.2372,-120.6414,38
42.5708,-77.7133,26
44.9050,-123.0011,27
30.5844,-97.4156,22
28.8614,-96.9303,38
37.2839,-98.5528,65
25.9069,-80.2803,51
32.6500,-114.6167,30
40.6044,-98.4272,70
44.3592,-84.6739,31
43.6264,-72.3047,14
39.3792,-74.4242,28
30.7797,-86.5225,22
20.8997,-156.4286,61
33.4825,-90.9853,26
33.9228,-118.3342,32
40.0681,-118.5692,47
31.6189,-97.2283,41
34.6525,-86.9453,19
31.4583,-109.6061,34
38.1811,-85.7392,22
34.9883,-117.8647,70
43.9658,-107.9508,47
43.9636,-69.7117,19
40.4122,-86.9369,21
33.9519,-117.4386,26
41.8031,-78.6403,7
39.4300,-120.3100,15
47.3078,-119.5153,21
35.2100,-99.1200,96
40.3161,-78.8339,16
40.9781,-124.1086,22
30.1831,-97.6800,26
33.5872,-85.8556,23
39.9444,-81.8922,9
41.2639,-72.8872,16
36.4486,-103.1539,62
43.1544,-93.3269,81
38.0408,-84.6058,24
42.1594,-76.8919,10
37.7836,-81.1231,16
38.3000,-76.4167,22
33.3644,-81.9633,14
36.0097,-94.1694,20
44.6500,-73.4667,15
38.6956,-121.5897,50
41.3325,-122.3328,4
34.8994,-120.4486,34
39.6014,-116.0056,25
41.9856,-97.4353,82
37.6928,-121.8144,60
37.3208,-79.2067,13
34.1167,-119.1167,38
28.0836,-97.0464,44
45.6208,-122.6572,20
45.6194,-121.1661,32
43.4075,-94.7461,83
42.0800,-80.1825,26
30.6264,-88.0681,26
40.0489,-107.8853,30
30.3208,-97.7603,24
32.6636,-97.0939,38
40.7342,-73.4169,21
34.7336,-76.6606,17
36.9500,-76.2833,17
34.0158,-118.4514,29
45.0800,-117.5500,4
39.9061,-84.2186,27
18.3331,-64.9667,60
38.5911,-92.1558,41
61.2169,-149.8550,11
41.3103,-95.8992,96
39.4203,-83.8217,20
55.2208,-162.7325,83
41.1583,-73.1289,26
39.3100,-111.4300,49
62.9614,-141.9292,10
41.8706,-103.5931,70
43.6497,-70.3003,32
36.5881,-121.8453,31
46.0261,-91.4442,55
34.2006,-118.3575,34
47.4444,-122.3139,28
48.5614,-93.3981,33
39.6728,-75.6008,24
40.1667,-103.2167,47
36.7683,-96.0261,38
33.2061,-97.1989,47
47.5303,-122.3008,26
38.5000,-77.3000,28
36.0969,-79.9433,11
42.7267,-114.4564,35
33.1783,-86.7817,13
43.1711,-86.2367,47
35.2236,-80.9553,16
41.3375,-84.4289,26
36.6636,-121.6081,39
39.4019,-77.9844,6
41.8678,-84.0794,23
41.5339,-93.6531,77
47.7472,-90.3444,22
35.9403,-89.8308,30
42.8153,-108.7261,56
36.7800,-119.7194,42
37.2833,-102.6139,79
60.4889,-145.4511,9
43.3497,-76.3847,13
42.4272,-73.2892,25
44.4983,-88.1111,43
30.2333,-81.6667,47
26.2281,-97.6542,33
47.0339,-120.5303,34
31.8111,-106.3758,38
33.6361,-91.7556,20
61.5961,-149.0917,20
33.4536,-94.0075,33
34.2719,-83.8303,25
44.5761,-71.1786,16
35.0281,-110.7208,54
34.7675,-114.6189,55
31.4000,-93.2833,12
41.8833,-91.7167,62
40.2383,-75.5572,8
44.0511,-101.6011,47
39.5781,-85.8033,24
27.7411,-98.0247,38
34.7000,-77.3833,10
38.1847,-84.9033,13
42.9333,-71.4383,26
44.9358,-74.8458,36
45.4622,-69.5953,40
32.2997,-86.4075,36
33.3633,-84.5658,16
35.9461,-112.1547,47
43.8000,-114.8500,10
40.0781,-83.0781,19
40.7794,-73.8803,23
35.5931,-88.9167,16
37.7797,-89.2497,22
38.8500,-94.7392,60
42.4092,-83.0100,36
31.3214,-85.4497,32
25.6475,-80.4331,42
36.8781,-91.9025,29
29.5442,-98.4839,39
44.7408,-85.5825,23
29.3783,-100.9269,48
36.6239,-87.4194,19
39.6428,-79.9164,3
42.0647,-104.1528,47
47.3600,-121.5700,2
48.7939,-122.5372,25
44.3814,-106.7211,62
32.8519,-96.8556,53
40.3000,-111.2600,14
42.3811,-122.8722,16
41.1783,-78.8989,9
47.4933,-122.2144,23
40.1203,-76.2944,16
46.7439,-117.1086,34
34.6719,-82.8864,9
36.9261,-111.4478,31
45.5464,-100.4078,48
34.6439,-86.7861,30
27.7839,-97.5108,39
41.4131,-81.8600,27
26.6847,-80.0994,57
40.3547,-79.9217,17
28.0622,-81.7542,40
45.7881,-111.1608,28
42.4167,-87.8667,41
21.1544,-157.0961,59
37.7461,-97.2211,85
39.8447,-89.6839,47
44.6381,-90.1875,51
42.3914,-96.3792,74
46.9253,-96.8111,76
36.7200,-106.2600,6
44.3394,-105.5419,81
40.6386,-73.7622,34
32.7100,-96.2672,39
39.4900,-121.6183,49
44.7694,-106.9689,39
37.1319,-76.4930,12
35.2578,-93.0947,15
39.1208,-94.5969,58
44.8831,-93.2289,74
39.2447,-102.2842,56
32.8978,-97.0189,44
35.6575,-109.0614,47
41.1519,-104.8061,67
24.5550,-81.7522,61
46.5486,-90.9189,51
41.1214,-100.6694,35
41.0136,-83.6686,31
43.7600,-115.2400,6
38.9286,-90.4281,40
38.4167,-113.0167,84
60.7850,-148.8389,24
39.4781,-88.2803,34
36.2606,-76.1750,11
29.9933,-90.2511,36
35.1350,-90.2344,30
40.5175,-122.2986,37
71.2833,-156.7814,83
38.3650,-82.5550,5
26.9172,-81.9914,37
28.7247,-96.2536,51
38.6644,-94.8900,31
34.5183,-109.3792,38
45.5908,-122.6003,29
42.6650,-83.4181,26
40.8217,-72.8689,27
42.1094,-77.9919,13
38.5714,-90.1572,30
34.4258,-119.8425,29
41.0669,-73.7075,19
41.0731,-71.9233,34
38.3306,-96.1897,89
38.8000,-97.6500,103
39.4167,-118.7167,56
33.4669,-82.0386,28
40.8508,-96.7475,90
35.2333,-101.7089,89
40.6508,-75.4492,14
47.3978,-120.2014,28
33.6300,-84.4417,34
33.3075,-104.5083,45
47.2381,-123.1408,16
26.0719,-80.1536,62
41.7803,-124.2367,39
30.7044,-87.0231,35
40.9611,-98.3136,83
37.3031,-108.6275,35
43.7694,-87.8506,51
32.8547,-109.6353,38
36.9358,-121.7886,25
42.2667,-84.4667,30
26.2500,-80.1083,55
43.1953,-71.5011,26
33.9706,-80.9958,6
32.5722,-116.9794,38
37.9272,-100.7247,95
46.9208,-114.0925,23
42.9550,-87.9044,49
42.7461,-86.0967,34
36.3689,-92.4703,26
40.8203,-82.5178,30
29.1097,-95.4619,32
47.6831,-117.3214,20
44.2100,-110.6700,17
62.9575,-155.6103,10
30.9119,-102.9167,69
26.1839,-98.2539,23
41.6236,-98.9517,55
37.6242,-120.9506,47
43.2389,-123.3547,8
62.1592,-145.4589,27
41.9950,-87.9336,51
43.7667,-98.0333,64
32.8342,-115.5786,47
36.1625,-97.0894,64
42.5544,-92.4011,76
30.5108,-99.7664,37
31.9206,-102.3867,60
41.5944,-109.0528,65
42.2706,-71.8731,55
38.7642,-87.6056,26
43.0303,-78.1692,36
43.7600,-116.1000,8
27.4014,-82.5586,44
39.9369,-91.1919,49
30.2050,-91.9875,16
40.5300,-106.7800,5
42.2314,-83.3308,34
41.7872,-111.8533,40
34.2900,-93.0600,30
45.6478,-68.6925,39
39.5703,-104.8489,49
41.7861,-87.7522,47
40.8206,-76.8642,3
47.9078,-122.2803,35
38.4000,-119.5400,36
41.5333,-71.2833,24
41.9381,-72.6825,18
32.3542,-95.4025,43
31.8311,-104.8089,55
30.0481,-102.2131,40
33.6186,-114.7142,55
35.2578,-113.9331,59
39.8328,-104.6575,46
35.8517,-97.4142,64
32.1300,-81.2100,40
58.6794,-156.6294,54
41.4000,-107.2600,13
47.9375,-124.5550,23
39.1019,-121.5678,48
46.6056,-111.9636,33
33.9786,-98.4928,66
40.7939,-73.1017,29
41.3336,-75.7269,13
34.4978,-82.7097,14
42.3978,-90.7036,64
37.3169,-79.9742,12
25.9156,-97.4186,32
36.1306,-80.5481,0
42.2347,-85.5519,34
30.4636,-88.5319,15
36.7436,-108.2292,33
42.9667,-83.7494,34
43.5878,-96.7289,84
34.0561,-117.6003,35
30.5892,-96.3647,40
27.7628,-82.6261,63
41.7419,-72.1836,14
30.4000,-81.4167,70
39.1900,-120.2600,46
39.0083,-95.2117,61
41.8756,-71.0211,16
34.7917,-79.3661,10
21.9839,-159.3405,91
42.9486,-78.7369,38
36.3100,-115.6800,7
47.3000,-121.6000,6
36.9839,-77.0075,7
37.2253,-89.5706,21
38.0511,-117.0903,61
44.0433,-103.0536,57
27.6531,-80.2428,33
19.7192,-155.0531,26
31.3500,-85.6667,39
70.2117,-151.0017,87
45.8678,-95.3942,84
39.8344,-88.8656,44
36.6206,-116.0278,80
37.6542,-122.1150,55
30.3489,-85.7881,34
33.8281,-116.5053,18
45.7728,-122.8611,15
37.1467,-94.5022,49
39.4494,-74.5672,19
38.8483,-77.0342,17
32.7336,-117.1831,39
42.5906,-117.8644,26
29.6919,-82.2756,36
43.5950,-118.9564,22
42.8050,-72.0036,19
33.9481,-83.3275,20
37.1431,-107.7597,27
44.0206,-117.0128,13
38.2103,-122.2847,59
44.4683,-73.1500,21
36.7725,-90.3247,21
30.3361,-81.5147,46
36.8167,-76.0333,16
44.7900,-116.0900,15
30.1250,-93.2158,40
29.7333,-85.0333,41
37.2847,-120.5128,43
35.6697,-120.6283,41
43.9922,-76.0217,26
27.6833,-97.2833,53
39.0725,-95.6261,67
34.2486,-82.1592,9
63.9944,-145.7214,26
41.7072,-86.3164,39
39.8233,-93.5792,34
30.7167,-87.0167,30
41.5631,-83.4764,32
26.5850,-81.8614,35
43.0661,-108.4767,53
35.2325,-75.6219,18
30.3975,-84.3289,38
27.9619,-82.5403,29
47.4733,-111.3822,41
33.8750,-84.3022,13
34.7436,-118.7242,60
47.3864,-92.8389,44
41.9144,-88.2464,43
37.7608,-99.9683,93
48.3500,-122.6667,40
30.0375,-91.8839,30
46.9006,-95.0678,69
39.9492,-74.8417,6
44.8428,-117.8086,21
39.2900,-117.1100,8
39.2956,-80.2289,4
33.4617,-80.8581,20
31.5358,-82.5067,26
43.5331,-84.0797,40
35.6169,-106.0889,37
34.9869,-81.0575,8
43.1167,-77.6767,28
40.8764,-74.2831,9
29.6333,-83.1053,28
33.2119,-87.6161,19
27.5333,-99.4667,41
59.2433,-135.5094,37
39.1894,-103.7158,41
39.5514,-97.6508,97
35.1442,-111.6664,68
37.7064,-112.1456,49
44.3744,-70.3164,36
33.6883,-112.0817,30
36.5728,-79.3361,8
33.2194,-117.3494,30
39.3450,-81.4392,5
34.2675,-77.8997,19
35.5144,-108.7939,50
34.8831,-82.2203,13
38.6892,-75.3592,5
21.3239,-157.9294,46
25.7906,-80.3164,57
33.4050,-118.4158,54
38.9503,-95.6639,76
40.2342,-85.3936,27
36.0300,-106.8100,5
28.4736,-82.4544,33
45.8183,-88.1144,39
32.3500,-91.0278,26
47.9742,-117.4283,23
40.8436,-72.6322,28
43.1644,-95.2017,81
31.4156,-87.0442,17
13.4836,144.7961,29
40.9017,-117.8081,54
42.2228,-83.7444,20
30.4844,-81.7019,41
28.5453,-81.3331,34
34.2008,-119.2069,46
59.7494,-154.9089,28
36.7414,-104.5022,44
41.6764,-70.9583,30
34.4272,-100.2831,62
67.7317,-164.5483,63
40.0819,-75.0111,19
39.0431,-84.6717,19
29.9800,-95.3600,42
33.6542,-101.8136,70
32.4506,-93.8411,35
41.1078,-92.4467,61
37.9917,-122.0550,54
35.8311,-90.6464,25
36.2117,-115.1958,66
44.8889,-116.1017,26
45.5406,-122.9486,17
32.9733,-97.3181,38
42.5950,-87.9381,43
29.3600,-99.1742,46
45.5644,-84.7928,21
34.7442,-87.5997,18
32.1314,-110.9553,38
48.1203,-123.4983,14
33.6228,-111.9106,12
36.2500,-115.6300,14
38.9833,-76.4667,18
35.7425,-81.3819,11
36.3200,-115.7000,13
39.1258,-123.2008,21
36.1336,-80.2222,5
30.4119,-89.0808,23
27.4981,-80.3767,33
43.1406,-89.3453,56
41.0375,-81.4642,19
31.5356,-84.1944,30
57.1553,-170.2222,71
44.5444,-110.4211,14
39.9508,-119.5986,27
58.3567,-134.5639,51
38.3406,-75.5103,7
39.1353,-96.6778,75
30.4000,-86.4717,34
43.7331,-103.6114,47
35.6950,-101.3950,69
41.1389,-75.3794,26
37.0911,-95.5664,51
44.3981,-98.2231,65
35.6875,-117.6931,89
35.7700,-105.7800,4
26.1522,-81.7753,37
45.0319,-102.0192,61
41.4333,-99.6333,44
34.6294,-118.0836,66
47.6217,-117.5281,39
37.6544,-97.4425,96
41.6875,-69.9933,31
28.8208,-81.8097,34
42.1128,-92.9175,71
40.6825,-74.1694,22
38.8983,-119.9947,60
31.1522,-81.3908,57
48.3042,-114.2636,26
60.5797,-151.2392,20
42.5519,-71.7558,33
41.6328,-91.5431,49
42.8939,-85.5447,37
48.0944,-105.5744,57
39.8000,-106.0300,9
31.6072,-110.4281,30
30.8356,-85.1839,38
37.1681,-97.0369,76
31.4208,-110.8458,37
36.6950,-76.1356,7
35.8181,-83.9858,11
55.0389,-131.5786,28
40.1936,-76.7633,14
36.1189,-86.6892,14
41.2731,-111.0306,49
40.6675,-89.6839,53
45.0717,-83.5644,28
64.8039,-147.8761,14
46.7994,-102.7972,65
43.2119,-90.1814,43
30.0494,-90.0289,49
62.3200,-150.0950,6
44.1278,-123.2206,26
70.6392,-159.9950,72
40.0228,-82.4625,8
45.6906,-118.8528,34
59.6419,-151.4908,42
70.1917,-148.4772,110
42.1469,-121.7242,18
40.1519,-122.2536,36
43.4133,-124.2436,32
36.9647,-86.4239,10
46.8706,-68.0172,36
42.3075,-85.2511,35
41.5886,-83.8014,21
35.0419,-106.6156,26
42.5844,-110.1075,38
39.3600,-106.0600,8
39.9181,-76.8742,5
43.3500,-73.6167,14
38.1386,-78.4530,6
45.6689,-96.9914,62
36.5100,-106.3200,422
29.7036,-98.0281,43
38.2281,-85.6636,10
44.3853,-74.2067,22
41.3497,-71.7989,26
60.7850,-161.8292,29
39.1033,-84.4189,7
46.1442,-115.5964,2
41.3119,-105.6747,87
21.3167,-158.0667,22
35.0678,-77.0481,13
39.8683,-75.2311,23
34.6517,-112.4208,46
42.8783,-100.5500,36
47.4667,-87.8833,39
39.2775,-120.7103,51
39.1667,-76.6833,13
42.1208,-87.9047,48
59.4556,-135.3239,18
60.1283,-149.4167,30
48.7200,-116.4600,16
38.3083,-75.1239,17
38.8169,-92.2183,48
43.1111,-76.1039,18
39.7556,-82.6572,13
32.3336,-104.2581,34
40.6239,-74.6694,7
30.3433,-89.8222,20
44.0219,-82.7931,28
35.3889,-97.6006,72
39.1342,-108.5400,45
34.0511,-118.2353,17
34.6081,-79.0592,10
39.2231,-106.8683,20
30.6794,-88.2397,24
31.2819,-89.2531,13
32.2622,-107.7206,37
36.2833,-94.3000,36
39.2292,-106.3169,29
40.1764,-80.6472,11
42.1928,-89.0931,50
39.7078,-77.7297,14
42.0572,-102.8000,41
30.8458,-85.6014,22
44.5169,-108.0822,31
35.9333,-79.0642,8
33.8117,-118.1464,36
38.5069,-121.4950,36
39.1333,-86.6167,13
40.6161,-83.0636,29
40.8097,-124.1603,10
41.3275,-72.0494,31
42.5842,-70.9175,32
37.7086,-113.0944,70
45.8258,-119.2611,37
37.9050,-93.3169,58
30.4781,-87.1869,30
59.5119,-139.6711,31
29.1828,-81.0483,36
40.7789,-73.9692,10
32.4106,-99.6822,54
46.3583,-104.2500,61
33.9381,-118.3889,44
45.8069,-108.5422,35
36.7367,-97.1019,68
41.0467,-78.4117,12
57.7511,-152.4856,33
37.2353,-93.4003,58
36.3189,-119.6289,33
43.2781,-70.9222,26
44.8322,-93.4706,74
46.5683,-120.5428,17
46.9733,-122.9033,30
64.7767,-141.1483,3
48.6033,-112.3753,53
43.8339,-111.8045,65
42.3200,-120.8300,4
32.7667,-97.4500,45
40.5100,-101.6200,41
43.9042,-92.4917,83
41.5272,-85.7922,35
47.3258,-106.9475,47
41.9922,-93.6217,71
46.9728,-123.9303,33
36.9600,-106.6600,5
44.3592,-89.8369,43
33.8117,-78.7239,30
38.8100,-104.6883,52
31.2361,-94.7544,37
34.1750,-91.9347,24
47.2675,-122.5761,26
41.3714,-73.4828,15
45.5433,-94.0514,72
40.8500,-74.0614,11
36.0394,-95.9844,39
43.1561,-90.6775,36
46.7708,-100.7603,47
48.5428,-109.7633,36
26.1969,-80.1708,60
24.5833,-81.6833,67
64.5111,-165.4400,30
41.2544,-80.6739,20
35.9200,-106.3900,4
32.5500,-88.5667,16
34.7272,-92.2389,26
35.9508,-85.0814,7
39.8250,-86.2958,18
28.1011,-80.6439,36
39.5936,-84.2264,25
34.8822,-95.7831,31
41.6264,-80.2150,15
41.5175,-81.6836,32
29.3331,-89.4075,31
28.7797,-81.2436,30
43.7700,-88.4864,51
38.8317,-94.8897,64
47.1686,-88.4889,39
44.3206,-69.7972,33
36.2967,-99.7689,93
40.3300,-75.1225,11
31.1828,-90.4708,20
59.4433,-151.7017,22
47.2856,-68.3133,52
32.4833,-80.7167,32
31.3711,-100.4922,41
34.9894,-99.0525,87
35.4111,-80.5833,0
43.5164,-112.0672,63
44.2033,-72.5794,26
42.5700,-72.2911,10
34.8536,-116.7858,53
29.9506,-94.0206,45
48.2138,-106.6213,55
32.8158,-117.1394,34
30.5372,-91.1469,34
35.5342,-97.6469,82
42.7803,-84.5789,36
41.1961,-112.0114,48
37.2958,-81.2078,12
36.9033,-76.1922,18
40.7781,-111.9694,69
39.3903,-94.5553,36
42.8375,-103.0953,41
32.8192,-97.3614,47
47.6458,-101.4394,45
39.4839,-119.7711,61
32.6261,-116.4681,38
38.8853,-79.8528,5
40.1606,-113.3508,83
42.4933,-79.2722,32
40.9706,-85.2064,28
45.6308,-89.4653,46
44.3814,-100.2856,48
30.7406,-98.2353,31
29.3389,-98.4719,33
42.8914,-73.2469,12
26.1658,-97.3458,39
55.3567,-131.7117,31
42.4700,-71.2894,25
39.3756,-99.8297,87
41.6117,-90.5808,55
41.2433,-76.9217,16
30.5069,-86.9597,34
35.8922,-78.7819,9
46.4047,-94.1308,63
35.7800,-105.5400,3
45.2486,-122.7686,16
36.6817,-101.5053,80
38.3794,-81.5900,4
40.4847,-80.2144,7
35.1967,-81.1558,9
30.7825,-83.2767,32
31.9433,-102.1889,58
41.7700,-88.4814,38
44.9258,-89.6256,51
66.9161,-151.5089,34
37.5050,-77.3203,8
40.7083,-84.0267,32
39.7075,-86.2803,35
37.4389,-105.8614,55
41.7636,-96.1778,69
64.3267,-158.7417,12
37.7081,-77.4344,5
37.3711,-118.3581,26
34.1231,-84.8486,10
40.8289,-115.7886,37
36.4731,-82.4044,3
34.7411,-118.2117,69
43.8789,-91.2528,68
45.6983,-110.4408,47
42.2333,-83.5333,34
47.2078,-119.3192,21
48.8700,-121.7900,0
35.8550,-77.8931,5
21.4500,-157.7833,53
45.5511,-122.4089,17
44.1708,-114.9272,12
41.4525,-87.0058,34
39.7506,-92.5064,40
41.3461,-82.1794,24
39.5264,-107.7264,26
38.6572,-90.6558,19
39.3669,-101.7000,77
31.1500,-92.9667,6
41.4653,-90.5233,39
46.2400,-117.3900,11
28.4567,-99.2183,48
34.2097,-118.4892,28
34.7500,-111.4100,514
38.8761,-98.8092,113
61.1689,-150.0278,43
42.7972,-105.3856,55
35.4319,-82.5375,14
38.7042,-93.1833,57
42.6425,-77.0564,16
42.1244,-86.4267,32
31.3347,-92.5586,35
42.5417,-113.7661,30
40.7833,-91.1253,56
42.9203,-112.5711,44
34.0500,-94.4008,18
42.7611,-87.8136,44
36.7900,-105.2400,3
45.1947,-123.1339,15
41.3931,-70.6150,36
37.9406,-75.4631,19
46.1236,-67.7928,31
48.2553,-101.2733,38
40.8300,-111.7600,13
41.0089,-74.7367,4
44.3675,-71.5450,18
46.8369,-92.2097,60
37.6197,-122.3647,57
44.5483,-95.0803,83
43.3436,-72.5178,15
41.5092,-74.2650,16
44.8664,-91.4878,64
41.7219,-71.4325,29
29.2733,-94.8592,57
31.9514,-85.1289,14
40.0803,-95.5919,80
29.6381,-95.2819,31
40.2964,-78.3203,10
30.3567,-95.4139,38
27.5000,-97.8167,35
35.4344,-119.0542,38
48.1739,-103.6367,54
32.6847,-83.6528,19
34.9914,-78.8803,14
39.7333,-77.4333,4
32.0311,-96.3989,44
40.2064,-100.5914,63
46.0947,-118.2869,40
42.1578,-72.7161,24
33.1281,-117.2794,32
39.3644,-84.5247,9
45.2575,-112.5545,34
33.0375,-116.9158,35
18.4325,-66.0108,39
41.5097,-72.8278,13
40.0972,-92.5433,54
37.6703,-95.4842,67
42.8975,-106.4636,92
41.6267,-73.8842,7
38.9597,-94.3714,57
39.7736,-94.9233,69
35.0028,-105.6628,57
43.1072,-78.9453,29
36.3333,-119.9500,46
42.7172,-71.1239,34
37.2622,-104.3378,67
66.0689,-162.7639,41
34.1853,-79.7239,16
38.0700,-102.6881,58
46.3747,-117.0156,25
35.3331,-94.3625,24
30.0675,-95.5561,33
34.5583,-98.4172,60
46.0139,-102.6547,55
39.2972,-94.7306,76
28.4339,-81.3250,40
34.3622,-98.9761,68
43.5667,-116.2406,19
45.6044,-103.5464,62
32.8986,-80.0403,35
47.4569,-115.6450,19
45.5114,-118.4247,5
33.2208,-92.8142,23
44.7978,-68.8186,41
40.4719,-81.4236,8
42.3606,-71.0106,48
48.5222,-123.0231,24
32.3847,-94.7117,28
33.6267,-116.1594,34
35.0311,-85.2014,9
38.2900,-104.4983,38
31.3928,-92.2956,21
33.8719,-117.9789,23
34.2167,-119.0833,32
66.8667,-162.6333,54
32.6808,-96.8681,37
37.8892,-121.2258,49
46.9258,-98.6692,47
29.5189,-95.2417,36
42.1908,-71.1736,22
24.7258,-81.0517,41
37.3592,-121.9239,37
38.7550,-109.7542,39
43.9844,-88.5569,52
56.6000,-169.5650,47
39.6092,-110.7547,47
32.3347,-88.7442,18
41.2003,-74.6231,8
41.1014,-102.9847,48
38.3775,-121.9575,45
35.6567,-95.3614,38
44.2558,-121.1392,19
33.4278,-112.0039,29
35.6542,-105.1419,60
42.6003,-123.3642,28
38.9408,-77.4636,10
45.4558,-98.4131,69
38.1311,-91.7683,54
46.4167,-86.6500,46
32.8667,-117.1333,34
39.3667,-75.0667,12
33.2367,-107.2681,34
42.9600,-121.1800,1
38.1417,-76.4292,10
33.1803,-96.5903,39
39.9914,-82.8808,10
46.2667,-119.1167,18
55.5800,-133.0750,28
33.6800,-117.8664,32
38.0653,-97.8606,95
30.7439,-95.5861,17
36.9900,-105.2600,13
42.4819,-114.4869,41
41.7781,-80.6958,12
40.0397,-88.2778,38
17.7028,-64.8056,57
36.0700,-105.6300,9
44.5344,-72.6144,16
36.0236,-84.2375,6
40.4422,-109.5144,27
32.7817,-98.0603,47
34.3478,-85.1611,13
35.1822,-103.6031,51
40.2769,-74.8158,27
37.7214,-122.2208,71
33.7792,-84.5214,17
32.5161,-84.9422,31
31.7800,-103.2017,56
46.1569,-123.8825,25
45.0133,-84.7014,41
