37.1431,-107.7597,1
28.8208,-81.8097,1
43.5164,-112.0672,1
38.2553,-110.1800,1
26.2500,-80.1083,1
37.9272,-100.7247,1
30.5892,-96.3647,1
27.7839,-97.5108,1
40.7908,-111.4078,1
28.4339,-81.3250,1
40.4422,-109.5144,1
30.0375,-91.8839,1
38.5050,-107.8975,1
39.3669,-101.7000,1
40.0489,-107.8853,1
40.6019,-112.5075,1
38.7539,-108.0278,1
41.4333,-99.6333,1
31.3347,-92.5586,1
39.2583,-111.6306,1
40.1519,-122.2536,1
37.7083,-113.1439,1
43.4075,-94.7461,1
40.2064,-100.5914,1
36.0167,-102.5500,1
26.0719,-80.1536,1
38.9617,-101.1664,1
26.9172,-81.9914,1
41.1214,-100.6694,1
24.5550,-81.7522,1
43.7700,-88.4864,1
28.8614,-96.9303,1
25.9069,-80.2803,1
38.7550,-109.7542,1
26.1522,-81.7753,1
18.4325,-66.0108,1
40.8289,-115.7886,1
43.8789,-91.2528,1
13.4836,144.7961,1
40.5175,-122.2986,1
38.9539,-109.0528,1
40.1561,-106.9092,1
43.8339,-111.8045,1
37.5300,-110.7203,1
27.6531,-80.2428,1
42.4819,-114.4869,1
37.7608,-99.9683,1
38.9597,-94.3714,1
41.6236,-98.9517,1
42.9203,-112.5711,1
43.7694,-87.8506,1
40.4506,-107.5894,1
28.5453,-81.3331,1
43.1561,-90.6775,1
26.5850,-81.8614,1
40.4953,-107.5211,1
43.3906,-99.8422,1
30.7439,-95.5861,1
39.7122,-111.8319,1
39.1208,-94.5969,1
26.1658,-97.3458,1
39.5264,-107.7264,1
41.7456,-111.8033,1
39.1342,-108.5400,1
30.4844,-81.7019,1
42.8975,-106.4636,1
40.1606,-113.3508,1
30.2050,-91.9875,1
26.6847,-80.0994,1
42.3914,-96.3792,1
31.2361,-94.7544,1
32.0311,-96.3989,1
37.3858,-109.0750,1
36.5508,-114.4581,1
25.9156,-97.4186,1
42.8783,-100.5500,1
27.9619,-82.5403,1
38.7983,-94.4436,1
45.0619,-93.3508,1
41.6661,-111.8914,1
30.1250,-93.2158,1
39.2447,-102.2842,1
40.0503,-101.5325,1
41.2731,-111.0306,1
30.3361,-81.5147,1
42.0264,-115.3597,1
28.1011,-80.6439,1
25.6475,-80.4331,1
32.3847,-94.7117,1
40.8397,-111.8314,1
36.4486,-103.1539,1
38.8500,-94.7392,1
40.9611,-98.3136,1
43.7667,-98.0333,1
40.5353,-112.3217,1
44.9258,-89.6256,1
28.7797,-81.2436,1
40.7781,-111.9694,1
24.7258,-81.0517,1
42.7267,-114.4564,1
