34.6081,-79.0592,10
48.3500,-122.6667,80
35.2333,-101.7089,250
55.3567,-131.7117,140
37.2253,-89.5706,220
33.5656,-86.7450,20
44.0219,-82.7931,230
44.3206,-69.7972,330
38.3406,-75.5103,330
38.3000,-76.4167,320
44.5483,-95.0803,320
60.1283,-149.4167,20
33.6361,-91.7556,60
45.5406,-122.9486,300
38.9408,-77.4636,320
45.2575,-112.5545,220
48.2138,-106.6213,90
64.5111,-165.4400,330
45.6478,-68.6925,310
41.6328,-91.5431,310
35.8517,-97.4142,200
36.7725,-90.3247,230
38.2900,-104.4983,50
34.8822,-95.7831,230
33.4050,-118.4158,280
42.7267,-114.4564,50
45.8183,-88.1144,300
37.1467,-94.5022,230
47.4569,-115.6450,240
41.3497,-71.7989,330
34.6294,-118.0836,210
42.7972,-105.3856,280
39.2292,-106.3169,360
45.8069,-108.5422,320
21.9839,-159.3405,230
46.9728,-123.9303,70
31.3214,-85.4497,360
39.6014,-116.0056,210
27.4014,-82.5586,310
41.4131,-81.8600,200
37.9406,-75.4631,330
36.2833,-94.3000,270
38.2281,-85.6636,230
42.7461,-86.0967,220
39.7078,-77.7297,300
35.5342,-97.6469,200
44.8428,-117.8086,100
26.5361,-81.7550,300
40.9167,-81.4333,210
36.9839,-77.0075,330
62.9575,-155.6103,270
28.0836,-97.0464,20
34.7917,-79.3661,30
41.8056,-107.1997,250
39.1033,-84.4189,220
46.4047,-94.1308,320
43.9844,-88.5569,310
48.5428,-109.7633,220
32.8158,-117.1394,40
27.5333,-99.4667,170
40.6331,-93.9019,270
34.2097,-118.4892,300
48.1739,-103.6367,20
38.6956,-121.5897,300
37.3169,-79.9742,310
41.0089,-74.7367,350
30.7797,-86.5225,320
36.7414,-104.5022,180
35.2372,-120.6414,320
45.8678,-95.3942,330
66.0689,-162.7639,260
32.3367,-90.2214,20
42.2228,-83.7444,230
34.3478,-85.1611,350
43.8789,-91.2528,300
32.3206,-90.0778,10
29.5189,-95.2417,80
36.7367,-97.1019,340
45.5464,-100.4078,20
48.0944,-105.5744,70
37.2847,-120.5128,150
35.6575,-109.0614,180
32.4106,-99.6822,280
35.5144,-108.7939,40
42.5417,-113.7661,60
26.2500,-80.1083,310
30.3489,-85.7881,340
46.2667,-119.1167,140
31.8311,-104.8089,240
40.1203,-76.2944,320
40.3547,-79.9217,200
39.3450,-81.4392,200
41.9922,-93.6217,350
36.0236,-84.2375,190
47.3864,-92.8389,320
30.3567,-95.4139,170
44.7978,-68.8186,310
21.1544,-157.0961,170
33.6267,-116.1594,150
40.2342,-85.3936,250
37.0683,-88.7719,240
32.6636,-97.0939,210
39.8447,-89.6839,200
42.6003,-123.3642,120
39.3756,-99.8297,350
40.1764,-80.6472,230
59.7494,-154.9089,360
15.1167,145.7167,50
46.9253,-96.8111,350
37.7836,-81.1231,330
40.0781,-83.0781,190
36.6636,-121.6081,100
35.2578,-93.0947,100
59.6419,-151.4908,50
43.2339,-75.4117,300
37.9917,-122.0550,20
36.7436,-108.2292,100
42.2347,-85.5519,230
30.1831,-97.6800,150
40.0972,-92.5433,250
41.6875,-69.9933,330
43.5164,-112.0672,360
41.7700,-88.4814,210
44.0206,-117.0128,250
34.8461,-82.3461,340
31.1500,-92.9667,30
27.7628,-82.6261,340
39.9914,-82.8808,190
25.7906,-80.3164,310
36.6206,-116.0278,40
48.5614,-93.3981,330
41.4525,-87.0058,230
33.2194,-117.3494,280
25.9989,-80.2411,300
41.9381,-72.6825,320
43.8339,-111.8045,60
39.5514,-97.6508,320
40.2769,-74.8158,320
31.9514,-85.1289,280
17.7028,-64.8056,120
38.1811,-85.7392,240
44.1278,-123.2206,340
34.6439,-86.7861,10
39.5703,-104.8489,180
59.5119,-139.6711,120
44.6381,-90.1875,300
32.3347,-88.7442,360
40.4422,-109.5144,260
38.8983,-119.9947,30
41.4653,-90.5233,300
38.5050,-107.8975,150
33.6883,-112.0817,30
44.3853,-74.2067,240
43.4133,-124.2436,270
40.9706,-85.2064,240
13.4836,144.7961,20
37.6197,-122.3647,280
34.1750,-91.9347,200
40.7342,-73.4169,320
32.5428,-93.7450,190
36.5881,-121.8453,90
43.2389,-123.3547,10
44.6500,-73.4667,280
70.1917,-148.4772,60
35.6875,-117.6931,200
43.6264,-72.3047,310
33.2208,-92.8142,170
39.8328,-104.6575,210
33.6186,-114.7142,20
44.8889,-116.1017,310
42.4272,-73.2892,300
40.8097,-124.1603,310
38.5911,-92.1558,270
44.3592,-84.6739,230
35.9333,-79.0642,330
31.3500,-85.6667,350
41.5092,-74.2650,310
39.7556,-82.6572,250
46.9006,-95.0678,330
41.3714,-73.4828,330
43.1711,-86.2367,230
41.0375,-81.4642,200
30.2050,-91.9875,40
46.7994,-102.7972,50
47.2675,-122.5761,210
31.2819,-89.2531,30
34.9914,-78.8803,340
40.0803,-95.5919,310
33.3075,-104.5083,350
34.3622,-98.9761,250
45.6208,-122.6572,120
41.7781,-80.6958,200
38.5069,-121.4950,310
41.7806,-122.4717,80
70.2117,-151.0017,40
41.6267,-73.8842,330
35.6567,-95.3614,220
41.7219,-71.4325,310
39.1667,-76.6833,310
42.5842,-70.9175,320
41.6264,-80.2150,200
37.5050,-77.3203,350
38.0408,-84.6058,240
35.9461,-112.1547,60
42.4092,-83.0100,220
31.3711,-100.4922,230
61.1689,-150.0278,50
42.5544,-92.4011,310
37.2958,-81.2078,300
30.4119,-89.0808,30
40.1519,-122.2536,290
38.6892,-75.3592,320
43.3906,-99.8422,300
26.9172,-81.9914,280
39.9444,-81.8922,270
41.7803,-124.2367,330
42.8914,-73.2469,280
34.1231,-84.8486,350
39.6728,-75.6008,310
42.8153,-108.7261,250
38.0442,-87.5206,220
30.0675,-95.5561,130
41.1961,-112.0114,50
30.2333,-81.6667,360
38.3306,-96.1897,340
34.7411,-118.2117,290
44.3814,-100.2856,320
46.1236,-67.7928,290
43.6497,-70.3003,330
34.2675,-77.8997,340
39.9061,-84.2186,250
64.7767,-141.1483,10
39.4494,-74.5672,310
37.2839,-98.5528,340
47.4733,-111.3822,240
39.9492,-74.8417,330
33.4617,-80.8581,30
39.5264,-107.7264,230
34.8994,-120.4486,320
34.4258,-119.8425,280
31.7800,-103.2017,180
35.8311,-90.6464,230
41.6117,-90.5808,300
32.4506,-93.8411,160
35.0281,-110.7208,250
35.6542,-105.1419,180
40.8289,-115.7886,80
33.2061,-97.1989,230
35.2325,-75.6219,330
37.3592,-121.9239,300
33.4536,-94.0075,180
42.3811,-122.8722,80
43.3436,-72.5178,260
40.8731,-81.8867,200
62.1592,-145.4589,360
38.7042,-93.1833,270
42.4700,-71.2894,290
44.0433,-103.0536,330
34.0511,-118.2353,280
24.5550,-81.7522,330
42.5708,-77.7133,350
30.5069,-86.9597,330
34.1167,-119.1167,70
45.9647,-112.5006,180
42.1997,-75.9850,300
34.4978,-82.7097,250
41.2433,-76.9217,300
39.3669,-101.7000,320
33.6542,-101.8136,270
61.5961,-149.0917,50
40.9017,-117.8081,40
37.3031,-108.6275,200
41.0136,-83.6686,250
43.0661,-108.4767,260
36.7683,-96.0261,220
33.8750,-84.3022,320
42.5519,-71.7558,310
38.9286,-90.4281,210
66.8667,-162.6333,10
40.0489,-107.8853,100
39.2447,-102.2842,310
32.8986,-80.0403,360
44.9047,-97.1494,330
28.8614,-96.9303,150
32.8978,-97.0189,200
40.4847,-80.2144,230
32.7100,-96.2672,220
44.7408,-85.5825,260
26.5850,-81.8614,300
28.7247,-96.2536,150
41.5339,-93.6531,250
43.7331,-103.6114,310
42.2314,-83.3308,190
36.1189,-86.6892,350
30.3503,-81.8831,340
33.9381,-118.3889,270
32.7817,-98.0603,250
40.8206,-76.8642,310
31.4156,-87.0442,340
42.3075,-85.2511,230
43.9906,-70.9475,280
32.5722,-116.9794,120
41.2639,-72.8872,330
31.4583,-109.6061,90
45.5511,-122.4089,110
47.3978,-120.2014,300
39.2956,-80.2289,230
34.6525,-86.9453,360
36.6817,-101.5053,10
41.3119,-105.6747,330
36.2117,-115.1958,330
40.8508,-96.7475,330
46.5486,-90.9189,320
21.3239,-157.9294,200
39.1353,-96.6778,350
47.4667,-87.8833,30
33.2119,-87.6161,30
47.6458,-101.4394,30
45.6689,-96.9914,20
40.2383,-75.5572,320
43.1406,-89.3453,320
39.7075,-86.2803,220
37.7064,-112.1456,140
37.2353,-93.4003,160
32.1300,-81.2100,360
20.8997,-156.4286,200
46.9733,-122.9033,260
36.8781,-91.9025,230
34.2008,-119.2069,290
33.4278,-112.0039,50
44.5761,-71.1786,310
39.8250,-86.2958,230
7.4500,151.8333,100
33.7792,-84.5214,290
41.6686,-70.2800,320
34.5467,-93.5781,140
32.3336,-104.2581,220
41.4333,-99.6333,310
39.9181,-76.8742,320
37.7214,-122.2208,140
42.1244,-86.4267,270
43.9922,-76.0217,330
30.4636,-88.5319,340
34.6719,-82.8864,250
42.9203,-112.5711,60
6.9667,158.2167,60
41.9950,-87.9336,220
39.1019,-121.5678,330
41.9097,-70.7294,300
41.8833,-91.7167,310
32.7336,-117.1831,310
38.3650,-82.5550,180
37.3208,-79.2067,360
40.8203,-82.5178,190
34.5583,-98.4172,20
36.0394,-95.9844,220
40.7781,-111.9694,270
35.0419,-106.6156,80
43.7667,-98.0333,320
29.9800,-95.3600,140
48.4608,-119.5167,300
47.9742,-117.4283,60
40.7794,-73.8803,320
30.4000,-81.4167,30
43.7700,-88.4864,320
33.4825,-90.9853,40
45.5433,-94.0514,310
48.7939,-122.5372,140
39.1333,-86.6167,210
46.7439,-117.1086,100
46.9208,-114.0925,320
32.4833,-80.7167,360
30.3975,-84.3289,340
43.1544,-93.3269,320
31.4000,-93.2833,270
30.8356,-85.1839,10
43.9636,-69.7117,290
36.2967,-99.7689,350
33.1281,-117.2794,260
40.0819,-75.0111,330
28.8208,-81.8097,360
40.6825,-74.1694,310
33.9228,-118.3342,260
33.8117,-78.7239,40
27.9619,-82.5403,300
41.1519,-104.8061,330
38.7525,-90.3736,260
30.6794,-88.2397,360
39.6428,-79.9164,230
34.7442,-87.5997,10
47.4933,-122.2144,140
39.0083,-95.2117,320
46.7708,-100.7603,20
9.4833,138.0833,40
32.8547,-109.6353,110
36.3689,-92.4703,170
38.3083,-75.1239,340
41.3336,-75.7269,300
46.8369,-92.2097,300
39.4781,-88.2803,190
38.9597,-94.3714,280
46.0261,-91.4442,300
26.6847,-80.0994,300
25.9069,-80.2803,300
36.1994,-95.8872,190
34.2719,-83.8303,310
41.0731,-71.9233,300
33.9706,-80.9958,30
37.7461,-97.2211,350
33.1803,-96.5903,210
38.8483,-77.0342,300
45.0133,-84.7014,220
34.7336,-76.6606,340
31.4208,-110.8458,170
42.3606,-71.0106,290
32.3847,-94.7117,210
42.0572,-102.8000,310
41.9856,-97.4353,330
43.1167,-77.6767,270
38.0511,-117.0903,20
41.3461,-82.1794,220
37.3711,-118.3581,170
60.7850,-161.8292,20
31.9206,-102.3867,220
33.0375,-116.9158,90
44.9050,-123.0011,140
32.2997,-86.4075,10
37.4058,-122.0481,350
39.5781,-85.8033,230
48.3042,-114.2636,40
35.6950,-101.3950,260
40.4122,-86.9369,240
32.5500,-88.5667,340
42.3978,-90.7036,340
42.2333,-83.5333,220
42.3914,-96.3792,320
34.9000,-76.8833,330
26.2281,-97.6542,80
41.3931,-70.6150,320
31.8456,-86.6108,360
42.5700,-72.2911,320
35.8922,-78.7819,30
29.3783,-100.9269,150
38.8317,-94.8897,290
38.6572,-90.6558,250
32.1314,-110.9553,120
29.9933,-90.2511,30
31.3089,-86.3939,20
38.1847,-84.9033,230
39.4519,-87.3089,180
45.5644,-84.7928,290
33.8719,-117.9789,290
56.6000,-169.5650,20
44.3394,-105.5419,310
46.8706,-68.0172,330
26.1839,-98.2539,70
41.5097,-72.8278,330
40.6675,-89.6839,220
39.4167,-118.7167,30
34.9894,-99.0525,220
38.5000,-77.3000,340
31.6072,-110.4281,80
45.6044,-103.5464,310
40.0397,-88.2778,210
35.9508,-85.0814,270
29.1828,-81.0483,10
38.5039,-122.8103,340
29.5622,-91.5256,30
36.5728,-79.3361,330
7.0833,171.3833,50
41.5175,-81.6836,180
38.7667,-104.3000,180
36.7800,-119.7194,310
42.9667,-83.7494,230
55.2208,-162.7325,140
40.7939,-73.1017,320
47.2381,-123.1408,240
33.9786,-98.4928,240
29.5442,-98.4839,200
42.1594,-76.8919,300
34.7675,-114.6189,30
41.5333,-71.2833,320
29.7036,-98.0281,180
60.5797,-151.2392,20
41.7872,-111.8533,210
36.2667,-93.1567,160
41.3275,-72.0494,330
40.6044,-98.4272,340
38.4167,-113.0167,360
33.8281,-116.5053,110
28.1011,-80.6439,350
45.6194,-121.1661,100
34.4272,-100.2831,200
45.0319,-102.0192,320
67.7317,-164.5483,20
37.7797,-89.2497,240
39.8344,-88.8656,220
32.7000,-117.2000,310
39.0431,-84.6717,190
46.3583,-104.2500,310
41.7072,-86.3164,220
43.5667,-116.2406,170
24.5833,-81.6833,340
44.9258,-89.6256,310
40.2064,-100.5914,310
40.8764,-74.2831,310
41.1389,-75.3794,320
35.3889,-97.6006,210
46.0947,-118.2869,180
37.1431,-107.7597,200
44.0511,-101.6011,320
36.0097,-94.1694,210
41.8706,-103.5931,330
43.0206,-102.5183,290
29.3331,-89.4075,40
28.0622,-81.7542,320
45.5908,-122.6003,190
36.1336,-80.2222,340
38.8853,-79.8528,320
34.2486,-82.1592,360
33.9753,-117.6361,270
46.4267,-105.8825,310
30.3208,-97.7603,160
38.8000,-97.6500,320
29.6222,-95.6564,160
36.3189,-119.6289,320
36.0719,-115.1633,190
45.7881,-111.1608,150
37.2622,-104.3378,230
29.1097,-95.4619,130
41.5944,-109.0528,260
30.4781,-87.1869,360
38.7642,-87.6056,230
39.5936,-84.2264,230
48.7167,-94.6000,310
27.5000,-97.8167,130
37.0872,-84.0769,350
35.9403,-89.8308,220
38.0494,-103.5122,260
44.1708,-114.9272,180
57.1553,-170.2222,360
42.4167,-87.8667,210
44.3675,-71.5450,270
35.6697,-120.6283,80
44.2033,-72.5794,300
42.5950,-87.9381,240
46.9258,-98.6692,20
42.8975,-106.4636,210
37.5908,-83.3131,340
34.0158,-118.4514,220
41.1214,-100.6694,280
45.8258,-119.2611,360
45.0619,-93.3508,310
31.0425,-86.3117,40
34.0500,-94.4008,180
29.6381,-95.2819,80
32.2622,-107.7206,90
30.5108,-99.7664,230
37.4389,-105.8614,260
31.5356,-84.1944,60
34.2167,-119.0833,270
41.1014,-102.9847,330
42.8050,-72.0036,310
33.8117,-118.1464,290
43.1953,-71.5011,310
32.3542,-95.4025,200
40.3667,-75.9667,310
42.1578,-72.7161,320
37.7086,-113.0944,50
33.3633,-84.5658,320
42.1128,-92.9175,320
48.1203,-123.4983,280
47.9428,-97.1839,360
41.5886,-83.8014,240
66.9161,-151.5089,320
39.2972,-94.7306,270
39.3792,-74.4242,330
44.8322,-93.4706,300
44.4683,-73.1500,320
35.1350,-90.2344,160
35.6169,-106.0889,360
38.8169,-92.2183,270
37.6703,-95.4842,200
30.4000,-86.4717,20
27.6833,-97.2833,20
31.5358,-82.5067,340
34.8536,-116.7858,270
40.2964,-78.3203,300
40.1606,-113.3508,160
32.9733,-97.3181,220
59.4433,-151.7017,360
39.6092,-110.7547,20
34.9869,-81.0575,340
41.0669,-73.7075,300
35.2236,-80.9553,30
38.3775,-121.9575,20
35.7425,-81.3819,330
24.7258,-81.0517,330
31.8606,-86.0122,350
38.3794,-81.5900,260
42.7803,-84.5789,220
43.1644,-95.2017,290
48.6033,-112.3753,260
42.0647,-104.1528,330
40.7789,-73.9692,310
40.6239,-74.6694,310
30.5892,-96.3647,240
32.6847,-83.6528,340
39.1894,-103.7158,330
46.5683,-120.5428,300
40.1667,-103.2167,270
31.3347,-92.5586,200
28.4339,-81.3250,340
47.4444,-122.3139,130
31.5883,-110.3442,130
34.1853,-79.7239,360
36.9033,-76.1922,350
45.6906,-118.8528,290
41.7636,-96.1778,330
31.3928,-92.2956,230
47.1686,-88.4889,300
40.5100,-101.6200,340
39.4203,-83.8217,240
46.1442,-115.5964,350
39.2953,-114.8467,170
42.9550,-87.9044,220
33.3644,-81.9633,20
44.2558,-121.1392,320
40.1936,-76.7633,320
37.6242,-120.9506,300
64.5500,-149.0717,320
36.0969,-79.9433,320
30.9119,-102.9167,230
36.1625,-97.0894,360
41.3103,-95.8992,320
38.1417,-76.4292,300
39.8683,-75.2311,320
38.9833,-76.4667,330
36.3333,-119.9500,300
48.2553,-101.2733,10
42.6650,-83.4181,210
71.2833,-156.7814,50
-14.3306,-170.7136,70
37.7081,-77.4344,300
44.8664,-91.4878,320
22.0333,-159.7833,200
45.4558,-98.4131,10
38.8761,-98.8092,350
38.2103,-122.2847,90
31.1522,-81.3908,10
32.5161,-84.9422,30
39.2775,-120.7103,180
40.0681,-118.5692,60
62.3200,-150.0950,30
39.7333,-77.4333,360
28.5453,-81.3331,20
47.0339,-120.5303,290
61.2169,-149.8550,330
36.6950,-76.1356,340
58.6794,-156.6294,360
40.4953,-107.5211,80
30.5372,-91.1469,230
37.1319,-76.4930,330
32.8342,-115.5786,120
39.8233,-93.5792,280
43.5950,-118.9564,50
40.6161,-83.0636,210
34.7272,-92.2389,230
43.4075,-94.7461,310
44.5228,-114.2150,160
42.6425,-77.0564,300
35.0564,-89.9864,60
30.7044,-87.0231,350
27.7411,-98.0247,130
39.4839,-119.7711,40
37.9272,-100.7247,350
41.4914,-120.5644,80
44.5444,-110.4211,110
42.1928,-89.0931,230
47.7472,-90.3444,340
59.4556,-135.3239,210
35.3331,-94.3625,50
46.1569,-123.8825,240
35.0028,-105.6628,310
29.2733,-94.8592,80
42.4933,-79.2722,200
41.3375,-84.4289,220
36.0167,-102.5500,20
47.9375,-124.5550,100
35.0311,-85.2014,360
32.8167,-115.6833,270
47.2078,-119.3192,360
34.7436,-118.7242,70
40.3300,-75.1225,310
39.7736,-94.9233,260
33.9519,-117.4386,40
32.7667,-97.4500,210
41.2531,-70.0608,320
32.8519,-96.8556,210
32.6500,-114.6167,60
31.3558,-85.7511,340
7.3333,134.4833,50
28.7797,-81.2436,20
41.7861,-87.7522,220
41.7361,-72.6506,320
26.1522,-81.7753,310
40.9781,-124.1086,130
58.3567,-134.5639,120
47.6831,-117.3214,90
41.8031,-78.6403,300
25.9156,-97.4186,80
42.0800,-80.1825,200
39.2231,-106.8683,220
60.7850,-148.8389,90
32.0311,-96.3989,230
30.7825,-83.2767,10
19.7192,-155.0531,10
41.6764,-70.9583,290
33.4669,-82.0386,20
64.3267,-158.7417,50
36.2606,-76.1750,340
42.8375,-103.0953,310
30.3361,-81.5147,360
42.1469,-121.7242,340
41.5631,-83.4764,240
36.9358,-121.7886,220
26.0719,-80.1536,280
27.7839,-97.5108,110
29.3389,-98.4719,210
33.4964,-90.0867,30
36.9261,-111.4478,360
43.1561,-90.6775,220
41.8756,-71.0211,320
39.3644,-84.5247,260
33.6800,-117.8664,240
41.2003,-74.6231,310
37.6542,-122.1150,80
35.4344,-119.0542,40
45.7728,-122.8611,140
45.2486,-122.7686,120
43.7694,-87.8506,240
18.3331,-64.9667,130
41.6236,-98.9517,330
60.4889,-145.4511,60
8.7333,167.7333,50
43.1111,-76.1039,250
63.9944,-145.7214,120
32.6808,-96.8681,250
61.1781,-149.9664,30
44.3814,-106.7211,350
33.9486,-81.1186,360
44.3592,-89.8369,300
59.2433,-135.5094,80
44.5169,-108.0822,90
42.9486,-78.7369,220
45.0717,-83.5644,200
47.0492,-109.4578,300
37.2833,-102.6139,290
33.9481,-83.3275,330
35.0678,-77.0481,340
46.6056,-111.9636,280
30.0481,-102.2131,220
45.5114,-118.4247,90
35.0169,-80.6206,360
42.2706,-71.8731,310
47.5303,-122.3008,130
30.0494,-90.0289,10
35.1442,-111.6664,60
39.1258,-123.2008,270
40.8500,-74.0614,320
35.1822,-103.6031,230
41.8678,-84.0794,230
30.0375,-91.8839,40
38.9503,-95.6639,330
28.4736,-82.4544,270
42.1208,-87.9047,210
37.3278,-95.5042,210
33.5872,-85.8556,10
55.5800,-133.0750,200
37.6928,-121.8144,50
42.6958,-73.1708,270
32.8667,-117.1333,40
36.8167,-76.0333,330
29.6919,-82.2756,360
31.9433,-102.1889,210
30.7406,-98.2353,190
35.8181,-83.9858,20
42.1094,-77.9919,300
42.8939,-85.5447,210
31.8111,-106.3758,20
38.1386,-78.4530,340
36.4486,-103.1539,20
47.6217,-117.5281,50
41.0467,-78.4117,310
39.4019,-77.9844,300
30.7439,-95.5861,190
47.9078,-122.2803,120
32.5156,-92.0406,60
44.3981,-98.2231,360
21.4500,-157.7833,210
36.6239,-87.4194,210
33.6300,-84.4417,340
43.5878,-96.7289,310
38.5714,-90.1572,190
40.6508,-75.4492,310
29.6333,-83.1053,20
41.9144,-88.2464,210
41.7419,-72.1836,330
35.8550,-77.8931,330
33.6228,-111.9106,120
42.1908,-71.1736,300
27.6531,-80.2428,20
40.3161,-78.8339,300
44.9358,-74.8458,240
32.3500,-91.0278,30
45.6308,-89.4653,270
34.8831,-82.2203,230
41.2544,-80.6739,230
33.1783,-86.7817,350
46.0139,-102.6547,40
45.4622,-69.5953,310
39.3667,-75.0667,300
37.7608,-99.9683,350
40.9611,-98.3136,320
35.1967,-81.1558,10
45.1947,-123.1339,290
34.2900,-93.0600,190
38.8100,-104.6883,160
43.9042,-92.4917,310
37.1681,-97.0369,340
35.5931,-88.9167,30
43.1072,-78.9453,220
30.7167,-87.0167,340
29.9506,-94.0206,170
29.3600,-99.1742,190
64.8039,-147.8761,40
42.8783,-100.5500,280
46.4794,-84.3572,310
28.4567,-99.2183,150
42.5906,-117.8644,140
39.1342,-108.5400,140
42.7431,-73.8092,290
47.3078,-119.5153,20
34.0561,-117.6003,280
43.3500,-73.6167,290
46.3747,-117.0156,70
38.1311,-91.7683,250
41.3325,-122.3328,330
44.5344,-72.6144,310
39.0725,-95.6261,310
27.4981,-80.3767,310
30.3433,-89.8222,200
41.5272,-85.7922,240
40.2172,-76.8514,310
47.3258,-106.9475,330
42.4819,-114.4869,60
46.4167,-86.6500,340
41.1583,-73.1289,330
62.9614,-141.9292,240
18.2550,-65.6408,170
30.4844,-81.7019,30
57.7511,-152.4856,290
34.6517,-112.4208,150
31.2361,-94.7544,210
40.5175,-122.2986,320
29.7333,-85.0333,10
37.0911,-95.5664,200
27.9106,-82.6875,310
48.5222,-123.0231,360
40.7833,-91.1253,200
43.9658,-107.9508,170
44.7694,-106.9689,320
39.4900,-121.6183,300
34.2006,-118.3575,180
36.9500,-76.2833,330
42.5844,-110.1075,20
43.3497,-76.3847,320
34.7000,-77.3833,350
36.4731,-82.4044,350
40.0228,-82.4625,200
55.0389,-131.5786,140
41.1783,-78.8989,250
57.0481,-135.3647,160
43.5331,-84.0797,220
34.5183,-109.3792,200
33.2367,-107.2681,320
26.1969,-80.1708,270
43.2119,-90.1814,300
36.9878,-120.1106,260
43.2781,-70.9222,300
30.6264,-88.0681,20
18.4325,-66.0108,90
38.0700,-102.6881,200
39.9369,-91.1919,210
41.1078,-92.4467,260
40.7083,-84.0267,250
40.8436,-72.6322,320
30.1250,-93.2158,80
44.4983,-88.1111,230
45.6983,-110.4408,230
40.8217,-72.8689,320
38.7550,-109.7542,310
35.2100,-99.1200,210
44.8831,-93.2289,310
38.0653,-97.8606,340
31.6189,-97.2283,180
37.6544,-97.4425,330
42.7172,-71.1239,310
21.3167,-158.0667,220
40.6386,-73.7622,310
40.4719,-81.4236,210
36.9647,-86.4239,220
42.9333,-71.4383,330
31.1828,-90.4708,360
35.2578,-113.9331,140
39.1208,-94.5969,290
25.6475,-80.4331,270
32.6261,-116.4681,50
26.1658,-97.3458,60
19.7356,-156.0489,170
35.4319,-82.5375,340
42.7611,-87.8136,230
42.2667,-84.4667,210
38.8500,-94.7392,290
44.9319,-93.0556,310
32.8192,-97.3614,230
34.2622,-88.7714,30
30.8458,-85.6014,350
37.8892,-121.2258,260
47.2856,-68.3133,320
41.2731,-111.0306,210
