36.3200,-115.7000,288
36.7200,-106.2600,253
43.8000,-114.8500,360
43.7600,-116.1000,42
35.7700,-105.7800,12
36.5100,-106.3200,11
40.3000,-111.2600,305
43.7600,-115.2400,89
39.1900,-120.2600,264
39.3600,-106.0600,189
36.2500,-115.6300,159
39.2900,-117.1100,192
36.8600,-106.2300,17
46.2400,-117.3900,228
44.2100,-110.6700,323
44.7900,-116.0900,152
38.4000,-119.5400,194
35.9200,-106.3900,235
48.7200,-116.4600,35
41.4000,-107.2600,161
36.1900,-105.5600,47
40.8300,-111.7600,64
36.0300,-106.8100,47
36.0700,-105.6300,256
36.9600,-106.6600,151
35.3400,-111.6500,277
36.7900,-105.2400,274
39.4300,-120.3100,225
36.0000,-106.8300,283
40.5300,-106.7800,46
36.3100,-115.6800,177
39.8000,-106.0300,40
36.9900,-105.2600,289
44.3800,-116.3400,170
39.3100,-111.4300,286
35.7800,-105.5400,240
