32.5667,-117.1167,27
36.3200,-115.7000,9
40.2342,-85.3936,40
30.0494,-90.0289,46
43.9906,-70.9475,21
45.6194,-121.1661,67
35.2333,-101.7089,53
34.2622,-88.7714,12
32.3367,-90.2214,15
32.6500,-114.6167,39
37.1431,-107.7597,30
37.4389,-105.8614,17
30.0481,-102.2131,33
34.2675,-77.8997,26
45.2486,-122.7686,17
46.7708,-100.7603,21
34.2008,-119.2069,38
35.2372,-120.6414,50
28.8208,-81.8097,54
43.0661,-108.4767,38
60.7850,-161.8292,61
64.7767,-141.1483,15
41.6117,-90.5808,30
37.2253,-89.5706,17
39.4206,-79.0050,9
38.8169,-92.2183,26
27.4981,-80.3767,31
40.4122,-86.9369,27
38.9286,-90.4281,26
34.8822,-95.7831,16
35.0169,-80.6206,13
38.3000,-76.4167,38
36.2117,-115.1958,34
41.3461,-82.1794,43
40.9781,-124.1086,17
46.7994,-102.7972,23
36.7200,-106.2600,5
37.7461,-97.2211,36
41.7806,-122.4717,25
33.0375,-116.9158,22
42.8153,-108.7261,35
34.9883,-117.8647,48
38.6644,-94.8900,22
32.5722,-116.9794,18
36.0097,-94.1694,14
42.5950,-87.9381,36
43.8000,-114.8500,4
39.6014,-116.0056,31
47.2856,-68.3133,53
34.1750,-91.9347,11
43.0206,-102.5183,47
39.7333,-77.4333,17
44.4683,-73.1500,46
41.8833,-91.7167,30
39.8233,-93.5792,18
43.5164,-112.0672,36
36.0394,-95.9844,13
29.7333,-85.0333,43
34.4258,-119.8425,28
43.9922,-76.0217,44
41.6764,-70.9583,50
44.1278,-123.2206,29
42.2333,-83.5333,50
31.3214,-85.4497,15
38.3794,-81.5900,27
37.9050,-93.3169,13
46.9208,-114.0925,23
36.7414,-104.5022,22
41.2531,-70.0608,50
44.2558,-121.1392,27
41.5272,-85.7922,34
31.3558,-85.7511,9
44.3592,-89.8369,42
37.3278,-95.5042,15
48.8700,-121.7900,0
40.1100,-87.9567,27
41.6264,-80.2150,29
60.1283,-149.4167,33
43.9658,-107.9508,39
42.2667,-84.4667,44
35.1442,-111.6664,22
61.2169,-149.8550,17
40.0397,-88.2778,34
64.5500,-149.0717,11
26.2500,-80.1083,26
36.9839,-77.0075,16
35.5953,-82.5567,4
48.4608,-119.5167,40
40.0681,-118.5692,31
21.4500,-157.7833,43
38.8761,-98.8092,31
30.0675,-95.5561,15
44.3394,-105.5419,37
32.7800,-79.9319,40
41.0089,-74.7367,17
34.0511,-118.2353,4
37.9272,-100.7247,38
39.3792,-74.4242,49
26.5361,-81.7550,27
39.8447,-89.6839,30
37.2839,-98.5528,29
39.5703,-104.8489,38
64.3267,-158.7417,24
40.4847,-80.2144,29
30.5892,-96.3647,21
43.7600,-116.1000,9
44.7694,-106.9689,42
44.0511,-101.6011,33
40.7789,-73.9692,22
34.9894,-99.0525,48
35.3889,-97.6006,25
35.4344,-119.0542,31
33.9786,-98.4928,30
39.0725,-95.6261,20
45.8619,-96.5650,31
36.3189,-119.6289,38
35.7700,-105.7800,4
36.5100,-106.3200,370
41.8161,-80.4250,31
40.6825,-74.1694,50
40.0803,-95.5919,28
27.7839,-97.5108,41
41.9097,-70.7294,47
46.7439,-117.1086,33
42.9486,-78.7369,62
37.9917,-122.0550,54
42.6958,-73.1708,21
29.3389,-98.4719,25
42.6425,-77.0564,35
42.7431,-73.8092,37
42.0647,-104.1528,27
28.4339,-81.3250,45
44.3814,-100.2856,19
41.1519,-104.8061,48
42.3200,-120.8300,4
33.6267,-116.1594,38
37.6542,-122.1150,52
40.4422,-109.5144,28
34.0500,-94.4008,13
41.6686,-70.2800,51
38.3650,-82.5550,29
33.6228,-111.9106,14
41.1583,-73.1289,44
33.6361,-91.7556,10
59.7494,-154.9089,26
39.4519,-87.3089,34
36.7800,-119.7194,46
42.7900,-121.9800,0
40.3000,-111.2600,12
37.0911,-95.5664,26
30.0375,-91.8839,22
42.9550,-87.9044,46
42.1469,-121.7242,18
32.3542,-95.4025,18
39.9369,-91.1919,26
41.4525,-87.0058,19
37.7214,-122.2208,62
42.9667,-83.7494,34
37.2833,-102.6139,40
45.7728,-122.8611,22
40.8764,-74.2831,20
34.6517,-112.4208,35
36.0969,-79.9433,26
33.8117,-78.7239,34
33.1783,-86.7817,6
37.5050,-77.3203,32
45.0717,-83.5644,28
45.6689,-96.9914,31
38.9408,-77.4636,34
42.8939,-85.5447,43
42.5519,-71.7558,44
32.5428,-93.7450,12
41.2639,-72.8872,32
34.2006,-118.3575,21
58.6794,-156.6294,20
62.3200,-150.0950,5
47.5303,-122.3008,15
38.5050,-107.8975,30
45.4558,-98.4131,18
45.5511,-122.4089,10
42.1094,-77.9919,40
41.6328,-91.5431,30
43.7600,-115.2400,9
33.2119,-87.6161,10
46.9253,-96.8111,34
46.1569,-123.8825,45
34.9869,-81.0575,14
40.8436,-72.6322,46
41.0731,-71.9233,35
41.3375,-84.4289,34
39.3669,-101.7000,32
36.3333,-119.9500,46
39.9444,-81.8922,35
33.4050,-118.4158,35
34.6294,-118.0836,56
34.4272,-100.2831,40
31.4208,-110.8458,17
37.3031,-108.6275,34
39.2292,-106.3169,22
44.5483,-95.0803,35
29.7036,-98.0281,29
33.8750,-84.3022,5
40.8217,-72.8689,47
42.5544,-92.4011,27
36.1189,-86.6892,17
39.1900,-120.2600,27
32.6847,-83.6528,18
42.4092,-83.0100,46
36.6239,-87.4194,19
48.5428,-109.7633,68
32.2622,-107.7206,24
39.7750,-105.1169,0
40.8203,-82.5178,51
44.2667,-71.2994,144
31.3711,-100.4922,38
35.6169,-106.0889,29
30.3208,-97.7603,17
40.0489,-107.8853,27
41.5944,-109.0528,56
35.5931,-88.9167,18
42.7611,-87.8136,38
41.5631,-83.4764,54
47.4444,-122.3139,23
46.0947,-118.2869,41
39.3450,-81.4392,33
32.3500,-91.0278,18
32.9733,-97.3181,20
27.5333,-99.4667,38
30.7797,-86.5225,22
38.6956,-121.5897,53
48.0944,-105.5744,27
33.9519,-117.4386,20
48.2553,-101.2733,24
41.4333,-99.6333,36
7.0833,171.3833,34
39.7194,-76.8028,45
38.8000,-97.6500,26
71.2833,-156.7814,80
31.3347,-92.5586,15
29.6381,-95.2819,21
45.0133,-84.7014,34
42.7461,-86.0967,26
40.1519,-122.2536,34
33.5656,-86.7450,15
27.9106,-82.6875,47
42.1128,-92.9175,23
37.3711,-118.3581,29
30.4781,-87.1869,34
29.1097,-95.4619,22
40.1203,-76.2944,34
39.4717,-76.1697,0
43.4075,-94.7461,29
44.6381,-90.1875,46
30.6794,-88.2397,22
32.7667,-97.4500,24
38.4167,-113.0167,47
46.4167,-86.6500,35
33.9381,-118.3889,33
47.9078,-122.2803,31
40.7794,-73.8803,49
32.7336,-117.1831,24
38.7642,-87.6056,37
45.8183,-88.1144,37
66.9161,-151.5089,29
37.7086,-113.0944,30
40.2064,-100.5914,38
39.3600,-106.0600,9
46.4267,-105.8825,41
35.8922,-78.7819,28
36.0167,-102.5500,47
38.1811,-85.7392,44
26.0719,-80.1536,24
40.6331,-93.9019,15
33.6800,-117.8664,22
41.5333,-71.2833,38
36.2500,-115.6300,14
28.4736,-82.4544,40
17.7028,-64.8056,78
48.5222,-123.0231,19
40.6161,-83.0636,44
38.8853,-79.8528,16
39.4019,-77.9844,26
42.4167,-87.8667,24
70.6392,-159.9950,65
29.1828,-81.0483,53
43.1406,-89.3453,27
37.2958,-81.2078,29
32.3336,-104.2581,34
25.7906,-80.3164,16
26.9172,-81.9914,33
32.8342,-115.5786,26
31.9514,-85.1289,5
34.7442,-87.5997,7
33.4669,-82.0386,18
39.1667,-76.6833,26
35.9333,-79.0642,11
45.1947,-123.1339,17
18.3331,-64.9667,63
41.8678,-84.0794,42
44.3675,-71.5450,14
41.1078,-92.4467,26
36.1625,-97.0894,32
47.9375,-124.5550,25
34.6242,-106.3103,0
41.1214,-100.6694,45
24.5550,-81.7522,24
43.7700,-88.4864,45
39.2900,-117.1100,5
46.0261,-91.4442,21
28.8614,-96.9303,28
45.5433,-94.0514,34
28.9844,-95.3808,18
41.5175,-81.6836,49
40.4719,-81.4236,28
24.5833,-81.6833,24
40.6508,-75.4492,30
41.5092,-74.2650,39
32.8519,-96.8556,32
36.8167,-76.0333,45
38.8100,-104.6883,30
34.1853,-79.7239,26
41.2433,-76.9217,26
25.9069,-80.2803,22
47.0492,-109.4578,56
36.7683,-96.0261,13
31.4156,-87.0442,9
43.5331,-84.0797,36
36.9878,-120.1106,44
41.1389,-75.3794,38
38.7550,-109.7542,29
40.2383,-75.5572,25
35.5144,-108.7939,9
33.9706,-80.9958,11
34.2167,-119.0833,26
48.2138,-106.6213,55
48.1203,-123.4983,46
35.2236,-80.9553,25
26.1522,-81.7753,22
44.5169,-108.0822,28
38.6572,-90.6558,18
47.9742,-117.4283,24
39.3756,-99.8297,26
38.8983,-119.9947,15
31.9433,-102.1889,57
34.2900,-93.0600,17
32.8167,-115.6833,29
28.0622,-81.7542,38
44.8428,-117.8086,23
39.7556,-82.6572,37
30.4000,-81.4167,49
35.2578,-93.0947,5
18.4325,-66.0108,57
34.6439,-86.7861,10
31.6072,-110.4281,40
37.2622,-104.3378,30
40.2769,-74.8158,34
36.8600,-106.2300,423
42.0800,-80.1825,41
63.9944,-145.7214,17
47.3258,-106.9475,43
46.5486,-90.9189,31
55.5800,-133.0750,16
46.8706,-68.0172,44
32.8158,-117.1394,21
47.4933,-122.2144,17
30.1831,-97.6800,22
35.1822,-103.6031,22
40.8289,-115.7886,28
33.3644,-81.9633,19
39.4781,-88.2803,38
21.3167,-158.0667,19
43.3500,-73.6167,28
59.4556,-135.3239,13
30.9119,-102.9167,45
39.1258,-123.2008,19
37.7064,-112.1456,34
44.9047,-97.1494,22
45.5464,-100.4078,27
40.1667,-103.2167,49
43.1711,-86.2367,30
33.7792,-84.5214,7
60.7850,-148.8389,14
31.8606,-86.0122,10
45.0319,-102.0192,34
31.6189,-97.2283,31
35.5342,-97.6469,33
43.8789,-91.2528,33
13.4836,144.7961,47
40.1550,-103.1417,18
47.2675,-122.5761,27
34.8831,-82.2203,15
44.3981,-98.2231,17
31.8311,-104.8089,43
47.6831,-117.3214,22
47.3078,-119.5153,38
39.1333,-86.6167,25
35.8550,-77.8931,26
40.7833,-91.1253,25
35.0028,-105.6628,53
39.9181,-76.8742,18
67.7317,-164.5483,51
39.6428,-79.9164,26
30.6264,-88.0681,23
40.5175,-122.2986,23
36.6206,-116.0278,45
30.3975,-84.3289,26
42.8375,-103.0953,25
28.7247,-96.2536,37
46.0139,-102.6547,23
45.9647,-112.5006,21
46.2400,-117.3900,11
37.2353,-93.4003,24
38.3083,-75.1239,38
42.8914,-73.2469,26
38.0442,-87.5206,33
19.7192,-155.0531,21
30.5069,-86.9597,28
39.7075,-86.2803,53
37.1319,-76.4930,36
39.6728,-75.6008,38
26.1839,-98.2539,55
44.7408,-85.5825,25
41.7361,-72.6506,43
38.3306,-96.1897,33
22.0333,-159.7833,34
48.6033,-112.3753,42
43.4133,-124.2436,29
36.2967,-99.7689,46
34.2719,-83.8303,17
41.8706,-103.5931,30
43.8339,-111.8045,29
39.8344,-88.8656,37
39.8328,-104.6575,48
42.2706,-71.8731,52
37.6928,-121.8144,60
42.1928,-89.0931,34
44.2100,-110.6700,16
37.0683,-88.7719,24
39.5936,-84.2264,38
44.0433,-103.0536,31
41.2003,-74.6231,18
33.4964,-90.0867,12
41.4131,-81.8600,47
37.1467,-94.5022,27
32.6261,-116.4681,38
36.1994,-95.8872,30
39.1033,-84.4189,28
57.1553,-170.2222,81
45.0800,-117.5500,3
40.6675,-89.6839,23
46.8369,-92.2097,53
40.1764,-80.6472,37
37.6544,-97.4425,39
37.7081,-77.4344,22
32.7817,-98.0603,21
44.7900,-116.0900,11
39.4900,-121.6183,42
46.9258,-98.6692,26
31.5358,-82.5067,11
34.9000,-76.8833,20
42.8050,-72.0036,34
41.7219,-71.4325,49
35.0564,-89.9864,13
35.3331,-94.3625,18
41.3931,-70.6150,48
44.4983,-88.1111,42
36.6636,-121.6081,40
39.3667,-75.0667,23
55.0389,-131.5786,14
37.0872,-84.0769,21
34.0158,-118.4514,18
29.9506,-94.0206,17
31.3928,-92.2956,6
41.5097,-72.8278,34
42.5906,-117.8644,42
32.4833,-80.7167,17
41.6875,-69.9933,31
27.6531,-80.2428,38
43.1544,-93.3269,38
37.6242,-120.9506,53
34.7000,-77.3833,23
38.1386,-78.4530,23
41.9950,-87.9336,44
7.3333,134.4833,55
26.2281,-97.6542,54
29.3783,-100.9269,42
35.9403,-89.8308,18
33.8117,-118.1464,24
38.4000,-119.5400,16
34.4978,-82.7097,12
39.5781,-85.8033,41
46.1442,-115.5964,6
40.5100,-101.6200,35
70.1917,-148.4772,62
44.1708,-114.9272,16
41.3119,-105.6747,51
43.2781,-70.9222,22
42.4819,-114.4869,55
30.3489,-85.7881,31
59.4433,-151.7017,12
32.5156,-92.0406,13
33.2367,-107.2681,25
32.6808,-96.8681,23
30.3433,-89.8222,17
37.7608,-99.9683,42
42.7803,-84.5789,38
40.6239,-74.6694,16
32.7100,-96.2672,21
42.5417,-113.7661,43
35.0678,-77.0481,27
38.0494,-103.5122,34
30.8356,-85.1839,17
44.0206,-117.0128,40
38.2900,-104.4983,29
55.3567,-131.7117,28
59.2433,-135.5094,45
41.0375,-81.4642,51
29.9933,-90.2511,34
36.9358,-121.7886,25
39.3644,-84.5247,22
38.5911,-92.1558,15
47.0339,-120.5303,86
45.8258,-119.2611,36
47.4667,-87.8833,48
30.7406,-98.2353,22
31.4583,-109.6061,31
36.7436,-108.2292,33
48.7939,-122.5372,46
38.9597,-94.3714,28
39.5514,-97.6508,31
34.3622,-98.9761,34
61.1000,-149.6936,4
39.2231,-106.8683,22
15.1167,145.7167,86
47.2078,-119.3192,31
40.8097,-124.1603,6
41.6236,-98.9517,27
39.8683,-75.2311,50
38.2281,-85.6636,36
41.1014,-102.9847,42
46.1236,-67.7928,38
40.7083,-84.0267,47
40.8500,-74.0614,48
44.3744,-70.3164,13
34.8536,-116.7858,62
32.8978,-97.0189,26
39.1894,-103.7158,24
36.6950,-76.1356,26
33.1281,-117.2794,18
44.4911,-71.5725,0
31.1500,-92.9667,5
35.4111,-80.5833,0
29.6333,-83.1053,33
47.8306,-110.6608,13
42.9203,-112.5711,48
35.9200,-106.3900,4
43.7694,-87.8506,38
43.6497,-70.3003,38
36.5881,-121.8453,30
30.5108,-99.7664,23
48.7200,-116.4600,13
47.3000,-121.6000,2
31.1828,-90.4708,14
41.7781,-80.6958,37
32.5500,-88.5667,12
34.5467,-93.5781,5
37.6703,-95.4842,31
35.9508,-85.0814,9
35.2578,-113.9331,49
45.6478,-68.6925,25
34.7336,-76.6606,59
28.5453,-81.3331,53
43.1561,-90.6775,22
41.4000,-107.2600,5
26.5850,-81.8614,25
41.7419,-72.1836,33
56.6000,-169.5650,128
38.7667,-104.3000,41
39.3903,-94.5553,9
41.9922,-93.6217,21
43.1111,-76.1039,41
35.7425,-81.3819,12
34.7436,-118.7242,55
33.3075,-104.5083,35
34.8994,-120.4486,44
42.6003,-123.3642,25
33.8281,-116.5053,34
48.7167,-94.6000,48
41.5339,-93.6531,21
42.3811,-122.8722,20
40.4953,-107.5211,21
47.4733,-111.3822,29
39.4839,-119.7711,34
46.9733,-122.9033,34
38.5714,-90.1572,20
47.3864,-92.8389,43
45.8678,-95.3942,37
42.2228,-83.7444,49
42.1244,-86.4267,21
37.3208,-79.2067,14
41.9856,-97.4353,20
39.2775,-120.7103,21
46.5683,-120.5428,23
43.9636,-69.7117,21
35.6575,-109.0614,15
43.3906,-99.8422,29
35.1350,-90.2344,11
35.4319,-82.5375,18
30.7439,-95.5861,16
36.1900,-105.5600,6
39.0083,-95.2117,21
34.7675,-114.6189,35
39.8250,-86.2958,33
55.2208,-162.7325,57
34.2097,-118.4892,17
41.4914,-120.5644,22
30.3567,-95.4139,14
33.4617,-80.8581,18
44.8831,-93.2289,43
47.9428,-97.1839,36
38.8317,-94.8897,22
38.8483,-77.0342,43
31.2819,-89.2531,9
43.6264,-72.3047,24
34.6719,-82.8864,11
44.9050,-123.0011,23
32.5161,-84.9422,10
41.3714,-73.4828,32
36.9647,-86.4239,29
58.3567,-134.5639,18
39.1208,-94.5969,31
26.1658,-97.3458,57
38.0408,-84.6058,47
36.9261,-111.4478,15
29.2733,-94.8592,36
39.5264,-107.7264,20
35.8311,-90.6464,18
41.9144,-88.2464,31
41.8756,-71.0211,38
46.4047,-94.1308,39
42.3978,-90.7036,35
-14.3306,-170.7136,92
27.4014,-82.5586,46
37.5908,-83.3131,10
34.1167,-119.1167,37
35.2100,-99.1200,51
33.4825,-90.9853,12
35.6567,-95.3614,14
44.8322,-93.4706,35
34.9914,-78.8803,29
35.2325,-75.6219,47
45.5644,-84.7928,27
61.1689,-150.0278,17
47.7472,-90.3444,23
29.9800,-95.3600,19
32.2997,-86.4075,11
34.7272,-92.2389,16
42.6650,-83.4181,43
36.2833,-94.3000,15
39.1342,-108.5400,31
33.5872,-85.8556,10
40.8300,-111.7600,8
30.4844,-81.7019,34
38.1847,-84.9033,35
43.2119,-90.1814,34
40.9017,-117.8081,29
40.8250,-92.8925,0
33.8719,-117.9789,17
47.1686,-88.4889,49
40.0819,-75.0111,39
41.5886,-83.8014,45
36.0300,-106.8100,6
43.3497,-76.3847,29
40.8731,-81.8867,45
39.0431,-84.6717,43
25.9989,-80.2411,17
36.0700,-105.6300,8
36.7367,-97.1019,28
31.3500,-85.6667,13
39.4203,-83.8217,46
41.8056,-107.1997,28
38.0511,-117.0903,39
43.1167,-77.6767,46
34.7917,-79.3661,25
42.8975,-106.4636,31
48.5614,-93.3981,38
35.7047,-101.5492,1091
32.1314,-110.9553,26
7.4500,151.8333,47
26.1969,-80.1708,17
36.6817,-101.5053,41
34.8461,-82.3461,17
45.6983,-110.4408,41
36.0236,-84.2375,5
41.7072,-86.3164,33
44.5761,-71.1786,19
30.7825,-83.2767,21
27.7628,-82.6261,39
33.6542,-101.8136,47
37.1681,-97.0369,28
43.1953,-71.5011,34
30.2050,-91.9875,13
26.6847,-80.0994,25
30.5372,-91.1469,24
43.1644,-95.2017,29
6.9667,158.2167,15
62.9614,-141.9292,5
42.3914,-96.3792,13
57.0481,-135.3647,47
42.9333,-71.4383,41
46.3583,-104.2500,37
45.8069,-108.5422,41
39.9492,-74.8417,21
41.7803,-124.2367,13
33.4536,-94.0075,17
47.6458,-101.4394,19
45.6044,-103.5464,41
30.5844,-97.4156,0
42.5700,-72.2911,38
60.4889,-145.4511,12
35.0281,-110.7208,30
20.8997,-156.4286,43
45.4622,-69.5953,25
40.9706,-85.2064,36
32.6636,-97.0939,20
33.9486,-81.1186,26
31.2361,-94.7544,12
42.4933,-79.2722,42
40.0781,-83.0781,47
40.1936,-76.7633,24
44.3592,-84.6739,35
31.3072,-95.4508,0
62.1592,-145.4589,10
66.8667,-162.6333,41
36.2667,-93.1567,13
57.7511,-152.4856,35
30.3503,-81.8831,22
40.9656,-105.2186,4
32.3347,-88.7442,9
42.5844,-110.1075,30
60.5797,-151.2392,25
46.2667,-119.1167,28
39.4167,-118.7167,24
42.4700,-71.2894,46
38.2103,-122.2847,62
33.9753,-117.6361,29
44.5228,-114.2150,23
37.4058,-122.0481,29
32.0311,-96.3989,29
40.6386,-73.7622,59
39.1353,-96.6778,18
62.9575,-155.6103,14
33.3633,-84.5658,10
41.6267,-73.8842,21
35.6875,-117.6931,43
34.5183,-109.3792,20
41.1783,-78.8989,37
46.6056,-111.9636,24
37.3169,-79.9742,24
42.0572,-102.8000,46
45.5406,-122.9486,23
38.6892,-75.3592,36
32.4106,-99.6822,43
28.4567,-99.2183,39
40.0972,-92.5433,22
41.3103,-95.8992,21
42.1208,-87.9047,37
38.9833,-76.4667,24
47.4569,-115.6450,19
34.6081,-79.0592,25
25.9156,-97.4186,57
42.8783,-100.5500,41
41.7700,-88.4814,33
38.9503,-95.6639,20
36.2606,-76.1750,42
32.8547,-109.6353,35
27.9619,-82.5403,44
36.9600,-106.6600,5
36.9500,-76.2833,34
36.1306,-80.5481,0
29.5442,-98.4839,34
32.4506,-93.8411,17
21.3239,-157.9294,46
37.8892,-121.2258,49
41.4653,-90.5233,31
36.7900,-105.2400,1
40.7342,-73.4169,55
41.9381,-72.6825,44
36.7725,-90.3247,18
34.3447,-108.4922,40
33.1803,-96.5903,17
43.5950,-118.9564,50
59.5119,-139.6711,13
39.7736,-94.9233,32
40.8600,-102.8031,9
33.4278,-112.0039,30
45.0619,-93.3508,45
34.7411,-118.2117,51
33.2208,-92.8142,9
32.3206,-90.0778,16
40.8206,-76.8642,13
33.9228,-118.3342,27
36.8781,-91.9025,20
30.1250,-93.2158,16
39.2447,-102.2842,36
34.0561,-117.6003,28
19.7356,-156.0489,46
45.4353,-67.7214,9
43.2389,-123.3547,17
29.3331,-89.4075,34
35.6950,-101.3950,44
47.3600,-121.5700,3
44.8889,-116.1017,22
42.1594,-76.8919,34
39.1019,-121.5678,47
41.3325,-122.3328,4
31.5356,-84.1944,18
42.7172,-71.1239,45
34.7500,-111.4100,536
40.0228,-82.4625,38
44.3814,-106.7211,55
43.9042,-92.4917,43
42.1908,-71.1736,37
44.2033,-72.5794,32
39.4300,-120.3100,6
42.7972,-105.3856,27
36.0000,-106.8300,4
66.0689,-162.7639,41
41.2731,-111.0306,51
29.5189,-95.2417,18
39.7078,-77.7297,35
45.6308,-89.4653,36
40.9167,-81.4333,50
35.9461,-112.1547,24
38.3406,-75.5103,30
47.6217,-117.5281,44
31.8111,-106.3758,27
41.3275,-72.0494,34
41.0669,-73.7075,20
41.7872,-111.8533,29
21.1544,-157.0961,57
47.2381,-123.1408,56
37.3592,-121.9239,42
38.7525,-90.3736,32
45.5114,-118.4247,1
42.4272,-73.2892,30
38.0700,-102.6881,26
43.9844,-88.5569,40
34.6525,-86.9453,11
32.8192,-97.3614,28
33.2194,-117.3494,21
40.5300,-106.7800,3
44.9319,-93.0556,44
40.3161,-78.8339,43
42.2314,-83.3308,51
35.6697,-120.6283,47
41.2544,-80.6739,37
38.1311,-91.7683,30
61.5961,-149.0917,21
38.0653,-97.8606,34
43.5667,-116.2406,21
64.5111,-165.4400,59
30.3361,-81.5147,37
35.0419,-106.6156,33
21.9839,-159.3405,73
41.0467,-78.4117,34
36.3100,-115.6800,3
40.6044,-98.4272,40
41.3336,-75.7269,31
42.5708,-77.7133,26
61.1781,-149.9664,10
32.7000,-117.2000,27
37.7836,-81.1231,31
28.1011,-80.6439,44
31.7800,-103.2017,50
39.8000,-106.0300,6
31.9206,-102.3867,63
25.6475,-80.4331,23
42.1997,-75.9850,37
39.9914,-82.8808,50
42.1578,-72.7161,38
32.3847,-94.7117,11
36.9900,-105.2600,3
36.9033,-76.1922,46
33.6186,-114.7142,42
40.3667,-75.9667,29
47.3978,-120.2014,56
45.7881,-111.1608,26
27.7411,-98.0247,36
35.8517,-97.4142,30
32.1300,-81.2100,31
64.8039,-147.8761,5
40.3547,-79.9217,42
35.1967,-81.1558,12
35.0761,-89.7430,9
29.3600,-99.1742,31
36.4486,-103.1539,49
27.5000,-97.8167,38
33.2061,-97.1989,17
43.7331,-103.6114,36
30.7167,-87.0167,26
38.8500,-94.7392,20
41.1961,-112.0114,33
40.3300,-75.1225,26
30.2333,-81.6667,50
41.3497,-71.7989,38
41.7861,-87.7522,39
44.7978,-68.8186,54
40.2172,-76.8514,32
27.6833,-97.2833,53
48.3042,-114.2636,20
33.6300,-84.4417,17
42.5842,-70.9175,49
30.4119,-89.0808,22
44.3206,-69.7972,35
36.4731,-82.4044,13
48.3500,-122.6667,45
40.2964,-78.3203,29
38.7042,-93.1833,21
33.9481,-83.3275,7
9.4833,138.0833,44
37.6197,-122.3647,57
70.2117,-151.0017,62
38.3775,-121.9575,41
33.6883,-112.0817,28
30.4000,-86.4717,23
34.5583,-98.4172,25
32.8667,-117.1333,19
36.5728,-79.3361,16
40.8508,-96.7475,36
37.2847,-120.5128,52
38.5039,-122.8103,19
40.9611,-98.3136,37
43.7667,-98.0333,17
45.6906,-118.8528,38
45.6208,-122.6572,22
37.7797,-89.2497,22
34.3478,-85.1611,14
48.1739,-103.6367,19
43.2339,-75.4117,32
37.9406,-75.4631,51
44.9258,-89.6256,47
44.3800,-116.3400,14
39.6092,-110.7547,35
32.8986,-80.0403,34
30.4636,-88.5319,14
39.3100,-111.4300,55
42.3606,-71.0106,57
46.4794,-84.3572,38
29.6222,-95.6564,22
42.9600,-121.1800,7
39.2956,-80.2289,30
28.0836,-97.0464,39
42.2347,-85.5519,36
35.6542,-105.1419,26
39.2972,-94.7306,38
36.0719,-115.1633,35
45.5908,-122.6003,24
46.9006,-95.0678,41
36.1336,-80.2222,16
28.7797,-81.2436,51
35.7800,-105.5400,2
43.1072,-78.9453,54
40.7781,-111.9694,36
41.7636,-96.1778,13
34.1231,-84.8486,10
36.3689,-92.4703,5
38.5069,-121.4950,44
44.8664,-91.4878,41
43.0303,-78.1692,58
43.5878,-96.7289,16
24.7258,-81.0517,23
39.2953,-114.8467,39
42.7267,-114.4564,37
39.4494,-74.5672,42
45.2575,-112.5545,35
46.3747,-117.0156,22
39.9061,-84.2186,57
38.1417,-76.4292,30
44.5444,-110.4211,12
34.2486,-82.1592,18
40.7939,-73.1017,53
35.0311,-85.2014,15
41.8031,-78.6403,29
59.6419,-151.4908,30
41.0136,-83.6686,50
46.9728,-123.9303,49
44.9358,-74.8458,44
35.8181,-83.9858,9
31.1522,-81.3908,42
36.0467,-79.4769,17
