39.5253,-91.6450,3
-35.3790,139.5617,3
-35.2705,138.5591,3
-37.7869,145.2847,3
43.2292,-121.7894,3
-37.8587,145.1847,3
36.8483,-121.4214,3
37.1503,-104.5567,3
-35.2281,149.1450,3
-37.7110,142.8395,2
-36.3098,140.7400,3
-33.5417,118.1489,2
-37.1847,142.8553,2
-34.3412,138.9155,3
43.7822,-122.9631,3
-42.7572,147.3817,3
-37.0525,146.0872,3
19.4183,-155.9111,3
35.0781,-89.6653,3
41.5394,-75.9269,3
38.5933,-86.6114,3
39.8789,-106.3333,5
-17.3436,145.9217,3
36.3661,-85.6553,3
-34.4878,117.6278,2
33.7392,-88.1275,3
-34.8016,145.8904,3
-33.5679,135.7571,2
-33.3600,116.1467,3
26.8639,-80.6256,3
33.3217,-108.8794,3
47.8092,-122.9136,3
18.1731,-66.4928,4
40.5517,-82.2014,3
-33.9592,115.0642,3
-37.5267,142.0414,2
41.6725,-75.0642,3
33.8097,-111.6497,3
44.3931,-73.8589,3
46.1683,-90.0722,2
30.7394,-94.9256,3
-31.8140,116.3410,3
19.5361,-155.5767,3
-35.5579,146.1653,3
-30.6569,117.2625,3
-37.5100,145.7472,2
43.8000,-74.8667,3
19.7842,-155.0936,3
-38.0651,145.1294,3
-35.4987,138.7638,3
45.1519,-85.1322,3
47.4678,-87.8672,4
-37.2618,147.7229,3
45.5556,-90.9592,3
-35.3627,139.9503,3
-36.7416,141.9429,3
-33.0314,134.7015,3
-33.3347,116.7425,3
-37.8631,145.7428,3
-34.2711,138.5468,3
19.5336,-155.9258,3
20.0131,-155.6686,3
40.2842,-109.8611,4
-30.8250,117.4825,3
30.1922,-84.2117,2
46.1281,-85.5697,3
-42.8136,147.2544,3
-32.8183,117.1800,3
-29.8819,116.0233,2
-35.6569,137.6364,3
-34.5915,138.7393,3
-34.0050,138.8142,3
38.1350,-94.8161,3
-36.6189,143.2631,2
26.4700,-80.6403,3
-38.1059,142.3216,2
-37.5422,140.8137,3
-35.3497,138.6223,3
-34.1806,136.0490,3
-37.0936,142.4344,3
35.3872,-76.7764,3
-34.8883,118.0789,3
-33.0269,116.8792,3
21.5611,-158.2383,3
17.9556,-66.2222,2
-34.9769,116.7286,3
41.1922,-79.4361,3
44.1756,-72.7961,3
-36.9731,140.3664,3
18.3964,-66.9244,3
43.2761,-75.1567,3
18.3375,-67.2497,3
-34.0672,137.5925,3
-34.8321,138.6124,3
41.6444,-72.8167,2
-38.3427,143.5848,3
-37.0364,141.2967,3
-33.0216,138.0002,2
40.3803,-76.0275,3
20.2039,-155.7350,3
20.8292,-156.9203,4
-38.6520,146.1997,2
-35.3705,149.4251,3
31.2975,-85.8997,2
-36.1160,143.7229,3
-32.4129,152.2079,3
-32.8776,139.0578,2
39.2494,-106.3714,4
45.4136,-83.8142,3
-34.8237,138.8859,2
-38.3687,144.0843,3
-33.4278,148.3721,3
-41.5136,147.2028,3
19.9189,-155.7981,3
-36.5753,143.8695,3
47.1414,-121.9356,3
-32.4947,118.2675,3
-34.5169,138.9598,3
-37.5659,140.6955,2
31.3625,-85.3397,3
39.0461,-78.9664,3
42.9694,-71.9528,3
-34.9516,138.8754,3
-36.4948,149.7434,3
36.3894,-98.1061,3
-36.7007,142.2009,2
18.3906,-66.0542,5
47.1358,-122.2558,3
33.6897,-101.8219,3
-37.8221,140.7593,3
-38.3898,145.0863,3
-33.1851,138.3001,3
43.5317,-75.9525,3
-36.6287,142.6321,3
37.1244,-82.6339,3
41.3997,-84.1119,4
44.8700,-88.9044,3
39.7344,-86.5361,6
58.2989,-134.4111,2
-30.5006,115.0664,3
-34.0444,117.6419,3
-33.3211,149.0828,3
-33.9797,115.7656,3
-35.2546,139.4542,3
-38.2358,145.0667,3
-36.8756,147.2886,3
-34.9423,138.7270,2
-17.2639,145.8536,3
37.5108,-86.2892,3
-38.0808,146.2139,4
-28.5008,114.7897,3
-34.9482,138.8071,4
39.4708,-87.4081,3
-35.3077,148.0646,3
18.1725,-66.9872,3
31.1681,-84.7664,3
39.5703,-107.2267,3
43.1150,-74.4236,3
-38.3291,143.0779,3
43.9000,-75.0367,3
43.6842,-114.3603,3
33.9825,-111.7139,3
-38.1954,143.6399,2
21.1328,-157.2133,3
-34.6250,117.6361,3
36.8047,-107.6214,3
45.9336,-90.4506,3
43.2614,-73.8342,9
-29.4417,116.2875,3
-35.2276,138.5366,3
-33.9323,137.6282,3
-34.1424,138.4225,3
-34.2644,135.7266,3
-35.6984,139.8633,4
-29.8183,115.2722,3
-35.3800,140.1588,2
-42.9742,147.1692,2
-42.0961,145.5456,3
-34.7674,138.6434,2
19.5106,-155.9217,3
-36.9681,141.0834,2
-38.0339,141.9998,3
-35.0266,138.7133,3
-35.3098,149.1269,3
36.3444,-88.8636,3
-34.9761,116.7328,3
-32.0533,115.7647,3
-31.2994,116.8269,3
34.5225,-119.6822,3
-38.3781,144.8997,2
-34.1065,141.9189,2
40.4506,-107.5894,3
-34.0402,137.9004,3
-41.3994,147.1347,2
39.0422,-108.4664,3
19.5833,-155.4550,7
18.1511,-66.9889,3
-34.4550,138.8101,3
46.6539,-68.0089,3
-37.5720,145.5014,3
44.5833,-104.7147,3
36.5994,-89.9894,3
-41.2500,147.2169,3
-30.5967,116.7714,2
-33.6772,136.9116,3
-34.4577,138.9277,3
40.8619,-75.6428,3
41.1183,-75.7278,3
32.7336,-96.3225,3
43.4386,-93.2253,6
44.9214,-85.5161,3
-41.2039,146.2650,3
-29.5339,115.7628,2
36.2131,-84.0603,2
-34.4385,138.5114,3
-33.4660,138.5412,3
-29.1906,115.4414,3
40.5447,-84.4375,3
27.5947,-81.5267,2
-37.6044,141.6853,3
20.2250,-155.7933,3
39.5039,-98.3150,3
-37.9535,145.1655,2
36.4819,-121.1822,2
42.3458,-72.1542,3
39.0936,-106.3514,4
-33.2025,138.6024,3
-34.3756,136.1026,3
-34.1201,136.1609,3
33.2844,-79.6964,2
-34.7708,137.5952,3
-31.1936,117.0311,3
42.2906,-104.7625,5
-31.6358,116.7961,3
-33.6611,115.3456,3
-37.0277,145.1491,3
-36.1821,147.5515,3
-34.7380,146.7825,3
-42.9142,147.2739,2
-17.2700,145.8997,2
47.1686,-92.4628,2
-38.5058,145.1503,3
-33.2036,138.6059,3
-38.0329,141.0183,3
38.1253,-82.6936,3
19.2036,-155.4858,3
37.3169,-104.9503,3
40.7928,-87.7556,2
-28.7769,114.6050,3
18.0258,-66.5253,3
46.7461,-87.8817,5
33.1353,-107.2317,2
42.2636,-88.6078,3
41.7003,-71.5925,3
39.1331,-94.0639,3
36.6139,-83.7897,3
21.5739,-158.0378,3
-38.5198,143.7150,3
39.5228,-79.4131,3
33.9047,-87.3153,3
33.0367,-80.2325,2
-36.4600,142.5858,3
-37.3397,148.7120,2
34.3447,-108.4922,3
42.0772,-74.9828,3
-35.1890,138.8262,3
-34.7735,139.0501,3
38.9664,-93.4194,4
46.4908,-87.3550,3
30.7342,-85.0306,3
21.1900,-156.9828,3
-33.2705,138.3570,3
-34.9167,138.5956,3
-37.5872,140.3426,3
-34.6339,116.1236,2
-33.9372,118.0075,3
39.3667,-94.3294,2
-37.8958,144.4387,3
34.8219,-89.4347,3
-33.9118,136.5697,3
-28.1634,153.2126,3
-34.4578,149.4693,3
-35.3305,146.2652,3
-34.9044,138.8742,3
-37.3432,144.1575,3
21.3733,-157.7853,3
46.3675,-124.0378,3
-34.7314,140.5036,3
-17.1347,145.4281,3
-34.9122,137.7977,3
-38.3372,143.7844,3
39.2219,-105.9936,6
-37.3803,140.8379,3
-35.0369,138.9130,2
-17.7667,145.5778,3
-33.3142,117.7400,2
20.6486,-156.3983,3
39.2242,-92.8483,2
-35.4580,138.3500,3
41.6000,-122.8478,2
21.3389,-157.8581,3
-42.0056,145.5419,3
-31.1842,118.1006,3
25.6719,-80.1567,3
41.5889,-75.3303,3
-35.5168,147.0344,3
19.6158,-155.0839,3
32.9708,-84.6103,3
-34.4997,147.8802,2
-41.4136,148.2744,2
-34.9464,138.6519,2
21.4706,-157.8836,3
-35.0203,137.6064,3
37.8256,-106.9319,3
-36.2506,147.0258,3
-32.9737,138.8375,3
35.5678,-105.2131,3
