36.3200,-115.7000,43
36.7200,-106.2600,37
43.8000,-114.8500,47
43.7600,-116.1000,66
35.7700,-105.7800,27
36.5100,-106.3200,10
40.3000,-111.2600,60
43.7600,-115.2400,50
39.1900,-120.2600,94
39.3600,-106.0600,47
36.2500,-115.6300,68
39.2900,-117.1100,30
36.8600,-106.2300,23
46.2400,-117.3900,84
44.2100,-110.6700,74
44.7900,-116.0900,64
38.4000,-119.5400,62
35.9200,-106.3900,38
48.7200,-116.4600,68
41.4000,-107.2600,49
36.1900,-105.5600,27
40.8300,-111.7600,65
36.0300,-106.8100,37
36.0700,-105.6300,39
36.9600,-106.6600,30
35.3400,-111.6500,40
36.7900,-105.2400,28
41.2300,-105.3800,11
39.4300,-120.3100,30
36.0000,-106.8300,25
40.5300,-106.7800,26
36.3100,-115.6800,41
39.8000,-106.0300,60
36.9900,-105.2600,33
44.3800,-116.3400,58
39.3100,-111.4300,134
35.7800,-105.5400,23
