40.7264,-122.7947,361
38.8586,-99.3358,228
37.9050,-93.3169,261
40.4750,-86.9919,283
42.9592,-120.7897,272
40.2842,-109.8611,267
34.5822,-119.9817,306
40.1739,-101.0611,267
36.4622,-116.8669,367
42.8767,-77.0308,306
40.2233,-86.1086,300
38.4661,-101.7758,244
34.9881,-120.3211,328
38.7978,-99.7231,239
37.7617,-117.5658,267
36.0147,-85.1314,328
36.5575,-105.2628,239
35.4072,-104.1906,372
45.6911,-118.8522,244
36.5508,-114.4581,294
39.3925,-101.0689,222
40.2539,-85.1483,317
26.5581,-99.1372,228
30.7053,-104.0233,261
37.9931,-100.8122,278
45.4825,-120.7236,250
