36.2500,-115.6300,38
36.7900,-105.2400,41
48.7200,-116.4600,80
43.8000,-114.8500,54
36.0300,-106.8100,34
36.7200,-106.2600,45
36.9900,-105.2600,74
35.7700,-105.7800,26
36.0000,-106.8300,26
39.3600,-106.0600,54
35.9200,-106.3900,27
36.1900,-105.5600,26
35.3400,-111.6500,31
38.4000,-119.5400,41
39.1900,-120.2600,72
36.5100,-106.3200,8
41.2300,-105.3800,11
40.8300,-111.7600,42
40.3000,-111.2600,64
39.4300,-120.3100,29
46.2400,-117.3900,44
41.4000,-107.2600,43
39.8000,-106.0300,84
44.7900,-116.0900,50
39.3100,-111.4300,101
44.3800,-116.3400,35
36.9600,-106.6600,37
36.3100,-115.6800,39
43.7600,-115.2400,31
36.0700,-105.6300,38
43.7600,-116.1000,38
44.2100,-110.6700,76
40.5300,-106.7800,36
36.8600,-106.2300,18
39.2900,-117.1100,28
