32.5667,-117.1167,26
36.3200,-115.7000,6
40.2342,-85.3936,35
30.0494,-90.0289,55
43.9906,-70.9475,17
45.6194,-121.1661,29
47.2767,-121.3372,22
35.2333,-101.7089,54
34.2622,-88.7714,19
32.3367,-90.2214,30
32.6500,-114.6167,12
37.1431,-107.7597,19
37.4389,-105.8614,31
30.0481,-102.2131,48
34.2675,-77.8997,9
45.2486,-122.7686,12
46.7708,-100.7603,40
34.2008,-119.2069,23
35.2372,-120.6414,21
28.8208,-81.8097,38
43.0661,-108.4767,24
60.7850,-161.8292,20
64.7767,-141.1483,6
41.6117,-90.5808,36
37.2253,-89.5706,15
38.8169,-92.2183,23
27.4981,-80.3767,38
40.4122,-86.9369,23
38.9286,-90.4281,17
34.8822,-95.7831,30
35.0169,-80.6206,12
38.3000,-76.4167,26
36.2117,-115.1958,19
41.3461,-82.1794,31
40.9781,-124.1086,19
46.7994,-102.7972,61
36.7200,-106.2600,4
37.7461,-97.2211,45
41.7806,-122.4717,20
33.0375,-116.9158,17
42.8153,-108.7261,16
34.9883,-117.8647,26
32.5722,-116.9794,20
36.0097,-94.1694,18
42.5950,-87.9381,26
43.8000,-114.8500,4
39.6014,-116.0056,25
47.2856,-68.3133,54
34.1750,-91.9347,30
43.0206,-102.5183,32
39.7333,-77.4333,11
44.4683,-73.1500,63
41.8833,-91.7167,38
39.8233,-93.5792,22
43.5164,-112.0672,26
36.0394,-95.9844,21
34.4258,-119.8425,17
43.9922,-76.0217,55
41.6764,-70.9583,47
44.1278,-123.2206,36
42.2333,-83.5333,37
38.3794,-81.5900,12
46.9208,-114.0925,6
36.7414,-104.5022,49
41.2531,-70.0608,57
44.2558,-121.1392,15
41.5272,-85.7922,32
31.3558,-85.7511,14
44.3592,-89.8369,17
41.6264,-80.2150,32
60.1283,-149.4167,45
43.9658,-107.9508,23
42.2667,-84.4667,34
35.1442,-111.6664,13
61.2169,-149.8550,1
40.0397,-88.2778,35
64.5500,-149.0717,10
26.2500,-80.1083,60
36.9839,-77.0075,10
48.4608,-119.5167,24
40.0681,-118.5692,11
21.4500,-157.7833,35
38.8761,-98.8092,65
30.0675,-95.5561,50
44.3394,-105.5419,47
41.0089,-74.7367,23
34.0511,-118.2353,6
37.9272,-100.7247,86
39.3792,-74.4242,44
26.5361,-81.7550,48
39.8447,-89.6839,25
37.2839,-98.5528,43
39.5703,-104.8489,13
64.3267,-158.7417,20
40.4847,-80.2144,32
30.5892,-96.3647,57
44.7694,-106.9689,27
44.0511,-101.6011,38
40.7789,-73.9692,21
44.5344,-72.6144,26
34.9894,-99.0525,56
35.3889,-97.6006,51
35.4344,-119.0542,19
33.9786,-98.4928,48
39.0725,-95.6261,35
36.3189,-119.6289,10
35.7700,-105.7800,0
36.5100,-106.3200,299
40.6825,-74.1694,39
40.0803,-95.5919,39
27.7839,-97.5108,76
41.9097,-70.7294,46
46.7439,-117.1086,18
42.9486,-78.7369,58
37.9917,-122.0550,13
42.6958,-73.1708,26
29.3389,-98.4719,46
42.6425,-77.0564,36
42.7431,-73.8092,30
42.0647,-104.1528,31
28.4339,-81.3250,45
44.3814,-100.2856,51
41.1519,-104.8061,33
42.3200,-120.8300,18
44.3853,-74.2067,43
33.6267,-116.1594,17
37.6542,-122.1150,14
40.4422,-109.5144,16
34.0500,-94.4008,36
41.6686,-70.2800,54
38.3650,-82.5550,18
33.6228,-111.9106,6
41.1583,-73.1289,34
33.6361,-91.7556,17
59.7494,-154.9089,30
39.4519,-87.3089,25
36.7800,-119.7194,20
42.7900,-121.9800,0
40.3000,-111.2600,16
37.0911,-95.5664,31
30.0375,-91.8839,44
42.9550,-87.9044,32
42.1469,-121.7242,17
32.3542,-95.4025,60
39.9369,-91.1919,32
41.4525,-87.0058,27
37.7214,-122.2208,25
42.9667,-83.7494,41
37.2833,-102.6139,57
45.7728,-122.8611,26
40.8764,-74.2831,19
34.6517,-112.4208,21
36.0969,-79.9433,15
33.8117,-78.7239,13
33.1783,-86.7817,8
37.5050,-77.3203,14
45.0717,-83.5644,39
45.6689,-96.9914,34
38.9408,-77.4636,13
42.8939,-85.5447,38
42.5519,-71.7558,22
32.5428,-93.7450,39
41.2639,-72.8872,26
34.2006,-118.3575,15
58.6794,-156.6294,21
62.3200,-150.0950,2
47.5303,-122.3008,10
38.5050,-107.8975,25
45.4558,-98.4131,33
45.5511,-122.4089,9
42.1094,-77.9919,54
41.6328,-91.5431,33
43.7600,-115.2400,12
33.2119,-87.6161,13
46.9253,-96.8111,33
46.1569,-123.8825,27
34.9869,-81.0575,8
40.8436,-72.6322,41
41.0731,-71.9233,39
41.3375,-84.4289,21
39.3669,-101.7000,68
36.3333,-119.9500,24
39.9444,-81.8922,26
33.4050,-118.4158,29
34.6294,-118.0836,44
34.4272,-100.2831,53
31.4208,-110.8458,14
37.3031,-108.6275,16
39.2292,-106.3169,17
44.5483,-95.0803,26
29.7036,-98.0281,60
33.8750,-84.3022,6
40.8217,-72.8689,38
42.5544,-92.4011,27
36.1189,-86.6892,13
39.1900,-120.2600,17
32.6847,-83.6528,18
42.4092,-83.0100,36
36.6239,-87.4194,17
48.5428,-109.7633,41
32.2622,-107.7206,21
40.8203,-82.5178,38
31.3711,-100.4922,47
35.6169,-106.0889,25
30.3208,-97.7603,30
40.0489,-107.8853,9
41.5944,-109.0528,33
35.5931,-88.9167,11
42.7611,-87.8136,27
41.5631,-83.4764,31
47.4444,-122.3139,27
46.0947,-118.2869,28
39.3450,-81.4392,24
32.3500,-91.0278,33
32.9733,-97.3181,37
27.5333,-99.4667,59
30.7797,-86.5225,16
38.6956,-121.5897,20
48.0944,-105.5744,22
33.9519,-117.4386,19
48.2553,-101.2733,45
41.4333,-99.6333,45
38.8000,-97.6500,56
71.2833,-156.7814,94
31.3347,-92.5586,41
29.6381,-95.2819,51
45.0133,-84.7014,29
42.7461,-86.0967,24
40.1519,-122.2536,30
33.5656,-86.7450,16
27.9106,-82.6875,43
42.1128,-92.9175,34
37.3711,-118.3581,24
30.4781,-87.1869,25
29.1097,-95.4619,60
40.1203,-76.2944,19
43.4075,-94.7461,40
44.6381,-90.1875,25
30.6794,-88.2397,23
32.7667,-97.4500,40
38.4167,-113.0167,24
46.4167,-86.6500,49
33.9381,-118.3889,27
47.9078,-122.2803,19
40.7794,-73.8803,43
32.7336,-117.1831,19
38.7642,-87.6056,28
45.8183,-88.1144,34
66.9161,-151.5089,6
37.7086,-113.0944,11
40.2064,-100.5914,54
39.3600,-106.0600,8
46.4267,-105.8825,35
35.8922,-78.7819,9
36.0167,-102.5500,45
38.1811,-85.7392,22
26.0719,-80.1536,55
40.6331,-93.9019,34
33.6800,-117.8664,20
41.5333,-71.2833,38
36.2500,-115.6300,9
28.4736,-82.4544,41
17.7028,-64.8056,31
48.5222,-123.0231,9
40.6161,-83.0636,31
38.8853,-79.8528,10
39.4019,-77.9844,19
42.4167,-87.8667,25
70.6392,-159.9950,98
29.1828,-81.0483,33
43.1406,-89.3453,15
37.2958,-81.2078,26
32.3336,-104.2581,27
25.7906,-80.3164,44
26.9172,-81.9914,44
32.8342,-115.5786,21
31.9514,-85.1289,10
34.7442,-87.5997,13
33.4669,-82.0386,13
39.1667,-76.6833,13
35.9333,-79.0642,6
45.1947,-123.1339,21
18.3331,-64.9667,30
41.8678,-84.0794,26
44.3675,-71.5450,29
41.1078,-92.4467,39
36.1625,-97.0894,43
47.9375,-124.5550,13
41.1214,-100.6694,51
24.5550,-81.7522,48
43.7700,-88.4864,26
39.2900,-117.1100,8
46.0261,-91.4442,11
28.8614,-96.9303,57
45.5433,-94.0514,16
41.5175,-81.6836,47
40.4719,-81.4236,20
24.5833,-81.6833,59
40.6508,-75.4492,21
41.5092,-74.2650,35
32.8519,-96.8556,52
36.8167,-76.0333,23
18.2550,-65.6408,22
38.8100,-104.6883,24
34.1853,-79.7239,5
41.2433,-76.9217,13
25.9069,-80.2803,46
47.0492,-109.4578,28
36.7683,-96.0261,19
31.4156,-87.0442,13
42.3075,-85.2511,34
43.5331,-84.0797,41
36.9878,-120.1106,19
41.1389,-75.3794,46
38.7550,-109.7542,26
40.2383,-75.5572,11
35.5144,-108.7939,20
33.9706,-80.9958,6
34.2167,-119.0833,23
48.2138,-106.6213,38
48.1203,-123.4983,30
35.2236,-80.9553,8
26.1522,-81.7753,47
44.5169,-108.0822,39
38.6572,-90.6558,10
47.9742,-117.4283,7
39.3756,-99.8297,51
38.8983,-119.9947,10
31.9433,-102.1889,25
34.2900,-93.0600,36
32.8167,-115.6833,22
28.0622,-81.7542,41
44.8428,-117.8086,34
39.7556,-82.6572,28
30.4000,-81.4167,46
35.2578,-93.0947,21
18.4325,-66.0108,17
34.6439,-86.7861,24
31.6072,-110.4281,34
37.2622,-104.3378,41
40.2769,-74.8158,24
36.8600,-106.2300,302
42.0800,-80.1825,46
63.9944,-145.7214,9
47.3258,-106.9475,25
46.5486,-90.9189,26
55.5800,-133.0750,25
46.8706,-68.0172,30
32.8158,-117.1394,18
47.4933,-122.2144,14
30.1831,-97.6800,49
35.1822,-103.6031,36
40.8289,-115.7886,19
33.3644,-81.9633,5
21.3167,-158.0667,16
43.3500,-73.6167,26
59.4556,-135.3239,92
30.9119,-102.9167,29
39.1258,-123.2008,7
37.7064,-112.1456,26
44.9047,-97.1494,31
45.5464,-100.4078,49
40.1667,-103.2167,36
43.1711,-86.2367,36
33.7792,-84.5214,5
60.7850,-148.8389,5
31.8606,-86.0122,13
45.0319,-102.0192,68
31.6189,-97.2283,57
35.5342,-97.6469,51
43.8789,-91.2528,12
13.4836,144.7961,22
47.2675,-122.5761,15
34.8831,-82.2203,8
44.3981,-98.2231,35
31.8311,-104.8089,42
47.6831,-117.3214,11
47.3078,-119.5153,22
39.1333,-86.6167,22
35.8550,-77.8931,8
40.7833,-91.1253,39
35.0028,-105.6628,39
39.9181,-76.8742,17
67.7317,-164.5483,59
39.6428,-79.9164,21
30.6264,-88.0681,18
40.5175,-122.2986,20
36.6206,-116.0278,22
42.8375,-103.0953,32
28.7247,-96.2536,55
46.0139,-102.6547,43
45.9647,-112.5006,22
37.2353,-93.4003,45
38.3083,-75.1239,28
42.8914,-73.2469,21
38.0442,-87.5206,17
19.7192,-155.0531,30
30.5069,-86.9597,23
39.7075,-86.2803,38
37.1319,-76.4930,20
39.6728,-75.6008,20
26.1839,-98.2539,44
44.7408,-85.5825,32
41.7361,-72.6506,31
38.3306,-96.1897,44
48.6033,-112.3753,50
43.4133,-124.2436,43
36.2967,-99.7689,70
34.2719,-83.8303,4
41.8706,-103.5931,35
43.8339,-111.8045,19
39.8344,-88.8656,27
39.8328,-104.6575,23
42.2706,-71.8731,53
37.6928,-121.8144,9
42.1928,-89.0931,32
44.2100,-110.6700,11
37.0683,-88.7719,12
39.5936,-84.2264,32
44.0433,-103.0536,36
41.2003,-74.6231,20
33.4964,-90.0867,33
41.4131,-81.8600,37
37.1467,-94.5022,33
32.6261,-116.4681,31
36.1994,-95.8872,42
39.1033,-84.4189,12
57.1553,-170.2222,45
45.0800,-117.5500,1
40.6675,-89.6839,34
46.8369,-92.2097,34
40.1764,-80.6472,31
30.7044,-87.0231,26
37.6544,-97.4425,59
37.7081,-77.4344,9
32.7817,-98.0603,40
44.7900,-116.0900,12
39.4900,-121.6183,24
46.9258,-98.6692,37
31.5358,-82.5067,17
34.9000,-76.8833,9
42.8050,-72.0036,22
41.7219,-71.4325,41
35.0564,-89.9864,26
35.3331,-94.3625,35
41.3931,-70.6150,53
44.4983,-88.1111,31
36.6636,-121.6081,24
39.3667,-75.0667,17
55.0389,-131.5786,29
37.0872,-84.0769,8
34.0158,-118.4514,17
29.9506,-94.0206,69
31.3928,-92.2956,26
41.5097,-72.8278,25
42.5906,-117.8644,19
32.4833,-80.7167,22
41.6875,-69.9933,35
27.6531,-80.2428,54
30.8458,-85.6014,12
43.1544,-93.3269,33
37.6242,-120.9506,36
34.7000,-77.3833,9
38.1386,-78.4530,9
41.9950,-87.9336,32
26.2281,-97.6542,35
29.3783,-100.9269,54
35.9403,-89.8308,26
33.8117,-118.1464,16
38.4000,-119.5400,7
34.4978,-82.7097,9
39.5781,-85.8033,30
46.1442,-115.5964,6
40.5100,-101.6200,50
70.1917,-148.4772,105
44.1708,-114.9272,9
41.3119,-105.6747,44
43.2781,-70.9222,11
42.4819,-114.4869,52
59.4433,-151.7017,11
32.5156,-92.0406,22
33.2367,-107.2681,23
32.6808,-96.8681,46
30.3433,-89.8222,22
37.7608,-99.9683,73
42.7803,-84.5789,36
40.6239,-74.6694,11
31.8456,-86.6108,13
32.7100,-96.2672,61
42.5417,-113.7661,28
35.0678,-77.0481,7
38.0494,-103.5122,33
30.8356,-85.1839,22
44.0206,-117.0128,22
38.2900,-104.4983,23
55.3567,-131.7117,45
59.2433,-135.5094,51
41.0375,-81.4642,37
29.9933,-90.2511,38
36.9358,-121.7886,16
39.3644,-84.5247,11
38.5911,-92.1558,17
47.0339,-120.5303,66
45.8258,-119.2611,17
47.4667,-87.8833,48
30.7406,-98.2353,38
31.4583,-109.6061,22
36.7436,-108.2292,20
48.7939,-122.5372,3
38.9597,-94.3714,31
39.5514,-97.6508,43
34.3622,-98.9761,54
39.2231,-106.8683,10
15.1167,145.7167,40
47.2078,-119.3192,17
40.8097,-124.1603,6
41.6236,-98.9517,35
39.8683,-75.2311,38
38.2281,-85.6636,15
41.1014,-102.9847,38
46.1236,-67.7928,34
40.7083,-84.0267,32
40.8500,-74.0614,31
38.5000,-77.3000,20
34.8536,-116.7858,43
32.8978,-97.0189,49
39.1894,-103.7158,30
33.1281,-117.2794,16
31.1500,-92.9667,13
42.9203,-112.5711,38
35.9200,-106.3900,1
43.7694,-87.8506,24
43.6497,-70.3003,32
36.5881,-121.8453,23
30.5108,-99.7664,34
48.7200,-116.4600,14
47.3000,-121.6000,10
31.1828,-90.4708,33
41.7781,-80.6958,28
32.5500,-88.5667,17
34.5467,-93.5781,22
37.6703,-95.4842,41
35.9508,-85.0814,5
35.2578,-113.9331,18
45.6478,-68.6925,13
34.7336,-76.6606,14
28.5453,-81.3331,39
43.1561,-90.6775,9
41.4000,-107.2600,7
26.5850,-81.8614,42
41.7419,-72.1836,29
56.6000,-169.5650,62
38.7667,-104.3000,30
41.9922,-93.6217,27
43.1111,-76.1039,45
35.7425,-81.3819,11
34.7436,-118.7242,34
33.3075,-104.5083,33
34.8994,-120.4486,20
42.6003,-123.3642,30
33.8281,-116.5053,19
48.7167,-94.6000,24
41.5339,-93.6531,38
42.3811,-122.8722,5
40.4953,-107.5211,17
47.4733,-111.3822,36
39.4839,-119.7711,12
46.9733,-122.9033,6
38.5714,-90.1572,19
47.3864,-92.8389,13
45.8678,-95.3942,27
42.2228,-83.7444,29
42.1244,-86.4267,21
41.9856,-97.4353,39
39.2775,-120.7103,22
46.5683,-120.5428,30
43.9636,-69.7117,16
35.6575,-109.0614,18
43.3906,-99.8422,54
35.1350,-90.2344,20
35.4319,-82.5375,13
30.7439,-95.5861,27
36.1900,-105.5600,2
39.0083,-95.2117,37
34.7675,-114.6189,13
39.8250,-86.2958,22
44.6500,-73.4667,28
55.2208,-162.7325,62
34.2097,-118.4892,17
41.4914,-120.5644,12
30.3567,-95.4139,47
33.4617,-80.8581,4
44.8831,-93.2289,17
47.9428,-97.1839,29
38.8317,-94.8897,37
38.8483,-77.0342,26
31.2819,-89.2531,13
43.6264,-72.3047,29
34.6719,-82.8864,10
44.9050,-123.0011,22
32.5161,-84.9422,19
41.3714,-73.4828,19
36.9647,-86.4239,9
58.3567,-134.5639,62
29.6919,-82.2756,36
39.1208,-94.5969,35
26.1658,-97.3458,49
38.0408,-84.6058,32
36.9261,-111.4478,9
29.2733,-94.8592,68
39.5264,-107.7264,7
35.8311,-90.6464,23
41.9144,-88.2464,30
41.8756,-71.0211,34
46.4047,-94.1308,11
42.3978,-90.7036,32
27.4014,-82.5586,45
37.5908,-83.3131,9
34.1167,-119.1167,25
35.2100,-99.1200,65
33.4825,-90.9853,38
35.6567,-95.3614,40
44.8322,-93.4706,22
34.9914,-78.8803,10
35.2325,-75.6219,16
45.5644,-84.7928,51
61.1689,-150.0278,1
47.7472,-90.3444,29
29.9800,-95.3600,70
32.2997,-86.4075,13
34.7272,-92.2389,27
42.6650,-83.4181,34
36.2833,-94.3000,26
39.1342,-108.5400,26
33.5872,-85.8556,17
40.8300,-111.7600,11
30.4844,-81.7019,40
38.1847,-84.9033,20
43.2119,-90.1814,12
40.9017,-117.8081,18
33.8719,-117.9789,17
47.1686,-88.4889,48
40.0819,-75.0111,26
41.5886,-83.8014,30
36.0300,-106.8100,3
43.3497,-76.3847,42
40.8731,-81.8867,30
39.0431,-84.6717,31
25.9989,-80.2411,49
36.0700,-105.6300,6
36.7367,-97.1019,57
31.3500,-85.6667,28
39.4203,-83.8217,33
41.8056,-107.1997,12
38.0511,-117.0903,44
43.1167,-77.6767,43
34.7917,-79.3661,8
42.8975,-106.4636,21
48.5614,-93.3981,18
32.1314,-110.9553,19
26.1969,-80.1708,52
36.6817,-101.5053,54
34.8461,-82.3461,8
45.6983,-110.4408,57
36.0236,-84.2375,1
41.7072,-86.3164,33
44.5761,-71.1786,27
27.7628,-82.6261,57
33.6542,-101.8136,38
37.1681,-97.0369,58
40.1606,-113.3508,82
43.1953,-71.5011,20
30.2050,-91.9875,17
26.6847,-80.0994,62
31.0425,-86.3117,23
30.5372,-91.1469,44
43.1644,-95.2017,39
62.9614,-141.9292,2
42.3914,-96.3792,34
57.0481,-135.3647,31
42.9333,-71.4383,29
46.3583,-104.2500,50
45.8069,-108.5422,40
39.9492,-74.8417,15
41.7803,-124.2367,42
33.4536,-94.0075,40
47.6458,-101.4394,44
45.6044,-103.5464,50
42.5700,-72.2911,22
60.4889,-145.4511,8
35.0281,-110.7208,14
20.8997,-156.4286,50
45.4622,-69.5953,22
40.9706,-85.2064,28
32.6636,-97.0939,45
33.9486,-81.1186,7
31.2361,-94.7544,50
42.4933,-79.2722,52
40.0781,-83.0781,30
40.1936,-76.7633,16
44.3592,-84.6739,40
62.1592,-145.4589,4
66.8667,-162.6333,29
36.2667,-93.1567,31
57.7511,-152.4856,17
32.3347,-88.7442,17
42.5844,-110.1075,35
60.5797,-151.2392,10
46.2667,-119.1167,13
39.4167,-118.7167,12
42.4700,-71.2894,33
38.2103,-122.2847,17
33.9753,-117.6361,21
44.5228,-114.2150,12
37.4058,-122.0481,11
32.0311,-96.3989,63
40.6386,-73.7622,42
39.1353,-96.6778,39
62.9575,-155.6103,13
33.3633,-84.5658,4
41.6267,-73.8842,21
35.6875,-117.6931,21
34.5183,-109.3792,15
41.1783,-78.8989,46
46.6056,-111.9636,22
37.3169,-79.9742,17
42.0572,-102.8000,38
45.5406,-122.9486,17
38.6892,-75.3592,26
32.4106,-99.6822,53
28.4567,-99.2183,52
40.0972,-92.5433,35
41.3103,-95.8992,36
42.1208,-87.9047,18
38.9833,-76.4667,16
47.4569,-115.6450,17
34.6081,-79.0592,4
25.9156,-97.4186,42
42.8783,-100.5500,44
41.7700,-88.4814,26
38.9503,-95.6639,34
36.2606,-76.1750,19
32.8547,-109.6353,29
27.9619,-82.5403,34
36.9600,-106.6600,4
36.9500,-76.2833,22
29.5442,-98.4839,57
32.4506,-93.8411,43
31.5883,-110.3442,17
21.3239,-157.9294,35
37.8892,-121.2258,19
41.4653,-90.5233,35
36.7900,-105.2400,1
40.7342,-73.4169,34
41.9381,-72.6825,35
36.7725,-90.3247,14
33.1803,-96.5903,44
43.5950,-118.9564,27
59.5119,-139.6711,31
39.7736,-94.9233,35
33.4278,-112.0039,17
45.0619,-93.3508,8
34.7411,-118.2117,31
33.2208,-92.8142,30
32.3206,-90.0778,31
40.8206,-76.8642,14
33.9228,-118.3342,18
36.8781,-91.9025,22
30.1250,-93.2158,58
39.2447,-102.2842,57
34.0561,-117.6003,24
19.7356,-156.0489,38
43.2389,-123.3547,21
29.3331,-89.4075,41
35.6950,-101.3950,46
47.3600,-121.5700,1
44.8889,-116.1017,15
42.1594,-76.8919,26
39.1019,-121.5678,19
41.3325,-122.3328,11
42.7172,-71.1239,32
34.7500,-111.4100,325
40.0228,-82.4625,22
44.3814,-106.7211,46
43.9042,-92.4917,28
42.1908,-71.1736,31
44.2033,-72.5794,43
39.4300,-120.3100,8
42.7972,-105.3856,47
36.0000,-106.8300,2
66.0689,-162.7639,12
41.2731,-111.0306,23
29.5189,-95.2417,67
39.7078,-77.7297,28
45.6308,-89.4653,25
40.9167,-81.4333,38
35.9461,-112.1547,8
38.3406,-75.5103,23
47.6217,-117.5281,24
31.8111,-106.3758,28
41.3275,-72.0494,46
41.0669,-73.7075,18
41.7872,-111.8533,9
21.1544,-157.0961,43
47.2381,-123.1408,8
37.3592,-121.9239,14
38.7525,-90.3736,20
45.5114,-118.4247,3
42.4272,-73.2892,23
38.0700,-102.6881,47
43.9844,-88.5569,27
34.6525,-86.9453,15
32.8192,-97.3614,47
33.2194,-117.3494,17
40.5300,-106.7800,1
44.9319,-93.0556,8
40.3161,-78.8339,49
42.2314,-83.3308,36
35.6697,-120.6283,19
41.2544,-80.6739,40
38.1311,-91.7683,37
61.5961,-149.0917,23
38.0653,-97.8606,60
43.5667,-116.2406,22
64.5111,-165.4400,17
30.3361,-81.5147,41
35.0419,-106.6156,19
21.9839,-159.3405,36
41.0467,-78.4117,34
36.3100,-115.6800,0
40.6044,-98.4272,48
41.3336,-75.7269,27
42.5708,-77.7133,28
61.1781,-149.9664,0
32.7000,-117.2000,20
37.7836,-81.1231,19
28.1011,-80.6439,52
31.7800,-103.2017,18
39.8000,-106.0300,2
31.9206,-102.3867,29
25.6475,-80.4331,38
42.1997,-75.9850,46
39.9914,-82.8808,26
42.1578,-72.7161,31
32.3847,-94.7117,44
36.9900,-105.2600,9
36.9033,-76.1922,29
33.6186,-114.7142,12
40.3667,-75.9667,18
47.3978,-120.2014,35
47.6800,-121.6100,5
45.7881,-111.1608,17
27.7411,-98.0247,56
35.8517,-97.4142,38
32.1300,-81.2100,26
64.8039,-147.8761,15
40.3547,-79.9217,40
35.1967,-81.1558,5
29.3600,-99.1742,57
36.4486,-103.1539,58
36.1300,-105.5300,2
27.5000,-97.8167,62
33.2061,-97.1989,43
43.7331,-103.6114,19
30.7167,-87.0167,22
38.8500,-94.7392,33
41.1961,-112.0114,25
40.3300,-75.1225,20
30.2333,-81.6667,46
41.3497,-71.7989,32
41.7861,-87.7522,41
44.7978,-68.8186,29
40.2172,-76.8514,17
27.6833,-97.2833,73
48.3042,-114.2636,11
33.6300,-84.4417,19
42.5842,-70.9175,35
30.4119,-89.0808,38
43.3436,-72.5178,20
44.0219,-82.7931,36
44.3206,-69.7972,26
36.4731,-82.4044,3
40.2964,-78.3203,38
38.7042,-93.1833,26
33.9481,-83.3275,2
37.6197,-122.3647,33
70.2117,-151.0017,90
38.3775,-121.9575,14
33.6883,-112.0817,14
30.4000,-86.4717,20
34.5583,-98.4172,43
32.8667,-117.1333,24
36.5728,-79.3361,13
40.8508,-96.7475,41
37.2847,-120.5128,24
38.5039,-122.8103,9
40.9611,-98.3136,47
43.7667,-98.0333,39
31.4000,-93.2833,16
45.6906,-118.8528,26
45.6208,-122.6572,18
37.7797,-89.2497,18
34.3478,-85.1611,9
48.1739,-103.6367,26
43.2339,-75.4117,31
37.9406,-75.4631,35
44.9258,-89.6256,24
44.3800,-116.3400,4
39.6092,-110.7547,25
32.8986,-80.0403,19
30.4636,-88.5319,22
39.3100,-111.4300,34
42.3606,-71.0106,49
46.4794,-84.3572,55
29.6222,-95.6564,60
42.9600,-121.1800,6
39.2956,-80.2289,22
28.0836,-97.0464,64
42.2347,-85.5519,34
35.6542,-105.1419,46
39.2972,-94.7306,41
36.0719,-115.1633,14
45.5908,-122.6003,23
46.9006,-95.0678,18
36.1336,-80.2222,6
28.7797,-81.2436,37
35.7800,-105.5400,2
43.1072,-78.9453,64
40.7781,-111.9694,26
41.7636,-96.1778,30
34.1231,-84.8486,1
36.3689,-92.4703,21
38.5069,-121.4950,13
44.8664,-91.4878,13
43.5878,-96.7289,38
24.7258,-81.0517,51
39.2953,-114.8467,34
42.7267,-114.4564,34
39.4494,-74.5672,30
45.2575,-112.5545,27
46.3747,-117.0156,15
39.9061,-84.2186,42
38.1417,-76.4292,13
44.5444,-110.4211,8
34.2486,-82.1592,5
40.7939,-73.1017,42
35.0311,-85.2014,4
41.8031,-78.6403,43
59.6419,-151.4908,13
41.0136,-83.6686,37
46.9728,-123.9303,15
44.9358,-74.8458,54
35.8181,-83.9858,7
31.1522,-81.3908,36
36.0467,-79.4769,10
