37.3996,-119.7381,0
62.2272,-150.0731,0
46.4457,-63.3121,0
44.8567,-93.6864,0
39.7866,-77.7253,0
45.4681,-122.6813,0
39.1223,-77.8187,0
51.5694,-107.2341,0
45.5075,-66.0986,0
61.6185,-149.1258,0
42.2845,-83.0346,0
41.3297,-86.3568,0
45.8802,-123.2946,0
38.9052,-104.8491,0
35.5813,-88.8306,0
41.0483,-93.9496,0
29.5120,-95.0994,0
39.7140,-86.4090,0
38.9669,-95.2967,0
42.8264,-106.3988,0
41.3221,-105.5837,0
45.9689,-94.3772,0
46.7985,-96.1218,0
44.7825,-108.6879,0
39.7612,-105.6806,0
39.0400,-108.5210,0
46.9934,-65.5069,0
43.6293,-65.7999,0
37.4159,-105.1587,112
33.6239,-117.6275,0
50.5183,-119.2487,0
39.7647,-84.6338,0
47.7657,-122.3001,0
39.4819,-106.0325,112
34.2917,-83.3236,0
34.9842,-83.3917,0
44.8344,-93.0358,0
41.1623,-81.5037,0
42.5730,-71.1442,0
35.0114,-86.8392,0
39.5996,-104.1751,0
42.9980,-88.0238,0
42.9962,-82.4643,0
45.3147,-64.4289,0
42.5970,-82.1781,0
43.6695,-116.2653,0
47.6421,-65.6876,0
48.0125,-123.1709,0
41.4681,-87.9378,0
40.9234,-73.3305,0
39.5865,-86.6333,0
39.2016,-106.0412,102
49.7791,-124.3371,0
41.3677,-81.7018,0
38.7079,-106.1068,0
34.7981,-86.7047,0
43.5695,-116.3248,0
41.4406,-73.3904,0
38.5985,-106.5313,5
38.6205,-87.1359,0
44.0303,-71.1383,0
36.5921,-94.4507,0
46.2508,-63.3342,0
43.5073,-65.6096,0
38.7387,-84.8496,0
38.3042,-104.7440,0
46.4698,-63.4920,0
40.5998,-105.1151,0
42.5973,-74.5931,0
45.9896,-66.5918,0
42.8918,-88.1423,0
48.5050,-121.4800,0
38.1309,-79.0559,0
44.8122,-106.9763,0
41.9950,-75.9650,0
35.1833,-97.4028,0
47.7446,-122.5097,0
31.8449,-102.4858,0
46.2507,-119.3197,0
35.2836,-106.6194,0
45.1864,-85.1478,0
29.7409,-97.6802,0
45.4899,-74.6457,0
40.2001,-82.7732,0
45.4000,-123.1830,0
44.3882,-71.2695,0
38.7462,-77.1386,0
32.4309,-104.2540,0
38.3029,-104.7910,0
44.9067,-66.9866,0
39.4722,-105.3913,0
46.7544,-117.0005,0
36.0532,-80.6028,0
42.5584,-87.8807,0
46.0272,-66.6746,0
37.1306,-80.5720,0
45.4505,-98.5086,0
43.3085,-87.9848,0
39.0212,-84.2186,0
40.5510,-105.0664,0
41.7887,-69.9786,0
40.0014,-77.1089,0
46.2358,-63.0821,0
37.6702,-91.8739,0
41.7572,-72.5916,0
34.2371,-111.3440,0
30.8176,-83.8965,0
42.4228,-71.1318,0
45.6063,-122.5104,0
41.2571,-77.0085,0
40.1043,-105.1605,0
41.2949,-75.8682,0
42.9632,-78.8669,0
44.1511,-94.7852,0
53.8249,-122.8559,0
36.2347,-86.3817,0
38.9433,-119.1916,0
39.3838,-87.7743,0
44.2832,-83.4992,0
40.0891,-97.1959,0
46.3118,-116.0553,0
42.8966,-76.6727,0
40.3038,-103.1114,0
39.4712,-118.7915,0
34.6444,-86.5056,0
49.1290,-98.2684,0
38.6169,-77.9696,0
38.1963,-105.5980,53
32.3772,-86.2575,0
32.4066,-96.3347,0
34.6647,-83.7342,0
42.5110,-76.9155,0
43.8537,-70.1721,0
47.3714,-102.7606,0
32.1154,-81.2509,0
48.7700,-98.3763,0
45.1715,-67.0816,0
44.5464,-123.2592,0
38.1617,-85.8566,0
39.6490,-80.7382,0
34.9542,-86.4506,0
38.1195,-105.5777,10
42.8403,-84.4197,0
41.1523,-104.8052,0
44.7518,-63.7910,0
40.6259,-105.0621,0
41.2965,-72.4413,0
40.7494,-96.5928,0
42.1246,-76.2213,0
32.7874,-105.8207,0
38.8579,-106.2085,0
41.0589,-83.1127,0
44.8745,-123.0444,0
24.5695,-81.7559,0
44.7029,-106.3261,0
34.6286,-86.5561,0
30.4144,-97.7664,0
47.3638,-120.2284,0
41.2986,-104.8278,0
43.9873,-81.1033,0
35.2596,-92.4054,0
40.4697,-106.8139,0
39.4202,-84.1493,0
44.9829,-93.5736,0
29.2650,-81.0472,0
39.5404,-104.9123,0
38.7873,-82.9779,0
40.5949,-98.4270,0
44.7045,-64.4566,0
37.7892,-120.7518,0
45.9290,-66.6283,0
46.8970,-96.8120,0
41.0413,-93.9805,0
38.7822,-105.1472,140
40.3889,-75.9396,0
45.1896,-118.9166,0
39.6679,-104.9440,0
41.0578,-75.0796,0
43.8977,-78.8744,0
46.8294,-96.7964,0
44.6115,-74.9719,0
38.7845,-76.0739,0
50.1475,-95.8902,0
43.3367,-72.0606,0
45.4060,-122.8780,0
35.5909,-82.5549,0
39.3929,-74.6248,0
37.2547,-80.4178,0
42.6089,-122.8189,0
39.0205,-105.4940,25
47.1556,-53.4722,0
34.0151,-81.1920,0
37.0169,-94.4925,0
35.1114,-106.5416,0
38.0450,-85.7155,0
36.1066,-88.0443,0
44.5103,-109.0994,0
38.1703,-106.6569,86
37.2915,-91.8515,0
45.6686,-122.6862,0
43.0520,-77.2570,0
42.1739,-88.2993,0
39.8163,-99.8978,0
37.7847,-79.9165,0
40.5358,-94.8879,0
44.0346,-77.1408,0
39.9575,-78.5638,0
42.4334,-122.9869,0
35.3620,-85.3797,0
39.0202,-95.7458,0
33.1637,-96.6851,0
42.8167,-106.4108,0
36.1520,-115.3396,0
41.2144,-85.1242,0
44.8720,-69.4203,0
42.1070,-84.6260,0
37.9663,-103.5443,0
40.2843,-105.1608,0
41.8482,-88.3144,0
44.0390,-122.8500,0
41.9286,-74.0195,0
45.0792,-64.2711,0
41.6738,-93.7886,0
33.7476,-84.7452,0
37.5990,-101.2911,0
36.2184,-81.6720,0
41.3139,-105.5774,0
40.5876,-105.1473,0
46.5824,-90.8839,0
38.9926,-104.5974,0
40.4754,-106.8085,0
29.6849,-95.2197,0
44.8353,-122.6836,0
46.6028,-95.7984,0
34.8490,-87.4490,0
42.9542,-81.4349,0
39.3343,-94.7642,0
39.1516,-77.2368,0
43.1923,-123.4387,0
35.6345,-117.9782,0
45.6018,-94.1991,0
35.4606,-81.3296,0
35.6874,-88.8809,0
38.9539,-92.3381,0
34.8050,-86.7619,0
45.9217,-64.5150,0
41.1977,-80.9721,0
45.7699,-64.2180,0
46.4238,-94.3033,0
39.7109,-74.9679,0
38.3299,-97.7787,0
50.2077,-97.6600,0
37.4123,-107.8284,0
44.0564,-81.0266,0
53.1295,-105.8125,0
38.3339,-104.7898,0
39.4700,-76.8301,0
38.4026,-106.4157,69
31.8142,-93.0856,0
41.5401,-90.4492,0
39.9420,-83.8051,0
41.5177,-90.6072,0
41.0593,-124.1398,0
44.5164,-122.9171,0
48.6770,-100.8026,0
46.9386,-90.8349,0
42.1460,-71.3794,0
44.5014,-68.2208,0
29.3282,-99.4653,0
40.5091,-74.8549,0
36.1648,-81.6055,0
44.8717,-93.3055,0
40.5759,-105.0858,0
51.1240,-104.9917,0
45.9190,-66.6269,0
45.4340,-122.5036,0
42.0944,-71.3776,0
41.0233,-100.3669,0
44.0800,-99.1300,0
42.3037,-71.6462,0
42.6143,-84.3381,0
49.8654,-119.6041,0
43.4394,-71.5373,0
36.0512,-83.9862,0
45.1940,-67.3225,0
44.6310,-72.2800,0
48.1810,-117.1712,0
34.2024,-78.0948,0
47.7130,-118.9412,0
37.9542,-87.3741,0
32.2918,-85.1893,0
40.1848,-105.0820,0
43.0810,-70.7138,0
45.4788,-122.7692,0
41.5264,-90.5858,0
42.0796,-76.0510,0
44.2337,-86.0358,0
40.0815,-104.9459,0
38.2872,-81.7874,0
39.4195,-77.2905,0
39.3346,-74.5759,0
43.2115,-71.4143,0
42.5597,-87.8566,0
42.3805,-82.1949,0
38.8319,-107.9670,0
39.3723,-112.3339,0
37.2492,-93.9439,0
42.8339,-79.9298,0
29.4854,-98.6561,0
36.1502,-86.5738,0
37.7398,-89.8603,0
43.7485,-70.3045,0
40.1526,-84.4613,0
36.1967,-86.6055,0
39.6999,-74.9971,0
43.0961,-79.0281,0
43.7440,-70.4890,0
43.7051,-99.3773,0
27.9855,-81.7902,0
42.8972,-85.7791,0
46.4274,-62.7087,0
44.2933,-83.6841,0
51.3581,-55.5807,0
39.3542,-101.6996,0
34.1649,-95.5431,0
40.2077,-75.3522,0
40.5460,-105.0731,0
39.7811,-78.4334,0
40.0839,-88.2403,0
38.2210,-84.8175,0
33.9837,-83.1378,0
36.2528,-81.9136,0
44.3541,-66.1026,0
49.8599,-97.1128,0
32.3191,-90.0806,0
42.7112,-87.8457,0
48.8511,-97.7775,0
38.2955,-105.5208,0
48.4535,-89.2239,0
