40.7264,-122.7947,111
38.8586,-99.3358,117
43.8544,-116.4664,89
37.1503,-104.5567,133
40.7142,-122.4161,139
36.4711,-86.8414,89
37.9050,-93.3169,100
33.6731,-111.1508,178
47.0575,-109.9514,56
28.4675,-98.2525,167
40.4750,-86.9919,44
42.9592,-120.7897,83
37.3806,-107.5811,72
39.9000,-98.0256,106
39.0303,-76.9314,117
39.8114,-99.9386,100
40.6117,-122.5281,150
46.0436,-118.4628,122
34.5822,-119.9817,122
40.1739,-101.0611,133
34.7675,-106.7611,106
42.1397,-87.7853,-178
45.6750,-111.1550,39
36.4622,-116.8669,206
33.7542,-99.1442,128
38.4917,-122.1242,117
37.0683,-88.7725,78
33.7092,-93.5564,144
45.9228,-108.2444,78
40.2233,-86.1086,56
40.1550,-103.1417,100
35.6214,-88.8456,72
38.4661,-101.7758,83
37.7967,-121.5828,172
46.7603,-117.1861,67
35.7197,-86.9653,-178
36.8047,-107.6214,78
34.9881,-120.3211,106
26.8400,-81.0872,183
41.9342,-88.7756,44
38.7403,-104.3994,61
40.0892,-99.2133,78
35.4139,-86.8086,94
38.7978,-99.7231,111
37.7617,-117.5658,117
39.0422,-108.4664,128
47.0022,-118.5658,89
43.5492,-71.4647,-178
36.0147,-85.1314,50
34.8847,-99.2964,150
48.4983,-109.8014,89
44.1183,-121.2103,17
30.2003,-92.6642,144
38.5350,-121.7761,167
46.6722,-120.4994,78
38.6450,-95.5661,206
38.4931,-122.0047,156
42.3806,-96.9575,61
35.4072,-104.1906,139
45.6911,-118.8522,94
61.5664,-149.2542,39
32.2822,-106.7597,117
34.5989,-103.2161,83
35.2006,-103.6867,122
41.4439,-86.9294,22
42.7467,-71.0425,78
47.6811,-117.6267,83
36.5508,-114.4581,133
39.3925,-101.0689,89
29.4608,-101.0286,94
40.2539,-85.1483,67
26.5581,-99.1372,139
37.6967,-93.7722,117
35.0489,-97.9158,128
25.8175,-80.2858,194
39.6619,-99.1228,111
38.0047,-120.4864,156
30.7053,-104.0233,72
39.4031,-99.4192,111
36.6897,-108.3086,100
46.7281,-116.9558,72
41.4903,-71.5431,61
