43.8544,-116.4664,139
43.9794,-117.0247,111
40.1100,-87.9567,94
41.1453,-85.4897,28
33.8083,-79.8567,150
47.0575,-109.9514,117
33.2564,-81.2422,133
34.1944,-79.2472,144
41.8161,-80.4250,89
40.4750,-86.9919,72
32.7547,-104.3836,111
34.2183,-81.0731,194
42.7831,-71.4147,100
37.1317,-86.1481,128
37.8194,-85.3847,139
42.1397,-87.7853,94
28.4575,-97.7061,239
44.4933,-68.4583,72
40.4719,-74.4364,117
62.1925,-150.5033,22
37.0683,-88.7725,156
46.8706,-68.0172,56
38.4558,-86.6983,117
40.2233,-86.1086,150
44.9847,-93.1772,89
34.4719,-81.8839,172
35.6214,-88.8456,167
32.3500,-94.6500,189
37.9311,-98.0297,139
40.0739,-87.5067,100
39.4833,-83.8500,100
42.2947,-83.7108,83
34.7289,-80.0389,161
37.1244,-87.8672,78
38.4661,-101.7758,133
39.4708,-87.4081,122
27.7792,-97.5056,200
38.7003,-82.4736,167
39.4700,-80.8572,128
38.7386,-87.4878,128
28.7156,-97.1742,217
41.0267,-86.5867,100
34.1419,-80.8700,144
33.0167,-81.3167,161
35.6042,-91.2744,172
45.0853,-67.1203,39
38.5200,-89.8467,128
34.6603,-82.8236,172
38.8894,-86.5519,128
64.9156,-148.2711,11
42.3806,-96.9575,122
32.2822,-106.7597,189
41.4439,-86.9294,78
40.7928,-87.7556,83
47.6811,-117.6267,78
33.7775,-81.8467,167
40.9361,-90.7197,106
36.1306,-80.5481,111
32.5133,-92.3486,200
44.8831,-85.6753,83
40.2539,-85.1483,117
32.9206,-86.6708,178
46.3414,-86.9242,56
38.3139,-81.7186,122
36.7578,-90.4056,167
28.8608,-97.0181,244
40.8142,-85.1547,78
37.9931,-100.8122,128
37.1167,-84.6167,144
20.7583,-156.3211,178
