40.5972,-79.1186,1
34.2675,-77.8997,1
35.7044,-79.8378,1
36.3464,-78.8858,1
39.0589,-101.2439,1
37.8617,-83.9228,1
38.7339,-77.4925,1
35.6764,-84.8547,1
42.0425,-101.0458,1
39.8692,-76.8636,1
39.5703,-104.8489,1
39.8958,-105.3847,1
39.8583,-77.4775,1
40.0333,-77.3000,1
37.6183,-79.4358,1
37.2392,-80.1994,1
41.0103,-103.8769,1
41.1519,-104.8061,1
38.7853,-76.9947,1
37.2472,-83.1817,1
38.9719,-76.3381,1
36.8225,-79.4103,1
39.8814,-77.3506,1
39.2292,-106.3169,1
37.6694,-79.2775,1
40.0489,-107.8853,1
39.1092,-104.5997,1
34.1142,-109.8589,1
39.8256,-78.8300,1
39.7194,-76.8028,1
37.3711,-118.3581,1
40.5453,-102.3411,1
40.2817,-76.8703,1
41.1522,-104.8056,1
41.1214,-100.6694,1
38.8100,-104.6883,1
37.9136,-104.9483,1
37.2622,-104.3378,1
36.9028,-82.0383,1
40.5756,-105.0236,1
40.8533,-76.7892,1
40.1667,-103.2167,1
38.0328,-78.5225,1
39.8328,-104.6575,1
39.7197,-105.2472,1
39.4833,-83.8500,1
44.0622,-103.4819,1
42.1106,-104.9492,1
37.7767,-79.4386,1
40.2258,-77.1894,1
37.1186,-82.8281,1
38.2119,-119.0142,1
39.1661,-85.9228,1
40.5100,-101.6200,1
41.3119,-105.6747,1
37.9483,-83.4825,1
35.0678,-77.0481,1
35.7425,-78.8369,1
38.0494,-103.5122,1
38.2900,-104.4983,1
39.2231,-106.8683,1
41.1014,-102.9847,1
39.1894,-103.7158,1
38.7667,-104.3000,1
38.9886,-85.5858,1
38.7956,-105.2003,1
38.9000,-77.2664,1
38.2797,-104.5214,1
38.8483,-77.0342,1
39.5264,-107.7264,1
41.1500,-105.1667,1
40.6514,-78.5550,1
39.9356,-77.2578,1
38.2186,-83.1431,1
40.7831,-76.8617,1
39.3831,-74.8289,1
37.7889,-80.3083,1
38.0583,-83.9333,1
62.9614,-141.9292,1
38.0969,-83.1189,1
39.9919,-105.2667,1
37.2531,-93.7275,1
36.3783,-79.2544,1
40.5033,-97.9372,1
40.9656,-105.2186,1
40.3814,-78.0753,1
43.8894,-100.7078,1
40.6644,-78.2192,1
43.9072,-99.8628,1
36.1306,-80.5481,1
38.8050,-83.4356,1
42.1717,-100.0106,1
40.0503,-101.5325,1
37.8725,-82.5194,1
41.2519,-100.0750,1
40.6864,-100.0536,1
40.6044,-98.4272,1
38.2322,-78.1203,1
40.0136,-78.3653,1
37.5442,-79.4031,1
40.9611,-98.3136,1
40.0417,-78.5278,1
37.8175,-82.7883,1
39.7706,-77.0325,1
39.2953,-114.8467,1
39.4286,-105.0703,1
