40.2342,-85.3936,1
30.0747,-99.1081,1
34.2622,-88.7714,1
32.3367,-90.2214,1
37.1431,-107.7597,1
37.4389,-105.8614,1
45.2486,-122.7686,1
35.2372,-120.6414,1
28.8208,-81.8097,1
43.0661,-108.4767,1
41.6117,-90.5808,1
37.2253,-89.5706,1
38.8169,-92.2183,1
27.4981,-80.3767,1
31.5333,-101.2842,1
40.4122,-86.9369,1
38.9286,-90.4281,1
34.8822,-95.7831,1
36.2117,-115.1958,1
40.9781,-124.1086,1
41.7806,-122.4717,1
33.0375,-116.9158,1
42.8153,-108.7261,1
39.8997,-113.7128,1
32.5722,-116.9794,1
36.0097,-94.1694,1
47.2856,-68.3133,1
34.9325,-100.8903,1
34.1750,-91.9347,1
43.5164,-112.0672,1
36.0394,-95.9844,1
38.2553,-110.1800,1
39.9367,-120.9475,1
34.4258,-119.8425,1
44.1278,-123.2206,1
38.3794,-81.5900,1
46.9208,-114.0925,1
44.2558,-121.1392,1
41.5272,-85.7922,1
40.1100,-87.9567,1
47.3767,-121.9614,1
43.9658,-107.9508,1
42.2667,-84.4667,1
35.1442,-111.6664,1
40.0397,-88.2778,1
30.0675,-95.5561,1
44.3394,-105.5419,1
34.0511,-118.2353,1
37.9272,-100.7247,1
57.2178,-134.8770,1
39.8447,-89.6839,1
39.5703,-104.8489,1
34.9603,-80.0772,1
40.4847,-80.2144,1
30.5347,-94.4456,1
30.5892,-96.3647,1
44.7694,-106.9689,1
39.8958,-105.3847,1
34.9894,-99.0525,1
35.3889,-97.6006,1
35.4344,-119.0542,1
33.9786,-98.4928,1
39.0725,-95.6261,1
36.3189,-119.6289,1
42.2417,-83.6933,1
33.1986,-101.3744,1
27.7839,-97.5108,1
46.7439,-117.1086,1
42.9486,-78.7369,1
37.9917,-122.0550,1
29.3389,-98.4719,1
42.0647,-104.1528,1
28.4339,-81.3250,1
41.1519,-104.8061,1
44.3853,-74.2067,1
37.6542,-122.1150,1
40.4422,-109.5144,1
38.4306,-122.8647,1
34.0500,-94.4008,1
38.0911,-78.5906,1
33.6361,-91.7556,1
39.4519,-87.3089,1
36.7800,-119.7194,1
30.0375,-91.8839,1
42.1469,-121.7242,1
32.3542,-95.4025,1
37.7214,-122.2208,1
42.9667,-83.7494,1
45.7728,-122.8611,1
34.6517,-112.4208,1
42.8939,-85.5447,1
34.2006,-118.3575,1
47.5303,-122.3008,1
38.5050,-107.8975,1
45.5511,-122.4089,1
32.6161,-106.7403,1
46.1569,-123.8825,1
35.7072,-82.0289,1
41.3375,-84.4289,1
35.7683,-119.2600,1
39.9444,-81.8922,1
34.6294,-118.0836,1
34.4272,-100.2831,1
37.3031,-108.6275,1
58.4003,-134.5694,1
39.2292,-106.3169,1
29.7036,-98.0281,1
33.8750,-84.3022,1
47.4597,-111.3847,1
36.1189,-86.6892,1
32.6847,-83.6528,1
48.5428,-109.7633,1
40.8203,-82.5178,1
44.2667,-71.2994,1
30.3208,-97.7603,1
40.0489,-107.8853,1
41.5944,-109.0528,1
41.3589,-85.6997,1
47.4444,-122.3139,1
39.0875,-111.1325,1
46.0947,-118.2869,1
39.3450,-81.4392,1
32.3500,-91.0278,1
32.9733,-97.3181,1
27.5333,-99.4667,1
38.6956,-121.5897,1
39.1092,-104.5997,1
33.9519,-117.4386,1
38.8000,-97.6500,1
31.3347,-92.5586,1
29.6381,-95.2819,1
45.0133,-84.7014,1
42.7461,-86.0967,1
37.5811,-106.1869,1
29.1097,-95.4619,1
33.9381,-118.3889,1
32.7336,-117.1831,1
38.7642,-87.6056,1
37.7086,-113.0944,1
40.2064,-100.5914,1
36.0167,-102.5500,1
38.1811,-85.7392,1
26.0719,-80.1536,1
33.6800,-117.8664,1
38.9617,-101.1664,1
38.8853,-79.8528,1
29.1828,-81.0483,1
32.3336,-104.2581,1
25.7906,-80.3164,1
26.9172,-81.9914,1
33.4669,-82.0386,1
41.1522,-104.8056,1
61.9772,-151.2169,1
45.1947,-123.1339,1
41.8678,-84.0794,1
41.1078,-92.4467,1
36.1625,-97.0894,1
38.2917,-111.2622,1
47.9375,-124.5550,1
42.2342,-113.8981,1
28.8614,-96.9303,1
40.4719,-81.4236,1
32.8519,-96.8556,1
38.8100,-104.6883,1
25.9069,-80.2803,1
47.0492,-109.4578,1
36.7683,-96.0261,1
42.3075,-85.2511,1
36.9878,-120.1106,1
38.7550,-109.7542,1
33.9706,-80.9958,1
34.2167,-119.0833,1
48.2138,-106.6213,1
35.2236,-80.9553,1
26.1522,-81.7753,1
44.5169,-108.0822,1
38.6572,-90.6558,1
47.9742,-117.4283,1
31.9433,-102.1889,1
34.2900,-93.0600,1
35.2578,-93.0947,1
18.4325,-66.0108,1
42.0800,-80.1825,1
30.1831,-97.6800,1
40.8289,-115.7886,1
33.3644,-81.9633,1
39.4781,-88.2803,1
47.8453,-121.9944,1
40.1667,-103.2167,1
33.7792,-84.5214,1
37.0286,-112.5367,1
31.6189,-97.2283,1
35.5342,-97.6469,1
13.4836,144.7961,1
34.8831,-82.2203,1
47.6831,-117.3214,1
39.1333,-86.6167,1
40.7833,-91.1253,1
40.5175,-122.2986,1
28.7247,-96.2536,1
45.9647,-112.5006,1
37.2353,-93.4003,1
38.0442,-87.5206,1
39.7075,-86.2803,1
37.6553,-97.4431,1
25.5011,-80.5500,1
26.1839,-98.2539,1
44.7408,-85.5825,1
38.3306,-96.1897,1
48.6033,-112.3753,1
36.2967,-99.7689,1
34.2719,-83.8303,1
41.8706,-103.5931,1
35.5500,-88.7169,1
43.8339,-111.8045,1
39.8344,-88.8656,1
37.6928,-121.8144,1
42.1928,-89.0931,1
37.0683,-88.7719,1
39.7197,-105.2472,1
33.4964,-90.0867,1
41.4131,-81.8600,1
37.1467,-94.5022,1
36.1994,-95.8872,1
57.1553,-170.2222,1
34.4047,-82.2489,1
40.6675,-89.6839,1
32.1669,-92.1075,1
40.1764,-80.6472,1
42.2947,-83.7108,1
37.6544,-97.4425,1
32.7817,-98.0603,1
31.5358,-82.5067,1
35.3331,-94.3625,1
36.6636,-121.6081,1
34.0158,-118.4514,1
29.9506,-94.0206,1
56.2472,-134.6447,1
27.6531,-80.2428,1
37.6242,-120.9506,1
41.9950,-87.9336,1
26.2281,-97.6542,1
29.3783,-100.9269,1
46.5044,-122.5939,1
33.8117,-118.1464,1
34.6286,-99.1394,1
34.4978,-82.7097,1
39.5781,-85.8033,1
41.3119,-105.6747,1
42.4819,-114.4869,1
32.5156,-92.0406,1
33.2367,-107.2681,1
32.6808,-96.8681,1
37.7608,-99.9683,1
42.7803,-84.5789,1
32.7100,-96.2672,1
42.5417,-113.7661,1
35.0678,-77.0481,1
44.0206,-117.0128,1
29.9933,-90.2511,1
46.4922,-115.8006,1
38.5911,-92.1558,1
30.7406,-98.2353,1
48.7939,-122.5372,1
38.9597,-94.3714,1
34.3622,-98.9761,1
39.2231,-106.8683,1
32.8339,-97.2975,1
38.2281,-85.6636,1
41.1014,-102.9847,1
38.9917,-88.1828,1
40.7083,-84.0267,1
34.8536,-116.7858,1
32.8978,-97.0189,1
33.1281,-117.2794,1
42.9203,-112.5711,1
36.5881,-121.8453,1
30.5108,-99.7664,1
31.1828,-90.4708,1
34.5467,-93.5781,1
37.6703,-95.4842,1
35.2578,-113.9331,1
28.5453,-81.3331,1
43.1561,-90.6775,1
26.5850,-81.8614,1
56.6000,-169.5650,1
44.4122,-104.3567,1
41.9922,-93.6217,1
35.7425,-81.3819,1
34.7436,-118.7242,1
33.3075,-104.5083,1
34.8994,-120.4486,1
38.5778,-110.7078,1
32.3139,-97.4061,1
38.3706,-110.7153,1
42.3811,-122.8722,1
40.4953,-107.5211,1
47.4733,-111.3822,1
58.4111,-135.7089,1
46.9733,-122.9033,1
38.5714,-90.1572,1
42.1244,-86.4267,1
46.5683,-120.5428,1
43.5697,-76.1164,1
35.6575,-109.0614,1
35.4319,-82.5375,1
30.7439,-95.5861,1
39.0083,-95.2117,1
39.8250,-86.2958,1
41.4914,-120.5644,1
30.3567,-95.4139,1
38.8317,-94.8897,1
40.6550,-119.3514,1
44.9050,-123.0011,1
32.5161,-84.9422,1
29.6919,-82.2756,1
26.1658,-97.3458,1
36.9261,-111.4478,1
29.2733,-94.8592,1
55.6917,-132.5247,1
39.5264,-107.7264,1
35.8311,-90.6464,1
35.5544,-100.9736,1
34.3942,-104.2503,1
41.1500,-105.1667,1
33.8342,-118.3758,1
35.2100,-99.1200,1
33.4825,-90.9853,1
35.6567,-95.3614,1
45.5644,-84.7928,1
36.0597,-112.1097,1
29.9800,-95.3600,1
34.7272,-92.2389,1
31.8728,-106.6981,1
36.2833,-94.3000,1
39.1342,-108.5400,1
35.5453,-82.6986,1
30.4844,-81.7019,1
40.9017,-117.8081,1
33.8719,-117.9789,1
41.5886,-83.8014,1
25.9989,-80.2411,1
36.7367,-97.1019,1
46.6722,-120.4994,1
41.8056,-107.1997,1
43.1167,-77.6767,1
42.8975,-106.4636,1
37.9806,-105.6897,1
26.1969,-80.1708,1
36.6817,-101.5053,1
45.6983,-110.4408,1
41.7072,-86.3164,1
45.2325,-120.1817,1
30.7825,-83.2767,1
33.6542,-101.8136,1
30.2050,-91.9875,1
26.6847,-80.0994,1
30.5372,-91.1469,1
34.1981,-101.7461,1
46.3583,-104.2500,1
45.8069,-108.5422,1
41.7803,-124.2367,1
65.4939,-144.6422,1
33.4536,-94.0075,1
35.0281,-110.7208,1
40.9706,-85.2064,1
32.6636,-97.0939,1
31.2361,-94.7544,1
33.1714,-101.7981,1
44.3592,-84.6739,1
36.2667,-93.1567,1
57.7511,-152.4856,1
41.2458,-111.9369,1
38.2103,-122.2847,1
33.9753,-117.6361,1
44.5228,-114.2150,1
37.4058,-122.0481,1
32.0311,-96.3989,1
39.1353,-96.6778,1
38.1678,-109.7597,1
40.9386,-117.7514,1
33.3633,-84.5658,1
34.5183,-109.3792,1
41.1783,-78.8989,1
46.6056,-111.9636,1
41.9064,-111.8100,1
42.0572,-102.8000,1
45.5406,-122.9486,1
28.4567,-99.2183,1
40.0972,-92.5433,1
25.9156,-97.4186,1
47.8642,-112.0222,1
41.8722,-112.1489,1
29.5442,-98.4839,1
32.4506,-93.8411,1
37.8892,-121.2258,1
41.4653,-90.5233,1
36.7725,-90.3247,1
43.6039,-116.5753,1
33.1803,-96.5903,1
43.5950,-118.9564,1
59.5119,-139.6711,1
39.7736,-94.9233,1
34.7411,-118.2117,1
33.2208,-92.8142,1
32.3206,-90.0778,1
33.9228,-118.3342,1
36.8781,-91.9025,1
30.1250,-93.2158,1
39.2447,-102.2842,1
34.0561,-117.6003,1
37.5422,-122.0158,1
43.2389,-123.3547,1
44.8889,-116.1017,1
42.8917,-112.4086,1
39.1019,-121.5678,1
41.3325,-122.3328,1
31.5356,-84.1944,1
39.8800,-86.0514,1
44.3814,-106.7211,1
33.4367,-101.6472,1
39.5092,-123.7567,1
43.9042,-92.4917,1
39.2453,-112.1067,1
42.7972,-105.3856,1
41.2731,-111.0306,1
29.5189,-95.2417,1
45.6308,-89.4653,1
40.9167,-81.4333,1
35.9461,-112.1547,1
47.6217,-117.5281,1
33.3800,-104.5419,1
39.1014,-108.7339,1
31.8111,-106.3758,1
37.3592,-121.9239,1
38.7525,-90.3736,1
45.5114,-118.4247,1
38.0700,-102.6881,1
32.8192,-97.3614,1
33.2194,-117.3494,1
40.3161,-78.8339,1
42.2314,-83.3308,1
35.6697,-120.6283,1
41.2544,-80.6739,1
38.1311,-91.7683,1
37.0769,-111.6639,1
43.5667,-116.2406,1
64.5111,-165.4400,1
30.3361,-81.5147,1
28.1011,-80.6439,1
31.7800,-103.2017,1
56.3831,-134.6497,1
30.7053,-104.0233,1
31.9206,-102.3867,1
25.6475,-80.4331,1
38.0264,-107.6725,1
39.9914,-82.8808,1
32.3847,-94.7117,1
43.0428,-112.4133,1
47.3978,-120.2014,1
45.7881,-111.1608,1
27.7411,-98.0247,1
35.8517,-97.4142,1
32.1300,-81.2100,1
64.8039,-147.8761,1
29.3600,-99.1742,1
33.2061,-97.1989,1
38.8500,-94.7392,1
48.3042,-114.2636,1
33.6300,-84.4417,1
38.7042,-93.1833,1
33.9481,-83.3275,1
37.6197,-122.3647,1
38.3775,-121.9575,1
33.6883,-112.0817,1
34.5583,-98.4172,1
32.8667,-117.1333,1
37.2847,-120.5128,1
38.5039,-122.8103,1
45.6906,-118.8528,1
45.6208,-122.6572,1
37.7797,-89.2497,1
34.3478,-85.1611,1
44.9258,-89.6256,1
32.8986,-80.0403,1
32.3478,-104.2225,1
46.4794,-84.3572,1
29.6222,-95.6564,1
37.7333,-105.5119,1
28.0836,-97.0464,1
42.2347,-85.5519,1
37.1997,-108.4892,1
39.2972,-94.7306,1
36.0719,-115.1633,1
45.5908,-122.6003,1
45.4825,-120.7236,1
28.7797,-81.2436,1
40.7781,-111.9694,1
34.1231,-84.8486,1
38.5069,-121.4950,1
42.7267,-114.4564,1
45.2575,-112.5545,1
46.3747,-117.0156,1
39.9061,-84.2186,1
41.9153,-111.9128,1
45.8081,-120.8428,1
46.9728,-123.9303,1
31.1522,-81.3908,1
40.2342,-85.3936,1
30.0747,-99.1081,1
34.2622,-88.7714,1
32.3367,-90.2214,1
37.1431,-107.7597,1
37.4389,-105.8614,1
45.2486,-122.7686,1
35.2372,-120.6414,1
28.8208,-81.8097,1
43.0661,-108.4767,1
41.6117,-90.5808,1
37.2253,-89.5706,1
38.8169,-92.2183,1
27.4981,-80.3767,1
31.5333,-101.2842,1
40.4122,-86.9369,1
38.9286,-90.4281,1
34.8822,-95.7831,1
36.2117,-115.1958,1
40.9781,-124.1086,1
41.7806,-122.4717,1
33.0375,-116.9158,1
42.8153,-108.7261,1
39.8997,-113.7128,1
32.5722,-116.9794,1
36.0097,-94.1694,1
47.2856,-68.3133,1
34.9325,-100.8903,1
34.1750,-91.9347,1
43.5164,-112.0672,1
36.0394,-95.9844,1
38.2553,-110.1800,1
39.9367,-120.9475,1
34.4258,-119.8425,1
44.1278,-123.2206,1
38.3794,-81.5900,1
46.9208,-114.0925,1
44.2558,-121.1392,1
41.5272,-85.7922,1
40.1100,-87.9567,1
47.3767,-121.9614,1
43.9658,-107.9508,1
42.2667,-84.4667,1
35.1442,-111.6664,1
40.0397,-88.2778,1
30.0675,-95.5561,1
44.3394,-105.5419,1
34.0511,-118.2353,1
37.9272,-100.7247,1
57.2178,-134.8770,1
39.8447,-89.6839,1
39.5703,-104.8489,1
34.9603,-80.0772,1
40.4847,-80.2144,1
30.5347,-94.4456,1
30.5892,-96.3647,1
44.7694,-106.9689,1
39.8958,-105.3847,1
34.9894,-99.0525,1
35.3889,-97.6006,1
35.4344,-119.0542,1
33.9786,-98.4928,1
39.0725,-95.6261,1
36.3189,-119.6289,1
42.2417,-83.6933,1
33.1986,-101.3744,1
27.7839,-97.5108,1
46.7439,-117.1086,1
42.9486,-78.7369,1
37.9917,-122.0550,1
29.3389,-98.4719,1
42.0647,-104.1528,1
28.4339,-81.3250,1
41.1519,-104.8061,1
44.3853,-74.2067,1
37.6542,-122.1150,1
40.4422,-109.5144,1
38.4306,-122.8647,1
34.0500,-94.4008,1
38.0911,-78.5906,1
33.6361,-91.7556,1
39.4519,-87.3089,1
36.7800,-119.7194,1
30.0375,-91.8839,1
42.1469,-121.7242,1
32.3542,-95.4025,1
37.7214,-122.2208,1
42.9667,-83.7494,1
45.7728,-122.8611,1
34.6517,-112.4208,1
42.8939,-85.5447,1
34.2006,-118.3575,1
47.5303,-122.3008,1
38.5050,-107.8975,1
45.5511,-122.4089,1
32.6161,-106.7403,1
46.1569,-123.8825,1
35.7072,-82.0289,1
41.3375,-84.4289,1
35.7683,-119.2600,1
39.9444,-81.8922,1
34.6294,-118.0836,1
34.4272,-100.2831,1
37.3031,-108.6275,1
58.4003,-134.5694,1
39.2292,-106.3169,1
29.7036,-98.0281,1
33.8750,-84.3022,1
47.4597,-111.3847,1
36.1189,-86.6892,1
32.6847,-83.6528,1
48.5428,-109.7633,1
40.8203,-82.5178,1
44.2667,-71.2994,1
30.3208,-97.7603,1
40.0489,-107.8853,1
41.5944,-109.0528,1
41.3589,-85.6997,1
47.4444,-122.3139,1
39.0875,-111.1325,1
46.0947,-118.2869,1
39.3450,-81.4392,1
32.3500,-91.0278,1
32.9733,-97.3181,1
27.5333,-99.4667,1
38.6956,-121.5897,1
39.1092,-104.5997,1
33.9519,-117.4386,1
38.8000,-97.6500,1
31.3347,-92.5586,1
29.6381,-95.2819,1
45.0133,-84.7014,1
42.7461,-86.0967,1
37.5811,-106.1869,1
29.1097,-95.4619,1
33.9381,-118.3889,1
32.7336,-117.1831,1
38.7642,-87.6056,1
37.7086,-113.0944,1
40.2064,-100.5914,1
36.0167,-102.5500,1
38.1811,-85.7392,1
26.0719,-80.1536,1
33.6800,-117.8664,1
38.9617,-101.1664,1
38.8853,-79.8528,1
29.1828,-81.0483,1
32.3336,-104.2581,1
25.7906,-80.3164,1
26.9172,-81.9914,1
33.4669,-82.0386,1
41.1522,-104.8056,1
61.9772,-151.2169,1
45.1947,-123.1339,1
41.8678,-84.0794,1
41.1078,-92.4467,1
36.1625,-97.0894,1
38.2917,-111.2622,1
47.9375,-124.5550,1
42.2342,-113.8981,1
28.8614,-96.9303,1
40.4719,-81.4236,1
32.8519,-96.8556,1
38.8100,-104.6883,1
25.9069,-80.2803,1
47.0492,-109.4578,1
36.7683,-96.0261,1
42.3075,-85.2511,1
36.9878,-120.1106,1
38.7550,-109.7542,1
33.9706,-80.9958,1
34.2167,-119.0833,1
48.2138,-106.6213,1
35.2236,-80.9553,1
26.1522,-81.7753,1
44.5169,-108.0822,1
38.6572,-90.6558,1
47.9742,-117.4283,1
31.9433,-102.1889,1
34.2900,-93.0600,1
35.2578,-93.0947,1
18.4325,-66.0108,1
42.0800,-80.1825,1
30.1831,-97.6800,1
40.8289,-115.7886,1
33.3644,-81.9633,1
39.4781,-88.2803,1
47.8453,-121.9944,1
40.1667,-103.2167,1
33.7792,-84.5214,1
37.0286,-112.5367,1
31.6189,-97.2283,1
35.5342,-97.6469,1
13.4836,144.7961,1
34.8831,-82.2203,1
47.6831,-117.3214,1
39.1333,-86.6167,1
40.7833,-91.1253,1
40.5175,-122.2986,1
28.7247,-96.2536,1
45.9647,-112.5006,1
37.2353,-93.4003,1
38.0442,-87.5206,1
39.7075,-86.2803,1
37.6553,-97.4431,1
25.5011,-80.5500,1
26.1839,-98.2539,1
44.7408,-85.5825,1
38.3306,-96.1897,1
48.6033,-112.3753,1
36.2967,-99.7689,1
34.2719,-83.8303,1
41.8706,-103.5931,1
35.5500,-88.7169,1
43.8339,-111.8045,1
39.8344,-88.8656,1
37.6928,-121.8144,1
42.1928,-89.0931,1
37.0683,-88.7719,1
39.7197,-105.2472,1
33.4964,-90.0867,1
41.4131,-81.8600,1
37.1467,-94.5022,1
36.1994,-95.8872,1
57.1553,-170.2222,1
34.4047,-82.2489,1
40.6675,-89.6839,1
32.1669,-92.1075,1
40.1764,-80.6472,1
42.2947,-83.7108,1
37.6544,-97.4425,1
32.7817,-98.0603,1
31.5358,-82.5067,1
35.3331,-94.3625,1
36.6636,-121.6081,1
34.0158,-118.4514,1
29.9506,-94.0206,1
56.2472,-134.6447,1
27.6531,-80.2428,1
37.6242,-120.9506,1
41.9950,-87.9336,1
26.2281,-97.6542,1
29.3783,-100.9269,1
46.5044,-122.5939,1
33.8117,-118.1464,1
34.6286,-99.1394,1
34.4978,-82.7097,1
39.5781,-85.8033,1
41.3119,-105.6747,1
42.4819,-114.4869,1
32.5156,-92.0406,1
33.2367,-107.2681,1
32.6808,-96.8681,1
37.7608,-99.9683,1
42.7803,-84.5789,1
32.7100,-96.2672,1
42.5417,-113.7661,1
35.0678,-77.0481,1
44.0206,-117.0128,1
29.9933,-90.2511,1
46.4922,-115.8006,1
38.5911,-92.1558,1
30.7406,-98.2353,1
48.7939,-122.5372,1
38.9597,-94.3714,1
34.3622,-98.9761,1
39.2231,-106.8683,1
32.8339,-97.2975,1
38.2281,-85.6636,1
41.1014,-102.9847,1
38.9917,-88.1828,1
40.7083,-84.0267,1
34.8536,-116.7858,1
32.8978,-97.0189,1
33.1281,-117.2794,1
42.9203,-112.5711,1
36.5881,-121.8453,1
30.5108,-99.7664,1
31.1828,-90.4708,1
34.5467,-93.5781,1
37.6703,-95.4842,1
35.2578,-113.9331,1
28.5453,-81.3331,1
43.1561,-90.6775,1
26.5850,-81.8614,1
56.6000,-169.5650,1
44.4122,-104.3567,1
41.9922,-93.6217,1
35.7425,-81.3819,1
34.7436,-118.7242,1
33.3075,-104.5083,1
34.8994,-120.4486,1
38.5778,-110.7078,1
32.3139,-97.4061,1
38.3706,-110.7153,1
42.3811,-122.8722,1
40.4953,-107.5211,1
47.4733,-111.3822,1
58.4111,-135.7089,1
46.9733,-122.9033,1
38.5714,-90.1572,1
42.1244,-86.4267,1
46.5683,-120.5428,1
43.5697,-76.1164,1
35.6575,-109.0614,1
35.4319,-82.5375,1
30.7439,-95.5861,1
39.0083,-95.2117,1
39.8250,-86.2958,1
41.4914,-120.5644,1
30.3567,-95.4139,1
38.8317,-94.8897,1
40.6550,-119.3514,1
44.9050,-123.0011,1
32.5161,-84.9422,1
29.6919,-82.2756,1
26.1658,-97.3458,1
36.9261,-111.4478,1
29.2733,-94.8592,1
55.6917,-132.5247,1
39.5264,-107.7264,1
35.8311,-90.6464,1
35.5544,-100.9736,1
34.3942,-104.2503,1
41.1500,-105.1667,1
33.8342,-118.3758,1
35.2100,-99.1200,1
33.4825,-90.9853,1
35.6567,-95.3614,1
45.5644,-84.7928,1
36.0597,-112.1097,1
29.9800,-95.3600,1
34.7272,-92.2389,1
31.8728,-106.6981,1
36.2833,-94.3000,1
39.1342,-108.5400,1
35.5453,-82.6986,1
30.4844,-81.7019,1
40.9017,-117.8081,1
33.8719,-117.9789,1
41.5886,-83.8014,1
25.9989,-80.2411,1
36.7367,-97.1019,1
46.6722,-120.4994,1
41.8056,-107.1997,1
43.1167,-77.6767,1
42.8975,-106.4636,1
37.9806,-105.6897,1
26.1969,-80.1708,1
36.6817,-101.5053,1
45.6983,-110.4408,1
41.7072,-86.3164,1
45.2325,-120.1817,1
30.7825,-83.2767,1
33.6542,-101.8136,1
30.2050,-91.9875,1
26.6847,-80.0994,1
30.5372,-91.1469,1
34.1981,-101.7461,1
46.3583,-104.2500,1
45.8069,-108.5422,1
41.7803,-124.2367,1
65.4939,-144.6422,1
33.4536,-94.0075,1
35.0281,-110.7208,1
40.9706,-85.2064,1
32.6636,-97.0939,1
31.2361,-94.7544,1
33.1714,-101.7981,1
44.3592,-84.6739,1
36.2667,-93.1567,1
57.7511,-152.4856,1
41.2458,-111.9369,1
38.2103,-122.2847,1
33.9753,-117.6361,1
44.5228,-114.2150,1
37.4058,-122.0481,1
32.0311,-96.3989,1
39.1353,-96.6778,1
38.1678,-109.7597,1
40.9386,-117.7514,1
33.3633,-84.5658,1
34.5183,-109.3792,1
41.1783,-78.8989,1
46.6056,-111.9636,1
41.9064,-111.8100,1
42.0572,-102.8000,1
45.5406,-122.9486,1
28.4567,-99.2183,1
40.0972,-92.5433,1
25.9156,-97.4186,1
47.8642,-112.0222,1
41.8722,-112.1489,1
29.5442,-98.4839,1
32.4506,-93.8411,1
37.8892,-121.2258,1
41.4653,-90.5233,1
36.7725,-90.3247,1
43.6039,-116.5753,1
33.1803,-96.5903,1
43.5950,-118.9564,1
59.5119,-139.6711,1
39.7736,-94.9233,1
34.7411,-118.2117,1
33.2208,-92.8142,1
32.3206,-90.0778,1
33.9228,-118.3342,1
36.8781,-91.9025,1
30.1250,-93.2158,1
39.2447,-102.2842,1
34.0561,-117.6003,1
37.5422,-122.0158,1
43.2389,-123.3547,1
44.8889,-116.1017,1
42.8917,-112.4086,1
39.1019,-121.5678,1
41.3325,-122.3328,1
31.5356,-84.1944,1
39.8800,-86.0514,1
44.3814,-106.7211,1
33.4367,-101.6472,1
39.5092,-123.7567,1
43.9042,-92.4917,1
39.2453,-112.1067,1
42.7972,-105.3856,1
41.2731,-111.0306,1
29.5189,-95.2417,1
45.6308,-89.4653,1
40.9167,-81.4333,1
35.9461,-112.1547,1
47.6217,-117.5281,1
33.3800,-104.5419,1
39.1014,-108.7339,1
31.8111,-106.3758,1
37.3592,-121.9239,1
38.7525,-90.3736,1
45.5114,-118.4247,1
38.0700,-102.6881,1
32.8192,-97.3614,1
33.2194,-117.3494,1
40.3161,-78.8339,1
42.2314,-83.3308,1
35.6697,-120.6283,1
41.2544,-80.6739,1
38.1311,-91.7683,1
37.0769,-111.6639,1
43.5667,-116.2406,1
64.5111,-165.4400,1
30.3361,-81.5147,1
28.1011,-80.6439,1
31.7800,-103.2017,1
56.3831,-134.6497,1
30.7053,-104.0233,1
31.9206,-102.3867,1
25.6475,-80.4331,1
38.0264,-107.6725,1
39.9914,-82.8808,1
32.3847,-94.7117,1
43.0428,-112.4133,1
47.3978,-120.2014,1
45.7881,-111.1608,1
27.7411,-98.0247,1
35.8517,-97.4142,1
32.1300,-81.2100,1
64.8039,-147.8761,1
29.3600,-99.1742,1
33.2061,-97.1989,1
38.8500,-94.7392,1
48.3042,-114.2636,1
33.6300,-84.4417,1
38.7042,-93.1833,1
33.9481,-83.3275,1
37.6197,-122.3647,1
38.3775,-121.9575,1
33.6883,-112.0817,1
34.5583,-98.4172,1
32.8667,-117.1333,1
37.2847,-120.5128,1
38.5039,-122.8103,1
45.6906,-118.8528,1
45.6208,-122.6572,1
37.7797,-89.2497,1
34.3478,-85.1611,1
44.9258,-89.6256,1
32.8986,-80.0403,1
32.3478,-104.2225,1
46.4794,-84.3572,1
29.6222,-95.6564,1
37.7333,-105.5119,1
28.0836,-97.0464,1
42.2347,-85.5519,1
37.1997,-108.4892,1
39.2972,-94.7306,1
36.0719,-115.1633,1
45.5908,-122.6003,1
45.4825,-120.7236,1
28.7797,-81.2436,1
40.7781,-111.9694,1
34.1231,-84.8486,1
38.5069,-121.4950,1
42.7267,-114.4564,1
45.2575,-112.5545,1
46.3747,-117.0156,1
39.9061,-84.2186,1
41.9153,-111.9128,1
45.8081,-120.8428,1
46.9728,-123.9303,1
31.1522,-81.3908,1
