29.4717,-95.0833,1
32.1614,-94.3397,1
30.0675,-95.5561,1
30.5347,-94.4456,1
30.5892,-96.3647,1
27.7839,-97.5108,1
30.2503,-94.1786,1
29.6381,-95.2819,1
29.1097,-95.4619,1
33.4669,-82.0386,1
28.6836,-95.9733,1
28.8614,-96.9303,1
30.1831,-97.6800,1
33.3644,-81.9633,1
29.9506,-94.0206,1
30.7439,-95.5861,1
30.3567,-95.4139,1
28.6078,-96.6417,1
29.2733,-94.8592,1
25.9989,-80.2411,1
30.5844,-97.4156,1
33.9486,-81.1186,1
29.5189,-95.2417,1
34.3050,-112.1650,1
29.6222,-95.6564,1
28.0836,-97.0464,1
29.4717,-95.0833,1
32.1614,-94.3397,1
30.0675,-95.5561,1
30.5347,-94.4456,1
30.5892,-96.3647,1
27.7839,-97.5108,1
30.2503,-94.1786,1
29.6381,-95.2819,1
29.1097,-95.4619,1
33.4669,-82.0386,1
28.6836,-95.9733,1
28.8614,-96.9303,1
30.1831,-97.6800,1
33.3644,-81.9633,1
29.9506,-94.0206,1
30.7439,-95.5861,1
30.3567,-95.4139,1
28.6078,-96.6417,1
29.2733,-94.8592,1
25.9989,-80.2411,1
30.5844,-97.4156,1
33.9486,-81.1186,1
29.5189,-95.2417,1
34.3050,-112.1650,1
29.6222,-95.6564,1
28.0836,-97.0464,1
