45.0717,-83.5644,23
47.2078,-119.3192,24
43.6497,-70.3003,42
47.2856,-68.3133,62
41.5333,-71.2833,27
46.6056,-111.9636,43
45.6208,-122.6572,31
44.3981,-98.2231,40
46.9253,-96.8111,53
33.2194,-117.3494,21
43.4075,-94.7461,27
47.2675,-122.5761,19
38.2281,-85.6636,34
36.1300,-105.5300,2
35.7800,-105.5400,2
30.8356,-85.1839,19
70.2117,-151.0017,37
41.1961,-112.0114,25
32.1314,-110.9553,28
33.1281,-117.2794,24
38.8169,-92.2183,28
38.5911,-92.1558,29
21.4500,-157.7833,34
30.0375,-91.8839,42
44.7978,-68.8186,48
21.3239,-157.9294,35
36.6239,-87.4194,33
41.8031,-78.6403,13
39.2447,-102.2842,54
39.1333,-86.6167,41
41.7781,-80.6958,9
32.7817,-98.0603,44
37.6544,-97.4425,40
36.8600,-106.2300,338
39.1258,-123.2008,23
38.9833,-76.4667,15
41.1583,-73.1289,37
35.8922,-78.7819,22
26.1522,-81.7753,42
45.5644,-84.7928,29
42.3075,-85.2511,34
44.0219,-82.7931,28
40.2064,-100.5914,39
42.1094,-77.9919,18
38.6956,-121.5897,49
40.2964,-78.3203,26
30.1831,-97.6800,36
30.0675,-95.5561,38
37.9406,-75.4631,35
36.9033,-76.1922,25
42.6425,-77.0564,10
40.4122,-86.9369,19
33.8117,-78.7239,31
41.4333,-99.6333,31
29.3389,-98.4719,36
40.8289,-115.7886,26
40.5300,-106.7800,5
55.3567,-131.7117,35
43.3497,-76.3847,23
38.2103,-122.2847,55
34.7000,-77.3833,33
57.1553,-170.2222,93
41.3325,-122.3328,19
44.5169,-108.0822,46
41.5092,-74.2650,28
31.3711,-100.4922,40
38.9503,-95.6639,21
32.5722,-116.9794,21
27.6531,-80.2428,44
46.3583,-104.2500,47
64.7767,-141.1483,13
42.9667,-83.7494,31
43.2389,-123.3547,37
34.4272,-100.2831,38
44.3675,-71.5450,22
28.1011,-80.6439,47
40.3000,-111.2600,14
47.9742,-117.4283,13
6.9667,158.2167,15
36.1189,-86.6892,32
36.1625,-97.0894,40
29.9506,-94.0206,47
37.7461,-97.2211,36
40.8600,-102.8031,22
39.3667,-75.0667,34
41.1783,-78.8989,14
37.9917,-122.0550,44
36.1994,-95.8872,34
35.7425,-81.3819,15
31.1522,-81.3908,28
39.1208,-94.5969,21
44.7900,-116.0900,16
33.4669,-82.0386,20
45.5464,-100.4078,47
45.0800,-117.5500,5
42.4819,-114.4869,54
39.9369,-91.1919,34
36.0097,-94.1694,40
30.3208,-97.7603,32
48.4608,-119.5167,34
36.0394,-95.9844,24
42.1928,-89.0931,24
39.4781,-88.2803,46
38.7667,-104.3000,22
24.7258,-81.0517,47
47.7472,-90.3444,25
38.3406,-75.5103,31
61.5961,-149.0917,30
37.1467,-94.5022,33
29.9800,-95.3600,47
41.5944,-109.0528,61
38.8000,-97.6500,25
44.5483,-95.0803,23
32.1300,-81.2100,25
47.3600,-121.5700,4
42.0572,-102.8000,39
43.1406,-89.3453,22
34.8461,-82.3461,35
30.2050,-91.9875,21
30.3975,-84.3289,26
45.6689,-96.9914,39
37.6242,-120.9506,28
39.4203,-83.8217,44
45.8069,-108.5422,44
42.1244,-86.4267,26
30.3361,-81.5147,23
71.2833,-156.7814,45
35.4344,-119.0542,29
42.5844,-110.1075,35
29.6222,-95.6564,43
39.7333,-77.4333,6
38.0494,-103.5122,22
35.1967,-81.1558,13
46.4167,-86.6500,17
33.4964,-90.0867,41
39.2972,-94.7306,29
70.1917,-148.4772,32
33.2061,-97.1989,47
41.0731,-71.9233,23
34.2097,-118.4892,22
42.2228,-83.7444,22
36.9900,-105.2600,4
31.9206,-102.3867,60
34.1853,-79.7239,34
35.6875,-117.6931,33
35.6697,-120.6283,43
36.3333,-119.9500,38
42.8153,-108.7261,26
37.2833,-102.6139,42
33.6800,-117.8664,25
25.6475,-80.4331,62
29.6333,-83.1053,10
7.0833,171.3833,52
42.5544,-92.4011,28
39.8447,-89.6839,41
41.3497,-71.7989,26
42.5519,-71.7558,34
42.9333,-71.4383,40
40.6386,-73.7622,48
36.2967,-99.7689,40
30.7167,-87.0167,38
34.9883,-117.8647,33
44.7694,-106.9689,38
42.7267,-114.4564,46
26.2281,-97.6542,56
46.4047,-94.1308,25
34.9894,-99.0525,37
43.7300,-113.8300,8
7.4500,151.8333,27
40.5175,-122.2986,29
47.3000,-121.6000,8
40.7781,-111.9694,26
29.3600,-99.1742,45
62.1592,-145.4589,42
28.4736,-82.4544,28
44.3744,-70.3164,13
41.2531,-70.0608,57
31.7800,-103.2017,52
36.0719,-115.1633,35
26.6847,-80.0994,61
41.5339,-93.6531,24
40.8731,-81.8867,18
35.2325,-75.6219,37
33.8750,-84.3022,18
42.1594,-76.8919,18
42.7900,-121.9800,4
36.2833,-94.3000,44
33.9481,-83.3275,14
47.3258,-106.9475,42
48.0944,-105.5744,42
40.4422,-109.5144,27
47.4933,-122.2144,23
43.5950,-118.9564,41
38.3775,-121.9575,39
42.2314,-83.3308,22
39.4519,-87.3089,51
37.7214,-122.2208,42
42.7972,-105.3856,40
44.8428,-117.8086,46
39.1894,-103.7158,32
38.9286,-90.4281,35
31.3214,-85.4497,23
32.4833,-80.7167,30
31.1828,-90.4708,29
42.4167,-87.8667,18
37.0911,-95.5664,31
35.5953,-82.5567,9
36.7436,-108.2292,31
42.5842,-70.9175,33
36.7683,-96.0261,28
35.5342,-97.6469,43
39.6092,-110.7547,32
42.3914,-96.3792,25
48.7200,-116.4600,20
39.8683,-75.2311,42
38.8483,-77.0342,27
26.2500,-80.1083,57
37.9272,-100.7247,37
45.0319,-102.0192,45
38.0442,-87.5206,42
35.8550,-77.8931,22
24.5550,-81.7522,76
21.3167,-158.0667,22
45.6478,-68.6925,33
43.5667,-116.2406,35
35.8517,-97.4142,32
26.1839,-98.2539,54
32.6636,-97.0939,37
38.8761,-98.8092,35
38.6892,-75.3592,24
36.6206,-116.0278,29
40.1936,-76.7633,28
44.9258,-89.6256,27
21.9839,-159.3405,38
39.3903,-94.5553,18
34.7675,-114.6189,23
39.9914,-82.8808,23
34.6439,-86.7861,28
36.1900,-105.5600,3
37.7086,-113.0944,26
45.8258,-119.2611,18
40.1764,-80.6472,25
43.5164,-112.0672,70
39.4019,-77.9844,26
59.4556,-135.3239,43
45.7728,-122.8611,37
37.5050,-77.3203,23
42.7611,-87.8136,17
46.7439,-117.1086,15
27.7839,-97.5108,52
30.7406,-98.2353,36
42.3200,-120.8300,8
33.9381,-118.3889,30
43.3500,-73.6167,21
43.9906,-70.9475,23
30.4119,-89.0808,60
34.2622,-88.7714,38
28.7797,-81.2436,32
31.8606,-86.0122,20
36.9261,-111.4478,17
26.0719,-80.1536,70
41.7861,-87.7522,29
42.6003,-123.3642,46
38.7525,-90.3736,44
35.9333,-79.0642,21
31.4000,-93.2833,17
21.1544,-157.0961,42
47.6428,-115.9172,0
41.6267,-73.8842,28
25.7906,-80.3164,66
40.7833,-91.1253,19
33.8117,-118.1464,24
36.6636,-121.6081,40
48.1203,-123.4983,26
39.5936,-84.2264,35
48.7167,-94.6000,51
35.0564,-89.9864,50
41.3714,-73.4828,31
46.3747,-117.0156,24
29.5442,-98.4839,44
41.4914,-120.5644,22
45.7881,-111.1608,30
64.5111,-165.4400,51
35.0761,-89.7430,9
42.4933,-79.2722,22
37.7836,-81.1231,28
44.3592,-89.8369,25
32.2997,-86.4075,20
41.8678,-84.0794,33
44.3800,-116.3400,7
35.0028,-105.6628,51
28.8614,-96.9303,46
39.8250,-86.2958,34
48.1739,-103.6367,46
34.8831,-82.2203,26
42.9486,-78.7369,30
20.8997,-156.4286,48
32.8547,-109.6353,35
31.3089,-86.3939,16
41.9144,-88.2464,27
44.9047,-97.1494,31
36.9500,-76.2833,26
48.8700,-121.7900,0
61.1000,-149.6936,22
39.1667,-76.6833,25
26.5361,-81.7550,41
47.1686,-88.4889,33
32.7336,-117.1831,26
39.1900,-120.2600,32
35.2236,-80.9553,26
34.6294,-118.0836,54
33.4536,-94.0075,43
36.3200,-115.7000,7
40.0228,-82.4625,22
32.3336,-104.2581,32
41.8706,-103.5931,34
36.9358,-121.7886,22
41.8756,-71.0211,21
48.2138,-106.6213,43
38.2900,-104.4983,31
33.8719,-117.9789,19
34.9869,-81.0575,29
37.7797,-89.2497,49
35.6950,-101.3950,27
27.5333,-99.4667,57
39.3100,-111.4300,30
33.9753,-117.6361,34
32.8519,-96.8556,41
45.6906,-118.8528,25
47.9428,-97.1839,47
43.7331,-103.6114,35
43.2781,-70.9222,30
45.2575,-112.5545,37
40.6675,-89.6839,31
60.4889,-145.4511,18
28.5453,-81.3331,36
34.8536,-116.7858,55
43.6264,-72.3047,26
45.1947,-123.1339,22
36.2667,-93.1567,34
39.9181,-76.8742,20
44.1708,-114.9272,24
30.9119,-102.9167,68
35.7700,-105.7800,4
47.4733,-111.3822,27
57.0481,-135.3647,15
33.7792,-84.5214,13
43.7600,-115.2400,16
19.7192,-155.0531,26
31.5356,-84.1944,13
39.4300,-120.3100,6
38.1417,-76.4292,18
45.5908,-122.6003,34
41.4525,-87.0058,31
39.1019,-121.5678,43
66.0689,-162.7639,64
46.9733,-122.9033,16
40.2383,-75.5572,23
29.1097,-95.4619,47
34.3622,-98.9761,38
32.8167,-115.6833,32
60.5797,-151.2392,31
30.4000,-81.4167,35
38.9597,-94.3714,19
36.5100,-106.3200,248
26.5850,-81.8614,38
38.5039,-122.8103,26
47.6217,-117.5281,22
64.5500,-149.0717,9
29.5622,-91.5256,23
39.7736,-94.9233,22
34.1231,-84.8486,8
33.9519,-117.4386,28
38.1386,-78.4530,18
32.8978,-97.0189,52
47.0492,-109.4578,31
35.8311,-90.6464,52
18.4325,-66.0108,52
33.3644,-81.9633,25
57.7511,-152.4856,28
40.0397,-88.2778,45
40.4719,-81.4236,17
26.1969,-80.1708,67
34.7917,-79.3661,24
37.2839,-98.5528,28
42.3811,-122.8722,22
41.7636,-96.1778,26
44.2558,-121.1392,26
35.0678,-77.0481,26
42.2333,-83.5333,28
42.5708,-77.7133,22
39.2956,-80.2289,20
37.0683,-88.7719,34
43.9636,-69.7117,14
33.1783,-86.7817,11
42.4272,-73.2892,29
32.5500,-88.5667,23
45.9647,-112.5006,33
32.4106,-99.6822,64
39.9444,-81.8922,21
42.4100,-121.6800,4
47.4444,-122.3139,26
31.0425,-86.3117,17
38.1847,-84.9033,42
39.2775,-120.7103,21
35.2100,-99.1200,46
40.0803,-95.5919,15
31.5883,-110.3442,29
43.9844,-88.5569,26
30.4636,-88.5319,39
28.0622,-81.7542,41
32.8158,-117.1394,22
41.6764,-70.9583,33
32.5428,-93.7450,57
44.0433,-103.0536,48
45.5114,-118.4247,6
34.3478,-85.1611,10
60.7850,-161.8292,30
41.9381,-72.6825,33
41.3275,-72.0494,26
36.0300,-106.8100,5
40.7939,-73.1017,43
39.7556,-82.6572,20
44.9050,-123.0011,29
41.4653,-90.5233,21
30.1250,-93.2158,23
31.4156,-87.0442,21
27.5000,-97.8167,50
38.3650,-82.5550,26
31.1500,-92.9667,10
36.5728,-79.3361,26
39.8328,-104.6575,46
42.8939,-85.5447,41
34.7500,-111.4100,536
30.3433,-89.8222,37
39.5703,-104.8489,35
41.3461,-82.1794,19
37.4389,-105.8614,28
47.3078,-119.5153,37
37.3711,-118.3581,31
37.1431,-107.7597,19
41.9856,-97.4353,30
40.1550,-103.1417,36
39.5514,-97.6508,18
36.8781,-91.9025,39
32.3500,-91.0278,34
30.7439,-95.5861,20
40.1100,-87.9567,13
40.8508,-96.7475,22
27.7628,-82.6261,51
40.9656,-105.2186,54
28.9844,-95.3808,45
40.0972,-92.5433,13
44.8889,-116.1017,27
34.0500,-94.4008,30
44.6381,-90.1875,29
43.1711,-86.2367,43
17.7028,-64.8056,72
33.2208,-92.8142,36
36.6950,-76.1356,13
44.5444,-110.4211,13
39.1342,-108.5400,41
47.0339,-120.5303,36
32.7000,-117.2000,30
40.8300,-111.7600,14
40.9167,-81.4333,23
34.6525,-86.9453,35
40.0781,-83.0781,31
40.9611,-98.3136,26
44.3814,-106.7211,49
33.1803,-96.5903,47
41.0669,-73.7075,40
33.4278,-112.0039,35
30.5372,-91.1469,31
40.8203,-82.5178,30
38.8317,-94.8897,22
48.6033,-112.3753,43
47.3864,-92.8389,30
46.7708,-100.7603,36
39.8233,-93.5792,5
33.4050,-118.4158,14
60.7850,-148.8389,23
42.6650,-83.4181,29
43.1167,-77.6767,20
34.0511,-118.2353,6
34.8364,-92.2619,38
67.7317,-164.5483,66
45.6983,-110.4408,27
35.9508,-85.0814,19
30.3489,-85.7881,34
35.9200,-106.3900,2
34.0561,-117.6003,33
36.7200,-106.2600,4
42.0800,-80.1825,25
42.8914,-73.2469,25
40.2172,-76.8514,26
44.2667,-71.2994,182
43.1561,-90.6775,11
59.5119,-139.6711,21
45.8619,-96.5650,31
41.8161,-80.4250,0
38.8983,-119.9947,12
44.4683,-73.1500,30
32.4506,-93.8411,51
28.0836,-97.0464,59
-14.3306,-170.7136,85
38.0408,-84.6058,45
34.1167,-119.1167,25
36.7414,-104.5022,26
34.7442,-87.5997,31
34.7336,-76.6606,52
40.8217,-72.8689,37
38.7642,-87.6056,53
43.7700,-88.4864,27
34.2719,-83.8303,29
42.7172,-71.1239,29
37.9050,-93.3169,54
37.1319,-76.4930,25
36.0167,-102.5500,37
31.3500,-85.6667,23
32.3206,-90.0778,37
31.3072,-95.4508,22
43.1644,-95.2017,22
38.3000,-76.4167,28
42.6958,-73.1708,17
58.3567,-134.5639,14
32.2622,-107.7206,32
34.2167,-119.0833,22
43.8339,-111.8045,55
35.0169,-80.6206,34
30.7797,-86.5225,27
44.5761,-71.1786,22
33.6361,-91.7556,26
61.1781,-149.9664,22
46.1236,-67.7928,29
42.2347,-85.5519,21
38.3794,-81.5900,22
35.5931,-88.9167,36
44.8322,-93.4706,23
40.9781,-124.1086,36
34.1750,-91.9347,43
32.8667,-117.1333,19
39.3669,-101.7000,48
38.0511,-117.0903,51
27.4014,-82.5586,47
37.6703,-95.4842,34
42.4700,-71.2894,31
42.3606,-71.0106,38
9.4833,138.0833,33
39.3644,-84.5247,19
42.1128,-92.9175,23
47.4667,-87.8833,21
35.3331,-94.3625,26
39.7506,-92.5064,18
46.8369,-92.2097,36
43.3436,-72.5178,21
45.5511,-122.4089,17
42.3978,-90.7036,22
41.9922,-93.6217,21
41.7872,-111.8533,10
41.9950,-87.9336,30
45.2486,-122.7686,25
41.5175,-81.6836,28
37.3278,-95.5042,22
47.9078,-122.2803,21
37.8892,-121.2258,31
39.4167,-118.7167,22
31.9433,-102.1889,64
39.4494,-74.5672,41
43.0206,-102.5183,29
38.8500,-94.7392,20
32.3347,-88.7442,23
36.3189,-119.6289,34
38.5714,-90.1572,31
35.2578,-93.0947,28
34.9914,-78.8803,36
41.7219,-71.4325,37
32.6847,-83.6528,9
35.6542,-105.1419,36
29.9933,-90.2511,47
48.5428,-109.7633,38
34.5183,-109.3792,35
37.2353,-93.4003,51
32.7667,-97.4500,51
62.3200,-150.0950,22
59.6419,-151.4908,29
42.1469,-121.7242,35
44.4911,-71.5725,0
36.4486,-103.1539,47
41.0089,-74.7367,11
43.4133,-124.2436,86
37.3208,-79.2067,18
31.8111,-106.3758,33
42.7461,-86.0967,36
36.0236,-84.2375,11
56.6000,-169.5650,103
41.6117,-90.5808,21
26.1658,-97.3458,65
36.9839,-77.0075,13
41.8833,-91.7167,18
45.0619,-93.3508,21
30.6794,-88.2397,51
32.5156,-92.0406,20
41.7361,-72.6506,38
41.6328,-91.5431,15
32.9733,-97.3181,45
40.3667,-75.9667,28
35.2333,-101.7089,38
41.1214,-100.6694,35
38.3083,-75.1239,25
44.3592,-84.6739,33
34.6242,-106.3103,0
39.6014,-116.0056,34
18.3331,-64.9667,61
31.6072,-110.4281,47
34.6081,-79.0592,26
39.0083,-95.2117,20
32.6808,-96.8681,37
35.4319,-82.5375,24
35.3889,-97.6006,45
46.9006,-95.0678,40
47.9375,-124.5550,22
41.7806,-122.4717,46
40.7794,-73.8803,47
39.4900,-121.6183,30
37.7081,-77.4344,22
40.8206,-76.8642,20
42.4092,-83.0100,28
33.8281,-116.5053,36
43.2339,-75.4117,29
46.2667,-119.1167,18
39.1033,-84.4189,30
33.0375,-116.9158,26
37.0872,-84.0769,26
45.4558,-98.4131,41
29.2733,-94.8592,68
18.2550,-65.6408,50
31.4583,-109.6061,35
42.9600,-121.1800,6
37.6542,-122.1150,41
46.7994,-102.7972,44
46.0139,-102.6547,39
34.8822,-95.7831,32
34.5583,-98.4172,30
41.1014,-102.9847,35
41.8056,-107.1997,60
30.4844,-81.7019,19
41.2639,-72.8872,31
41.6875,-69.9933,31
40.6239,-74.6694,22
42.2706,-71.8731,38
42.2667,-84.4667,34
44.3814,-100.2856,39
42.0647,-104.1528,36
48.7939,-122.5372,16
39.2953,-114.8467,34
43.3906,-99.8422,50
61.2169,-149.8550,24
46.0947,-118.2869,37
41.0467,-78.4117,14
35.6169,-106.0889,43
41.2544,-80.6739,17
46.8706,-68.0172,42
44.0206,-117.0128,47
55.2208,-162.7325,76
30.0494,-90.0289,53
42.1208,-87.9047,23
33.9486,-81.1186,44
44.3853,-74.2067,17
40.0489,-107.8853,28
40.4847,-80.2144,21
31.6189,-97.2283,51
40.6825,-74.1694,45
39.3756,-99.8297,26
36.7900,-105.2400,0
34.6719,-82.8864,32
39.3792,-74.4242,34
31.5358,-82.5067,10
39.2231,-106.8683,31
19.7356,-156.0489,26
44.3206,-69.7972,44
38.6572,-90.6558,26
34.7272,-92.2389,39
33.5872,-85.8556,10
44.9358,-74.8458,26
46.9258,-98.6692,44
36.7725,-90.3247,40
45.6308,-89.4653,25
30.7044,-87.0231,35
39.4839,-119.7711,31
40.4953,-107.5211,16
41.5097,-72.8278,20
64.3267,-158.7417,17
39.5781,-85.8033,51
37.2622,-104.3378,40
36.1336,-80.2222,19
30.4000,-86.4717,47
66.9161,-151.5089,21
41.5886,-83.8014,30
29.1828,-81.0483,21
41.0375,-81.4642,17
34.2900,-93.0600,34
43.9658,-107.9508,27
37.6928,-121.8144,41
42.7431,-73.8092,21
40.9706,-85.2064,35
35.2578,-113.9331,45
42.8050,-72.0036,21
41.1519,-104.8061,38
44.8831,-93.2289,32
46.2400,-117.3900,15
47.8344,-120.0006,45
39.0431,-84.6717,36
35.7047,-101.5492,9
35.4111,-80.5833,13
27.9619,-82.5403,39
38.1811,-85.7392,48
45.5406,-122.9486,26
44.8664,-91.4878,21
31.3928,-92.2956,17
41.3119,-105.6747,33
35.5144,-108.7939,28
35.0281,-110.7208,31
40.3300,-75.1225,19
41.9097,-70.7294,30
36.3689,-92.4703,34
40.6508,-75.4492,28
43.0661,-108.4767,36
64.8039,-147.8761,10
28.4339,-81.3250,35
33.4617,-80.8581,36
40.7083,-84.0267,28
38.9408,-77.4636,21
30.4781,-87.1869,55
44.6500,-73.4667,26
39.2900,-117.1100,7
46.4267,-105.8825,53
41.2731,-111.0306,40
32.8192,-97.3614,52
42.5950,-87.9381,26
37.2958,-81.2078,29
29.6381,-95.2819,33
42.5417,-113.7661,47
39.5264,-107.7264,20
36.0969,-79.9433,29
41.1389,-75.3794,36
32.7800,-79.9319,28
33.2119,-87.6161,23
36.0700,-105.6300,4
45.6044,-103.5464,61
38.5069,-121.4950,42
38.5000,-77.3000,19
38.7550,-109.7542,26
47.3978,-120.2014,32
35.6575,-109.0614,21
40.6331,-93.9019,16
48.5222,-123.0231,17
40.8436,-72.6322,37
30.5844,-97.4156,22
30.2333,-81.6667,32
40.6161,-83.0636,33
35.6567,-95.3614,29
47.6497,-120.0800,9
32.6261,-116.4681,32
47.6458,-101.4394,38
40.7342,-73.4169,40
41.7419,-72.1836,23
42.7803,-84.5789,32
37.7608,-99.9683,33
41.3336,-75.7269,29
41.4131,-81.8600,21
45.4353,-67.7214,18
43.1544,-93.3269,23
33.6883,-112.0817,21
39.3450,-81.4392,13
30.5108,-99.7664,46
36.4731,-82.4044,19
66.8667,-162.6333,60
27.4981,-80.3767,46
44.0511,-101.6011,26
32.8342,-115.5786,34
36.2606,-76.1750,30
48.3042,-114.2636,16
46.5486,-90.9189,15
42.9203,-112.5711,63
39.4206,-79.0050,72
40.8097,-124.1603,22
40.1203,-76.2944,34
33.6542,-101.8136,45
34.7436,-118.7242,55
40.3161,-78.8339,35
32.3542,-95.4025,52
31.8311,-104.8089,91
42.9550,-87.9044,20
43.7667,-98.0333,40
39.1353,-96.6778,13
45.6194,-121.1661,41
42.8783,-100.5500,39
43.2119,-90.1814,18
44.7408,-85.5825,20
33.6267,-116.1594,29
37.3592,-121.9239,26
41.7700,-88.4814,31
38.4167,-113.0167,30
44.2033,-72.5794,26
39.6728,-75.6008,39
39.3600,-106.0600,7
27.9106,-82.6875,41
38.0700,-102.6881,25
36.2117,-115.1958,30
46.9208,-114.0925,32
39.8000,-106.0300,368
41.4000,-107.2600,6
31.2819,-89.2531,17
25.9069,-80.2803,61
33.6186,-114.7142,62
46.9728,-123.9303,28
36.0000,-106.8300,2
37.2253,-89.5706,48
32.3367,-90.2214,34
43.8000,-114.8500,7
32.0311,-96.3989,47
46.1442,-115.5964,9
30.3567,-95.4139,37
25.9989,-80.2411,59
34.7411,-118.2117,54
47.5303,-122.3008,18
41.3375,-84.4289,25
41.5272,-85.7922,34
58.6794,-156.6294,28
40.6044,-98.4272,21
15.1167,145.7167,35
27.7411,-98.0247,43
39.7075,-86.2803,51
38.5050,-107.8975,32
34.8994,-120.4486,28
33.3633,-84.5658,9
59.7494,-154.9089,18
62.9575,-155.6103,14
38.8853,-79.8528,13
34.2008,-119.2069,27
40.8250,-92.8925,45
28.4567,-99.2183,60
33.5656,-86.7450,20
39.2292,-106.3169,33
33.6300,-84.4417,19
30.6264,-88.0681,55
31.3558,-85.7511,16
47.8306,-110.6608,9
41.3931,-70.6150,48
39.7194,-76.8028,36
48.5614,-93.3981,23
33.2367,-107.2681,43
48.3500,-122.6667,26
59.4433,-151.7017,13
45.8183,-88.1144,19
26.9172,-81.9914,43
45.8678,-95.3942,33
29.3331,-89.4075,40
43.1111,-76.1039,24
37.6197,-122.3647,38
42.1578,-72.7161,26
39.7750,-105.1169,0
43.9042,-92.4917,26
37.3031,-108.6275,19
37.7064,-112.1456,30
44.5228,-114.2150,28
35.2372,-120.6414,21
33.6228,-111.9106,15
38.4000,-119.5400,10
41.6686,-70.2800,46
36.7367,-97.1019,35
29.6919,-82.2756,22
40.0681,-118.5692,33
37.4058,-122.0481,30
24.5833,-81.6833,77
39.0725,-95.6261,22
40.2769,-74.8158,29
34.4258,-119.8425,27
41.6264,-80.2150,9
42.5906,-117.8644,27
42.8975,-106.4636,40
38.8100,-104.6883,32
41.7803,-124.2367,71
37.1681,-97.0369,38
46.6461,-119.9061,22
35.0311,-85.2014,16
36.9647,-86.4239,36
31.2361,-94.7544,38
45.0133,-84.7014,33
59.2433,-135.5094,41
44.1278,-123.2206,42
38.0653,-97.8606,35
38.1311,-91.7683,43
29.7036,-98.0281,35
43.7600,-116.1000,12
39.6428,-79.9164,17
39.7053,-105.6997,0
38.3306,-96.1897,30
46.5683,-120.5428,27
32.3847,-94.7117,42
32.5161,-84.9422,13
63.9944,-145.7214,18
33.9228,-118.3342,27
36.8167,-76.0333,30
32.6500,-114.6167,48
32.8986,-80.0403,39
27.6833,-97.2833,59
44.9319,-93.0556,22
40.2342,-85.3936,37
37.5908,-83.3131,7
41.6236,-98.9517,28
46.4794,-84.3572,24
34.2675,-77.8997,36
43.8789,-91.2528,30
36.1306,-80.5481,0
36.2500,-115.6300,11
43.7694,-87.8506,21
44.2100,-110.6700,25
29.5189,-95.2417,40
36.3100,-115.6800,1
43.5331,-84.0797,32
31.3347,-92.5586,31
40.5100,-101.6200,43
41.3103,-95.8992,24
48.2553,-101.2733,43
39.9061,-84.2186,41
36.9878,-120.1106,33
39.8344,-88.8656,43
34.2006,-118.3575,20
45.5433,-94.0514,25
31.8456,-86.6108,13
35.1822,-103.6031,34
43.1072,-78.9453,26
43.9922,-76.0217,23
7.3333,134.4833,12
13.4836,144.7961,45
29.3783,-100.9269,52
34.0158,-118.4514,24
34.9000,-76.8833,22
34.6517,-112.4208,38
40.7789,-73.9692,24
35.0419,-106.6156,36
28.8208,-81.8097,30
42.1997,-75.9850,29
41.5631,-83.4764,26
36.7800,-119.7194,40
34.2486,-82.1592,35
42.1908,-71.1736,19
31.4208,-110.8458,21
40.8764,-74.2831,22
40.9017,-117.8081,35
37.3169,-79.9742,34
62.9614,-141.9292,20
41.2003,-74.6231,14
40.0819,-75.0111,38
33.9786,-98.4928,40
25.9156,-97.4186,57
40.1519,-122.2536,31
30.7825,-83.2767,10
33.4825,-90.9853,43
41.0136,-83.6686,25
42.5700,-72.2911,34
44.3394,-105.5419,44
32.7100,-96.2672,46
30.5069,-86.9597,40
34.4978,-82.7097,37
44.4983,-88.1111,24
28.7247,-96.2536,69
55.0389,-131.5786,21
30.0481,-102.2131,43
41.7072,-86.3164,34
45.4622,-69.5953,34
43.0303,-78.1692,27
34.5467,-93.5781,24
35.9461,-112.1547,19
38.7042,-93.1833,29
55.5800,-133.0750,21
38.6644,-94.8900,13
37.2847,-120.5128,28
29.7333,-85.0333,32
41.1078,-92.4467,10
43.1953,-71.5011,42
36.6817,-101.5053,41
40.8500,-74.0614,35
31.9514,-85.1289,11
39.7078,-77.7297,24
41.2433,-76.9217,18
35.8181,-83.9858,22
35.9403,-89.8308,53
35.1442,-111.6664,15
47.6831,-117.3214,17
46.1569,-123.8825,44
36.5881,-121.8453,28
47.2381,-123.1408,36
36.9600,-106.6600,6
30.5892,-96.3647,44
43.5878,-96.7289,30
33.3075,-104.5083,29
42.8375,-103.0953,23
40.3547,-79.9217,29
39.9492,-74.8417,27
61.1689,-150.0278,21
44.5344,-72.6144,22
60.1283,-149.4167,42
47.4569,-115.6450,19
33.9706,-80.9958,33
