34.9142,-98.2922,278
35.0708,-96.3561,317
45.5900,-95.8744,283
38.5350,-121.7761,361
35.6528,-96.8042,300
35.6872,-90.0964,339
35.8542,-97.9544,283
35.1131,-89.2122,372
40.4719,-74.4364,300
43.2828,-123.3536,239
40.8142,-85.1547,267
33.3867,-97.7164,322
36.1903,-99.0403,256
36.0719,-99.9031,267
44.6342,-123.1900,267
36.7256,-99.1422,267
36.4231,-99.4167,267
34.1864,-90.5572,356
34.8358,-99.4239,272
46.7281,-116.9558,239
35.2358,-97.4647,289
32.8472,-97.4761,333
31.0383,-85.8708,356
34.7675,-106.7611,350
39.8058,-90.8236,267
34.2281,-97.2014,300
35.7197,-86.9653,261
34.9897,-99.0528,267
36.1056,-82.8436,278
35.2050,-99.8033,267
34.7281,-90.3683,361
34.9819,-97.5208,294
34.1925,-86.7972,294
44.0708,-93.5264,244
40.7928,-87.7556,211
36.3842,-98.1114,256
34.1647,-88.7239,267
34.7392,-90.7664,333
37.3822,-102.2986,189
41.1453,-85.4897,228
39.3669,-101.7000,189
32.2061,-90.5133,272
34.6856,-99.8333,267
35.1489,-98.4658,278
36.8314,-99.6411,278
36.1472,-97.2858,278
35.1867,-102.0797,222
40.2539,-85.1483,311
45.4825,-120.7236,272
34.1936,-97.5881,306
31.2353,-88.9186,244
32.4219,-93.6381,294
35.1714,-96.6311,317
40.0739,-87.5067,278
44.9847,-93.1772,256
35.8989,-98.9603,256
36.3444,-88.8636,272
40.7833,-81.9167,256
36.1208,-97.0953,283
33.8103,-91.2778,261
34.5872,-99.3381,278
35.2006,-103.6867,239
36.7481,-98.3628,272
34.3325,-96.6789,311
36.1167,-97.6067,283
33.7092,-93.5564,356
35.3647,-96.9481,294
35.4017,-99.0583,261
35.6214,-88.8456,300
33.9208,-96.3203,322
34.9678,-97.9519,289
35.9986,-97.0481,289
35.9328,-88.7267,350
34.4397,-99.1375,278
41.4439,-86.9294,228
34.8083,-98.0233,278
36.0147,-85.1314,250
38.4931,-88.9703,250
35.8819,-83.9572,344
33.4692,-88.7822,311
42.1397,-87.7853,183
35.2722,-97.9553,272
33.2422,-103.3611,294
39.4833,-83.8500,256
36.7925,-97.7458,261
36.4711,-86.8414,306
35.5419,-97.3414,294
31.8769,-105.2369,372
63.9647,-145.1050,67
40.4750,-86.9919,294
36.0908,-106.0567,233
36.6897,-108.3086,278
36.3558,-97.1531,267
30.5467,-87.8808,306
34.5989,-103.2161,272
36.7542,-97.2544,256
44.2394,-95.3153,244
35.8417,-98.5261,267
33.4311,-90.9108,317
35.5461,-99.7278,261
35.8489,-97.4797,283
34.7292,-98.5694,278
39.4708,-87.4081,300
34.0356,-96.9433,322
45.6750,-111.1550,228
31.4269,-94.8942,244
34.6089,-96.3331,311
47.0575,-109.9514,283
40.9361,-90.7197,256
36.0286,-99.3464,256
35.5483,-98.0364,244
36.9869,-99.0108,278
36.5994,-89.9894,289
39.3925,-101.0689,233
36.2633,-98.4975,272
35.4842,-98.4814,267
41.8161,-80.4250,217
34.1922,-97.0858,306
34.7156,-97.2292,306
40.1100,-87.9567,267
34.1678,-97.9883,311
34.3997,-98.3458,278
35.1297,-89.8036,350
35.5914,-99.2706,261
34.1381,-88.9983,289
44.8831,-85.6753,228
31.3706,-100.4942,306
34.2392,-98.7444,283
32.8986,-80.0403,278
29.6211,-96.3661,350
34.5519,-96.7178,306
35.5083,-98.7750,267
35.4139,-86.8086,244
38.9422,-92.3200,272
35.0322,-97.9144,306
34.5658,-96.9503,322
32.4714,-87.2314,283
32.0997,-91.7022,289
34.5289,-97.7647,306
42.0208,-93.7742,211
36.8981,-96.9103,256
34.8494,-97.0031,300
34.6892,-86.8819,272
41.0267,-86.5867,272
33.8936,-97.2692,322
38.7386,-87.4878,317
36.3925,-89.0317,333
36.4119,-97.6939,272
34.7986,-96.6692,300
36.0642,-97.2128,278
34.3086,-95.9969,333
39.7194,-76.8028,300
36.7081,-98.7094,278
