32.5667,-117.1167,42
36.3200,-115.7000,8
40.2342,-85.3936,71
30.0494,-90.0289,58
43.9906,-70.9475,14
45.6194,-121.1661,36
35.2333,-101.7089,26
34.2622,-88.7714,25
32.3367,-90.2214,31
32.6500,-114.6167,45
37.1431,-107.7597,36
37.4389,-105.8614,33
30.0481,-102.2131,36
34.2675,-77.8997,42
45.2486,-122.7686,15
46.7708,-100.7603,43
34.2008,-119.2069,43
35.2372,-120.6414,33
28.8208,-81.8097,34
43.0661,-108.4767,39
60.7850,-161.8292,37
64.7767,-141.1483,4
41.6117,-90.5808,22
37.2253,-89.5706,43
39.4206,-79.0050,22
38.8169,-92.2183,36
27.4981,-80.3767,27
40.4122,-86.9369,51
38.9286,-90.4281,31
34.8822,-95.7831,32
35.0169,-80.6206,32
38.3000,-76.4167,60
36.2117,-115.1958,37
41.3461,-82.1794,30
47.8344,-120.0006,31
40.9781,-124.1086,21
46.7994,-102.7972,48
36.7200,-106.2600,4
37.7461,-97.2211,26
41.7806,-122.4717,33
33.0375,-116.9158,16
42.8153,-108.7261,28
34.9883,-117.8647,60
38.6644,-94.8900,13
32.5722,-116.9794,16
36.0097,-94.1694,18
42.5950,-87.9381,33
43.8000,-114.8500,5
39.6014,-116.0056,34
47.2856,-68.3133,24
34.1750,-91.9347,28
43.0206,-102.5183,16
39.7333,-77.4333,15
44.4683,-73.1500,19
41.8833,-91.7167,21
39.8233,-93.5792,10
46.6461,-119.9061,9
43.5164,-112.0672,26
36.0394,-95.9844,26
29.7333,-85.0333,53
34.4258,-119.8425,27
43.9922,-76.0217,29
41.6764,-70.9583,29
44.1278,-123.2206,28
42.2333,-83.5333,85
31.3214,-85.4497,41
38.3794,-81.5900,39
46.9208,-114.0925,20
36.7414,-104.5022,26
41.2531,-70.0608,49
44.2558,-121.1392,29
41.5272,-85.7922,54
31.3558,-85.7511,26
44.3592,-89.8369,22
37.3278,-95.5042,11
48.8700,-121.7900,2
40.1100,-87.9567,45
41.6264,-80.2150,41
60.1283,-149.4167,17
43.9658,-107.9508,19
42.2667,-84.4667,55
35.1442,-111.6664,26
61.2169,-149.8550,17
40.0397,-88.2778,45
64.5500,-149.0717,17
26.2500,-80.1083,27
36.9839,-77.0075,12
35.5953,-82.5567,13
48.4608,-119.5167,34
40.0681,-118.5692,35
21.4500,-157.7833,35
38.8761,-98.8092,26
30.0675,-95.5561,30
44.3394,-105.5419,30
32.7800,-79.9319,39
41.0089,-74.7367,12
39.7506,-92.5064,18
34.0511,-118.2353,4
37.9272,-100.7247,28
39.3792,-74.4242,73
26.5361,-81.7550,22
39.8447,-89.6839,37
37.2839,-98.5528,20
39.5703,-104.8489,27
64.3267,-158.7417,17
40.4847,-80.2144,47
30.5892,-96.3647,27
43.7600,-116.1000,11
44.7694,-106.9689,13
44.0511,-101.6011,30
40.7789,-73.9692,33
44.5344,-72.6144,15
34.9894,-99.0525,35
35.3889,-97.6006,37
35.4344,-119.0542,30
33.9786,-98.4928,42
39.0725,-95.6261,17
45.8619,-96.5650,22
36.3189,-119.6289,24
35.7700,-105.7800,2
36.5100,-106.3200,226
41.8161,-80.4250,58
40.6825,-74.1694,43
40.0803,-95.5919,17
27.7839,-97.5108,45
41.9097,-70.7294,23
46.7439,-117.1086,16
42.9486,-78.7369,56
37.9917,-122.0550,55
42.6958,-73.1708,25
29.3389,-98.4719,13
42.6425,-77.0564,16
42.7431,-73.8092,20
42.0647,-104.1528,26
28.4339,-81.3250,27
44.3814,-100.2856,31
41.1519,-104.8061,36
42.3200,-120.8300,13
44.3853,-74.2067,13
33.6267,-116.1594,23
37.6542,-122.1150,36
40.4422,-109.5144,25
34.0500,-94.4008,13
41.6686,-70.2800,22
38.3650,-82.5550,38
33.6228,-111.9106,27
41.1583,-73.1289,57
33.6361,-91.7556,18
59.7494,-154.9089,28
39.4519,-87.3089,40
36.7800,-119.7194,30
42.7900,-121.9800,0
40.3000,-111.2600,12
37.0911,-95.5664,25
30.0375,-91.8839,29
42.9550,-87.9044,40
42.1469,-121.7242,22
32.3542,-95.4025,21
39.9369,-91.1919,34
41.4525,-87.0058,42
37.7214,-122.2208,39
42.9667,-83.7494,61
37.2833,-102.6139,36
45.7728,-122.8611,31
40.8764,-74.2831,33
34.6517,-112.4208,36
36.0969,-79.9433,22
33.8117,-78.7239,68
33.1783,-86.7817,22
37.5050,-77.3203,41
45.0717,-83.5644,21
45.6689,-96.9914,35
38.9408,-77.4636,35
42.8939,-85.5447,49
42.5519,-71.7558,18
32.5428,-93.7450,26
41.2639,-72.8872,33
34.2006,-118.3575,18
58.6794,-156.6294,30
62.3200,-150.0950,13
47.5303,-122.3008,19
38.5050,-107.8975,37
45.4558,-98.4131,36
45.5511,-122.4089,15
42.1094,-77.9919,51
41.6328,-91.5431,18
43.7600,-115.2400,13
33.2119,-87.6161,25
46.9253,-96.8111,44
46.1569,-123.8825,28
34.9869,-81.0575,28
40.8436,-72.6322,36
41.0731,-71.9233,25
41.3375,-84.4289,92
39.3669,-101.7000,30
36.3333,-119.9500,37
39.9444,-81.8922,55
33.4050,-118.4158,35
34.6294,-118.0836,51
34.4272,-100.2831,27
31.4208,-110.8458,35
37.3031,-108.6275,24
39.2292,-106.3169,27
44.5483,-95.0803,23
29.7036,-98.0281,24
43.7300,-113.8300,8
33.8750,-84.3022,36
40.8217,-72.8689,21
42.5544,-92.4011,12
36.1189,-86.6892,36
39.1900,-120.2600,27
32.6847,-83.6528,32
42.4092,-83.0100,70
36.6239,-87.4194,38
48.5428,-109.7633,38
32.2622,-107.7206,42
39.7750,-105.1169,0
40.8203,-82.5178,48
44.2667,-71.2994,76
31.3711,-100.4922,26
35.6169,-106.0889,35
30.3208,-97.7603,6
40.0489,-107.8853,19
41.5944,-109.0528,21
35.5931,-88.9167,32
40.5764,-105.0858,13
42.7611,-87.8136,43
41.5631,-83.4764,82
47.4444,-122.3139,39
46.0947,-118.2869,33
39.3450,-81.4392,40
32.3500,-91.0278,18
32.9733,-97.3181,31
27.5333,-99.4667,37
30.7797,-86.5225,30
38.6956,-121.5897,53
48.0944,-105.5744,32
33.9519,-117.4386,17
48.2553,-101.2733,53
41.4333,-99.6333,11
7.0833,171.3833,41
39.7194,-76.8028,58
38.8000,-97.6500,22
71.2833,-156.7814,41
31.3347,-92.5586,29
29.6381,-95.2819,38
45.0133,-84.7014,26
42.7461,-86.0967,28
40.1519,-122.2536,36
33.5656,-86.7450,38
27.9106,-82.6875,30
42.1128,-92.9175,17
37.3711,-118.3581,40
30.4781,-87.1869,40
29.1097,-95.4619,22
40.1203,-76.2944,52
43.4075,-94.7461,20
44.6381,-90.1875,15
30.6794,-88.2397,31
32.7667,-97.4500,31
38.4167,-113.0167,28
46.4167,-86.6500,14
33.9381,-118.3889,34
47.9078,-122.2803,26
40.7794,-73.8803,55
32.7336,-117.1831,34
38.7642,-87.6056,47
45.8183,-88.1144,17
66.9161,-151.5089,20
37.7086,-113.0944,27
40.2064,-100.5914,18
39.3600,-106.0600,9
46.4267,-105.8825,34
35.8922,-78.7819,37
36.0167,-102.5500,31
38.1811,-85.7392,57
26.0719,-80.1536,25
40.6331,-93.9019,24
33.6800,-117.8664,18
41.5333,-71.2833,28
36.2500,-115.6300,13
28.4736,-82.4544,29
17.7028,-64.8056,76
48.5222,-123.0231,22
40.6161,-83.0636,68
38.8853,-79.8528,30
39.4019,-77.9844,29
42.4167,-87.8667,27
29.1828,-81.0483,34
43.1406,-89.3453,22
37.2958,-81.2078,39
32.3336,-104.2581,32
25.7906,-80.3164,17
26.9172,-81.9914,28
32.8342,-115.5786,33
31.9514,-85.1289,19
34.7442,-87.5997,29
33.4669,-82.0386,29
39.1667,-76.6833,42
35.9333,-79.0642,14
45.1947,-123.1339,21
18.3331,-64.9667,66
41.8678,-84.0794,86
44.3675,-71.5450,11
41.1078,-92.4467,23
36.1625,-97.0894,32
47.9375,-124.5550,24
34.6242,-106.3103,0
41.1214,-100.6694,9
24.5550,-81.7522,26
43.7700,-88.4864,21
39.2900,-117.1100,6
46.0261,-91.4442,13
28.8614,-96.9303,33
45.5433,-94.0514,20
28.9844,-95.3808,27
41.5175,-81.6836,39
40.4719,-81.4236,42
24.5833,-81.6833,27
40.6508,-75.4492,48
41.5092,-74.2650,26
32.8519,-96.8556,37
36.8167,-76.0333,36
18.2550,-65.6408,52
38.8100,-104.6883,31
34.1853,-79.7239,42
41.2433,-76.9217,53
25.9069,-80.2803,16
47.0492,-109.4578,30
36.7683,-96.0261,12
31.4156,-87.0442,21
42.3075,-85.2511,41
43.5331,-84.0797,68
36.9878,-120.1106,30
41.1389,-75.3794,68
38.7550,-109.7542,21
40.2383,-75.5572,28
35.5144,-108.7939,49
33.9706,-80.9958,30
34.2167,-119.0833,21
48.2138,-106.6213,33
48.1203,-123.4983,18
35.2236,-80.9553,35
26.1522,-81.7753,27
44.5169,-108.0822,26
38.6572,-90.6558,24
47.9742,-117.4283,14
39.3756,-99.8297,24
38.8983,-119.9947,20
31.9433,-102.1889,47
34.2900,-93.0600,13
32.8167,-115.6833,36
28.0622,-81.7542,26
44.8428,-117.8086,25
39.7556,-82.6572,53
30.4000,-81.4167,43
35.2578,-93.0947,21
18.4325,-66.0108,59
34.6439,-86.7861,30
31.6072,-110.4281,48
37.2622,-104.3378,28
40.2769,-74.8158,49
36.8600,-106.2300,350
42.0800,-80.1825,59
63.9944,-145.7214,35
47.3258,-106.9475,27
46.5486,-90.9189,18
55.5800,-133.0750,16
46.8706,-68.0172,17
32.8158,-117.1394,32
47.4933,-122.2144,38
30.1831,-97.6800,17
35.1822,-103.6031,21
40.8289,-115.7886,18
33.3644,-81.9633,43
39.4781,-88.2803,47
21.3167,-158.0667,17
43.3500,-73.6167,16
59.4556,-135.3239,52
30.9119,-102.9167,23
39.1258,-123.2008,41
37.7064,-112.1456,34
44.9047,-97.1494,35
45.5464,-100.4078,42
40.1667,-103.2167,33
43.1711,-86.2367,45
33.7792,-84.5214,27
60.7850,-148.8389,58
31.8606,-86.0122,25
45.0319,-102.0192,50
31.6189,-97.2283,27
35.5342,-97.6469,31
43.8789,-91.2528,19
13.4836,144.7961,49
40.1550,-103.1417,40
47.2675,-122.5761,28
34.8831,-82.2203,34
44.3981,-98.2231,28
31.8311,-104.8089,88
47.6831,-117.3214,14
47.3078,-119.5153,28
39.1333,-86.6167,36
35.8550,-77.8931,30
40.7833,-91.1253,28
35.0028,-105.6628,42
39.9181,-76.8742,47
67.7317,-164.5483,47
39.6428,-79.9164,35
30.6264,-88.0681,22
40.5175,-122.2986,27
36.6206,-116.0278,37
30.3975,-84.3289,29
42.8375,-103.0953,11
28.7247,-96.2536,48
46.0139,-102.6547,34
45.9647,-112.5006,23
46.2400,-117.3900,12
37.2353,-93.4003,25
38.3083,-75.1239,48
42.8914,-73.2469,26
38.0442,-87.5206,35
19.7192,-155.0531,23
30.5069,-86.9597,47
39.7075,-86.2803,70
37.1319,-76.4930,36
39.6728,-75.6008,63
39.7053,-105.6997,0
26.1839,-98.2539,55
44.7408,-85.5825,17
41.7361,-72.6506,32
38.3306,-96.1897,26
48.6033,-112.3753,26
43.4133,-124.2436,33
36.2967,-99.7689,21
34.2719,-83.8303,38
41.8706,-103.5931,21
43.8339,-111.8045,19
39.8344,-88.8656,41
39.8328,-104.6575,36
42.2706,-71.8731,34
37.6928,-121.8144,40
42.1928,-89.0931,33
44.2100,-110.6700,17
37.0683,-88.7719,39
39.5936,-84.2264,52
44.0433,-103.0536,21
41.2003,-74.6231,25
33.4964,-90.0867,14
41.4131,-81.8600,40
37.1467,-94.5022,20
32.6261,-116.4681,24
36.1994,-95.8872,34
47.6428,-115.9172,0
39.1033,-84.4189,43
34.8364,-92.2619,27
57.1553,-170.2222,89
45.0800,-117.5500,6
40.6675,-89.6839,23
46.8369,-92.2097,31
40.1764,-80.6472,56
30.7044,-87.0231,21
37.6544,-97.4425,30
37.7081,-77.4344,24
32.7817,-98.0603,30
44.7900,-116.0900,8
39.4900,-121.6183,37
46.9258,-98.6692,47
31.5358,-82.5067,36
34.9000,-76.8833,30
42.8050,-72.0036,10
41.7219,-71.4325,31
35.0564,-89.9864,32
35.3331,-94.3625,29
41.3931,-70.6150,33
44.4983,-88.1111,22
36.6636,-121.6081,36
39.3667,-75.0667,31
55.0389,-131.5786,15
37.0872,-84.0769,34
34.0158,-118.4514,19
29.9506,-94.0206,47
31.3928,-92.2956,33
41.5097,-72.8278,21
42.5906,-117.8644,27
32.4833,-80.7167,51
41.6875,-69.9933,29
27.6531,-80.2428,32
30.8458,-85.6014,20
43.1544,-93.3269,19
37.6242,-120.9506,31
34.7000,-77.3833,37
38.1386,-78.4530,27
41.9950,-87.9336,40
7.3333,134.4833,37
26.2281,-97.6542,55
29.3783,-100.9269,36
35.9403,-89.8308,40
33.8117,-118.1464,24
38.4000,-119.5400,11
34.4978,-82.7097,41
39.5781,-85.8033,64
46.1442,-115.5964,12
40.5100,-101.6200,18
70.1917,-148.4772,51
44.1708,-114.9272,18
41.3119,-105.6747,38
43.2781,-70.9222,16
42.4819,-114.4869,31
30.3489,-85.7881,36
59.4433,-151.7017,11
32.5156,-92.0406,25
33.2367,-107.2681,26
32.6808,-96.8681,30
30.3433,-89.8222,24
37.7608,-99.9683,23
42.7803,-84.5789,46
32.7100,-96.2672,29
42.5417,-113.7661,8
35.0678,-77.0481,35
38.0494,-103.5122,21
30.8356,-85.1839,36
44.0206,-117.0128,11
38.2900,-104.4983,26
55.3567,-131.7117,33
59.2433,-135.5094,29
41.0375,-81.4642,46
29.9933,-90.2511,45
36.9358,-121.7886,33
39.3644,-84.5247,33
38.5911,-92.1558,21
47.0339,-120.5303,22
45.8258,-119.2611,31
47.4667,-87.8833,17
30.7406,-98.2353,22
31.4583,-109.6061,45
36.7436,-108.2292,41
48.7939,-122.5372,15
38.9597,-94.3714,31
39.5514,-97.6508,21
34.3622,-98.9761,38
61.1000,-149.6936,31
39.2231,-106.8683,31
15.1167,145.7167,47
47.2078,-119.3192,22
40.8097,-124.1603,19
41.6236,-98.9517,17
39.8683,-75.2311,56
38.2281,-85.6636,45
41.1014,-102.9847,22
46.1236,-67.7928,11
40.7083,-84.0267,63
40.8500,-74.0614,35
44.3744,-70.3164,4
38.5000,-77.3000,44
34.8536,-116.7858,64
32.8978,-97.0189,42
39.1894,-103.7158,29
33.1281,-117.2794,17
44.4911,-71.5725,0
31.1500,-92.9667,11
35.4111,-80.5833,13
29.6333,-83.1053,24
47.8306,-110.6608,9
42.9203,-112.5711,22
35.9200,-106.3900,3
43.7694,-87.8506,27
43.6497,-70.3003,21
36.5881,-121.8453,23
30.5108,-99.7664,17
48.7200,-116.4600,17
47.3000,-121.6000,8
31.1828,-90.4708,30
41.7781,-80.6958,51
32.5500,-88.5667,31
34.5467,-93.5781,6
37.6703,-95.4842,27
35.9508,-85.0814,28
35.2578,-113.9331,52
45.6478,-68.6925,12
34.7336,-76.6606,70
28.5453,-81.3331,33
43.1561,-90.6775,9
41.4000,-107.2600,7
26.5850,-81.8614,26
41.7419,-72.1836,19
56.6000,-169.5650,89
38.7667,-104.3000,29
39.3903,-94.5553,13
41.9922,-93.6217,14
43.1111,-76.1039,45
35.7425,-81.3819,21
34.7436,-118.7242,50
33.3075,-104.5083,30
34.8994,-120.4486,24
42.6003,-123.3642,19
33.8281,-116.5053,17
48.7167,-94.6000,31
41.5339,-93.6531,20
42.3811,-122.8722,20
40.4953,-107.5211,18
47.4733,-111.3822,25
39.4839,-119.7711,26
46.9733,-122.9033,30
38.5714,-90.1572,37
47.3864,-92.8389,19
45.8678,-95.3942,32
42.2228,-83.7444,72
42.1244,-86.4267,25
37.3208,-79.2067,27
41.9856,-97.4353,19
39.2775,-120.7103,22
46.5683,-120.5428,34
43.9636,-69.7117,12
35.6575,-109.0614,26
43.3906,-99.8422,30
35.1350,-90.2344,30
35.4319,-82.5375,22
30.7439,-95.5861,26
36.1900,-105.5600,5
39.0083,-95.2117,19
34.7675,-114.6189,45
39.8250,-86.2958,62
44.6500,-73.4667,14
55.2208,-162.7325,72
34.2097,-118.4892,19
41.4914,-120.5644,24
30.3567,-95.4139,30
33.4617,-80.8581,47
44.8831,-93.2289,23
47.9428,-97.1839,38
38.8317,-94.8897,30
38.8483,-77.0342,47
31.2819,-89.2531,25
43.6264,-72.3047,11
34.6719,-82.8864,31
44.9050,-123.0011,22
32.5161,-84.9422,34
41.3714,-73.4828,31
36.9647,-86.4239,30
58.3567,-134.5639,14
29.6919,-82.2756,35
39.1208,-94.5969,24
26.1658,-97.3458,54
38.0408,-84.6058,47
36.9261,-111.4478,20
29.2733,-94.8592,52
39.5264,-107.7264,24
35.8311,-90.6464,31
41.9144,-88.2464,42
41.8756,-71.0211,18
46.4047,-94.1308,30
42.3978,-90.7036,26
-14.3306,-170.7136,79
33.3000,-117.3500,13
27.4014,-82.5586,38
37.5908,-83.3131,16
34.1167,-119.1167,28
35.2100,-99.1200,31
33.4825,-90.9853,31
35.6567,-95.3614,35
44.8322,-93.4706,19
34.9914,-78.8803,33
35.2325,-75.6219,74
45.5644,-84.7928,18
61.1689,-150.0278,32
47.7472,-90.3444,16
29.9800,-95.3600,27
32.2997,-86.4075,28
34.7272,-92.2389,28
42.6650,-83.4181,69
36.2833,-94.3000,34
39.1342,-108.5400,35
33.5872,-85.8556,35
40.8300,-111.7600,13
30.4844,-81.7019,42
38.1847,-84.9033,42
43.2119,-90.1814,21
29.5622,-91.5256,31
40.9017,-117.8081,41
40.8250,-92.8925,0
33.8719,-117.9789,15
47.1686,-88.4889,18
40.0819,-75.0111,54
41.5886,-83.8014,82
36.0300,-106.8100,6
43.3497,-76.3847,20
40.8731,-81.8867,47
39.0431,-84.6717,57
25.9989,-80.2411,19
36.0700,-105.6300,3
36.7367,-97.1019,28
31.3500,-85.6667,20
39.4203,-83.8217,61
41.8056,-107.1997,22
38.0511,-117.0903,43
43.1167,-77.6767,49
34.7917,-79.3661,30
42.8975,-106.4636,23
48.5614,-93.3981,14
35.7047,-101.5492,0
32.1314,-110.9553,38
7.4500,151.8333,20
26.1969,-80.1708,22
36.6817,-101.5053,26
34.8461,-82.3461,37
45.6983,-110.4408,33
36.0236,-84.2375,20
41.7072,-86.3164,55
44.5761,-71.1786,21
30.7825,-83.2767,18
27.7628,-82.6261,36
33.6542,-101.8136,37
37.1681,-97.0369,32
40.1606,-113.3508,86
43.1953,-71.5011,19
30.2050,-91.9875,35
26.6847,-80.0994,30
31.0425,-86.3117,17
30.5372,-91.1469,40
43.1644,-95.2017,17
6.9667,158.2167,19
62.9614,-141.9292,18
42.3914,-96.3792,17
57.0481,-135.3647,15
42.9333,-71.4383,28
46.3583,-104.2500,44
45.8069,-108.5422,30
39.9492,-74.8417,25
41.7803,-124.2367,38
33.4536,-94.0075,17
47.6458,-101.4394,48
45.6044,-103.5464,47
30.5844,-97.4156,27
42.5700,-72.2911,15
60.4889,-145.4511,28
35.0281,-110.7208,49
20.8997,-156.4286,54
45.4622,-69.5953,14
40.9706,-85.2064,92
32.6636,-97.0939,35
33.9486,-81.1186,36
31.2361,-94.7544,22
42.4933,-79.2722,48
40.0781,-83.0781,64
40.1936,-76.7633,53
44.3592,-84.6739,43
31.3072,-95.4508,18
62.1592,-145.4589,57
66.8667,-162.6333,0
36.2667,-93.1567,24
57.7511,-152.4856,35
30.3503,-81.8831,28
40.9656,-105.2186,18
32.3347,-88.7442,26
42.5844,-110.1075,21
60.5797,-151.2392,32
46.2667,-119.1167,19
39.4167,-118.7167,33
42.4700,-71.2894,25
38.2103,-122.2847,61
33.9753,-117.6361,25
44.5228,-114.2150,17
37.4058,-122.0481,36
32.0311,-96.3989,21
40.6386,-73.7622,53
39.1353,-96.6778,9
62.9575,-155.6103,24
33.3633,-84.5658,21
41.6267,-73.8842,15
35.6875,-117.6931,40
34.5183,-109.3792,44
41.1783,-78.8989,55
46.6056,-111.9636,24
37.3169,-79.9742,33
42.0572,-102.8000,18
45.5406,-122.9486,16
38.6892,-75.3592,43
32.4106,-99.6822,33
28.4567,-99.2183,27
40.0972,-92.5433,20
41.3103,-95.8992,15
42.1208,-87.9047,33
38.9833,-76.4667,61
47.4569,-115.6450,16
34.6081,-79.0592,31
25.9156,-97.4186,55
42.8783,-100.5500,28
41.7700,-88.4814,38
38.9503,-95.6639,24
36.2606,-76.1750,48
32.8547,-109.6353,44
27.9619,-82.5403,38
36.9600,-106.6600,6
36.9500,-76.2833,31
36.1306,-80.5481,0
29.5442,-98.4839,26
32.4506,-93.8411,31
31.5883,-110.3442,34
21.3239,-157.9294,37
37.8892,-121.2258,35
41.4653,-90.5233,17
36.7900,-105.2400,1
40.7342,-73.4169,42
41.9381,-72.6825,25
36.7725,-90.3247,34
33.1803,-96.5903,31
43.5950,-118.9564,32
59.5119,-139.6711,30
39.7736,-94.9233,19
40.8600,-102.8031,13
33.4278,-112.0039,40
45.0619,-93.3508,20
34.7411,-118.2117,63
33.2208,-92.8142,16
32.3206,-90.0778,26
40.8206,-76.8642,27
33.9228,-118.3342,24
36.8781,-91.9025,30
30.1250,-93.2158,29
39.2447,-102.2842,34
34.0561,-117.6003,21
19.7356,-156.0489,31
45.4353,-67.7214,9
43.2389,-123.3547,20
29.3331,-89.4075,54
35.6950,-101.3950,21
47.3600,-121.5700,3
44.8889,-116.1017,12
42.1594,-76.8919,30
39.1019,-121.5678,43
41.3325,-122.3328,3
31.5356,-84.1944,32
42.7172,-71.1239,19
34.7500,-111.4100,536
40.0228,-82.4625,51
44.3814,-106.7211,23
43.9042,-92.4917,22
42.1908,-71.1736,18
44.2033,-72.5794,20
39.4300,-120.3100,6
42.7972,-105.3856,16
36.0000,-106.8300,3
66.0689,-162.7639,30
41.2731,-111.0306,23
29.5189,-95.2417,25
39.7078,-77.7297,48
45.6308,-89.4653,13
40.9167,-81.4333,62
35.9461,-112.1547,24
38.3406,-75.5103,38
47.6217,-117.5281,18
31.8111,-106.3758,39
41.3275,-72.0494,42
41.0669,-73.7075,31
41.7872,-111.8533,14
21.1544,-157.0961,43
47.2381,-123.1408,19
37.3592,-121.9239,38
38.7525,-90.3736,34
45.5114,-118.4247,4
42.4272,-73.2892,26
38.0700,-102.6881,22
43.9844,-88.5569,22
34.6525,-86.9453,34
32.8192,-97.3614,35
33.2194,-117.3494,19
40.5300,-106.7800,5
44.9319,-93.0556,21
40.3161,-78.8339,39
42.2314,-83.3308,78
35.6697,-120.6283,38
41.2544,-80.6739,47
38.1311,-91.7683,31
61.5961,-149.0917,63
38.0653,-97.8606,26
43.5667,-116.2406,24
64.5111,-165.4400,57
30.3361,-81.5147,41
35.0419,-106.6156,61
21.9839,-159.3405,49
41.0467,-78.4117,37
36.3100,-115.6800,1
40.6044,-98.4272,20
41.3336,-75.7269,26
42.5708,-77.7133,35
61.1781,-149.9664,24
32.7000,-117.2000,53
37.7836,-81.1231,49
28.1011,-80.6439,33
31.7800,-103.2017,35
39.8000,-106.0300,368
31.9206,-102.3867,46
25.6475,-80.4331,17
42.1997,-75.9850,61
39.9914,-82.8808,62
42.1578,-72.7161,16
32.3847,-94.7117,23
36.9900,-105.2600,3
36.9033,-76.1922,34
33.6186,-114.7142,44
40.3667,-75.9667,35
47.3978,-120.2014,27
45.7881,-111.1608,22
27.7411,-98.0247,35
35.8517,-97.4142,24
32.1300,-81.2100,41
64.8039,-147.8761,17
40.3547,-79.9217,44
35.1967,-81.1558,17
35.0761,-89.7430,0
29.3600,-99.1742,24
36.4486,-103.1539,31
36.1300,-105.5300,4
27.5000,-97.8167,43
33.2061,-97.1989,35
43.7331,-103.6114,21
30.7167,-87.0167,34
38.8500,-94.7392,23
41.1961,-112.0114,31
40.3300,-75.1225,14
30.2333,-81.6667,51
41.3497,-71.7989,31
41.7861,-87.7522,43
44.7978,-68.8186,26
40.2172,-76.8514,55
27.6833,-97.2833,58
48.3042,-114.2636,17
33.6300,-84.4417,31
42.5842,-70.9175,30
30.4119,-89.0808,23
43.3436,-72.5178,12
44.0219,-82.7931,78
44.3206,-69.7972,26
36.4731,-82.4044,30
48.3500,-122.6667,22
40.2964,-78.3203,32
38.7042,-93.1833,26
33.9481,-83.3275,19
9.4833,138.0833,18
37.6197,-122.3647,34
70.2117,-151.0017,35
38.3775,-121.9575,35
33.6883,-112.0817,34
30.4000,-86.4717,36
34.5583,-98.4172,26
32.8667,-117.1333,30
36.5728,-79.3361,15
40.8508,-96.7475,21
37.2847,-120.5128,37
38.5039,-122.8103,21
40.9611,-98.3136,23
43.7667,-98.0333,29
31.4000,-93.2833,19
45.6906,-118.8528,35
45.6208,-122.6572,20
37.7797,-89.2497,41
34.3478,-85.1611,25
48.1739,-103.6367,48
43.2339,-75.4117,38
37.9406,-75.4631,58
44.9258,-89.6256,16
44.3800,-116.3400,8
39.6092,-110.7547,33
32.8986,-80.0403,48
30.4636,-88.5319,17
39.3100,-111.4300,17
42.3606,-71.0106,32
46.4794,-84.3572,15
29.6222,-95.6564,30
42.9600,-121.1800,8
39.2956,-80.2289,40
28.0836,-97.0464,38
42.2347,-85.5519,37
35.6542,-105.1419,28
39.2972,-94.7306,25
36.0719,-115.1633,52
45.5908,-122.6003,22
46.9006,-95.0678,30
36.1336,-80.2222,16
28.7797,-81.2436,39
35.7800,-105.5400,2
43.1072,-78.9453,58
40.7781,-111.9694,27
41.7636,-96.1778,17
34.1231,-84.8486,10
36.3689,-92.4703,9
38.5069,-121.4950,34
44.8664,-91.4878,10
43.0303,-78.1692,67
43.5878,-96.7289,19
24.7258,-81.0517,19
39.2953,-114.8467,34
42.7267,-114.4564,30
39.4494,-74.5672,46
45.2575,-112.5545,29
46.3747,-117.0156,22
39.9061,-84.2186,68
38.1417,-76.4292,43
44.5444,-110.4211,11
34.2486,-82.1592,38
40.7939,-73.1017,43
35.0311,-85.2014,27
41.8031,-78.6403,60
59.6419,-151.4908,30
41.0136,-83.6686,75
46.9728,-123.9303,26
44.9358,-74.8458,20
35.8181,-83.9858,38
31.1522,-81.3908,50
36.0467,-79.4769,18
