34.3061,-89.9806,2
-36.8637,143.1230,5
38.9239,-122.5672,3
-42.7572,147.3817,2
31.3917,-96.5656,6
-37.3495,144.7494,2
-34.3986,119.3778,7
-32.1336,119.0261,3
42.1236,-83.8200,2
-36.8402,149.5257,5
44.8667,-111.3392,19
43.9331,-86.2453,8
41.0908,-89.8614,6
38.5161,-85.2317,2
-41.4372,145.5258,3
-34.4019,118.1019,2
-41.2514,146.3975,2
41.8267,-88.0581,2
39.0461,-78.9664,3
38.0847,-92.4256,2
41.0908,-88.8158,2
39.3506,-76.6508,2
21.6031,-157.9022,6
44.9094,-72.8083,3
37.2147,-93.8228,2
46.6706,-100.2294,2
34.9381,-81.0317,3
27.5947,-81.5267,3
38.0492,-93.7036,2
37.3186,-91.9625,2
31.5253,-87.9278,2
63.0428,-147.2478,2
-37.3811,147.1067,4
37.5772,-93.9939,2
34.8878,-83.3967,3
-33.7096,151.1730,2
-32.8148,149.0408,3
-41.6308,146.7000,2
35.9664,-93.4197,5
