18.1747,-66.7978,117
40.7264,-122.7947,51
38.8586,-99.3358,233
43.8544,-116.4664,34
36.9969,-119.7072,37
40.7142,-122.4161,55
33.8300,-88.5214,55
36.4711,-86.8414,121
42.9536,-112.8253,106
36.1056,-82.8436,47
42.9592,-120.7897,80
40.2842,-109.8611,63
37.3806,-107.5811,66
39.0303,-76.9314,48
40.6117,-122.5281,14
31.6164,-94.6431,69
34.1864,-90.5572,108
46.0436,-118.4628,55
43.8083,-111.7892,37
34.5822,-119.9817,55
40.1739,-101.0611,101
31.8769,-105.2369,97
42.1397,-87.7853,39
40.5764,-105.0858,29
36.4622,-116.8669,204
34.5697,-93.1947,45
30.8408,-89.5453,0
39.0172,-92.7558,10
37.5147,-122.0325,211
40.7833,-81.9167,90
32.8964,-107.3078,85
33.7542,-99.1442,71
35.1131,-89.2122,37
34.7281,-90.3683,47
38.4917,-122.1242,66
47.7283,-104.1467,40
33.7092,-93.5564,103
45.9228,-108.2444,61
39.1172,-95.4097,85
46.8706,-68.0172,98
35.1297,-89.8036,60
39.2475,-96.5994,51
30.0689,-94.2928,159
40.2233,-86.1086,129
18.0331,-67.0722,11
40.1550,-103.1417,142
18.2583,-65.9922,10
35.6214,-88.8456,106
35.8819,-83.9572,24
64.8569,-147.8611,14
44.0622,-103.4819,21
38.4661,-101.7758,137
43.4033,-103.2683,26
35.7197,-86.9653,72
34.6033,-104.3811,177
34.9881,-120.3211,142
31.3706,-100.4942,138
26.8400,-81.0872,111
41.9342,-88.7756,77
33.4692,-88.7822,24
41.0267,-86.5867,92
42.1231,-111.3133,64
37.3822,-102.2986,187
36.3444,-88.8636,63
40.0892,-99.2133,98
35.4139,-86.8086,85
32.8242,-95.5275,154
43.5492,-71.4647,50
36.0147,-85.1314,66
44.1183,-121.2103,66
35.6872,-90.0964,85
30.2003,-92.6642,97
35.7047,-101.5492,187
38.4931,-122.0047,84
42.3806,-96.9575,3
32.8522,-95.8864,163
45.6911,-118.8522,98
61.5664,-149.2542,55
35.1161,-93.6506,0
32.2822,-106.7597,72
34.5989,-103.2161,106
35.2006,-103.6867,135
33.0642,-101.0489,84
41.4439,-86.9294,158
42.7467,-71.0425,11
33.1481,-95.6269,0
47.6811,-117.6267,56
34.1647,-88.7239,171
36.5508,-114.4581,55
33.1461,-107.1842,101
39.3925,-101.0689,108
44.8831,-85.6753,13
40.2539,-85.1483,143
26.5581,-99.1372,0
35.0489,-97.9158,113
25.8175,-80.2858,55
34.0828,-106.8831,39
38.0047,-120.4864,61
30.7053,-104.0233,45
36.6897,-108.3086,95
37.9931,-100.8122,177
46.7047,-92.5253,77
32.3378,-89.0817,89
46.7281,-116.9558,47
34.1381,-88.9983,40
45.4825,-120.7236,108
44.3253,-96.7686,63
32.9203,-94.7225,61
41.4903,-71.5431,58
