36.3200,-115.7000,247
36.7200,-106.2600,233
43.8000,-114.8500,360
43.7600,-116.1000,65
35.7700,-105.7800,283
36.5100,-106.3200,9
40.3000,-111.2600,191
43.7600,-115.2400,133
43.7300,-113.8300,155
39.1900,-120.2600,272
39.3600,-106.0600,146
36.2500,-115.6300,228
39.2900,-117.1100,171
36.8600,-106.2300,22
46.2400,-117.3900,190
44.2100,-110.6700,315
44.7900,-116.0900,215
38.4000,-119.5400,192
35.9200,-106.3900,284
48.7200,-116.4600,335
41.4000,-107.2600,164
36.1900,-105.5600,57
40.8300,-111.7600,77
36.0300,-106.8100,58
36.0700,-105.6300,194
36.9600,-106.6600,174
35.3400,-111.6500,269
36.7900,-105.2400,285
39.4300,-120.3100,305
36.0000,-106.8300,292
40.5300,-106.7800,10
36.3100,-115.6800,174
39.8000,-106.0300,229
36.9900,-105.2600,244
36.1300,-105.5300,141
44.3800,-116.3400,187
39.3100,-111.4300,174
35.7800,-105.5400,253
