34.5989,-103.2161,356
43.5492,-71.4647,211
40.1550,-103.1417,322
42.9592,-120.7897,339
28.4675,-98.2525,383
38.5039,-95.7036,206
33.7542,-99.1442,361
37.6967,-93.7722,367
37.7617,-117.5658,339
40.1739,-101.0611,333
36.5508,-114.4581,350
38.6450,-95.5661,478
46.7281,-116.9558,339
44.0622,-103.4819,278
45.6750,-111.1550,344
40.2233,-86.1086,294
26.8400,-81.0872,333
40.7833,-81.9167,256
34.9881,-120.3211,328
38.9667,-98.4889,239
47.0575,-109.9514,339
26.5581,-99.1372,233
47.7283,-104.1467,433
37.7967,-121.5828,394
34.5822,-119.9817,350
38.0047,-120.4864,356
46.7603,-117.1861,356
36.8047,-107.6214,289
37.1503,-104.5567,344
61.5664,-149.2542,189
39.9000,-98.0256,350
36.4622,-116.8669,400
48.7178,-122.5114,289
38.4917,-122.1242,339
40.4750,-86.9919,306
64.8569,-147.8611,189
37.0683,-88.7725,356
38.7403,-104.3994,306
41.4439,-86.9294,300
43.8544,-116.4664,367
30.2003,-92.6642,400
47.6811,-117.6267,317
41.6661,-111.8914,317
38.4661,-101.7758,339
35.0489,-97.9158,350
42.8767,-77.0308,228
47.0022,-118.5658,322
42.1397,-87.7853,322
33.6731,-111.1508,361
34.7675,-106.7611,361
40.2539,-85.1483,283
42.1231,-111.3133,161
35.4139,-86.8086,333
37.9050,-93.3169,256
44.1183,-121.2103,350
30.7053,-104.0233,300
45.4825,-120.7236,344
40.7142,-122.4161,400
39.0744,-96.8983,183
39.1172,-95.4097,189
32.2822,-106.7597,361
44.7764,-108.7592,350
35.7047,-101.5492,333
38.5350,-121.7761,394
35.7197,-86.9653,306
36.6897,-108.3086,311
39.0422,-108.4664,322
40.2842,-109.8611,339
39.2494,-106.3714,239
37.3806,-107.5811,183
40.0892,-99.2133,350
39.3925,-101.0689,333
35.2006,-103.6867,378
42.7467,-71.0425,239
40.1167,-76.4333,328
40.6117,-122.5281,389
33.7092,-93.5564,367
38.4931,-122.0047,389
45.9228,-108.2444,328
43.8083,-111.7892,344
35.6214,-88.8456,344
39.6619,-99.1228,372
29.4608,-101.0286,350
40.2458,-111.6508,350
42.9536,-112.8253,300
38.8586,-99.3358,333
38.7978,-99.7231,356
36.5575,-105.2628,278
25.8175,-80.2858,372
41.9342,-88.7756,317
46.8706,-68.0172,150
35.4072,-104.1906,189
45.6911,-118.8522,378
39.0303,-76.9314,306
