32.5667,-117.1167,1654
30.0494,-90.0289,929
43.9906,-70.9475,1122
45.6194,-121.1661,728
34.2008,-119.2069,1359
64.7767,-141.1483,1336
35.0169,-80.6206,2
38.3000,-76.4167,903
41.3461,-82.1794,1601
37.7461,-97.2211,1110
34.9883,-117.8647,1658
39.7333,-77.4333,934
41.6764,-70.9583,1152
42.2333,-83.5333,1139
36.7414,-104.5022,1501
41.2531,-70.0608,950
31.3558,-85.7511,1345
37.3278,-95.5042,1119
41.6264,-80.2150,1142
60.1283,-149.4167,0
61.2169,-149.8550,208
64.5500,-149.0717,1007
36.9839,-77.0075,1055
40.0681,-118.5692,2044
38.8761,-98.8092,1542
41.0089,-74.7367,1226
26.5361,-81.7550,1601
64.3267,-158.7417,1628
41.9097,-70.7294,107
42.6958,-73.1708,1442
42.6425,-77.0564,1522
41.6686,-70.2800,1141
33.6228,-111.9106,1718
59.7494,-154.9089,229
37.0911,-95.5664,1320
39.9369,-91.1919,1204
41.4525,-87.0058,1216
40.8764,-74.2831,1538
42.5519,-71.7558,1436
32.5428,-93.7450,633
41.2639,-72.8872,1418
62.3200,-150.0950,1417
47.5303,-122.3008,1726
42.1094,-77.9919,843
34.9869,-81.0575,1745
40.8436,-72.6322,1332
41.0731,-71.9233,1419
36.3333,-119.9500,1331
33.4050,-118.4158,1557
40.8217,-72.8689,1522
42.4092,-83.0100,1239
35.6169,-106.0889,1216
41.5631,-83.4764,1410
30.7797,-86.5225,1033
38.6956,-121.5897,1359
27.9106,-82.6875,2200
40.1203,-76.2944,1415
32.7667,-97.4500,841
38.4167,-113.0167,1917
46.4167,-86.6500,1932
47.9078,-122.2803,1649
45.8183,-88.1144,1753
66.9161,-151.5089,1327
41.5333,-71.2833,315
28.4736,-82.4544,2029
17.7028,-64.8056,1458
48.5222,-123.0231,1735
40.6161,-83.0636,1501
42.4167,-87.8667,2349
31.9514,-85.1289,1405
35.9333,-79.0642,134
18.3331,-64.9667,1451
41.8678,-84.0794,1521
44.3675,-71.5450,1025
46.0261,-91.4442,1637
41.5175,-81.6836,830
24.5833,-81.6833,2006
41.5092,-74.2650,1256
36.8167,-76.0333,1018
18.2550,-65.6408,1652
31.4156,-87.0442,1433
40.2383,-75.5572,1320
35.5144,-108.7939,1418
48.1203,-123.4983,2231
38.8983,-119.9947,1609
32.8167,-115.6833,743
28.0622,-81.7542,1559
39.7556,-82.6572,823
30.4000,-81.4167,1602
18.4325,-66.0108,1456
31.6072,-110.4281,1303
63.9944,-145.7214,1436
46.5486,-90.9189,2318
55.5800,-133.0750,1451
47.4933,-122.2144,1928
35.1822,-103.6031,1713
59.4556,-135.3239,1311
37.7064,-112.1456,1801
60.7850,-148.8389,359
47.2675,-122.5761,1807
35.8550,-77.8931,852
35.0028,-105.6628,1409
39.9181,-76.8742,1037
67.7317,-164.5483,2147
30.6264,-88.0681,854
38.3083,-75.1239,959
30.5069,-86.9597,427
37.1319,-76.4930,926
41.7361,-72.6506,1351
39.5936,-84.2264,1435
41.2003,-74.6231,1239
39.1033,-84.4189,1535
30.7044,-87.0231,1024
37.7081,-77.4344,955
39.4900,-121.6183,1721
34.9000,-76.8833,1225
42.8050,-72.0036,1054
41.3931,-70.6150,1506
39.3667,-75.0667,1437
31.3928,-92.2956,2308
41.5097,-72.8278,1546
32.4833,-80.7167,1912
41.6875,-69.9933,959
34.7000,-77.3833,1803
7.3333,134.4833,1610
35.9403,-89.8308,1322
46.1442,-115.5964,1059
70.1917,-148.4772,2038
43.2781,-70.9222,1816
59.4433,-151.7017,1059
30.3433,-89.8222,837
40.6239,-74.6694,1434
30.8356,-85.1839,1052
55.3567,-131.7117,849
59.2433,-135.5094,1332
41.0375,-81.4642,1459
39.3644,-84.5247,1403
47.0339,-120.5303,1532
45.8258,-119.2611,2213
47.4667,-87.8833,1729
36.7436,-108.2292,1852
40.8500,-74.0614,1458
38.5000,-77.3000,123
36.6950,-76.1356,1049
31.1500,-92.9667,1614
41.7781,-80.6958,1256
32.5500,-88.5667,354
41.7419,-72.1836,1533
56.6000,-169.5650,1753
38.7667,-104.3000,1700
42.6003,-123.3642,1919
48.7167,-94.6000,1331
47.3864,-92.8389,2116
42.2228,-83.7444,1407
39.2775,-120.7103,1652
43.9636,-69.7117,902
35.1350,-90.2344,1210
34.2097,-118.4892,1428
43.6264,-72.3047,1609
34.6719,-82.8864,1848
41.3714,-73.4828,1446
58.3567,-134.5639,1024
41.9144,-88.2464,2157
41.8756,-71.0211,118
46.4047,-94.1308,2105
34.1167,-119.1167,1401
61.1689,-150.0278,1335
47.7472,-90.3444,2229
42.6650,-83.4181,1233
29.5622,-91.5256,1611
47.1686,-88.4889,2300
40.0819,-75.0111,1231
43.3497,-76.3847,1121
40.8731,-81.8867,954
31.3500,-85.6667,1325
39.4203,-83.8217,1531
34.7917,-79.3661,1736
7.4500,151.8333,1615
34.8461,-82.3461,1824
44.5761,-71.1786,23
37.1681,-97.0369,1525
31.0425,-86.3117,1236
43.1644,-95.2017,1254
6.9667,158.2167,1851
62.9614,-141.9292,1425
57.0481,-135.3647,2019
42.9333,-71.4383,1444
39.9492,-74.8417,1306
42.5700,-72.2911,1605
60.4889,-145.4511,1655
45.4622,-69.5953,942
42.4933,-79.2722,1430
40.0781,-83.0781,1741
62.1592,-145.4589,1354
30.3503,-81.8831,1359
60.5797,-151.2392,1523
39.4167,-118.7167,1923
42.4700,-71.2894,1721
31.3089,-86.3939,1309
35.6875,-117.6931,1307
42.1208,-87.9047,1425
38.9833,-76.4667,1505
47.4569,-115.6450,1626
41.7700,-88.4814,1307
38.9503,-95.6639,1412
36.9500,-76.2833,1133
31.5883,-110.3442,1242
40.7342,-73.4169,1446
40.8206,-76.8642,1303
29.3331,-89.4075,1002
42.1594,-76.8919,1239
42.7172,-71.1239,1748
40.0228,-82.4625,1355
42.1908,-71.1736,1517
66.0689,-162.7639,2352
41.3275,-72.0494,928
41.0669,-73.7075,1248
41.7872,-111.8533,151
47.2381,-123.1408,1445
61.5961,-149.0917,1105
38.0653,-97.8606,1524
41.0467,-78.4117,1236
42.5708,-77.7133,1459
61.1781,-149.9664,1333
32.7000,-117.2000,453
42.1578,-72.7161,1510
40.3547,-79.9217,1203
35.1967,-81.1558,1245
27.5000,-97.8167,1816
30.7167,-87.0167,1021
41.1961,-112.0114,1533
40.3300,-75.1225,1241
30.2333,-81.6667,2154
41.3497,-71.7989,1502
41.7861,-87.7522,2247
40.2172,-76.8514,1002
27.6833,-97.2833,1210
42.5842,-70.9175,1354
44.0219,-82.7931,1047
48.3500,-122.6667,2023
9.4833,138.0833,914
70.2117,-151.0017,2041
30.4000,-86.4717,946
32.8667,-117.1333,1115
31.4000,-93.2833,1805
43.2339,-75.4117,1131
39.6092,-110.7547,2342
30.4636,-88.5319,857
39.2956,-80.2289,1140
35.6542,-105.1419,1216
46.9006,-95.0678,1648
36.1336,-80.2222,2
43.1072,-78.9453,1551
38.1417,-76.4292,14
34.2486,-82.1592,352
59.6419,-151.4908,724
41.0136,-83.6686,1339
36.0467,-79.4769,50
