32.5667,-117.1167,200
40.2342,-85.3936,290
30.0494,-90.0289,360
43.9906,-70.9475,160
45.6194,-121.1661,320
35.2333,-101.7089,150
34.2622,-88.7714,300
32.3367,-90.2214,270
32.6500,-114.6167,170
37.1431,-107.7597,230
37.4389,-105.8614,170
30.0481,-102.2131,160
34.2675,-77.8997,230
45.2486,-122.7686,350
46.7708,-100.7603,350
34.2008,-119.2069,290
35.2372,-120.6414,310
28.8208,-81.8097,180
43.0661,-108.4767,170
60.7850,-161.8292,310
64.7767,-141.1483,200
41.6117,-90.5808,240
37.2253,-89.5706,40
38.8169,-92.2183,260
27.4981,-80.3767,150
40.4122,-86.9369,310
38.9286,-90.4281,280
34.8822,-95.7831,30
35.0169,-80.6206,230
38.3000,-76.4167,250
36.2117,-115.1958,160
41.3461,-82.1794,330
40.9781,-124.1086,230
46.7994,-102.7972,20
37.7461,-97.2211,270
41.7806,-122.4717,10
33.0375,-116.9158,70
42.8153,-108.7261,210
34.9883,-117.8647,280
32.5722,-116.9794,260
36.0097,-94.1694,330
42.5950,-87.9381,210
39.6014,-116.0056,30
47.2856,-68.3133,150
34.1750,-91.9347,360
43.0206,-102.5183,250
39.7333,-77.4333,290
44.4683,-73.1500,320
41.8833,-91.7167,240
39.8233,-93.5792,190
43.5164,-112.0672,120
36.0394,-95.9844,180
29.7333,-85.0333,150
34.4258,-119.8425,80
43.9922,-76.0217,230
41.6764,-70.9583,200
44.1278,-123.2206,350
42.2333,-83.5333,290
31.3214,-85.4497,170
38.3794,-81.5900,280
46.9208,-114.0925,170
36.7414,-104.5022,220
41.2531,-70.0608,180
44.2558,-121.1392,360
41.5272,-85.7922,260
31.3558,-85.7511,200
44.3592,-89.8369,240
37.3278,-95.5042,250
41.6264,-80.2150,250
60.1283,-149.4167,210
43.9658,-107.9508,170
42.2667,-84.4667,300
35.1442,-111.6664,230
61.2169,-149.8550,300
40.0397,-88.2778,250
64.5500,-149.0717,160
26.2500,-80.1083,100
36.9839,-77.0075,240
48.4608,-119.5167,110
40.0681,-118.5692,310
21.4500,-157.7833,50
38.8761,-98.8092,220
30.0675,-95.5561,270
44.3394,-105.5419,300
32.7800,-79.9319,30
41.0089,-74.7367,230
34.0511,-118.2353,310
37.9272,-100.7247,210
39.3792,-74.4242,220
26.5361,-81.7550,150
39.8447,-89.6839,260
37.2839,-98.5528,220
39.5703,-104.8489,360
64.3267,-158.7417,200
40.4847,-80.2144,290
30.5892,-96.3647,300
44.7694,-106.9689,320
44.0511,-101.6011,360
40.7789,-73.9692,280
44.5344,-72.6144,300
34.9894,-99.0525,210
35.3889,-97.6006,200
35.4344,-119.0542,20
33.9786,-98.4928,130
39.0725,-95.6261,210
40.6825,-74.1694,240
40.0803,-95.5919,210
27.7839,-97.5108,110
41.9097,-70.7294,190
46.7439,-117.1086,240
42.9486,-78.7369,230
37.9917,-122.0550,260
42.6958,-73.1708,280
29.3389,-98.4719,240
42.6425,-77.0564,260
42.7431,-73.8092,250
42.0647,-104.1528,310
28.4339,-81.3250,120
44.3814,-100.2856,20
41.1519,-104.8061,290
44.3853,-74.2067,230
33.6267,-116.1594,140
40.4422,-109.5144,230
34.0500,-94.4008,40
41.6686,-70.2800,200
38.3650,-82.5550,330
33.6228,-111.9106,260
41.1583,-73.1289,200
33.6361,-91.7556,220
59.7494,-154.9089,80
39.4519,-87.3089,300
36.7800,-119.7194,130
37.0911,-95.5664,220
30.0375,-91.8839,80
42.9550,-87.9044,260
42.1469,-121.7242,150
32.3542,-95.4025,40
39.9369,-91.1919,240
41.4525,-87.0058,260
37.7214,-122.2208,270
42.9667,-83.7494,280
37.2833,-102.6139,160
45.7728,-122.8611,10
40.8764,-74.2831,300
34.6517,-112.4208,120
36.0969,-79.9433,270
33.8117,-78.7239,220
33.1783,-86.7817,150
37.5050,-77.3203,250
45.0717,-83.5644,120
45.6689,-96.9914,10
38.9408,-77.4636,290
42.8939,-85.5447,250
42.5519,-71.7558,170
32.5428,-93.7450,90
41.2639,-72.8872,170
34.2006,-118.3575,270
58.6794,-156.6294,140
62.3200,-150.0950,20
47.5303,-122.3008,310
38.5050,-107.8975,320
45.4558,-98.4131,350
45.5511,-122.4089,320
42.1094,-77.9919,300
41.6328,-91.5431,240
33.2119,-87.6161,50
46.9253,-96.8111,340
46.1569,-123.8825,320
34.9869,-81.0575,220
40.8436,-72.6322,190
41.0731,-71.9233,200
41.3375,-84.4289,240
39.3669,-101.7000,290
36.3333,-119.9500,230
39.9444,-81.8922,270
33.4050,-118.4158,320
34.6294,-118.0836,280
34.4272,-100.2831,260
31.4208,-110.8458,160
37.3031,-108.6275,210
39.2292,-106.3169,280
44.5483,-95.0803,270
29.7036,-98.0281,230
33.8750,-84.3022,210
40.8217,-72.8689,200
42.5544,-92.4011,230
32.6847,-83.6528,270
42.4092,-83.0100,280
36.6239,-87.4194,310
48.5428,-109.7633,80
32.2622,-107.7206,300
40.8203,-82.5178,260
44.2667,-71.2994,240
31.3711,-100.4922,230
35.6169,-106.0889,240
30.3208,-97.7603,170
40.0489,-107.8853,220
41.5944,-109.0528,220
35.5931,-88.9167,230
42.7611,-87.8136,210
41.5631,-83.4764,280
47.4444,-122.3139,30
46.0947,-118.2869,180
39.3450,-81.4392,290
32.3500,-91.0278,140
32.9733,-97.3181,360
27.5333,-99.4667,150
30.7797,-86.5225,290
38.6956,-121.5897,240
48.0944,-105.5744,20
33.9519,-117.4386,250
48.2553,-101.2733,340
41.4333,-99.6333,260
38.8000,-97.6500,230
71.2833,-156.7814,240
31.3347,-92.5586,150
29.6381,-95.2819,110
45.0133,-84.7014,250
42.7461,-86.0967,180
40.1519,-122.2536,340
33.5656,-86.7450,60
27.9106,-82.6875,110
42.1128,-92.9175,220
37.3711,-118.3581,160
30.4781,-87.1869,270
29.1097,-95.4619,160
40.1203,-76.2944,270
43.4075,-94.7461,330
44.6381,-90.1875,190
30.6794,-88.2397,350
32.7667,-97.4500,300
38.4167,-113.0167,220
46.4167,-86.6500,200
33.9381,-118.3889,290
47.9078,-122.2803,360
40.7794,-73.8803,290
32.7336,-117.1831,300
38.7642,-87.6056,340
45.8183,-88.1144,220
66.9161,-151.5089,110
37.7086,-113.0944,210
40.2064,-100.5914,240
46.4267,-105.8825,320
35.8922,-78.7819,260
36.0167,-102.5500,200
38.1811,-85.7392,270
26.0719,-80.1536,140
40.6331,-93.9019,210
33.6800,-117.8664,210
41.5333,-71.2833,190
28.4736,-82.4544,130
17.7028,-64.8056,100
48.5222,-123.0231,230
40.6161,-83.0636,270
38.8853,-79.8528,260
39.4019,-77.9844,250
42.4167,-87.8667,220
29.1828,-81.0483,200
43.1406,-89.3453,190
37.2958,-81.2078,290
32.3336,-104.2581,140
25.7906,-80.3164,260
26.9172,-81.9914,110
32.8342,-115.5786,160
31.9514,-85.1289,180
34.7442,-87.5997,110
33.4669,-82.0386,300
39.1667,-76.6833,280
35.9333,-79.0642,240
45.1947,-123.1339,10
18.3331,-64.9667,130
41.8678,-84.0794,310
44.3675,-71.5450,290
41.1078,-92.4467,240
36.1625,-97.0894,120
47.9375,-124.5550,250
41.1214,-100.6694,240
24.5550,-81.7522,170
43.7700,-88.4864,220
46.0261,-91.4442,190
28.8614,-96.9303,210
45.5433,-94.0514,260
41.5175,-81.6836,250
40.4719,-81.4236,240
24.5833,-81.6833,170
40.6508,-75.4492,270
41.5092,-74.2650,260
32.8519,-96.8556,50
36.8167,-76.0333,250
18.2550,-65.6408,100
38.8100,-104.6883,150
34.1853,-79.7239,210
41.2433,-76.9217,250
25.9069,-80.2803,140
47.0492,-109.4578,200
36.7683,-96.0261,210
31.4156,-87.0442,240
42.3075,-85.2511,300
43.5331,-84.0797,260
36.9878,-120.1106,300
41.1389,-75.3794,270
40.2383,-75.5572,250
35.5144,-108.7939,210
33.9706,-80.9958,230
34.2167,-119.0833,260
48.2138,-106.6213,20
48.1203,-123.4983,290
35.2236,-80.9553,300
26.1522,-81.7753,210
44.5169,-108.0822,100
38.6572,-90.6558,250
47.9742,-117.4283,220
39.3756,-99.8297,230
38.8983,-119.9947,180
31.9433,-102.1889,150
34.2900,-93.0600,280
32.8167,-115.6833,130
28.0622,-81.7542,200
44.8428,-117.8086,290
39.7556,-82.6572,250
30.4000,-81.4167,160
35.2578,-93.0947,30
18.4325,-66.0108,80
34.6439,-86.7861,340
31.6072,-110.4281,140
37.2622,-104.3378,190
40.2769,-74.8158,280
42.0800,-80.1825,270
63.9944,-145.7214,190
47.3258,-106.9475,130
46.5486,-90.9189,300
55.5800,-133.0750,210
46.8706,-68.0172,160
32.8158,-117.1394,310
47.4933,-122.2144,310
30.1831,-97.6800,250
35.1822,-103.6031,240
40.8289,-115.7886,70
33.3644,-81.9633,140
39.4781,-88.2803,270
21.3167,-158.0667,80
43.3500,-73.6167,290
59.4556,-135.3239,200
30.9119,-102.9167,140
39.1258,-123.2008,150
37.7064,-112.1456,150
44.9047,-97.1494,260
45.5464,-100.4078,10
40.1667,-103.2167,260
43.1711,-86.2367,190
33.7792,-84.5214,180
60.7850,-148.8389,60
31.8606,-86.0122,150
45.0319,-102.0192,360
31.6189,-97.2283,200
35.5342,-97.6469,180
43.8789,-91.2528,250
13.4836,144.7961,80
47.2675,-122.5761,330
34.8831,-82.2203,190
44.3981,-98.2231,270
31.8311,-104.8089,60
47.6831,-117.3214,290
47.3078,-119.5153,310
39.1333,-86.6167,280
35.8550,-77.8931,260
40.7833,-91.1253,220
35.0028,-105.6628,240
39.9181,-76.8742,280
67.7317,-164.5483,300
39.6428,-79.9164,230
30.6264,-88.0681,330
40.5175,-122.2986,340
36.6206,-116.0278,240
30.3975,-84.3289,220
42.8375,-103.0953,340
28.7247,-96.2536,170
46.0139,-102.6547,20
45.9647,-112.5006,260
37.2353,-93.4003,280
38.3083,-75.1239,230
42.8914,-73.2469,270
38.0442,-87.5206,260
19.7192,-155.0531,60
30.5069,-86.9597,240
39.7075,-86.2803,270
37.1319,-76.4930,240
39.6728,-75.6008,260
26.1839,-98.2539,70
44.7408,-85.5825,270
41.7361,-72.6506,150
38.3306,-96.1897,170
48.6033,-112.3753,10
43.4133,-124.2436,10
36.2967,-99.7689,180
34.2719,-83.8303,200
41.8706,-103.5931,210
43.8339,-111.8045,150
39.8344,-88.8656,210
39.8328,-104.6575,300
42.2706,-71.8731,280
37.6928,-121.8144,290
42.1928,-89.0931,200
37.0683,-88.7719,350
39.5936,-84.2264,290
44.0433,-103.0536,10
41.2003,-74.6231,240
33.4964,-90.0867,90
41.4131,-81.8600,280
37.1467,-94.5022,210
32.6261,-116.4681,50
36.1994,-95.8872,170
39.1033,-84.4189,260
57.1553,-170.2222,350
40.6675,-89.6839,230
46.8369,-92.2097,330
40.1764,-80.6472,250
30.7044,-87.0231,260
37.6544,-97.4425,280
37.7081,-77.4344,260
32.7817,-98.0603,150
39.4900,-121.6183,140
46.9258,-98.6692,340
34.9000,-76.8833,200
42.8050,-72.0036,190
41.7219,-71.4325,200
35.0564,-89.9864,160
35.3331,-94.3625,10
41.3931,-70.6150,200
44.4983,-88.1111,140
36.6636,-121.6081,310
39.3667,-75.0667,260
55.0389,-131.5786,320
37.0872,-84.0769,270
34.0158,-118.4514,320
29.9506,-94.0206,150
31.3928,-92.2956,120
41.5097,-72.8278,210
42.5906,-117.8644,230
32.4833,-80.7167,290
41.6875,-69.9933,190
27.6531,-80.2428,140
43.1544,-93.3269,260
37.6242,-120.9506,290
34.7000,-77.3833,170
38.1386,-78.4530,190
41.9950,-87.9336,210
7.3333,134.4833,90
26.2281,-97.6542,110
29.3783,-100.9269,120
35.9403,-89.8308,310
33.8117,-118.1464,130
34.4978,-82.7097,30
39.5781,-85.8033,240
46.1442,-115.5964,170
40.5100,-101.6200,280
70.1917,-148.4772,100
44.1708,-114.9272,140
41.3119,-105.6747,170
43.2781,-70.9222,180
42.4819,-114.4869,140
30.3489,-85.7881,220
59.4433,-151.7017,190
32.5156,-92.0406,250
33.2367,-107.2681,250
32.6808,-96.8681,60
30.3433,-89.8222,10
37.7608,-99.9683,180
42.7803,-84.5789,280
40.6239,-74.6694,260
32.7100,-96.2672,150
42.5417,-113.7661,40
35.0678,-77.0481,230
38.0494,-103.5122,100
30.8356,-85.1839,240
44.0206,-117.0128,330
38.2900,-104.4983,110
55.3567,-131.7117,340
59.2433,-135.5094,110
41.0375,-81.4642,290
29.9933,-90.2511,30
36.9358,-121.7886,190
39.3644,-84.5247,320
38.5911,-92.1558,310
47.0339,-120.5303,320
45.8258,-119.2611,240
47.4667,-87.8833,240
30.7406,-98.2353,230
31.4583,-109.6061,210
36.7436,-108.2292,210
48.7939,-122.5372,270
38.9597,-94.3714,230
39.5514,-97.6508,190
34.3622,-98.9761,180
39.2231,-106.8683,250
15.1167,145.7167,90
47.2078,-119.3192,280
41.6236,-98.9517,260
39.8683,-75.2311,260
38.2281,-85.6636,310
46.1236,-67.7928,150
40.7083,-84.0267,270
40.8500,-74.0614,230
38.5000,-77.3000,210
34.8536,-116.7858,240
32.8978,-97.0189,130
39.1894,-103.7158,110
36.6950,-76.1356,260
33.1281,-117.2794,260
31.1500,-92.9667,160
29.6333,-83.1053,260
42.9203,-112.5711,350
43.7694,-87.8506,280
43.6497,-70.3003,180
36.5881,-121.8453,200
30.5108,-99.7664,110
31.1828,-90.4708,190
41.7781,-80.6958,290
32.5500,-88.5667,290
34.5467,-93.5781,160
37.6703,-95.4842,120
35.9508,-85.0814,310
35.2578,-113.9331,220
45.6478,-68.6925,230
34.7336,-76.6606,240
28.5453,-81.3331,160
43.1561,-90.6775,220
26.5850,-81.8614,160
41.7419,-72.1836,180
56.6000,-169.5650,350
38.7667,-104.3000,140
41.9922,-93.6217,180
43.1111,-76.1039,290
35.7425,-81.3819,20
34.7436,-118.7242,350
33.3075,-104.5083,170
34.8994,-120.4486,300
42.6003,-123.3642,360
33.8281,-116.5053,130
48.7167,-94.6000,240
41.5339,-93.6531,240
42.3811,-122.8722,350
40.4953,-107.5211,290
47.4733,-111.3822,220
39.4839,-119.7711,300
46.9733,-122.9033,330
38.5714,-90.1572,280
47.3864,-92.8389,340
45.8678,-95.3942,340
42.2228,-83.7444,270
42.1244,-86.4267,170
37.3208,-79.2067,230
41.9856,-97.4353,310
39.2775,-120.7103,170
46.5683,-120.5428,230
43.9636,-69.7117,180
35.6575,-109.0614,180
43.3906,-99.8422,280
35.1350,-90.2344,130
35.4319,-82.5375,330
30.7439,-95.5861,260
39.0083,-95.2117,230
34.7675,-114.6189,220
39.8250,-86.2958,300
44.6500,-73.4667,170
55.2208,-162.7325,150
34.2097,-118.4892,270
41.4914,-120.5644,100
30.3567,-95.4139,200
33.4617,-80.8581,220
44.8831,-93.2289,240
47.9428,-97.1839,350
38.8317,-94.8897,210
38.8483,-77.0342,270
31.2819,-89.2531,10
43.6264,-72.3047,260
34.6719,-82.8864,240
44.9050,-123.0011,290
32.5161,-84.9422,180
41.3714,-73.4828,270
36.9647,-86.4239,270
58.3567,-134.5639,290
29.6919,-82.2756,270
39.1208,-94.5969,240
26.1658,-97.3458,100
38.0408,-84.6058,40
36.9261,-111.4478,310
29.2733,-94.8592,200
39.5264,-107.7264,250
35.8311,-90.6464,300
41.9144,-88.2464,210
41.8756,-71.0211,210
46.4047,-94.1308,330
42.3978,-90.7036,260
27.4014,-82.5586,140
37.5908,-83.3131,320
34.1167,-119.1167,300
35.2100,-99.1200,180
33.4825,-90.9853,10
35.6567,-95.3614,140
44.8322,-93.4706,280
34.9914,-78.8803,80
35.2325,-75.6219,230
45.5644,-84.7928,290
61.1689,-150.0278,150
47.7472,-90.3444,350
29.9800,-95.3600,270
32.2997,-86.4075,200
34.7272,-92.2389,50
42.6650,-83.4181,280
39.1342,-108.5400,320
33.5872,-85.8556,90
30.4844,-81.7019,140
38.1847,-84.9033,340
43.2119,-90.1814,250
29.5622,-91.5256,160
40.9017,-117.8081,350
33.8719,-117.9789,170
47.1686,-88.4889,320
40.0819,-75.0111,260
41.5886,-83.8014,260
43.3497,-76.3847,280
40.8731,-81.8867,310
39.0431,-84.6717,290
25.9989,-80.2411,210
31.3500,-85.6667,130
39.4203,-83.8217,300
41.8056,-107.1997,190
38.0511,-117.0903,200
43.1167,-77.6767,250
34.7917,-79.3661,250
42.8975,-106.4636,60
48.5614,-93.3981,310
32.1314,-110.9553,270
7.4500,151.8333,50
26.1969,-80.1708,100
36.6817,-101.5053,200
34.8461,-82.3461,150
45.6983,-110.4408,330
36.0236,-84.2375,170
41.7072,-86.3164,280
44.5761,-71.1786,180
30.7825,-83.2767,240
27.7628,-82.6261,170
33.6542,-101.8136,100
37.1681,-97.0369,200
43.1953,-71.5011,180
30.2050,-91.9875,90
26.6847,-80.0994,110
31.0425,-86.3117,240
30.5372,-91.1469,60
43.1644,-95.2017,280
6.9667,158.2167,50
62.9614,-141.9292,190
42.3914,-96.3792,280
57.0481,-135.3647,190
42.9333,-71.4383,190
46.3583,-104.2500,340
45.8069,-108.5422,340
39.9492,-74.8417,220
41.7803,-124.2367,170
33.4536,-94.0075,260
47.6458,-101.4394,350
45.6044,-103.5464,290
8.7333,167.7333,60
42.5700,-72.2911,170
60.4889,-145.4511,110
35.0281,-110.7208,320
20.8997,-156.4286,40
45.4622,-69.5953,160
40.9706,-85.2064,270
32.6636,-97.0939,40
33.9486,-81.1186,260
31.2361,-94.7544,70
42.4933,-79.2722,240
40.0781,-83.0781,270
40.1936,-76.7633,250
44.3592,-84.6739,250
62.1592,-145.4589,160
66.8667,-162.6333,310
36.2667,-93.1567,290
57.7511,-152.4856,130
30.3503,-81.8831,260
32.3347,-88.7442,290
42.5844,-110.1075,210
60.5797,-151.2392,90
46.2667,-119.1167,300
39.4167,-118.7167,300
42.4700,-71.2894,220
38.2103,-122.2847,200
33.9753,-117.6361,250
44.5228,-114.2150,210
37.4058,-122.0481,350
32.0311,-96.3989,240
40.6386,-73.7622,180
39.1353,-96.6778,210
62.9575,-155.6103,170
33.3633,-84.5658,300
41.6267,-73.8842,240
31.3089,-86.3939,280
35.6875,-117.6931,80
34.5183,-109.3792,260
41.1783,-78.8989,250
46.6056,-111.9636,250
37.3169,-79.9742,310
42.0572,-102.8000,260
45.5406,-122.9486,320
38.6892,-75.3592,220
32.4106,-99.6822,20
46.5311,-87.5483,225
28.4567,-99.2183,160
40.0972,-92.5433,280
41.3103,-95.8992,220
42.1208,-87.9047,290
38.9833,-76.4667,290
47.4569,-115.6450,320
34.6081,-79.0592,220
25.9156,-97.4186,150
42.8783,-100.5500,150
41.7700,-88.4814,230
38.9503,-95.6639,200
36.2606,-76.1750,250
32.8547,-109.6353,180
27.9619,-82.5403,280
36.9500,-76.2833,230
29.5442,-98.4839,180
32.4506,-93.8411,250
31.5883,-110.3442,130
21.3239,-157.9294,40
37.8892,-121.2258,260
41.4653,-90.5233,260
40.7342,-73.4169,220
41.9381,-72.6825,180
36.7725,-90.3247,10
33.1803,-96.5903,10
43.5950,-118.9564,310
59.5119,-139.6711,110
39.7736,-94.9233,200
33.4278,-112.0039,160
45.0619,-93.3508,310
34.7411,-118.2117,280
33.2208,-92.8142,230
32.3206,-90.0778,20
40.8206,-76.8642,310
33.9228,-118.3342,160
36.8781,-91.9025,300
30.1250,-93.2158,140
39.2447,-102.2842,170
34.0561,-117.6003,290
19.7356,-156.0489,20
43.2389,-123.3547,330
29.3331,-89.4075,230
35.6950,-101.3950,170
44.8889,-116.1017,50
42.1594,-76.8919,280
39.1019,-121.5678,160
41.3325,-122.3328,290
31.5356,-84.1944,250
42.7172,-71.1239,240
40.0228,-82.4625,310
44.3814,-106.7211,360
43.9042,-92.4917,300
42.1908,-71.1736,200
44.2033,-72.5794,310
42.7972,-105.3856,220
66.0689,-162.7639,280
41.2731,-111.0306,210
29.5189,-95.2417,320
39.7078,-77.7297,270
45.6308,-89.4653,240
40.9167,-81.4333,290
35.9461,-112.1547,230
38.3406,-75.5103,220
47.6217,-117.5281,270
31.8111,-106.3758,100
41.3275,-72.0494,180
41.0669,-73.7075,160
41.7872,-111.8533,160
21.1544,-157.0961,60
47.2381,-123.1408,220
37.3592,-121.9239,310
38.7525,-90.3736,210
45.5114,-118.4247,310
42.4272,-73.2892,260
38.0700,-102.6881,170
43.9844,-88.5569,200
34.6525,-86.9453,330
32.8192,-97.3614,90
33.2194,-117.3494,290
44.9319,-93.0556,320
40.3161,-78.8339,260
42.2314,-83.3308,270
35.6697,-120.6283,260
41.2544,-80.6739,280
38.1311,-91.7683,280
61.5961,-149.0917,130
38.0653,-97.8606,220
43.5667,-116.2406,60
64.5111,-165.4400,270
30.3361,-81.5147,110
35.0419,-106.6156,230
21.9839,-159.3405,40
41.0467,-78.4117,240
40.6044,-98.4272,280
41.3336,-75.7269,220
42.5708,-77.7133,320
61.1781,-149.9664,170
32.7000,-117.2000,340
37.7836,-81.1231,280
28.1011,-80.6439,130
31.7800,-103.2017,140
31.9206,-102.3867,140
25.6475,-80.4331,220
42.1997,-75.9850,280
39.9914,-82.8808,300
42.1578,-72.7161,240
32.3847,-94.7117,140
36.9033,-76.1922,270
33.6186,-114.7142,200
40.3667,-75.9667,270
47.3978,-120.2014,300
45.7881,-111.1608,20
27.7411,-98.0247,170
35.8517,-97.4142,100
32.1300,-81.2100,300
64.8039,-147.8761,210
40.3547,-79.9217,260
35.1967,-81.1558,210
29.3600,-99.1742,160
36.4486,-103.1539,200
27.5000,-97.8167,130
33.2061,-97.1989,260
43.7331,-103.6114,80
30.7167,-87.0167,270
38.8500,-94.7392,180
41.1961,-112.0114,200
40.3300,-75.1225,240
30.2333,-81.6667,170
41.3497,-71.7989,200
41.7861,-87.7522,200
44.7978,-68.8186,170
40.2172,-76.8514,240
27.6833,-97.2833,140
48.3042,-114.2636,230
33.6300,-84.4417,270
42.5842,-70.9175,180
30.4119,-89.0808,40
43.3436,-72.5178,200
44.0219,-82.7931,300
44.3206,-69.7972,180
36.4731,-82.4044,260
48.3500,-122.6667,270
40.2964,-78.3203,280
38.7042,-93.1833,210
33.9481,-83.3275,340
9.4833,138.0833,50
37.6197,-122.3647,270
70.2117,-151.0017,100
38.3775,-121.9575,250
33.6883,-112.0817,230
30.4000,-86.4717,240
34.5583,-98.4172,140
32.8667,-117.1333,300
36.5728,-79.3361,100
40.8508,-96.7475,230
37.2847,-120.5128,340
38.5039,-122.8103,180
40.9611,-98.3136,230
43.7667,-98.0333,30
31.4000,-93.2833,150
45.6906,-118.8528,260
45.6208,-122.6572,340
37.7797,-89.2497,310
34.3478,-85.1611,160
48.1739,-103.6367,10
43.2339,-75.4117,270
37.9406,-75.4631,260
44.9258,-89.6256,210
39.6092,-110.7547,130
32.8986,-80.0403,320
30.4636,-88.5319,360
42.3606,-71.0106,200
46.4794,-84.3572,320
29.6222,-95.6564,130
39.2956,-80.2289,240
28.0836,-97.0464,140
42.2347,-85.5519,280
35.6542,-105.1419,320
39.2972,-94.7306,220
36.0719,-115.1633,150
45.5908,-122.6003,310
46.9006,-95.0678,320
36.1336,-80.2222,270
28.7797,-81.2436,110
43.1072,-78.9453,200
40.7781,-111.9694,110
41.7636,-96.1778,220
34.1231,-84.8486,10
36.3689,-92.4703,270
38.5069,-121.4950,220
44.8664,-91.4878,290
43.5878,-96.7289,310
24.7258,-81.0517,200
39.2953,-114.8467,130
42.7267,-114.4564,30
39.4494,-74.5672,260
45.2575,-112.5545,280
46.3747,-117.0156,320
39.9061,-84.2186,270
38.1417,-76.4292,220
44.5444,-110.4211,340
34.2486,-82.1592,170
40.7939,-73.1017,200
35.0311,-85.2014,30
41.8031,-78.6403,290
59.6419,-151.4908,80
41.0136,-83.6686,260
46.9728,-123.9303,260
44.9358,-74.8458,360
35.8181,-83.9858,20
31.1522,-81.3908,160
36.0467,-79.4769,190
