40.7264,-122.7947,278
43.8544,-116.4664,-178
37.1503,-104.5567,44
40.7142,-122.4161,89
38.6644,-94.8900,72
37.9050,-93.3169,61
33.6731,-111.1508,161
28.4675,-98.2525,172
40.6117,-122.5281,89
34.5822,-119.9817,100
36.4622,-116.8669,156
33.7542,-99.1442,106
38.4917,-122.1242,67
33.7092,-93.5564,44
45.9228,-108.2444,-178
39.0744,-96.8983,67
37.7967,-121.5828,122
34.9881,-120.3211,89
26.8400,-81.0872,200
43.5492,-71.4647,-178
30.2003,-92.6642,144
38.5350,-121.7761,122
35.7047,-101.5492,78
38.4931,-122.0047,111
35.4072,-104.1906,89
32.2822,-106.7597,100
36.5508,-114.4581,106
26.5581,-99.1372,200
25.8175,-80.2858,217
38.0047,-120.4864,122
30.7053,-104.0233,50
