36.4622,-116.8669,300
45.9228,-108.2444,-178
38.5350,-121.7761,256
40.6117,-122.5281,172
38.4931,-122.0047,250
37.9050,-93.3169,67
33.6731,-111.1508,289
28.4675,-98.2525,289
38.4917,-122.1242,200
36.5508,-114.4581,239
43.5492,-71.4647,-178
39.0744,-96.8983,2289
26.5581,-99.1372,206
33.7092,-93.5564,133
25.8175,-80.2858,344
34.9881,-120.3211,261
38.6644,-94.8900,72
37.7967,-121.5828,233
37.1503,-104.5567,200
33.7542,-99.1442,256
30.2003,-92.6642,267
40.7142,-122.4161,156
34.5822,-119.9817,256
35.4072,-104.1906,94
38.0047,-120.4864,239
32.2822,-106.7597,294
35.7047,-101.5492,222
43.8544,-116.4664,-178
26.8400,-81.0872,322
