43.8544,-116.4664,89
43.9794,-117.0247,78
40.1100,-87.9567,39
41.1453,-85.4897,-6
33.8083,-79.8567,139
47.0575,-109.9514,72
33.2564,-81.2422,117
34.1944,-79.2472,128
40.4750,-86.9919,17
32.7547,-104.3836,89
34.2183,-81.0731,167
42.7831,-71.4147,-6
37.8194,-85.3847,89
42.1397,-87.7853,44
28.4575,-97.7061,178
44.4933,-68.4583,0
40.4719,-74.4364,17
62.1925,-150.5033,-17
37.0683,-88.7725,89
46.8706,-68.0172,-6
38.4558,-86.6983,67
40.2233,-86.1086,89
44.9847,-93.1772,0
34.4719,-81.8839,128
35.6214,-88.8456,122
32.3500,-94.6500,156
37.9311,-98.0297,89
40.0739,-87.5067,56
39.4833,-83.8500,28
42.2947,-83.7108,0
34.7289,-80.0389,133
37.1244,-87.8672,44
38.4661,-101.7758,89
27.7792,-97.5056,194
38.7003,-82.4736,111
39.4700,-80.8572,67
38.7386,-87.4878,67
28.7156,-97.1742,178
41.0267,-86.5867,39
42.6006,-114.7453,72
34.1419,-80.8700,144
33.0167,-81.3167,144
35.6042,-91.2744,100
45.0853,-67.1203,0
38.5200,-89.8467,72
34.6603,-82.8236,111
38.8894,-86.5519,83
64.9156,-148.2711,6
42.3806,-96.9575,22
32.2822,-106.7597,156
41.4439,-86.9294,22
40.7928,-87.7556,22
47.6811,-117.6267,33
33.7775,-81.8467,144
40.9361,-90.7197,17
36.1306,-80.5481,100
32.5133,-92.3486,139
44.8831,-85.6753,6
40.2539,-85.1483,44
32.9206,-86.6708,161
46.3414,-86.9242,0
38.3139,-81.7186,83
36.7578,-90.4056,111
28.8608,-97.0181,217
40.8142,-85.1547,-22
37.9931,-100.8122,67
37.1167,-84.6167,78
44.5208,-101.6192,67
36.5914,-101.6181,94
20.7583,-156.3211,161
