32.5667,-117.1167,25
36.3200,-115.7000,7
40.2342,-85.3936,16
30.0494,-90.0289,38
43.9906,-70.9475,7
45.6194,-121.1661,30
35.2333,-101.7089,38
34.2622,-88.7714,21
32.3367,-90.2214,12
32.6500,-114.6167,20
37.1431,-107.7597,18
37.4389,-105.8614,33
30.0481,-102.2131,32
34.2675,-77.8997,38
45.2486,-122.7686,17
46.7708,-100.7603,25
34.2008,-119.2069,26
35.2372,-120.6414,30
28.8208,-81.8097,27
43.0661,-108.4767,20
60.7850,-161.8292,34
64.7767,-141.1483,24
41.6117,-90.5808,31
37.2253,-89.5706,13
39.4206,-79.0050,18
38.8169,-92.2183,37
27.4981,-80.3767,17
40.4122,-86.9369,17
38.9286,-90.4281,32
34.8822,-95.7831,24
35.0169,-80.6206,17
38.3000,-76.4167,19
36.2117,-115.1958,22
41.3461,-82.1794,13
40.9781,-124.1086,21
46.7994,-102.7972,29
36.7200,-106.2600,5
37.7461,-97.2211,48
41.7806,-122.4717,47
33.0375,-116.9158,22
42.8153,-108.7261,24
34.9883,-117.8647,25
38.6644,-94.8900,40
32.5722,-116.9794,16
36.0097,-94.1694,27
42.5950,-87.9381,20
43.8000,-114.8500,8
39.6014,-116.0056,35
47.2856,-68.3133,40
34.1750,-91.9347,6
43.0206,-102.5183,13
39.7333,-77.4333,3
44.4683,-73.1500,9
41.8833,-91.7167,42
39.8233,-93.5792,32
43.5164,-112.0672,28
36.0394,-95.9844,26
29.7333,-85.0333,36
34.4258,-119.8425,25
43.9922,-76.0217,26
41.6764,-70.9583,16
44.1278,-123.2206,17
42.2333,-83.5333,11
31.3214,-85.4497,32
38.3794,-81.5900,5
37.9050,-93.3169,49
46.9208,-114.0925,14
36.7414,-104.5022,29
41.2531,-70.0608,31
44.2558,-121.1392,26
41.5272,-85.7922,28
44.3592,-89.8369,25
37.3278,-95.5042,20
48.8700,-121.7900,0
40.1100,-87.9567,27
41.6264,-80.2150,11
60.1283,-149.4167,109
43.9658,-107.9508,20
42.2667,-84.4667,17
35.1442,-111.6664,11
61.2169,-149.8550,47
40.0397,-88.2778,26
64.5500,-149.0717,18
26.2500,-80.1083,36
36.9839,-77.0075,9
35.5953,-82.5567,9
48.4608,-119.5167,37
40.0681,-118.5692,22
21.4500,-157.7833,17
38.8761,-98.8092,52
30.0675,-95.5561,10
44.3394,-105.5419,31
32.7800,-79.9319,45
41.0089,-74.7367,8
34.0511,-118.2353,5
37.9272,-100.7247,43
39.3792,-74.4242,31
26.5361,-81.7550,29
39.8447,-89.6839,34
37.2839,-98.5528,32
39.5703,-104.8489,29
64.3267,-158.7417,20
40.4847,-80.2144,8
30.5892,-96.3647,21
43.7600,-116.1000,12
44.7694,-106.9689,10
44.0511,-101.6011,19
40.7789,-73.9692,11
44.5344,-72.6144,7
34.9894,-99.0525,51
35.3889,-97.6006,43
35.4344,-119.0542,26
33.9786,-98.4928,46
39.0725,-95.6261,39
45.8619,-96.5650,27
36.3189,-119.6289,25
35.7700,-105.7800,4
36.5100,-106.3200,305
41.8161,-80.4250,0
40.6825,-74.1694,31
40.0803,-95.5919,38
27.7839,-97.5108,34
41.9097,-70.7294,15
46.7439,-117.1086,40
42.9486,-78.7369,26
37.9917,-122.0550,41
42.6958,-73.1708,5
29.3389,-98.4719,23
42.6425,-77.0564,12
42.7431,-73.8092,12
42.0647,-104.1528,33
28.4339,-81.3250,15
44.3814,-100.2856,22
41.1519,-104.8061,37
42.3200,-120.8300,12
44.3853,-74.2067,12
33.6267,-116.1594,29
37.6542,-122.1150,32
40.4422,-109.5144,22
34.0500,-94.4008,12
41.6686,-70.2800,20
38.3650,-82.5550,10
33.6228,-111.9106,13
41.1583,-73.1289,28
33.6361,-91.7556,9
59.7494,-154.9089,67
39.4519,-87.3089,22
36.7800,-119.7194,28
42.7900,-121.9800,13
40.3000,-111.2600,11
37.0911,-95.5664,32
30.0375,-91.8839,12
42.9550,-87.9044,26
42.1469,-121.7242,46
32.3542,-95.4025,29
39.9369,-91.1919,37
41.4525,-87.0058,19
37.7214,-122.2208,36
42.9667,-83.7494,17
37.2833,-102.6139,35
45.7728,-122.8611,13
40.8764,-74.2831,7
34.6517,-112.4208,23
36.0969,-79.9433,11
33.8117,-78.7239,34
33.1783,-86.7817,14
37.5050,-77.3203,19
45.0717,-83.5644,23
45.6689,-96.9914,36
38.9408,-77.4636,15
42.8939,-85.5447,17
42.5519,-71.7558,23
32.5428,-93.7450,9
41.2639,-72.8872,23
34.2006,-118.3575,20
58.6794,-156.6294,37
62.3200,-150.0950,11
47.5303,-122.3008,19
38.5050,-107.8975,30
45.4558,-98.4131,28
45.5511,-122.4089,11
42.1094,-77.9919,8
41.6328,-91.5431,34
43.7600,-115.2400,12
33.2119,-87.6161,17
46.9253,-96.8111,59
46.1569,-123.8825,20
34.9869,-81.0575,14
40.8436,-72.6322,17
41.0731,-71.9233,20
41.3375,-84.4289,11
39.3669,-101.7000,47
36.3333,-119.9500,32
39.9444,-81.8922,9
33.4050,-118.4158,23
34.6294,-118.0836,41
34.4272,-100.2831,36
31.4208,-110.8458,22
37.3031,-108.6275,31
39.2292,-106.3169,31
44.5483,-95.0803,37
29.7036,-98.0281,30
33.8750,-84.3022,20
40.8217,-72.8689,19
42.5544,-92.4011,52
36.1189,-86.6892,22
39.1900,-120.2600,29
32.6847,-83.6528,28
42.4092,-83.0100,13
36.6239,-87.4194,15
48.5428,-109.7633,42
32.2622,-107.7206,23
39.7750,-105.1169,0
40.8203,-82.5178,20
44.2667,-71.2994,62
31.3711,-100.4922,39
35.6169,-106.0889,43
30.3208,-97.7603,20
40.0489,-107.8853,23
41.5944,-109.0528,28
35.5931,-88.9167,11
42.7611,-87.8136,19
41.5631,-83.4764,16
47.4444,-122.3139,26
46.0947,-118.2869,40
39.3450,-81.4392,7
32.3500,-91.0278,10
32.9733,-97.3181,36
27.5333,-99.4667,40
30.7797,-86.5225,13
38.6956,-121.5897,41
48.0944,-105.5744,25
33.9519,-117.4386,22
48.2553,-101.2733,34
41.4333,-99.6333,36
7.0833,171.3833,39
39.7194,-76.8028,13
38.8000,-97.6500,50
71.2833,-156.7814,94
31.3347,-92.5586,8
29.6381,-95.2819,12
45.0133,-84.7014,29
42.7461,-86.0967,17
40.1519,-122.2536,47
33.5656,-86.7450,29
27.9106,-82.6875,29
42.1128,-92.9175,48
37.3711,-118.3581,31
30.4781,-87.1869,22
29.1097,-95.4619,13
40.1203,-76.2944,11
39.4717,-76.1697,0
43.4075,-94.7461,54
44.6381,-90.1875,31
30.6794,-88.2397,17
32.7667,-97.4500,38
38.4167,-113.0167,24
46.4167,-86.6500,43
33.9381,-118.3889,30
47.9078,-122.2803,28
40.7794,-73.8803,22
32.7336,-117.1831,16
38.7642,-87.6056,22
45.8183,-88.1144,31
66.9161,-151.5089,22
37.7086,-113.0944,22
40.2064,-100.5914,53
39.3600,-106.0600,13
46.4267,-105.8825,40
35.8922,-78.7819,19
36.0167,-102.5500,42
38.1811,-85.7392,19
26.0719,-80.1536,40
40.6331,-93.9019,44
33.6800,-117.8664,19
41.5333,-71.2833,22
36.2500,-115.6300,13
28.4736,-82.4544,17
17.7028,-64.8056,74
48.5222,-123.0231,13
40.6161,-83.0636,10
38.8853,-79.8528,9
39.4019,-77.9844,8
42.4167,-87.8667,14
29.1828,-81.0483,16
43.1406,-89.3453,27
37.2958,-81.2078,17
32.3336,-104.2581,37
25.7906,-80.3164,31
26.9172,-81.9914,30
32.8342,-115.5786,29
31.9514,-85.1289,19
34.7442,-87.5997,22
33.4669,-82.0386,31
39.1667,-76.6833,9
35.9333,-79.0642,13
45.1947,-123.1339,17
18.3331,-64.9667,79
41.8678,-84.0794,15
44.3675,-71.5450,9
41.1078,-92.4467,49
36.1625,-97.0894,40
47.9375,-124.5550,19
34.6242,-106.3103,0
41.1214,-100.6694,35
24.5550,-81.7522,30
43.7700,-88.4864,24
39.2900,-117.1100,10
46.0261,-91.4442,41
28.8614,-96.9303,22
45.5433,-94.0514,33
28.9844,-95.3808,4
41.5175,-81.6836,32
40.4719,-81.4236,6
24.5833,-81.6833,33
40.6508,-75.4492,8
41.5092,-74.2650,8
32.8519,-96.8556,47
36.8167,-76.0333,27
38.8100,-104.6883,47
34.1853,-79.7239,32
41.2433,-76.9217,11
25.9069,-80.2803,30
47.0492,-109.4578,27
36.7683,-96.0261,19
31.4156,-87.0442,24
42.3075,-85.2511,20
43.5331,-84.0797,25
36.9878,-120.1106,25
41.1389,-75.3794,13
38.7550,-109.7542,26
40.2383,-75.5572,5
35.5144,-108.7939,15
33.9706,-80.9958,14
34.2167,-119.0833,23
48.2138,-106.6213,31
48.1203,-123.4983,9
35.2236,-80.9553,23
26.1522,-81.7753,37
44.5169,-108.0822,17
38.6572,-90.6558,14
47.9742,-117.4283,20
39.3756,-99.8297,44
38.8983,-119.9947,23
31.9433,-102.1889,53
34.2900,-93.0600,15
32.8167,-115.6833,25
28.0622,-81.7542,19
44.8428,-117.8086,12
39.7556,-82.6572,5
30.4000,-81.4167,21
35.2578,-93.0947,6
18.4325,-66.0108,50
34.6439,-86.7861,29
31.6072,-110.4281,31
37.2622,-104.3378,38
40.2769,-74.8158,19
36.8600,-106.2300,389
42.0800,-80.1825,20
63.9944,-145.7214,45
47.3258,-106.9475,30
46.5486,-90.9189,39
55.5800,-133.0750,27
46.8706,-68.0172,24
32.8158,-117.1394,22
47.4933,-122.2144,22
30.1831,-97.6800,23
35.1822,-103.6031,42
40.8289,-115.7886,24
33.3644,-81.9633,17
39.4781,-88.2803,26
21.3167,-158.0667,17
43.3500,-73.6167,13
59.4556,-135.3239,39
30.9119,-102.9167,50
39.1258,-123.2008,21
37.7064,-112.1456,30
44.9047,-97.1494,32
45.5464,-100.4078,31
40.1667,-103.2167,49
43.1711,-86.2367,21
33.7792,-84.5214,24
60.7850,-148.8389,41
31.8606,-86.0122,29
45.0319,-102.0192,35
31.6189,-97.2283,32
35.5342,-97.6469,55
43.8789,-91.2528,29
13.4836,144.7961,21
40.1550,-103.1417,45
47.2675,-122.5761,19
34.8831,-82.2203,24
44.3981,-98.2231,21
31.8311,-104.8089,56
47.6831,-117.3214,18
47.3078,-119.5153,29
39.1333,-86.6167,14
35.8550,-77.8931,23
40.7833,-91.1253,38
35.0028,-105.6628,43
39.9181,-76.8742,4
67.7317,-164.5483,96
39.6428,-79.9164,9
30.6264,-88.0681,24
40.5175,-122.2986,43
36.6206,-116.0278,26
30.3975,-84.3289,26
42.8375,-103.0953,22
28.7247,-96.2536,30
46.0139,-102.6547,22
45.9647,-112.5006,22
46.2400,-117.3900,9
37.2353,-93.4003,52
38.3083,-75.1239,26
42.8914,-73.2469,9
38.0442,-87.5206,14
19.7192,-155.0531,25
30.5069,-86.9597,20
39.7075,-86.2803,26
37.1319,-76.4930,25
39.6728,-75.6008,19
39.7053,-105.6997,13
26.1839,-98.2539,28
44.7408,-85.5825,20
41.7361,-72.6506,12
38.3306,-96.1897,54
22.0333,-159.7833,25
48.6033,-112.3753,67
43.4133,-124.2436,14
36.2967,-99.7689,44
34.2719,-83.8303,33
41.8706,-103.5931,32
43.8339,-111.8045,23
39.8344,-88.8656,26
39.8328,-104.6575,37
42.2706,-71.8731,31
37.6928,-121.8144,37
42.1928,-89.0931,27
44.2100,-110.6700,15
37.0683,-88.7719,8
39.5936,-84.2264,22
44.0433,-103.0536,18
41.2003,-74.6231,8
33.4964,-90.0867,12
41.4131,-81.8600,20
37.1467,-94.5022,43
32.6261,-116.4681,31
36.1994,-95.8872,42
39.1033,-84.4189,11
57.1553,-170.2222,85
45.0800,-117.5500,7
40.6675,-89.6839,26
46.8369,-92.2097,49
40.1764,-80.6472,14
30.7044,-87.0231,19
37.6544,-97.4425,46
37.7081,-77.4344,5
32.7817,-98.0603,34
44.7900,-116.0900,9
39.4900,-121.6183,37
46.9258,-98.6692,38
31.5358,-82.5067,16
34.9000,-76.8833,38
42.8050,-72.0036,8
41.7219,-71.4325,26
35.0564,-89.9864,22
35.3331,-94.3625,29
41.3931,-70.6150,26
44.4983,-88.1111,27
36.6636,-121.6081,38
39.3667,-75.0667,11
55.0389,-131.5786,83
37.0872,-84.0769,6
34.0158,-118.4514,21
29.9506,-94.0206,17
31.3928,-92.2956,5
41.5097,-72.8278,9
42.5906,-117.8644,35
32.4833,-80.7167,33
41.6875,-69.9933,13
27.6531,-80.2428,14
30.8458,-85.6014,11
43.1544,-93.3269,49
37.6242,-120.9506,34
34.7000,-77.3833,36
38.1386,-78.4530,13
41.9950,-87.9336,23
7.3333,134.4833,24
26.2281,-97.6542,30
29.3783,-100.9269,43
35.9403,-89.8308,16
33.8117,-118.1464,20
38.4000,-119.5400,22
34.4978,-82.7097,28
39.5781,-85.8033,20
46.1442,-115.5964,16
40.5100,-101.6200,38
70.1917,-148.4772,85
44.1708,-114.9272,13
41.3119,-105.6747,25
43.2781,-70.9222,16
42.4819,-114.4869,32
30.3489,-85.7881,21
59.4433,-151.7017,34
32.5156,-92.0406,16
33.2367,-107.2681,30
32.6808,-96.8681,30
30.3433,-89.8222,17
37.7608,-99.9683,44
42.7803,-84.5789,14
40.6239,-74.6694,15
31.8456,-86.6108,25
32.7100,-96.2672,21
35.0678,-77.0481,39
38.0494,-103.5122,38
30.8356,-85.1839,22
44.0206,-117.0128,12
38.2900,-104.4983,27
55.3567,-131.7117,85
59.2433,-135.5094,50
41.0375,-81.4642,13
29.9933,-90.2511,28
36.9358,-121.7886,23
39.3644,-84.5247,9
38.5911,-92.1558,33
47.0339,-120.5303,31
45.8258,-119.2611,22
47.4667,-87.8833,27
30.7406,-98.2353,22
31.4583,-109.6061,22
36.7436,-108.2292,25
48.7939,-122.5372,17
38.9597,-94.3714,46
39.5514,-97.6508,51
34.3622,-98.9761,31
61.1000,-149.6936,112
39.2231,-106.8683,25
15.1167,145.7167,17
47.2078,-119.3192,25
40.8097,-124.1603,11
41.6236,-98.9517,35
39.8683,-75.2311,22
38.2281,-85.6636,13
41.1014,-102.9847,48
46.1236,-67.7928,19
40.7083,-84.0267,17
40.8500,-74.0614,16
44.3744,-70.3164,4
38.5000,-77.3000,29
34.8536,-116.7858,47
32.8978,-97.0189,42
39.1894,-103.7158,42
36.6950,-76.1356,19
33.1281,-117.2794,16
44.4911,-71.5725,0
31.1500,-92.9667,5
35.4111,-80.5833,13
29.6333,-83.1053,16
47.8306,-110.6608,9
42.9203,-112.5711,32
35.9200,-106.3900,3
43.7694,-87.8506,18
43.6497,-70.3003,25
36.5881,-121.8453,17
30.5108,-99.7664,23
48.7200,-116.4600,15
47.3000,-121.6000,14
31.1828,-90.4708,18
41.7781,-80.6958,9
32.5500,-88.5667,13
34.5467,-93.5781,6
37.6703,-95.4842,47
35.9508,-85.0814,11
35.2578,-113.9331,26
45.6478,-68.6925,21
34.7336,-76.6606,45
28.5453,-81.3331,17
43.1561,-90.6775,13
41.4000,-107.2600,7
26.5850,-81.8614,31
41.7419,-72.1836,8
56.6000,-169.5650,40
38.7667,-104.3000,38
39.3903,-94.5553,31
41.9922,-93.6217,31
43.1111,-76.1039,20
35.7425,-81.3819,6
34.7436,-118.7242,54
33.3075,-104.5083,43
34.8994,-120.4486,21
42.6003,-123.3642,33
33.8281,-116.5053,33
48.7167,-94.6000,30
41.5339,-93.6531,50
42.3811,-122.8722,21
40.4953,-107.5211,12
47.4733,-111.3822,57
39.4839,-119.7711,26
46.9733,-122.9033,26
38.5714,-90.1572,23
47.3864,-92.8389,22
45.8678,-95.3942,45
42.2228,-83.7444,13
42.1244,-86.4267,19
37.3208,-79.2067,11
41.9856,-97.4353,50
39.2775,-120.7103,32
46.5683,-120.5428,26
43.9636,-69.7117,12
35.6575,-109.0614,11
43.3906,-99.8422,31
35.1350,-90.2344,11
35.4319,-82.5375,10
30.7439,-95.5861,16
36.1900,-105.5600,7
39.0083,-95.2117,39
34.7675,-114.6189,25
39.8250,-86.2958,19
44.6500,-73.4667,17
55.2208,-162.7325,76
34.2097,-118.4892,16
41.4914,-120.5644,41
30.3567,-95.4139,14
33.4617,-80.8581,27
44.8831,-93.2289,36
47.9428,-97.1839,49
38.8317,-94.8897,55
38.8483,-77.0342,18
31.2819,-89.2531,19
43.6264,-72.3047,11
34.6719,-82.8864,20
44.9050,-123.0011,23
32.5161,-84.9422,33
41.3714,-73.4828,16
36.9647,-86.4239,15
58.3567,-134.5639,19
29.6919,-82.2756,23
39.1208,-94.5969,55
26.1658,-97.3458,35
38.0408,-84.6058,21
36.9261,-111.4478,15
29.2733,-94.8592,33
39.5264,-107.7264,19
35.8311,-90.6464,19
41.9144,-88.2464,17
41.8756,-71.0211,7
46.4047,-94.1308,45
42.3978,-90.7036,47
-14.3306,-170.7136,81
27.4014,-82.5586,28
37.5908,-83.3131,5
34.1167,-119.1167,25
35.2100,-99.1200,51
35.6567,-95.3614,32
44.8322,-93.4706,37
34.9914,-78.8803,25
35.2325,-75.6219,41
45.5644,-84.7928,22
61.1689,-150.0278,54
47.7472,-90.3444,5
29.9800,-95.3600,11
32.2997,-86.4075,38
34.7272,-92.2389,13
42.6650,-83.4181,13
36.2833,-94.3000,32
39.1342,-108.5400,34
33.5872,-85.8556,26
40.8300,-111.7600,13
30.4844,-81.7019,24
38.1847,-84.9033,14
43.2119,-90.1814,25
40.9017,-117.8081,22
40.8250,-92.8925,36
33.8719,-117.9789,15
47.1686,-88.4889,26
40.0819,-75.0111,15
41.5886,-83.8014,8
36.0300,-106.8100,4
43.3497,-76.3847,13
40.8731,-81.8867,9
39.0431,-84.6717,21
25.9989,-80.2411,31
36.0700,-105.6300,3
36.7367,-97.1019,45
31.3500,-85.6667,33
39.4203,-83.8217,15
41.8056,-107.1997,22
38.0511,-117.0903,41
43.1167,-77.6767,21
34.7917,-79.3661,30
42.8975,-106.4636,40
48.5614,-93.3981,24
35.7047,-101.5492,4
32.1314,-110.9553,17
7.4500,151.8333,45
26.1969,-80.1708,25
36.6817,-101.5053,28
34.8461,-82.3461,27
45.6983,-110.4408,47
36.0236,-84.2375,3
41.7072,-86.3164,22
44.5761,-71.1786,9
30.7825,-83.2767,14
27.7628,-82.6261,44
33.6542,-101.8136,56
37.1681,-97.0369,47
43.1953,-71.5011,16
30.2050,-91.9875,6
26.6847,-80.0994,26
31.0425,-86.3117,16
30.5372,-91.1469,13
43.1644,-95.2017,61
6.9667,158.2167,35
62.9614,-141.9292,51
42.3914,-96.3792,55
57.0481,-135.3647,22
42.9333,-71.4383,21
46.3583,-104.2500,25
45.8069,-108.5422,51
39.9492,-74.8417,10
41.7803,-124.2367,37
33.4536,-94.0075,17
47.6458,-101.4394,19
45.6044,-103.5464,34
30.5844,-97.4156,9
42.5700,-72.2911,9
60.4889,-145.4511,40
35.0281,-110.7208,15
20.8997,-156.4286,47
45.4622,-69.5953,24
40.9706,-85.2064,18
32.6636,-97.0939,33
33.9486,-81.1186,31
31.2361,-94.7544,16
42.4933,-79.2722,22
40.0781,-83.0781,10
40.1936,-76.7633,9
44.3592,-84.6739,25
31.3072,-95.4508,0
62.1592,-145.4589,48
66.8667,-162.6333,80
36.2667,-93.1567,34
57.7511,-152.4856,97
40.9656,-105.2186,40
32.3347,-88.7442,14
42.5844,-110.1075,22
60.5797,-151.2392,44
46.2667,-119.1167,25
39.4167,-118.7167,20
42.4700,-71.2894,11
38.2103,-122.2847,35
33.9753,-117.6361,28
44.5228,-114.2150,17
37.4058,-122.0481,33
32.0311,-96.3989,20
40.6386,-73.7622,30
39.1353,-96.6778,40
62.9575,-155.6103,30
33.3633,-84.5658,21
41.6267,-73.8842,6
31.3089,-86.3939,21
35.6875,-117.6931,34
34.5183,-109.3792,18
41.1783,-78.8989,11
46.6056,-111.9636,21
37.3169,-79.9742,11
42.0572,-102.8000,32
45.5406,-122.9486,14
38.6892,-75.3592,14
32.4106,-99.6822,55
28.4567,-99.2183,34
40.0972,-92.5433,44
41.3103,-95.8992,55
42.1208,-87.9047,13
38.9833,-76.4667,22
47.4569,-115.6450,24
34.6081,-79.0592,28
25.9156,-97.4186,28
42.8783,-100.5500,26
41.7700,-88.4814,16
38.9503,-95.6639,47
36.2606,-76.1750,39
32.8547,-109.6353,21
27.9619,-82.5403,23
36.9600,-106.6600,7
36.9500,-76.2833,30
36.1306,-80.5481,0
29.5442,-98.4839,31
32.4506,-93.8411,8
31.5883,-110.3442,22
21.3239,-157.9294,28
37.8892,-121.2258,26
41.4653,-90.5233,25
36.7900,-105.2400,3
40.7342,-73.4169,23
41.9381,-72.6825,14
36.7725,-90.3247,9
34.3447,-108.4922,0
33.1803,-96.5903,33
43.5950,-118.9564,24
59.5119,-139.6711,29
39.7736,-94.9233,48
40.8600,-102.8031,40
33.4278,-112.0039,20
45.0619,-93.3508,33
34.7411,-118.2117,36
33.2208,-92.8142,15
32.3206,-90.0778,12
40.8206,-76.8642,5
33.9228,-118.3342,20
36.8781,-91.9025,18
30.1250,-93.2158,15
39.2447,-102.2842,43
34.0561,-117.6003,25
19.7356,-156.0489,28
45.4353,-67.7214,18
43.2389,-123.3547,10
29.3331,-89.4075,26
35.6950,-101.3950,32
47.3600,-121.5700,5
44.8889,-116.1017,16
42.1594,-76.8919,13
39.1019,-121.5678,33
41.3325,-122.3328,4
31.5356,-84.1944,33
42.7172,-71.1239,13
34.7500,-111.4100,536
40.0228,-82.4625,2
44.3814,-106.7211,33
43.9042,-92.4917,56
42.1908,-71.1736,10
44.2033,-72.5794,11
39.4300,-120.3100,9
42.7972,-105.3856,38
36.0000,-106.8300,2
66.0689,-162.7639,76
41.2731,-111.0306,31
29.5189,-95.2417,11
39.7078,-77.7297,13
45.6308,-89.4653,38
40.9167,-81.4333,16
35.9461,-112.1547,11
38.3406,-75.5103,16
47.6217,-117.5281,34
31.8111,-106.3758,26
41.3275,-72.0494,29
41.0669,-73.7075,26
41.7872,-111.8533,13
21.1544,-157.0961,29
47.2381,-123.1408,17
37.3592,-121.9239,32
38.7525,-90.3736,43
45.5114,-118.4247,4
42.4272,-73.2892,9
38.0700,-102.6881,27
43.9844,-88.5569,25
34.6525,-86.9453,20
32.8192,-97.3614,47
33.2194,-117.3494,19
40.5300,-106.7800,5
44.9319,-93.0556,34
40.3161,-78.8339,13
42.2314,-83.3308,12
35.6697,-120.6283,27
41.2544,-80.6739,15
38.1311,-91.7683,45
61.5961,-149.0917,39
38.0653,-97.8606,51
43.5667,-116.2406,35
64.5111,-165.4400,44
30.3361,-81.5147,19
35.0419,-106.6156,50
21.9839,-159.3405,34
41.0467,-78.4117,15
36.3100,-115.6800,2
40.6044,-98.4272,42
41.3336,-75.7269,20
42.5708,-77.7133,19
61.1781,-149.9664,51
32.7000,-117.2000,22
37.7836,-81.1231,22
28.1011,-80.6439,20
31.7800,-103.2017,46
39.8000,-106.0300,8
31.9206,-102.3867,59
25.6475,-80.4331,31
42.1997,-75.9850,12
39.9914,-82.8808,6
42.1578,-72.7161,13
32.3847,-94.7117,17
36.9900,-105.2600,3
36.9033,-76.1922,34
33.6186,-114.7142,28
40.3667,-75.9667,10
47.3978,-120.2014,30
45.7881,-111.1608,19
27.7411,-98.0247,33
35.8517,-97.4142,36
32.1300,-81.2100,33
64.8039,-147.8761,38
40.3547,-79.9217,12
35.1967,-81.1558,13
35.0761,-89.7430,0
29.3600,-99.1742,32
36.4486,-103.1539,35
27.5000,-97.8167,29
33.2061,-97.1989,38
43.7331,-103.6114,18
30.7167,-87.0167,21
38.8500,-94.7392,50
41.1961,-112.0114,27
40.3300,-75.1225,12
30.2333,-81.6667,32
41.3497,-71.7989,22
41.7861,-87.7522,26
44.7978,-68.8186,26
40.2172,-76.8514,14
27.6833,-97.2833,38
48.3042,-114.2636,16
33.6300,-84.4417,40
42.5842,-70.9175,19
30.4119,-89.0808,30
43.3436,-72.5178,10
44.0219,-82.7931,25
44.3206,-69.7972,21
36.4731,-82.4044,5
48.3500,-122.6667,23
40.2964,-78.3203,6
38.7042,-93.1833,42
33.9481,-83.3275,25
9.4833,138.0833,31
37.6197,-122.3647,38
70.2117,-151.0017,85
38.3775,-121.9575,20
33.6883,-112.0817,17
30.4000,-86.4717,26
34.5583,-98.4172,28
32.8667,-117.1333,19
36.5728,-79.3361,6
40.8508,-96.7475,51
37.2847,-120.5128,22
38.5039,-122.8103,21
40.9611,-98.3136,48
43.7667,-98.0333,30
31.4000,-93.2833,5
45.6906,-118.8528,35
45.6208,-122.6572,16
37.7797,-89.2497,16
34.3478,-85.1611,19
48.1739,-103.6367,23
43.2339,-75.4117,14
37.9406,-75.4631,28
44.9258,-89.6256,29
44.3800,-116.3400,16
39.6092,-110.7547,22
32.8986,-80.0403,34
30.4636,-88.5319,20
39.3100,-111.4300,17
42.3606,-71.0106,34
46.4794,-84.3572,28
29.6222,-95.6564,16
42.9600,-121.1800,8
39.2956,-80.2289,10
28.0836,-97.0464,34
42.2347,-85.5519,17
35.6542,-105.1419,37
39.2972,-94.7306,60
36.0719,-115.1633,20
45.5908,-122.6003,22
46.9006,-95.0678,43
36.1336,-80.2222,12
28.7797,-81.2436,17
35.7800,-105.5400,1
43.1072,-78.9453,21
40.7781,-111.9694,37
41.7636,-96.1778,43
34.1231,-84.8486,15
36.3689,-92.4703,20
38.5069,-121.4950,28
44.8664,-91.4878,31
43.0303,-78.1692,31
43.5878,-96.7289,46
24.7258,-81.0517,26
39.2953,-114.8467,41
42.7267,-114.4564,35
39.4494,-74.5672,24
45.2575,-112.5545,31
46.3747,-117.0156,23
39.9061,-84.2186,22
38.1417,-76.4292,11
44.5444,-110.4211,13
34.2486,-82.1592,20
40.7939,-73.1017,21
35.0311,-85.2014,21
41.8031,-78.6403,6
59.6419,-151.4908,38
41.0136,-83.6686,14
46.9728,-123.9303,30
44.9358,-74.8458,22
35.8181,-83.9858,18
31.1522,-81.3908,38
36.0467,-79.4769,11
