40.1100,-87.9567,144
41.1453,-85.4897,156
33.8083,-79.8567,194
47.0575,-109.9514,211
33.2564,-81.2422,233
34.1944,-79.2472,211
41.8161,-80.4250,178
40.4750,-86.9919,178
32.7547,-104.3836,244
34.2183,-81.0731,283
42.7831,-71.4147,217
37.1317,-86.1481,206
37.8194,-85.3847,239
42.1397,-87.7853,200
28.4575,-97.7061,300
33.8103,-91.2778,222
44.4933,-68.4583,194
40.4719,-74.4364,217
62.1925,-150.5033,111
37.0683,-88.7725,228
46.8706,-68.0172,200
38.4558,-86.6983,200
40.2233,-86.1086,233
44.9847,-93.1772,189
34.4719,-81.8839,261
35.6214,-88.8456,244
32.3500,-94.6500,272
37.9311,-98.0297,222
40.0739,-87.5067,217
39.4833,-83.8500,194
42.2947,-83.7108,156
37.1244,-87.8672,233
38.4661,-101.7758,239
39.4708,-87.4081,233
27.7792,-97.5056,272
39.4700,-80.8572,206
38.7386,-87.4878,211
28.7156,-97.1742,267
41.0267,-86.5867,183
34.1419,-80.8700,261
35.6042,-91.2744,244
45.0853,-67.1203,211
38.5200,-89.8467,217
34.6603,-82.8236,272
38.8894,-86.5519,200
42.3806,-96.9575,189
32.2822,-106.7597,300
41.4439,-86.9294,189
40.7928,-87.7556,167
33.7775,-81.8467,256
40.9361,-90.7197,194
32.5133,-92.3486,244
44.8831,-85.6753,167
40.2539,-85.1483,194
32.9206,-86.6708,244
46.3414,-86.9242,139
38.3139,-81.7186,206
36.7578,-90.4056,233
28.8608,-97.0181,311
40.8142,-85.1547,156
37.9931,-100.8122,217
37.1167,-84.6167,233
36.5914,-101.6181,239
20.7583,-156.3211,194
