37.1317,-86.1481,63
35.0761,-89.7430,67
48.0750,-111.2597,80
47.8306,-110.6608,36
34.7994,-109.8850,116
30.5347,-94.4456,36
61.1025,-149.7169,125
47.0083,-88.4317,63
39.7194,-76.8028,58
39.4206,-79.0050,85
44.4933,-68.4583,85
40.8600,-102.8031,165
39.1439,-103.4897,67
40.1100,-87.9567,40
40.9656,-105.2186,134
41.8161,-80.4250,36
41.0103,-103.8769,148
39.7750,-105.1169,103
61.5889,-149.0992,40
38.5039,-95.7036,89
39.3903,-94.5553,156
42.3997,-89.9903,80
35.5953,-82.5567,98
41.7392,-77.9711,54
45.4525,-99.3358,63
61.2967,-149.4400,112
40.5764,-105.0858,80
40.6558,-97.2208,130
34.1206,-115.8500,85
38.6644,-94.8900,121
47.2753,-88.4169,18
39.8814,-77.3506,80
34.6242,-106.3103,94
48.4628,-108.7792,18
45.0961,-112.0856,89
40.8250,-92.8925,72
34.2183,-116.4072,40
39.0733,-93.7075,130
48.9981,-110.2158,27
43.0167,-70.8333,13
45.6656,-97.0392,94
