43.8544,-116.4664,228
43.9794,-117.0247,200
40.1100,-87.9567,189
41.1453,-85.4897,156
33.8083,-79.8567,261
47.0575,-109.9514,217
33.2564,-81.2422,239
34.1944,-79.2472,244
41.8161,-80.4250,194
40.4750,-86.9919,178
32.7547,-104.3836,239
34.2183,-81.0731,289
42.7831,-71.4147,233
37.1317,-86.1481,250
37.8194,-85.3847,256
42.1397,-87.7853,222
28.4575,-97.7061,283
33.8103,-91.2778,256
44.4933,-68.4583,178
40.4719,-74.4364,222
62.1925,-150.5033,156
37.0683,-88.7725,272
46.8706,-68.0172,178
38.4558,-86.6983,239
40.2233,-86.1086,261
44.9847,-93.1772,222
34.4719,-81.8839,261
35.6214,-88.8456,283
32.3500,-94.6500,306
37.9311,-98.0297,244
40.0739,-87.5067,233
39.4833,-83.8500,206
42.2947,-83.7108,172
34.7289,-80.0389,267
37.1244,-87.8672,228
38.4661,-101.7758,250
27.7792,-97.5056,267
38.7003,-82.4736,272
39.4700,-80.8572,222
38.7386,-87.4878,244
28.7156,-97.1742,278
41.0267,-86.5867,206
34.1419,-80.8700,261
35.6042,-91.2744,272
45.0853,-67.1203,206
38.5200,-89.8467,267
34.6603,-82.8236,278
38.8894,-86.5519,233
42.3806,-96.9575,228
32.2822,-106.7597,300
41.4439,-86.9294,211
40.7928,-87.7556,206
47.6811,-117.6267,178
40.9361,-90.7197,267
36.1306,-80.5481,250
32.5133,-92.3486,283
44.8831,-85.6753,189
40.2539,-85.1483,217
32.9206,-86.6708,267
46.3414,-86.9242,161
38.3139,-81.7186,217
36.7578,-90.4056,272
28.8608,-97.0181,294
40.8142,-85.1547,183
37.9931,-100.8122,239
37.1167,-84.6167,233
44.5208,-101.6192,167
36.5914,-101.6181,244
20.7583,-156.3211,217
