32.5667,-117.1167,89
40.2342,-85.3936,85
30.0494,-90.0289,94
43.9906,-70.9475,67
45.6194,-121.1661,165
35.2333,-101.7089,165
34.2622,-88.7714,45
32.3367,-90.2214,81
32.6500,-114.6167,103
37.1431,-107.7597,121
37.4389,-105.8614,148
30.0481,-102.2131,112
34.2675,-77.8997,76
45.2486,-122.7686,112
46.7708,-100.7603,103
34.2008,-119.2069,112
35.2372,-120.6414,72
28.8208,-81.8097,121
43.0661,-108.4767,161
60.7850,-161.8292,121
64.7767,-141.1483,107
41.6117,-90.5808,157
37.2253,-89.5706,67
38.8169,-92.2183,125
27.4981,-80.3767,130
40.4122,-86.9369,94
38.9286,-90.4281,98
34.8822,-95.7831,103
35.0169,-80.6206,94
38.3000,-76.4167,98
36.2117,-115.1958,130
41.3461,-82.1794,54
40.9781,-124.1086,134
46.7994,-102.7972,89
37.7461,-97.2211,116
41.7806,-122.4717,121
33.0375,-116.9158,98
42.8153,-108.7261,179
34.9883,-117.8647,143
32.5722,-116.9794,85
36.0097,-94.1694,98
42.5950,-87.9381,116
39.6014,-116.0056,121
47.2856,-68.3133,116
34.1750,-91.9347,85
43.0206,-102.5183,103
39.7333,-77.4333,58
44.4683,-73.1500,89
41.8833,-91.7167,125
39.8233,-93.5792,98
43.5164,-112.0672,192
36.0394,-95.9844,116
29.7333,-85.0333,139
34.4258,-119.8425,81
43.9922,-76.0217,76
41.6764,-70.9583,107
44.1278,-123.2206,139
42.2333,-83.5333,85
31.3214,-85.4497,89
38.3794,-81.5900,49
46.9208,-114.0925,134
36.7414,-104.5022,134
41.2531,-70.0608,148
44.2558,-121.1392,112
41.5272,-85.7922,103
44.3592,-89.8369,94
37.3278,-95.5042,94
41.6264,-80.2150,67
60.1283,-149.4167,148
43.9658,-107.9508,125
42.2667,-84.4667,89
35.1442,-111.6664,121
61.2169,-149.8550,98
40.0397,-88.2778,94
64.5500,-149.0717,103
26.2500,-80.1083,192
36.9839,-77.0075,67
48.4608,-119.5167,165
40.0681,-118.5692,107
21.4500,-157.7833,98
38.8761,-98.8092,94
30.0675,-95.5561,81
44.3394,-105.5419,152
32.7800,-79.9319,58
41.0089,-74.7367,76
34.0511,-118.2353,72
37.9272,-100.7247,63
39.3792,-74.4242,112
26.5361,-81.7550,134
39.8447,-89.6839,130
37.2839,-98.5528,183
39.5703,-104.8489,103
64.3267,-158.7417,94
40.4847,-80.2144,81
30.5892,-96.3647,94
44.7694,-106.9689,215
44.0511,-101.6011,116
40.7789,-73.9692,103
44.5344,-72.6144,76
34.9894,-99.0525,148
35.3889,-97.6006,116
35.4344,-119.0542,94
33.9786,-98.4928,139
39.0725,-95.6261,98
36.3189,-119.6289,67
40.6825,-74.1694,116
40.0803,-95.5919,103
27.7839,-97.5108,116
41.9097,-70.7294,116
46.7439,-117.1086,130
42.9486,-78.7369,81
37.9917,-122.0550,103
42.6958,-73.1708,72
29.3389,-98.4719,107
42.6425,-77.0564,63
42.7431,-73.8092,125
42.0647,-104.1528,85
28.4339,-81.3250,139
44.3814,-100.2856,116
41.1519,-104.8061,157
44.3853,-74.2067,72
33.6267,-116.1594,81
37.6542,-122.1150,103
40.4422,-109.5144,94
34.0500,-94.4008,76
41.6686,-70.2800,143
38.3650,-82.5550,76
33.6228,-111.9106,89
41.1583,-73.1289,116
33.6361,-91.7556,72
59.7494,-154.9089,179
39.4519,-87.3089,89
36.7800,-119.7194,81
37.0911,-95.5664,112
30.0375,-91.8839,76
42.9550,-87.9044,112
42.1469,-121.7242,107
32.3542,-95.4025,103
39.9369,-91.1919,121
41.4525,-87.0058,98
37.7214,-122.2208,116
42.9667,-83.7494,85
37.2833,-102.6139,192
45.7728,-122.8611,103
40.8764,-74.2831,72
34.6517,-112.4208,107
36.0969,-79.9433,81
33.8117,-78.7239,85
33.1783,-86.7817,54
37.5050,-77.3203,76
45.0717,-83.5644,98
45.6689,-96.9914,157
38.9408,-77.4636,89
42.8939,-85.5447,94
42.5519,-71.7558,72
32.5428,-93.7450,98
41.2639,-72.8872,116
34.2006,-118.3575,81
58.6794,-156.6294,183
62.3200,-150.0950,54
47.5303,-122.3008,67
38.5050,-107.8975,89
45.4558,-98.4131,112
45.5511,-122.4089,81
42.1094,-77.9919,72
41.6328,-91.5431,161
33.2119,-87.6161,103
46.9253,-96.8111,121
46.1569,-123.8825,107
34.9869,-81.0575,72
40.8436,-72.6322,103
41.0731,-71.9233,103
41.3375,-84.4289,72
39.3669,-101.7000,94
36.3333,-119.9500,76
39.9444,-81.8922,49
33.4050,-118.4158,89
34.6294,-118.0836,134
34.4272,-100.2831,130
31.4208,-110.8458,134
37.3031,-108.6275,107
39.2292,-106.3169,130
44.5483,-95.0803,81
29.7036,-98.0281,94
33.8750,-84.3022,58
40.8217,-72.8689,107
42.5544,-92.4011,130
36.1189,-86.6892,63
32.6847,-83.6528,72
42.4092,-83.0100,85
36.6239,-87.4194,58
48.5428,-109.7633,197
32.2622,-107.7206,85
40.8203,-82.5178,58
44.2667,-71.2994,161
31.3711,-100.4922,116
35.6169,-106.0889,148
30.3208,-97.7603,85
40.0489,-107.8853,107
41.5944,-109.0528,197
35.5931,-88.9167,49
42.7611,-87.8136,107
41.5631,-83.4764,72
47.4444,-122.3139,76
46.0947,-118.2869,103
39.3450,-81.4392,49
32.3500,-91.0278,58
32.9733,-97.3181,94
27.5333,-99.4667,121
30.7797,-86.5225,116
38.6956,-121.5897,98
48.0944,-105.5744,139
33.9519,-117.4386,107
48.2553,-101.2733,67
41.4333,-99.6333,112
38.8000,-97.6500,107
71.2833,-156.7814,139
31.3347,-92.5586,63
29.6381,-95.2819,94
45.0133,-84.7014,94
42.7461,-86.0967,85
40.1519,-122.2536,107
33.5656,-86.7450,72
27.9106,-82.6875,134
42.1128,-92.9175,112
37.3711,-118.3581,121
30.4781,-87.1869,94
29.1097,-95.4619,94
40.1203,-76.2944,81
43.4075,-94.7461,103
44.6381,-90.1875,107
30.6794,-88.2397,72
32.7667,-97.4500,107
38.4167,-113.0167,157
46.4167,-86.6500,125
33.9381,-118.3889,107
47.9078,-122.2803,58
40.7794,-73.8803,103
32.7336,-117.1831,89
38.7642,-87.6056,89
45.8183,-88.1144,85
66.9161,-151.5089,89
37.7086,-113.0944,148
40.2064,-100.5914,98
46.4267,-105.8825,174
35.8922,-78.7819,94
36.0167,-102.5500,112
38.1811,-85.7392,72
26.0719,-80.1536,130
40.6331,-93.9019,98
33.6800,-117.8664,89
41.5333,-71.2833,116
28.4736,-82.4544,165
17.7028,-64.8056,165
48.5222,-123.0231,72
40.6161,-83.0636,54
38.8853,-79.8528,54
39.4019,-77.9844,54
42.4167,-87.8667,98
70.6392,-159.9950,107
29.1828,-81.0483,143
43.1406,-89.3453,89
37.2958,-81.2078,72
32.3336,-104.2581,130
25.7906,-80.3164,72
26.9172,-81.9914,161
32.8342,-115.5786,85
31.9514,-85.1289,63
34.7442,-87.5997,58
33.4669,-82.0386,67
39.1667,-76.6833,94
35.9333,-79.0642,85
45.1947,-123.1339,98
18.3331,-64.9667,125
41.8678,-84.0794,72
44.3675,-71.5450,81
41.1078,-92.4467,139
36.1625,-97.0894,116
47.9375,-124.5550,94
41.1214,-100.6694,103
24.5550,-81.7522,67
43.7700,-88.4864,89
46.0261,-91.4442,98
28.8614,-96.9303,112
45.5433,-94.0514,72
41.5175,-81.6836,85
40.4719,-81.4236,49
24.5833,-81.6833,63
40.6508,-75.4492,94
41.5092,-74.2650,112
32.8519,-96.8556,112
36.8167,-76.0333,107
38.8100,-104.6883,134
34.1853,-79.7239,125
41.2433,-76.9217,72
25.9069,-80.2803,94
47.0492,-109.4578,165
36.7683,-96.0261,98
31.4156,-87.0442,89
42.3075,-85.2511,85
43.5331,-84.0797,76
36.9878,-120.1106,67
41.1389,-75.3794,107
38.7550,-109.7542,103
40.2383,-75.5572,85
35.5144,-108.7939,107
33.9706,-80.9958,58
34.2167,-119.0833,94
48.2138,-106.6213,188
48.1203,-123.4983,94
35.2236,-80.9553,112
26.1522,-81.7753,130
44.5169,-108.0822,188
38.6572,-90.6558,81
47.9742,-117.4283,116
39.3756,-99.8297,148
38.8983,-119.9947,81
31.9433,-102.1889,116
34.2900,-93.0600,76
32.8167,-115.6833,98
28.0622,-81.7542,121
44.8428,-117.8086,143
39.7556,-82.6572,40
30.4000,-81.4167,121
35.2578,-93.0947,67
18.4325,-66.0108,134
34.6439,-86.7861,63
31.6072,-110.4281,107
37.2622,-104.3378,94
40.2769,-74.8158,98
42.0800,-80.1825,81
63.9944,-145.7214,210
47.3258,-106.9475,179
46.5486,-90.9189,89
55.5800,-133.0750,67
46.8706,-68.0172,112
32.8158,-117.1394,81
47.4933,-122.2144,67
30.1831,-97.6800,116
35.1822,-103.6031,103
40.8289,-115.7886,255
33.3644,-81.9633,67
39.4781,-88.2803,103
21.3167,-158.0667,76
43.3500,-73.6167,98
59.4556,-135.3239,139
30.9119,-102.9167,143
39.1258,-123.2008,103
37.7064,-112.1456,116
44.9047,-97.1494,81
45.5464,-100.4078,94
40.1667,-103.2167,125
43.1711,-86.2367,107
33.7792,-84.5214,58
60.7850,-148.8389,277
31.8606,-86.0122,98
45.0319,-102.0192,130
31.6189,-97.2283,107
35.5342,-97.6469,125
43.8789,-91.2528,81
13.4836,144.7961,94
47.2675,-122.5761,63
34.8831,-82.2203,72
44.3981,-98.2231,81
31.8311,-104.8089,130
47.6831,-117.3214,112
47.3078,-119.5153,157
39.1333,-86.6167,72
35.8550,-77.8931,121
40.7833,-91.1253,107
35.0028,-105.6628,130
39.9181,-76.8742,58
67.7317,-164.5483,85
39.6428,-79.9164,49
30.6264,-88.0681,81
40.5175,-122.2986,112
36.6206,-116.0278,165
30.3975,-84.3289,112
42.8375,-103.0953,98
28.7247,-96.2536,103
46.0139,-102.6547,134
45.9647,-112.5006,148
37.2353,-93.4003,98
38.3083,-75.1239,121
42.8914,-73.2469,67
38.0442,-87.5206,81
19.7192,-155.0531,98
30.5069,-86.9597,121
39.7075,-86.2803,89
37.1319,-76.4930,67
39.6728,-75.6008,89
26.1839,-98.2539,157
44.7408,-85.5825,112
41.7361,-72.6506,107
38.3306,-96.1897,107
22.0333,-159.7833,58
48.6033,-112.3753,192
43.4133,-124.2436,183
36.2967,-99.7689,116
34.2719,-83.8303,67
41.8706,-103.5931,89
43.8339,-111.8045,157
39.8344,-88.8656,103
39.8328,-104.6575,179
42.2706,-71.8731,89
37.6928,-121.8144,107
42.1928,-89.0931,112
37.0683,-88.7719,67
39.5936,-84.2264,89
44.0433,-103.0536,67
41.2003,-74.6231,81
33.4964,-90.0867,54
41.4131,-81.8600,76
37.1467,-94.5022,116
32.6261,-116.4681,98
36.1994,-95.8872,121
39.1033,-84.4189,58
57.1553,-170.2222,107
40.6675,-89.6839,130
46.8369,-92.2097,94
40.1764,-80.6472,63
30.7044,-87.0231,103
37.6544,-97.4425,130
37.7081,-77.4344,58
32.7817,-98.0603,89
39.4900,-121.6183,89
46.9258,-98.6692,233
31.5358,-82.5067,58
34.9000,-76.8833,94
42.8050,-72.0036,63
41.7219,-71.4325,116
35.0564,-89.9864,112
35.3331,-94.3625,85
41.3931,-70.6150,139
44.4983,-88.1111,98
36.6636,-121.6081,103
39.3667,-75.0667,76
55.0389,-131.5786,67
37.0872,-84.0769,49
34.0158,-118.4514,94
29.9506,-94.0206,98
31.3928,-92.2956,63
41.5097,-72.8278,103
42.5906,-117.8644,112
32.4833,-80.7167,107
41.6875,-69.9933,125
27.6531,-80.2428,165
43.1544,-93.3269,103
37.6242,-120.9506,89
34.7000,-77.3833,98
38.1386,-78.4530,63
41.9950,-87.9336,116
7.3333,134.4833,57
26.2281,-97.6542,121
29.3783,-100.9269,112
35.9403,-89.8308,72
33.8117,-118.1464,76
34.4978,-82.7097,67
39.5781,-85.8033,72
46.1442,-115.5964,72
40.5100,-101.6200,98
70.1917,-148.4772,112
44.1708,-114.9272,98
41.3119,-105.6747,174
43.2781,-70.9222,85
42.4819,-114.4869,103
30.3489,-85.7881,112
59.4433,-151.7017,121
32.5156,-92.0406,76
33.2367,-107.2681,188
32.6808,-96.8681,107
30.3433,-89.8222,67
37.7608,-99.9683,134
42.7803,-84.5789,85
31.8456,-86.6108,81
32.7100,-96.2672,107
42.5417,-113.7661,107
35.0678,-77.0481,94
38.0494,-103.5122,81
30.8356,-85.1839,139
44.0206,-117.0128,148
38.2900,-104.4983,89
55.3567,-131.7117,81
59.2433,-135.5094,130
41.0375,-81.4642,295
29.9933,-90.2511,112
36.9358,-121.7886,94
39.3644,-84.5247,49
38.5911,-92.1558,98
47.0339,-120.5303,197
45.8258,-119.2611,107
47.4667,-87.8833,112
30.7406,-98.2353,107
31.4583,-109.6061,139
36.7436,-108.2292,107
48.7939,-122.5372,81
38.9597,-94.3714,116
39.5514,-97.6508,107
34.3622,-98.9761,125
39.2231,-106.8683,98
15.1167,145.7167,94
47.2078,-119.3192,107
40.8097,-124.1603,130
41.6236,-98.9517,98
39.8683,-75.2311,107
38.2281,-85.6636,58
41.1014,-102.9847,130
46.1236,-67.7928,121
40.7083,-84.0267,76
40.8500,-74.0614,112
38.5000,-77.3000,103
34.8536,-116.7858,125
32.8978,-97.0189,107
39.1894,-103.7158,134
36.6950,-76.1356,85
33.1281,-117.2794,89
29.6333,-83.1053,139
42.9203,-112.5711,139
43.7694,-87.8506,98
43.6497,-70.3003,103
36.5881,-121.8453,81
30.5108,-99.7664,103
31.1828,-90.4708,76
41.7781,-80.6958,76
32.5500,-88.5667,148
34.5467,-93.5781,67
37.6703,-95.4842,107
35.9508,-85.0814,49
35.2578,-113.9331,139
45.6478,-68.6925,112
34.7336,-76.6606,72
28.5453,-81.3331,139
43.1561,-90.6775,58
26.5850,-81.8614,130
41.7419,-72.1836,94
56.6000,-169.5650,143
38.7667,-104.3000,130
41.9922,-93.6217,107
43.1111,-76.1039,81
35.7425,-81.3819,72
34.7436,-118.7242,134
33.3075,-104.5083,103
34.8994,-120.4486,89
42.6003,-123.3642,143
33.8281,-116.5053,98
48.7167,-94.6000,112
41.5339,-93.6531,103
42.3811,-122.8722,98
40.4953,-107.5211,152
47.4733,-111.3822,183
39.4839,-119.7711,130
46.9733,-122.9033,63
38.5714,-90.1572,107
47.3864,-92.8389,103
45.8678,-95.3942,89
42.2228,-83.7444,81
42.1244,-86.4267,103
37.3208,-79.2067,72
41.9856,-97.4353,179
39.2775,-120.7103,63
46.5683,-120.5428,183
43.9636,-69.7117,72
35.6575,-109.0614,161
43.3906,-99.8422,125
35.1350,-90.2344,67
35.4319,-82.5375,58
30.7439,-95.5861,81
39.0083,-95.2117,121
34.7675,-114.6189,112
39.8250,-86.2958,81
44.6500,-73.4667,107
55.2208,-162.7325,107
34.2097,-118.4892,85
41.4914,-120.5644,112
30.3567,-95.4139,112
33.4617,-80.8581,63
44.8831,-93.2289,103
47.9428,-97.1839,76
38.8317,-94.8897,112
38.8483,-77.0342,107
31.2819,-89.2531,76
43.6264,-72.3047,94
34.6719,-82.8864,49
44.9050,-123.0011,98
32.5161,-84.9422,94
41.3714,-73.4828,94
36.9647,-86.4239,63
58.3567,-134.5639,107
29.6919,-82.2756,116
39.1208,-94.5969,130
26.1658,-97.3458,125
38.0408,-84.6058,54
36.9261,-111.4478,98
29.2733,-94.8592,85
39.5264,-107.7264,134
35.8311,-90.6464,85
41.9144,-88.2464,98
41.8756,-71.0211,98
46.4047,-94.1308,89
42.3978,-90.7036,125
33.3000,-117.3500,85
27.4014,-82.5586,130
37.5908,-83.3131,40
34.1167,-119.1167,76
35.2100,-99.1200,165
33.4825,-90.9853,63
35.6567,-95.3614,98
44.8322,-93.4706,94
34.9914,-78.8803,94
35.2325,-75.6219,81
45.5644,-84.7928,98
61.1689,-150.0278,183
47.7472,-90.3444,63
29.9800,-95.3600,98
32.2997,-86.4075,72
34.7272,-92.2389,58
42.6650,-83.4181,85
36.2833,-94.3000,94
39.1342,-108.5400,116
33.5872,-85.8556,54
30.4844,-81.7019,139
38.1847,-84.9033,54
43.2119,-90.1814,81
40.9017,-117.8081,121
33.8719,-117.9789,76
47.1686,-88.4889,89
40.0819,-75.0111,85
41.5886,-83.8014,67
43.3497,-76.3847,72
40.8731,-81.8867,54
39.0431,-84.6717,63
25.9989,-80.2411,89
36.7367,-97.1019,107
31.3500,-85.6667,67
39.4203,-83.8217,63
41.8056,-107.1997,165
38.0511,-117.0903,98
43.1167,-77.6767,85
34.7917,-79.3661,112
42.8975,-106.4636,179
48.5614,-93.3981,85
32.1314,-110.9553,183
7.4500,151.8333,52
26.1969,-80.1708,134
36.6817,-101.5053,85
34.8461,-82.3461,94
45.6983,-110.4408,188
36.0236,-84.2375,54
41.7072,-86.3164,116
44.5761,-71.1786,76
30.7825,-83.2767,63
27.7628,-82.6261,121
33.6542,-101.8136,134
37.1681,-97.0369,134
43.1953,-71.5011,76
30.2050,-91.9875,103
26.6847,-80.0994,143
31.0425,-86.3117,63
30.5372,-91.1469,85
43.1644,-95.2017,116
6.9667,158.2167,26
62.9614,-141.9292,81
42.3914,-96.3792,179
57.0481,-135.3647,85
42.9333,-71.4383,72
46.3583,-104.2500,188
45.8069,-108.5422,174
39.9492,-74.8417,72
41.7803,-124.2367,197
33.4536,-94.0075,81
47.6458,-101.4394,81
45.6044,-103.5464,224
42.5700,-72.2911,76
60.4889,-145.4511,157
35.0281,-110.7208,143
20.8997,-156.4286,130
45.4622,-69.5953,121
40.9706,-85.2064,85
32.6636,-97.0939,103
33.9486,-81.1186,89
31.2361,-94.7544,72
42.4933,-79.2722,76
40.0781,-83.0781,63
40.1936,-76.7633,63
44.3592,-84.6739,89
62.1592,-145.4589,152
66.8667,-162.6333,98
36.2667,-93.1567,89
57.7511,-152.4856,125
30.3503,-81.8831,98
32.3347,-88.7442,103
42.5844,-110.1075,197
60.5797,-151.2392,116
46.2667,-119.1167,125
39.4167,-118.7167,76
42.4700,-71.2894,116
38.2103,-122.2847,121
33.9753,-117.6361,98
44.5228,-114.2150,148
37.4058,-122.0481,112
32.0311,-96.3989,116
40.6386,-73.7622,139
39.1353,-96.6778,130
62.9575,-155.6103,157
33.3633,-84.5658,49
41.6267,-73.8842,112
31.3089,-86.3939,98
35.6875,-117.6931,112
34.5183,-109.3792,143
41.1783,-78.8989,85
46.6056,-111.9636,157
37.3169,-79.9742,85
42.0572,-102.8000,107
45.5406,-122.9486,112
38.6892,-75.3592,89
32.4106,-99.6822,107
46.5311,-87.5483,98
28.4567,-99.2183,125
40.0972,-92.5433,250
41.3103,-95.8992,98
42.1208,-87.9047,94
38.9833,-76.4667,89
47.4569,-115.6450,112
34.6081,-79.0592,89
25.9156,-97.4186,116
42.8783,-100.5500,94
41.7700,-88.4814,107
38.9503,-95.6639,112
36.2606,-76.1750,85
32.8547,-109.6353,125
27.9619,-82.5403,125
36.9500,-76.2833,121
29.5442,-98.4839,121
32.4506,-93.8411,76
21.3239,-157.9294,94
37.8892,-121.2258,94
41.4653,-90.5233,157
40.7342,-73.4169,125
41.9381,-72.6825,103
36.7725,-90.3247,89
33.1803,-96.5903,103
43.5950,-118.9564,116
59.5119,-139.6711,103
39.7736,-94.9233,112
33.4278,-112.0039,121
45.0619,-93.3508,98
34.7411,-118.2117,157
33.2208,-92.8142,67
32.3206,-90.0778,63
40.8206,-76.8642,54
33.9228,-118.3342,94
36.8781,-91.9025,89
30.1250,-93.2158,76
39.2447,-102.2842,98
34.0561,-117.6003,98
19.7356,-156.0489,81
43.2389,-123.3547,130
29.3331,-89.4075,89
35.6950,-101.3950,121
44.8889,-116.1017,94
42.1594,-76.8919,58
39.1019,-121.5678,94
41.3325,-122.3328,103
31.5356,-84.1944,63
42.7172,-71.1239,94
40.0228,-82.4625,49
44.3814,-106.7211,215
43.9042,-92.4917,107
42.1908,-71.1736,94
44.2033,-72.5794,89
42.7972,-105.3856,134
66.0689,-162.7639,139
41.2731,-111.0306,165
29.5189,-95.2417,112
39.7078,-77.7297,98
45.6308,-89.4653,112
40.9167,-81.4333,76
35.9461,-112.1547,183
38.3406,-75.5103,94
47.6217,-117.5281,130
31.8111,-106.3758,103
41.3275,-72.0494,89
41.0669,-73.7075,94
41.7872,-111.8533,81
21.1544,-157.0961,112
47.2381,-123.1408,112
37.3592,-121.9239,107
38.7525,-90.3736,116
45.5114,-118.4247,72
42.4272,-73.2892,89
38.0700,-102.6881,85
43.9844,-88.5569,89
34.6525,-86.9453,58
32.8192,-97.3614,107
33.2194,-117.3494,94
44.9319,-93.0556,112
40.3161,-78.8339,67
42.2314,-83.3308,94
35.6697,-120.6283,125
41.2544,-80.6739,67
38.1311,-91.7683,116
61.5961,-149.0917,219
38.0653,-97.8606,112
43.5667,-116.2406,125
64.5111,-165.4400,121
30.3361,-81.5147,161
35.0419,-106.6156,112
21.9839,-159.3405,103
41.0467,-78.4117,67
40.6044,-98.4272,89
41.3336,-75.7269,72
42.5708,-77.7133,58
61.1781,-149.9664,139
32.7000,-117.2000,89
37.7836,-81.1231,81
28.1011,-80.6439,116
31.7800,-103.2017,139
31.9206,-102.3867,125
25.6475,-80.4331,98
42.1997,-75.9850,76
39.9914,-82.8808,54
42.1578,-72.7161,98
32.3847,-94.7117,76
36.9033,-76.1922,103
33.6186,-114.7142,98
40.3667,-75.9667,63
47.3978,-120.2014,161
45.7881,-111.1608,130
27.7411,-98.0247,107
35.8517,-97.4142,134
32.1300,-81.2100,170
64.8039,-147.8761,107
40.3547,-79.9217,54
35.1967,-81.1558,81
29.3600,-99.1742,103
36.4486,-103.1539,143
27.5000,-97.8167,112
33.2061,-97.1989,112
43.7331,-103.6114,107
30.7167,-87.0167,148
38.8500,-94.7392,103
41.1961,-112.0114,107
40.3300,-75.1225,85
30.2333,-81.6667,143
41.3497,-71.7989,89
41.7861,-87.7522,112
44.7978,-68.8186,116
40.2172,-76.8514,85
27.6833,-97.2833,107
48.3042,-114.2636,139
33.6300,-84.4417,63
42.5842,-70.9175,107
30.4119,-89.0808,94
43.3436,-72.5178,76
44.0219,-82.7931,98
44.3206,-69.7972,116
36.4731,-82.4044,49
48.3500,-122.6667,103
40.2964,-78.3203,54
38.7042,-93.1833,121
33.9481,-83.3275,58
9.4833,138.0833,72
37.6197,-122.3647,107
38.3775,-121.9575,98
33.6883,-112.0817,103
30.4000,-86.4717,85
34.5583,-98.4172,103
32.8667,-117.1333,89
36.5728,-79.3361,81
40.8508,-96.7475,103
37.2847,-120.5128,72
38.5039,-122.8103,89
40.9611,-98.3136,89
43.7667,-98.0333,89
31.4000,-93.2833,63
45.6906,-118.8528,139
45.6208,-122.6572,125
37.7797,-89.2497,76
34.3478,-85.1611,49
48.1739,-103.6367,107
43.2339,-75.4117,81
37.9406,-75.4631,107
44.9258,-89.6256,103
39.6092,-110.7547,76
32.8986,-80.0403,94
30.4636,-88.5319,85
42.3606,-71.0106,112
46.4794,-84.3572,94
29.6222,-95.6564,98
39.2956,-80.2289,49
28.0836,-97.0464,103
42.2347,-85.5519,85
35.6542,-105.1419,152
39.2972,-94.7306,116
36.0719,-115.1633,139
45.5908,-122.6003,107
46.9006,-95.0678,103
36.1336,-80.2222,76
28.7797,-81.2436,134
43.1072,-78.9453,81
40.7781,-111.9694,89
41.7636,-96.1778,112
34.1231,-84.8486,45
36.3689,-92.4703,67
38.5069,-121.4950,94
44.8664,-91.4878,85
43.5878,-96.7289,94
24.7258,-81.0517,45
39.2953,-114.8467,121
42.7267,-114.4564,107
39.4494,-74.5672,85
45.2575,-112.5545,134
46.3747,-117.0156,116
39.9061,-84.2186,67
38.1417,-76.4292,76
44.5444,-110.4211,103
34.2486,-82.1592,58
40.7939,-73.1017,130
35.0311,-85.2014,63
41.8031,-78.6403,76
59.6419,-151.4908,161
41.0136,-83.6686,67
46.9728,-123.9303,116
44.9358,-74.8458,54
35.8181,-83.9858,54
31.1522,-81.3908,103
36.0467,-79.4769,81
