36.5803,-85.1256,1
40.2342,-85.3936,1
40.5972,-79.1186,1
34.2675,-77.8997,1
37.0875,-82.9925,1
46.7708,-100.7603,1
41.6117,-90.5808,1
39.4206,-79.0050,1
27.4981,-80.3767,1
40.9781,-124.1086,1
46.7994,-102.7972,1
33.0375,-116.9158,1
44.5647,-91.6719,1
35.4442,-88.7244,1
70.4322,-150.4094,1
36.0097,-94.1694,1
42.5950,-87.9381,1
44.6617,-111.0975,1
41.8833,-91.7167,1
29.7333,-85.0333,1
34.4258,-119.8425,1
43.9922,-76.0217,1
38.3794,-81.5900,1
41.5272,-85.7922,1
44.3592,-89.8369,1
40.1100,-87.9567,1
40.0397,-88.2778,1
26.2500,-80.1083,1
21.4500,-157.7833,1
41.4039,-78.0183,1
37.5339,-83.3492,1
39.8447,-89.6839,1
41.8975,-77.1419,1
30.5347,-94.4456,1
44.5344,-72.6144,1
47.8947,-92.5336,1
37.6183,-79.4358,1
42.2417,-83.6933,1
41.8161,-80.4250,1
40.0803,-95.5919,1
42.2553,-88.0769,1
27.7839,-97.5108,1
40.4397,-82.3039,1
42.0647,-104.1528,1
44.3814,-100.2856,1
34.0500,-94.4008,1
38.3650,-82.5550,1
39.4519,-87.3089,1
35.2547,-90.7964,1
37.0856,-87.4986,1
42.9550,-87.9044,1
42.9667,-83.7494,1
33.8117,-78.7239,1
33.1783,-86.7817,1
45.0717,-83.5644,1
37.2472,-83.1817,1
58.6794,-156.6294,1
41.6300,-79.6931,1
45.4558,-98.4131,1
41.6328,-91.5431,1
46.9253,-96.8111,1
46.1569,-123.8825,1
38.6661,-78.3728,1
41.3375,-84.4289,1
39.9444,-81.8922,1
35.0375,-93.3947,1
44.5483,-95.0803,1
42.5544,-92.4011,1
32.6847,-83.6528,1
36.6239,-87.4194,1
36.8583,-83.3303,1
46.0081,-114.8442,1
35.9067,-85.4750,1
35.5931,-88.9167,1
42.7611,-87.8136,1
47.5808,-98.6422,1
39.3450,-81.4392,1
32.3500,-91.0278,1
48.0944,-105.5744,1
33.9519,-117.4386,1
48.2553,-101.2733,1
41.7372,-87.7775,1
41.4333,-99.6333,1
42.7461,-86.0967,1
33.5656,-86.7450,1
42.1128,-92.9175,1
29.1097,-95.4619,1
43.4075,-94.7461,1
44.6381,-90.1875,1
38.7642,-87.6056,1
38.1811,-85.7392,1
26.0719,-80.1536,1
40.6331,-93.9019,1
37.7272,-80.6592,1
38.8853,-79.8528,1
35.2283,-82.7358,1
29.1828,-81.0483,1
43.1406,-89.3453,1
37.2958,-81.2078,1
26.9172,-81.9914,1
42.8844,-77.5336,1
41.1078,-92.4467,1
47.9375,-124.5550,1
44.4169,-71.5008,1
43.7700,-88.4864,1
36.2769,-93.8214,1
28.8614,-96.9303,1
45.5433,-94.0514,1
40.4719,-81.4236,1
25.9069,-80.2803,1
37.0683,-88.7725,1
37.1025,-82.8047,1
26.1522,-81.7753,1
34.6439,-86.7861,1
42.3489,-77.7044,1
36.2114,-81.6442,1
55.5800,-133.0750,1
36.9028,-82.0383,1
41.9300,-79.2969,1
41.7750,-78.0417,1
30.1831,-97.6800,1
40.9247,-79.2825,1
33.3644,-81.9633,1
42.3108,-78.0231,1
39.4781,-88.2803,1
44.9047,-97.1494,1
33.7792,-84.5214,1
36.7458,-86.2258,1
31.8606,-86.0122,1
43.8789,-91.2528,1
44.3981,-98.2231,1
43.9317,-69.8564,1
40.7833,-91.1253,1
39.6428,-79.9164,1
42.2472,-78.8125,1
42.8914,-73.2469,1
38.0442,-87.5206,1
19.7192,-155.0531,1
37.1244,-82.6339,1
42.3417,-75.9653,1
41.9244,-78.0072,1
41.8975,-78.7144,1
48.6033,-112.3753,1
41.8706,-103.5931,1
39.8344,-88.8656,1
39.2728,-79.3683,1
42.1928,-89.0931,1
37.0683,-88.7719,1
46.4178,-104.5164,1
33.4964,-90.0867,1
42.0025,-76.6383,1
57.1553,-170.2222,1
40.0506,-86.5744,1
35.8036,-82.6658,1
45.3581,-86.8911,1
40.6675,-89.6839,1
46.8369,-92.2097,1
42.2947,-83.7108,1
42.1106,-104.9492,1
46.9258,-98.6692,1
41.7392,-77.9711,1
70.3289,-149.6114,1
44.4983,-88.1111,1
55.0389,-131.5786,1
29.9506,-94.0206,1
27.6531,-80.2428,1
43.1544,-93.3269,1
41.9950,-87.9336,1
26.2281,-97.6542,1
41.2078,-98.4608,1
39.5781,-85.8033,1
39.0483,-79.4406,1
37.9483,-83.4825,1
37.2039,-80.4144,1
30.4922,-83.7833,1
39.4700,-80.8572,1
30.8356,-85.1839,1
36.9358,-121.7886,1
39.5514,-97.6508,1
41.6236,-98.9517,1
44.4911,-71.5725,1
35.0714,-83.9683,1
42.9919,-97.8703,1
41.0756,-97.7872,1
47.0258,-91.6653,1
41.0172,-80.3614,1
43.7694,-87.8506,1
41.0319,-98.9214,1
58.3869,-134.7658,1
34.5467,-93.5781,1
35.9886,-92.7161,1
35.9508,-85.0814,1
43.1561,-90.6775,1
26.5850,-81.8614,1
38.4947,-83.0183,1
41.9922,-93.6217,1
41.9819,-70.6961,1
41.5339,-93.6531,1
42.0736,-78.4517,1
42.1244,-86.4267,1
41.9856,-97.4353,1
43.3906,-99.8422,1
55.2208,-162.7325,1
44.8831,-93.2289,1
47.9428,-97.1839,1
36.9647,-86.4239,1
26.1658,-97.3458,1
38.0408,-84.6058,1
37.6336,-83.7161,1
41.7356,-77.6517,1
42.3978,-90.7036,1
37.0947,-81.7936,1
27.4014,-82.5586,1
37.5908,-83.3131,1
44.8322,-93.4706,1
36.0956,-81.8311,1
32.2997,-86.4075,1
33.5872,-85.8556,1
35.5453,-82.6986,1
38.1847,-84.9033,1
43.2119,-90.1814,1
41.8467,-79.1494,1
43.1167,-77.6767,1
41.8264,-96.0506,1
48.5614,-93.3981,1
26.1969,-80.1708,1
37.9325,-87.3744,1
41.7072,-86.3164,1
30.7825,-83.2767,1
27.7628,-82.6261,1
43.1953,-71.5011,1
36.8144,-83.3144,1
26.6847,-80.0994,1
38.0583,-83.9333,1
42.3914,-96.3792,1
42.9328,-76.5447,1
36.4650,-83.5603,1
39.7808,-79.0411,1
43.7022,-95.1519,1
20.8997,-156.4286,1
38.0969,-83.1189,1
31.2361,-94.7544,1
44.3592,-84.6739,1
66.8667,-162.6333,1
57.7511,-152.4856,1
44.4200,-72.0194,1
41.9903,-77.1567,1
33.3633,-84.5658,1
38.9817,-81.5658,1
38.8844,-82.9956,1
37.3578,-83.7706,1
40.0972,-92.5433,1
41.3103,-95.8992,1
27.9619,-82.5403,1
42.5503,-84.8258,1
43.7203,-91.9717,1
41.4653,-90.5233,1
36.7725,-90.3247,1
59.5119,-139.6711,1
39.7736,-94.9233,1
45.0619,-93.3508,1
42.5136,-99.0303,1
46.9728,-92.8700,1
34.0561,-117.6003,1
31.5356,-84.1944,1
43.9042,-92.4917,1
44.2033,-72.5794,1
42.1014,-77.2344,1
45.6308,-89.4653,1
28.4658,-98.3539,1
41.1222,-98.0283,1
38.0700,-102.6881,1
43.9844,-88.5569,1
34.6525,-86.9453,1
44.9319,-93.0556,1
37.8725,-82.5194,1
35.6697,-120.6283,1
36.3211,-87.2217,1
37.8300,-84.0347,1
64.5111,-165.4400,1
40.6044,-98.4272,1
37.7836,-81.1231,1
28.1011,-80.6439,1
42.1172,-77.9475,1
40.3031,-90.0656,1
45.7881,-111.1608,1
27.7411,-98.0247,1
43.6478,-70.6750,1
41.6767,-78.8036,1
36.4731,-82.4044,1
38.1872,-80.1336,1
37.5442,-79.4031,1
40.8508,-96.7475,1
38.5039,-122.8103,1
40.9611,-98.3136,1
41.4197,-78.7492,1
33.3064,-92.4833,1
37.7797,-89.2497,1
44.9258,-89.6256,1
29.6222,-95.6564,1
42.2347,-85.5519,1
37.8175,-82.7883,1
41.7636,-96.1778,1
37.6411,-80.8831,1
44.8664,-91.4878,1
35.1803,-83.3928,1
41.8031,-78.6403,1
46.9728,-123.9303,1
44.9358,-74.8458,1
