40.9706,-85.2064,26
35.8311,-90.6464,26
39.8447,-89.6839,31
37.3208,-79.2067,10
32.8978,-97.0189,93
31.6072,-110.4281,43
45.0319,-102.0192,24
47.5303,-122.3008,18
46.9006,-95.0678,24
42.9333,-71.4383,31
33.3000,-117.3500,22
36.1189,-86.6892,21
35.0311,-85.2014,12
32.5500,-88.5667,15
32.3542,-95.4025,70
40.0681,-118.5692,24
43.7600,-116.1000,12
39.7194,-76.8028,27
41.9856,-97.4353,28
43.2781,-70.9222,18
39.1019,-121.5678,27
46.9253,-96.8111,20
40.6825,-74.1694,35
45.6478,-68.6925,26
34.8822,-95.7831,24
42.7461,-86.0967,26
41.0669,-73.7075,31
40.0819,-75.0111,41
40.3000,-111.2600,11
38.6892,-75.3592,34
43.1167,-77.6767,30
41.6328,-91.5431,29
61.5961,-149.0917,24
44.5169,-108.0822,38
66.0689,-162.7639,29
61.1689,-150.0278,23
31.3500,-85.6667,16
41.2531,-70.0608,64
59.6419,-151.4908,30
36.7436,-108.2292,36
39.3792,-74.4242,49
33.5872,-85.8556,7
35.6875,-117.6931,44
36.7200,-106.2600,6
64.7767,-141.1483,23
28.9844,-95.3808,58
42.5842,-70.9175,32
47.9428,-97.1839,26
47.6458,-101.4394,28
44.3675,-71.5450,13
42.5950,-87.9381,22
43.1072,-78.9453,30
21.4500,-157.7833,43
33.8117,-118.1464,23
25.9989,-80.2411,37
32.8192,-97.3614,86
31.9433,-102.1889,30
35.2372,-120.6414,27
32.7336,-117.1831,21
43.9922,-76.0217,20
47.8344,-120.0006,67
31.3214,-85.4497,21
29.3331,-89.4075,28
36.9033,-76.1922,44
30.5892,-96.3647,67
57.0481,-135.3647,20
31.1828,-90.4708,30
37.1467,-94.5022,26
45.9647,-112.5006,25
39.4300,-120.3100,7
44.3981,-98.2231,38
32.2997,-86.4075,15
32.3500,-91.0278,31
37.3169,-79.9742,27
37.7064,-112.1456,34
45.5908,-122.6003,28
43.6264,-72.3047,18
33.3075,-104.5083,21
34.3622,-98.9761,49
38.3650,-82.5550,19
37.2353,-93.4003,31
42.1908,-71.1736,26
33.1783,-86.7817,8
31.4583,-109.6061,28
32.6500,-114.6167,17
32.9733,-97.3181,75
40.8764,-74.2831,24
33.8750,-84.3022,20
43.1544,-93.3269,47
41.5097,-72.8278,24
35.3331,-94.3625,34
39.4781,-88.2803,28
39.1333,-86.6167,29
39.0431,-84.6717,26
62.9614,-141.9292,30
41.8056,-107.1997,27
33.9706,-80.9958,12
34.2719,-83.8303,22
42.8375,-103.0953,18
39.4900,-121.6183,25
29.1097,-95.4619,64
34.4258,-119.8425,23
45.6689,-96.9914,31
40.1100,-87.9567,18
42.0647,-104.1528,49
39.5514,-97.6508,25
47.9078,-122.2803,27
39.9444,-81.8922,18
35.2578,-113.9331,60
44.9050,-123.0011,28
40.1764,-80.6472,16
47.2381,-123.1408,24
39.7078,-77.7297,24
45.5406,-122.9486,17
29.6333,-83.1053,14
36.8600,-106.2300,364
41.4653,-90.5233,26
47.6217,-117.5281,42
39.3100,-111.4300,27
42.4819,-114.4869,35
42.8153,-108.7261,23
39.1900,-120.2600,25
29.7036,-98.0281,34
38.9833,-76.4667,30
38.3083,-75.1239,35
41.3461,-82.1794,25
44.2100,-110.6700,21
36.0000,-106.8300,4
39.8328,-104.6575,31
33.6542,-101.8136,21
39.6428,-79.9164,14
46.6056,-111.9636,30
38.4000,-119.5400,13
36.6206,-116.0278,46
33.7792,-84.5214,15
33.6228,-111.9106,18
33.2367,-107.2681,37
31.9514,-85.1289,9
48.4608,-119.5167,40
38.3306,-96.1897,31
33.6361,-91.7556,24
39.6014,-116.0056,31
33.9381,-118.3889,32
30.2050,-91.9875,38
31.9206,-102.3867,29
32.8519,-96.8556,80
34.6242,-106.3103,0
33.3633,-84.5658,8
40.6239,-74.6694,17
40.8289,-115.7886,22
41.8678,-84.0794,27
31.2819,-89.2531,20
46.9728,-123.9303,45
36.9500,-76.2833,42
43.1644,-95.2017,43
43.2119,-90.1814,21
35.9333,-79.0642,18
46.4267,-105.8825,23
43.7300,-113.8300,8
36.1300,-105.5300,4
41.6264,-80.2150,9
31.0425,-86.3117,9
27.4981,-80.3767,33
43.0661,-108.4767,24
40.1606,-113.3508,94
37.9917,-122.0550,46
35.8181,-83.9858,20
43.5878,-96.7289,38
34.7675,-114.6189,40
40.1519,-122.2536,31
34.2622,-88.7714,15
37.2839,-98.5528,21
45.5644,-84.7928,20
32.6808,-96.8681,64
39.1208,-94.5969,33
25.9069,-80.2803,36
46.8706,-68.0172,33
24.5550,-81.7522,49
40.0803,-95.5919,24
48.0944,-105.5744,29
32.7000,-117.2000,25
39.9181,-76.8742,13
48.7939,-122.5372,40
38.6956,-121.5897,30
34.7272,-92.2389,24
30.3975,-84.3289,21
59.7494,-154.9089,29
44.4983,-88.1111,19
40.0397,-88.2778,37
39.4167,-118.7167,22
33.6800,-117.8664,26
34.6525,-86.9453,16
32.8547,-109.6353,40
37.0911,-95.5664,30
43.5667,-116.2406,30
40.9781,-124.1086,24
41.3336,-75.7269,15
39.6728,-75.6008,42
42.9203,-112.5711,31
39.7333,-77.4333,5
36.2117,-115.1958,38
34.2900,-93.0600,28
41.5175,-81.6836,27
38.5069,-121.4950,22
32.5428,-93.7450,55
41.6236,-98.9517,29
26.1658,-97.3458,64
38.1811,-85.7392,31
41.5333,-71.2833,38
40.4847,-80.2144,12
39.0083,-95.2117,25
41.9950,-87.9336,21
46.1236,-67.7928,31
40.8217,-72.8689,30
38.5911,-92.1558,22
42.5700,-72.2911,17
48.3500,-122.6667,43
42.7611,-87.8136,23
36.9878,-120.1106,28
32.8986,-80.0403,30
41.0467,-78.4117,15
43.1953,-71.5011,17
40.6161,-83.0636,40
30.3433,-89.8222,22
30.1831,-97.6800,46
36.7367,-97.1019,29
42.3200,-120.8300,8
31.5883,-110.3442,32
30.5069,-86.9597,24
55.5800,-133.0750,9
30.3489,-85.7881,19
38.8100,-104.6883,31
38.6644,-94.8900,18
28.4567,-99.2183,26
32.3206,-90.0778,30
34.9883,-117.8647,53
37.1431,-107.7597,24
30.7825,-83.2767,15
25.9156,-97.4186,62
35.2578,-93.0947,14
47.3600,-121.5700,3
35.1967,-81.1558,8
40.2064,-100.5914,46
32.8342,-115.5786,31
43.7667,-98.0333,43
38.3406,-75.5103,30
45.8258,-119.2611,36
39.9508,-119.5986,18
36.5100,-106.3200,358
36.1306,-80.5481,18
32.6847,-83.6528,22
41.6764,-70.9583,34
13.4836,144.7961,46
44.1708,-114.9272,19
35.5144,-108.7939,23
43.9844,-88.5569,19
39.7736,-94.9233,21
35.7800,-105.5400,1
35.4111,-80.5833,0
26.1522,-81.7753,24
35.0028,-105.6628,43
60.7850,-161.8292,59
30.3567,-95.4139,56
36.6636,-121.6081,39
32.0311,-96.3989,79
43.9042,-92.4917,46
40.8436,-72.6322,37
40.1550,-103.1417,40
40.7083,-84.0267,41
44.8831,-93.2289,36
30.6794,-88.2397,22
70.1917,-148.4772,32
41.5944,-109.0528,30
35.0281,-110.7208,32
30.5844,-97.4156,67
41.6875,-69.9933,31
39.2953,-114.8467,38
46.0947,-118.2869,42
38.1417,-76.4292,21
40.2964,-78.3203,16
47.4569,-115.6450,20
41.9922,-93.6217,33
32.6636,-97.0939,75
39.8233,-93.5792,12
42.3811,-122.8722,18
40.1667,-103.2167,43
48.5428,-109.7633,45
30.4000,-86.4717,17
37.6197,-122.3647,53
46.0261,-91.4442,21
42.3978,-90.7036,30
33.6186,-114.7142,34
30.7797,-86.5225,15
44.2033,-72.5794,11
39.2972,-94.7306,27
63.9944,-145.7214,43
36.3100,-115.6800,4
57.1553,-170.2222,70
36.9900,-105.2600,4
41.2731,-111.0306,41
41.1078,-92.4467,26
42.3914,-96.3792,43
29.9506,-94.0206,72
-14.3306,-170.7136,37
36.7414,-104.5022,39
44.3744,-70.3164,27
46.9258,-98.6692,21
40.4719,-81.4236,11
44.8322,-93.4706,37
61.2169,-149.8550,20
29.7333,-85.0333,26
39.9369,-91.1919,33
42.0572,-102.8000,31
41.7861,-87.7522,17
18.2550,-65.6408,35
38.5039,-122.8103,20
39.2900,-117.1100,6
42.2314,-83.3308,20
42.1244,-86.4267,10
33.2061,-97.1989,81
66.9161,-151.5089,13
40.4422,-109.5144,25
42.8914,-73.2469,20
32.4506,-93.8411,49
45.5511,-122.4089,14
38.3794,-81.5900,17
44.9258,-89.6256,28
40.9167,-81.4333,31
33.6300,-84.4417,26
42.5906,-117.8644,26
42.6003,-123.3642,23
33.1281,-117.2794,16
33.6267,-116.1594,28
36.7900,-105.2400,3
40.6044,-98.4272,36
38.1386,-78.4530,17
37.6242,-120.9506,26
40.2342,-85.3936,28
41.1961,-112.0114,28
41.5092,-74.2650,19
39.2292,-106.3169,26
34.8994,-120.4486,26
40.8300,-111.7600,14
41.0136,-83.6686,36
48.5222,-123.0231,14
30.0675,-95.5561,45
38.8317,-94.8897,37
42.7803,-84.5789,32
38.9503,-95.6639,23
36.0969,-79.9433,17
39.7053,-105.6997,18
43.1561,-90.6775,20
38.2103,-122.2847,43
30.7044,-87.0231,16
45.8183,-88.1144,26
36.0719,-115.1633,66
42.6425,-77.0564,6
45.6208,-122.6572,23
43.9636,-69.7117,11
35.8922,-78.7819,17
40.9611,-98.3136,37
38.3000,-76.4167,34
61.1000,-149.6936,31
29.9933,-90.2511,42
31.5356,-84.1944,21
31.8311,-104.8089,49
43.3497,-76.3847,13
43.7694,-87.8506,24
62.3200,-150.0950,10
45.5433,-94.0514,22
34.2167,-119.0833,23
38.1311,-91.7683,32
47.2856,-68.3133,41
32.5156,-92.0406,22
35.7700,-105.7800,4
31.7800,-103.2017,22
41.8706,-103.5931,33
47.9375,-124.5550,25
44.9047,-97.1494,30
35.1442,-111.6664,30
40.7342,-73.4169,34
39.1033,-84.4189,22
46.1442,-115.5964,7
36.3333,-119.9500,34
45.4353,-67.7214,80
36.7725,-90.3247,17
39.1894,-103.7158,25
36.3689,-92.4703,19
35.9200,-106.3900,4
33.9519,-117.4386,22
44.0433,-103.0536,26
37.7608,-99.9683,43
34.6294,-118.0836,64
45.1947,-123.1339,17
18.3331,-64.9667,50
71.2833,-156.7814,31
30.8458,-85.6014,6
33.4825,-90.9853,30
34.9894,-99.0525,38
35.4319,-82.5375,15
34.7000,-77.3833,31
39.8683,-75.2311,38
39.5936,-84.2264,26
39.4717,-76.1697,18
33.6883,-112.0817,26
38.4167,-113.0167,65
36.0236,-84.2375,10
44.0219,-82.7931,34
40.6675,-89.6839,22
40.4953,-107.5211,26
42.1997,-75.9850,22
35.5931,-88.9167,22
38.9597,-94.3714,36
45.0717,-83.5644,21
39.6092,-110.7547,29
43.1711,-86.2367,23
41.1014,-102.9847,38
41.5339,-93.6531,30
29.2733,-94.8592,95
47.3258,-106.9475,25
60.4889,-145.4511,11
44.5761,-71.1786,15
25.7906,-80.3164,36
33.4669,-82.0386,21
26.0719,-80.1536,48
35.9403,-89.8308,29
41.7781,-80.6958,13
37.3711,-118.3581,32
33.3644,-81.9633,12
35.6542,-105.1419,29
29.3389,-98.4719,23
41.3497,-71.7989,32
48.7167,-94.6000,26
33.9786,-98.4928,64
47.4733,-111.3822,50
34.0561,-117.6003,32
39.3756,-99.8297,34
41.0731,-71.9233,20
24.5833,-81.6833,53
37.2253,-89.5706,25
42.3075,-85.2511,33
42.8050,-72.0036,10
40.5100,-101.6200,36
33.9228,-118.3342,28
48.1739,-103.6367,39
45.8619,-96.5650,22
29.5442,-98.4839,32
40.1936,-76.7633,22
37.6928,-121.8144,30
36.9839,-77.0075,11
44.3853,-74.2067,16
37.7836,-81.1231,22
40.4122,-86.9369,22
48.2138,-106.6213,54
60.7850,-148.8389,33
34.9914,-78.8803,25
46.8369,-92.2097,26
37.3592,-121.9239,27
45.2575,-112.5545,33
47.4933,-122.2144,26
36.6950,-76.1356,30
36.0097,-94.1694,18
48.2553,-101.2733,45
33.8281,-116.5053,31
41.7419,-72.1836,22
30.6264,-88.0681,20
40.2383,-75.5572,17
35.2100,-99.1200,35
38.8983,-119.9947,21
43.3436,-72.5178,17
29.6919,-82.2756,17
37.7086,-113.0944,40
44.3592,-84.6739,29
33.1803,-96.5903,76
43.6497,-70.3003,26
20.8997,-156.4286,63
41.3714,-73.4828,17
47.6497,-120.0800,9
32.8667,-117.1333,20
38.9286,-90.4281,27
40.7781,-111.9694,30
43.1406,-89.3453,16
41.3325,-122.3328,5
38.0442,-87.5206,22
33.4964,-90.0867,20
42.1208,-87.9047,16
41.6117,-90.5808,34
44.8664,-91.4878,38
36.3200,-115.7000,10
42.5844,-110.1075,26
30.0375,-91.8839,54
35.7425,-81.3819,13
34.4272,-100.2831,20
42.6650,-83.4181,29
34.0500,-94.4008,34
43.2339,-75.4117,24
39.8250,-86.2958,21
38.8169,-92.2183,37
38.2900,-104.4983,32
27.9619,-82.5403,21
36.1900,-105.5600,7
28.0622,-81.7542,27
27.4014,-82.5586,28
43.8339,-111.8045,30
58.3567,-134.5639,33
40.7789,-73.9692,17
39.4203,-83.8217,28
41.8161,-80.4250,0
45.4558,-98.4131,26
47.9742,-117.4283,32
59.4433,-151.7017,13
42.8783,-100.5500,30
29.1828,-81.0483,25
45.8069,-108.5422,32
33.8117,-78.7239,29
30.4781,-87.1869,26
31.2361,-94.7544,51
40.8203,-82.5178,39
37.2833,-102.6139,41
26.2500,-80.1083,41
43.0206,-102.5183,19
47.3078,-119.5153,41
45.2486,-122.7686,21
41.3103,-95.8992,28
39.7556,-82.6572,20
21.3239,-157.9294,52
46.6461,-119.9061,0
39.2775,-120.7103,20
64.5500,-149.0717,9
32.8167,-115.6833,30
36.1625,-97.0894,39
44.3592,-89.8369,24
39.2956,-80.2289,17
34.9000,-76.8833,29
48.8700,-121.7900,0
31.6189,-97.2283,77
58.6794,-156.6294,31
43.7331,-103.6114,29
37.6542,-122.1150,31
35.3889,-97.6006,44
44.0511,-101.6011,17
28.0836,-97.0464,49
44.6500,-73.4667,22
42.1578,-72.7161,25
41.1389,-75.3794,27
35.9508,-85.0814,17
35.4344,-119.0542,26
44.7900,-116.0900,17
32.4106,-99.6822,36
37.7081,-77.4344,10
47.2078,-119.3192,31
31.8111,-106.3758,22
32.5722,-116.9794,22
29.5189,-95.2417,45
34.0511,-118.2353,7
60.1283,-149.4167,24
43.3500,-73.6167,22
36.1336,-80.2222,15
64.3267,-158.7417,24
44.8889,-116.1017,24
36.2833,-94.3000,26
41.3375,-84.4289,24
37.2847,-120.5128,28
42.7172,-71.1239,22
40.9656,-105.2186,0
41.9097,-70.7294,41
42.1128,-92.9175,30
48.3042,-114.2636,27
37.0683,-88.7719,18
41.3931,-70.6150,43
35.0169,-80.6206,17
35.0419,-106.6156,30
37.6703,-95.4842,33
26.1969,-80.1708,39
25.6475,-80.4331,36
40.3547,-79.9217,21
34.9869,-81.0575,11
31.3711,-100.4922,30
40.5175,-122.2986,26
30.7167,-87.0167,22
41.7803,-124.2367,22
37.2622,-104.3378,40
34.2675,-77.8997,29
47.6831,-117.3214,34
36.9358,-121.7886,23
30.0481,-102.2131,34
46.7439,-117.1086,21
27.7839,-97.5108,60
40.8600,-102.8031,0
34.5467,-93.5781,18
66.8667,-162.6333,57
32.7817,-98.0603,64
38.2281,-85.6636,28
41.6267,-73.8842,20
45.6906,-118.8528,35
36.6817,-101.5053,36
41.7219,-71.4325,43
34.6081,-79.0592,22
39.3669,-101.7000,39
44.5344,-72.6144,12
39.2231,-106.8683,36
42.5544,-92.4011,34
34.7336,-76.6606,33
38.0700,-102.6881,27
42.8939,-85.5447,31
33.4536,-94.0075,43
37.9272,-100.7247,45
41.7872,-111.8533,19
42.4272,-73.2892,17
26.1839,-98.2539,55
28.4339,-81.3250,26
35.6575,-109.0614,17
35.8550,-77.8931,18
26.9172,-81.9914,30
34.4978,-82.7097,16
41.4000,-107.2600,6
39.1353,-96.6778,21
43.9658,-107.9508,24
62.1592,-145.4589,24
46.9733,-122.9033,21
42.1094,-77.9919,16
55.0389,-131.5786,0
42.0800,-80.1825,10
61.1781,-149.9664,14
30.4000,-81.4167,36
41.7806,-122.4717,23
35.6950,-101.3950,30
33.2194,-117.3494,19
46.0139,-102.6547,14
40.3300,-75.1225,16
46.4794,-84.3572,21
42.7900,-121.9800,0
30.4636,-88.5319,16
42.7267,-114.4564,32
42.5417,-113.7661,17
42.2667,-84.4667,31
33.4050,-118.4158,17
33.8719,-117.9789,18
32.4833,-80.7167,19
36.1994,-95.8872,30
34.8364,-92.2619,25
29.6381,-95.2819,48
35.5953,-82.5567,4
43.2389,-123.3547,22
44.3814,-100.2856,29
39.1258,-123.2008,17
39.8344,-88.8656,34
41.5631,-83.4764,29
27.5000,-97.8167,57
42.4100,-121.6800,3
48.5614,-93.3981,23
43.8000,-114.8500,7
40.8097,-124.1603,22
28.7247,-96.2536,67
36.0167,-102.5500,28
35.5342,-97.6469,43
34.0158,-118.4514,20
37.3031,-108.6275,27
37.5050,-77.3203,33
37.2958,-81.2078,22
45.0619,-93.3508,28
33.4278,-112.0039,40
42.2228,-83.7444,24
42.7431,-73.8092,21
39.5264,-107.7264,29
44.9319,-93.0556,38
36.5728,-79.3361,11
36.5881,-121.8453,26
45.0133,-84.7014,30
41.3119,-105.6747,41
43.8789,-91.2528,39
46.2667,-119.1167,38
28.8208,-81.8097,29
35.1822,-103.6031,23
34.7442,-87.5997,15
40.0972,-92.5433,24
39.7750,-105.1169,0
35.0761,-89.7430,0
35.6697,-120.6283,31
37.1319,-76.4930,31
39.5703,-104.8489,30
29.3783,-100.9269,19
47.3864,-92.8389,9
70.2117,-151.0017,32
41.1783,-78.8989,20
42.6958,-73.1708,8
40.0228,-82.4625,19
40.7833,-91.1253,24
41.2639,-72.8872,32
39.3903,-94.5553,4
34.6719,-82.8864,14
44.2667,-71.2994,86
39.9061,-84.2186,31
30.7439,-95.5861,45
45.6194,-121.1661,61
32.7667,-97.4500,76
45.6983,-110.4408,39
38.0494,-103.5122,33
41.2003,-74.6231,13
15.1167,145.7167,34
31.5358,-82.5067,18
41.7700,-88.4814,16
32.6261,-116.4681,40
35.8517,-97.4142,31
62.9575,-155.6103,26
35.2333,-101.7089,33
44.5483,-95.0803,31
44.6381,-90.1875,34
41.4131,-81.8600,30
32.7100,-96.2672,72
27.5333,-99.4667,27
40.7794,-73.8803,42
45.7728,-122.8611,26
32.5161,-84.9422,16
36.7800,-119.7194,31
38.0408,-84.6058,29
38.7550,-109.7542,20
41.1214,-100.6694,23
31.4156,-87.0442,11
38.7525,-90.3736,30
36.7683,-96.0261,20
30.9119,-102.9167,22
41.4914,-120.5644,23
41.5272,-85.7922,21
41.9144,-88.2464,18
64.8039,-147.8761,23
42.2706,-71.8731,33
43.1111,-76.1039,19
35.9461,-112.1547,29
38.7642,-87.6056,30
30.2333,-81.6667,41
37.6544,-97.4425,33
39.4494,-74.5672,48
41.8031,-78.6403,13
35.2236,-80.9553,13
26.5361,-81.7550,23
39.4839,-119.7711,31
38.0511,-117.0903,32
42.9600,-121.1800,4
40.2769,-74.8158,30
42.1469,-121.7242,22
45.8678,-95.3942,38
41.7072,-86.3164,20
38.9408,-77.4636,14
39.4206,-79.0050,13
30.4119,-89.0808,26
39.5781,-85.8033,34
40.8500,-74.0614,27
40.8508,-96.7475,26
43.5950,-118.9564,34
34.6439,-86.7861,16
34.2486,-82.1592,16
37.9406,-75.4631,43
27.6833,-97.2833,51
46.3583,-104.2500,16
38.8000,-97.6500,30
40.8731,-81.8867,24
42.9550,-87.9044,23
31.3072,-95.4508,67
44.7978,-68.8186,36
32.3847,-94.7117,63
36.2667,-93.1567,24
48.7200,-116.4600,17
34.8831,-82.2203,17
39.4019,-77.9844,11
41.8756,-71.0211,23
21.9839,-159.3405,64
30.3361,-81.5147,26
38.0653,-97.8606,30
36.0394,-95.9844,28
43.7700,-88.4864,22
42.9667,-83.7494,33
44.7694,-106.9689,21
39.1667,-76.6833,18
42.7972,-105.3856,24
29.3600,-99.1742,22
31.3928,-92.2956,31
40.3667,-75.9667,26
34.2008,-119.2069,26
43.4133,-124.2436,47
44.8428,-117.8086,27
30.1250,-93.2158,61
40.1203,-76.2944,29
37.8892,-121.2258,29
7.4500,151.8333,23
35.1350,-90.2344,29
30.5372,-91.1469,41
45.6308,-89.4653,26
47.0339,-120.5303,89
44.7408,-85.5825,12
32.7800,-79.9319,27
40.2172,-76.8514,22
38.5000,-77.3000,26
29.6222,-95.6564,54
26.2281,-97.6542,55
32.8158,-117.1394,22
7.0833,171.3833,15
26.5850,-81.8614,21
34.1750,-91.9347,29
46.1569,-123.8825,47
39.2447,-102.2842,42
39.3600,-106.0600,8
37.7214,-122.2208,41
32.3336,-104.2581,26
48.6033,-112.3753,56
31.8606,-86.0122,14
30.3208,-97.7603,22
35.7047,-101.5492,4
33.9481,-83.3275,13
42.1928,-89.0931,26
40.6386,-73.7622,43
7.3333,134.4833,18
35.0678,-77.0481,23
21.1544,-157.0961,56
37.1681,-97.0369,31
47.8306,-110.6608,0
41.1519,-104.8061,45
37.7461,-97.2211,29
39.8000,-106.0300,370
33.9486,-81.1186,16
67.7317,-164.5483,47
43.4075,-94.7461,46
31.1522,-81.3908,34
19.7356,-156.0489,31
37.4058,-122.0481,26
27.7628,-82.6261,29
34.7411,-118.2117,57
17.7028,-64.8056,54
39.9914,-82.8808,28
40.6331,-93.9019,21
36.9647,-86.4239,19
28.7797,-81.2436,32
39.7075,-86.2803,37
45.6044,-103.5464,28
41.6686,-70.2800,40
28.4736,-82.4544,18
59.5119,-139.6711,28
59.2433,-135.5094,33
39.4519,-87.3089,33
6.9667,158.2167,20
38.8761,-98.8092,42
40.0489,-107.8853,15
45.0800,-117.5500,4
39.9492,-74.8417,21
42.1594,-76.8919,12
41.9381,-72.6825,27
47.3978,-120.2014,58
44.3800,-116.3400,13
33.9753,-117.6361,33
46.5486,-90.9189,12
46.5683,-120.5428,23
36.2967,-99.7689,29
18.4325,-66.0108,47
43.7600,-115.2400,14
36.6239,-87.4194,17
47.3000,-121.6000,6
47.0492,-109.4578,31
34.7917,-79.3661,16
34.8536,-116.7858,59
34.8461,-82.3461,16
45.5464,-100.4078,21
36.2500,-115.6300,16
37.0872,-84.0769,17
39.7506,-92.5064,4
38.7667,-104.3000,30
33.5656,-86.7450,20
29.9800,-95.3600,48
41.1583,-73.1289,33
42.2347,-85.5519,17
47.7472,-90.3444,9
42.5519,-71.7558,20
48.1203,-123.4983,44
46.4167,-86.6500,17
41.7636,-96.1778,34
33.2119,-87.6161,16
32.3347,-88.7442,22
34.2097,-118.4892,26
44.1278,-123.2206,29
36.0700,-105.6300,7
36.9261,-111.4478,18
40.6508,-75.4492,24
37.5908,-83.3131,7
44.2558,-121.1392,26
33.2208,-92.8142,31
57.7511,-152.4856,21
31.4208,-110.8458,23
38.8500,-94.7392,30
31.3347,-92.5586,45
40.0781,-83.0781,32
42.4700,-71.2894,27
34.5183,-109.3792,32
33.4617,-80.8581,15
43.0303,-78.1692,36
39.3644,-84.5247,14
27.6531,-80.2428,32
42.9486,-78.7369,30
41.8833,-91.7167,30
39.1342,-108.5400,39
36.4731,-82.4044,18
42.3606,-71.0106,44
34.1853,-79.7239,23
32.2622,-107.7206,26
59.4556,-135.3239,58
26.6847,-80.0994,40
40.8206,-76.8642,10
36.9600,-106.6600,8
21.3167,-158.0667,23
46.7708,-100.7603,13
55.3567,-131.7117,44
36.0300,-106.8100,7
27.9106,-82.6875,30
38.7042,-93.1833,40
41.2433,-76.9217,5
44.3814,-106.7211,30
31.1500,-92.9667,21
47.4667,-87.8833,24
36.2606,-76.1750,43
42.2333,-83.5333,26
41.4525,-87.0058,9
36.3189,-119.6289,27
34.7500,-111.4100,492
46.4047,-94.1308,21
36.8167,-76.0333,43
38.8483,-77.0342,22
35.6169,-106.0889,27
36.8781,-91.9025,22
39.3450,-81.4392,20
39.3667,-75.0667,35
34.1231,-84.8486,9
32.1300,-81.2100,22
35.2325,-75.6219,34
41.3275,-72.0494,36
43.9906,-70.9475,15
34.7436,-118.7242,52
38.8853,-79.8528,10
19.7192,-155.0531,23
28.5453,-81.3331,29
39.0725,-95.6261,22
44.4683,-73.1500,22
31.8456,-86.6108,11
42.4933,-79.2722,16
56.6000,-169.5650,51
37.3278,-95.5042,18
37.7797,-89.2497,23
47.4444,-122.3139,31
32.1314,-110.9553,37
46.3747,-117.0156,22
43.5331,-84.0797,31
9.4833,138.0833,35
42.8975,-106.4636,27
46.2400,-117.3900,10
29.5622,-91.5256,35
40.8250,-92.8925,18
28.1011,-80.6439,34
38.6572,-90.6558,21
43.3906,-99.8422,33
64.5111,-165.4400,47
40.5300,-106.7800,5
30.0494,-90.0289,43
33.0375,-116.9158,22
30.4844,-81.7019,25
41.4333,-99.6333,31
30.7406,-98.2353,42
42.4092,-83.0100,26
43.5164,-112.0672,31
44.5444,-110.4211,12
38.5714,-90.1572,17
44.3394,-105.5419,33
45.4622,-69.5953,33
42.5708,-77.7133,13
30.8356,-85.1839,14
34.3478,-85.1611,11
32.3367,-90.2214,33
45.7881,-111.1608,22
44.4911,-71.5725,0
31.4000,-93.2833,21
47.6428,-115.9172,0
37.9050,-93.3169,45
41.2544,-80.6739,15
37.4389,-105.8614,26
38.1847,-84.9033,23
47.1686,-88.4889,19
41.0375,-81.4642,19
60.5797,-151.2392,44
44.9358,-74.8458,16
45.5114,-118.4247,8
44.5228,-114.2150,28
46.9208,-114.0925,16
31.3089,-86.3939,13
47.2675,-122.5761,22
40.3161,-78.8339,25
34.6517,-112.4208,40
46.7994,-102.7972,23
41.5886,-83.8014,26
35.0564,-89.9864,28
44.0206,-117.0128,27
40.7939,-73.1017,43
41.0089,-74.7367,9
30.5108,-99.7664,16
38.3775,-121.9575,25
36.4486,-103.1539,40
34.2006,-118.3575,31
28.8614,-96.9303,54
41.7361,-72.6506,35
44.3206,-69.7972,38
31.3558,-85.7511,13
24.7258,-81.0517,34
38.5050,-107.8975,36
55.2208,-162.7325,63
34.5583,-98.4172,50
35.6567,-95.3614,31
27.7411,-98.0247,59
