-30.9585,150.1505,2
38.9239,-122.5672,3
-35.5194,138.8177,2
46.5831,-90.9678,2
-37.8586,145.6532,2
-25.9094,144.5989,3
46.4328,-109.8311,5
-31.9224,150.7984,15
18.3283,-66.0164,2
20.7603,-156.2469,4
-37.9445,145.1764,2
18.3375,-67.2497,6
20.2039,-155.7350,10
-28.9012,149.5401,2
-41.4406,146.1228,3
39.2350,-106.3050,2
-24.6294,151.9158,2
-31.7750,138.6529,2
-41.5633,148.1414,2
44.9489,-72.1911,2
41.3997,-84.1119,2
-43.0286,147.0544,2
-32.8294,138.1907,2
21.3286,-157.9297,4
-35.3266,149.0492,2
43.0603,-92.0489,2
-35.2680,140.9075,2
-20.3531,148.9508,2
38.9500,-91.0000,3
38.2133,-89.0850,2
-37.5414,148.9386,2
-33.2025,138.6024,2
35.7783,-106.6872,3
41.1736,-85.0672,2
-28.4240,152.7548,3
33.2097,-87.5936,2
-34.3567,146.9032,2
-38.5058,145.1503,3
37.3186,-91.9625,2
-33.7704,150.9318,2
37.4200,-97.0497,2
-27.6696,153.0442,2
-34.9167,138.5956,2
-34.1602,138.9434,2
-32.8148,149.0408,2
-17.7667,145.5778,5
-43.1456,147.9617,3
46.3158,-113.3000,2
44.2333,-85.4217,4
