43.8544,-116.4664,367
43.9794,-117.0247,206
40.1100,-87.9567,250
41.1453,-85.4897,211
33.8083,-79.8567,356
47.0575,-109.9514,211
33.2564,-81.2422,244
34.1944,-79.2472,300
41.8161,-80.4250,228
40.4750,-86.9919,222
32.7547,-104.3836,233
34.2183,-81.0731,306
42.7831,-71.4147,206
37.1317,-86.1481,283
37.8194,-85.3847,278
42.1397,-87.7853,239
28.4575,-97.7061,283
64.1539,-145.8894,139
44.4933,-68.4583,194
40.4719,-74.4364,222
62.1925,-150.5033,189
37.0683,-88.7725,239
46.8706,-68.0172,206
38.4558,-86.6983,267
40.2233,-86.1086,278
44.9847,-93.1772,217
34.4719,-81.8839,267
35.6214,-88.8456,294
32.3500,-94.6500,300
37.9311,-98.0297,233
40.0739,-87.5067,261
39.4833,-83.8500,267
42.2947,-83.7108,217
34.7289,-80.0389,306
37.1244,-87.8672,194
38.4661,-101.7758,233
39.4708,-87.4081,272
27.7792,-97.5056,278
38.7003,-82.4736,294
39.4700,-80.8572,256
38.7386,-87.4878,278
28.7156,-97.1742,267
41.0267,-86.5867,233
34.1419,-80.8700,294
35.6042,-91.2744,267
45.0853,-67.1203,217
38.5200,-89.8467,244
38.8894,-86.5519,244
64.9156,-148.2711,33
42.3806,-96.9575,211
32.2822,-106.7597,378
41.4439,-86.9294,250
40.7928,-87.7556,217
47.6811,-117.6267,194
33.7775,-81.8467,322
40.9361,-90.7197,256
36.1306,-80.5481,283
32.5133,-92.3486,311
44.8831,-85.6753,244
40.2539,-85.1483,278
32.9206,-86.6708,306
46.3414,-86.9242,211
38.3139,-81.7186,239
36.7578,-90.4056,267
28.8608,-97.0181,300
40.8142,-85.1547,222
37.9931,-100.8122,250
37.1167,-84.6167,222
44.5208,-101.6192,167
36.5914,-101.6181,300
20.7583,-156.3211,250
