34.6856,-99.8333,3
35.1664,-107.8992,2
44.3747,-72.5822,9
-30.0006,151.8529,2
-17.7667,145.5778,4
36.3558,-97.1531,3
37.7908,-87.0664,3
36.1167,-97.6067,3
25.8489,-81.3897,6
42.6922,-120.5403,4
35.9986,-97.0481,3
-38.1594,144.5556,2
34.8494,-97.0031,3
42.2667,-84.9667,3
43.5397,-109.6553,4
35.5083,-98.7750,3
35.8542,-97.9544,3
36.4231,-99.4167,4
35.2358,-97.4647,3
36.8314,-99.6411,5
34.5872,-99.3381,3
35.4017,-99.0583,3
35.5914,-99.2706,3
33.8997,-88.1325,4
43.0114,-84.5542,2
37.2308,-108.0514,3
-33.2904,150.9708,2
34.3997,-98.3458,3
36.7925,-97.7458,4
33.2206,-98.1561,2
46.2642,-87.5150,6
35.3647,-96.9481,3
36.1903,-99.0403,4
-36.4335,148.3327,20
34.9819,-97.5208,3
20.6772,-156.3300,24
37.2669,-83.6500,3
37.5339,-83.3492,12
34.3244,-93.8464,2
32.7336,-96.3225,4
-41.9933,145.5725,7
33.2250,-97.8317,5
18.3906,-66.0542,4
43.2386,-76.1964,5
-22.4558,116.0508,2
34.2392,-98.7444,3
43.8564,-111.2769,2
35.2050,-99.8033,3
-24.2914,131.5488,2
35.5483,-98.0364,3
21.1900,-156.9828,4
35.1489,-98.4658,3
-33.0955,151.5506,10
-27.4983,153.0337,3
34.6008,-93.7667,2
-41.5211,146.7158,8
42.8417,-75.7264,2
35.8417,-98.5261,3
36.7081,-98.7094,6
34.7292,-98.5694,3
40.4150,-102.6267,2
36.1161,-100.0239,3
36.2633,-98.4975,4
32.8622,-85.7358,3
35.5461,-99.7278,3
35.8989,-98.9603,5
31.2208,-99.8494,2
35.0322,-97.9144,3
34.7433,-111.4139,3
36.0719,-99.9031,4
-43.1456,147.9617,2
36.0642,-97.2128,3
36.1208,-97.0953,3
-17.2639,145.8536,5
36.7256,-99.1422,5
35.1228,-99.3600,3
35.8489,-97.4797,3
20.7872,-156.9911,6
38.2800,-95.2178,3
35.1714,-96.6311,3
36.7481,-98.3628,4
34.9142,-98.2922,3
-12.3786,130.8469,3
36.0286,-99.3464,4
34.4397,-99.1375,3
40.7042,-93.3697,4
36.9869,-99.0108,5
55.4772,-133.1408,7
34.8083,-98.0233,3
33.4661,-97.5797,2
36.3842,-98.1114,4
36.8825,-83.8819,3
34.9678,-97.9519,3
35.2458,-82.3892,3
34.1925,-96.6442,2
35.5247,-111.3703,2
47.1550,-102.0706,2
-16.0086,127.9806,2
-42.9264,147.5203,4
41.6814,-115.5289,31
34.8358,-99.4239,3
35.4842,-98.4814,3
36.1472,-97.2858,3
36.4119,-97.6939,4
-37.6563,145.4762,4
-36.8756,147.2886,4
36.0608,-86.9064,9
35.2722,-97.9553,3
