40.7264,-122.7947,311
40.7142,-122.4161,156
33.6731,-111.1508,222
28.4675,-98.2525,67
40.6117,-122.5281,89
34.5822,-119.9817,194
36.4622,-116.8669,228
38.4917,-122.1242,144
33.7092,-93.5564,-178
45.9228,-108.2444,-178
39.1172,-95.4097,0
39.0744,-96.8983,6
37.7967,-121.5828,211
34.9881,-120.3211,206
26.8400,-81.0872,289
43.5492,-71.4647,-178
30.2003,-92.6642,83
38.5350,-121.7761,167
38.6450,-95.5661,0
38.4931,-122.0047,167
32.2822,-106.7597,-178
36.5508,-114.4581,111
29.4608,-101.0286,44
26.5581,-99.1372,39
25.8175,-80.2858,322
38.0047,-120.4864,161
30.7053,-104.0233,144
