43.9794,-117.0247,33
40.1100,-87.9567,-28
41.1453,-85.4897,-61
33.8083,-79.8567,67
47.0575,-109.9514,28
33.2564,-81.2422,61
34.1944,-79.2472,28
41.8161,-80.4250,6
40.4750,-86.9919,-39
32.7547,-104.3836,39
34.2183,-81.0731,94
42.7831,-71.4147,-6
37.1317,-86.1481,28
37.8194,-85.3847,0
42.1397,-87.7853,6
28.4575,-97.7061,100
44.4933,-68.4583,0
40.4719,-74.4364,0
62.1925,-150.5033,-6
37.0683,-88.7725,17
46.8706,-68.0172,-11
38.4558,-86.6983,11
40.2233,-86.1086,22
44.9847,-93.1772,-56
34.4719,-81.8839,56
35.6214,-88.8456,33
32.3500,-94.6500,61
37.9311,-98.0297,11
40.0739,-87.5067,-28
39.4833,-83.8500,-17
42.2947,-83.7108,-39
34.7289,-80.0389,56
37.1244,-87.8672,-39
38.4661,-101.7758,17
27.7792,-97.5056,133
38.7003,-82.4736,33
39.4700,-80.8572,6
38.7386,-87.4878,-6
28.7156,-97.1742,150
41.0267,-86.5867,-33
34.1419,-80.8700,72
33.0167,-81.3167,100
35.6042,-91.2744,72
45.0853,-67.1203,0
38.5200,-89.8467,-6
34.6603,-82.8236,56
38.8894,-86.5519,28
64.9156,-148.2711,6
42.3806,-96.9575,-44
32.2822,-106.7597,100
41.4439,-86.9294,-6
40.7928,-87.7556,-33
47.6811,-117.6267,-11
33.7775,-81.8467,83
40.9361,-90.7197,-33
36.1306,-80.5481,11
32.5133,-92.3486,39
44.8831,-85.6753,-67
40.2539,-85.1483,-6
32.9206,-86.6708,67
46.3414,-86.9242,-6
38.3139,-81.7186,11
28.8608,-97.0181,156
40.8142,-85.1547,-78
37.9931,-100.8122,33
44.5208,-101.6192,11
36.5914,-101.6181,11
20.7583,-156.3211,156
