45.8981,-86.5483,225
46.2314,-112.1136,4
39.4206,-79.0050,250
47.2753,-88.4169,270
40.1100,-87.9567,337
47.6497,-120.0800,119
30.5347,-94.4456,20
41.8161,-80.4250,340
39.7750,-105.1169,120
47.2919,-88.4208,240
40.5764,-105.0858,200
39.7194,-76.8028,360
45.6656,-97.0392,360
44.4933,-68.4583,180
34.6242,-106.3103,45
35.1375,-77.9892,42
34.2183,-116.4072,320
34.1206,-115.8500,270
45.4525,-99.3358,270
47.0083,-88.4317,225
41.7392,-77.9711,45
39.0733,-93.7075,270
39.6442,-74.8072,31
61.2967,-149.4400,180
39.1439,-103.4897,225
40.8600,-102.8031,315
48.0750,-111.2597,250
48.9981,-110.2158,328
40.6558,-97.2208,230
35.0761,-89.7430,360
47.0111,-109.2261,315
41.2847,-105.5319,360
