32.5667,-117.1167,94
40.2342,-85.3936,112
30.0494,-90.0289,72
43.9906,-70.9475,58
45.6194,-121.1661,134
35.2333,-101.7089,107
34.2622,-88.7714,67
32.3367,-90.2214,45
32.6500,-114.6167,107
37.1431,-107.7597,81
37.4389,-105.8614,45
30.0481,-102.2131,72
34.2675,-77.8997,76
45.2486,-122.7686,58
46.7708,-100.7603,98
34.2008,-119.2069,67
35.2372,-120.6414,89
28.8208,-81.8097,67
43.0661,-108.4767,63
60.7850,-161.8292,72
64.7767,-141.1483,22
41.6117,-90.5808,125
37.2253,-89.5706,72
38.8169,-92.2183,107
27.4981,-80.3767,72
40.4122,-86.9369,116
38.9286,-90.4281,98
34.8822,-95.7831,54
35.0169,-80.6206,67
38.3000,-76.4167,67
36.2117,-115.1958,107
41.3461,-82.1794,134
40.9781,-124.1086,76
46.7994,-102.7972,94
37.7461,-97.2211,76
41.7806,-122.4717,45
33.0375,-116.9158,72
42.8153,-108.7261,58
32.5722,-116.9794,76
36.0097,-94.1694,63
42.5950,-87.9381,134
39.6014,-116.0056,72
47.2856,-68.3133,107
34.1750,-91.9347,54
43.0206,-102.5183,67
39.7333,-77.4333,54
44.4683,-73.1500,112
41.8833,-91.7167,125
39.8233,-93.5792,72
43.5164,-112.0672,94
36.0394,-95.9844,58
29.7333,-85.0333,72
34.4258,-119.8425,89
43.9922,-76.0217,94
41.6764,-70.9583,76
44.1278,-123.2206,40
42.2333,-83.5333,130
31.3214,-85.4497,72
38.3794,-81.5900,76
46.9208,-114.0925,63
36.7414,-104.5022,81
41.2531,-70.0608,98
44.2558,-121.1392,107
41.5272,-85.7922,134
31.3558,-85.7511,58
44.3592,-89.8369,139
37.3278,-95.5042,76
41.6264,-80.2150,107
60.1283,-149.4167,40
43.9658,-107.9508,58
42.2667,-84.4667,125
35.1442,-111.6664,45
61.2169,-149.8550,31
40.0397,-88.2778,134
64.5500,-149.0717,31
26.2500,-80.1083,81
36.9839,-77.0075,36
48.4608,-119.5167,36
40.0681,-118.5692,54
21.4500,-157.7833,58
38.8761,-98.8092,94
30.0675,-95.5561,31
44.3394,-105.5419,103
32.7800,-79.9319,81
41.0089,-74.7367,54
34.0511,-118.2353,54
37.9272,-100.7247,89
39.3792,-74.4242,36
26.5361,-81.7550,76
39.8447,-89.6839,130
37.2839,-98.5528,63
39.5703,-104.8489,58
64.3267,-158.7417,54
40.4847,-80.2144,98
30.5892,-96.3647,67
44.7694,-106.9689,94
44.0511,-101.6011,81
40.7789,-73.9692,63
44.5344,-72.6144,76
34.9894,-99.0525,63
35.3889,-97.6006,58
35.4344,-119.0542,40
33.9786,-98.4928,45
39.0725,-95.6261,81
36.3189,-119.6289,40
40.6825,-74.1694,58
40.0803,-95.5919,94
27.7839,-97.5108,76
41.9097,-70.7294,72
46.7439,-117.1086,72
42.9486,-78.7369,134
37.9917,-122.0550,63
42.6958,-73.1708,107
29.3389,-98.4719,54
42.6425,-77.0564,107
42.7431,-73.8092,103
42.0647,-104.1528,89
28.4339,-81.3250,89
44.3814,-100.2856,98
41.1519,-104.8061,98
44.3853,-74.2067,107
33.6267,-116.1594,116
37.6542,-122.1150,58
40.4422,-109.5144,40
34.0500,-94.4008,45
41.6686,-70.2800,72
38.3650,-82.5550,63
33.6228,-111.9106,67
41.1583,-73.1289,76
33.6361,-91.7556,45
59.7494,-154.9089,67
39.4519,-87.3089,103
36.7800,-119.7194,36
37.0911,-95.5664,89
30.0375,-91.8839,76
42.9550,-87.9044,143
42.1469,-121.7242,45
32.3542,-95.4025,45
39.9369,-91.1919,107
41.4525,-87.0058,134
37.7214,-122.2208,54
42.9667,-83.7494,130
37.2833,-102.6139,112
45.7728,-122.8611,54
40.8764,-74.2831,67
34.6517,-112.4208,139
36.0969,-79.9433,58
33.8117,-78.7239,89
33.1783,-86.7817,40
37.5050,-77.3203,72
45.0717,-83.5644,143
45.6689,-96.9914,148
38.9408,-77.4636,76
42.8939,-85.5447,134
42.5519,-71.7558,76
32.5428,-93.7450,54
41.2639,-72.8872,63
34.2006,-118.3575,107
58.6794,-156.6294,72
62.3200,-150.0950,22
47.5303,-122.3008,40
38.5050,-107.8975,45
45.4558,-98.4131,107
45.5511,-122.4089,54
42.1094,-77.9919,98
41.6328,-91.5431,112
33.2119,-87.6161,58
46.9253,-96.8111,165
46.1569,-123.8825,63
34.9869,-81.0575,40
40.8436,-72.6322,58
41.0731,-71.9233,94
41.3375,-84.4289,112
39.3669,-101.7000,98
36.3333,-119.9500,58
39.9444,-81.8922,72
33.4050,-118.4158,103
34.6294,-118.0836,54
34.4272,-100.2831,63
31.4208,-110.8458,107
37.3031,-108.6275,67
39.2292,-106.3169,72
44.5483,-95.0803,125
29.7036,-98.0281,63
33.8750,-84.3022,45
40.8217,-72.8689,63
42.5544,-92.4011,130
36.1189,-86.6892,45
32.6847,-83.6528,72
42.4092,-83.0100,134
36.6239,-87.4194,67
48.5428,-109.7633,130
32.2622,-107.7206,179
40.8203,-82.5178,134
31.3711,-100.4922,45
35.6169,-106.0889,89
30.3208,-97.7603,40
40.0489,-107.8853,54
41.5944,-109.0528,134
35.5931,-88.9167,58
42.7611,-87.8136,112
41.5631,-83.4764,130
47.4444,-122.3139,45
46.0947,-118.2869,72
39.3450,-81.4392,72
32.3500,-91.0278,72
32.9733,-97.3181,58
27.5333,-99.4667,54
30.7797,-86.5225,45
38.6956,-121.5897,63
48.0944,-105.5744,103
33.9519,-117.4386,81
48.2553,-101.2733,125
41.4333,-99.6333,130
7.0833,171.3833,57
38.8000,-97.6500,76
71.2833,-156.7814,116
31.3347,-92.5586,112
29.6381,-95.2819,67
45.0133,-84.7014,134
42.7461,-86.0967,161
40.1519,-122.2536,54
33.5656,-86.7450,63
27.9106,-82.6875,67
42.1128,-92.9175,143
37.3711,-118.3581,76
30.4781,-87.1869,72
29.1097,-95.4619,63
40.1203,-76.2944,72
43.4075,-94.7461,165
44.6381,-90.1875,139
30.6794,-88.2397,63
32.7667,-97.4500,58
38.4167,-113.0167,94
46.4167,-86.6500,161
33.9381,-118.3889,103
47.9078,-122.2803,45
40.7794,-73.8803,94
32.7336,-117.1831,76
38.7642,-87.6056,98
45.8183,-88.1144,134
66.9161,-151.5089,36
37.7086,-113.0944,36
40.2064,-100.5914,81
46.4267,-105.8825,116
35.8922,-78.7819,72
36.0167,-102.5500,134
38.1811,-85.7392,94
26.0719,-80.1536,76
40.6331,-93.9019,103
33.6800,-117.8664,54
41.5333,-71.2833,76
28.4736,-82.4544,89
17.7028,-64.8056,89
48.5222,-123.0231,31
40.6161,-83.0636,107
38.8853,-79.8528,72
39.4019,-77.9844,67
42.4167,-87.8667,130
70.6392,-159.9950,125
29.1828,-81.0483,103
43.1406,-89.3453,76
37.2958,-81.2078,89
32.3336,-104.2581,89
25.7906,-80.3164,67
26.9172,-81.9914,72
32.8342,-115.5786,89
31.9514,-85.1289,40
34.7442,-87.5997,58
33.4669,-82.0386,63
39.1667,-76.6833,67
35.9333,-79.0642,63
45.1947,-123.1339,40
18.3331,-64.9667,76
41.8678,-84.0794,116
44.3675,-71.5450,76
41.1078,-92.4467,112
36.1625,-97.0894,63
47.9375,-124.5550,58
41.1214,-100.6694,103
24.5550,-81.7522,54
43.7700,-88.4864,125
46.0261,-91.4442,94
28.8614,-96.9303,58
45.5433,-94.0514,143
41.5175,-81.6836,143
40.4719,-81.4236,76
24.5833,-81.6833,63
40.6508,-75.4492,67
41.5092,-74.2650,76
32.8519,-96.8556,54
36.8167,-76.0333,81
18.2550,-65.6408,63
38.8100,-104.6883,72
34.1853,-79.7239,89
41.2433,-76.9217,103
25.9069,-80.2803,72
47.0492,-109.4578,130
36.7683,-96.0261,63
31.4156,-87.0442,54
42.3075,-85.2511,130
43.5331,-84.0797,148
36.9878,-120.1106,31
41.1389,-75.3794,81
38.7550,-109.7542,58
40.2383,-75.5572,58
35.5144,-108.7939,63
33.9706,-80.9958,54
34.2167,-119.0833,76
48.2138,-106.6213,116
48.1203,-123.4983,89
35.2236,-80.9553,54
26.1522,-81.7753,67
44.5169,-108.0822,67
38.6572,-90.6558,94
47.9742,-117.4283,45
39.3756,-99.8297,94
38.8983,-119.9947,54
31.9433,-102.1889,76
34.2900,-93.0600,36
32.8167,-115.6833,116
28.0622,-81.7542,76
44.8428,-117.8086,40
39.7556,-82.6572,76
30.4000,-81.4167,72
35.2578,-93.0947,63
18.4325,-66.0108,89
34.6439,-86.7861,58
31.6072,-110.4281,134
37.2622,-104.3378,81
40.2769,-74.8158,76
42.0800,-80.1825,125
63.9944,-145.7214,63
47.3258,-106.9475,130
46.5486,-90.9189,134
55.5800,-133.0750,54
46.8706,-68.0172,72
32.8158,-117.1394,89
47.4933,-122.2144,45
30.1831,-97.6800,67
35.1822,-103.6031,89
40.8289,-115.7886,98
33.3644,-81.9633,58
39.4781,-88.2803,94
21.3167,-158.0667,67
43.3500,-73.6167,94
59.4556,-135.3239,81
30.9119,-102.9167,89
39.1258,-123.2008,40
37.7064,-112.1456,94
44.9047,-97.1494,125
45.5464,-100.4078,89
40.1667,-103.2167,98
43.1711,-86.2367,143
33.7792,-84.5214,45
60.7850,-148.8389,40
31.8606,-86.0122,58
45.0319,-102.0192,116
31.6189,-97.2283,67
35.5342,-97.6469,58
43.8789,-91.2528,134
13.4836,144.7961,107
47.2675,-122.5761,40
34.8831,-82.2203,67
44.3981,-98.2231,125
47.6831,-117.3214,36
47.3078,-119.5153,76
39.1333,-86.6167,103
35.8550,-77.8931,67
40.7833,-91.1253,103
35.0028,-105.6628,116
39.9181,-76.8742,67
67.7317,-164.5483,161
39.6428,-79.9164,67
30.6264,-88.0681,72
40.5175,-122.2986,58
36.6206,-116.0278,72
30.3975,-84.3289,67
42.8375,-103.0953,98
28.7247,-96.2536,89
46.0139,-102.6547,94
45.9647,-112.5006,72
37.2353,-93.4003,81
38.3083,-75.1239,63
42.8914,-73.2469,89
38.0442,-87.5206,94
19.7192,-155.0531,72
30.5069,-86.9597,58
39.7075,-86.2803,112
37.1319,-76.4930,63
39.6728,-75.6008,76
26.1839,-98.2539,67
44.7408,-85.5825,103
41.7361,-72.6506,89
38.3306,-96.1897,94
22.0333,-159.7833,94
48.6033,-112.3753,179
43.4133,-124.2436,67
36.2967,-99.7689,76
34.2719,-83.8303,67
41.8706,-103.5931,98
43.8339,-111.8045,72
39.8344,-88.8656,134
39.8328,-104.6575,81
42.2706,-71.8731,72
37.6928,-121.8144,36
42.1928,-89.0931,107
37.0683,-88.7719,72
39.5936,-84.2264,103
44.0433,-103.0536,161
41.2003,-74.6231,63
33.4964,-90.0867,58
41.4131,-81.8600,112
37.1467,-94.5022,94
32.6261,-116.4681,72
36.1994,-95.8872,58
39.1033,-84.4189,98
57.1553,-170.2222,98
40.6675,-89.6839,103
46.8369,-92.2097,157
40.1764,-80.6472,103
30.7044,-87.0231,63
37.6544,-97.4425,72
37.7081,-77.4344,54
32.7817,-98.0603,58
39.4900,-121.6183,54
46.9258,-98.6692,139
31.5358,-82.5067,45
34.9000,-76.8833,98
42.8050,-72.0036,63
41.7219,-71.4325,89
35.0564,-89.9864,40
35.3331,-94.3625,63
41.3931,-70.6150,81
44.4983,-88.1111,130
36.6636,-121.6081,63
39.3667,-75.0667,54
55.0389,-131.5786,45
37.0872,-84.0769,76
34.0158,-118.4514,76
29.9506,-94.0206,67
31.3928,-92.2956,40
41.5097,-72.8278,89
42.5906,-117.8644,67
32.4833,-80.7167,76
41.6875,-69.9933,63
27.6531,-80.2428,76
43.1544,-93.3269,157
37.6242,-120.9506,54
34.7000,-77.3833,76
38.1386,-78.4530,72
41.9950,-87.9336,116
7.3333,134.4833,52
26.2281,-97.6542,81
29.3783,-100.9269,45
35.9403,-89.8308,72
33.8117,-118.1464,72
34.4978,-82.7097,72
39.5781,-85.8033,94
46.1442,-115.5964,27
40.5100,-101.6200,81
70.1917,-148.4772,107
44.1708,-114.9272,89
41.3119,-105.6747,76
43.2781,-70.9222,45
42.4819,-114.4869,107
30.3489,-85.7881,58
59.4433,-151.7017,31
32.5156,-92.0406,63
33.2367,-107.2681,94
32.6808,-96.8681,54
30.3433,-89.8222,63
37.7608,-99.9683,81
42.7803,-84.5789,130
40.6239,-74.6694,54
31.8456,-86.6108,54
32.7100,-96.2672,72
42.5417,-113.7661,107
35.0678,-77.0481,76
38.0494,-103.5122,76
30.8356,-85.1839,76
44.0206,-117.0128,45
38.2900,-104.4983,58
55.3567,-131.7117,58
59.2433,-135.5094,67
41.0375,-81.4642,112
29.9933,-90.2511,67
36.9358,-121.7886,45
39.3644,-84.5247,72
38.5911,-92.1558,103
47.0339,-120.5303,148
45.8258,-119.2611,81
47.4667,-87.8833,161
30.7406,-98.2353,45
31.4583,-109.6061,134
36.7436,-108.2292,58
48.7939,-122.5372,63
38.9597,-94.3714,103
39.5514,-97.6508,89
34.3622,-98.9761,54
39.2231,-106.8683,45
15.1167,145.7167,116
47.2078,-119.3192,31
40.8097,-124.1603,31
41.6236,-98.9517,116
39.8683,-75.2311,67
38.2281,-85.6636,76
41.1014,-102.9847,116
46.1236,-67.7928,67
40.7083,-84.0267,125
40.8500,-74.0614,72
38.5000,-77.3000,76
34.8536,-116.7858,81
32.8978,-97.0189,63
39.1894,-103.7158,98
36.6950,-76.1356,76
33.1281,-117.2794,58
31.1500,-92.9667,36
29.6333,-83.1053,72
42.9203,-112.5711,107
43.7694,-87.8506,125
43.6497,-70.3003,63
36.5881,-121.8453,45
30.5108,-99.7664,40
31.1828,-90.4708,58
41.7781,-80.6958,107
32.5500,-88.5667,54
34.5467,-93.5781,36
37.6703,-95.4842,81
35.9508,-85.0814,63
35.2578,-113.9331,125
45.6478,-68.6925,98
34.7336,-76.6606,94
28.5453,-81.3331,98
43.1561,-90.6775,112
26.5850,-81.8614,67
41.7419,-72.1836,76
56.6000,-169.5650,94
38.7667,-104.3000,72
41.9922,-93.6217,125
43.1111,-76.1039,107
35.7425,-81.3819,54
34.7436,-118.7242,125
33.3075,-104.5083,67
34.8994,-120.4486,94
42.6003,-123.3642,67
33.8281,-116.5053,125
48.7167,-94.6000,148
41.5339,-93.6531,107
42.3811,-122.8722,31
40.4953,-107.5211,54
47.4733,-111.3822,130
39.4839,-119.7711,27
46.9733,-122.9033,67
38.5714,-90.1572,81
47.3864,-92.8389,170
45.8678,-95.3942,125
42.2228,-83.7444,112
42.1244,-86.4267,139
37.3208,-79.2067,54
41.9856,-97.4353,125
39.2775,-120.7103,89
46.5683,-120.5428,67
43.9636,-69.7117,63
35.6575,-109.0614,58
43.3906,-99.8422,107
35.1350,-90.2344,58
35.4319,-82.5375,76
30.7439,-95.5861,40
39.0083,-95.2117,81
34.7675,-114.6189,143
39.8250,-86.2958,89
44.6500,-73.4667,103
55.2208,-162.7325,107
34.2097,-118.4892,76
41.4914,-120.5644,45
30.3567,-95.4139,45
33.4617,-80.8581,63
44.8831,-93.2289,161
47.9428,-97.1839,174
38.8317,-94.8897,94
38.8483,-77.0342,67
31.2819,-89.2531,58
43.6264,-72.3047,98
34.6719,-82.8864,63
44.9050,-123.0011,63
32.5161,-84.9422,54
41.3714,-73.4828,76
36.9647,-86.4239,72
58.3567,-134.5639,58
29.6919,-82.2756,81
39.1208,-94.5969,94
26.1658,-97.3458,98
38.0408,-84.6058,94
36.9261,-111.4478,31
29.2733,-94.8592,89
39.5264,-107.7264,40
35.8311,-90.6464,67
41.9144,-88.2464,130
41.8756,-71.0211,63
46.4047,-94.1308,143
42.3978,-90.7036,134
-14.3306,-170.7136,67
27.4014,-82.5586,58
37.5908,-83.3131,54
34.1167,-119.1167,72
35.2100,-99.1200,67
33.4825,-90.9853,72
35.6567,-95.3614,54
44.8322,-93.4706,134
34.9914,-78.8803,67
35.2325,-75.6219,76
45.5644,-84.7928,161
61.1689,-150.0278,45
47.7472,-90.3444,94
29.9800,-95.3600,63
32.2997,-86.4075,58
34.7272,-92.2389,45
42.6650,-83.4181,107
36.2833,-94.3000,63
39.1342,-108.5400,76
33.5872,-85.8556,54
30.4844,-81.7019,76
38.1847,-84.9033,94
43.2119,-90.1814,134
29.5622,-91.5256,54
40.9017,-117.8081,67
33.8719,-117.9789,45
47.1686,-88.4889,143
40.0819,-75.0111,58
41.5886,-83.8014,116
43.3497,-76.3847,81
40.8731,-81.8867,103
39.0431,-84.6717,81
25.9989,-80.2411,76
36.7367,-97.1019,67
31.3500,-85.6667,58
39.4203,-83.8217,112
41.8056,-107.1997,130
38.0511,-117.0903,134
43.1167,-77.6767,112
34.7917,-79.3661,81
42.8975,-106.4636,107
48.5614,-93.3981,134
32.1314,-110.9553,94
7.4500,151.8333,72
26.1969,-80.1708,81
36.6817,-101.5053,103
34.8461,-82.3461,67
45.6983,-110.4408,143
36.0236,-84.2375,40
41.7072,-86.3164,130
44.5761,-71.1786,63
30.7825,-83.2767,40
27.7628,-82.6261,58
33.6542,-101.8136,63
37.1681,-97.0369,76
40.1606,-113.3508,72
43.1953,-71.5011,67
30.2050,-91.9875,72
26.6847,-80.0994,76
31.0425,-86.3117,40
30.5372,-91.1469,54
43.1644,-95.2017,143
6.9667,158.2167,57
62.9614,-141.9292,40
42.3914,-96.3792,148
57.0481,-135.3647,45
42.9333,-71.4383,72
46.3583,-104.2500,98
45.8069,-108.5422,161
39.9492,-74.8417,45
41.7803,-124.2367,54
33.4536,-94.0075,45
47.6458,-101.4394,143
45.6044,-103.5464,112
8.7333,167.7333,76
42.5700,-72.2911,76
60.4889,-145.4511,36
35.0281,-110.7208,107
20.8997,-156.4286,112
45.4622,-69.5953,72
40.9706,-85.2064,130
32.6636,-97.0939,54
33.9486,-81.1186,67
31.2361,-94.7544,45
42.4933,-79.2722,125
40.0781,-83.0781,98
40.1936,-76.7633,67
44.3592,-84.6739,94
62.1592,-145.4589,27
66.8667,-162.6333,148
36.2667,-93.1567,67
57.7511,-152.4856,103
30.3503,-81.8831,63
32.3347,-88.7442,67
42.5844,-110.1075,103
60.5797,-151.2392,45
46.2667,-119.1167,45
39.4167,-118.7167,45
42.4700,-71.2894,89
38.2103,-122.2847,63
33.9753,-117.6361,63
44.5228,-114.2150,40
37.4058,-122.0481,58
32.0311,-96.3989,40
40.6386,-73.7622,94
39.1353,-96.6778,76
62.9575,-155.6103,72
33.3633,-84.5658,45
41.6267,-73.8842,58
31.3089,-86.3939,76
35.6875,-117.6931,81
34.5183,-109.3792,94
41.1783,-78.8989,139
46.6056,-111.9636,125
37.3169,-79.9742,58
42.0572,-102.8000,98
45.5406,-122.9486,67
38.6892,-75.3592,58
32.4106,-99.6822,45
28.4567,-99.2183,45
40.0972,-92.5433,98
41.3103,-95.8992,112
42.1208,-87.9047,103
38.9833,-76.4667,81
47.4569,-115.6450,45
34.6081,-79.0592,72
25.9156,-97.4186,76
42.8783,-100.5500,81
41.7700,-88.4814,112
38.9503,-95.6639,89
36.2606,-76.1750,81
32.8547,-109.6353,125
27.9619,-82.5403,58
36.9500,-76.2833,103
29.5442,-98.4839,54
32.4506,-93.8411,63
31.5883,-110.3442,125
21.3239,-157.9294,81
37.8892,-121.2258,45
41.4653,-90.5233,125
40.7342,-73.4169,72
41.9381,-72.6825,94
36.7725,-90.3247,76
33.1803,-96.5903,54
43.5950,-118.9564,81
59.5119,-139.6711,36
39.7736,-94.9233,89
33.4278,-112.0039,130
45.0619,-93.3508,143
34.7411,-118.2117,54
33.2208,-92.8142,40
32.3206,-90.0778,63
40.8206,-76.8642,89
33.9228,-118.3342,89
36.8781,-91.9025,67
30.1250,-93.2158,67
39.2447,-102.2842,89
34.0561,-117.6003,72
19.7356,-156.0489,98
43.2389,-123.3547,45
29.3331,-89.4075,63
35.6950,-101.3950,89
44.8889,-116.1017,45
42.1594,-76.8919,98
39.1019,-121.5678,67
41.3325,-122.3328,63
31.5356,-84.1944,54
42.7172,-71.1239,54
40.0228,-82.4625,89
44.3814,-106.7211,116
43.9042,-92.4917,174
42.1908,-71.1736,67
44.2033,-72.5794,94
42.7972,-105.3856,98
66.0689,-162.7639,157
41.2731,-111.0306,81
29.5189,-95.2417,63
39.7078,-77.7297,89
45.6308,-89.4653,130
40.9167,-81.4333,112
35.9461,-112.1547,58
38.3406,-75.5103,54
47.6217,-117.5281,54
31.8111,-106.3758,174
41.3275,-72.0494,81
41.0669,-73.7075,76
41.7872,-111.8533,31
21.1544,-157.0961,103
47.2381,-123.1408,89
37.3592,-121.9239,63
38.7525,-90.3736,98
45.5114,-118.4247,40
42.4272,-73.2892,81
38.0700,-102.6881,67
43.9844,-88.5569,130
34.6525,-86.9453,58
32.8192,-97.3614,63
33.2194,-117.3494,76
44.9319,-93.0556,148
40.3161,-78.8339,125
42.2314,-83.3308,134
35.6697,-120.6283,67
41.2544,-80.6739,125
38.1311,-91.7683,98
61.5961,-149.0917,36
38.0653,-97.8606,72
43.5667,-116.2406,67
64.5111,-165.4400,139
30.3361,-81.5147,58
35.0419,-106.6156,148
21.9839,-159.3405,89
41.0467,-78.4117,81
40.6044,-98.4272,116
41.3336,-75.7269,76
42.5708,-77.7133,76
61.1781,-149.9664,36
32.7000,-117.2000,76
37.7836,-81.1231,72
28.1011,-80.6439,94
31.7800,-103.2017,63
31.9206,-102.3867,72
25.6475,-80.4331,67
42.1997,-75.9850,94
39.9914,-82.8808,98
42.1578,-72.7161,81
32.3847,-94.7117,40
36.9033,-76.1922,98
33.6186,-114.7142,125
40.3667,-75.9667,67
47.3978,-120.2014,107
45.7881,-111.1608,58
27.7411,-98.0247,67
35.8517,-97.4142,63
32.1300,-81.2100,72
64.8039,-147.8761,31
40.3547,-79.9217,94
35.1967,-81.1558,63
29.3600,-99.1742,54
36.4486,-103.1539,107
27.5000,-97.8167,63
33.2061,-97.1989,67
43.7331,-103.6114,81
30.7167,-87.0167,58
38.8500,-94.7392,89
41.1961,-112.0114,67
40.3300,-75.1225,63
30.2333,-81.6667,67
41.3497,-71.7989,67
41.7861,-87.7522,116
44.7978,-68.8186,67
40.2172,-76.8514,67
27.6833,-97.2833,89
48.3042,-114.2636,31
33.6300,-84.4417,58
42.5842,-70.9175,76
30.4119,-89.0808,67
43.3436,-72.5178,72
44.0219,-82.7931,94
44.3206,-69.7972,58
36.4731,-82.4044,58
48.3500,-122.6667,72
40.2964,-78.3203,89
38.7042,-93.1833,103
33.9481,-83.3275,67
9.4833,138.0833,52
37.6197,-122.3647,76
70.2117,-151.0017,112
38.3775,-121.9575,45
33.6883,-112.0817,116
30.4000,-86.4717,58
34.5583,-98.4172,58
32.8667,-117.1333,72
36.5728,-79.3361,45
40.8508,-96.7475,107
37.2847,-120.5128,31
38.5039,-122.8103,45
40.9611,-98.3136,112
43.7667,-98.0333,125
31.4000,-93.2833,45
45.6906,-118.8528,125
45.6208,-122.6572,40
37.7797,-89.2497,76
34.3478,-85.1611,45
48.1739,-103.6367,76
43.2339,-75.4117,72
37.9406,-75.4631,58
44.9258,-89.6256,143
39.6092,-110.7547,103
32.8986,-80.0403,81
30.4636,-88.5319,63
42.3606,-71.0106,89
46.4794,-84.3572,112
29.6222,-95.6564,67
39.2956,-80.2289,94
28.0836,-97.0464,76
42.2347,-85.5519,116
35.6542,-105.1419,76
39.2972,-94.7306,98
36.0719,-115.1633,89
45.5908,-122.6003,67
46.9006,-95.0678,148
36.1336,-80.2222,54
28.7797,-81.2436,89
43.1072,-78.9453,143
40.7781,-111.9694,63
41.7636,-96.1778,134
34.1231,-84.8486,40
36.3689,-92.4703,45
38.5069,-121.4950,40
44.8664,-91.4878,134
43.5878,-96.7289,134
24.7258,-81.0517,36
39.2953,-114.8467,103
42.7267,-114.4564,112
39.4494,-74.5672,63
45.2575,-112.5545,116
46.3747,-117.0156,36
39.9061,-84.2186,116
38.1417,-76.4292,54
44.5444,-110.4211,58
34.2486,-82.1592,58
40.7939,-73.1017,63
35.0311,-85.2014,58
41.8031,-78.6403,81
59.6419,-151.4908,40
41.0136,-83.6686,130
46.9728,-123.9303,81
44.9358,-74.8458,103
35.8181,-83.9858,54
31.1522,-81.3908,72
36.0467,-79.4769,54
