38.4466,-75.1340,0
44.2964,-99.2597,0
40.1890,-88.5584,0
38.3335,-81.6987,3
42.9900,-73.8000,0
44.4412,-90.1289,0
41.6425,-86.0415,0
43.0573,-78.8617,0
42.3411,-72.6504,0
45.4340,-122.5036,0
42.0944,-71.3776,0
39.4195,-77.2905,0
45.1187,-95.0551,0
34.8695,-106.7015,0
43.5375,-81.3964,0
40.2124,-105.0426,0
35.7003,-86.5250,0
39.7109,-74.9679,0
35.6952,-106.7553,18
45.3806,-91.7048,3
40.7301,-85.1607,3
42.8167,-106.4108,0
37.8339,-87.5840,5
41.0589,-83.1127,0
34.7917,-86.7239,0
52.1381,-106.5720,0
42.4284,-87.8838,0
37.8039,-96.8601,0
49.0157,-97.3055,18
43.2115,-71.4143,0
38.7873,-82.9779,3
46.7544,-117.0005,0
47.2602,-96.2577,10
37.9542,-87.3741,0
35.1934,-112.1765,0
46.8849,-60.4629,0
41.1623,-81.5037,0
38.1783,-75.7689,0
42.4717,-79.3336,0
36.4941,-80.6896,0
24.5695,-81.7559,0
44.2832,-83.4992,0
39.3933,-84.4770,0
38.7462,-77.1386,0
42.3683,-88.1561,0
43.7440,-70.4890,0
34.6444,-86.5056,0
39.5768,-78.8498,0
39.0432,-79.0496,0
39.6490,-80.7382,0
36.1483,-95.8618,0
49.4005,-97.3142,8
39.9575,-78.5638,0
42.7198,-73.9304,0
43.8583,-71.2597,0
39.2619,-86.5936,0
40.8398,-74.5432,0
39.2883,-104.4521,0
44.6654,-94.8544,0
34.7411,-86.7697,0
44.4991,-63.5264,0
48.2647,-96.8703,18
39.5186,-104.9492,0
42.4650,-92.3410,0
41.5067,-87.5248,0
46.0272,-66.6746,0
47.4669,-121.6806,0
44.7246,-63.8192,0
39.4712,-118.7915,0
44.1511,-94.7852,0
36.7500,-93.9400,0
37.0583,-91.6000,13
36.3188,-85.5019,0
43.6293,-65.7999,0
39.1692,-85.2361,0
35.5813,-88.8306,0
46.5824,-90.8839,0
38.9167,-77.1822,0
40.0891,-97.1959,0
40.3978,-80.0967,0
42.3611,-82.2443,0
39.4041,-79.3722,3
41.4644,-81.0652,0
40.5759,-105.0858,0
42.8181,-106.3455,0
41.2008,-81.3389,0
43.0961,-79.0281,0
46.4325,-63.8215,0
35.5183,-93.3571,0
43.8324,-70.1200,0
46.7985,-96.1218,23
45.4505,-98.5086,0
35.1375,-77.9892,0
46.6046,-90.6492,13
37.6799,-92.6615,13
61.6185,-149.1258,0
41.0483,-93.9496,0
38.6645,-76.7385,8
40.0945,-88.1282,0
35.7373,-83.9132,0
41.7346,-88.2391,0
36.1066,-88.0443,0
44.4932,-71.7045,0
38.3401,-107.0943,0
38.8319,-107.9670,0
38.6418,-77.7672,0
41.5819,-88.1937,0
44.9769,-106.8475,0
47.6720,-65.0911,0
48.9536,-54.6186,0
42.0038,-89.9389,0
43.5868,-99.7114,0
41.4229,-82.7905,0
46.9934,-65.5069,0
35.2823,-106.7207,229
34.7806,-86.8644,0
46.2508,-63.3342,0
43.0789,-85.6282,0
45.2943,-91.6247,0
38.7850,-87.1553,0
46.4274,-62.7087,0
37.7327,-85.5174,0
45.4000,-123.1830,0
42.6509,-78.6106,0
36.0512,-83.9862,0
33.4387,-88.8695,0
39.0589,-92.4370,0
37.7892,-120.7518,0
45.2012,-93.6658,0
34.9542,-86.4506,0
41.3928,-75.6411,0
42.5110,-76.9155,0
35.0761,-106.3846,0
41.6225,-86.2163,0
45.0707,-92.8085,0
40.5472,-105.0749,0
36.0940,-86.8341,0
47.1556,-53.4722,0
44.3882,-71.2695,0
44.3541,-66.1026,0
43.2957,-123.0787,0
35.6283,-108.7928,0
41.2492,-85.7967,0
47.7657,-122.3001,0
45.6968,-108.7337,0
41.2571,-77.0085,0
39.0400,-108.5210,0
39.9844,-104.8134,0
35.2444,-106.7231,30
39.6679,-104.9440,0
44.0397,-92.4375,0
40.6317,-75.1045,0
41.7136,-89.3247,0
42.8972,-85.7791,0
41.4088,-81.7448,0
41.9286,-74.0195,0
34.7058,-86.7503,0
38.6607,-86.7185,0
40.3038,-103.1114,0
45.7699,-64.2180,0
40.7739,-84.0800,0
40.3889,-75.9396,0
43.3367,-72.0606,0
49.1916,-100.4942,5
48.8511,-97.7775,0
35.8838,-106.2939,3
34.8050,-86.7619,0
43.0521,-78.7643,0
37.9101,-86.1364,5
42.5019,-92.4418,0
32.7580,-108.1347,41
42.4927,-72.9454,3
38.3299,-97.7787,0
43.5695,-116.3248,0
40.3689,-105.5108,0
37.6702,-91.8739,20
44.0303,-71.1383,0
44.8745,-123.0444,0
41.1523,-104.8052,0
40.6148,-74.4994,0
40.5949,-98.4270,0
33.7476,-84.7452,0
31.8142,-93.0856,0
41.0413,-93.9805,0
32.9424,-105.8262,0
35.1114,-106.5416,30
40.5091,-74.8549,0
39.7763,-76.6958,3
39.6919,-77.1171,0
44.8122,-106.9763,0
34.2024,-78.0948,0
42.2660,-87.8460,0
46.4168,-98.7875,0
45.0043,-65.1169,0
43.3085,-87.9848,0
49.8631,-97.2622,18
37.6605,-91.5535,28
37.4378,-87.4418,0
42.6532,-85.4405,0
46.2348,-114.1563,0
36.9544,-86.3366,0
47.4021,-79.6765,3
42.1880,-87.9590,0
40.7447,-111.8677,0
44.7825,-108.6879,0
39.9223,-104.9554,0
36.1648,-81.6055,0
44.0800,-99.1300,0
42.9542,-81.4349,0
39.4202,-84.1493,3
41.2800,-85.4729,0
39.7866,-77.7253,0
41.2084,-124.1027,0
38.9902,-77.0081,0
45.4662,-122.8088,0
44.5358,-69.6029,0
28.1669,-81.8219,0
39.6249,-75.7861,0
44.0277,-69.5686,0
40.9234,-73.3305,0
44.2321,-80.7061,0
44.1386,-123.0658,0
42.9962,-82.4643,0
46.8131,-92.0556,3
41.3139,-105.5774,0
40.5938,-91.1467,0
32.3191,-90.0806,0
34.6389,-86.5436,0
49.9092,-97.0199,15
39.6011,-105.9773,0
40.2286,-74.6472,0
37.2003,-93.2740,13
36.4843,-80.9996,0
37.3262,-93.1977,8
44.9354,-68.6584,0
40.5998,-105.1151,0
41.6874,-87.7911,0
38.6844,-77.4299,3
45.2753,-62.7127,0
39.4700,-76.8301,0
43.1425,-80.0696,0
43.0520,-77.2570,0
44.0098,-92.9856,0
43.8885,-70.2944,0
39.6404,-74.8261,5
42.4921,-70.8758,0
46.1902,-89.4579,5
42.4093,-86.0481,0
34.6544,-86.5617,0
40.1848,-105.0820,0
42.1753,-122.6572,0
35.3620,-85.3797,0
39.2741,-78.2963,5
38.2270,-77.5120,25
41.7814,-88.0674,0
44.7914,-93.2304,0
44.7584,-108.7769,0
33.6239,-117.6275,0
41.4996,-87.9603,0
41.4089,-87.3899,0
47.7130,-118.9412,0
40.5358,-94.8879,0
29.6849,-95.2197,0
34.5360,-92.7651,0
41.3728,-88.8415,0
39.7674,-78.4844,3
41.4896,-87.0580,0
45.4899,-74.6457,0
38.2872,-81.7874,0
45.6686,-122.6862,0
39.9660,-105.5125,0
33.1637,-96.6851,0
45.4788,-122.7692,0
44.8353,-122.6836,0
41.2144,-85.1242,0
44.5292,-109.0755,0
37.3685,-78.2274,3
40.8656,-74.3851,0
42.8785,-72.3383,0
41.0578,-75.0796,0
35.9947,-106.0535,0
39.0720,-106.4673,0
39.8626,-74.1410,0
40.0403,-82.7980,0
45.9190,-66.6269,0
44.6053,-72.3094,0
43.9378,-69.4636,5
46.4490,-96.7280,5
37.2850,-78.4044,3
46.5673,-87.6869,0
31.1200,-81.9300,0
45.1226,-93.4579,0
34.6286,-86.5561,0
46.2033,-89.1317,8
30.4144,-97.7664,0
35.4049,-78.6810,0
44.9663,-93.8489,0
42.8095,-106.3315,0
42.9705,-78.8284,0
38.3029,-104.7910,0
53.3290,-106.1377,0
41.2949,-75.8682,0
42.9980,-88.0238,0
43.1848,-71.5186,0
44.0250,-66.1030,0
45.9896,-66.5918,0
39.5794,-85.5713,0
43.3194,-88.1681,0
34.4344,-86.9153,0
41.8026,-75.6972,0
45.0336,-123.4277,0
36.9612,-91.7232,0
35.6393,-97.2916,0
44.5654,-106.9281,0
34.9842,-83.3917,0
46.8818,-64.1973,0
49.8917,-97.3055,18
35.0908,-106.2212,0
45.9689,-94.3772,0
48.1810,-117.1712,0
36.2528,-81.9136,0
45.4141,-93.6919,0
44.8382,-92.9359,0
42.3917,-72.7384,0
35.6072,-87.0592,0
40.0806,-106.8929,0
38.1625,-79.0712,8
36.1264,-85.3139,0
37.0503,-94.5565,0
42.2115,-70.9506,3
39.4582,-107.1839,0
47.5857,-122.6092,0
39.8265,-103.5733,0
40.4754,-106.8085,0
45.7139,-89.4215,0
47.2227,-93.4960,0
40.5035,-88.9682,0
42.9008,-88.5862,0
38.0614,-108.9101,0
41.8482,-88.3144,0
34.1800,-102.1398,114
38.0450,-85.7155,0
41.9221,-111.8193,0
45.1395,-93.4207,0
45.3608,-63.2682,0
45.1702,-91.2361,0
44.7029,-106.3261,0
44.4677,-87.9735,0
42.8918,-88.1423,0
42.8966,-76.6727,0
30.8176,-83.8965,0
37.9663,-103.5443,0
32.3772,-86.2575,0
37.9705,-80.7667,0
29.5120,-95.0994,0
35.0599,-106.7269,508
38.7387,-84.8496,0
44.6115,-74.9719,0
43.8737,-80.1343,0
53.5972,-105.7361,0
42.1739,-88.2993,0
43.4794,-80.5354,0
40.3503,-86.4867,0
27.9855,-81.7902,0
44.2337,-86.0358,0
43.5629,-79.7347,0
45.6018,-94.1991,0
37.8945,-89.8103,0
37.8314,-91.7559,0
41.0233,-100.3669,0
35.5344,-77.3821,0
34.9178,-86.8317,0
41.7788,-107.1169,0
40.5460,-105.0731,0
39.7197,-105.2472,0
49.7791,-124.3371,0
39.3343,-94.7642,0
40.2647,-87.6656,0
40.0496,-84.9474,0
44.6698,-64.8526,0
39.9609,-86.6762,25
44.5125,-78.3606,0
39.4722,-105.3913,0
34.2917,-83.3236,0
47.4845,-122.1272,0
42.8264,-106.3988,0
45.8802,-123.2946,0
36.2347,-86.3817,0
41.9950,-75.9650,0
45.7904,-66.1473,0
40.2077,-75.3522,0
44.5103,-109.0994,0
42.7112,-87.8457,0
42.6536,-85.7597,0
46.3526,-61.0776,0
46.2507,-119.3197,0
32.2529,-80.7350,0
41.5417,-87.2715,0
34.0151,-81.1920,0
43.5200,-71.8190,0
44.8126,-106.9580,0
42.6397,-70.9797,0
41.1977,-80.9721,0
42.5088,-72.6973,0
42.2406,-84.4669,0
37.7867,-87.6558,10
40.7494,-96.5928,0
37.3996,-119.7381,0
32.9881,-97.3932,0
40.5462,-74.5287,0
33.5806,-101.9358,0
29.4854,-98.6561,0
44.5014,-68.2208,0
46.0533,-83.6906,0
41.5279,-71.3831,0
38.1208,-76.3651,15
29.5110,-95.0898,0
46.4393,-95.5887,3
47.3714,-102.7606,0
38.6804,-77.4206,3
49.8922,-97.0283,20
40.3417,-80.1229,0
45.7086,-61.9024,0
41.6470,-73.8970,0
45.6063,-122.5104,0
45.4681,-122.6813,0
44.6310,-72.2800,0
33.5172,-101.9681,0
45.3147,-64.4289,0
37.1306,-80.5720,0
41.6326,-74.5604,0
41.7304,-88.2376,0
44.1839,-69.0786,3
40.0905,-104.7986,0
40.0781,-88.2537,0
46.4698,-63.4920,0
41.6235,-90.3514,0
44.0412,-80.6893,0
37.7398,-89.8603,13
38.4193,-107.9422,3
39.2378,-74.8173,0
38.6205,-87.1359,0
45.6587,-97.1237,0
51.1240,-104.9917,0
47.7738,-120.6641,0
37.3480,-108.5596,0
36.5921,-94.4507,0
38.6331,-109.4104,0
38.2210,-84.8175,0
50.4158,-96.6091,8
38.7575,-120.6046,0
38.8592,-96.1058,0
38.3455,-120.7719,0
40.7230,-73.7110,0
48.7094,-118.7214,0
50.1784,-100.4396,5
35.0681,-86.2745,0
41.9062,-87.7819,0
38.6169,-77.9696,0
42.8339,-79.9298,0
44.0866,-103.3701,0
41.9351,-75.0784,0
40.9519,-74.1577,0
39.9965,-76.7533,0
50.1475,-95.8902,20
40.6259,-105.0621,0
31.8449,-102.4858,0
44.8567,-93.6864,0
45.0713,-64.4857,0
42.5973,-74.5931,0
43.8981,-72.1377,0
45.9220,-116.1260,0
41.3297,-86.3568,0
42.8230,-86.0678,0
41.6846,-73.7205,0
55.4900,-107.9236,0
45.0792,-64.2711,0
44.9846,-93.3744,0
43.1923,-123.4387,0
45.1019,-64.4144,0
36.2184,-81.6720,0
38.5966,-76.8710,5
43.8567,-70.4664,0
35.1224,-106.5355,28
41.0105,-95.8890,0
44.3320,-70.2685,0
42.2139,-104.5192,0
37.2469,-92.5275,41
38.3053,-77.4643,10
45.9770,-66.8682,0
50.0786,-98.1029,13
40.4624,-90.7452,0
48.4212,-89.2787,8
45.7169,-65.4622,0
40.2510,-74.2819,0
45.2315,-96.6442,3
36.3350,-96.0975,0
32.2918,-85.1893,0
37.5990,-101.2911,0
38.4691,-75.4923,36
47.0653,-91.6761,3
39.7444,-99.2155,0
41.5253,-71.1935,0
41.7887,-69.9786,0
44.8358,-92.6210,0
41.7010,-84.9867,0
51.9130,-101.4930,3
41.5177,-90.6072,0
39.3712,-76.6633,0
51.5694,-107.2341,0
29.7210,-98.1655,0
49.1971,-100.1496,0
47.6421,-65.6876,0
37.7847,-79.9165,0
44.3552,-72.4554,0
36.2325,-84.9407,0
39.7041,-102.7080,0
45.9631,-65.9694,0
39.0704,-84.9758,0
39.1223,-77.8187,0
39.3723,-112.3339,0
39.1746,-75.5132,0
38.6420,-75.6270,5
35.2836,-106.6194,36
45.2082,-93.6528,0
36.5869,-93.2692,0
49.8996,-97.1875,18
32.9465,-105.6714,0
51.2522,-106.5403,0
32.7741,-108.3450,13
42.9880,-85.8103,0
44.2659,-85.2553,0
33.9837,-83.1378,0
34.7293,-87.6472,0
36.4003,-84.8954,0
46.5189,-66.2667,0
47.3720,-122.2230,0
40.2707,-74.7295,0
41.5828,-70.5803,0
39.0985,-104.8343,0
40.0014,-77.1089,3
41.3493,-75.7714,0
39.4745,-83.8361,0
49.8072,-97.1187,23
45.5519,-116.3028,0
43.8028,-81.1838,0
48.5050,-121.4800,0
35.6345,-117.9782,0
35.9350,-87.2662,0
41.6048,-75.2833,0
42.5601,-87.9384,0
38.7338,-120.7110,0
47.1369,-93.5666,0
38.9433,-119.1916,0
38.6639,-77.9756,0
44.7518,-63.7910,0
41.3221,-105.5837,0
43.4394,-71.5373,0
35.2315,-86.6060,0
62.2272,-150.0731,0
42.4310,-83.3819,0
46.2170,-67.8589,0
43.2161,-77.9525,0
42.5597,-87.8566,0
46.3554,-98.9177,0
42.8532,-90.7086,0
45.5075,-66.0986,0
41.5193,-87.9193,0
41.4673,-90.1818,0
52.2915,-104.5762,0
44.6209,-106.8029,0
41.3262,-82.4920,0
38.6049,-89.9685,0
43.0449,-80.9346,0
46.1326,-91.4050,0
45.3825,-63.2281,0
37.6460,-77.5048,0
47.8771,-97.0581,8
43.7485,-70.3045,0
45.9217,-64.5150,0
47.3638,-120.2284,0
37.7196,-97.3844,0
47.1656,-91.6195,5
36.1520,-115.3396,0
36.4590,-81.1525,0
38.5943,-76.9145,5
39.7647,-84.6338,0
47.7446,-122.5097,0
39.6427,-106.5179,0
44.0390,-122.8500,0
34.6614,-86.5575,0
45.5740,-88.8983,0
41.3677,-81.7018,0
46.2084,-119.1658,0
38.9669,-95.2967,0
40.0584,-79.2616,10
39.3428,-82.0964,0
32.9502,-105.7337,3
37.1763,-92.5286,13
38.9052,-104.8491,0
49.7556,-96.9094,18
44.5187,-72.3028,0
48.0125,-123.1709,0
40.9158,-74.4758,0
48.2619,-114.1556,0
42.0478,-91.5743,0
44.8720,-69.4203,0
34.8240,-92.2531,0
41.2812,-84.3454,0
49.6725,-96.5814,13
39.8895,-82.7680,0
47.0412,-91.7528,3
35.1537,-106.2848,0
46.4667,-63.9892,0
38.6521,-76.6395,5
39.3542,-101.6996,0
39.1002,-78.1802,3
40.7623,-74.9719,0
45.8812,-66.7623,0
46.8293,-97.2617,5
43.4356,-71.5069,0
47.0570,-67.7263,0
32.1154,-81.2509,0
35.7131,-106.0094,15
38.3339,-104.7898,0
45.1940,-67.3225,0
43.5000,-86.4700,0
44.7591,-123.2325,0
42.4516,-76.0437,0
39.0974,-77.0487,0
34.7981,-86.7047,0
37.1154,-93.3080,13
44.1964,-88.3307,0
46.4238,-94.3033,8
44.8913,-93.3141,0
33.9554,-86.5439,0
44.7683,-94.1558,0
37.1500,-93.2194,28
40.0815,-104.9459,0
42.5970,-82.1781,0
43.1499,-71.5565,0
39.9873,-105.1703,0
48.5544,-58.6185,0
37.9221,-78.2519,0
40.2835,-78.8901,0
42.8403,-84.4197,0
49.8299,-99.9746,0
36.6144,-93.8363,0
43.6107,-73.0466,0
42.9864,-78.8706,0
37.1817,-106.0004,3
32.7904,-105.8204,3
38.7835,-104.8293,0
42.6732,-85.6801,0
35.5909,-82.5549,0
44.6708,-63.3047,0
42.9632,-78.8669,0
39.0326,-75.5169,8
40.2001,-82.7732,0
46.4025,-94.4631,3
49.5196,-96.6794,13
40.9142,-91.4293,0
40.1043,-105.1605,0
43.9930,-66.1468,0
45.1864,-85.1478,0
39.5404,-104.9123,0
45.4232,-76.0453,0
41.5401,-90.4492,0
45.8608,-84.7197,0
38.9539,-92.3381,0
42.1070,-84.6260,0
39.8446,-75.6386,0
44.5164,-122.9171,0
34.8057,-86.2483,0
34.1109,-109.9003,0
44.8344,-93.0358,0
37.1499,-93.3310,20
43.6695,-116.2653,0
41.5264,-90.5858,0
45.8833,-92.0960,3
44.0917,-93.2138,0
37.2915,-91.8515,20
38.1617,-85.8566,0
40.5510,-105.0664,0
29.7409,-97.6802,0
44.7910,-75.3822,0
39.6920,-86.5299,0
45.7169,-92.9257,0
46.4457,-63.3121,0
42.2107,-70.8904,5
40.4697,-106.8139,0
43.6215,-110.6253,0
44.6658,-70.0272,0
36.5667,-92.8272,0
42.4000,-88.7424,0
40.1526,-84.4613,0
44.7045,-64.4566,0
42.2845,-83.0346,0
42.4970,-71.7750,0
45.9290,-66.6283,0
36.2965,-78.6299,25
46.9386,-90.8349,8
42.5336,-75.6306,0
41.2986,-104.8278,0
45.4060,-122.8780,0
46.2358,-63.0821,0
39.1516,-77.2368,0
34.7056,-76.9898,0
45.3201,-85.2437,0
38.7845,-76.0739,0
39.4819,-106.0325,0
32.4066,-96.3347,0
41.4681,-87.9378,0
41.5090,-71.1590,0
40.0591,-105.1717,0
41.3315,-88.3141,0
43.9917,-79.6778,0
39.8926,-86.0824,0
43.9873,-81.1033,0
43.8977,-78.8744,0
