39.1311,-87.6403,135
46.7858,-121.7425,127
34.1500,-85.6847,61
42.2642,-118.6758,0
34.2256,-92.0189,137
-42.7681,146.0461,26
36.5994,-89.9894,269
43.4614,-86.4175,0
43.0114,-84.5542,0
37.9483,-83.4825,310
35.5158,-83.3056,196
34.8878,-83.3967,157
32.4725,-94.7172,559
33.8997,-88.1325,566
38.1853,-89.9283,119
40.5517,-82.2014,99
36.1661,-86.7247,203
42.2906,-104.7625,58
21.3153,-157.9992,0
38.7397,-85.4214,208
20.7600,-156.9097,356
36.3444,-88.8636,584
-34.9482,138.8071,12
-11.7508,142.5822,212
35.2458,-82.3892,28
20.7872,-156.9911,102
-28.9012,149.5401,324
-43.1456,147.9617,48
33.5500,-81.6969,0
33.0367,-80.2325,0
