40.7264,-122.7947,289
38.8586,-99.3358,189
37.9050,-93.3169,239
44.7764,-108.7592,111
40.4750,-86.9919,100
42.9592,-120.7897,133
40.2842,-109.8611,100
34.5822,-119.9817,189
40.1739,-101.0611,178
36.4622,-116.8669,250
42.8767,-77.0308,83
39.2494,-106.3714,17
40.2233,-86.1086,122
38.4661,-101.7758,133
34.9881,-120.3211,178
38.7978,-99.7231,183
37.7617,-117.5658,111
39.0422,-108.4664,106
36.0147,-85.1314,133
36.5575,-105.2628,61
35.4072,-104.1906,144
45.6911,-118.8522,122
36.5508,-114.4581,133
39.3925,-101.0689,156
41.6661,-111.8914,117
40.2539,-85.1483,133
26.5581,-99.1372,222
30.7053,-104.0233,161
37.9931,-100.8122,178
45.4825,-120.7236,106
