33.2422,-103.3611,256
32.4714,-87.2314,256
63.9033,-152.2817,56
31.3706,-100.4942,289
63.9647,-145.1050,61
39.3669,-101.7000,272
40.0739,-87.5067,228
35.3736,-83.7006,189
36.0147,-85.1314,183
40.9361,-90.7197,244
40.4719,-74.4364,283
43.2828,-123.3536,211
41.8161,-80.4250,183
31.4269,-94.8942,239
34.6892,-86.8819,239
40.2539,-85.1483,300
36.0908,-106.0567,206
34.4744,-91.4172,289
34.1925,-86.7972,250
32.8986,-80.0403,278
39.3925,-101.0689,222
38.5200,-89.8467,261
44.6342,-123.1900,217
41.6661,-111.8914,189
40.4750,-86.9919,217
