40.5100,-101.6200,1
32.3500,-91.0278,1
42.0572,-102.8000,1
42.2667,-84.4667,1
46.9728,-123.9303,1
43.3436,-72.5178,1
43.7331,-103.6114,1
37.5908,-83.3131,1
33.2119,-87.6161,1
41.4333,-99.6333,1
40.2064,-100.5914,1
31.1828,-90.4708,1
32.3347,-88.7442,1
46.9733,-122.9033,1
41.1519,-104.8061,1
43.1561,-90.6775,1
38.3650,-82.5550,1
41.6236,-98.9517,1
40.2964,-78.3203,1
45.1947,-123.1339,1
33.6228,-111.9106,1
41.7636,-96.1778,1
44.7978,-68.8186,1
44.2033,-72.5794,1
35.1442,-111.6664,1
43.5878,-96.7289,1
37.7797,-89.2497,1
42.3914,-96.3792,1
45.6308,-89.4653,1
41.9856,-97.4353,1
32.8547,-109.6353,1
