32.6500,-114.6167,1
37.4389,-105.8614,1
41.7806,-122.4717,1
34.1750,-91.9347,1
43.9922,-76.0217,1
44.1278,-123.2206,1
41.5272,-85.7922,1
30.0675,-95.5561,1
34.0511,-118.2353,1
37.9272,-100.7247,1
39.8447,-89.6839,1
30.5892,-96.3647,1
27.7839,-97.5108,1
46.7439,-117.1086,1
37.6542,-122.1150,1
42.9550,-87.9044,1
42.1469,-121.7242,1
37.7214,-122.2208,1
46.1569,-123.8825,1
39.3669,-101.7000,1
34.6294,-118.0836,1
41.4333,-99.6333,1
31.3347,-92.5586,1
33.9381,-118.3889,1
37.7086,-113.0944,1
40.2064,-100.5914,1
41.8678,-84.0794,1
28.8614,-96.9303,1
34.2167,-119.0833,1
47.9742,-117.4283,1
39.3756,-99.8297,1
39.4781,-88.2803,1
45.5464,-100.4078,1
47.6831,-117.3214,1
39.1333,-86.6167,1
42.8375,-103.0953,1
28.7247,-96.2536,1
33.4964,-90.0867,1
57.1553,-170.2222,1
36.6636,-121.6081,1
26.2281,-97.6542,1
33.8117,-118.1464,1
40.5100,-101.6200,1
32.6808,-96.8681,1
37.7608,-99.9683,1
42.5417,-113.7661,1
34.3622,-98.9761,1
47.2078,-119.3192,1
40.7083,-84.0267,1
36.5881,-121.8453,1
33.3075,-104.5083,1
34.8994,-120.4486,1
35.6575,-109.0614,1
30.3567,-95.4139,1
33.4617,-80.8581,1
44.8831,-93.2289,1
38.8317,-94.8897,1
26.1658,-97.3458,1
33.4825,-90.9853,1
33.8719,-117.9789,1
30.5372,-91.1469,1
33.9486,-81.1186,1
33.9753,-117.6361,1
36.2606,-76.1750,1
43.5950,-118.9564,1
45.0619,-93.3508,1
34.7411,-118.2117,1
33.9228,-118.3342,1
39.2447,-102.2842,1
42.7972,-105.3856,1
41.2731,-111.0306,1
29.5189,-95.2417,1
40.9167,-81.4333,1
37.3592,-121.9239,1
38.0700,-102.6881,1
42.2314,-83.3308,1
33.6186,-114.7142,1
29.3600,-99.1742,1
43.7331,-103.6114,1
38.8500,-94.7392,1
43.3436,-72.5178,1
33.9481,-83.3275,1
38.5039,-122.8103,1
45.6906,-118.8528,1
37.7797,-89.2497,1
