38.8586,-99.3358,178
43.2828,-123.3536,83
38.9422,-92.3200,144
34.7392,-90.7664,178
34.7986,-96.6692,178
33.8936,-97.2692,183
45.5900,-95.8744,6
36.4231,-99.4167,172
34.2392,-98.7444,189
35.8542,-97.9544,189
36.4711,-86.8414,167
35.3647,-96.9481,156
35.9328,-88.7267,161
35.1228,-99.3600,183
36.1903,-99.0403,156
40.1100,-87.9567,89
41.1453,-85.4897,33
47.0575,-109.9514,39
36.0642,-97.2128,183
34.5872,-99.3381,183
35.8489,-97.4797,183
44.6342,-123.1900,106
36.3842,-98.1114,183
36.1056,-82.8436,106
36.7081,-98.7094,172
34.6892,-86.8819,161
41.8161,-80.4250,72
40.4750,-86.9919,106
34.6089,-96.3331,161
30.5497,-84.5836,211
36.1472,-97.2858,178
36.4119,-97.6939,156
34.1864,-90.5572,167
35.2050,-99.8033,183
39.3669,-101.7000,94
34.7675,-106.7611,133
31.8769,-105.2369,206
35.4842,-98.4814,178
42.1397,-87.7853,67
45.6750,-111.1550,50
36.7481,-98.3628,183
34.9678,-97.9519,189
39.7194,-76.8028,72
35.1867,-102.0797,144
40.7833,-81.9167,100
35.5461,-99.7278,156
35.1131,-89.2122,156
33.8103,-91.2778,156
35.5083,-98.7750,178
34.7281,-90.3683,183
40.4719,-74.4364,61
34.7292,-98.5694,172
63.9033,-152.2817,-17
30.5467,-87.8808,217
34.9897,-99.0528,183
33.7092,-93.5564,194
34.0356,-96.9433,161
31.3625,-85.3397,200
36.1167,-97.6067,172
42.0208,-93.7742,61
35.5914,-99.2706,189
35.1297,-89.8036,167
33.9208,-96.3203,183
34.9142,-98.2922,172
44.9847,-93.1772,22
39.8058,-90.8236,117
35.6214,-88.8456,167
35.8819,-83.9572,139
35.5419,-97.3414,161
34.8494,-97.0031,150
40.0739,-87.5067,139
39.4833,-83.8500,117
34.5289,-97.7647,183
44.2394,-95.3153,44
39.4708,-87.4081,128
36.2872,-88.2958,183
35.1714,-96.6311,178
36.0286,-99.3464,172
44.0708,-93.5264,28
34.9819,-97.5208,189
35.7197,-86.9653,144
35.9986,-97.0481,172
36.8314,-99.6411,167
31.3706,-100.4942,189
32.4714,-87.2314,211
38.7386,-87.4878,128
34.4397,-99.1375,189
41.0267,-86.5867,94
63.9647,-145.1050,-22
34.1678,-97.9883,189
36.3444,-88.8636,167
35.4139,-86.8086,111
31.0383,-85.8708,244
36.5994,-89.9894,106
34.6856,-99.8333,183
34.3325,-96.6789,178
36.1208,-97.0953,183
36.0147,-85.1314,117
33.2422,-103.3611,178
35.6872,-90.0964,161
36.0719,-99.9031,167
36.7256,-99.1422,167
35.1489,-98.4658,189
35.8417,-98.5261,178
35.6528,-96.8042,150
34.1936,-97.5881,178
38.5200,-89.8467,167
38.5350,-121.7761,122
33.3867,-97.7164,194
35.0708,-96.3561,178
35.2358,-97.4647,189
34.7156,-97.2292,183
35.8989,-98.9603,144
34.3997,-98.3458,183
34.5989,-103.2161,117
35.2006,-103.6867,150
41.4439,-86.9294,89
40.7928,-87.7556,67
38.4931,-88.9703,133
34.1647,-88.7239,144
36.9869,-99.0108,133
40.9361,-90.7197,117
35.4017,-99.0583,178
36.2633,-98.4975,189
35.5483,-98.0364,183
39.3925,-101.0689,111
34.8083,-98.0233,183
34.2281,-97.2014,178
44.8831,-85.6753,28
41.6661,-111.8914,50
34.3086,-95.9969,144
40.2539,-85.1483,111
30.7342,-85.0306,211
32.8472,-97.4761,200
31.1414,-87.0486,211
34.5519,-96.7178,178
36.3558,-97.1531,161
31.2353,-88.9186,200
36.7925,-97.7458,167
36.8981,-96.9103,167
34.8219,-89.4347,156
34.1922,-97.0858,189
36.3925,-89.0317,222
34.4744,-91.4172,183
35.0322,-97.9144,194
36.6897,-108.3086,100
36.0908,-106.0567,128
34.8358,-99.4239,183
32.4219,-93.6381,206
40.8142,-85.1547,89
29.6211,-96.3661,228
34.5658,-96.9503,189
32.8986,-80.0403,194
31.4269,-94.8942,172
34.1381,-88.9983,183
35.2722,-97.9553,183
34.1925,-86.7972,156
45.4825,-120.7236,100
36.7542,-97.2544,167
