32.5667,-117.1167,200
40.2342,-85.3936,210
30.0494,-90.0289,170
43.9906,-70.9475,30
45.6194,-121.1661,60
35.2333,-101.7089,30
34.2622,-88.7714,220
32.3367,-90.2214,180
32.6500,-114.6167,290
37.1431,-107.7597,230
37.4389,-105.8614,140
30.0481,-102.2131,40
34.2675,-77.8997,200
45.2486,-122.7686,320
46.7708,-100.7603,280
34.2008,-119.2069,270
35.2372,-120.6414,330
28.8208,-81.8097,140
43.0661,-108.4767,360
60.7850,-161.8292,320
64.7767,-141.1483,150
41.6117,-90.5808,250
37.2253,-89.5706,190
38.8169,-92.2183,230
27.4981,-80.3767,100
40.4122,-86.9369,200
38.9286,-90.4281,290
34.8822,-95.7831,350
35.0169,-80.6206,230
38.3000,-76.4167,90
36.2117,-115.1958,360
41.3461,-82.1794,170
40.9781,-124.1086,320
46.7994,-102.7972,280
37.7461,-97.2211,300
41.7806,-122.4717,340
33.0375,-116.9158,260
42.8153,-108.7261,310
34.9883,-117.8647,240
32.5722,-116.9794,260
36.0097,-94.1694,200
42.5950,-87.9381,250
39.6014,-116.0056,30
47.2856,-68.3133,50
34.1750,-91.9347,180
43.0206,-102.5183,350
39.7333,-77.4333,300
44.4683,-73.1500,170
41.8833,-91.7167,280
39.8233,-93.5792,310
43.5164,-112.0672,210
36.0394,-95.9844,190
29.7333,-85.0333,140
34.4258,-119.8425,260
43.9922,-76.0217,170
41.6764,-70.9583,40
44.1278,-123.2206,340
42.2333,-83.5333,100
31.3214,-85.4497,190
38.3794,-81.5900,200
36.7414,-104.5022,320
41.2531,-70.0608,50
44.2558,-121.1392,110
41.5272,-85.7922,220
31.3558,-85.7511,210
44.3592,-89.8369,340
37.3278,-95.5042,260
41.6264,-80.2150,140
60.1283,-149.4167,170
43.9658,-107.9508,320
42.2667,-84.4667,210
35.1442,-111.6664,60
61.2169,-149.8550,320
40.0397,-88.2778,200
64.5500,-149.0717,80
26.2500,-80.1083,100
36.9839,-77.0075,20
48.4608,-119.5167,260
40.0681,-118.5692,210
21.4500,-157.7833,60
38.8761,-98.8092,310
30.0675,-95.5561,200
44.3394,-105.5419,330
32.7800,-79.9319,200
41.0089,-74.7367,220
34.0511,-118.2353,280
37.9272,-100.7247,340
39.3792,-74.4242,50
26.5361,-81.7550,100
39.8447,-89.6839,270
37.2839,-98.5528,340
39.5703,-104.8489,10
64.3267,-158.7417,40
40.4847,-80.2144,220
30.5892,-96.3647,170
44.7694,-106.9689,100
44.0511,-101.6011,300
40.7789,-73.9692,60
44.5344,-72.6144,190
34.9894,-99.0525,310
35.3889,-97.6006,200
35.4344,-119.0542,280
33.9786,-98.4928,20
39.0725,-95.6261,270
36.3189,-119.6289,320
40.6825,-74.1694,50
40.0803,-95.5919,300
27.7839,-97.5108,160
41.9097,-70.7294,40
46.7439,-117.1086,170
42.9486,-78.7369,170
37.9917,-122.0550,360
42.6958,-73.1708,110
29.3389,-98.4719,150
42.6425,-77.0564,190
42.7431,-73.8092,170
42.0647,-104.1528,330
28.4339,-81.3250,110
44.3814,-100.2856,310
41.1519,-104.8061,340
44.3853,-74.2067,140
33.6267,-116.1594,330
37.6542,-122.1150,320
40.4422,-109.5144,210
34.0500,-94.4008,220
41.6686,-70.2800,50
38.3650,-82.5550,210
33.6228,-111.9106,220
41.1583,-73.1289,50
33.6361,-91.7556,200
59.7494,-154.9089,80
39.4519,-87.3089,250
36.7800,-119.7194,290
37.0911,-95.5664,160
30.0375,-91.8839,200
42.9550,-87.9044,240
42.1469,-121.7242,190
32.3542,-95.4025,200
39.9369,-91.1919,250
41.4525,-87.0058,250
37.7214,-122.2208,270
42.9667,-83.7494,190
37.2833,-102.6139,330
45.7728,-122.8611,120
40.8764,-74.2831,110
34.6517,-112.4208,240
36.0969,-79.9433,40
33.8117,-78.7239,190
33.1783,-86.7817,210
37.5050,-77.3203,340
45.0717,-83.5644,270
45.6689,-96.9914,360
38.9408,-77.4636,140
42.8939,-85.5447,290
42.5519,-71.7558,50
32.5428,-93.7450,280
41.2639,-72.8872,10
34.2006,-118.3575,150
58.6794,-156.6294,270
62.3200,-150.0950,30
47.5303,-122.3008,120
38.5050,-107.8975,290
45.4558,-98.4131,340
45.5511,-122.4089,270
42.1094,-77.9919,160
41.6328,-91.5431,270
33.2119,-87.6161,210
46.9253,-96.8111,330
46.1569,-123.8825,320
34.9869,-81.0575,200
40.8436,-72.6322,30
41.0731,-71.9233,20
41.3375,-84.4289,230
39.3669,-101.7000,350
36.3333,-119.9500,360
39.9444,-81.8922,160
33.4050,-118.4158,270
34.6294,-118.0836,250
34.4272,-100.2831,10
31.4208,-110.8458,220
37.3031,-108.6275,210
39.2292,-106.3169,290
44.5483,-95.0803,320
29.7036,-98.0281,170
33.8750,-84.3022,200
40.8217,-72.8689,50
42.5544,-92.4011,310
36.1189,-86.6892,180
32.6847,-83.6528,220
42.4092,-83.0100,110
36.6239,-87.4194,200
48.5428,-109.7633,230
32.2622,-107.7206,250
40.8203,-82.5178,190
44.2667,-71.2994,200
31.3711,-100.4922,210
35.6169,-106.0889,120
30.3208,-97.7603,190
40.0489,-107.8853,20
41.5944,-109.0528,50
35.5931,-88.9167,210
42.7611,-87.8136,230
41.5631,-83.4764,230
47.4444,-122.3139,110
46.0947,-118.2869,110
39.3450,-81.4392,300
32.3500,-91.0278,180
32.9733,-97.3181,150
27.5333,-99.4667,150
30.7797,-86.5225,190
38.6956,-121.5897,280
48.0944,-105.5744,280
33.9519,-117.4386,240
48.2553,-101.2733,310
41.4333,-99.6333,340
38.8000,-97.6500,290
71.2833,-156.7814,60
31.3347,-92.5586,190
29.6381,-95.2819,170
45.0133,-84.7014,130
42.7461,-86.0967,200
40.1519,-122.2536,160
33.5656,-86.7450,200
27.9106,-82.6875,120
42.1128,-92.9175,310
37.3711,-118.3581,160
30.4781,-87.1869,140
29.1097,-95.4619,190
40.1203,-76.2944,120
43.4075,-94.7461,350
44.6381,-90.1875,330
30.6794,-88.2397,180
32.7667,-97.4500,270
38.4167,-113.0167,330
46.4167,-86.6500,100
33.9381,-118.3889,240
47.9078,-122.2803,250
40.7794,-73.8803,50
32.7336,-117.1831,220
38.7642,-87.6056,230
45.8183,-88.1144,360
66.9161,-151.5089,40
37.7086,-113.0944,240
40.2064,-100.5914,340
46.4267,-105.8825,310
35.8922,-78.7819,90
36.0167,-102.5500,30
38.1811,-85.7392,240
26.0719,-80.1536,110
40.6331,-93.9019,310
33.6800,-117.8664,210
41.5333,-71.2833,30
28.4736,-82.4544,290
17.7028,-64.8056,90
48.5222,-123.0231,200
40.6161,-83.0636,220
38.8853,-79.8528,340
39.4019,-77.9844,130
42.4167,-87.8667,220
70.6392,-159.9950,60
29.1828,-81.0483,70
43.1406,-89.3453,120
37.2958,-81.2078,250
32.3336,-104.2581,10
25.7906,-80.3164,130
26.9172,-81.9914,280
32.8342,-115.5786,110
31.9514,-85.1289,200
34.7442,-87.5997,220
33.4669,-82.0386,190
39.1667,-76.6833,120
35.9333,-79.0642,60
45.1947,-123.1339,360
18.3331,-64.9667,90
41.8678,-84.0794,210
44.3675,-71.5450,170
41.1078,-92.4467,230
36.1625,-97.0894,210
47.9375,-124.5550,270
41.1214,-100.6694,330
24.5550,-81.7522,100
43.7700,-88.4864,20
46.0261,-91.4442,20
28.8614,-96.9303,180
45.5433,-94.0514,360
41.5175,-81.6836,170
40.4719,-81.4236,200
24.5833,-81.6833,100
40.6508,-75.4492,90
41.5092,-74.2650,50
32.8519,-96.8556,190
36.8167,-76.0333,90
18.2550,-65.6408,110
38.8100,-104.6883,10
34.1853,-79.7239,200
41.2433,-76.9217,90
25.9069,-80.2803,100
47.0492,-109.4578,360
36.7683,-96.0261,270
31.4156,-87.0442,180
42.3075,-85.2511,210
43.5331,-84.0797,100
36.9878,-120.1106,210
41.1389,-75.3794,130
38.7550,-109.7542,130
40.2383,-75.5572,110
35.5144,-108.7939,80
33.9706,-80.9958,190
34.2167,-119.0833,240
48.2138,-106.6213,320
48.1203,-123.4983,260
35.2236,-80.9553,240
26.1522,-81.7753,140
44.5169,-108.0822,200
38.6572,-90.6558,230
47.9742,-117.4283,220
39.3756,-99.8297,340
38.8983,-119.9947,30
31.9433,-102.1889,180
34.2900,-93.0600,230
32.8167,-115.6833,240
28.0622,-81.7542,110
44.8428,-117.8086,160
39.7556,-82.6572,250
30.4000,-81.4167,140
35.2578,-93.0947,260
18.4325,-66.0108,90
34.6439,-86.7861,210
31.6072,-110.4281,240
37.2622,-104.3378,60
40.2769,-74.8158,120
42.0800,-80.1825,170
63.9944,-145.7214,190
47.3258,-106.9475,340
46.5486,-90.9189,20
55.5800,-133.0750,180
46.8706,-68.0172,150
32.8158,-117.1394,240
47.4933,-122.2144,110
30.1831,-97.6800,200
35.1822,-103.6031,90
40.8289,-115.7886,100
33.3644,-81.9633,220
39.4781,-88.2803,270
21.3167,-158.0667,60
43.3500,-73.6167,180
59.4556,-135.3239,210
30.9119,-102.9167,330
39.1258,-123.2008,270
44.9047,-97.1494,340
45.5464,-100.4078,310
40.1667,-103.2167,340
43.1711,-86.2367,60
33.7792,-84.5214,220
60.7850,-148.8389,120
31.8606,-86.0122,220
45.0319,-102.0192,310
31.6189,-97.2283,180
35.5342,-97.6469,180
43.8789,-91.2528,340
13.4836,144.7961,70
47.2675,-122.5761,130
34.8831,-82.2203,210
44.3981,-98.2231,350
31.8311,-104.8089,260
47.6831,-117.3214,290
47.3078,-119.5153,190
39.1333,-86.6167,240
35.8550,-77.8931,10
40.7833,-91.1253,250
35.0028,-105.6628,300
39.9181,-76.8742,120
67.7317,-164.5483,10
39.6428,-79.9164,140
30.6264,-88.0681,150
40.5175,-122.2986,320
36.6206,-116.0278,230
30.3975,-84.3289,140
42.8375,-103.0953,10
28.7247,-96.2536,170
46.0139,-102.6547,280
45.9647,-112.5006,130
37.2353,-93.4003,210
38.3083,-75.1239,30
42.8914,-73.2469,110
38.0442,-87.5206,240
19.7192,-155.0531,100
30.5069,-86.9597,150
39.7075,-86.2803,210
37.1319,-76.4930,50
39.6728,-75.6008,50
26.1839,-98.2539,150
44.7408,-85.5825,140
41.7361,-72.6506,30
38.3306,-96.1897,300
22.0333,-159.7833,250
48.6033,-112.3753,270
36.2967,-99.7689,190
34.2719,-83.8303,240
41.8706,-103.5931,330
43.8339,-111.8045,230
39.8344,-88.8656,220
39.8328,-104.6575,50
42.2706,-71.8731,60
37.6928,-121.8144,20
42.1928,-89.0931,240
37.0683,-88.7719,300
39.5936,-84.2264,230
44.0433,-103.0536,330
41.2003,-74.6231,50
33.4964,-90.0867,190
41.4131,-81.8600,190
37.1467,-94.5022,200
32.6261,-116.4681,80
36.1994,-95.8872,170
39.1033,-84.4189,280
57.1553,-170.2222,310
40.6675,-89.6839,260
46.8369,-92.2097,360
40.1764,-80.6472,190
30.7044,-87.0231,200
37.6544,-97.4425,320
37.7081,-77.4344,310
32.7817,-98.0603,10
39.4900,-121.6183,80
46.9258,-98.6692,330
34.9000,-76.8833,10
42.8050,-72.0036,50
41.7219,-71.4325,40
35.0564,-89.9864,190
35.3331,-94.3625,220
41.3931,-70.6150,40
44.4983,-88.1111,40
36.6636,-121.6081,270
39.3667,-75.0667,60
55.0389,-131.5786,150
37.0872,-84.0769,230
34.0158,-118.4514,240
29.9506,-94.0206,180
31.3928,-92.2956,180
41.5097,-72.8278,20
42.5906,-117.8644,140
32.4833,-80.7167,200
41.6875,-69.9933,50
27.6531,-80.2428,110
43.1544,-93.3269,340
37.6242,-120.9506,330
34.7000,-77.3833,170
38.1386,-78.4530,300
41.9950,-87.9336,260
7.3333,134.4833,360
26.2281,-97.6542,160
29.3783,-100.9269,130
35.9403,-89.8308,220
33.8117,-118.1464,300
34.4978,-82.7097,210
39.5781,-85.8033,210
46.1442,-115.5964,230
40.5100,-101.6200,350
70.1917,-148.4772,60
44.1708,-114.9272,220
41.3119,-105.6747,320
43.2781,-70.9222,90
42.4819,-114.4869,230
30.3489,-85.7881,50
32.5156,-92.0406,200
33.2367,-107.2681,190
32.6808,-96.8681,350
30.3433,-89.8222,160
37.7608,-99.9683,320
42.7803,-84.5789,190
40.6239,-74.6694,140
32.7100,-96.2672,170
42.5417,-113.7661,270
35.0678,-77.0481,160
38.0494,-103.5122,360
30.8356,-85.1839,190
44.0206,-117.0128,270
38.2900,-104.4983,30
55.3567,-131.7117,130
59.2433,-135.5094,70
41.0375,-81.4642,200
29.9933,-90.2511,200
36.9358,-121.7886,240
39.3644,-84.5247,260
38.5911,-92.1558,290
47.0339,-120.5303,160
45.8258,-119.2611,20
47.4667,-87.8833,180
30.7406,-98.2353,170
31.4583,-109.6061,230
36.7436,-108.2292,240
48.7939,-122.5372,160
38.9597,-94.3714,290
39.5514,-97.6508,320
34.3622,-98.9761,320
39.2231,-106.8683,360
15.1167,145.7167,80
47.2078,-119.3192,180
40.8097,-124.1603,300
41.6236,-98.9517,330
39.8683,-75.2311,40
38.2281,-85.6636,200
41.1014,-102.9847,340
46.1236,-67.7928,140
40.7083,-84.0267,210
40.8500,-74.0614,110
38.5000,-77.3000,140
34.8536,-116.7858,60
32.8978,-97.0189,140
39.1894,-103.7158,330
36.6950,-76.1356,360
33.1281,-117.2794,260
31.1500,-92.9667,190
29.6333,-83.1053,160
42.9203,-112.5711,240
43.7694,-87.8506,260
43.6497,-70.3003,90
36.5881,-121.8453,280
30.5108,-99.7664,20
31.1828,-90.4708,180
41.7781,-80.6958,180
34.5467,-93.5781,200
37.6703,-95.4842,290
35.9508,-85.0814,190
35.2578,-113.9331,220
45.6478,-68.6925,120
34.7336,-76.6606,130
28.5453,-81.3331,120
43.1561,-90.6775,320
26.5850,-81.8614,120
41.7419,-72.1836,30
56.6000,-169.5650,300
38.7667,-104.3000,20
41.9922,-93.6217,330
43.1111,-76.1039,110
35.7425,-81.3819,190
34.7436,-118.7242,120
33.3075,-104.5083,340
34.8994,-120.4486,310
42.6003,-123.3642,20
33.8281,-116.5053,330
48.7167,-94.6000,320
41.5339,-93.6531,290
42.3811,-122.8722,320
40.4953,-107.5211,240
47.4733,-111.3822,250
39.4839,-119.7711,300
46.9733,-122.9033,80
38.5714,-90.1572,290
47.3864,-92.8389,10
45.8678,-95.3942,10
42.2228,-83.7444,240
42.1244,-86.4267,250
37.3208,-79.2067,110
41.9856,-97.4353,320
39.2775,-120.7103,170
46.5683,-120.5428,140
43.9636,-69.7117,50
35.6575,-109.0614,60
43.3906,-99.8422,330
35.1350,-90.2344,200
35.4319,-82.5375,210
30.7439,-95.5861,180
39.0083,-95.2117,290
34.7675,-114.6189,20
39.8250,-86.2958,240
44.6500,-73.4667,170
55.2208,-162.7325,290
34.2097,-118.4892,170
41.4914,-120.5644,270
30.3567,-95.4139,180
33.4617,-80.8581,200
44.8831,-93.2289,350
47.9428,-97.1839,360
38.8317,-94.8897,290
38.8483,-77.0342,100
31.2819,-89.2531,150
43.6264,-72.3047,110
34.6719,-82.8864,240
44.9050,-123.0011,20
32.5161,-84.9422,230
41.3714,-73.4828,60
36.9647,-86.4239,190
58.3567,-134.5639,110
29.6919,-82.2756,100
39.1208,-94.5969,240
26.1658,-97.3458,160
38.0408,-84.6058,210
36.9261,-111.4478,10
29.2733,-94.8592,190
39.5264,-107.7264,100
35.8311,-90.6464,210
41.9144,-88.2464,240
41.8756,-71.0211,50
46.4047,-94.1308,340
42.3978,-90.7036,310
27.4014,-82.5586,260
37.5908,-83.3131,180
35.2100,-99.1200,320
33.4825,-90.9853,210
35.6567,-95.3614,210
44.8322,-93.4706,360
34.9914,-78.8803,190
35.2325,-75.6219,20
45.5644,-84.7928,110
61.1689,-150.0278,160
47.7472,-90.3444,60
29.9800,-95.3600,160
32.2997,-86.4075,160
34.7272,-92.2389,210
42.6650,-83.4181,130
36.2833,-94.3000,200
39.1342,-108.5400,280
33.5872,-85.8556,230
30.4844,-81.7019,130
38.1847,-84.9033,230
43.2119,-90.1814,300
40.9017,-117.8081,40
33.8719,-117.9789,210
47.1686,-88.4889,100
40.0819,-75.0111,90
41.5886,-83.8014,210
43.3497,-76.3847,120
40.8731,-81.8867,170
39.0431,-84.6717,260
25.9989,-80.2411,90
36.7367,-97.1019,310
31.3500,-85.6667,200
39.4203,-83.8217,270
41.8056,-107.1997,10
38.0511,-117.0903,160
43.1167,-77.6767,180
34.7917,-79.3661,210
42.8975,-106.4636,360
48.5614,-93.3981,10
32.1314,-110.9553,300
7.4500,151.8333,50
26.1969,-80.1708,100
36.6817,-101.5053,330
34.8461,-82.3461,240
45.6983,-110.4408,240
36.0236,-84.2375,180
41.7072,-86.3164,220
44.5761,-71.1786,140
30.7825,-83.2767,150
27.7628,-82.6261,140
33.6542,-101.8136,200
37.1681,-97.0369,310
40.1606,-113.3508,60
43.1953,-71.5011,100
30.2050,-91.9875,210
26.6847,-80.0994,100
30.5372,-91.1469,190
43.1644,-95.2017,350
6.9667,158.2167,140
62.9614,-141.9292,80
42.3914,-96.3792,360
57.0481,-135.3647,200
42.9333,-71.4383,40
46.3583,-104.2500,300
45.8069,-108.5422,300
39.9492,-74.8417,90
41.7803,-124.2367,320
33.4536,-94.0075,170
47.6458,-101.4394,320
45.6044,-103.5464,320
8.7333,167.7333,60
42.5700,-72.2911,50
60.4889,-145.4511,50
35.0281,-110.7208,110
20.8997,-156.4286,40
45.4622,-69.5953,170
40.9706,-85.2064,220
32.6636,-97.0939,150
33.9486,-81.1186,190
31.2361,-94.7544,170
42.4933,-79.2722,220
40.0781,-83.0781,210
40.1936,-76.7633,110
44.3592,-84.6739,100
62.1592,-145.4589,160
66.8667,-162.6333,10
36.2667,-93.1567,200
57.7511,-152.4856,260
30.3503,-81.8831,110
32.3347,-88.7442,190
42.5844,-110.1075,190
60.5797,-151.2392,40
46.2667,-119.1167,210
39.4167,-118.7167,290
42.4700,-71.2894,50
38.2103,-122.2847,290
33.9753,-117.6361,210
44.5228,-114.2150,150
37.4058,-122.0481,330
32.0311,-96.3989,190
40.6386,-73.7622,40
39.1353,-96.6778,280
62.9575,-155.6103,70
33.3633,-84.5658,190
41.6267,-73.8842,100
35.6875,-117.6931,100
34.5183,-109.3792,220
41.1783,-78.8989,120
46.6056,-111.9636,210
42.0572,-102.8000,340
45.5406,-122.9486,280
38.6892,-75.3592,40
32.4106,-99.6822,200
46.5311,-87.5483,360
28.4567,-99.2183,150
40.0972,-92.5433,260
41.3103,-95.8992,310
42.1208,-87.9047,230
38.9833,-76.4667,130
47.4569,-115.6450,180
34.6081,-79.0592,160
25.9156,-97.4186,150
42.8783,-100.5500,340
41.7700,-88.4814,250
38.9503,-95.6639,170
36.2606,-76.1750,40
32.8547,-109.6353,310
27.9619,-82.5403,280
36.9500,-76.2833,360
29.5442,-98.4839,150
32.4506,-93.8411,320
31.5883,-110.3442,270
21.3239,-157.9294,40
37.8892,-121.2258,310
41.4653,-90.5233,270
40.7342,-73.4169,60
41.9381,-72.6825,20
36.7725,-90.3247,200
33.1803,-96.5903,130
43.5950,-118.9564,140
59.5119,-139.6711,120
39.7736,-94.9233,310
33.4278,-112.0039,330
45.0619,-93.3508,350
34.7411,-118.2117,240
33.2208,-92.8142,170
32.3206,-90.0778,190
40.8206,-76.8642,180
33.9228,-118.3342,250
36.8781,-91.9025,210
30.1250,-93.2158,190
39.2447,-102.2842,360
34.0561,-117.6003,230
19.7356,-156.0489,190
43.2389,-123.3547,330
29.3331,-89.4075,150
35.6950,-101.3950,10
44.8889,-116.1017,120
42.1594,-76.8919,140
39.1019,-121.5678,70
41.3325,-122.3328,130
31.5356,-84.1944,160
42.7172,-71.1239,40
40.0228,-82.4625,230
44.3814,-106.7211,340
43.9042,-92.4917,360
42.1908,-71.1736,50
44.2033,-72.5794,180
42.7972,-105.3856,320
66.0689,-162.7639,270
41.2731,-111.0306,220
29.5189,-95.2417,170
39.7078,-77.7297,110
45.6308,-89.4653,100
40.9167,-81.4333,170
35.9461,-112.1547,20
38.3406,-75.5103,60
47.6217,-117.5281,160
31.8111,-106.3758,30
41.3275,-72.0494,40
41.0669,-73.7075,120
41.7872,-111.8533,360
21.1544,-157.0961,60
47.2381,-123.1408,230
37.3592,-121.9239,320
38.7525,-90.3736,270
45.5114,-118.4247,60
42.4272,-73.2892,70
38.0700,-102.6881,20
43.9844,-88.5569,110
34.6525,-86.9453,210
32.8192,-97.3614,160
33.2194,-117.3494,240
44.9319,-93.0556,360
40.3161,-78.8339,160
42.2314,-83.3308,200
35.6697,-120.6283,240
41.2544,-80.6739,170
38.1311,-91.7683,190
61.5961,-149.0917,140
38.0653,-97.8606,310
43.5667,-116.2406,140
64.5111,-165.4400,10
30.3361,-81.5147,110
35.0419,-106.6156,330
21.9839,-159.3405,50
41.0467,-78.4117,150
40.6044,-98.4272,330
41.3336,-75.7269,160
42.5708,-77.7133,130
61.1781,-149.9664,190
32.7000,-117.2000,230
37.7836,-81.1231,210
28.1011,-80.6439,90
31.7800,-103.2017,20
31.9206,-102.3867,20
25.6475,-80.4331,130
42.1997,-75.9850,160
39.9914,-82.8808,220
42.1578,-72.7161,10
32.3847,-94.7117,190
36.9033,-76.1922,350
33.6186,-114.7142,30
40.3667,-75.9667,90
47.3978,-120.2014,300
45.7881,-111.1608,210
27.7411,-98.0247,160
35.8517,-97.4142,270
32.1300,-81.2100,160
64.8039,-147.8761,70
40.3547,-79.9217,270
35.1967,-81.1558,240
29.3600,-99.1742,130
36.4486,-103.1539,320
27.5000,-97.8167,180
33.2061,-97.1989,140
43.7331,-103.6114,280
30.7167,-87.0167,190
38.8500,-94.7392,330
41.1961,-112.0114,300
40.3300,-75.1225,80
30.2333,-81.6667,130
41.3497,-71.7989,60
41.7861,-87.7522,250
44.7978,-68.8186,100
40.2172,-76.8514,100
27.6833,-97.2833,170
48.3042,-114.2636,150
33.6300,-84.4417,210
42.5842,-70.9175,40
30.4119,-89.0808,150
43.3436,-72.5178,70
44.0219,-82.7931,90
44.3206,-69.7972,90
36.4731,-82.4044,250
48.3500,-122.6667,230
40.2964,-78.3203,150
38.7042,-93.1833,280
33.9481,-83.3275,120
9.4833,138.0833,180
37.6197,-122.3647,280
70.2117,-151.0017,50
38.3775,-121.9575,110
33.6883,-112.0817,170
30.4000,-86.4717,150
34.5583,-98.4172,360
32.8667,-117.1333,230
36.5728,-79.3361,10
40.8508,-96.7475,320
37.2847,-120.5128,330
38.5039,-122.8103,240
40.9611,-98.3136,330
43.7667,-98.0333,340
45.6906,-118.8528,60
45.6208,-122.6572,330
37.7797,-89.2497,200
34.3478,-85.1611,190
48.1739,-103.6367,320
43.2339,-75.4117,120
37.9406,-75.4631,70
44.9258,-89.6256,20
39.6092,-110.7547,130
32.8986,-80.0403,210
30.4636,-88.5319,150
42.3606,-71.0106,60
46.4794,-84.3572,110
29.6222,-95.6564,170
39.2956,-80.2289,230
28.0836,-97.0464,150
42.2347,-85.5519,180
35.6542,-105.1419,270
39.2972,-94.7306,240
36.0719,-115.1633,80
45.5908,-122.6003,290
46.9006,-95.0678,320
36.1336,-80.2222,70
28.7797,-81.2436,100
43.1072,-78.9453,180
40.7781,-111.9694,340
41.7636,-96.1778,350
34.1231,-84.8486,160
36.3689,-92.4703,190
38.5069,-121.4950,300
44.8664,-91.4878,10
43.5878,-96.7289,360
24.7258,-81.0517,100
39.2953,-114.8467,150
42.7267,-114.4564,270
39.4494,-74.5672,40
45.2575,-112.5545,210
46.3747,-117.0156,170
39.9061,-84.2186,200
38.1417,-76.4292,90
44.5444,-110.4211,230
34.2486,-82.1592,230
40.7939,-73.1017,40
35.0311,-85.2014,200
41.8031,-78.6403,150
59.6419,-151.4908,60
41.0136,-83.6686,200
46.9728,-123.9303,270
44.9358,-74.8458,60
35.8181,-83.9858,230
31.1522,-81.3908,130
36.0467,-79.4769,30
