35.2333,-101.7089,1
34.2622,-88.7714,1
32.6500,-114.6167,1
41.6117,-90.5808,1
34.9883,-117.8647,1
36.0097,-94.1694,1
39.7333,-77.4333,1
41.8833,-91.7167,1
30.0675,-95.5561,1
30.5892,-96.3647,1
40.7789,-73.9692,1
34.9894,-99.0525,1
36.3189,-119.6289,1
27.7839,-97.5108,1
44.3814,-100.2856,1
41.1583,-73.1289,1
33.6361,-91.7556,1
36.7800,-119.7194,1
42.9667,-83.7494,1
36.0969,-79.9433,1
38.9408,-77.4636,1
45.5511,-122.4089,1
41.6328,-91.5431,1
33.2119,-87.6161,1
39.9444,-81.8922,1
34.4272,-100.2831,1
37.3031,-108.6275,1
29.7036,-98.0281,1
42.5544,-92.4011,1
30.6794,-88.2397,1
40.7794,-73.8803,1
38.7642,-87.6056,1
46.4267,-105.8825,1
35.8922,-78.7819,1
36.0167,-102.5500,1
39.4019,-77.9844,1
29.1828,-81.0483,1
32.3336,-104.2581,1
28.8614,-96.9303,1
40.6508,-75.4492,1
41.2433,-76.9217,1
36.9878,-120.1106,1
38.6572,-90.6558,1
47.9742,-117.4283,1
39.3756,-99.8297,1
31.9433,-102.1889,1
34.2900,-93.0600,1
42.0800,-80.1825,1
45.5464,-100.4078,1
33.7792,-84.5214,1
31.8606,-86.0122,1
35.5342,-97.6469,1
40.5175,-122.2986,1
30.3975,-84.3289,1
26.1839,-98.2539,1
38.3306,-96.1897,1
40.6675,-89.6839,1
37.6544,-97.4425,1
41.7219,-71.4325,1
38.1386,-78.4530,1
41.9950,-87.9336,1
26.2281,-97.6542,1
29.3783,-100.9269,1
30.3489,-85.7881,1
32.6808,-96.8681,1
37.7608,-99.9683,1
32.7100,-96.2672,1
35.0678,-77.0481,1
34.3622,-98.9761,1
40.8500,-74.0614,1
34.8994,-120.4486,1
38.5714,-90.1572,1
43.3906,-99.8422,1
30.7439,-95.5861,1
41.4914,-120.5644,1
30.3567,-95.4139,1
33.4617,-80.8581,1
38.8483,-77.0342,1
26.1658,-97.3458,1
29.2733,-94.8592,1
42.3978,-90.7036,1
35.2100,-99.1200,1
33.4825,-90.9853,1
29.9800,-95.3600,1
36.2833,-94.3000,1
39.0431,-84.6717,1
36.7367,-97.1019,1
48.5614,-93.3981,1
33.6542,-101.8136,1
31.2361,-94.7544,1
40.1936,-76.7633,1
33.9753,-117.6361,1
33.3633,-84.5658,1
41.1783,-78.8989,1
25.9156,-97.4186,1
27.9619,-82.5403,1
41.4653,-90.5233,1
43.5950,-118.9564,1
59.5119,-139.6711,1
39.7736,-94.9233,1
33.9228,-118.3342,1
41.3325,-122.3328,1
31.5356,-84.1944,1
44.2033,-72.5794,1
39.7078,-77.7297,1
38.7525,-90.3736,1
38.0700,-102.6881,1
32.8192,-97.3614,1
42.2314,-83.3308,1
41.3336,-75.7269,1
31.7800,-103.2017,1
31.9206,-102.3867,1
39.9914,-82.8808,1
36.9033,-76.1922,1
40.3667,-75.9667,1
27.7411,-98.0247,1
35.8517,-97.4142,1
44.3206,-69.7972,1
34.5583,-98.4172,1
29.6222,-95.6564,1
28.0836,-97.0464,1
45.5908,-122.6003,1
