35.9200,-106.3900,252
36.9900,-105.2600,302
40.3000,-111.2600,234
36.7900,-105.2400,322
40.5300,-106.7800,33
36.8600,-106.2300,20
44.3800,-116.3400,359
36.3100,-115.6800,183
39.3600,-106.0600,286
44.7900,-116.0900,211
39.4300,-120.3100,273
43.7300,-113.8300,241
36.1300,-105.5300,224
36.9600,-106.6600,148
38.4000,-119.5400,190
39.8000,-106.0300,229
39.3100,-111.4300,268
43.8000,-114.8500,0
36.7200,-106.2600,207
43.7600,-116.1000,50
39.1900,-120.2600,282
35.3400,-111.6500,276
40.8300,-111.7600,87
43.7600,-115.2400,148
35.7700,-105.7800,3
36.5100,-106.3200,12
36.0000,-106.8300,296
39.2900,-117.1100,180
36.0700,-105.6300,220
48.7200,-116.4600,26
44.2100,-110.6700,34
36.1900,-105.5600,55
36.0300,-106.8100,56
36.2500,-115.6300,151
46.2400,-117.3900,290
41.4000,-107.2600,162
