31.9497,-91.2336,0
34.1647,-88.7239,94
32.3378,-89.0817,61
30.7053,-104.0233,38
37.9050,-93.3169,38
45.6750,-111.1550,94
35.8819,-83.9572,74
40.2458,-111.6508,81
42.0208,-93.7742,56
38.8586,-99.3358,38
34.6603,-82.8236,84
44.8831,-85.6753,38
31.6003,-97.2169,0
31.8611,-97.3750,86
36.9969,-119.7072,102
40.6117,-122.5281,81
47.6811,-117.6267,84
40.4750,-86.9919,56
31.6164,-94.6431,46
35.4139,-86.8086,74
30.6836,-97.7172,43
35.6214,-88.8456,56
30.7189,-97.3211,51
42.4492,-76.4492,53
36.5508,-114.4581,185
32.8242,-95.5275,76
35.1131,-89.2122,61
30.8408,-89.5453,102
36.4622,-116.8669,226
40.4719,-74.4364,38
46.7603,-117.1861,71
35.4072,-104.1906,89
31.2022,-93.5725,-13
39.0422,-108.4664,94
41.6661,-111.8914,107
35.1867,-102.0797,56
30.3367,-96.5403,66
33.7542,-99.1442,0
39.1172,-95.4097,56
29.6211,-96.3661,48
41.9342,-88.7756,66
34.5697,-93.1947,56
32.8522,-95.8864,84
42.9592,-120.7897,112
38.6644,-94.8900,0
36.0147,-85.1314,74
37.2792,-86.2492,66
33.8300,-88.5214,112
33.0353,-96.4861,203
29.8608,-98.1958,61
40.0839,-88.2403,36
34.1381,-88.9983,51
33.2564,-81.2422,61
35.2006,-103.6867,66
36.6897,-108.3086,170
40.7833,-81.9167,94
39.9000,-98.0256,58
38.4931,-122.0047,97
43.5492,-71.4647,478
35.1161,-93.6506,41
44.9847,-93.1772,66
30.7931,-94.1819,41
39.3925,-101.0689,58
40.1100,-87.9567,13
38.7978,-99.7231,74
44.2394,-95.3153,64
37.6967,-93.7722,13
34.8847,-99.2964,43
37.7967,-121.5828,114
40.0892,-99.2133,48
35.3886,-106.5439,122
32.8964,-107.3078,112
39.0744,-96.8983,56
34.0828,-106.8831,975
43.4033,-103.2683,89
39.8114,-99.9386,69
46.0436,-118.4628,53
32.6475,-97.4439,81
31.3625,-85.3397,81
39.0936,-106.3514,64
37.3822,-102.2986,84
44.6342,-123.1900,71
35.9328,-88.7267,36
33.7092,-93.5564,5
45.9228,-108.2444,30
38.9408,-95.3397,71
31.0372,-97.5283,64
41.9928,-71.1667,3
37.3806,-107.5811,51
32.6406,-96.9747,25
36.3444,-88.8636,0
41.4439,-86.9294,81
39.2475,-96.5994,23
32.4219,-93.6381,69
32.9206,-86.6708,770
30.0689,-94.2928,43
37.1503,-104.5567,56
28.6575,-96.5553,48
34.7675,-106.7611,86
33.1461,-107.1842,137
26.5581,-99.1372,74
38.2597,-104.7169,91
38.5350,-121.7761,94
45.4825,-120.7236,145
39.6619,-99.1228,36
37.0683,-88.7725,64
26.2656,-97.8714,38
28.4675,-98.2525,36
40.2233,-86.1086,86
30.2003,-92.6642,53
45.6911,-118.8522,112
40.5764,-105.0858,13
40.1550,-103.1417,36
34.3961,-89.7903,56
32.2631,-96.6369,76
26.5650,-98.1236,58
34.5989,-103.2161,84
42.7467,-71.0425,5
29.4608,-101.0286,51
39.0172,-92.7558,43
43.8544,-116.4664,86
37.9931,-100.8122,76
44.1183,-121.2103,74
48.4983,-109.8014,3983
64.8569,-147.8611,74
28.4575,-97.7061,71
38.4917,-122.1242,69
39.0303,-76.9314,36
35.1108,-81.9675,81
18.2583,-65.9922,76
38.7403,-104.3994,58
30.5467,-87.8808,64
34.1864,-90.5572,185
40.7131,-79.5144,-284
42.1397,-87.7853,41
35.6414,-106.3322,76
33.9544,-102.7783,69
34.5822,-119.9817,89
33.4594,-104.4042,64
38.5200,-89.8467,0
40.7264,-122.7947,53
35.1297,-89.8036,84
35.7047,-101.5492,150
32.9506,-97.0553,94
40.2842,-109.8611,76
38.0047,-120.4864,119
41.2986,-80.7647,986
33.4692,-88.7822,66
32.7547,-104.3836,84
26.3769,-98.8117,48
39.2494,-106.3714,66
34.8219,-89.4347,61
36.2403,-106.4278,76
26.8400,-81.0872,84
33.6772,-93.9903,160
40.8250,-92.8925,41
33.1481,-95.6269,66
26.1781,-97.9708,46
40.1739,-101.0611,56
36.8047,-107.6214,107
39.4031,-99.4192,69
46.8706,-68.0172,43
33.6897,-101.8219,28
46.7281,-116.9558,71
46.7047,-92.5253,2032
42.8767,-77.0308,36
47.7283,-104.1467,15
31.8769,-105.2369,0
38.6450,-95.5661,48
47.0022,-118.5658,140
47.0575,-109.9514,58
38.4661,-101.7758,94
42.1231,-111.3133,71
39.0044,-80.4744,724
31.0619,-94.1011,38
36.1056,-82.8436,69
35.0489,-97.9158,0
33.4258,-111.9217,127
44.3253,-96.7686,74
39.3903,-94.5553,48
25.8175,-80.2858,53
35.3872,-76.7764,74
32.2683,-101.4858,36
40.2539,-85.1483,79
38.6078,-97.9597,53
34.6033,-104.3811,97
38.5039,-95.7036,46
47.3111,-116.9544,310
39.5039,-98.3150,48
32.9203,-94.7225,173
33.6731,-111.1508,142
34.1419,-80.8700,117
35.7197,-86.9653,71
38.0633,-102.9297,69
37.5147,-122.0325,56
28.0372,-97.8725,56
34.7281,-90.3683,84
18.0258,-66.5253,46
44.3089,-85.2050,23
44.7764,-108.7592,-20
32.2822,-106.7597,79
33.3192,-95.6039,46
36.5928,-106.7300,71
34.1981,-101.7461,53
36.5575,-105.2628,343
44.0622,-103.4819,18
40.7142,-122.4161,109
31.9611,-96.6881,69
33.0642,-101.0489,23
39.7506,-92.5064,76
31.3706,-100.4942,46
36.4711,-86.8414,76
48.7178,-122.5114,56
34.9881,-120.3211,81
61.5664,-149.2542,84
28.7156,-97.1742,43
35.6872,-90.0964,127
33.4311,-90.9108,74
42.9536,-112.8253,69
37.7617,-117.5658,229
