38.4917,-122.1242,63
30.2003,-92.6642,137
33.7542,-99.1442,92
36.3444,-88.8636,0
34.5822,-119.9817,56
32.2822,-106.7597,72
34.5697,-93.1947,35
44.3089,-85.2050,47
36.8047,-107.6214,64
31.6164,-94.6431,24
39.5039,-98.3150,80
42.7467,-71.0425,5
39.0172,-92.7558,82
42.9536,-112.8253,166
39.4031,-99.4192,64
34.9881,-120.3211,111
35.0489,-97.9158,82
44.0622,-103.4819,37
40.5764,-105.0858,42
39.9000,-98.0256,167
39.8114,-99.9386,214
35.4139,-86.8086,56
40.0839,-88.2403,39
42.1231,-111.3133,243
42.1397,-87.7853,35
44.1183,-121.2103,55
38.5200,-89.8467,35
38.0047,-120.4864,69
36.5508,-114.4581,137
46.7047,-92.5253,185
26.5581,-99.1372,0
32.3378,-89.0817,42
33.1461,-107.1842,117
33.4692,-88.7822,56
40.6117,-122.5281,13
34.8219,-89.4347,56
37.5147,-122.0325,214
40.1550,-103.1417,201
34.1864,-90.5572,72
31.3706,-100.4942,92
40.1739,-101.0611,108
39.9614,-86.0586,101
43.8544,-116.4664,40
33.7092,-93.5564,0
34.0828,-106.8831,26
39.2475,-96.5994,53
30.7931,-94.1819,45
40.2233,-86.1086,101
40.7142,-122.4161,72
35.2006,-103.6867,23
39.0303,-76.9314,58
26.8400,-81.0872,127
61.5664,-149.2542,66
44.3253,-96.7686,126
44.8831,-85.6753,39
47.7283,-104.1467,31
35.1131,-89.2122,32
38.8586,-99.3358,192
40.0892,-99.2133,117
38.7978,-99.7231,97
42.9592,-120.7897,74
31.2022,-93.5725,126
43.8083,-111.7892,84
32.8522,-95.8864,137
30.0689,-94.2928,274
42.3806,-96.9575,8
31.8769,-105.2369,56
45.6911,-118.8522,109
36.6897,-108.3086,61
36.0147,-85.1314,34
36.9969,-119.7072,47
40.2842,-109.8611,76
25.8175,-80.2858,68
35.7197,-86.9653,24
34.6033,-104.3811,172
46.8706,-68.0172,190
41.0267,-86.5867,24
32.8242,-95.5275,153
45.4825,-120.7236,327
32.9203,-94.7225,105
39.3925,-101.0689,138
36.4711,-86.8414,103
32.8964,-107.3078,84
35.3872,-76.7764,89
39.6619,-99.1228,50
32.4219,-93.6381,132
29.6211,-96.3661,82
33.0642,-101.0489,76
39.0422,-108.4664,80
35.1297,-89.8036,39
34.5989,-103.2161,164
34.1381,-88.9983,64
33.8300,-88.5214,48
30.8408,-89.5453,0
37.7617,-117.5658,259
33.1481,-95.6269,0
37.9931,-100.8122,126
46.0436,-118.4628,50
37.3822,-102.2986,108
45.3128,-107.9383,114
40.7264,-122.7947,72
64.8569,-147.8611,58
18.2583,-65.9922,8
38.4931,-122.0047,51
18.3906,-66.0542,16
36.4622,-116.8669,1286
43.5492,-71.4647,47
36.1056,-82.8436,42
30.7053,-104.0233,55
38.4661,-101.7758,130
40.7833,-81.9167,129
35.6214,-88.8456,82
41.4439,-86.9294,127
46.7281,-116.9558,51
35.6872,-90.0964,183
40.2539,-85.1483,124
37.3806,-107.5811,19
31.9497,-91.2336,2
43.4033,-103.2683,43
34.1647,-88.7239,84
34.7281,-90.3683,68
39.1172,-95.4097,154
35.8819,-83.9572,39
45.9228,-108.2444,108
41.9342,-88.7756,56
47.6811,-117.6267,60
35.7047,-101.5492,143
