35.2333,-101.7089,1
43.3500,-73.6167,1
39.0431,-84.6717,1
41.8161,-80.4250,1
42.9667,-83.7494,1
33.0375,-116.9158,1
45.0133,-84.7014,1
30.6794,-88.2397,1
44.3853,-74.2067,1
42.8633,-70.8997,1
41.1583,-73.1289,1
38.3794,-81.5900,1
33.2208,-92.8142,1
31.3347,-92.5586,1
41.8031,-78.6403,1
39.8447,-89.6839,1
36.0606,-102.5211,1
47.2856,-68.3133,1
43.5697,-76.1164,1
40.5453,-102.3411,1
35.0714,-83.9683,1
25.9156,-97.4186,1
45.7881,-111.1608,1
44.0069,-70.3608,1
36.7725,-90.3247,1
35.6567,-95.3614,1
41.2664,-102.6586,1
37.1467,-94.5022,1
41.6267,-71.2092,1
28.8614,-96.9303,1
55.2208,-162.7325,1
42.0800,-80.1825,1
40.6092,-96.8719,1
44.4683,-73.1500,1
34.0500,-94.4008,1
46.1236,-67.7928,1
27.6531,-80.2428,1
43.1111,-76.1039,1
45.4558,-98.4131,1
46.1864,-84.3239,1
43.1561,-90.6775,1
39.4781,-88.2803,1
40.4847,-80.2144,1
40.5711,-75.2781,1
33.8719,-117.9789,1
34.8994,-120.4486,1
34.6525,-86.9453,1
33.1803,-96.5903,1
35.8550,-94.0203,1
40.6825,-74.1694,1
43.2419,-77.3883,1
36.0167,-102.5500,1
42.5950,-87.9381,1
40.5972,-79.1186,1
41.8706,-103.5931,1
43.5331,-84.0797,1
33.1281,-117.2794,1
40.9167,-81.4333,1
37.1025,-82.8047,1
37.6183,-79.4358,1
40.2964,-78.3203,1
43.7700,-88.4864,1
42.7431,-73.8092,1
40.1764,-80.6472,1
37.8175,-82.7883,1
39.6667,-80.8667,1
28.0836,-97.0464,1
32.5722,-116.9794,1
36.5764,-92.6767,1
32.8519,-96.8556,1
42.8375,-103.0953,1
42.8975,-106.4636,1
28.7247,-96.2536,1
37.0875,-82.9925,1
33.9519,-117.4386,1
33.9228,-118.3342,1
36.5881,-121.8453,1
42.1608,-71.2461,1
43.1406,-89.3453,1
42.7972,-105.3856,1
44.0908,-92.6400,1
43.7331,-103.6114,1
38.5911,-92.1558,1
38.6572,-90.6558,1
35.1803,-83.3928,1
35.2372,-120.6414,1
35.3331,-94.3625,1
35.5453,-82.6986,1
41.7072,-86.3164,1
41.6267,-73.8842,1
43.1953,-71.5011,1
39.8344,-88.8656,1
41.8564,-71.7333,1
41.9950,-87.9336,1
44.5344,-72.6144,1
44.0303,-71.1383,1
44.0622,-103.4819,1
38.3406,-75.5103,1
42.8417,-75.7264,1
43.2119,-90.1814,1
31.8311,-104.8089,1
45.9353,-107.1375,1
46.0139,-102.6547,1
45.6478,-68.6925,1
44.6500,-73.4667,1
43.0989,-71.7572,1
26.1658,-97.3458,1
36.1994,-95.8872,1
40.2769,-74.8158,1
37.9483,-83.4825,1
44.2839,-83.5036,1
31.3089,-86.3939,1
40.4122,-86.9369,1
31.2361,-94.7544,1
41.0103,-103.8769,1
46.9253,-96.8111,1
42.2667,-84.4667,1
36.8781,-91.9025,1
39.0800,-82.7078,1
39.8683,-75.2311,1
38.1811,-85.7392,1
44.2033,-72.5794,1
45.8678,-95.3942,1
41.3536,-96.2094,1
41.9819,-70.6961,1
37.0947,-81.7936,1
26.2281,-97.6542,1
42.3606,-71.0106,1
41.5944,-109.0528,1
40.3667,-75.9667,1
37.2353,-93.4003,1
27.4981,-80.3767,1
38.0408,-84.6058,1
32.8158,-117.1394,1
39.7075,-86.2803,1
41.3336,-75.7269,1
43.6497,-70.3003,1
44.0511,-101.6011,1
40.8203,-82.5178,1
37.5669,-95.2456,1
41.7144,-70.4717,1
41.4197,-78.7492,1
44.3744,-70.3164,1
38.1311,-91.7683,1
33.9753,-117.6361,1
36.2769,-93.8214,1
34.2167,-119.0833,1
32.3542,-95.4025,1
32.8339,-97.2975,1
41.1519,-104.8061,1
31.6189,-97.2283,1
29.3600,-99.1742,1
43.4361,-75.3697,1
40.4719,-81.4236,1
29.9800,-95.3600,1
29.9506,-94.0206,1
38.9581,-100.5533,1
44.5378,-90.5350,1
41.2544,-80.6739,1
42.7467,-71.0425,1
32.4106,-99.6822,1
37.0683,-88.7719,1
31.2819,-89.2531,1
30.1831,-97.6800,1
33.8117,-118.1464,1
42.2122,-71.1136,1
36.0394,-95.9844,1
40.1100,-87.9567,1
38.7956,-105.2003,1
46.3583,-104.2500,1
46.8706,-68.0172,1
36.5575,-105.2628,1
34.5467,-93.5781,1
45.3614,-84.9511,1
34.0158,-118.4514,1
40.8500,-74.0614,1
32.7336,-117.1831,1
37.5658,-76.8000,1
42.1244,-86.4267,1
38.5039,-122.8103,1
42.0675,-74.3356,1
32.3847,-94.7117,1
30.1250,-93.2158,1
40.7939,-73.1017,1
42.8206,-78.1481,1
38.8169,-92.2183,1
42.4272,-73.2892,1
42.0572,-102.8000,1
32.8978,-97.0189,1
41.7219,-71.4325,1
42.8783,-100.5500,1
31.2503,-89.8361,1
31.9514,-85.1289,1
32.7100,-96.2672,1
30.7406,-98.2353,1
42.2314,-83.3308,1
43.3906,-99.8422,1
29.6222,-95.6564,1
37.7214,-122.2208,1
39.2450,-99.3808,1
36.0097,-94.1694,1
41.6569,-69.9589,1
30.7053,-104.0233,1
29.6381,-95.2819,1
44.2667,-71.2994,1
41.2433,-76.9217,1
29.7036,-98.0281,1
38.7667,-104.3000,1
44.4933,-68.4583,1
30.5892,-96.3647,1
30.7439,-95.5861,1
36.0236,-84.2375,1
34.5583,-98.4172,1
33.2061,-97.1989,1
29.1097,-95.4619,1
35.2283,-82.7358,1
42.1997,-75.9850,1
43.9922,-76.0217,1
42.7803,-84.5789,1
43.1167,-77.6767,1
41.1531,-102.6400,1
30.3567,-95.4139,1
32.6808,-96.8681,1
42.9378,-85.6131,1
39.6250,-100.4233,1
40.1358,-74.9550,1
33.2194,-117.3494,1
39.9444,-81.8922,1
41.1522,-104.8056,1
41.1644,-84.8483,1
29.5442,-98.4839,1
41.4539,-102.7850,1
33.9381,-118.3889,1
33.4536,-94.0075,1
32.8192,-97.3614,1
40.6386,-73.7622,1
35.2203,-84.7981,1
34.0511,-118.2353,1
41.4039,-78.0183,1
32.9733,-97.3181,1
39.2447,-102.2842,1
35.3889,-97.6006,1
42.2706,-71.8731,1
36.9358,-121.7886,1
44.3206,-69.7972,1
44.9047,-97.1494,1
45.5464,-100.4078,1
30.5347,-94.4456,1
47.9375,-124.5550,1
39.9964,-79.0833,1
15.1167,145.7167,1
33.6361,-91.7556,1
34.8822,-95.7831,1
39.1333,-86.6167,1
41.1733,-86.7572,1
40.7789,-73.9692,1
38.4844,-93.2556,1
44.0433,-103.0536,1
33.9786,-98.4928,1
44.7694,-106.9689,1
36.7683,-96.0261,1
42.7461,-86.0967,1
44.5647,-91.6719,1
37.6544,-97.4425,1
38.8586,-99.3358,1
36.2667,-93.1567,1
40.3161,-78.8339,1
44.3981,-98.2231,1
32.5156,-92.0406,1
38.9286,-90.4281,1
30.3208,-97.7603,1
42.5242,-71.1264,1
43.3436,-72.5178,1
40.0972,-92.5433,1
43.9317,-69.8564,1
40.2064,-100.5914,1
42.2269,-70.9125,1
30.3975,-84.3289,1
46.7994,-102.7972,1
42.7831,-71.4147,1
44.8297,-70.3936,1
41.5272,-85.7922,1
33.1783,-86.7817,1
35.6697,-120.6283,1
39.8250,-86.2958,1
37.5983,-101.2908,1
38.1847,-84.9033,1
40.1692,-79.1411,1
40.9931,-102.2625,1
40.7083,-84.0267,1
40.0489,-107.8853,1
45.5114,-118.4247,1
38.0211,-96.6036,1
39.9914,-82.8808,1
37.5908,-83.3131,1
43.3772,-72.1811,1
35.6364,-101.4542,1
42.9108,-71.2008,1
42.3869,-72.9211,1
32.7817,-98.0603,1
38.8853,-79.8528,1
34.0561,-117.6003,1
57.1553,-170.2222,1
38.7525,-90.3736,1
43.4622,-76.4933,1
31.1828,-90.4708,1
41.9903,-77.1567,1
32.3347,-88.7442,1
43.6478,-70.6750,1
25.5011,-80.5500,1
42.9486,-78.7369,1
41.2731,-111.0306,1
44.7978,-68.8186,1
31.0425,-86.3117,1
42.3075,-85.2511,1
41.1183,-75.7278,1
35.5342,-97.6469,1
41.1783,-78.8989,1
38.5636,-99.2350,1
42.8453,-77.2808,1
45.6656,-97.0392,1
37.6703,-95.4842,1
37.6411,-80.8831,1
44.6889,-70.1567,1
38.7978,-99.7231,1
30.0675,-95.5561,1
34.4258,-119.8425,1
39.5781,-85.8033,1
40.0397,-88.2778,1
29.5189,-95.2417,1
42.8914,-73.2469,1
46.9258,-98.6692,1
32.4506,-93.8411,1
39.6728,-75.6008,1
44.3200,-70.7567,1
38.3650,-82.5550,1
36.2833,-94.3000,1
38.5714,-90.1572,1
29.3389,-98.4719,1
42.0647,-104.1528,1
42.8089,-72.0053,1
34.6081,-79.0592,1
42.7392,-78.5878,1
29.2733,-94.8592,1
38.7042,-93.1833,1
42.8939,-85.5447,1
41.7681,-74.1550,1
39.1894,-103.7158,1
36.1625,-97.0894,1
30.7825,-83.2767,1
31.3711,-100.4922,1
42.9389,-72.3247,1
32.0311,-96.3989,1
33.2119,-87.6161,1
39.3756,-99.8297,1
40.9706,-85.2064,1
39.9061,-84.2186,1
44.3814,-106.7211,1
46.7708,-100.7603,1
45.5433,-94.0514,1
41.5886,-83.8014,1
38.7642,-87.6056,1
44.3814,-100.2856,1
39.8800,-86.0514,1
39.4494,-74.5672,1
37.7797,-89.2497,1
42.5458,-72.7803,1
41.7803,-124.2367,1
43.3392,-78.3892,1
37.7889,-80.3083,1
33.3644,-81.9633,1
36.3689,-92.4703,1
41.3853,-70.5181,1
41.9856,-97.4353,1
33.8750,-84.3022,1
41.3375,-84.4289,1
41.4131,-81.8600,1
30.3489,-85.7881,1
44.4122,-104.3567,1
