36.5508,-114.4581,36
38.7978,-99.7231,0
26.1781,-97.9708,0
33.1461,-107.1842,53
32.6475,-97.4439,13
26.8400,-81.0872,66
38.4931,-122.0047,8
26.3769,-98.8117,0
30.6836,-97.7172,0
25.8175,-80.2858,61
21.3153,-157.9992,25
35.4072,-104.1906,25
28.4675,-98.2525,5
31.6164,-94.6431,0
32.7547,-104.3836,0
36.2403,-106.4278,20
31.8769,-105.2369,0
30.3367,-96.5403,10
34.6603,-82.8236,30
38.0633,-102.9297,20
29.4608,-101.0286,25
33.7092,-93.5564,0
32.8964,-107.3078,5
40.7264,-122.7947,0
43.5492,-71.4647,0
30.8408,-89.5453,0
34.1419,-80.8700,13
39.7506,-92.5064,0
33.0353,-96.4861,0
31.2022,-93.5725,48
18.2583,-65.9922,38
18.0331,-67.0722,33
28.7156,-97.1742,5
34.1647,-88.7239,0
28.0372,-97.8725,3
32.2822,-106.7597,69
31.8611,-97.3750,8
38.4917,-122.1242,10
30.5467,-87.8808,8
39.0744,-96.8983,10
33.0642,-101.0489,0
33.2564,-81.2422,15
40.7142,-122.4161,15
33.6772,-93.9903,18
35.3872,-76.7764,43
34.5822,-119.9817,0
26.5650,-98.1236,3
31.0372,-97.5283,18
33.1481,-95.6269,5
18.1747,-66.7978,25
32.8522,-95.8864,3
37.1503,-104.5567,20
37.7967,-121.5828,10
33.6731,-111.1508,8
40.6117,-122.5281,0
36.4622,-116.8669,66
29.8608,-98.1958,5
31.3625,-85.3397,15
39.2475,-96.5994,0
33.4258,-111.9217,23
30.7189,-97.3211,0
34.9881,-120.3211,13
32.8242,-95.5275,3
35.1161,-93.6506,0
32.9506,-97.0553,33
26.5581,-99.1372,28
40.8250,-92.8925,0
31.9611,-96.6881,33
36.9969,-119.7072,5
38.0047,-120.4864,13
35.6414,-106.3322,23
37.7617,-117.5658,0
32.2631,-96.6369,8
31.6003,-97.2169,0
30.2003,-92.6642,3
29.6211,-96.3661,5
43.8544,-116.4664,0
38.5350,-121.7761,13
40.1100,-87.9567,0
31.9633,-98.4942,20
35.8819,-83.9572,0
35.3886,-106.5439,25
33.3192,-95.6039,15
32.6406,-96.9747,13
37.5147,-122.0325,23
