43.8544,-116.4664,22
43.9794,-117.0247,11
40.1100,-87.9567,-6
41.1453,-85.4897,-17
33.8083,-79.8567,106
47.0575,-109.9514,28
33.2564,-81.2422,83
34.1944,-79.2472,89
41.8161,-80.4250,6
40.4750,-86.9919,0
32.7547,-104.3836,17
34.2183,-81.0731,94
42.7831,-71.4147,0
37.1317,-86.1481,50
37.8194,-85.3847,39
42.1397,-87.7853,17
64.1539,-145.8894,-28
44.4933,-68.4583,0
62.1925,-150.5033,0
37.0683,-88.7725,72
46.8706,-68.0172,6
38.4558,-86.6983,22
40.2233,-86.1086,44
44.9847,-93.1772,6
34.4719,-81.8839,106
35.6214,-88.8456,83
32.3500,-94.6500,72
37.9311,-98.0297,28
40.0739,-87.5067,11
39.4833,-83.8500,-6
42.2947,-83.7108,-11
34.7289,-80.0389,111
37.1244,-87.8672,28
38.4661,-101.7758,6
27.7792,-97.5056,128
38.7003,-82.4736,83
39.4700,-80.8572,22
38.7386,-87.4878,0
28.7156,-97.1742,150
41.0267,-86.5867,11
34.1419,-80.8700,78
33.0167,-81.3167,111
35.6042,-91.2744,106
45.0853,-67.1203,6
34.6603,-82.8236,100
38.8894,-86.5519,33
64.9156,-148.2711,22
42.3806,-96.9575,-17
32.2822,-106.7597,56
41.4439,-86.9294,0
40.7928,-87.7556,-11
47.6811,-117.6267,-22
33.7775,-81.8467,89
40.9361,-90.7197,0
36.1306,-80.5481,78
32.5133,-92.3486,78
44.8831,-85.6753,0
40.2539,-85.1483,22
46.3414,-86.9242,22
38.3139,-81.7186,39
36.7578,-90.4056,83
28.8608,-97.0181,178
40.8142,-85.1547,-28
37.9931,-100.8122,33
37.1167,-84.6167,111
36.5914,-101.6181,-6
20.7583,-156.3211,183
43.8544,-116.4664,22
43.9794,-117.0247,11
40.1100,-87.9567,-6
41.1453,-85.4897,-17
33.8083,-79.8567,106
47.0575,-109.9514,28
33.2564,-81.2422,83
43.8544,-116.4664,22
43.9794,-117.0247,11
40.1100,-87.9567,-6
41.1453,-85.4897,-17
33.8083,-79.8567,106
47.0575,-109.9514,28
33.2564,-81.2422,83
34.1944,-79.2472,89
41.8161,-80.4250,6
40.4750,-86.9919,0
32.7547,-104.3836,17
34.2183,-81.0731,94
42.7831,-71.4147,0
37.1317,-86.1481,50
37.8194,-85.3847,39
42.1397,-87.7853,17
64.1539,-145.8894,-28
44.4933,-68.4583,0
62.1925,-150.5033,0
37.0683,-88.7725,72
46.8706,-68.0172,6
38.4558,-86.6983,22
40.2233,-86.1086,44
44.9847,-93.1772,6
34.4719,-81.8839,106
35.6214,-88.8456,83
32.3500,-94.6500,72
37.9311,-98.0297,28
40.0739,-87.5067,11
39.4833,-83.8500,-6
42.2947,-83.7108,-11
34.7289,-80.0389,111
37.1244,-87.8672,28
38.4661,-101.7758,6
27.7792,-97.5056,128
38.7003,-82.4736,83
39.4700,-80.8572,22
38.7386,-87.4878,0
28.7156,-97.1742,150
41.0267,-86.5867,11
34.1419,-80.8700,78
33.0167,-81.3167,111
35.6042,-91.2744,106
45.0853,-67.1203,6
34.6603,-82.8236,100
38.8894,-86.5519,33
64.9156,-148.2711,22
42.3806,-96.9575,-17
32.2822,-106.7597,56
41.4439,-86.9294,0
40.7928,-87.7556,-11
47.6811,-117.6267,-22
33.7775,-81.8467,89
40.9361,-90.7197,0
36.1306,-80.5481,78
32.5133,-92.3486,78
44.8831,-85.6753,0
40.2539,-85.1483,22
46.3414,-86.9242,22
38.3139,-81.7186,39
36.7578,-90.4056,83
28.8608,-97.0181,178
40.8142,-85.1547,-28
37.9931,-100.8122,33
37.1167,-84.6167,111
36.5914,-101.6181,-6
20.7583,-156.3211,183
