46.3583,-104.2500,300
44.3592,-89.8369,180
44.9050,-123.0011,160
34.1853,-79.7239,320
37.2958,-81.2078,270
44.3814,-100.2856,140
18.2550,-65.6408,40
39.9181,-76.8742,290
41.9097,-70.7294,280
40.0489,-107.8853,140
40.7789,-73.9692,310
42.2314,-83.3308,230
27.9619,-82.5403,100
40.7833,-91.1253,150
35.6875,-117.6931,210
38.3775,-121.9575,10
36.6239,-87.4194,130
37.0683,-88.7719,120
40.9781,-124.1086,310
41.6686,-70.2800,250
37.1431,-107.7597,250
35.6697,-120.6283,120
36.0167,-102.5500,310
28.8208,-81.8097,110
30.4000,-86.4717,120
43.9636,-69.7117,320
32.1300,-81.2100,70
47.4569,-115.6450,210
42.2333,-83.5333,260
36.0719,-115.1633,200
40.9167,-81.4333,270
47.0492,-109.4578,280
22.0333,-159.7833,340
40.5175,-122.2986,100
64.3267,-158.7417,40
41.6328,-91.5431,140
29.1097,-95.4619,30
36.5881,-121.8453,80
34.1167,-119.1167,240
42.1594,-76.8919,270
39.7075,-86.2803,130
41.0467,-78.4117,270
38.7525,-90.3736,130
41.0375,-81.4642,240
30.7825,-83.2767,80
40.0397,-88.2778,120
48.3042,-114.2636,10
41.2544,-80.6739,280
43.5878,-96.7289,190
30.4119,-89.0808,110
35.4344,-119.0542,280
45.5433,-94.0514,170
39.4019,-77.9844,280
38.5039,-122.8103,220
38.1311,-91.7683,120
29.3331,-89.4075,100
26.5361,-81.7550,130
39.6728,-75.6008,280
42.7172,-71.1239,250
46.7994,-102.7972,180
33.6800,-117.8664,240
34.2486,-82.1592,250
43.0206,-102.5183,190
27.7839,-97.5108,320
33.2367,-107.2681,30
38.9833,-76.4667,300
40.6508,-75.4492,270
40.4847,-80.2144,270
37.9272,-100.7247,280
28.0836,-97.0464,310
44.3675,-71.5450,320
38.0494,-103.5122,270
36.1625,-97.0894,100
44.9047,-97.1494,170
40.2172,-76.8514,240
41.9856,-97.4353,160
36.4486,-103.1539,300
46.9728,-123.9303,170
31.6189,-97.2283,310
39.1333,-86.6167,120
39.3756,-99.8297,320
33.8117,-118.1464,290
37.5908,-83.3131,250
42.7461,-86.0967,290
47.3864,-92.8389,140
46.1236,-67.7928,260
42.1128,-92.9175,100
42.7611,-87.8136,210
46.6056,-111.9636,330
38.4167,-113.0167,360
36.9839,-77.0075,200
29.6919,-82.2756,40
39.5264,-107.7264,130
42.4700,-71.2894,260
34.7336,-76.6606,250
42.3914,-96.3792,140
30.7167,-87.0167,110
46.7439,-117.1086,130
39.5703,-104.8489,170
46.9733,-122.9033,220
43.5667,-116.2406,130
33.2061,-97.1989,20
29.9800,-95.3600,60
47.6217,-117.5281,360
37.2833,-102.6139,300
37.7214,-122.2208,230
36.0467,-79.4769,200
32.5161,-84.9422,90
67.7317,-164.5483,130
30.4844,-81.7019,60
36.0394,-95.9844,10
42.8375,-103.0953,210
41.1214,-100.6694,210
39.4900,-121.6183,290
39.7078,-77.7297,250
32.7336,-117.1831,290
38.1386,-78.4530,220
37.3592,-121.9239,310
30.3361,-81.5147,50
41.2731,-111.0306,240
32.3336,-104.2581,270
41.4653,-90.5233,130
40.6825,-74.1694,300
34.6517,-112.4208,320
29.3600,-99.1742,70
39.4781,-88.2803,140
38.7042,-93.1833,170
32.6847,-83.6528,10
41.3931,-70.6150,270
33.6186,-114.7142,360
32.8986,-80.0403,40
42.6650,-83.4181,260
39.1894,-103.7158,280
35.6542,-105.1419,170
40.2383,-75.5572,310
46.3747,-117.0156,200
34.2675,-77.8997,120
36.9500,-76.2833,200
41.5944,-109.0528,250
26.2281,-97.6542,320
40.6044,-98.4272,200
41.0731,-71.9233,260
48.4608,-119.5167,220
48.0944,-105.5744,10
35.6169,-106.0889,10
36.3189,-119.6289,310
40.0228,-82.4625,250
60.7850,-161.8292,50
34.4272,-100.2831,280
47.9742,-117.4283,230
36.7683,-96.0261,100
29.9933,-90.2511,80
33.8719,-117.9789,210
45.9647,-112.5006,320
37.9406,-75.4631,250
38.3083,-75.1239,270
29.6222,-95.6564,20
41.5333,-71.2833,290
40.6675,-89.6839,140
31.5883,-110.3442,300
40.0819,-75.0111,290
30.6794,-88.2397,120
42.8975,-106.4636,210
59.6419,-151.4908,330
32.4106,-99.6822,90
30.5372,-91.1469,90
39.4167,-118.7167,140
41.2531,-70.0608,290
32.5667,-117.1167,90
39.5781,-85.8033,140
35.5342,-97.6469,30
46.4794,-84.3572,340
33.6542,-101.8136,60
31.1828,-90.4708,150
39.4203,-83.8217,240
39.3669,-101.7000,230
46.4167,-86.6500,330
36.0969,-79.9433,260
38.0700,-102.6881,280
21.1544,-157.0961,220
35.8550,-77.8931,200
28.5453,-81.3331,60
36.0236,-84.2375,60
42.1997,-75.9850,290
41.1583,-73.1289,270
44.6381,-90.1875,200
8.7333,167.7333,50
60.1283,-149.4167,320
34.8461,-82.3461,250
39.6014,-116.0056,210
38.9408,-77.4636,10
48.2553,-101.2733,20
58.3567,-134.5639,90
41.1389,-75.3794,290
42.1578,-72.7161,290
42.4092,-83.0100,250
39.2447,-102.2842,180
46.5486,-90.9189,170
30.0675,-95.5561,220
37.3711,-118.3581,320
42.3811,-122.8722,350
40.2964,-78.3203,280
43.1711,-86.2367,290
42.5842,-70.9175,310
44.3394,-105.5419,210
44.5169,-108.0822,330
40.7939,-73.1017,280
42.7267,-114.4564,50
41.3375,-84.4289,230
30.1250,-93.2158,140
32.7817,-98.0603,40
60.7850,-148.8389,260
42.1208,-87.9047,80
32.7800,-79.9319,50
47.6831,-117.3214,360
30.0494,-90.0289,100
33.2119,-87.6161,150
64.8039,-147.8761,60
36.2606,-76.1750,220
30.3503,-81.8831,70
30.5108,-99.7664,70
30.0375,-91.8839,120
33.6267,-116.1594,150
60.4889,-145.4511,40
38.8100,-104.6883,10
33.3633,-84.5658,360
41.1519,-104.8061,260
40.0781,-83.0781,240
33.8750,-84.3022,30
39.1667,-76.6833,280
30.4636,-88.5319,130
39.3792,-74.4242,310
44.5483,-95.0803,210
34.3478,-85.1611,80
34.5467,-93.5781,280
38.9286,-90.4281,100
42.9203,-112.5711,350
46.0947,-118.2869,170
30.5069,-86.9597,120
43.5950,-118.9564,290
43.9042,-92.4917,200
59.2433,-135.5094,280
42.6003,-123.3642,130
40.6331,-93.9019,200
29.7036,-98.0281,320
32.8667,-117.1333,290
44.5444,-110.4211,230
42.5544,-92.4011,150
39.3667,-75.0667,290
37.3278,-95.5042,120
62.9614,-141.9292,340
39.7736,-94.9233,160
39.0083,-95.2117,220
37.3169,-79.9742,280
13.4836,144.7961,70
33.6300,-84.4417,40
41.4914,-120.5644,80
36.6817,-101.5053,320
36.1336,-80.2222,170
7.4500,151.8333,360
39.7333,-77.4333,240
42.3978,-90.7036,150
30.2050,-91.9875,130
34.5583,-98.4172,40
41.6264,-80.2150,270
32.5428,-93.7450,100
37.2839,-98.5528,190
30.3433,-89.8222,130
45.0717,-83.5644,260
36.4731,-82.4044,270
30.0481,-102.2131,20
46.1442,-115.5964,350
37.4058,-122.0481,320
57.7511,-152.4856,260
19.7192,-155.0531,160
28.7797,-81.2436,90
40.9611,-98.3136,220
38.0653,-97.8606,200
44.3814,-106.7211,340
41.9144,-88.2464,220
40.7083,-84.0267,240
39.1353,-96.6778,220
33.9481,-83.3275,50
41.2639,-72.8872,250
30.3489,-85.7881,90
37.3031,-108.6275,60
43.4075,-94.7461,170
27.6531,-80.2428,30
44.9319,-93.0556,160
55.2208,-162.7325,160
33.3644,-81.9633,30
41.5631,-83.4764,220
39.8447,-89.6839,150
38.5714,-90.1572,120
41.5339,-93.6531,100
34.2097,-118.4892,170
62.1592,-145.4589,20
39.8683,-75.2311,270
64.5111,-165.4400,80
45.6906,-118.8528,310
33.4050,-118.4158,280
40.1764,-80.6472,260
37.0911,-95.5664,100
33.9519,-117.4386,310
42.6958,-73.1708,270
33.9706,-80.9958,300
38.3650,-82.5550,230
40.3547,-79.9217,230
44.8889,-116.1017,160
47.9078,-122.2803,150
35.3889,-97.6006,30
43.9844,-88.5569,200
27.5333,-99.4667,330
40.5100,-101.6200,180
29.7333,-85.0333,90
41.4333,-99.6333,110
39.2972,-94.7306,180
37.2253,-89.5706,110
42.0800,-80.1825,230
42.8153,-108.7261,260
35.8181,-83.9858,20
42.1244,-86.4267,270
46.1569,-123.8825,10
40.8217,-72.8689,280
31.4156,-87.0442,120
35.8922,-78.7819,230
31.8111,-106.3758,160
38.8500,-94.7392,230
47.2675,-122.5761,190
33.4964,-90.0867,90
38.7550,-109.7542,320
32.5156,-92.0406,70
41.7419,-72.1836,300
35.1967,-81.1558,230
43.2339,-75.4117,260
41.6764,-70.9583,300
64.5500,-149.0717,60
45.6208,-122.6572,140
35.0419,-106.6156,90
34.4258,-119.8425,250
43.7667,-98.0333,160
33.2208,-92.8142,50
43.1953,-71.5011,300
38.7667,-104.3000,200
41.9381,-72.6825,270
34.4978,-82.7097,40
33.9381,-118.3889,270
45.6194,-121.1661,230
43.7331,-103.6114,270
39.8328,-104.6575,200
44.4683,-73.1500,320
21.3167,-158.0667,260
45.6308,-89.4653,220
18.3331,-64.9667,80
39.1208,-94.5969,200
33.1803,-96.5903,280
39.4494,-74.5672,280
71.2833,-156.7814,130
33.5656,-86.7450,60
46.5683,-120.5428,250
40.4953,-107.5211,210
35.1822,-103.6031,350
42.9550,-87.9044,280
46.8369,-92.2097,190
44.0219,-82.7931,300
42.5844,-110.1075,70
41.7781,-80.6958,270
34.5183,-109.3792,290
32.1314,-110.9553,340
38.3406,-75.5103,230
38.6956,-121.5897,340
36.3689,-92.4703,80
38.8853,-79.8528,250
27.6833,-97.2833,310
29.3389,-98.4719,320
48.6033,-112.3753,250
21.3239,-157.9294,230
40.7794,-73.8803,290
33.0375,-116.9158,270
43.1167,-77.6767,280
35.0028,-105.6628,80
45.7728,-122.8611,150
43.0661,-108.4767,290
47.4444,-122.3139,180
38.3794,-81.5900,270
45.0133,-84.7014,270
34.2900,-93.0600,90
43.1406,-89.3453,180
34.7917,-79.3661,250
31.3928,-92.2956,60
66.0689,-162.7639,100
47.4733,-111.3822,230
40.0972,-92.5433,150
41.3461,-82.1794,260
39.0431,-84.6717,120
42.9333,-71.4383,260
34.8822,-95.7831,20
38.8317,-94.8897,200
41.7872,-111.8533,340
37.7081,-77.4344,220
21.4500,-157.7833,250
41.5092,-74.2650,260
38.0408,-84.6058,230
36.7436,-108.2292,280
34.6439,-86.7861,120
41.1014,-102.9847,230
61.5961,-149.0917,90
40.1667,-103.2167,310
39.8233,-93.5792,130
42.5417,-113.7661,60
34.0561,-117.6003,210
39.2292,-106.3169,30
33.9228,-118.3342,250
36.5728,-79.3361,320
47.2856,-68.3133,300
41.8706,-103.5931,350
31.3500,-85.6667,110
59.7494,-154.9089,320
35.9508,-85.0814,130
37.1681,-97.0369,170
36.6636,-121.6081,110
29.6381,-95.2819,360
20.8997,-156.4286,200
37.6703,-95.4842,160
57.0481,-135.3647,320
40.6239,-74.6694,300
41.8678,-84.0794,250
38.6892,-75.3592,340
44.4983,-88.1111,190
39.1342,-108.5400,270
34.2008,-119.2069,40
42.5906,-117.8644,220
32.7000,-117.2000,300
48.7939,-122.5372,330
37.9917,-122.0550,340
27.4014,-82.5586,110
42.2228,-83.7444,270
42.8783,-100.5500,240
37.6928,-121.8144,50
37.7836,-81.1231,280
44.9358,-74.8458,260
31.9433,-102.1889,60
33.4278,-112.0039,250
38.0511,-117.0903,310
44.2667,-71.2994,310
45.5406,-122.9486,330
36.8781,-91.9025,80
42.9486,-78.7369,260
48.5428,-109.7633,220
44.2558,-121.1392,160
36.9878,-120.1106,240
37.8892,-121.2258,300
45.6983,-110.4408,220
41.1078,-92.4467,140
45.5644,-84.7928,290
32.3367,-90.2214,110
39.9492,-74.8417,260
38.8761,-98.8092,200
39.8344,-88.8656,160
41.5097,-72.8278,280
32.8192,-97.3614,360
38.8169,-92.2183,140
39.9369,-91.1919,140
43.6497,-70.3003,280
37.6242,-120.9506,310
25.9156,-97.4186,280
41.5886,-83.8014,230
35.0169,-80.6206,240
43.6264,-72.3047,280
47.9428,-97.1839,160
48.2138,-106.6213,20
35.1350,-90.2344,100
42.2706,-71.8731,280
24.5550,-81.7522,140
45.8258,-119.2611,260
28.4339,-81.3250,50
44.0511,-101.6011,170
45.8183,-88.1144,180
35.2372,-120.6414,300
37.7086,-113.0944,80
46.2667,-119.1167,350
37.6197,-122.3647,40
32.6808,-96.8681,320
41.7861,-87.7522,140
41.3325,-122.3328,300
43.1111,-76.1039,250
37.2622,-104.3378,240
40.8289,-115.7886,220
41.3119,-105.6747,220
42.8939,-85.5447,250
37.4389,-105.8614,360
48.5222,-123.0231,120
36.7725,-90.3247,70
40.9017,-117.8081,340
34.7411,-118.2117,290
40.9706,-85.2064,240
40.1936,-76.7633,300
33.8281,-116.5053,320
25.6475,-80.4331,130
42.2347,-85.5519,250
40.3161,-78.8339,290
43.9906,-70.9475,310
42.4819,-114.4869,340
35.6575,-109.0614,90
31.3214,-85.4497,90
39.4839,-119.7711,240
55.0389,-131.5786,230
40.8097,-124.1603,350
47.3978,-120.2014,160
27.5000,-97.8167,310
32.3500,-91.0278,130
40.0681,-118.5692,200
43.1561,-90.6775,210
58.6794,-156.6294,10
34.0500,-94.4008,80
37.7797,-89.2497,120
32.4833,-80.7167,40
34.7000,-77.3833,210
40.8436,-72.6322,280
32.2622,-107.7206,50
46.9208,-114.0925,140
40.8764,-74.2831,300
33.3075,-104.5083,50
37.2847,-120.5128,350
36.8167,-76.0333,220
41.4525,-87.0058,200
34.8831,-82.2203,200
37.2353,-93.4003,150
28.4736,-82.4544,140
31.3711,-100.4922,100
39.1019,-121.5678,310
31.3347,-92.5586,20
41.6875,-69.9933,270
32.5722,-116.9794,280
34.1231,-84.8486,120
33.6883,-112.0817,210
45.5908,-122.6003,100
43.8789,-91.2528,180
40.1519,-122.2536,350
40.7781,-111.9694,150
33.1281,-117.2794,260
43.3500,-73.6167,300
29.6333,-83.1053,50
41.6267,-73.8842,280
40.4422,-109.5144,120
36.3333,-119.9500,340
44.5761,-71.1786,310
39.2956,-80.2289,240
38.0442,-87.5206,220
32.8547,-109.6353,320
32.8978,-97.0189,290
36.6206,-116.0278,110
46.5311,-87.5483,225
40.2342,-85.3936,310
40.6161,-83.0636,270
34.6525,-86.9453,130
42.6425,-77.0564,250
38.8483,-77.0342,340
36.9261,-111.4478,290
39.3450,-81.4392,300
30.4000,-81.4167,20
39.9914,-82.8808,220
41.7806,-122.4717,210
25.7906,-80.3164,140
33.8117,-78.7239,30
45.5114,-118.4247,150
41.6236,-98.9517,150
26.0719,-80.1536,130
31.1522,-81.3908,40
70.6392,-159.9950,130
41.4131,-81.8600,260
29.9506,-94.0206,130
45.6478,-68.6925,250
41.3336,-75.7269,280
33.9786,-98.4928,20
7.3333,134.4833,90
27.7411,-98.0247,330
32.8167,-115.6833,120
38.1811,-85.7392,210
39.5936,-84.2264,250
33.7792,-84.5214,80
34.7442,-87.5997,110
62.3200,-150.0950,40
32.6261,-116.4681,250
34.6294,-118.0836,310
40.4719,-81.4236,260
35.6567,-95.3614,350
45.0319,-102.0192,210
55.3567,-131.7117,300
34.6081,-79.0592,250
39.8250,-86.2958,150
55.5800,-133.0750,210
32.3206,-90.0778,150
37.1467,-94.5022,80
38.1417,-76.4292,230
42.7803,-84.5789,250
40.8508,-96.7475,180
42.4933,-79.2722,240
46.4047,-94.1308,170
33.4669,-82.0386,320
31.0425,-86.3117,130
31.3558,-85.7511,110
28.0622,-81.7542,80
35.3331,-94.3625,70
43.7700,-88.4864,220
38.6572,-90.6558,100
41.3103,-95.8992,170
40.7342,-73.4169,280
41.2003,-74.6231,260
30.7797,-86.5225,140
34.2167,-119.0833,260
40.8500,-74.0614,250
42.5519,-71.7558,290
36.9647,-86.4239,140
35.2578,-113.9331,10
59.5119,-139.6711,70
34.7675,-114.6189,10
30.7044,-87.0231,130
42.4272,-73.2892,280
35.0281,-110.7208,310
28.7247,-96.2536,10
64.7767,-141.1483,250
39.6092,-110.7547,50
41.3714,-73.4828,250
44.7694,-106.9689,330
36.6950,-76.1356,230
38.5000,-77.3000,310
26.1658,-97.3458,330
40.6386,-73.7622,300
43.5331,-84.0797,250
36.2667,-93.1567,120
29.1828,-81.0483,50
26.1522,-81.7753,90
30.3975,-84.3289,120
44.1278,-123.2206,340
31.5356,-84.1944,30
37.7608,-99.9683,300
46.9006,-95.0678,160
39.7556,-82.6572,250
34.9869,-81.0575,230
29.3783,-100.9269,40
38.3306,-96.1897,190
40.4122,-86.9369,90
31.6072,-110.4281,280
40.1203,-76.2944,270
45.0619,-93.3508,200
61.1689,-150.0278,360
28.8614,-96.9303,310
32.6636,-97.0939,290
34.0158,-118.4514,220
38.9597,-94.3714,210
38.8983,-119.9947,30
45.8069,-108.5422,240
42.4167,-87.8667,160
37.7064,-112.1456,280
70.2117,-151.0017,200
33.9753,-117.6361,230
40.2769,-74.8158,260
42.1928,-89.0931,140
32.4506,-93.8411,60
41.1961,-112.0114,170
41.5175,-81.6836,250
40.8203,-82.5178,240
43.5164,-112.0672,350
39.6428,-79.9164,210
48.5614,-93.3981,120
29.2733,-94.8592,350
35.0311,-85.2014,10
61.1781,-149.9664,20
36.2117,-115.1958,130
31.2361,-94.7544,40
46.0139,-102.6547,160
47.9375,-124.5550,260
36.2967,-99.7689,140
43.1072,-78.9453,240
44.0433,-103.0536,170
30.3567,-95.4139,50
35.2100,-99.1200,340
32.8342,-115.5786,260
35.9403,-89.8308,50
34.7272,-92.2389,80
42.1094,-77.9919,280
37.3208,-79.2067,250
6.9667,158.2167,40
44.7978,-68.8186,290
30.5892,-96.3647,300
30.6264,-88.0681,100
31.8456,-86.6108,320
38.5050,-107.8975,150
39.1033,-84.4189,180
41.0669,-73.7075,280
42.0647,-104.1528,220
43.2389,-123.3547,130
35.0678,-77.0481,230
42.1908,-71.1736,270
38.3000,-76.4167,240
43.9922,-76.0217,260
45.5464,-100.4078,160
34.2719,-83.8303,270
34.1750,-91.9347,110
47.2078,-119.3192,210
30.3208,-97.7603,310
32.3347,-88.7442,60
47.4667,-87.8833,350
39.5514,-97.6508,210
35.6950,-101.3950,130
34.9000,-76.8833,230
30.9119,-102.9167,110
41.7803,-124.2367,240
44.5344,-72.6144,250
37.6542,-122.1150,280
34.9914,-78.8803,250
37.7461,-97.2211,160
21.9839,-159.3405,240
39.9061,-84.2186,240
36.7800,-119.7194,270
37.6544,-97.4425,180
17.7028,-64.8056,90
31.9514,-85.1289,120
42.1469,-121.7242,360
66.8667,-162.6333,110
42.9667,-83.7494,290
45.6689,-96.9914,250
41.7072,-86.3164,260
32.7100,-96.2672,40
41.9922,-93.6217,130
44.8831,-93.2289,160
47.2381,-123.1408,260
47.0339,-120.5303,100
42.8050,-72.0036,270
45.8678,-95.3942,160
47.3258,-106.9475,340
45.7881,-111.1608,140
30.2333,-81.6667,40
47.7472,-90.3444,330
44.0206,-117.0128,110
40.8206,-76.8642,280
42.7972,-105.3856,280
42.8914,-73.2469,290
35.8311,-90.6464,80
32.6500,-114.6167,20
47.4933,-122.2144,150
43.1644,-95.2017,140
61.2169,-149.8550,350
37.1319,-76.4930,230
30.1831,-97.6800,300
29.5442,-98.4839,320
45.1947,-123.1339,150
40.2064,-100.5914,230
35.5144,-108.7939,40
44.3853,-74.2067,250
38.1847,-84.9033,220
48.7167,-94.6000,50
31.8606,-86.0122,110
27.9106,-82.6875,110
32.9733,-97.3181,10
44.8428,-117.8086,40
43.2781,-70.9222,300
41.3497,-71.7989,290
39.1258,-123.2008,270
26.1969,-80.1708,110
42.3606,-71.0106,260
36.9033,-76.1922,230
44.1708,-114.9272,320
29.5189,-95.2417,80
35.1442,-111.6664,60
63.9944,-145.7214,100
41.8031,-78.6403,280
31.7800,-103.2017,20
46.9253,-96.8111,160
35.5931,-88.9167,140
41.8056,-107.1997,250
31.9206,-102.3867,80
9.4833,138.0833,50
31.4208,-110.8458,310
45.2575,-112.5545,210
36.0097,-94.1694,330
36.9358,-121.7886,220
46.0261,-91.4442,180
35.0564,-89.9864,120
33.4617,-80.8581,50
33.4536,-94.0075,70
27.4981,-80.3767,10
39.0725,-95.6261,160
33.6361,-91.7556,60
35.7425,-81.3819,280
45.4622,-69.5953,310
36.7414,-104.5022,190
38.2103,-122.2847,210
42.0572,-102.8000,220
31.4000,-93.2833,130
44.8322,-93.4706,170
34.7436,-118.7242,30
39.2231,-106.8683,180
42.5700,-72.2911,270
32.3847,-94.7117,60
32.5500,-88.5667,140
46.7708,-100.7603,150
47.5303,-122.3008,210
33.1783,-86.7817,110
40.3300,-75.1225,290
32.8519,-96.8556,40
66.9161,-151.5089,20
33.2194,-117.3494,240
42.2667,-84.4667,240
39.2953,-114.8467,180
28.1011,-80.6439,10
42.5708,-77.7133,260
36.7367,-97.1019,140
26.6847,-80.0994,150
45.4558,-98.4131,170
34.8536,-116.7858,270
46.8706,-68.0172,300
35.2333,-101.7089,330
46.9258,-98.6692,180
18.4325,-66.0108,60
43.3906,-99.8422,200
36.1189,-86.6892,100
30.8356,-85.1839,110
59.4433,-151.7017,360
33.5872,-85.8556,70
41.1783,-78.8989,260
44.6500,-73.4667,290
32.8158,-117.1394,300
38.7642,-87.6056,120
44.8664,-91.4878,170
25.9989,-80.2411,120
44.5228,-114.2150,140
43.9658,-107.9508,160
39.3644,-84.5247,270
36.1994,-95.8872,360
38.5911,-92.1558,160
31.4583,-109.6061,240
41.2433,-76.9217,250
39.9444,-81.8922,240
32.0311,-96.3989,10
30.7439,-95.5861,40
41.7636,-96.1778,160
35.2325,-75.6219,280
31.2819,-89.2531,150
24.5833,-81.6833,130
39.4519,-87.3089,140
26.1839,-98.2539,320
31.5358,-82.5067,80
41.9950,-87.9336,150
62.9575,-155.6103,50
41.7361,-72.6506,240
43.1544,-93.3269,160
45.2486,-122.7686,150
43.8339,-111.8045,60
35.9461,-112.1547,40
35.2578,-93.0947,120
41.0089,-74.7367,290
28.4567,-99.2183,130
34.6719,-82.8864,200
40.3667,-75.9667,290
44.9258,-89.6256,210
15.1167,145.7167,70
41.5272,-85.7922,260
26.9172,-81.9914,130
59.4556,-135.3239,30
45.5511,-122.4089,90
41.6117,-90.5808,150
35.8517,-97.4142,120
38.8000,-97.6500,200
35.9333,-79.0642,140
57.1553,-170.2222,140
70.1917,-148.4772,110
38.2281,-85.6636,220
44.3981,-98.2231,170
36.2833,-94.3000,80
33.9486,-81.1186,310
44.3592,-84.6739,310
47.3078,-119.5153,310
43.3436,-72.5178,240
41.7700,-88.4814,110
41.8756,-71.0211,250
34.0511,-118.2353,280
41.3275,-72.0494,270
48.1739,-103.6367,20
45.6044,-103.5464,180
34.2006,-118.3575,210
32.2997,-86.4075,100
24.7258,-81.0517,120
32.7667,-97.4500,350
35.4319,-82.5375,360
60.5797,-151.2392,30
19.7356,-156.0489,150
26.2500,-80.1083,130
25.9069,-80.2803,140
31.1500,-92.9667,140
43.2119,-90.1814,40
44.7408,-85.5825,280
42.3075,-85.2511,250
44.3206,-69.7972,300
34.3622,-98.9761,30
44.2033,-72.5794,300
40.0803,-95.5919,200
48.1203,-123.4983,280
43.3497,-76.3847,270
39.2775,-120.7103,30
41.7219,-71.4325,280
29.5622,-91.5256,120
42.7431,-73.8092,250
32.3542,-95.4025,60
37.0872,-84.0769,250
30.4781,-87.1869,120
33.6228,-111.9106,230
38.9503,-95.6639,180
42.5950,-87.9381,170
47.1686,-88.4889,300
37.5050,-77.3203,220
47.6458,-101.4394,20
33.4825,-90.9853,50
40.8731,-81.8867,260
26.5850,-81.8614,150
48.3500,-122.6667,130
34.2622,-88.7714,110
34.9894,-99.0525,90
27.7628,-82.6261,80
46.4267,-105.8825,340
43.7694,-87.8506,300
38.5069,-121.4950,310
35.2236,-80.9553,220
41.8833,-91.7167,120
