29.1828,-81.0483,1
47.2856,-68.3133,1
34.8364,-92.2619,1
28.4339,-81.3250,1
42.0647,-104.1528,1
27.9619,-82.5403,1
31.6072,-110.4281,1
30.1250,-93.2158,1
42.0572,-102.8000,1
33.2208,-92.8142,1
46.9728,-123.9303,1
32.3336,-104.2581,1
46.1569,-123.8825,1
58.6794,-156.6294,1
33.3075,-104.5083,1
30.7439,-95.5861,1
29.1097,-95.4619,1
32.3367,-90.2214,1
28.7797,-81.2436,1
38.7042,-93.1833,1
30.2050,-91.9875,1
33.4825,-90.9853,1
29.6919,-82.2756,1
28.8208,-81.8097,1
34.5183,-109.3792,1
46.9733,-122.9033,1
29.9800,-95.3600,1
26.5850,-81.8614,1
26.9172,-81.9914,1
33.2367,-107.2681,1
32.5156,-92.0406,1
34.2719,-83.8303,1
40.1667,-103.2167,1
29.9506,-94.0206,1
29.2733,-94.8592,1
33.6361,-91.7556,1
31.3347,-92.5586,1
30.0375,-91.8839,1
44.8889,-116.1017,1
28.5453,-81.3331,1
27.7628,-82.6261,1
29.5189,-95.2417,1
31.5883,-110.3442,1
38.8317,-94.8897,1
28.1011,-80.6439,1
41.8706,-103.5931,1
43.2389,-123.3547,1
31.2361,-94.7544,1
