34.2622,-88.7714,1
34.8822,-95.7831,1
32.1614,-94.3397,1
21.4500,-157.7833,1
29.3389,-98.4719,1
34.0500,-94.4008,1
32.3542,-95.4025,1
33.2119,-87.6161,1
29.7036,-98.0281,1
30.3208,-97.7603,1
32.9733,-97.3181,1
32.3492,-93.2014,1
29.1097,-95.4619,1
34.5433,-93.6289,1
34.7442,-87.5997,1
32.3067,-95.2969,1
32.8519,-96.8556,1
31.8075,-94.1642,1
35.2578,-93.0947,1
30.1831,-97.6800,1
32.5511,-92.9186,1
33.7792,-84.5214,1
31.6189,-97.2283,1
28.7247,-96.2536,1
32.3500,-94.6500,1
32.3919,-93.7803,1
32.7817,-98.0603,1
32.3550,-93.8619,1
32.5156,-92.0406,1
32.6808,-96.8681,1
32.7100,-96.2672,1
30.7406,-98.2353,1
32.8339,-97.2975,1
32.8978,-97.0189,1
30.5108,-99.7664,1
30.6264,-89.0550,1
30.7439,-95.5861,1
29.6878,-100.4217,1
33.4617,-80.8581,1
32.5161,-84.9422,1
29.2733,-94.8592,1
33.4825,-90.9853,1
29.9800,-95.3600,1
30.5844,-97.4156,1
20.8997,-156.4286,1
32.6636,-97.0939,1
31.2361,-94.7544,1
32.4514,-93.8417,1
32.0311,-96.3989,1
28.4567,-99.2183,1
31.8142,-93.0856,1
29.5442,-98.4839,1
32.4506,-93.8411,1
21.3239,-157.9294,1
33.1803,-96.5903,1
30.4144,-97.7664,1
29.5189,-95.2417,1
32.8192,-97.3614,1
21.9839,-159.3405,1
32.3847,-94.7117,1
29.3600,-99.1742,1
33.2061,-97.1989,1
33.3064,-92.4833,1
29.6222,-95.6564,1
34.2622,-88.7714,1
34.8822,-95.7831,1
32.1614,-94.3397,1
21.4500,-157.7833,1
34.2622,-88.7714,1
34.8822,-95.7831,1
32.1614,-94.3397,1
21.4500,-157.7833,1
29.3389,-98.4719,1
34.0500,-94.4008,1
32.3542,-95.4025,1
33.2119,-87.6161,1
29.7036,-98.0281,1
30.3208,-97.7603,1
32.9733,-97.3181,1
32.3492,-93.2014,1
29.1097,-95.4619,1
34.5433,-93.6289,1
34.7442,-87.5997,1
32.3067,-95.2969,1
32.8519,-96.8556,1
31.8075,-94.1642,1
35.2578,-93.0947,1
30.1831,-97.6800,1
32.5511,-92.9186,1
33.7792,-84.5214,1
31.6189,-97.2283,1
28.7247,-96.2536,1
32.3500,-94.6500,1
32.3919,-93.7803,1
32.7817,-98.0603,1
32.3550,-93.8619,1
32.5156,-92.0406,1
32.6808,-96.8681,1
32.7100,-96.2672,1
30.7406,-98.2353,1
32.8339,-97.2975,1
32.8978,-97.0189,1
30.5108,-99.7664,1
30.6264,-89.0550,1
30.7439,-95.5861,1
29.6878,-100.4217,1
33.4617,-80.8581,1
32.5161,-84.9422,1
29.2733,-94.8592,1
33.4825,-90.9853,1
29.9800,-95.3600,1
30.5844,-97.4156,1
20.8997,-156.4286,1
32.6636,-97.0939,1
31.2361,-94.7544,1
32.4514,-93.8417,1
32.0311,-96.3989,1
28.4567,-99.2183,1
31.8142,-93.0856,1
29.5442,-98.4839,1
32.4506,-93.8411,1
21.3239,-157.9294,1
33.1803,-96.5903,1
30.4144,-97.7664,1
29.5189,-95.2417,1
32.8192,-97.3614,1
21.9839,-159.3405,1
32.3847,-94.7117,1
29.3600,-99.1742,1
33.2061,-97.1989,1
33.3064,-92.4833,1
29.6222,-95.6564,1
