37.2778,-97.4097,1
38.3217,-83.6642,1
38.7556,-90.6106,1
59.2381,-135.4494,1
38.3794,-81.5900,1
35.2150,-100.2503,1
34.5128,-93.0486,1
38.3650,-82.5550,1
38.6453,-88.9461,1
32.0186,-102.0258,1
35.5931,-88.9167,1
39.1483,-89.1022,1
40.7833,-91.1253,1
41.8553,-90.9200,1
32.3081,-101.8775,1
38.9500,-91.0000,1
35.8311,-90.6464,1
33.6542,-101.8136,1
38.8894,-86.5519,1
33.5281,-101.8761,1
33.0642,-101.0489,1
30.3703,-103.7808,1
37.2225,-96.0547,1
41.7947,-90.2639,1
37.2778,-97.4097,1
38.3217,-83.6642,1
38.7556,-90.6106,1
59.2381,-135.4494,1
38.3794,-81.5900,1
35.2150,-100.2503,1
37.2778,-97.4097,1
38.3217,-83.6642,1
38.7556,-90.6106,1
59.2381,-135.4494,1
38.3794,-81.5900,1
35.2150,-100.2503,1
34.5128,-93.0486,1
38.3650,-82.5550,1
38.6453,-88.9461,1
32.0186,-102.0258,1
35.5931,-88.9167,1
39.1483,-89.1022,1
40.7833,-91.1253,1
41.8553,-90.9200,1
32.3081,-101.8775,1
38.9500,-91.0000,1
35.8311,-90.6464,1
33.6542,-101.8136,1
38.8894,-86.5519,1
33.5281,-101.8761,1
33.0642,-101.0489,1
30.3703,-103.7808,1
37.2225,-96.0547,1
41.7947,-90.2639,1
