36.3200,-115.7000,266
36.7200,-106.2600,262
43.8000,-114.8500,360
35.7700,-105.7800,84
36.5100,-106.3200,9
40.3000,-111.2600,297
43.7600,-115.2400,109
39.1900,-120.2600,268
39.3600,-106.0600,11
36.2500,-115.6300,201
39.2900,-117.1100,181
36.8600,-106.2300,15
44.2100,-110.6700,256
44.7900,-116.0900,198
38.4000,-119.5400,186
35.9200,-106.3900,243
48.7200,-116.4600,32
41.4000,-107.2600,152
36.1900,-105.5600,105
40.8300,-111.7600,92
36.0300,-106.8100,39
36.0700,-105.6300,229
36.9600,-106.6600,147
36.7900,-105.2400,257
39.4300,-120.3100,201
36.0000,-106.8300,280
40.5300,-106.7800,90
36.3100,-115.6800,181
39.8000,-106.0300,191
36.9900,-105.2600,157
36.1300,-105.5300,196
44.3800,-116.3400,169
39.3100,-111.4300,305
35.7800,-105.5400,359
