32.5667,-117.1167,30
36.3200,-115.7000,7
40.2342,-85.3936,40
30.0494,-90.0289,51
43.9906,-70.9475,31
45.6194,-121.1661,11
47.2767,-121.3372,14
35.2333,-101.7089,58
34.2622,-88.7714,22
32.3367,-90.2214,29
32.6500,-114.6167,30
37.1431,-107.7597,15
37.4389,-105.8614,26
30.0481,-102.2131,27
34.2675,-77.8997,13
45.2486,-122.7686,9
46.7708,-100.7603,40
34.2008,-119.2069,33
35.2372,-120.6414,20
28.8208,-81.8097,32
43.0661,-108.4767,36
60.7850,-161.8292,34
64.7767,-141.1483,4
41.6117,-90.5808,57
37.2253,-89.5706,33
38.8169,-92.2183,49
27.4981,-80.3767,39
40.4122,-86.9369,36
38.9286,-90.4281,49
34.8822,-95.7831,28
35.0169,-80.6206,11
38.3000,-76.4167,46
36.2117,-115.1958,34
41.3461,-82.1794,23
40.9781,-124.1086,10
46.7994,-102.7972,46
36.7200,-106.2600,3
37.7461,-97.2211,57
41.7806,-122.4717,5
33.0375,-116.9158,19
42.8153,-108.7261,30
34.9883,-117.8647,13
32.5722,-116.9794,21
36.0097,-94.1694,42
42.5950,-87.9381,60
43.8000,-114.8500,4
39.6014,-116.0056,18
47.2856,-68.3133,47
34.1750,-91.9347,32
43.0206,-102.5183,44
39.7333,-77.4333,8
44.4683,-73.1500,47
41.8833,-91.7167,53
39.8233,-93.5792,33
43.5164,-112.0672,29
36.0394,-95.9844,29
29.7333,-85.0333,30
34.4258,-119.8425,18
43.9922,-76.0217,22
41.6764,-70.9583,31
44.1278,-123.2206,13
42.2333,-83.5333,36
31.3214,-85.4497,26
38.3794,-81.5900,5
46.9208,-114.0925,9
36.7414,-104.5022,47
41.2531,-70.0608,80
44.2558,-121.1392,13
41.5272,-85.7922,51
44.3592,-89.8369,38
37.3278,-95.5042,30
41.6264,-80.2150,15
60.1283,-149.4167,12
43.9658,-107.9508,34
42.2667,-84.4667,43
35.1442,-111.6664,24
61.2169,-149.8550,10
40.0397,-88.2778,54
64.5500,-149.0717,16
26.2500,-80.1083,65
36.9839,-77.0075,9
48.4608,-119.5167,25
40.0681,-118.5692,9
21.4500,-157.7833,43
38.8761,-98.8092,69
30.0675,-95.5561,43
44.3394,-105.5419,64
41.0089,-74.7367,23
34.0511,-118.2353,5
37.9272,-100.7247,69
39.3792,-74.4242,37
26.5361,-81.7550,51
39.8447,-89.6839,51
37.2839,-98.5528,47
39.5703,-104.8489,31
64.3267,-158.7417,39
40.4847,-80.2144,19
30.5892,-96.3647,44
44.7694,-106.9689,60
44.0511,-101.6011,60
40.7789,-73.9692,30
44.5344,-72.6144,28
34.9894,-99.0525,43
35.3889,-97.6006,41
35.4344,-119.0542,24
33.9786,-98.4928,21
39.0725,-95.6261,44
36.3189,-119.6289,8
35.7700,-105.7800,1
36.5100,-106.3200,324
40.6825,-74.1694,60
40.0803,-95.5919,49
27.7839,-97.5108,61
41.9097,-70.7294,50
46.7439,-117.1086,18
42.9486,-78.7369,33
37.9917,-122.0550,12
42.6958,-73.1708,30
29.3389,-98.4719,41
42.6425,-77.0564,17
42.7431,-73.8092,38
42.0647,-104.1528,60
28.4339,-81.3250,48
44.3814,-100.2856,65
41.1519,-104.8061,66
42.3200,-120.8300,13
44.3853,-74.2067,19
33.6267,-116.1594,24
37.6542,-122.1150,15
40.4422,-109.5144,19
41.6686,-70.2800,55
38.3650,-82.5550,10
33.6228,-111.9106,10
41.1583,-73.1289,39
33.6361,-91.7556,17
59.7494,-154.9089,64
39.4519,-87.3089,36
36.7800,-119.7194,14
42.7900,-121.9800,0
40.3000,-111.2600,18
37.0911,-95.5664,41
30.0375,-91.8839,47
42.9550,-87.9044,63
42.1469,-121.7242,9
32.3542,-95.4025,42
39.9369,-91.1919,51
41.4525,-87.0058,43
37.7214,-122.2208,21
42.9667,-83.7494,38
37.2833,-102.6139,63
45.7728,-122.8611,10
40.8764,-74.2831,26
34.6517,-112.4208,30
36.0969,-79.9433,20
33.8117,-78.7239,12
33.1783,-86.7817,7
37.5050,-77.3203,23
45.0717,-83.5644,33
45.6689,-96.9914,61
38.9408,-77.4636,27
42.8939,-85.5447,55
42.5519,-71.7558,36
32.5428,-93.7450,30
41.2639,-72.8872,42
34.2006,-118.3575,16
58.6794,-156.6294,33
62.3200,-150.0950,13
47.5303,-122.3008,11
38.5050,-107.8975,16
45.4558,-98.4131,44
45.5511,-122.4089,10
42.1094,-77.9919,26
41.6328,-91.5431,42
43.7600,-115.2400,10
33.2119,-87.6161,13
46.9253,-96.8111,64
46.1569,-123.8825,25
34.9869,-81.0575,4
40.8436,-72.6322,49
41.0731,-71.9233,55
41.3375,-84.4289,38
39.3669,-101.7000,67
36.3333,-119.9500,21
39.9444,-81.8922,23
33.4050,-118.4158,31
34.6294,-118.0836,26
34.4272,-100.2831,31
31.4208,-110.8458,22
37.3031,-108.6275,25
39.2292,-106.3169,35
44.5483,-95.0803,56
29.7036,-98.0281,50
33.8750,-84.3022,5
40.8217,-72.8689,40
42.5544,-92.4011,58
36.1189,-86.6892,14
39.1900,-120.2600,17
32.6847,-83.6528,6
42.4092,-83.0100,35
36.6239,-87.4194,20
48.5428,-109.7633,30
32.2622,-107.7206,17
40.8203,-82.5178,38
31.3711,-100.4922,32
35.6169,-106.0889,30
30.3208,-97.7603,25
40.0489,-107.8853,16
41.5944,-109.0528,34
35.5931,-88.9167,25
42.7611,-87.8136,65
41.5631,-83.4764,37
47.4444,-122.3139,26
46.0947,-118.2869,14
39.3450,-81.4392,22
32.3500,-91.0278,26
32.9733,-97.3181,28
27.5333,-99.4667,61
30.7797,-86.5225,15
38.6956,-121.5897,8
48.0944,-105.5744,35
33.9519,-117.4386,17
48.2553,-101.2733,46
41.4333,-99.6333,64
38.8000,-97.6500,66
71.2833,-156.7814,95
31.3347,-92.5586,41
29.6381,-95.2819,48
45.0133,-84.7014,40
42.7461,-86.0967,51
40.1519,-122.2536,27
33.5656,-86.7450,18
27.9106,-82.6875,41
42.1128,-92.9175,55
37.3711,-118.3581,26
30.4781,-87.1869,31
29.1097,-95.4619,55
40.1203,-76.2944,36
43.4075,-94.7461,70
44.6381,-90.1875,56
30.6794,-88.2397,31
32.7667,-97.4500,26
38.4167,-113.0167,32
46.4167,-86.6500,36
33.9381,-118.3889,26
47.9078,-122.2803,19
40.7794,-73.8803,58
32.7336,-117.1831,23
38.7642,-87.6056,36
45.8183,-88.1144,32
66.9161,-151.5089,3
37.7086,-113.0944,23
40.2064,-100.5914,70
39.3600,-106.0600,12
46.4267,-105.8825,47
35.8922,-78.7819,22
36.0167,-102.5500,53
38.1811,-85.7392,21
26.0719,-80.1536,59
40.6331,-93.9019,44
33.6800,-117.8664,8
41.5333,-71.2833,51
36.2500,-115.6300,13
28.4736,-82.4544,40
17.7028,-64.8056,16
48.5222,-123.0231,11
40.6161,-83.0636,30
38.8853,-79.8528,10
39.4019,-77.9844,26
42.4167,-87.8667,53
70.6392,-159.9950,111
29.1828,-81.0483,36
43.1406,-89.3453,46
37.2958,-81.2078,21
32.3336,-104.2581,24
25.7906,-80.3164,38
26.9172,-81.9914,44
32.8342,-115.5786,16
31.9514,-85.1289,8
34.7442,-87.5997,17
33.4669,-82.0386,15
39.1667,-76.6833,19
35.9333,-79.0642,25
45.1947,-123.1339,5
18.3331,-64.9667,17
41.8678,-84.0794,44
44.3675,-71.5450,32
41.1078,-92.4467,48
36.1625,-97.0894,37
47.9375,-124.5550,13
41.1214,-100.6694,58
24.5550,-81.7522,43
43.7700,-88.4864,53
39.2900,-117.1100,7
46.0261,-91.4442,31
28.8614,-96.9303,52
45.5433,-94.0514,39
41.5175,-81.6836,36
40.4719,-81.4236,13
24.5833,-81.6833,50
40.6508,-75.4492,31
41.5092,-74.2650,31
32.8519,-96.8556,41
36.8167,-76.0333,35
18.2550,-65.6408,20
38.8100,-104.6883,45
34.1853,-79.7239,5
41.2433,-76.9217,25
25.9069,-80.2803,46
47.0492,-109.4578,27
36.7683,-96.0261,27
31.4156,-87.0442,13
42.3075,-85.2511,40
43.5331,-84.0797,38
36.9878,-120.1106,15
41.1389,-75.3794,46
38.7550,-109.7542,7
40.2383,-75.5572,27
35.5144,-108.7939,15
33.9706,-80.9958,3
34.2167,-119.0833,21
48.2138,-106.6213,39
48.1203,-123.4983,15
35.2236,-80.9553,7
26.1522,-81.7753,49
44.5169,-108.0822,52
38.6572,-90.6558,29
47.9742,-117.4283,10
39.3756,-99.8297,59
38.8983,-119.9947,14
31.9433,-102.1889,27
34.2900,-93.0600,20
32.8167,-115.6833,19
28.0622,-81.7542,41
44.8428,-117.8086,7
39.7556,-82.6572,24
30.4000,-81.4167,37
35.2578,-93.0947,17
18.4325,-66.0108,17
34.6439,-86.7861,24
31.6072,-110.4281,42
37.2622,-104.3378,38
40.2769,-74.8158,42
36.8600,-106.2300,322
42.0800,-80.1825,38
63.9944,-145.7214,39
47.3258,-106.9475,29
46.5486,-90.9189,12
55.5800,-133.0750,3
46.8706,-68.0172,42
32.8158,-117.1394,23
47.4933,-122.2144,17
30.1831,-97.6800,44
35.1822,-103.6031,46
40.8289,-115.7886,12
33.3644,-81.9633,3
39.4781,-88.2803,43
21.3167,-158.0667,23
43.3500,-73.6167,38
59.4556,-135.3239,83
30.9119,-102.9167,20
39.1258,-123.2008,3
37.7064,-112.1456,31
44.9047,-97.1494,66
45.5464,-100.4078,53
40.1667,-103.2167,85
43.1711,-86.2367,55
33.7792,-84.5214,5
60.7850,-148.8389,56
31.8606,-86.0122,11
45.0319,-102.0192,63
31.6189,-97.2283,42
35.5342,-97.6469,43
43.8789,-91.2528,42
13.4836,144.7961,13
47.2675,-122.5761,19
34.8831,-82.2203,6
44.3981,-98.2231,66
31.8311,-104.8089,43
47.6831,-117.3214,9
47.3078,-119.5153,17
39.1333,-86.6167,22
35.8550,-77.8931,18
40.7833,-91.1253,43
35.0028,-105.6628,58
39.9181,-76.8742,22
67.7317,-164.5483,37
39.6428,-79.9164,20
30.6264,-88.0681,29
40.5175,-122.2986,13
36.6206,-116.0278,34
30.3975,-84.3289,26
42.8375,-103.0953,42
28.7247,-96.2536,68
46.0139,-102.6547,47
45.9647,-112.5006,12
37.2353,-93.4003,61
38.3083,-75.1239,44
42.8914,-73.2469,32
38.0442,-87.5206,16
19.7192,-155.0531,30
30.5069,-86.9597,29
39.7075,-86.2803,38
37.1319,-76.4930,23
39.6728,-75.6008,36
26.1839,-98.2539,59
44.7408,-85.5825,24
41.7361,-72.6506,47
38.3306,-96.1897,53
48.6033,-112.3753,36
43.4133,-124.2436,17
36.2967,-99.7689,56
34.2719,-83.8303,8
41.8706,-103.5931,72
43.8339,-111.8045,22
39.8344,-88.8656,52
39.8328,-104.6575,53
42.2706,-71.8731,49
37.6928,-121.8144,5
42.1928,-89.0931,47
44.2100,-110.6700,13
37.0683,-88.7719,20
39.5936,-84.2264,40
44.0433,-103.0536,80
41.2003,-74.6231,26
33.4964,-90.0867,21
41.4131,-81.8600,31
37.1467,-94.5022,51
32.6261,-116.4681,34
36.1994,-95.8872,45
39.1033,-84.4189,10
57.1553,-170.2222,50
45.0800,-117.5500,7
40.6675,-89.6839,43
46.8369,-92.2097,55
40.1764,-80.6472,31
30.7044,-87.0231,26
37.6544,-97.4425,63
37.7081,-77.4344,12
32.7817,-98.0603,30
44.7900,-116.0900,6
39.4900,-121.6183,17
46.9258,-98.6692,53
31.5358,-82.5067,9
34.9000,-76.8833,18
42.8050,-72.0036,24
41.7219,-71.4325,55
35.0564,-89.9864,38
35.3331,-94.3625,28
41.3931,-70.6150,55
44.4983,-88.1111,46
36.6636,-121.6081,35
39.3667,-75.0667,31
55.0389,-131.5786,10
37.0872,-84.0769,7
34.0158,-118.4514,13
29.9506,-94.0206,56
31.3928,-92.2956,23
41.5097,-72.8278,32
42.5906,-117.8644,26
32.4833,-80.7167,9
41.6875,-69.9933,35
27.6531,-80.2428,49
30.8458,-85.6014,7
43.1544,-93.3269,64
37.6242,-120.9506,26
34.7000,-77.3833,15
38.1386,-78.4530,24
41.9950,-87.9336,52
26.2281,-97.6542,55
29.3783,-100.9269,38
35.9403,-89.8308,41
33.8117,-118.1464,19
38.4000,-119.5400,7
34.4978,-82.7097,6
39.5781,-85.8033,33
46.1442,-115.5964,3
40.5100,-101.6200,60
70.1917,-148.4772,113
44.1708,-114.9272,9
41.3119,-105.6747,58
43.2781,-70.9222,43
42.4819,-114.4869,42
30.3489,-85.7881,21
59.4433,-151.7017,2
32.5156,-92.0406,17
33.2367,-107.2681,28
32.6808,-96.8681,36
30.3433,-89.8222,25
37.7608,-99.9683,71
42.7803,-84.5789,41
40.6239,-74.6694,28
31.8456,-86.6108,16
32.7100,-96.2672,45
42.5417,-113.7661,25
35.0678,-77.0481,19
38.0494,-103.5122,48
30.8356,-85.1839,17
44.0206,-117.0128,12
38.2900,-104.4983,29
55.3567,-131.7117,18
59.2433,-135.5094,41
41.0375,-81.4642,17
29.9933,-90.2511,42
36.9358,-121.7886,11
39.3644,-84.5247,14
38.5911,-92.1558,38
47.0339,-120.5303,11
45.8258,-119.2611,13
47.4667,-87.8833,36
30.7406,-98.2353,24
31.4583,-109.6061,27
36.7436,-108.2292,24
48.7939,-122.5372,9
38.9597,-94.3714,49
39.5514,-97.6508,64
34.3622,-98.9761,28
39.2231,-106.8683,16
15.1167,145.7167,34
47.2078,-119.3192,21
40.8097,-124.1603,6
41.6236,-98.9517,65
39.8683,-75.2311,45
38.2281,-85.6636,6
41.1014,-102.9847,83
46.1236,-67.7928,43
40.7083,-84.0267,41
40.8500,-74.0614,39
38.5000,-77.3000,35
34.8536,-116.7858,28
32.8978,-97.0189,35
39.1894,-103.7158,64
36.6950,-76.1356,17
33.1281,-117.2794,17
31.1500,-92.9667,9
29.6333,-83.1053,23
42.9203,-112.5711,42
35.9200,-106.3900,1
43.7694,-87.8506,44
43.6497,-70.3003,45
36.5881,-121.8453,10
30.5108,-99.7664,21
48.7200,-116.4600,13
47.3000,-121.6000,17
31.1828,-90.4708,37
41.7781,-80.6958,16
32.5500,-88.5667,13
34.5467,-93.5781,14
37.6703,-95.4842,45
35.9508,-85.0814,12
35.2578,-113.9331,24
45.6478,-68.6925,43
34.7336,-76.6606,26
28.5453,-81.3331,41
43.1561,-90.6775,22
41.4000,-107.2600,6
26.5850,-81.8614,47
41.7419,-72.1836,38
56.6000,-169.5650,74
38.7667,-104.3000,46
41.9922,-93.6217,45
43.1111,-76.1039,35
35.7425,-81.3819,12
34.7436,-118.7242,41
33.3075,-104.5083,18
34.8994,-120.4486,20
42.6003,-123.3642,46
33.8281,-116.5053,26
48.7167,-94.6000,42
41.5339,-93.6531,45
42.3811,-122.8722,5
40.4953,-107.5211,19
47.4733,-111.3822,35
39.4839,-119.7711,7
46.9733,-122.9033,21
38.5714,-90.1572,37
47.3864,-92.8389,37
45.8678,-95.3942,57
42.2228,-83.7444,34
42.1244,-86.4267,54
41.9856,-97.4353,72
39.2775,-120.7103,18
46.5683,-120.5428,17
43.9636,-69.7117,16
35.6575,-109.0614,10
43.3906,-99.8422,64
35.1350,-90.2344,39
35.4319,-82.5375,10
30.7439,-95.5861,25
36.1900,-105.5600,5
39.0083,-95.2117,51
34.7675,-114.6189,34
39.8250,-86.2958,24
44.6500,-73.4667,36
55.2208,-162.7325,53
34.2097,-118.4892,13
41.4914,-120.5644,14
30.3567,-95.4139,38
33.4617,-80.8581,5
44.8831,-93.2289,54
47.9428,-97.1839,43
38.8317,-94.8897,50
38.8483,-77.0342,35
31.2819,-89.2531,19
43.6264,-72.3047,43
34.6719,-82.8864,5
44.9050,-123.0011,9
32.5161,-84.9422,16
41.3714,-73.4828,30
36.9647,-86.4239,13
58.3567,-134.5639,40
29.6919,-82.2756,31
39.1208,-94.5969,47
26.1658,-97.3458,60
38.0408,-84.6058,21
36.9261,-111.4478,14
29.2733,-94.8592,58
39.5264,-107.7264,22
35.8311,-90.6464,29
41.9144,-88.2464,45
41.8756,-71.0211,31
46.4047,-94.1308,30
42.3978,-90.7036,56
27.4014,-82.5586,47
37.5908,-83.3131,4
35.2100,-99.1200,48
33.4825,-90.9853,31
35.6567,-95.3614,38
44.8322,-93.4706,39
34.9914,-78.8803,22
35.2325,-75.6219,31
45.5644,-84.7928,34
61.1689,-150.0278,16
47.7472,-90.3444,44
29.9800,-95.3600,60
32.2997,-86.4075,21
34.7272,-92.2389,36
42.6650,-83.4181,35
36.2833,-94.3000,46
39.1342,-108.5400,27
33.5872,-85.8556,12
40.8300,-111.7600,12
30.4844,-81.7019,34
38.1847,-84.9033,12
43.2119,-90.1814,43
40.9017,-117.8081,17
33.8719,-117.9789,7
47.1686,-88.4889,44
40.0819,-75.0111,43
41.5886,-83.8014,38
36.0300,-106.8100,4
43.3497,-76.3847,30
40.8731,-81.8867,24
39.0431,-84.6717,28
25.9989,-80.2411,48
36.0700,-105.6300,4
36.7367,-97.1019,30
31.3500,-85.6667,21
39.4203,-83.8217,32
41.8056,-107.1997,30
38.0511,-117.0903,32
43.1167,-77.6767,26
34.7917,-79.3661,10
42.8975,-106.4636,16
48.5614,-93.3981,30
32.1314,-110.9553,27
26.1969,-80.1708,62
36.6817,-101.5053,57
34.8461,-82.3461,7
45.6983,-110.4408,32
36.0236,-84.2375,2
41.7072,-86.3164,51
44.5761,-71.1786,33
30.7825,-83.2767,14
27.7628,-82.6261,59
33.6542,-101.8136,34
37.1681,-97.0369,48
40.1606,-113.3508,85
43.1953,-71.5011,47
30.2050,-91.9875,23
26.6847,-80.0994,64
31.0425,-86.3117,13
30.5372,-91.1469,38
43.1644,-95.2017,68
62.9614,-141.9292,16
42.3914,-96.3792,61
57.0481,-135.3647,22
42.9333,-71.4383,51
46.3583,-104.2500,47
45.8069,-108.5422,31
39.9492,-74.8417,26
41.7803,-124.2367,20
33.4536,-94.0075,35
47.6458,-101.4394,47
45.6044,-103.5464,70
42.5700,-72.2911,46
60.4889,-145.4511,30
35.0281,-110.7208,16
20.8997,-156.4286,32
45.4622,-69.5953,46
40.9706,-85.2064,49
32.6636,-97.0939,31
33.9486,-81.1186,9
31.2361,-94.7544,41
42.4933,-79.2722,37
40.0781,-83.0781,31
40.1936,-76.7633,31
44.3592,-84.6739,39
62.1592,-145.4589,28
66.8667,-162.6333,53
36.2667,-93.1567,31
57.7511,-152.4856,33
32.3347,-88.7442,17
42.5844,-110.1075,38
60.5797,-151.2392,43
46.2667,-119.1167,12
39.4167,-118.7167,17
42.4700,-71.2894,47
38.2103,-122.2847,16
33.9753,-117.6361,17
44.5228,-114.2150,2
37.4058,-122.0481,10
32.0311,-96.3989,45
40.6386,-73.7622,65
39.1353,-96.6778,41
62.9575,-155.6103,13
33.3633,-84.5658,3
41.6267,-73.8842,37
31.3089,-86.3939,12
35.6875,-117.6931,24
34.5183,-109.3792,19
41.1783,-78.8989,18
46.6056,-111.9636,16
37.3169,-79.9742,30
42.0572,-102.8000,60
45.5406,-122.9486,2
38.6892,-75.3592,26
32.4106,-99.6822,22
28.4567,-99.2183,47
40.0972,-92.5433,42
41.3103,-95.8992,59
42.1208,-87.9047,34
38.9833,-76.4667,30
47.4569,-115.6450,13
34.6081,-79.0592,9
25.9156,-97.4186,51
42.8783,-100.5500,67
41.7700,-88.4814,49
38.9503,-95.6639,52
36.2606,-76.1750,34
32.8547,-109.6353,12
27.9619,-82.5403,31
36.9600,-106.6600,5
36.9500,-76.2833,36
29.5442,-98.4839,50
32.4506,-93.8411,35
31.5883,-110.3442,19
21.3239,-157.9294,34
37.8892,-121.2258,7
41.4653,-90.5233,45
36.7900,-105.2400,1
40.7342,-73.4169,43
41.9381,-72.6825,49
36.7725,-90.3247,19
33.1803,-96.5903,41
43.5950,-118.9564,15
59.5119,-139.6711,21
39.7736,-94.9233,48
33.4278,-112.0039,17
45.0619,-93.3508,38
34.7411,-118.2117,24
33.2208,-92.8142,24
32.3206,-90.0778,33
40.8206,-76.8642,24
33.9228,-118.3342,16
36.8781,-91.9025,37
30.1250,-93.2158,52
39.2447,-102.2842,67
34.0561,-117.6003,15
19.7356,-156.0489,36
43.2389,-123.3547,5
29.3331,-89.4075,37
35.6950,-101.3950,52
47.3600,-121.5700,7
44.8889,-116.1017,8
42.1594,-76.8919,26
39.1019,-121.5678,11
41.3325,-122.3328,6
31.5356,-84.1944,14
42.7172,-71.1239,42
34.7500,-111.4100,371
40.0228,-82.4625,21
44.3814,-106.7211,74
43.9042,-92.4917,69
42.1908,-71.1736,32
44.2033,-72.5794,39
39.4300,-120.3100,6
42.7972,-105.3856,61
36.0000,-106.8300,2
41.2731,-111.0306,26
29.5189,-95.2417,49
39.7078,-77.7297,26
45.6308,-89.4653,46
40.9167,-81.4333,30
35.9461,-112.1547,15
38.3406,-75.5103,24
47.6217,-117.5281,14
31.8111,-106.3758,28
41.3275,-72.0494,51
41.0669,-73.7075,48
41.7872,-111.8533,6
21.1544,-157.0961,45
47.2381,-123.1408,11
37.3592,-121.9239,17
38.7525,-90.3736,49
45.5114,-118.4247,2
42.4272,-73.2892,36
38.0700,-102.6881,46
43.9844,-88.5569,50
34.6525,-86.9453,22
32.8192,-97.3614,32
33.2194,-117.3494,18
40.5300,-106.7800,2
44.9319,-93.0556,44
40.3161,-78.8339,22
42.2314,-83.3308,28
35.6697,-120.6283,9
41.2544,-80.6739,22
38.1311,-91.7683,58
61.5961,-149.0917,39
38.0653,-97.8606,58
43.5667,-116.2406,12
64.5111,-165.4400,25
30.3361,-81.5147,34
35.0419,-106.6156,25
21.9839,-159.3405,41
41.0467,-78.4117,15
36.3100,-115.6800,1
40.6044,-98.4272,59
41.3336,-75.7269,36
42.5708,-77.7133,26
61.1781,-149.9664,13
32.7000,-117.2000,38
37.7836,-81.1231,21
28.1011,-80.6439,58
31.7800,-103.2017,21
39.8000,-106.0300,2
31.9206,-102.3867,27
25.6475,-80.4331,34
42.1997,-75.9850,43
39.9914,-82.8808,33
42.1578,-72.7161,42
32.3847,-94.7117,41
36.9900,-105.2600,4
36.9033,-76.1922,37
33.6186,-114.7142,31
40.3667,-75.9667,35
47.3978,-120.2014,23
47.6800,-121.6100,7
45.7881,-111.1608,14
27.7411,-98.0247,45
35.8517,-97.4142,32
32.1300,-81.2100,13
64.8039,-147.8761,17
40.3547,-79.9217,20
35.1967,-81.1558,6
29.3600,-99.1742,59
36.4486,-103.1539,54
36.1300,-105.5300,4
27.5000,-97.8167,55
33.2061,-97.1989,37
43.7331,-103.6114,34
30.7167,-87.0167,23
38.8500,-94.7392,48
41.1961,-112.0114,22
40.3300,-75.1225,30
30.2333,-81.6667,36
41.3497,-71.7989,37
41.7861,-87.7522,51
44.7978,-68.8186,51
40.2172,-76.8514,31
27.6833,-97.2833,54
48.3042,-114.2636,17
33.6300,-84.4417,7
42.5842,-70.9175,43
30.4119,-89.0808,40
43.3436,-72.5178,24
44.0219,-82.7931,60
44.3206,-69.7972,44
36.4731,-82.4044,4
40.2964,-78.3203,18
38.7042,-93.1833,52
33.9481,-83.3275,6
37.6197,-122.3647,35
70.2117,-151.0017,97
38.3775,-121.9575,7
33.6883,-112.0817,17
30.4000,-86.4717,20
34.5583,-98.4172,19
32.8667,-117.1333,25
36.5728,-79.3361,20
40.8508,-96.7475,62
37.2847,-120.5128,14
38.5039,-122.8103,9
40.9611,-98.3136,70
43.7667,-98.0333,72
31.4000,-93.2833,17
45.6906,-118.8528,26
45.6208,-122.6572,9
37.7797,-89.2497,31
34.3478,-85.1611,9
48.1739,-103.6367,46
43.2339,-75.4117,30
37.9406,-75.4631,39
44.9258,-89.6256,52
44.3800,-116.3400,12
39.6092,-110.7547,36
32.8986,-80.0403,10
30.4636,-88.5319,26
39.3100,-111.4300,32
42.3606,-71.0106,60
46.4794,-84.3572,38
29.6222,-95.6564,59
42.9600,-121.1800,5
39.2956,-80.2289,25
28.0836,-97.0464,47
42.2347,-85.5519,32
35.6542,-105.1419,49
39.2972,-94.7306,53
36.0719,-115.1633,22
45.5908,-122.6003,15
46.9006,-95.0678,45
36.1336,-80.2222,16
28.7797,-81.2436,38
35.7800,-105.5400,1
43.1072,-78.9453,31
40.7781,-111.9694,22
41.7636,-96.1778,55
34.1231,-84.8486,3
36.3689,-92.4703,26
38.5069,-121.4950,2
44.8664,-91.4878,50
43.5878,-96.7289,55
24.7258,-81.0517,48
39.2953,-114.8467,34
42.7267,-114.4564,30
39.4494,-74.5672,38
45.2575,-112.5545,24
46.3747,-117.0156,14
39.9061,-84.2186,43
38.1417,-76.4292,25
44.5444,-110.4211,10
34.2486,-82.1592,3
40.7939,-73.1017,49
35.0311,-85.2014,5
41.8031,-78.6403,20
59.6419,-151.4908,38
41.0136,-83.6686,43
46.9728,-123.9303,29
44.9358,-74.8458,25
35.8181,-83.9858,5
31.1522,-81.3908,31
36.0467,-79.4769,14
