36.9900,-105.2600,198
46.2400,-117.3900,264
36.3100,-115.6800,165
35.9200,-106.3900,239
39.4300,-120.3100,235
35.7700,-105.7800,118
36.0700,-105.6300,263
35.3400,-111.6500,305
39.3600,-106.0600,355
39.2900,-117.1100,201
36.7900,-105.2400,82
40.8300,-111.7600,88
36.1900,-105.5600,49
39.3100,-111.4300,296
36.8600,-106.2300,21
36.7200,-106.2600,222
36.2500,-115.6300,165
39.1900,-120.2600,275
44.2100,-110.6700,293
40.3000,-111.2600,252
44.3800,-116.3400,197
43.8000,-114.8500,360
38.4000,-119.5400,196
36.0300,-106.8100,57
40.5300,-106.7800,62
43.7600,-116.1000,48
43.7600,-115.2400,103
41.4000,-107.2600,138
48.7200,-116.4600,320
36.5100,-106.3200,11
36.0000,-106.8300,290
36.9600,-106.6600,161
39.8000,-106.0300,11
44.7900,-116.0900,193
