36.6897,-108.3086,144
40.7833,-81.9167,200
33.7092,-93.5564,267
40.7142,-122.4161,206
64.8569,-147.8611,100
32.2822,-106.7597,206
34.5989,-103.2161,150
28.4675,-98.2525,256
43.0431,-96.9033,111
37.6967,-93.7722,217
41.4439,-86.9294,189
39.8114,-99.9386,139
42.1231,-111.3133,89
42.9592,-120.7897,167
40.0892,-99.2133,133
40.2842,-109.8611,117
37.1503,-104.5567,122
35.2006,-103.6867,222
44.8406,-106.8383,94
34.7675,-106.7611,161
46.6722,-120.4994,150
38.4931,-122.0047,167
36.0147,-85.1314,206
38.6450,-95.5661,244
36.4622,-116.8669,250
45.6911,-118.8522,161
40.2539,-85.1483,228
40.1739,-101.0611,122
41.9342,-88.7756,211
39.4031,-99.4192,144
38.0047,-120.4864,178
37.9050,-93.3169,239
42.1397,-87.7853,211
39.6619,-99.1228,200
47.7283,-104.1467,194
37.9931,-100.8122,144
26.5581,-99.1372,239
47.0575,-109.9514,67
39.3925,-101.0689,144
40.2458,-111.6508,156
45.9228,-108.2444,100
39.0422,-108.4664,167
34.5822,-119.9817,189
42.8767,-77.0308,228
33.7542,-99.1442,222
38.5350,-121.7761,144
30.2003,-92.6642,244
40.1167,-76.4333,228
37.7617,-117.5658,172
40.6117,-122.5281,194
43.8083,-111.7892,72
38.4917,-122.1242,150
36.8047,-107.6214,106
45.6750,-111.1550,72
37.0683,-88.7725,217
46.8706,-68.0172,222
35.6214,-88.8456,217
36.5508,-114.4581,206
43.5492,-71.4647,200
25.8175,-80.2858,250
61.5664,-149.2542,89
26.8400,-81.0872,228
46.0436,-118.4628,167
38.7978,-99.7231,139
42.7467,-71.0425,211
37.7967,-121.5828,167
42.9536,-112.8253,44
44.7764,-108.7592,83
40.1550,-103.1417,111
35.0489,-97.9158,211
39.0303,-76.9314,211
38.4661,-101.7758,139
35.7047,-101.5492,156
45.4825,-120.7236,144
38.8586,-99.3358,156
39.9000,-98.0256,128
35.4072,-104.1906,156
36.5575,-105.2628,117
35.4139,-86.8086,244
34.9881,-120.3211,178
30.7053,-104.0233,167
40.2233,-86.1086,200
48.7178,-122.5114,156
29.4608,-101.0286,261
41.6661,-111.8914,117
40.4750,-86.9919,189
48.4983,-109.8014,111
