45.8981,-86.5483,116
46.2314,-112.1136,45
39.4206,-79.0050,67
38.6644,-94.8900,98
47.2753,-88.4169,18
40.1100,-87.9567,98
35.5953,-82.5567,112
39.7506,-92.5064,130
30.5347,-94.4456,36
41.8161,-80.4250,45
41.0103,-103.8769,179
37.1317,-86.1481,85
39.8814,-77.3506,89
39.7750,-105.1169,89
40.5764,-105.0858,72
39.7194,-76.8028,94
45.6656,-97.0392,179
44.4933,-68.4583,80
34.6242,-106.3103,98
38.5039,-95.7036,94
34.2183,-116.4072,139
34.1206,-115.8500,94
45.4525,-99.3358,80
42.3997,-89.9903,121
61.5889,-149.0992,27
42.2947,-83.7108,161
47.0083,-88.4317,103
41.7392,-77.9711,76
39.0733,-93.7075,210
47.8306,-110.6608,76
40.8250,-92.8925,67
40.9656,-105.2186,125
61.2967,-149.4400,72
39.1439,-103.4897,85
61.1025,-149.7169,54
40.8600,-102.8031,161
48.0750,-111.2597,80
48.9981,-110.2158,49
40.6558,-97.2208,134
43.0167,-70.8333,13
34.7994,-109.8850,139
35.0761,-89.7430,85
41.2847,-105.5319,134
