38.8586,-99.3358,272
43.2828,-123.3536,122
38.9422,-92.3200,172
34.7392,-90.7664,233
34.7986,-96.6692,239
33.8936,-97.2692,239
45.5900,-95.8744,156
36.4231,-99.4167,211
34.2392,-98.7444,222
35.8542,-97.9544,217
36.4711,-86.8414,217
35.3647,-96.9481,222
35.9328,-88.7267,217
35.1228,-99.3600,228
36.1903,-99.0403,211
40.1100,-87.9567,83
41.1453,-85.4897,117
47.0575,-109.9514,117
36.0642,-97.2128,222
34.5872,-99.3381,233
35.8489,-97.4797,228
44.6342,-123.1900,167
36.3842,-98.1114,206
36.1056,-82.8436,167
36.7081,-98.7094,211
34.6892,-86.8819,189
41.8161,-80.4250,89
40.4750,-86.9919,89
34.6089,-96.3331,250
36.1472,-97.2858,233
36.4119,-97.6939,200
34.1864,-90.5572,228
35.2050,-99.8033,250
39.3669,-101.7000,161
34.7675,-106.7611,222
31.8769,-105.2369,261
35.4842,-98.4814,228
42.1397,-87.7853,94
45.6750,-111.1550,106
36.7481,-98.3628,217
34.9678,-97.9519,239
39.7194,-76.8028,200
35.1867,-102.0797,233
40.7833,-81.9167,67
35.5461,-99.7278,194
35.1131,-89.2122,239
33.8103,-91.2778,217
35.5083,-98.7750,217
34.7281,-90.3683,228
40.4719,-74.4364,183
34.7292,-98.5694,278
30.5467,-87.8808,261
34.9897,-99.0528,217
33.7092,-93.5564,256
34.0356,-96.9433,239
36.1167,-97.6067,222
42.0208,-93.7742,94
35.5914,-99.2706,206
35.1297,-89.8036,211
33.9208,-96.3203,250
34.9142,-98.2922,233
44.9847,-93.1772,144
39.8058,-90.8236,100
35.6214,-88.8456,211
35.8819,-83.9572,233
35.5419,-97.3414,239
34.8494,-97.0031,244
40.0739,-87.5067,144
39.4833,-83.8500,100
34.5289,-97.7647,233
44.2394,-95.3153,128
39.4708,-87.4081,133
36.2872,-88.2958,239
35.1714,-96.6311,250
36.0286,-99.3464,206
44.0708,-93.5264,100
34.9819,-97.5208,244
35.9986,-97.0481,244
36.8314,-99.6411,211
31.3706,-100.4942,239
32.4714,-87.2314,228
38.7386,-87.4878,150
34.4397,-99.1375,250
41.0267,-86.5867,111
63.9647,-145.1050,-6
34.1678,-97.9883,228
37.3822,-102.2986,156
35.4139,-86.8086,156
31.0383,-85.8708,294
34.6856,-99.8333,222
34.3325,-96.6789,239
36.1208,-97.0953,228
36.0147,-85.1314,144
33.2422,-103.3611,200
35.6872,-90.0964,200
36.0719,-99.9031,206
36.7256,-99.1422,200
35.1489,-98.4658,211
35.8417,-98.5261,183
35.6528,-96.8042,228
34.1936,-97.5881,233
38.5350,-121.7761,250
33.3867,-97.7164,250
35.0708,-96.3561,217
35.2358,-97.4647,233
34.7156,-97.2292,233
35.8989,-98.9603,178
34.3997,-98.3458,250
34.5989,-103.2161,217
35.2006,-103.6867,250
41.4439,-86.9294,89
38.4931,-88.9703,144
34.1647,-88.7239,178
36.9869,-99.0108,189
40.9361,-90.7197,111
35.4017,-99.0583,194
36.2633,-98.4975,200
35.5483,-98.0364,206
39.3925,-101.0689,178
34.8083,-98.0233,222
34.2281,-97.2014,233
34.3086,-95.9969,278
40.2539,-85.1483,117
32.8472,-97.4761,239
34.5519,-96.7178,228
36.3558,-97.1531,194
31.2353,-88.9186,261
36.7925,-97.7458,178
36.8981,-96.9103,194
34.1922,-97.0858,239
36.3925,-89.0317,222
35.0322,-97.9144,256
36.6897,-108.3086,194
36.0908,-106.0567,150
34.8358,-99.4239,267
32.4219,-93.6381,233
40.8142,-85.1547,72
29.6211,-96.3661,328
34.5658,-96.9503,239
32.8986,-80.0403,211
31.4269,-94.8942,200
34.1381,-88.9983,200
35.2722,-97.9553,233
35.3736,-83.7006,144
34.1925,-86.7972,206
45.4825,-120.7236,161
36.7542,-97.2544,200
