45.8981,-86.5483,85
46.2314,-112.1136,139
39.4206,-79.0050,49
38.6644,-94.8900,116
47.2753,-88.4169,45
40.1100,-87.9567,148
35.5953,-82.5567,130
41.8161,-80.4250,67
37.1317,-86.1481,210
39.8814,-77.3506,58
39.7750,-105.1169,89
47.2919,-88.4208,76
40.5764,-105.0858,58
39.7194,-76.8028,94
45.6656,-97.0392,80
44.4933,-68.4583,76
34.6242,-106.3103,152
38.5039,-95.7036,139
35.1375,-77.9892,112
34.2183,-116.4072,219
34.1206,-115.8500,121
45.4525,-99.3358,89
42.3997,-89.9903,85
61.5889,-149.0992,22
47.0083,-88.4317,94
41.7392,-77.9711,54
39.0733,-93.7075,130
47.8306,-110.6608,67
39.3903,-94.5553,112
40.8250,-92.8925,94
40.9656,-105.2186,107
61.2967,-149.4400,76
61.1025,-149.7169,94
40.8600,-102.8031,116
48.0750,-111.2597,31
48.9981,-110.2158,103
40.6558,-97.2208,107
45.0961,-112.0856,85
34.7994,-109.8850,183
35.0761,-89.7430,112
47.0111,-109.2261,27
41.2847,-105.5319,94
