36.3200,-115.7000,93
36.7200,-106.2600,63
43.8000,-114.8500,30
43.7600,-116.1000,78
35.7700,-105.7800,18
36.5100,-106.3200,3
40.3000,-111.2600,94
43.7600,-115.2400,53
43.7300,-113.8300,39
39.1900,-120.2600,89
39.3600,-106.0600,36
36.2500,-115.6300,89
39.2900,-117.1100,55
36.8600,-106.2300,8
46.2400,-117.3900,54
44.2100,-110.6700,51
44.7900,-116.0900,92
38.4000,-119.5400,43
35.9200,-106.3900,18
48.7200,-116.4600,64
41.4000,-107.2600,51
36.1900,-105.5600,33
40.8300,-111.7600,34
36.0300,-106.8100,22
36.0700,-105.6300,32
36.9600,-106.6600,51
35.3400,-111.6500,55
36.7900,-105.2400,57
39.4300,-120.3100,50
36.0000,-106.8300,20
40.5300,-106.7800,53
36.3100,-115.6800,65
39.8000,-106.0300,333
36.9900,-105.2600,62
36.1300,-105.5300,39
44.3800,-116.3400,33
39.3100,-111.4300,114
35.7800,-105.5400,14
