45.8981,-86.5483,67
46.2314,-112.1136,85
39.4206,-79.0050,54
47.8344,-120.0006,67
38.6644,-94.8900,121
47.2753,-88.4169,49
40.1100,-87.9567,139
47.6497,-120.0800,27
35.5953,-82.5567,121
39.7506,-92.5064,67
30.5347,-94.4456,67
41.8161,-80.4250,112
37.1317,-86.1481,107
39.8814,-77.3506,58
39.7750,-105.1169,112
47.2919,-88.4208,58
40.5764,-105.0858,63
39.7194,-76.8028,98
45.6656,-97.0392,89
44.4933,-68.4583,125
34.6242,-106.3103,152
38.5039,-95.7036,134
35.1375,-77.9892,103
34.2183,-116.4072,94
34.1206,-115.8500,94
45.4525,-99.3358,116
42.3997,-89.9903,89
61.5889,-149.0992,22
42.2947,-83.7108,161
47.0083,-88.4317,63
41.7392,-77.9711,98
39.0733,-93.7075,268
47.8306,-110.6608,36
39.3903,-94.5553,143
40.8250,-92.8925,0
40.9656,-105.2186,89
61.2967,-149.4400,76
39.1439,-103.4897,76
61.1025,-149.7169,72
40.8600,-102.8031,112
48.0750,-111.2597,36
48.9981,-110.2158,89
40.6558,-97.2208,107
48.4628,-108.7792,31
45.0961,-112.0856,76
34.7994,-109.8850,103
35.0761,-89.7430,80
47.0111,-109.2261,36
41.2847,-105.5319,112
