42.7467,-71.0425,206
48.4983,-109.8014,128
37.6967,-93.7722,189
38.8586,-99.3358,167
40.1739,-101.0611,194
43.8083,-111.7892,133
35.4139,-86.8086,161
25.8175,-80.2858,261
35.4072,-104.1906,156
46.6722,-120.4994,139
35.6214,-88.8456,167
48.7178,-122.5114,117
44.0622,-103.4819,89
45.9228,-108.2444,128
34.7675,-106.7611,178
38.5350,-121.7761,161
40.2842,-109.8611,128
42.3806,-96.9575,106
40.2539,-85.1483,144
37.9931,-100.8122,161
34.9881,-120.3211,161
45.6750,-111.1550,133
32.2822,-106.7597,194
40.2233,-86.1086,139
34.5989,-103.2161,172
36.5575,-105.2628,94
33.7092,-93.5564,200
35.7047,-101.5492,178
46.8706,-68.0172,200
30.7053,-104.0233,167
33.6731,-111.1508,244
35.2006,-103.6867,256
37.7617,-117.5658,139
39.0422,-108.4664,178
38.4917,-122.1242,144
42.8767,-77.0308,150
28.4675,-98.2525,261
42.9536,-112.8253,67
38.6450,-95.5661,267
40.6117,-122.5281,189
39.0303,-76.9314,161
41.6661,-111.8914,150
40.1550,-103.1417,144
26.5581,-99.1372,233
41.4439,-86.9294,139
37.9050,-93.3169,222
37.1503,-104.5567,117
36.6897,-108.3086,183
44.7764,-108.7592,128
42.1231,-111.3133,100
39.4031,-99.4192,144
41.9342,-88.7756,117
36.0147,-85.1314,139
44.8406,-106.8383,128
39.3925,-101.0689,161
33.7542,-99.1442,217
40.2458,-111.6508,206
42.1397,-87.7853,161
29.4608,-101.0286,206
40.7142,-122.4161,194
43.0431,-96.9033,117
38.4931,-122.0047,172
35.0489,-97.9158,200
39.6619,-99.1228,200
38.0047,-120.4864,172
39.8114,-99.9386,156
36.5508,-114.4581,206
61.5664,-149.2542,100
47.0575,-109.9514,111
45.6911,-118.8522,156
43.5492,-71.4647,189
37.7967,-121.5828,172
64.8569,-147.8611,67
45.4825,-120.7236,139
37.0683,-88.7725,139
26.8400,-81.0872,239
42.9592,-120.7897,144
30.2003,-92.6642,200
36.4622,-116.8669,228
40.4750,-86.9919,128
34.5822,-119.9817,178
36.8047,-107.6214,156
38.4661,-101.7758,156
40.7833,-81.9167,111
