18.1747,-66.7978,24
31.2022,-93.5725,47
40.7264,-122.7947,40
38.8586,-99.3358,137
36.9969,-119.7072,37
45.3128,-107.9383,92
40.7142,-122.4161,77
36.4711,-86.8414,68
47.0575,-109.9514,158
40.0839,-88.2403,5
42.9536,-112.8253,119
36.1056,-82.8436,35
42.9592,-120.7897,63
40.2842,-109.8611,68
39.0303,-76.9314,66
39.8114,-99.9386,154
40.6117,-122.5281,37
43.0431,-96.9033,34
31.6164,-94.6431,35
34.1864,-90.5572,60
43.8083,-111.7892,76
34.5822,-119.9817,43
40.1739,-101.0611,108
35.3872,-76.7764,72
31.8769,-105.2369,69
42.1397,-87.7853,8
45.7206,-118.6264,48
40.5764,-105.0858,21
34.5697,-93.1947,8
30.8408,-89.5453,3
39.0172,-92.7558,8
37.5147,-122.0325,169
40.7833,-81.9167,87
32.8964,-107.3078,129
33.7542,-99.1442,232
35.1131,-89.2122,37
34.7281,-90.3683,29
30.7931,-94.1819,19
38.4917,-122.1242,53
47.7283,-104.1467,32
33.7092,-93.5564,39
45.9228,-108.2444,69
39.1172,-95.4097,45
46.8706,-68.0172,113
35.1297,-89.8036,35
39.2475,-96.5994,26
30.0689,-94.2928,92
40.2233,-86.1086,45
18.0331,-67.0722,35
40.1550,-103.1417,124
18.2583,-65.9922,138
35.6214,-88.8456,63
35.8819,-83.9572,31
64.8569,-147.8611,13
44.0622,-103.4819,42
38.4661,-101.7758,90
43.4033,-103.2683,27
34.6033,-104.3811,93
36.8047,-107.6214,87
34.9881,-120.3211,92
31.3706,-100.4942,135
26.8400,-81.0872,89
41.9342,-88.7756,50
41.0267,-86.5867,39
42.1231,-111.3133,129
37.3822,-102.2986,106
36.3444,-88.8636,43
40.0892,-99.2133,21
35.4139,-86.8086,80
37.7617,-117.5658,154
39.0422,-108.4664,87
38.9408,-95.3397,18
32.8242,-95.5275,87
43.5492,-71.4647,47
36.0147,-85.1314,68
35.6872,-90.0964,16
30.2003,-92.6642,32
39.5039,-98.3150,119
38.5200,-89.8467,35
46.6722,-120.4994,16
35.7047,-101.5492,217
38.6450,-95.5661,23
38.4931,-122.0047,71
31.8456,-99.5606,108
42.3806,-96.9575,6
32.8522,-95.8864,79
45.6911,-118.8522,80
61.5664,-149.2542,31
32.2822,-106.7597,85
34.5989,-103.2161,122
35.2006,-103.6867,77
33.0642,-101.0489,84
41.4439,-86.9294,69
42.7467,-71.0425,18
33.1481,-95.6269,80
34.1647,-88.7239,138
36.5508,-114.4581,24
33.1461,-107.1842,117
39.3925,-101.0689,132
44.8831,-85.6753,137
40.2539,-85.1483,68
26.5581,-99.1372,0
34.8219,-89.4347,53
35.0489,-97.9158,72
25.8175,-80.2858,39
39.6619,-99.1228,34
44.3089,-85.2050,106
38.0047,-120.4864,55
30.7053,-104.0233,56
39.4031,-99.4192,61
36.6897,-108.3086,56
32.4219,-93.6381,34
37.9931,-100.8122,188
29.6211,-96.3661,66
46.7047,-92.5253,19
27.4272,-80.4053,85
34.1381,-88.9983,74
45.4825,-120.7236,204
44.3253,-96.7686,79
32.9203,-94.7225,84
41.4903,-71.5431,60
