39.3600,-106.0600,50
43.7600,-116.1000,51
36.0700,-105.6300,37
46.2400,-117.3900,50
36.2500,-115.6300,31
43.7600,-115.2400,56
43.8000,-114.8500,69
39.3100,-111.4300,117
36.3100,-115.6800,30
39.2900,-117.1100,30
41.2300,-105.3800,10
39.8000,-106.0300,63
36.9900,-105.2600,52
44.7900,-116.0900,68
36.0000,-106.8300,17
36.5100,-106.3200,7
40.8300,-111.7600,34
36.1900,-105.5600,22
44.3800,-116.3400,46
36.8600,-106.2300,11
40.3000,-111.2600,48
48.7200,-116.4600,36
35.9200,-106.3900,21
36.7200,-106.2600,41
39.4300,-120.3100,41
36.9600,-106.6600,35
38.4000,-119.5400,56
36.7900,-105.2400,44
36.0300,-106.8100,33
35.7700,-105.7800,18
35.3400,-111.6500,37
44.2100,-110.6700,60
39.1900,-120.2600,125
41.4000,-107.2600,60
40.5300,-106.7800,30
