40.7264,-122.7947,267
38.8586,-99.3358,228
44.7764,-108.7592,78
40.4750,-86.9919,206
42.9592,-120.7897,94
40.2842,-109.8611,89
34.5822,-119.9817,144
40.1739,-101.0611,178
36.4622,-116.8669,239
42.8767,-77.0308,189
39.2494,-106.3714,33
40.2233,-86.1086,222
64.8569,-147.8611,39
38.4661,-101.7758,178
34.9881,-120.3211,139
38.7978,-99.7231,200
37.7617,-117.5658,89
36.0147,-85.1314,189
36.5575,-105.2628,128
35.4072,-104.1906,161
45.6911,-118.8522,100
36.5508,-114.4581,156
39.3925,-101.0689,194
41.6661,-111.8914,78
40.2539,-85.1483,239
26.5581,-99.1372,233
30.7053,-104.0233,172
37.9931,-100.8122,183
45.4825,-120.7236,94
