41.8056,-107.1997,34
36.7725,-90.3247,20
44.9050,-123.0011,8
36.6636,-121.6081,21
34.9869,-81.0575,16
47.3000,-121.6000,24
35.3331,-94.3625,26
38.7667,-104.3000,57
41.1583,-73.1289,38
55.0389,-131.5786,4
39.2972,-94.7306,39
37.6542,-122.1150,23
40.9017,-117.8081,28
34.7411,-118.2117,34
42.3075,-85.2511,48
36.6206,-116.0278,29
39.3667,-75.0667,25
40.8508,-96.7475,38
38.8853,-79.8528,20
32.7667,-97.4500,46
43.5950,-118.9564,37
48.5428,-109.7633,28
41.6875,-69.9933,29
37.3031,-108.6275,31
64.5500,-149.0717,16
38.9503,-95.6639,31
32.2997,-86.4075,8
37.2833,-102.6139,61
36.0300,-106.8100,6
34.2486,-82.1592,8
39.8328,-104.6575,40
45.0133,-84.7014,39
31.3928,-92.2956,7
58.3567,-134.5639,5
42.9333,-71.4383,20
26.0719,-80.1536,38
44.6500,-73.4667,24
19.7356,-156.0489,25
48.2553,-101.2733,73
36.0167,-102.5500,61
36.3333,-119.9500,30
35.0028,-105.6628,57
45.6906,-118.8528,26
37.7608,-99.9683,60
41.0089,-74.7367,9
24.5550,-81.7522,37
42.6003,-123.3642,28
32.6636,-97.0939,34
37.6197,-122.3647,46
32.3847,-94.7117,26
35.2325,-75.6219,18
40.8289,-115.7886,11
39.4300,-120.3100,5
37.6703,-95.4842,39
46.7994,-102.7972,48
43.4075,-94.7461,53
39.1900,-120.2600,9
31.4583,-109.6061,33
47.0492,-109.4578,37
44.3592,-89.8369,48
41.3931,-70.6150,31
61.1689,-150.0278,21
39.1033,-84.4189,23
63.9944,-145.7214,36
44.2100,-110.6700,13
47.6458,-101.4394,68
41.5333,-71.2833,27
43.5878,-96.7289,44
44.2558,-121.1392,21
45.5114,-118.4247,2
29.7036,-98.0281,29
41.6764,-70.9583,21
42.1928,-89.0931,48
40.2342,-85.3936,43
33.2119,-87.6161,5
42.7611,-87.8136,47
36.0719,-115.1633,32
31.4208,-110.8458,21
31.9206,-102.3867,48
36.0394,-95.9844,34
38.6572,-90.6558,22
47.3258,-106.9475,19
44.7900,-116.0900,7
64.8039,-147.8761,13
33.8117,-78.7239,19
48.6033,-112.3753,40
39.1208,-94.5969,27
43.1072,-78.9453,64
35.8922,-78.7819,13
55.3567,-131.7117,14
41.2639,-72.8872,31
19.7192,-155.0531,23
31.5883,-110.3442,32
25.9989,-80.2411,38
38.7642,-87.6056,39
36.7367,-97.1019,41
37.5050,-77.3203,14
37.0872,-84.0769,9
31.8606,-86.0122,5
43.7694,-87.8506,55
43.4133,-124.2436,19
42.5544,-92.4011,51
34.8831,-82.2203,21
45.4558,-98.4131,62
40.2064,-100.5914,43
42.5700,-72.2911,12
38.2281,-85.6636,17
45.0319,-102.0192,51
44.5169,-108.0822,26
41.5097,-72.8278,16
39.7736,-94.9233,31
43.2781,-70.9222,10
35.2578,-93.0947,10
70.2117,-151.0017,28
37.8892,-121.2258,25
38.4000,-119.5400,7
36.9500,-76.2833,23
43.6497,-70.3003,24
42.2333,-83.5333,55
37.2622,-104.3378,47
34.2900,-93.0600,25
42.1578,-72.7161,26
40.8731,-81.8867,32
39.0725,-95.6261,26
31.4000,-93.2833,4
42.5842,-70.9175,26
37.3208,-79.2067,12
25.7906,-80.3164,30
36.9900,-105.2600,4
36.7414,-104.5022,57
43.7331,-103.6114,25
31.3711,-100.4922,45
34.9883,-117.8647,36
26.5361,-81.7550,35
47.9742,-117.4283,50
42.4933,-79.2722,56
36.3100,-115.6800,2
32.5428,-93.7450,16
35.5342,-97.6469,64
39.5936,-84.2264,32
30.9119,-102.9167,51
41.6264,-80.2150,36
18.2550,-65.6408,26
41.9381,-72.6825,30
47.6800,-121.6100,12
40.2383,-75.5572,13
32.3542,-95.4025,31
46.4794,-84.3572,27
36.1900,-105.5600,11
32.4106,-99.6822,53
34.7436,-118.7242,46
44.5344,-72.6144,15
29.3600,-99.1742,33
62.1592,-145.4589,22
42.7172,-71.1239,26
42.1594,-76.8919,37
27.6531,-80.2428,34
41.0375,-81.4642,41
31.3500,-85.6667,8
36.7683,-96.0261,23
38.4167,-113.0167,36
40.9167,-81.4333,48
42.8050,-72.0036,12
33.4669,-82.0386,17
56.6000,-169.5650,60
36.6817,-101.5053,55
41.8756,-71.0211,13
30.8356,-85.1839,10
26.1522,-81.7753,33
40.1519,-122.2536,19
42.8375,-103.0953,26
39.7333,-77.4333,13
29.6222,-95.6564,20
41.0669,-73.7075,14
35.0564,-89.9864,23
44.8889,-116.1017,9
28.1011,-80.6439,44
44.0511,-101.6011,43
28.4736,-82.4544,26
26.6847,-80.0994,34
30.0675,-95.5561,13
46.5486,-90.9189,43
41.9144,-88.2464,47
28.7797,-81.2436,37
34.7917,-79.3661,26
34.3622,-98.9761,57
43.3497,-76.3847,36
43.9658,-107.9508,16
41.4000,-107.2600,13
42.4092,-83.0100,50
30.0481,-102.2131,27
39.6428,-79.9164,22
57.7511,-152.4856,93
42.8153,-108.7261,25
39.8000,-106.0300,8
45.5908,-122.6003,34
31.4156,-87.0442,5
39.8250,-86.2958,31
26.1839,-98.2539,22
41.3119,-105.6747,47
36.3200,-115.7000,8
39.2953,-114.8467,37
44.4983,-88.1111,51
41.1389,-75.3794,38
41.7806,-122.4717,11
32.6500,-114.6167,21
43.8339,-111.8045,16
40.4847,-80.2144,38
45.7728,-122.8611,5
60.5797,-151.2392,62
33.6361,-91.7556,30
42.2347,-85.5519,43
35.0419,-106.6156,51
46.3583,-104.2500,26
34.9000,-76.8833,9
33.6542,-101.8136,55
42.1244,-86.4267,39
42.3811,-122.8722,6
33.2061,-97.1989,42
39.4167,-118.7167,26
60.4889,-145.4511,13
46.6056,-111.9636,21
29.9800,-95.3600,18
26.2281,-97.6542,23
36.0097,-94.1694,28
39.5703,-104.8489,33
35.9403,-89.8308,33
30.7044,-87.0231,13
45.6983,-110.4408,47
37.7086,-113.0944,13
39.2956,-80.2289,21
45.5406,-122.9486,23
44.8831,-93.2289,63
36.5881,-121.8453,21
40.1764,-80.6472,36
35.8311,-90.6464,31
38.8169,-92.2183,37
38.5050,-107.8975,33
41.7803,-124.2367,16
38.9597,-94.3714,36
37.6544,-97.4425,65
31.8111,-106.3758,14
33.3633,-84.5658,3
39.4839,-119.7711,16
48.7200,-116.4600,12
33.3075,-104.5083,23
43.2389,-123.3547,5
32.7336,-117.1831,31
42.9667,-83.7494,53
64.7767,-141.1483,7
37.3711,-118.3581,23
26.1658,-97.3458,30
32.1300,-81.2100,16
43.3906,-99.8422,39
44.0219,-82.7931,50
32.4833,-80.7167,16
37.0911,-95.5664,34
33.9486,-81.1186,9
39.4900,-121.6183,18
45.6194,-121.1661,13
36.5100,-106.3200,268
30.7797,-86.5225,4
40.0397,-88.2778,45
21.4500,-157.7833,43
33.3644,-81.9633,5
41.3714,-73.4828,19
39.1342,-108.5400,31
41.9097,-70.7294,24
46.0947,-118.2869,20
47.9375,-124.5550,21
27.4981,-80.3767,29
40.6044,-98.4272,40
42.0572,-102.8000,29
44.3814,-100.2856,57
45.2575,-112.5545,30
33.9519,-117.4386,17
32.0311,-96.3989,40
31.1500,-92.9667,3
45.6208,-122.6572,14
21.3239,-157.9294,33
43.9844,-88.5569,49
34.1231,-84.8486,1
40.4122,-86.9369,36
27.7839,-97.5108,38
42.4819,-114.4869,34
33.9786,-98.4928,58
40.0489,-107.8853,15
59.4433,-151.7017,14
41.6236,-98.9517,38
46.1442,-115.5964,12
33.0375,-116.9158,23
34.4258,-119.8425,25
39.2900,-117.1100,11
42.2706,-71.8731,41
43.1953,-71.5011,15
33.6186,-114.7142,36
32.6847,-83.6528,6
27.5333,-99.4667,36
41.5339,-93.6531,44
59.7494,-154.9089,26
41.3375,-84.4289,34
47.2381,-123.1408,9
35.8181,-83.9858,5
36.1300,-105.5300,5
39.1667,-76.6833,20
47.2675,-122.5761,22
36.3189,-119.6289,23
35.1350,-90.2344,24
38.3083,-75.1239,22
39.0083,-95.2117,32
41.3325,-122.3328,2
44.7694,-106.9689,13
42.8914,-73.2469,17
36.0236,-84.2375,5
38.8317,-94.8897,39
29.5442,-98.4839,29
36.8167,-76.0333,19
30.5108,-99.7664,21
32.3347,-88.7442,8
40.8203,-82.5178,39
47.6217,-117.5281,34
47.6831,-117.3214,5
36.6950,-76.1356,9
38.9286,-90.4281,31
42.5519,-71.7558,18
36.9839,-77.0075,6
29.6919,-82.2756,17
44.3981,-98.2231,52
25.6475,-80.4331,33
39.4519,-87.3089,32
35.6542,-105.1419,45
33.6300,-84.4417,13
35.0311,-85.2014,1
41.7419,-72.1836,10
34.7000,-77.3833,18
40.7939,-73.1017,28
55.5800,-133.0750,41
41.1214,-100.6694,36
34.0561,-117.6003,27
37.4389,-105.8614,44
40.7781,-111.9694,28
18.4325,-66.0108,31
39.6014,-116.0056,30
35.1967,-81.1558,11
30.5372,-91.1469,8
30.4636,-88.5319,6
33.9753,-117.6361,26
30.2333,-81.6667,29
41.5631,-83.4764,49
29.9506,-94.0206,13
40.4719,-81.4236,22
38.1386,-78.4530,19
37.7064,-112.1456,32
42.7267,-114.4564,36
35.2100,-99.1200,70
35.2578,-113.9331,38
46.1236,-67.7928,27
29.9933,-90.2511,17
33.8117,-118.1464,25
30.1831,-97.6800,26
43.7667,-98.0333,55
44.7978,-68.8186,30
30.6264,-88.0681,12
31.6189,-97.2283,46
34.2167,-119.0833,22
31.1828,-90.4708,9
35.2236,-80.9553,19
39.4494,-74.5672,26
32.8547,-109.6353,26
34.2006,-118.3575,22
40.1606,-113.3508,70
31.8311,-104.8089,51
29.3389,-98.4719,19
37.2839,-98.5528,52
34.7442,-87.5997,12
29.2733,-94.8592,28
62.3200,-150.0950,16
44.5761,-71.1786,11
39.5264,-107.7264,17
26.9172,-81.9914,31
39.6092,-110.7547,38
36.1625,-97.0894,40
41.3336,-75.7269,22
34.7675,-114.6189,41
35.8550,-77.8931,13
32.5500,-88.5667,10
38.0494,-103.5122,49
34.2719,-83.8303,12
39.2231,-106.8683,30
30.3208,-97.7603,18
43.1406,-89.3453,38
43.1167,-77.6767,60
46.9258,-98.6692,75
42.3606,-71.0106,39
31.9433,-102.1889,44
40.1936,-76.7633,37
37.0683,-88.7719,21
38.3406,-75.5103,19
36.2606,-76.1750,19
30.4781,-87.1869,19
47.2078,-119.3192,30
45.0717,-83.5644,38
44.8428,-117.8086,6
48.7167,-94.6000,72
20.8997,-156.4286,51
36.2667,-93.1567,26
40.1667,-103.2167,50
40.3300,-75.1225,16
34.8822,-95.7831,27
42.3978,-90.7036,54
35.6567,-95.3614,45
41.7781,-80.6958,42
29.3331,-89.4075,15
38.3775,-121.9575,21
39.1258,-123.2008,12
25.9156,-97.4186,22
36.5728,-79.3361,14
45.8678,-95.3942,70
31.3347,-92.5586,9
45.5433,-94.0514,66
41.6117,-90.5808,50
33.4964,-90.0867,13
42.2667,-84.4667,46
36.8600,-106.2300,300
45.8183,-88.1144,46
71.2833,-156.7814,46
37.1431,-107.7597,15
37.6242,-120.9506,39
61.2169,-149.8550,12
40.4422,-109.5144,17
34.9894,-99.0525,68
40.9611,-98.3136,43
40.8097,-124.1603,4
46.9728,-123.9303,52
28.8208,-81.8097,31
41.5944,-109.0528,34
37.3278,-95.5042,23
34.6294,-118.0836,29
57.0481,-135.3647,54
18.3331,-64.9667,29
39.1333,-86.6167,27
42.8975,-106.4636,36
28.4339,-81.3250,38
46.7439,-117.1086,11
39.1894,-103.7158,48
29.1828,-81.0483,33
45.6478,-68.6925,18
36.0700,-105.6300,6
44.3853,-74.2067,42
37.4058,-122.0481,15
34.4272,-100.2831,47
38.1417,-76.4292,18
55.2208,-162.7325,21
41.2731,-111.0306,30
39.3669,-101.7000,47
38.8500,-94.7392,35
33.9228,-118.3342,33
35.7800,-105.5400,3
45.0800,-117.5500,1
38.2900,-104.4983,53
32.5161,-84.9422,5
41.8031,-78.6403,30
26.2500,-80.1083,34
34.7336,-76.6606,20
30.3567,-95.4139,15
42.2228,-83.7444,46
43.8789,-91.2528,54
43.1111,-76.1039,43
33.2367,-107.2681,26
31.1522,-81.3908,22
40.6825,-74.1694,37
30.3975,-84.3289,9
32.6261,-116.4681,19
59.4556,-135.3239,22
40.6508,-75.4492,24
35.9200,-106.3900,4
30.4000,-86.4717,10
41.0136,-83.6686,44
38.0442,-87.5206,24
37.7797,-89.2497,22
40.0972,-92.5433,31
37.1681,-97.0369,50
35.2372,-120.6414,29
27.6833,-97.2833,48
44.5483,-95.0803,56
36.9600,-106.6600,7
46.9733,-122.9033,10
32.1314,-110.9553,46
39.9061,-84.2186,44
24.7258,-81.0517,41
42.3200,-120.8300,17
36.1336,-80.2222,19
48.3042,-114.2636,15
40.2964,-78.3203,27
21.3167,-158.0667,29
42.1997,-75.9850,36
43.3500,-73.6167,26
31.7800,-103.2017,43
59.6419,-151.4908,27
48.5614,-93.3981,51
41.2003,-74.6231,12
38.3000,-76.4167,32
43.5331,-84.0797,58
31.3558,-85.7511,5
34.2675,-77.8997,22
46.4047,-94.1308,68
42.9486,-78.7369,65
57.1553,-170.2222,68
41.0731,-71.9233,35
34.8994,-120.4486,20
44.2033,-72.5794,24
44.0206,-117.0128,13
40.2172,-76.8514,24
40.8300,-111.7600,13
42.6958,-73.1708,20
41.5886,-83.8014,51
41.5092,-74.2650,26
38.1311,-91.7683,39
36.3689,-92.4703,17
39.3600,-106.0600,13
35.0169,-80.6206,24
40.7794,-73.8803,45
34.6439,-86.7861,19
33.7792,-84.5214,4
32.8519,-96.8556,36
39.7075,-86.2803,48
31.6072,-110.4281,42
41.5272,-85.7922,41
38.7550,-109.7542,16
38.1847,-84.9033,17
35.5144,-108.7939,17
43.3436,-72.5178,11
33.9706,-80.9958,6
38.0653,-97.8606,46
39.3756,-99.8297,50
64.3267,-158.7417,37
44.5444,-110.4211,7
38.7525,-90.3736,30
44.1278,-123.2206,11
41.6267,-73.8842,10
47.5303,-122.3008,13
40.8217,-72.8689,23
39.0431,-84.6717,28
35.7425,-81.3819,17
47.4569,-115.6450,39
70.6392,-159.9950,46
36.7800,-119.7194,26
40.3161,-78.8339,43
41.6686,-70.2800,35
41.6328,-91.5431,41
35.3889,-97.6006,56
47.9078,-122.2803,22
32.8192,-97.3614,45
32.7000,-117.2000,41
34.8536,-116.7858,38
46.7708,-100.7603,54
35.4344,-119.0542,19
36.9033,-76.1922,26
47.3600,-121.5700,6
39.2292,-106.3169,22
45.7881,-111.1608,19
45.8258,-119.2611,20
39.3100,-111.4300,21
38.3650,-82.5550,14
47.7472,-90.3444,35
48.0944,-105.5744,26
43.5667,-116.2406,20
41.1519,-104.8061,35
41.1014,-102.9847,43
40.4953,-107.5211,8
41.7219,-71.4325,28
24.5833,-81.6833,41
31.2361,-94.7544,14
44.3800,-116.3400,4
42.4167,-87.8667,33
40.0803,-95.5919,27
42.5950,-87.9381,51
28.0836,-97.0464,46
38.5000,-77.3000,21
38.6956,-121.5897,34
40.8764,-74.2831,12
30.1250,-93.2158,9
42.1469,-121.7242,16
42.5906,-117.8644,32
40.3547,-79.9217,42
64.5111,-165.4400,12
33.1783,-86.7817,6
38.5039,-122.8103,20
40.8436,-72.6322,22
44.7408,-85.5825,39
42.3914,-96.3792,49
46.0139,-102.6547,44
44.6381,-90.1875,54
37.6928,-121.8144,16
46.9006,-95.0678,70
33.2194,-117.3494,27
34.2622,-88.7714,14
34.0500,-94.4008,15
34.0511,-118.2353,9
35.1822,-103.6031,53
37.3169,-79.9742,25
35.9461,-112.1547,22
33.6800,-117.8664,19
48.4608,-119.5167,55
39.9914,-82.8808,28
36.2833,-94.3000,39
29.6333,-83.1053,13
46.8369,-92.2097,64
47.3864,-92.8389,62
44.5228,-114.2150,3
37.7214,-122.2208,33
32.7817,-98.0603,34
29.7333,-85.0333,24
13.4836,144.7961,44
43.5164,-112.0672,22
36.0000,-106.8300,4
42.7431,-73.8092,26
30.4844,-81.7019,14
39.3644,-84.5247,19
32.7100,-96.2672,27
40.5300,-106.7800,8
47.2767,-121.3372,27
35.6697,-120.6283,19
46.0261,-91.4442,25
40.7083,-84.0267,41
42.5708,-77.7133,28
38.7042,-93.1833,34
33.4825,-90.9853,30
33.8719,-117.9789,11
41.7072,-86.3164,42
32.8158,-117.1394,31
36.1189,-86.6892,12
40.0781,-83.0781,33
27.9619,-82.5403,28
41.4333,-99.6333,36
33.6883,-112.0817,24
39.5781,-85.8033,36
46.1569,-123.8825,25
45.1947,-123.1339,30
38.1811,-85.7392,25
34.1167,-119.1167,25
60.7850,-148.8389,17
39.9444,-81.8922,25
38.5714,-90.1572,30
41.2544,-80.6739,41
43.9042,-92.4917,72
38.6892,-75.3592,17
37.3592,-121.9239,22
34.4978,-82.7097,10
39.8344,-88.8656,47
40.6331,-93.9019,47
39.3450,-81.4392,21
34.6517,-112.4208,23
33.4050,-118.4158,35
38.0511,-117.0903,45
62.9575,-155.6103,16
33.4278,-112.0039,26
42.4700,-71.2894,22
30.8458,-85.6014,4
44.3814,-106.7211,31
41.2433,-76.9217,30
42.9600,-121.1800,6
44.4683,-73.1500,44
40.7789,-73.9692,18
35.6875,-117.6931,40
60.1283,-149.4167,45
40.1203,-76.2944,32
32.9733,-97.3181,31
66.8667,-162.6333,29
42.5844,-110.1075,25
34.1853,-79.7239,17
41.9856,-97.4353,45
39.7078,-77.7297,28
32.3500,-91.0278,11
43.8000,-114.8500,4
31.8456,-86.6108,6
44.9358,-74.8458,54
35.0281,-110.7208,22
32.5722,-116.9794,29
40.6161,-83.0636,42
47.3978,-120.2014,20
34.7500,-111.4100,265
45.5644,-84.7928,37
31.5356,-84.1944,6
33.2208,-92.8142,13
44.3675,-71.5450,9
40.9781,-124.1086,9
48.1739,-103.6367,55
25.9069,-80.2803,35
67.7317,-164.5483,63
35.9333,-79.0642,13
39.2447,-102.2842,56
33.8750,-84.3022,6
36.7900,-105.2400,6
44.3592,-84.6739,45
28.5453,-81.3331,36
43.6264,-72.3047,20
32.2622,-107.7206,22
30.3361,-81.5147,20
35.6169,-106.0889,36
38.8000,-97.6500,46
32.5156,-92.0406,16
40.3667,-75.9667,13
27.5000,-97.8167,27
33.5656,-86.7450,7
42.1908,-71.1736,13
38.0408,-84.6058,25
47.4444,-122.3139,34
17.7028,-64.8056,38
42.4272,-73.2892,29
44.1708,-114.9272,9
30.0494,-90.0289,23
43.2119,-90.1814,41
45.0619,-93.3508,61
41.1078,-92.4467,60
39.1019,-121.5678,22
39.2775,-120.7103,17
38.8483,-77.0342,38
34.3478,-85.1611,4
33.6267,-116.1594,38
26.1969,-80.1708,35
58.6794,-156.6294,47
43.2339,-75.4117,26
38.3794,-81.5900,11
27.7628,-82.6261,49
34.8461,-82.3461,18
34.1750,-91.9347,23
43.1544,-93.3269,72
41.7361,-72.6506,21
27.9106,-82.6875,43
38.0700,-102.6881,47
30.6794,-88.2397,6
35.5931,-88.9167,19
42.0800,-80.1825,51
42.8783,-100.5500,44
29.1097,-95.4619,16
44.8664,-91.4878,53
41.3497,-71.7989,27
39.8683,-75.2311,41
38.8761,-98.8092,57
46.4267,-105.8825,30
66.0689,-162.7639,10
39.9492,-74.8417,14
36.9647,-86.4239,14
47.0339,-120.5303,10
42.5417,-113.7661,19
41.3461,-82.1794,49
41.8678,-84.0794,38
29.3783,-100.9269,43
36.4486,-103.1539,66
41.8706,-103.5931,30
28.7247,-96.2536,27
43.9636,-69.7117,11
36.9358,-121.7886,20
43.1711,-86.2367,47
36.0969,-79.9433,24
37.9406,-75.4631,26
35.6950,-101.3950,42
32.8167,-115.6833,41
44.8322,-93.4706,60
40.2769,-74.8158,25
21.9839,-159.3405,53
43.7600,-115.2400,13
40.8206,-76.8642,9
41.9950,-87.9336,50
37.5908,-83.3131,7
30.7439,-95.5861,22
45.9647,-112.5006,31
34.0158,-118.4514,28
33.5872,-85.8556,8
29.6381,-95.2819,16
40.5100,-101.6200,44
42.2314,-83.3308,54
45.5511,-122.4089,91
33.9481,-83.3275,5
40.6386,-73.7622,50
40.8500,-74.0614,27
30.7167,-87.0167,12
30.4119,-89.0808,9
36.9261,-111.4478,14
43.9922,-76.0217,51
35.7700,-105.7800,7
42.7900,-121.9800,4
47.1686,-88.4889,67
42.1094,-77.9919,46
40.7342,-73.4169,30
34.6525,-86.9453,15
32.8667,-117.1333,30
34.2008,-119.2069,22
42.9203,-112.5711,18
42.7461,-86.0967,47
45.4622,-69.5953,16
43.1561,-90.6775,34
43.7700,-88.4864,50
28.0622,-81.7542,36
47.2856,-68.3133,31
37.1467,-94.5022,34
39.8447,-89.6839,38
46.3747,-117.0156,11
33.4617,-80.8581,12
29.5189,-95.2417,13
43.9906,-70.9475,10
60.7850,-161.8292,48
70.1917,-148.4772,34
31.5358,-82.5067,5
36.8781,-91.9025,27
33.4536,-94.0075,31
39.8233,-93.5792,11
37.9272,-100.7247,72
37.2847,-120.5128,26
45.2486,-122.7686,10
46.9253,-96.8111,70
38.8983,-119.9947,16
40.0228,-82.4625,26
42.1208,-87.9047,36
45.8069,-108.5422,40
61.1781,-149.9664,19
30.3433,-89.8222,11
40.3000,-111.2600,15
37.1319,-76.4930,11
35.4319,-82.5375,12
61.5961,-149.0917,12
27.4014,-82.5586,34
43.0661,-108.4767,32
44.9319,-93.0556,61
26.5850,-81.8614,32
35.0678,-77.0481,9
46.9208,-114.0925,23
39.6728,-75.6008,36
27.7411,-98.0247,26
33.9381,-118.3889,41
66.9161,-151.5089,30
39.7556,-82.6572,22
30.7825,-83.2767,9
37.2353,-93.4003,42
44.9258,-89.6256,54
48.2138,-106.6213,34
44.9047,-97.1494,59
32.8978,-97.0189,53
48.5222,-123.0231,18
36.7200,-106.2600,5
30.7406,-98.2353,21
35.2333,-101.7089,50
41.1783,-78.8989,48
48.1203,-123.4983,21
32.3336,-104.2581,25
44.3206,-69.7972,26
43.0206,-102.5183,24
41.4131,-81.8600,51
46.4167,-86.6500,47
34.2097,-118.4892,22
46.2667,-119.1167,17
36.2967,-99.7689,54
41.0467,-78.4117,36
62.9614,-141.9292,4
36.1994,-95.8872,33
35.9508,-85.0814,9
42.0647,-104.1528,27
42.7803,-84.5789,53
33.1281,-117.2794,19
40.7833,-91.1253,38
42.6650,-83.4181,50
38.2103,-122.2847,27
31.9514,-85.1289,4
41.2531,-70.0608,55
31.2819,-89.2531,7
35.6575,-109.0614,17
41.4525,-87.0058,43
32.3206,-90.0778,8
36.9878,-120.1106,30
41.7700,-88.4814,52
39.4203,-83.8217,37
41.1961,-112.0114,25
34.6081,-79.0592,22
39.1353,-96.6778,31
36.2500,-115.6300,12
40.6675,-89.6839,31
37.7836,-81.1231,27
41.5175,-81.6836,73
30.3489,-85.7881,11
41.4653,-90.5233,47
39.3792,-74.4242,29
37.9917,-122.0550,26
38.8100,-104.6883,62
40.0819,-75.0111,30
37.7081,-77.4344,9
39.4781,-88.2803,46
40.0681,-118.5692,26
40.5175,-122.2986,10
15.1167,145.7167,46
35.1442,-111.6664,15
30.5069,-86.9597,15
41.9922,-93.6217,52
41.3275,-72.0494,43
48.7939,-122.5372,11
41.7861,-87.7522,52
45.6044,-103.5464,46
41.3103,-95.8992,37
44.0433,-103.0536,48
42.8939,-85.5447,51
42.6425,-77.0564,43
30.0375,-91.8839,15
46.5683,-120.5428,26
37.7461,-97.2211,45
33.8281,-116.5053,33
41.4914,-120.5644,5
31.3214,-85.4497,11
34.5467,-93.5781,7
34.9914,-78.8803,26
30.2050,-91.9875,9
46.8706,-68.0172,19
38.9408,-77.4636,25
36.6239,-87.4194,23
35.8517,-97.4142,47
33.1803,-96.5903,32
32.3367,-90.2214,9
32.4506,-93.8411,21
44.3394,-105.5419,25
59.5119,-139.6711,21
59.2433,-135.5094,57
45.5464,-100.4078,49
42.1128,-92.9175,53
28.8614,-96.9303,27
32.8342,-115.5786,35
38.5911,-92.1558,18
38.9833,-76.4667,23
37.2958,-81.2078,34
47.4733,-111.3822,26
43.1644,-95.2017,52
41.8833,-91.7167,57
32.8986,-80.0403,18
40.6239,-74.6694,9
38.3306,-96.1897,43
45.6689,-96.9914,77
34.7272,-92.2389,30
36.4731,-82.4044,13
37.2253,-89.5706,20
39.5514,-97.6508,37
39.9181,-76.8742,29
21.1544,-157.0961,43
30.5892,-96.3647,22
41.7872,-111.8533,5
34.5183,-109.3792,15
47.4933,-122.2144,36
34.5583,-98.4172,34
39.4019,-77.9844,25
47.4667,-87.8833,65
38.5069,-121.4950,17
32.6808,-96.8681,31
34.6719,-82.8864,13
45.6308,-89.4653,43
47.9428,-97.1839,65
47.3078,-119.5153,42
28.4567,-99.2183,36
42.9550,-87.9044,47
40.9706,-85.2064,43
33.6228,-111.9106,12
36.2117,-115.1958,53
30.4000,-81.4167,29
41.7636,-96.1778,45
42.7972,-105.3856,29
