31.8611,-97.3750,8
38.5350,-121.7761,48
33.6731,-111.1508,71
28.7156,-97.1742,33
32.8522,-95.8864,0
40.7142,-122.4161,41
35.3886,-106.5439,64
33.7542,-99.1442,53
36.5508,-114.4581,89
33.2564,-81.2422,5
26.8400,-81.0872,61
33.1481,-95.6269,97
34.1419,-80.8700,13
32.2822,-106.7597,76
31.8769,-105.2369,0
38.4931,-122.0047,20
35.8819,-83.9572,0
37.7967,-121.5828,38
34.5822,-119.9817,71
30.0689,-94.2928,13
31.9633,-98.4942,84
35.6414,-106.3322,58
32.8964,-107.3078,76
29.4822,-95.6314,922
25.8175,-80.2858,43
18.2583,-65.9922,20
38.0633,-102.9297,53
40.7264,-122.7947,20
28.4675,-98.2525,36
33.1461,-107.1842,76
36.9969,-119.7072,20
30.8408,-89.5453,0
38.0047,-120.4864,33
31.9497,-91.2336,0
26.5650,-98.1236,33
33.0642,-101.0489,66
33.7092,-93.5564,0
21.3153,-157.9992,51
36.2403,-106.4278,51
30.7053,-104.0233,41
40.6117,-122.5281,15
32.6475,-97.4439,46
43.5492,-71.4647,0
32.7547,-104.3836,53
31.3706,-100.4942,43
32.2683,-101.4858,61
34.9881,-120.3211,79
40.1100,-87.9567,0
31.6164,-94.6431,3
32.2631,-96.6369,20
37.5147,-122.0325,38
35.4072,-104.1906,61
35.7047,-101.5492,86
40.5764,-105.0858,38
34.6603,-82.8236,5
31.0372,-97.5283,41
31.0619,-94.1011,0
30.2003,-92.6642,41
37.1503,-104.5567,38
36.4622,-116.8669,102
28.0372,-97.8725,25
34.1647,-88.7239,0
26.3769,-98.8117,8
26.5581,-99.1372,10
33.4258,-111.9217,69
43.8544,-116.4664,0
30.6836,-97.7172,30
32.8242,-95.5275,5
29.8608,-98.1958,38
38.4917,-122.1242,18
