40.7264,-122.7947,256
43.8544,-116.4664,-178
40.7142,-122.4161,111
33.6731,-111.1508,161
28.4675,-98.2525,150
40.6117,-122.5281,156
34.5822,-119.9817,117
33.7542,-99.1442,106
38.4917,-122.1242,83
33.7092,-93.5564,-178
37.7967,-121.5828,161
34.9881,-120.3211,128
26.8400,-81.0872,217
43.5492,-71.4647,-178
30.2003,-92.6642,150
38.5350,-121.7761,133
35.7047,-101.5492,22
38.4931,-122.0047,117
21.3153,-157.9992,128
32.2822,-106.7597,100
36.5508,-114.4581,128
26.5581,-99.1372,133
25.8175,-80.2858,211
38.0047,-120.4864,117
30.7053,-104.0233,50
