36.3200,-115.7000,273
36.7200,-106.2600,259
43.8000,-114.8500,360
43.7600,-116.1000,16
35.7700,-105.7800,22
36.5100,-106.3200,11
40.3000,-111.2600,305
43.7600,-115.2400,156
39.1900,-120.2600,281
39.3600,-106.0600,350
36.2500,-115.6300,201
39.2900,-117.1100,121
36.8600,-106.2300,19
46.2400,-117.3900,184
44.2100,-110.6700,279
44.7900,-116.0900,181
38.4000,-119.5400,195
35.9200,-106.3900,248
48.7200,-116.4600,299
41.4000,-107.2600,117
36.1900,-105.5600,46
40.8300,-111.7600,101
36.0300,-106.8100,38
36.0700,-105.6300,255
36.9600,-106.6600,165
35.3400,-111.6500,237
36.7900,-105.2400,265
39.4300,-120.3100,228
36.0000,-106.8300,287
40.5300,-106.7800,193
36.3100,-115.6800,163
39.8000,-106.0300,156
36.9900,-105.2600,155
44.3800,-116.3400,180
39.3100,-111.4300,295
35.7800,-105.5400,207
