36.2403,-106.4278,79
44.3253,-96.7686,33
44.7764,-108.7592,38
41.4439,-86.9294,33
39.0172,-92.7558,41
40.3708,-81.7908,25
30.6836,-97.7172,89
33.4594,-104.4042,869
38.5039,-95.7036,81
37.7967,-121.5828,127
40.2458,-111.6508,38
30.7053,-104.0233,61
32.8522,-95.8864,69
31.0619,-94.1011,114
30.3367,-96.5403,97
35.2006,-103.6867,112
36.9969,-119.7072,102
39.3903,-94.5553,56
34.7675,-106.7611,20
64.8569,-147.8611,0
32.8242,-95.5275,76
37.7617,-117.5658,66
35.1867,-102.0797,86
38.0047,-120.4864,114
33.4258,-111.9217,61
35.0489,-97.9158,81
45.7206,-118.6264,94
36.3444,-88.8636,53
38.4917,-122.1242,79
38.4931,-122.0047,89
33.3192,-95.6039,69
33.6897,-101.8219,79
32.9203,-94.7225,84
37.3822,-102.2986,142
29.4608,-101.0286,119
43.0431,-96.9033,36
31.8611,-97.3750,84
33.6731,-111.1508,84
41.9928,-71.1667,18
44.9847,-93.1772,33
39.7506,-92.5064,46
28.4575,-97.7061,74
36.1056,-82.8436,66
33.7092,-93.5564,58
38.4661,-101.7758,152
44.3089,-85.2050,10
38.6450,-95.5661,58
32.7547,-104.3836,89
46.0436,-118.4628,74
41.0267,-86.5867,53
35.1297,-89.8036,66
39.5039,-98.3150,76
40.4750,-86.9919,38
40.5764,-105.0858,48
47.0575,-109.9514,107
27.4272,-80.4053,0
44.6342,-123.1900,69
45.6911,-118.8522,64
38.6078,-97.9597,66
33.6772,-93.9903,30
39.0744,-96.8983,76
34.6603,-82.8236,84
33.9544,-102.7783,89
36.4711,-86.8414,51
40.1550,-103.1417,119
30.8408,-89.5453,0
32.2631,-96.6369,69
32.2822,-106.7597,99
46.7047,-92.5253,2126
34.1419,-80.8700,64
38.9667,-98.4889,43
41.2986,-80.7647,864
29.6211,-96.3661,64
26.8400,-81.0872,48
42.8767,-77.0308,33
39.2494,-106.3714,36
33.7542,-99.1442,86
35.6214,-88.8456,51
36.5928,-106.7300,71
42.9536,-112.8253,76
42.7467,-71.0425,28
45.6750,-111.1550,41
38.7403,-104.3994,84
26.3769,-98.8117,51
45.9228,-108.2444,51
35.4139,-86.8086,58
37.9050,-93.3169,66
42.0208,-93.7742,23
30.2003,-92.6642,43
38.2597,-104.7169,91
46.8706,-68.0172,18
39.8114,-99.9386,86
47.7283,-104.1467,-30
34.3961,-89.7903,64
61.5664,-149.2542,10
30.7189,-97.3211,25
31.0372,-97.5283,74
35.1131,-89.2122,64
42.1397,-87.7853,10
28.4675,-98.2525,84
40.1167,-76.4333,-432
48.7178,-122.5114,15
34.1381,-88.9983,76
39.0936,-106.3514,36
40.0839,-88.2403,46
40.2539,-85.1483,38
35.3886,-106.5439,97
35.1161,-93.6506,53
40.2842,-109.8611,25
36.0147,-85.1314,58
39.3925,-101.0689,104
32.8964,-107.3078,89
42.9592,-120.7897,86
42.4492,-76.4492,33
35.8819,-83.9572,36
39.0422,-108.4664,-84
39.2475,-96.5994,41
31.2022,-93.5725,74
39.6619,-99.1228,119
36.5508,-114.4581,114
28.6575,-96.5553,71
40.6117,-122.5281,64
33.1481,-95.6269,81
38.6644,-94.8900,28
26.5650,-98.1236,74
33.2564,-81.2422,71
26.2656,-97.8714,46
40.7264,-122.7947,69
38.0633,-102.9297,137
32.9506,-97.0553,107
39.0303,-76.9314,56
40.1100,-87.9567,41
31.9633,-98.4942,61
46.6722,-120.4994,38
44.0622,-103.4819,41
45.4825,-120.7236,135
38.8586,-99.3358,102
48.4983,-109.8014,4232
32.4219,-93.6381,61
18.0258,-66.5253,79
32.6475,-97.4439,84
35.7047,-101.5492,61
36.5575,-105.2628,381
31.3625,-85.3397,69
38.7978,-99.7231,191
40.4719,-74.4364,51
40.1739,-101.0611,97
25.8175,-80.2858,109
32.2683,-101.4858,94
31.3706,-100.4942,74
31.8456,-99.5606,76
40.8250,-92.8925,56
37.2792,-86.2492,8
37.5147,-122.0325,64
40.0892,-99.2133,30
39.9000,-98.0256,114
18.2583,-65.9922,41
28.0372,-97.8725,69
37.9931,-100.8122,114
35.6414,-106.3322,38
43.5492,-71.4647,737
41.9342,-88.7756,25
37.6967,-93.7722,48
34.9881,-120.3211,117
30.7931,-94.1819,51
39.1172,-95.4097,66
29.8608,-98.1958,69
40.7131,-79.5144,20
38.5350,-121.7761,84
33.1461,-107.1842,84
35.3872,-76.7764,48
30.5467,-87.8808,66
31.6164,-94.6431,89
34.1981,-101.7461,74
38.9408,-95.3397,66
34.1864,-90.5572,41
33.0353,-96.4861,109
44.8831,-85.6753,0
35.1108,-81.9675,36
38.5200,-89.8467,38
32.9206,-86.6708,20
44.2394,-95.3153,58
34.8847,-99.2964,97
31.8769,-105.2369,0
30.0689,-94.2928,66
36.6897,-108.3086,58
42.1231,-111.3133,10
34.5822,-119.9817,157
28.7156,-97.1742,53
34.8219,-89.4347,61
40.7833,-81.9167,18
35.9328,-88.7267,61
34.5989,-103.2161,89
26.5581,-99.1372,99
37.1503,-104.5567,84
31.9611,-96.6881,89
35.6872,-90.0964,41
41.6661,-111.8914,3
33.0642,-101.0489,89
34.5697,-93.1947,43
37.0683,-88.7725,43
43.4033,-103.2683,69
34.7281,-90.3683,61
35.4072,-104.1906,97
31.6003,-97.2169,124
36.8047,-107.6214,0
40.2233,-86.1086,36
40.7142,-122.4161,89
36.4622,-116.8669,137
