40.1100,-87.9567,189
41.1453,-85.4897,167
33.8083,-79.8567,322
47.0575,-109.9514,239
33.2564,-81.2422,267
34.1944,-79.2472,294
41.8161,-80.4250,189
40.4750,-86.9919,183
32.7547,-104.3836,256
34.2183,-81.0731,294
42.7831,-71.4147,256
37.1317,-86.1481,233
37.8194,-85.3847,261
42.1397,-87.7853,222
28.4575,-97.7061,322
33.8103,-91.2778,250
64.1539,-145.8894,106
44.4933,-68.4583,228
40.4719,-74.4364,233
62.1925,-150.5033,156
37.0683,-88.7725,239
46.8706,-68.0172,228
38.4558,-86.6983,211
40.2233,-86.1086,239
44.9847,-93.1772,217
34.4719,-81.8839,267
35.6214,-88.8456,267
32.3500,-94.6500,317
37.9311,-98.0297,239
40.0739,-87.5067,267
39.4833,-83.8500,211
42.2947,-83.7108,189
34.7289,-80.0389,300
37.1244,-87.8672,250
38.4661,-101.7758,256
39.4708,-87.4081,261
27.7792,-97.5056,289
38.7003,-82.4736,278
39.4700,-80.8572,228
38.7386,-87.4878,272
28.7156,-97.1742,267
41.0267,-86.5867,211
34.1419,-80.8700,278
35.6042,-91.2744,256
45.0853,-67.1203,239
38.5200,-89.8467,222
34.6603,-82.8236,300
38.8894,-86.5519,200
42.3806,-96.9575,222
32.2822,-106.7597,372
41.4439,-86.9294,194
40.7928,-87.7556,194
33.7775,-81.8467,272
40.9361,-90.7197,222
32.5133,-92.3486,294
44.8831,-85.6753,172
40.2539,-85.1483,244
32.9206,-86.6708,272
46.3414,-86.9242,178
38.3139,-81.7186,222
36.7578,-90.4056,239
40.8142,-85.1547,178
37.9931,-100.8122,250
37.1167,-84.6167,233
36.5914,-101.6181,322
20.7583,-156.3211,233
