37.4389,-105.8614,1
37.2253,-89.5706,1
46.7994,-102.7972,1
47.2856,-68.3133,1
41.5272,-85.7922,1
44.3592,-89.8369,1
42.2667,-84.4667,1
44.5344,-72.6144,1
34.0500,-94.4008,1
38.3650,-82.5550,1
41.3375,-84.4289,1
39.9444,-81.8922,1
41.4333,-99.6333,1
41.8678,-84.0794,1
42.3075,-85.2511,1
46.8706,-68.0172,1
43.8789,-91.2528,1
39.1333,-86.6167,1
57.1553,-170.2222,1
40.1764,-80.6472,1
44.4983,-88.1111,1
27.6531,-80.2428,1
46.1236,-67.7928,1
43.1561,-90.6775,1
45.8678,-95.3942,1
41.7072,-86.3164,1
41.7803,-124.2367,1
36.2667,-93.1567,1
41.2731,-111.0306,1
45.6308,-89.4653,1
37.7836,-81.1231,1
38.8500,-94.7392,1
37.7797,-89.2497,1
42.2347,-85.5519,1
44.8664,-91.4878,1
