47.6217,-117.5281,1
33.6883,-112.0817,1
36.5881,-121.8453,1
41.8056,-107.1997,1
29.1828,-81.0483,1
41.4333,-99.6333,1
42.9550,-87.9044,1
48.0944,-105.5744,1
43.2389,-123.3547,1
34.6517,-112.4208,1
41.5272,-85.7922,1
48.6033,-112.3753,1
39.2231,-106.8683,1
39.4781,-88.2803,1
40.1667,-103.2167,1
31.4583,-109.6061,1
36.6636,-121.6081,1
47.0492,-109.4578,1
38.5039,-122.8103,1
42.3811,-122.8722,1
43.0661,-108.4767,1
42.8375,-103.0953,1
39.8344,-88.8656,1
35.1442,-111.6664,1
43.9658,-107.9508,1
36.9261,-111.4478,1
39.5781,-85.8033,1
41.7803,-124.2367,1
33.2194,-117.3494,1
37.2847,-120.5128,1
33.3633,-84.5658,1
43.0206,-102.5183,1
44.7978,-68.8186,1
33.1281,-117.2794,1
46.2667,-119.1167,1
46.4267,-105.8825,1
33.9228,-118.3342,1
47.2078,-119.3192,1
38.0700,-102.6881,1
18.4325,-66.0108,1
45.9647,-112.5006,1
37.6542,-122.1150,1
40.6675,-89.6839,1
36.7800,-119.7194,1
44.5169,-108.0822,1
44.3814,-106.7211,1
33.9753,-117.6361,1
26.1522,-81.7753,1
38.5911,-92.1558,1
46.6056,-111.9636,1
47.9742,-117.4283,1
44.2558,-121.1392,1
37.8892,-121.2258,1
33.9381,-118.3889,1
32.7336,-117.1831,1
46.7439,-117.1086,1
47.4569,-115.6450,1
47.4733,-111.3822,1
31.3558,-85.7511,1
35.5342,-97.6469,1
32.8192,-97.3614,1
32.5722,-116.9794,1
37.3711,-118.3581,1
41.9950,-87.9336,1
43.5164,-112.0672,1
45.8069,-108.5422,1
41.7806,-122.4717,1
25.9069,-80.2803,1
43.8339,-111.8045,1
32.6808,-96.8681,1
34.8994,-120.4486,1
45.2575,-112.5545,1
34.2167,-119.0833,1
37.3169,-79.9742,1
39.4519,-87.3089,1
48.3042,-114.2636,1
38.0442,-87.5206,1
46.0947,-118.2869,1
36.9878,-120.1106,1
40.9781,-124.1086,1
44.5228,-114.2150,1
28.8614,-96.9303,1
45.6983,-110.4408,1
46.9208,-114.0925,1
44.8428,-117.8086,1
27.6531,-80.2428,1
48.4608,-119.5167,1
33.4825,-90.9853,1
32.5156,-92.0406,1
47.3078,-119.5153,1
47.6831,-117.3214,1
32.8667,-117.1333,1
42.8975,-106.4636,1
39.6728,-75.6008,1
42.1469,-121.7242,1
42.8153,-108.7261,1
34.9894,-99.0525,1
46.5683,-120.5428,1
33.9706,-80.9958,1
29.6222,-95.6564,1
37.6197,-122.3647,1
45.7881,-111.1608,1
35.0678,-77.0481,1
48.5428,-109.7633,1
