18.1747,-66.7978,69
40.7264,-122.7947,41
38.8586,-99.3358,38
28.0372,-97.8725,43
43.8544,-116.4664,0
36.9969,-119.7072,48
37.1503,-104.5567,58
37.2792,-86.2492,43
40.7142,-122.4161,64
36.4711,-86.8414,46
35.9328,-88.7267,46
26.3769,-98.8117,10
33.6731,-111.1508,81
40.1100,-87.9567,46
47.0575,-109.9514,58
33.2564,-81.2422,71
33.9544,-102.7783,69
44.6342,-123.1900,36
28.4675,-98.2525,66
36.1056,-82.8436,20
40.4750,-86.9919,66
42.9592,-120.7897,51
32.7547,-104.3836,86
39.0303,-76.9314,8
40.6117,-122.5281,0
31.6164,-94.6431,20
34.1864,-90.5572,15
34.5822,-119.9817,66
40.1739,-101.0611,56
34.7675,-106.7611,66
45.7206,-118.6264,51
40.5764,-105.0858,43
36.4622,-116.8669,99
28.4575,-97.7061,64
34.5697,-93.1947,58
30.8408,-89.5453,0
39.0172,-92.7558,69
35.1867,-102.0797,69
37.5147,-122.0325,56
32.8964,-107.3078,91
33.7542,-99.1442,61
35.1131,-89.2122,36
34.7281,-90.3683,56
38.4917,-122.1242,36
38.5039,-95.7036,61
37.0683,-88.7725,43
30.5467,-87.8808,53
33.7092,-93.5564,51
45.9228,-108.2444,74
42.0208,-93.7742,56
35.1297,-89.8036,46
39.2475,-96.5994,58
30.0689,-94.2928,18
18.0331,-67.0722,53
40.1550,-103.1417,64
18.2583,-65.9922,81
35.6214,-88.8456,107
35.8819,-83.9572,43
38.4661,-101.7758,79
35.3886,-106.5439,81
37.7967,-121.5828,86
31.8611,-97.3750,86
36.2403,-106.4278,66
35.7197,-86.9653,0
34.6033,-104.3811,71
34.9881,-120.3211,64
31.0372,-97.5283,38
31.3706,-100.4942,76
26.8400,-81.0872,69
41.9342,-88.7756,43
28.7156,-97.1742,18
34.1419,-80.8700,38
40.0892,-99.2133,46
35.4139,-86.8086,43
33.4258,-111.9217,38
35.6414,-106.3322,66
38.9408,-95.3397,71
31.0619,-94.1011,28
35.1108,-81.9675,53
32.8242,-95.5275,30
43.5492,-71.4647,0
36.0147,-85.1314,20
34.8847,-99.2964,46
48.4983,-109.8014,7231
44.1183,-121.2103,58
35.6872,-90.0964,66
30.2003,-92.6642,33
38.5350,-121.7761,58
46.6722,-120.4994,41
34.6603,-82.8236,30
36.5928,-106.7300,58
38.4931,-122.0047,69
38.0633,-102.9297,66
34.1981,-101.7461,86
35.4072,-104.1906,51
32.8522,-95.8864,43
34.3961,-89.7903,51
35.1161,-93.6506,0
32.2822,-106.7597,74
34.5989,-103.2161,51
35.2006,-103.6867,15
33.0642,-101.0489,76
33.1481,-95.6269,43
34.1647,-88.7239,0
36.5508,-114.4581,84
33.1461,-107.1842,107
31.9611,-96.6881,51
38.2597,-104.7169,79
39.3925,-101.0689,64
29.4608,-101.0286,53
31.9633,-98.4942,23
40.2539,-85.1483,53
26.5581,-99.1372,74
30.7189,-97.3211,28
35.0489,-97.9158,51
32.9506,-97.0553,41
25.8175,-80.2858,71
34.0828,-106.8831,1242
38.0047,-120.4864,89
30.7053,-104.0233,46
36.6897,-108.3086,41
32.4219,-93.6381,38
37.9931,-100.8122,76
29.6211,-96.3661,18
30.6836,-97.7172,0
32.6475,-97.4439,33
33.3192,-95.6039,33
34.1381,-88.9983,30
45.4825,-120.7236,71
32.2683,-101.4858,86
32.9203,-94.7225,147
