34.0828,-106.8831,261
38.8586,-99.3358,189
29.4608,-101.0286,289
38.4661,-101.7758,178
36.4711,-86.8414,222
42.9592,-120.7897,189
41.9342,-88.7756,178
30.7053,-104.0233,206
43.8544,-116.4664,-178
36.0147,-85.1314,200
38.4917,-122.1242,222
35.7197,-86.9653,-178
34.5822,-119.9817,233
44.1183,-121.2103,144
37.0683,-88.7725,267
34.7675,-106.7611,267
40.6117,-122.5281,-178
37.7967,-121.5828,289
32.2822,-106.7597,267
38.0047,-120.4864,256
36.4622,-116.8669,311
40.7142,-122.4161,244
43.5492,-71.4647,-178
40.1739,-101.0611,217
35.6214,-88.8456,294
25.8175,-80.2858,361
34.9881,-120.3211,272
28.4675,-98.2525,278
48.4983,-109.8014,178
34.5989,-103.2161,211
36.5508,-114.4581,244
40.4750,-86.9919,189
40.2539,-85.1483,206
33.7092,-93.5564,222
26.8400,-81.0872,328
26.5581,-99.1372,217
35.0489,-97.9158,261
38.5350,-121.7761,272
39.3925,-101.0689,194
30.2003,-92.6642,294
33.6731,-111.1508,300
35.2006,-103.6867,228
45.9228,-108.2444,200
38.4931,-122.0047,283
35.4139,-86.8086,239
33.7542,-99.1442,256
35.4072,-104.1906,150
46.6722,-120.4994,161
39.0303,-76.9314,133
47.0575,-109.9514,161
