32.5667,-117.1167,1436
30.0494,-90.0289,251
43.9906,-70.9475,1713
45.6194,-121.1661,1408
34.2008,-119.2069,1440
64.7767,-141.1483,1614
35.0169,-80.6206,1006
38.3000,-76.4167,1209
41.3461,-82.1794,110
37.7461,-97.2211,1236
34.9883,-117.8647,1659
39.7333,-77.4333,1459
41.6764,-70.9583,1053
42.2333,-83.5333,1257
36.7414,-104.5022,1348
41.2531,-70.0608,1311
31.3558,-85.7511,1341
37.3278,-95.5042,1152
41.6264,-80.2150,1138
60.1283,-149.4167,2339
61.2169,-149.8550,1809
64.5500,-149.0717,649
36.9839,-77.0075,1718
40.0681,-118.5692,2051
38.8761,-98.8092,2353
41.0089,-74.7367,1420
26.5361,-81.7550,1632
64.3267,-158.7417,2106
41.9097,-70.7294,921
42.6958,-73.1708,733
42.6425,-77.0564,1004
41.6686,-70.2800,1055
59.7494,-154.9089,1654
37.0911,-95.5664,1154
39.9369,-91.1919,1633
41.4525,-87.0058,1116
40.8764,-74.2831,901
42.5519,-71.7558,729
32.5428,-93.7450,1246
41.2639,-72.8872,817
62.3200,-150.0950,1654
47.5303,-122.3008,1440
42.1094,-77.9919,1246
34.9869,-81.0575,935
40.8436,-72.6322,1032
41.0731,-71.9233,1020
36.3333,-119.9500,1613
33.4050,-118.4158,1313
40.8217,-72.8689,1013
42.4092,-83.0100,1440
35.6169,-106.0889,1538
41.5631,-83.4764,1321
30.7797,-86.5225,1031
38.6956,-121.5897,1609
27.9106,-82.6875,1447
40.1203,-76.2944,730
32.7667,-97.4500,1251
38.4167,-113.0167,1418
46.4167,-86.6500,2325
47.9078,-122.2803,1254
45.8183,-88.1144,1506
66.9161,-151.5089,151
41.5333,-71.2833,2022
28.4736,-82.4544,1539
17.7028,-64.8056,805
48.5222,-123.0231,1420
40.6161,-83.0636,17
42.4167,-87.8667,1336
70.6392,-159.9950,1311
31.9514,-85.1289,933
35.9333,-79.0642,1231
18.3331,-64.9667,1318
41.8678,-84.0794,1309
44.3675,-71.5450,807
46.0261,-91.4442,1401
41.5175,-81.6836,330
24.5833,-81.6833,1541
41.5092,-74.2650,1257
36.8167,-76.0333,1356
18.2550,-65.6408,1718
31.4156,-87.0442,1124
40.2383,-75.5572,748
35.5144,-108.7939,1110
48.1203,-123.4983,1333
38.8983,-119.9947,1207
32.8167,-115.6833,2142
28.0622,-81.7542,1821
39.7556,-82.6572,43
30.4000,-81.4167,1441
18.4325,-66.0108,1249
31.6072,-110.4281,1943
63.9944,-145.7214,1133
46.5486,-90.9189,1645
55.5800,-133.0750,1753
47.4933,-122.2144,1356
35.1822,-103.6031,1435
59.4556,-135.3239,2237
37.7064,-112.1456,1612
60.7850,-148.8389,1950
47.2675,-122.5761,1556
35.8550,-77.8931,327
35.0028,-105.6628,1410
39.9181,-76.8742,1021
67.7317,-164.5483,309
30.6264,-88.0681,1035
38.3083,-75.1239,1019
30.5069,-86.9597,1040
37.1319,-76.4930,1542
41.7361,-72.6506,1158
22.0333,-159.7833,1425
39.5936,-84.2264,9
41.2003,-74.6231,846
39.1033,-84.4189,39
30.7044,-87.0231,750
37.7081,-77.4344,1229
39.4900,-121.6183,1201
34.9000,-76.8833,640
42.8050,-72.0036,1212
41.3931,-70.6150,1151
39.3667,-75.0667,1004
31.3928,-92.2956,1414
41.5097,-72.8278,1134
32.4833,-80.7167,1915
41.6875,-69.9933,1228
34.7000,-77.3833,711
7.3333,134.4833,1634
35.9403,-89.8308,544
46.1442,-115.5964,1150
70.1917,-148.4772,2356
43.2781,-70.9222,1335
59.4433,-151.7017,626
30.3433,-89.8222,859
40.6239,-74.6694,1010
55.3567,-131.7117,1222
59.2433,-135.5094,2034
41.0375,-81.4642,119
39.3644,-84.5247,10
47.0339,-120.5303,1330
45.8258,-119.2611,1609
47.4667,-87.8833,1405
36.7436,-108.2292,1455
40.8500,-74.0614,744
38.5000,-77.3000,1204
36.6950,-76.1356,312
31.1500,-92.9667,1211
41.7781,-80.6958,1228
41.7419,-72.1836,1111
56.6000,-169.5650,211
38.7667,-104.3000,1707
42.6003,-123.3642,107
48.7167,-94.6000,2038
47.3864,-92.8389,1623
42.2228,-83.7444,1401
39.2775,-120.7103,1357
43.9636,-69.7117,1555
35.1350,-90.2344,1521
34.2097,-118.4892,1311
43.6264,-72.3047,1010
34.6719,-82.8864,1325
41.3714,-73.4828,805
58.3567,-134.5639,1403
41.9144,-88.2464,1200
41.8756,-71.0211,1124
46.4047,-94.1308,2256
61.1689,-150.0278,2356
47.7472,-90.3444,1059
42.6650,-83.4181,47
29.5622,-91.5256,1316
47.1686,-88.4889,1240
40.0819,-75.0111,825
43.3497,-76.3847,836
40.8731,-81.8867,45
31.3500,-85.6667,1339
39.4203,-83.8217,22
34.7917,-79.3661,849
7.4500,151.8333,2104
34.8461,-82.3461,753
44.5761,-71.1786,817
40.1606,-113.3508,2352
43.1644,-95.2017,1339
6.9667,158.2167,902
62.9614,-141.9292,1535
57.0481,-135.3647,2327
42.9333,-71.4383,1309
39.9492,-74.8417,747
42.5700,-72.2911,1313
60.4889,-145.4511,1443
45.4622,-69.5953,1329
42.4933,-79.2722,1443
40.0781,-83.0781,118
62.1592,-145.4589,1526
30.3503,-81.8831,1155
60.5797,-151.2392,2043
39.4167,-118.7167,2318
42.4700,-71.2894,909
35.6875,-117.6931,1706
42.1208,-87.9047,1225
38.9833,-76.4667,1429
47.4569,-115.6450,1133
41.7700,-88.4814,1059
38.9503,-95.6639,1402
36.9500,-76.2833,1516
31.5883,-110.3442,1919
40.7342,-73.4169,1057
40.8206,-76.8642,858
29.3331,-89.4075,847
42.1594,-76.8919,627
42.7172,-71.1239,759
40.0228,-82.4625,22
42.1908,-71.1736,927
66.0689,-162.7639,452
41.3275,-72.0494,1105
41.0669,-73.7075,912
41.7872,-111.8533,1555
47.2381,-123.1408,1119
61.5961,-149.0917,1622
38.0653,-97.8606,1702
41.0467,-78.4117,220
42.5708,-77.7133,1434
61.1781,-149.9664,19
32.7000,-117.2000,1358
42.1578,-72.7161,910
40.3547,-79.9217,216
35.1967,-81.1558,841
27.5000,-97.8167,1744
30.7167,-87.0167,1043
41.1961,-112.0114,2152
40.3300,-75.1225,935
30.2333,-81.6667,1150
41.3497,-71.7989,1049
41.7861,-87.7522,1218
40.2172,-76.8514,936
27.6833,-97.2833,1149
42.5842,-70.9175,1244
44.0219,-82.7931,27
48.3500,-122.6667,1400
9.4833,138.0833,1207
70.2117,-151.0017,917
30.4000,-86.4717,1518
32.8667,-117.1333,1401
43.2339,-75.4117,101
39.6092,-110.7547,1601
30.4636,-88.5319,629
39.2956,-80.2289,1328
35.6542,-105.1419,1609
46.9006,-95.0678,1733
36.1336,-80.2222,803
43.1072,-78.9453,125
38.1417,-76.4292,1103
34.2486,-82.1592,908
59.6419,-151.4908,1137
41.0136,-83.6686,1425
36.0467,-79.4769,1120
