40.5764,-105.0858,161
39.4206,-79.0050,270
46.2314,-112.1136,33
47.2753,-88.4169,300
47.0111,-109.2261,315
30.5347,-94.4456,360
39.7750,-105.1169,170
40.9656,-105.2186,180
44.4933,-68.4583,270
39.7194,-76.8028,360
45.6656,-97.0392,180
35.1375,-77.9892,46
34.6242,-106.3103,275
39.0733,-93.7075,225
40.6558,-97.2208,290
48.9981,-110.2158,274
41.7392,-77.9711,270
39.1439,-103.4897,160
34.2183,-116.4072,240
39.6442,-74.8072,20
40.1100,-87.9567,270
61.2967,-149.4400,180
48.0750,-111.2597,225
47.0083,-88.4317,0
40.8600,-102.8031,90
41.8161,-80.4250,270
45.4525,-99.3358,50
34.1206,-115.8500,135
