18.1747,-66.7978,39
40.7264,-122.7947,37
38.8586,-99.3358,146
43.8544,-116.4664,0
36.9969,-119.7072,61
40.7142,-122.4161,109
36.4711,-86.8414,87
36.1056,-82.8436,8
42.9592,-120.7897,185
39.0303,-76.9314,76
40.6117,-122.5281,0
31.6164,-94.6431,45
34.1864,-90.5572,82
43.8083,-111.7892,343
34.5822,-119.9817,56
40.1739,-101.0611,130
31.8769,-105.2369,80
45.7206,-118.6264,127
40.5764,-105.0858,34
36.4622,-116.8669,148
34.5697,-93.1947,47
30.8408,-89.5453,2
39.0172,-92.7558,16
37.5147,-122.0325,143
32.8964,-107.3078,137
35.1131,-89.2122,37
34.7281,-90.3683,48
38.4917,-122.1242,35
47.7283,-104.1467,97
33.7092,-93.5564,0
45.9228,-108.2444,89
35.1297,-89.8036,39
39.2475,-96.5994,51
30.0689,-94.2928,192
18.0331,-67.0722,95
40.1550,-103.1417,154
18.2583,-65.9922,8
35.6214,-88.8456,84
35.8819,-83.9572,48
38.4661,-101.7758,227
35.7197,-86.9653,0
34.6033,-104.3811,164
34.9881,-120.3211,111
31.3706,-100.4942,182
26.8400,-81.0872,106
41.9342,-88.7756,124
42.1231,-111.3133,82
37.3822,-102.2986,306
40.0892,-99.2133,79
35.4139,-86.8086,79
37.7617,-117.5658,113
32.8242,-95.5275,77
43.5492,-71.4647,103
36.0147,-85.1314,80
44.1183,-121.2103,137
35.6872,-90.0964,84
30.2003,-92.6642,92
39.9614,-86.0586,35
46.6722,-120.4994,122
38.4931,-122.0047,93
42.3806,-96.9575,18
32.8522,-95.8864,74
32.2822,-106.7597,79
34.5989,-103.2161,261
35.2006,-103.6867,150
33.0642,-101.0489,154
33.1481,-95.6269,0
34.1647,-88.7239,90
36.5508,-114.4581,29
33.1461,-107.1842,161
39.3925,-101.0689,237
44.8831,-85.6753,253
40.2539,-85.1483,235
26.5581,-99.1372,48
35.0489,-97.9158,53
25.8175,-80.2858,89
34.0828,-106.8831,51
44.3089,-85.2050,177
38.0047,-120.4864,47
30.7053,-104.0233,68
36.6897,-108.3086,42
32.4219,-93.6381,66
37.9931,-100.8122,264
29.6211,-96.3661,179
34.1381,-88.9983,39
45.4825,-120.7236,307
32.9203,-94.7225,68
