45.8981,-86.5483,139
46.2314,-112.1136,148
39.4206,-79.0050,192
47.2753,-88.4169,54
40.1100,-87.9567,174
35.5953,-82.5567,98
30.5347,-94.4456,36
41.8161,-80.4250,156
37.1317,-86.1481,67
39.8814,-77.3506,116
39.7750,-105.1169,76
40.5764,-105.0858,67
39.7194,-76.8028,152
45.6656,-97.0392,219
44.4933,-68.4583,156
34.6242,-106.3103,112
38.5039,-95.7036,76
35.1375,-77.9892,94
34.2183,-116.4072,98
34.1206,-115.8500,94
45.4525,-99.3358,67
42.3997,-89.9903,116
61.5889,-149.0992,22
47.0083,-88.4317,89
41.7392,-77.9711,148
39.0733,-93.7075,148
47.8306,-110.6608,63
39.3903,-94.5553,130
40.9656,-105.2186,112
61.2967,-149.4400,58
39.1439,-103.4897,130
61.1025,-149.7169,67
40.8600,-102.8031,116
48.0750,-111.2597,40
48.9981,-110.2158,201
40.6558,-97.2208,121
48.4628,-108.7792,0
45.0961,-112.0856,148
34.7994,-109.8850,130
47.0111,-109.2261,45
41.2847,-105.5319,94
