43.8544,-116.4664,328
43.9794,-117.0247,228
40.1100,-87.9567,228
41.1453,-85.4897,217
33.8083,-79.8567,356
47.0575,-109.9514,217
33.2564,-81.2422,272
34.1944,-79.2472,317
41.8161,-80.4250,217
40.4750,-86.9919,217
32.7547,-104.3836,261
34.2183,-81.0731,306
42.7831,-71.4147,256
37.1317,-86.1481,272
37.8194,-85.3847,294
42.1397,-87.7853,256
28.4575,-97.7061,356
33.8103,-91.2778,272
64.1539,-145.8894,172
44.4933,-68.4583,211
40.4719,-74.4364,239
62.1925,-150.5033,189
37.0683,-88.7725,272
46.8706,-68.0172,211
38.4558,-86.6983,261
40.2233,-86.1086,272
44.9847,-93.1772,267
34.4719,-81.8839,278
35.6214,-88.8456,294
32.3500,-94.6500,367
37.9311,-98.0297,278
40.0739,-87.5067,272
39.4833,-83.8500,267
42.2947,-83.7108,228
34.7289,-80.0389,311
37.1244,-87.8672,256
38.4661,-101.7758,289
27.7792,-97.5056,294
38.7003,-82.4736,294
39.4700,-80.8572,272
38.7386,-87.4878,306
28.7156,-97.1742,283
41.0267,-86.5867,272
34.1419,-80.8700,300
35.6042,-91.2744,283
45.0853,-67.1203,222
38.5200,-89.8467,267
34.6603,-82.8236,317
38.8894,-86.5519,244
64.9156,-148.2711,89
42.3806,-96.9575,272
32.2822,-106.7597,383
41.4439,-86.9294,283
40.7928,-87.7556,228
47.6811,-117.6267,194
33.7775,-81.8467,333
40.9361,-90.7197,272
36.1306,-80.5481,-178
32.5133,-92.3486,339
44.8831,-85.6753,294
40.2539,-85.1483,294
32.9206,-86.6708,306
46.3414,-86.9242,239
38.3139,-81.7186,239
36.7578,-90.4056,278
28.8608,-97.0181,333
40.8142,-85.1547,228
37.9931,-100.8122,283
37.1167,-84.6167,244
44.5208,-101.6192,211
36.5914,-101.6181,367
20.7583,-156.3211,267
