40.2342,-85.3936,1
42.9453,-72.2369,1
34.2622,-88.7714,1
34.2675,-77.8997,1
37.0875,-82.9925,1
35.2372,-120.6414,1
28.8208,-81.8097,1
64.7767,-141.1483,1
34.8492,-89.1597,1
41.6117,-90.5808,1
27.4981,-80.3767,1
40.4122,-86.9369,1
38.9286,-90.4281,1
37.2008,-80.5864,1
40.9781,-124.1086,1
46.7994,-102.7972,1
33.0375,-116.9158,1
44.5647,-91.6719,1
34.0678,-86.7911,1
32.5722,-116.9794,1
36.0097,-94.1694,1
42.5950,-87.9381,1
47.2856,-68.3133,1
44.4683,-73.1500,1
41.8833,-91.7167,1
36.0394,-95.9844,1
38.4503,-83.7355,1
29.7333,-85.0333,1
37.8617,-83.9228,1
31.3214,-85.4497,1
38.3794,-81.5900,1
40.6142,-79.7192,1
36.5408,-85.4597,1
41.5272,-85.7922,1
40.1100,-87.9567,1
26.2500,-80.1083,1
35.5953,-82.5567,1
35.5836,-92.4511,1
30.0675,-95.5561,1
44.3394,-105.5419,1
37.5339,-83.3492,1
41.8975,-77.1419,1
30.5347,-94.4456,1
30.5892,-96.3647,1
40.4586,-79.4503,1
44.5344,-72.6144,1
37.6183,-79.4358,1
41.3044,-95.3844,1
40.0803,-95.5919,1
27.7839,-97.5108,1
36.0717,-91.6169,1
42.7431,-73.8092,1
42.9389,-72.3247,1
44.3853,-74.2067,1
34.0500,-94.4008,1
38.3650,-82.5550,1
35.8444,-92.0978,1
39.4519,-87.3089,1
43.2278,-110.4358,1
30.0375,-91.8839,1
37.0856,-87.4986,1
42.9667,-83.7494,1
36.0969,-79.9433,1
33.8117,-78.7239,1
33.1783,-86.7817,1
37.2472,-83.1817,1
37.5983,-101.2908,1
41.6328,-91.5431,1
36.4947,-91.5350,1
33.2119,-87.6161,1
46.1569,-123.8825,1
41.3375,-84.4289,1
39.9444,-81.8922,1
39.2292,-106.3169,1
44.5483,-95.0803,1
33.8750,-84.3022,1
39.7994,-79.3664,1
42.5544,-92.4011,1
36.1189,-86.6892,1
37.7433,-77.0400,1
36.6239,-87.4194,1
46.0081,-114.8442,1
44.2667,-71.2994,1
35.5931,-88.9167,1
41.1922,-79.4361,1
47.4444,-122.3139,1
39.3450,-81.4392,1
32.3500,-91.0278,1
42.7461,-86.0967,1
42.1128,-92.9175,1
30.4781,-87.1869,1
29.1097,-95.4619,1
43.4075,-94.7461,1
30.6794,-88.2397,1
47.4647,-99.3983,1
38.7642,-87.6056,1
40.2064,-100.5914,1
35.8922,-78.7819,1
36.0167,-102.5500,1
42.0494,-90.7489,1
38.8853,-79.8528,1
39.4019,-77.9844,1
44.4933,-68.4583,1
29.1828,-81.0483,1
37.2958,-81.2078,1
26.9172,-81.9914,1
31.9514,-85.1289,1
41.1078,-92.4467,1
47.9375,-124.5550,1
36.2769,-93.8214,1
28.8614,-96.9303,1
45.5433,-94.0514,1
40.4719,-81.4236,1
34.6344,-88.5622,1
39.3933,-81.2192,1
34.1853,-79.7239,1
36.7683,-96.0261,1
41.1389,-75.3794,1
33.9706,-80.9958,1
34.2167,-119.0833,1
37.0683,-88.7725,1
37.1025,-82.8047,1
35.2236,-80.9553,1
26.1522,-81.7753,1
34.2183,-116.4072,1
38.6572,-90.6558,1
39.3756,-99.8297,1
35.8325,-83.1164,1
30.4000,-81.4167,1
35.2578,-93.0947,1
34.6439,-86.7861,1
55.5800,-133.0750,1
46.8706,-68.0172,1
36.9028,-82.0383,1
39.0461,-78.9664,1
42.3108,-78.0231,1
39.4781,-88.2803,1
43.3500,-73.6167,1
44.9047,-97.1494,1
35.2203,-84.7981,1
31.8606,-86.0122,1
43.8789,-91.2528,1
13.4836,144.7961,1
39.1333,-86.6167,1
40.7833,-91.1253,1
39.6428,-79.9164,1
30.3975,-84.3289,1
46.0139,-102.6547,1
36.8136,-85.7081,1
42.8914,-73.2469,1
38.0442,-87.5206,1
19.7192,-155.0531,1
34.2719,-83.8303,1
36.5764,-92.6767,1
39.8344,-88.8656,1
42.2706,-71.8731,1
42.1928,-89.0931,1
41.1311,-77.4336,1
37.0683,-88.7719,1
33.4964,-90.0867,1
40.0739,-87.5067,1
37.1467,-94.5022,1
57.1553,-170.2222,1
40.6675,-89.6839,1
46.8369,-92.2097,1
40.1764,-80.6472,1
37.7081,-77.4344,1
47.0083,-88.4317,1
39.8544,-84.8778,1
31.5358,-82.5067,1
34.9000,-76.8833,1
42.4194,-94.9761,1
35.0564,-89.9864,1
35.3331,-94.3625,1
70.3289,-149.6114,1
44.1472,-71.9656,1
39.7833,-79.9167,1
44.4983,-88.1111,1
36.6636,-121.6081,1
55.0389,-131.5786,1
29.9506,-94.0206,1
41.1758,-91.8183,1
42.1608,-71.2461,1
27.6531,-80.2428,1
40.7747,-91.1164,1
43.1544,-93.3269,1
38.1386,-78.4530,1
26.2281,-97.6542,1
33.8117,-118.1464,1
34.4978,-82.7097,1
39.0483,-79.4406,1
30.3489,-85.7881,1
37.2039,-80.4144,1
45.3036,-97.0625,1
42.9967,-72.3128,1
38.3833,-81.8344,1
39.4700,-80.8572,1
38.7386,-87.4878,1
55.3567,-131.7117,1
38.4844,-93.2556,1
48.7939,-122.5372,1
15.1167,145.7167,1
40.8097,-124.1603,1
41.6236,-98.9517,1
46.1236,-67.7928,1
44.4911,-71.5725,1
36.7458,-84.1753,1
35.9886,-92.7161,1
37.6703,-95.4842,1
35.9508,-85.0814,1
45.6478,-68.6925,1
34.7336,-76.6606,1
32.6064,-80.3267,1
28.5453,-81.3331,1
43.1561,-90.6775,1
26.5850,-81.8614,1
38.4947,-83.0183,1
41.9922,-93.6217,1
35.7425,-81.3819,1
34.9817,-92.0064,1
34.8994,-120.4486,1
58.4111,-135.7089,1
42.0736,-78.4517,1
45.8678,-95.3942,1
41.9856,-97.4353,1
35.4319,-82.5375,1
39.0083,-95.2117,1
44.6500,-73.4667,1
55.2208,-162.7325,1
33.4617,-80.8581,1
44.8831,-93.2289,1
47.9428,-97.1839,1
38.8317,-94.8897,1
32.5161,-84.9422,1
39.6667,-80.8667,1
36.9647,-86.4239,1
29.6919,-82.2756,1
26.1658,-97.3458,1
35.8311,-90.6464,1
42.3978,-90.7036,1
37.0947,-81.7936,1
27.4014,-82.5586,1
44.8322,-93.4706,1
36.2833,-94.3000,1
33.5872,-85.8556,1
35.5453,-82.6986,1
30.4844,-81.7019,1
43.2119,-90.1814,1
48.5614,-93.3981,1
35.7636,-86.9322,1
26.1969,-80.1708,1
58.3183,-134.1003,1
36.0236,-84.2375,1
30.7825,-83.2767,1
27.7628,-82.6261,1
37.7889,-80.3083,1
38.0583,-83.9333,1
41.7803,-124.2367,1
36.4650,-83.5603,1
36.2469,-86.5631,1
35.2244,-85.8417,1
31.2361,-94.7544,1
36.3783,-79.2544,1
66.8667,-162.6333,1
36.2667,-93.1567,1
32.3347,-88.7442,1
34.2833,-86.9142,1
38.2103,-122.2847,1
33.9753,-117.6361,1
44.4200,-72.0194,1
41.9903,-77.1567,1
33.3633,-84.5658,1
35.8100,-80.8808,1
38.8844,-82.9956,1
40.6831,-79.6683,1
40.0972,-92.5433,1
42.2794,-72.3483,1
25.9156,-97.4186,1
27.9619,-82.5403,1
36.0336,-90.4978,1
38.8050,-83.4356,1
41.4653,-90.5233,1
36.7725,-90.3247,1
59.5119,-139.6711,1
39.7736,-94.9233,1
45.0619,-93.3508,1
36.8781,-91.9025,1
31.5356,-84.1944,1
39.5092,-123.7567,1
43.9042,-92.4917,1
44.2033,-72.5794,1
45.6308,-89.4653,1
40.1478,-80.7014,1
35.1842,-87.0422,1
42.4272,-73.2892,1
34.6525,-86.9453,1
44.9319,-93.0556,1
37.8725,-82.5194,1
40.8592,-99.9789,1
36.3211,-87.2217,1
64.5111,-165.4400,1
30.3361,-81.5147,1
37.7836,-81.1231,1
28.1011,-80.6439,1
27.7411,-98.0247,1
38.8500,-94.7392,1
30.4119,-89.0808,1
43.3436,-72.5178,1
36.4731,-82.4044,1
40.2964,-78.3203,1
38.7042,-93.1833,1
37.0092,-92.7561,1
36.5728,-79.3361,1
40.8508,-96.7475,1
41.3661,-89.4519,1
38.5039,-122.8103,1
40.9611,-98.3136,1
37.7797,-89.2497,1
34.3478,-85.1611,1
32.8986,-80.0403,1
29.6222,-95.6564,1
35.2983,-86.3631,1
42.2347,-85.5519,1
39.2972,-94.7306,1
37.8175,-82.7883,1
40.4803,-83.8131,1
28.7797,-81.2436,1
37.6411,-80.8831,1
36.3689,-92.4703,1
44.8664,-91.4878,1
35.1803,-83.3928,1
40.2403,-81.8711,1
35.9117,-92.6564,1
46.9728,-123.9303,1
35.8181,-83.9858,1
31.1522,-81.3908,1
