36.9600,-106.6600,52
39.2900,-117.1100,35
36.3100,-115.6800,30
36.1300,-105.5300,41
35.3400,-111.6500,34
43.7600,-115.2400,97
41.2300,-105.3800,25
38.4000,-119.5400,48
35.9200,-106.3900,34
36.5100,-106.3200,13
40.8300,-111.7600,66
36.7200,-106.2600,62
36.0300,-106.8100,43
40.3000,-111.2600,79
36.2500,-115.6300,40
39.3600,-106.0600,67
44.2100,-110.6700,145
36.8600,-106.2300,23
41.4000,-107.2600,62
44.3800,-116.3400,41
40.5300,-106.7800,44
35.7700,-105.7800,52
39.4300,-120.3100,43
36.0700,-105.6300,47
44.7900,-116.0900,122
36.7900,-105.2400,46
36.9900,-105.2600,38
39.1900,-120.2600,97
48.7200,-116.4600,122
36.1900,-105.5600,31
43.8000,-114.8500,94
39.8000,-106.0300,75
36.0000,-106.8300,33
39.3100,-111.4300,127
