28.4675,-98.2525,228
38.8586,-99.3358,178
33.7092,-93.5564,211
40.1739,-101.0611,161
45.6911,-118.8522,189
45.4825,-120.7236,156
38.7978,-99.7231,161
39.0303,-76.9314,144
38.4931,-122.0047,211
39.3925,-101.0689,161
26.5581,-99.1372,228
40.6117,-122.5281,217
36.0147,-85.1314,161
40.2539,-85.1483,172
38.4917,-122.1242,167
34.7675,-106.7611,172
29.4608,-101.0286,211
42.1231,-111.3133,89
36.4622,-116.8669,261
26.8400,-81.0872,222
37.0683,-88.7725,194
37.9050,-93.3169,222
33.7542,-99.1442,211
40.2233,-86.1086,161
43.8083,-111.7892,122
35.2006,-103.6867,250
42.9592,-120.7897,156
45.9228,-108.2444,139
42.7467,-71.0425,133
35.4139,-86.8086,161
38.0047,-120.4864,183
33.6731,-111.1508,222
38.6450,-95.5661,294
41.9342,-88.7756,150
46.8706,-68.0172,144
40.2458,-111.6508,189
36.4711,-86.8414,206
47.0575,-109.9514,122
30.7053,-104.0233,167
42.1397,-87.7853,206
35.0489,-97.9158,206
46.6722,-120.4994,172
36.6897,-108.3086,189
34.5822,-119.9817,172
64.8569,-147.8611,33
40.7833,-81.9167,122
42.8767,-77.0308,117
36.5575,-105.2628,94
37.7967,-121.5828,200
37.9931,-100.8122,167
36.5508,-114.4581,200
38.4661,-101.7758,150
46.0436,-118.4628,211
40.7142,-122.4161,206
34.5989,-103.2161,167
44.0622,-103.4819,111
35.4072,-104.1906,156
35.7047,-101.5492,167
32.2822,-106.7597,200
61.5664,-149.2542,22
44.8406,-106.8383,150
34.9881,-120.3211,178
36.9969,-119.7072,-178
42.9536,-112.8253,67
35.6214,-88.8456,144
40.2842,-109.8611,139
40.4750,-86.9919,144
38.5350,-121.7761,200
25.8175,-80.2858,261
30.2003,-92.6642,194
37.7617,-117.5658,172
48.7178,-122.5114,161
41.4439,-86.9294,139
48.4983,-109.8014,139
