37.0683,-88.7725,222
42.7831,-71.4147,206
34.1944,-79.2472,211
38.8894,-86.5519,200
34.2183,-81.0731,278
36.5914,-101.6181,233
40.4750,-86.9919,178
34.7289,-80.0389,256
36.7578,-90.4056,239
38.4558,-86.6983,200
37.9311,-98.0297,222
46.8706,-68.0172,194
62.1925,-150.5033,111
44.9847,-93.1772,194
42.1397,-87.7853,206
35.6214,-88.8456,250
40.2233,-86.1086,239
42.3806,-96.9575,183
32.5133,-92.3486,244
40.8142,-85.1547,161
39.4833,-83.8500,189
40.2539,-85.1483,194
41.0267,-86.5867,178
32.7547,-104.3836,244
34.4719,-81.8839,256
40.9361,-90.7197,200
32.3500,-94.6500,267
37.1244,-87.8672,239
38.3139,-81.7186,206
46.3414,-86.9242,167
28.7156,-97.1742,267
34.6603,-82.8236,272
38.7003,-82.4736,267
41.1453,-85.4897,150
37.9931,-100.8122,211
47.0575,-109.9514,200
38.7386,-87.4878,217
27.7792,-97.5056,261
33.2564,-81.2422,222
40.4719,-74.4364,217
38.4661,-101.7758,233
41.4439,-86.9294,183
42.2947,-83.7108,178
35.6042,-91.2744,261
39.4700,-80.8572,200
34.1419,-80.8700,256
40.7928,-87.7556,167
33.8103,-91.2778,217
40.0739,-87.5067,228
37.1317,-86.1481,222
28.8608,-97.0181,311
32.9206,-86.6708,250
41.8161,-80.4250,172
37.8194,-85.3847,250
44.8831,-85.6753,183
44.4933,-68.4583,194
33.7775,-81.8467,250
33.8083,-79.8567,239
32.2822,-106.7597,294
37.1167,-84.6167,156
45.0853,-67.1203,211
