43.3500,-73.6167,1
47.7947,-100.5847,1
58.6794,-156.6294,1
41.4039,-78.0183,1
40.2042,-95.7064,1
43.1544,-93.3269,1
43.6750,-90.8078,1
44.2769,-88.4378,1
28.8614,-96.9303,1
30.0675,-95.5561,1
29.6222,-95.6564,1
44.7408,-85.5825,1
25.9069,-80.2803,1
41.3375,-84.4289,1
41.5461,-98.5331,1
44.9050,-123.0011,1
45.7533,-93.6617,1
39.4019,-77.9844,1
35.2719,-82.6475,1
41.3197,-96.3672,1
55.3567,-131.7117,1
40.2764,-99.7836,1
27.4981,-80.3767,1
44.2667,-71.2994,1
36.0097,-94.1694,1
42.4264,-78.1919,1
27.6531,-80.2428,1
42.2947,-83.7108,1
64.8603,-147.8483,1
41.2433,-76.9217,1
33.8750,-84.3022,1
31.1828,-90.4708,1
44.6889,-70.1567,1
44.6353,-70.0003,1
43.9844,-88.5569,1
41.8678,-84.0794,1
29.7333,-85.0333,1
41.6328,-91.5431,1
48.6147,-100.7264,1
31.3089,-86.3939,1
44.9258,-89.6256,1
40.7258,-99.0133,1
46.1236,-67.7928,1
43.1561,-90.6775,1
39.5756,-95.1108,1
46.9728,-123.9303,1
44.3853,-74.2067,1
45.1947,-123.1339,1
43.1653,-95.1467,1
45.5511,-122.4089,1
37.1467,-94.5022,1
29.1828,-81.0483,1
31.3214,-85.4497,1
44.2033,-72.5794,1
38.0969,-83.1189,1
48.2553,-101.2733,1
45.5406,-122.9486,1
43.9922,-76.0217,1
42.5836,-94.2006,1
41.6028,-98.9269,1
41.5886,-83.8014,1
34.0500,-94.4008,1
30.3361,-81.5147,1
40.8508,-96.7475,1
43.7639,-94.1661,1
41.1783,-78.8989,1
57.7511,-152.4856,1
42.9550,-87.9044,1
44.6228,-88.7483,1
45.0619,-93.3508,1
42.2314,-83.3308,1
43.1711,-86.2367,1
33.9481,-83.3275,1
35.7425,-81.3819,1
38.7003,-82.4736,1
58.1422,-133.7386,1
41.1389,-75.3794,1
40.6508,-75.4492,1
41.1042,-97.3094,1
30.4844,-81.7019,1
42.8783,-97.3633,1
55.0389,-131.5786,1
36.7683,-96.0261,1
42.8783,-100.5500,1
37.8725,-82.5194,1
42.9389,-72.3247,1
40.0417,-78.5278,1
41.3536,-96.2094,1
41.8706,-103.5931,1
33.3633,-84.5658,1
45.6414,-85.0142,1
34.2833,-86.9142,1
39.1333,-86.6167,1
34.5467,-93.5781,1
44.9958,-88.3786,1
37.6703,-95.4842,1
41.1214,-100.6694,1
36.3689,-92.4703,1
47.2256,-95.1919,1
26.6847,-80.0994,1
40.9781,-124.1086,1
34.8822,-95.7831,1
32.8667,-117.1333,1
38.1872,-80.1336,1
45.1900,-95.0586,1
44.9892,-70.6719,1
41.2078,-98.4608,1
39.1353,-96.6778,1
40.6831,-79.6683,1
63.9033,-152.2817,1
38.8853,-79.8528,1
37.6542,-122.1150,1
37.0875,-82.9925,1
33.5656,-86.7450,1
41.8264,-96.0506,1
44.5647,-91.6719,1
32.5161,-84.9422,1
26.9172,-81.9914,1
41.8161,-80.4250,1
44.7978,-68.8186,1
42.4272,-73.2892,1
62.9575,-155.6103,1
35.4606,-81.3289,1
41.9856,-97.4353,1
42.3978,-90.7036,1
29.1097,-95.4619,1
37.7214,-122.2208,1
33.3644,-81.9633,1
40.5033,-97.9372,1
41.5339,-93.6531,1
37.7272,-80.6592,1
41.7392,-77.9711,1
44.8664,-91.4878,1
47.9428,-97.1839,1
42.3108,-78.0231,1
39.7808,-79.0411,1
42.1928,-89.0931,1
42.2347,-85.5519,1
40.6472,-98.3836,1
37.2039,-80.4144,1
38.1311,-91.7683,1
41.9950,-87.9336,1
42.9131,-98.8511,1
28.5453,-81.3331,1
40.5261,-80.6275,1
43.5878,-96.7289,1
41.8833,-91.7167,1
39.1667,-76.6833,1
36.4731,-82.4044,1
35.9886,-92.7161,1
41.7356,-77.6517,1
34.6525,-86.9453,1
45.5433,-94.0514,1
36.5575,-105.2628,1
39.7833,-79.9167,1
42.8939,-85.5447,1
36.5764,-92.6767,1
44.8831,-93.2289,1
42.5136,-99.0303,1
43.1025,-94.6833,1
41.6236,-98.9517,1
42.1128,-92.9175,1
40.6092,-96.8719,1
37.1025,-82.8047,1
26.0719,-80.1536,1
40.9167,-81.4333,1
44.3592,-84.6739,1
27.9619,-82.5403,1
28.7797,-81.2436,1
56.3511,-133.6264,1
38.4503,-83.7355,1
36.7367,-97.1019,1
41.1311,-77.4336,1
40.0978,-98.5197,1
35.2372,-120.6414,1
27.4014,-82.5586,1
42.1506,-96.4756,1
40.3667,-75.9667,1
41.7803,-124.2367,1
32.1669,-92.1075,1
38.3775,-121.9575,1
42.0772,-91.3028,1
43.7447,-97.3081,1
31.2361,-94.7544,1
48.0508,-92.7636,1
39.3450,-81.4392,1
32.8158,-117.1394,1
64.8039,-147.8761,1
31.5358,-82.5067,1
36.4992,-80.6508,1
42.7364,-97.4969,1
39.6811,-77.2914,1
42.9667,-83.7494,1
64.9111,-147.9242,1
36.6239,-87.4194,1
44.1472,-71.9656,1
43.3436,-72.5178,1
64.9592,-147.6261,1
42.5544,-92.4011,1
42.2667,-84.4667,1
41.5217,-76.4042,1
37.0872,-84.0769,1
40.0972,-92.5433,1
42.8375,-103.0953,1
40.0397,-88.2778,1
42.3297,-78.4633,1
42.8914,-73.2469,1
38.3650,-82.5550,1
42.6611,-92.9083,1
41.7072,-86.3164,1
57.1553,-170.2222,1
40.0225,-95.7883,1
45.5464,-100.4078,1
40.6558,-97.2208,1
37.6411,-80.8831,1
40.9611,-98.3136,1
36.8781,-91.9025,1
44.3592,-89.8369,1
39.9444,-81.8922,1
44.9319,-93.0556,1
44.8797,-87.3356,1
40.0803,-95.5919,1
48.1739,-103.6367,1
41.4653,-90.5233,1
44.6531,-70.7942,1
36.1625,-97.0894,1
40.2064,-100.5914,1
38.0700,-102.6881,1
29.6919,-82.2756,1
28.8208,-81.8097,1
43.9042,-92.4917,1
38.1386,-78.4530,1
41.8700,-98.5494,1
40.6475,-80.3861,1
35.0714,-83.9683,1
41.4197,-78.7492,1
36.5881,-121.8453,1
36.1631,-81.1494,1
33.9664,-83.2911,1
41.7636,-96.1778,1
40.6331,-93.9019,1
38.0442,-87.5206,1
38.0408,-84.6058,1
43.7022,-95.1519,1
32.3500,-91.0278,1
42.1244,-86.4267,1
41.0233,-100.3669,1
44.4983,-88.1111,1
41.7511,-76.4431,1
40.4847,-80.2144,1
42.6333,-91.8633,1
41.2789,-98.9697,1
38.3139,-81.7186,1
36.9028,-82.0383,1
45.5644,-84.7928,1
38.5911,-92.1558,1
27.7628,-82.6261,1
44.1278,-123.2206,1
41.6117,-90.5808,1
42.7167,-74.9267,1
45.0717,-83.5644,1
31.5356,-84.1944,1
30.3489,-85.7881,1
39.1258,-123.2008,1
41.8158,-78.2872,1
30.3975,-84.3289,1
35.2578,-93.0947,1
38.7042,-93.1833,1
43.6933,-92.3925,1
42.2417,-83.6933,1
41.9300,-79.2969,1
37.3208,-79.2067,1
45.3581,-86.8911,1
44.4200,-72.0194,1
41.3103,-95.8992,1
41.5272,-85.7922,1
37.8175,-82.7883,1
44.5272,-69.6544,1
42.3653,-93.0972,1
43.4075,-94.7461,1
43.5439,-93.8422,1
26.5850,-81.8614,1
41.1078,-92.4467,1
43.0431,-96.9033,1
38.3064,-79.7197,1
38.7642,-87.6056,1
37.7608,-99.9683,1
42.7431,-73.8092,1
33.2194,-117.3494,1
40.6675,-89.6839,1
25.7906,-80.3164,1
26.2500,-80.1083,1
42.2553,-88.0769,1
36.9647,-86.4239,1
39.2972,-94.7306,1
44.2944,-94.4083,1
46.8947,-99.9483,1
43.3817,-92.9233,1
42.2472,-78.8125,1
43.2422,-88.2889,1
34.7442,-87.5997,1
46.4794,-84.3572,1
42.7461,-86.0967,1
33.1783,-86.7817,1
41.2544,-80.6739,1
44.9358,-74.8458,1
55.5800,-133.0750,1
40.9706,-85.2064,1
33.5872,-85.8556,1
44.8322,-93.4706,1
46.9258,-98.6692,1
42.8503,-91.8158,1
42.4194,-94.9761,1
39.0461,-78.9664,1
45.0133,-84.7014,1
44.4911,-71.5725,1
33.4825,-90.9853,1
25.6475,-80.4331,1
38.8500,-94.7392,1
32.6847,-83.6528,1
38.3306,-96.1897,1
40.7083,-84.0267,1
41.9903,-77.1567,1
44.9342,-95.7461,1
47.5303,-122.3008,1
40.6142,-79.7192,1
34.6439,-86.7861,1
41.8031,-78.6403,1
37.7797,-89.2497,1
28.1011,-80.6439,1
44.5486,-95.0997,1
39.6728,-75.6008,1
45.7728,-122.8611,1
35.5953,-82.5567,1
46.9733,-122.9033,1
45.0831,-91.3311,1
46.1569,-123.8825,1
31.8606,-86.0122,1
37.6183,-79.4358,1
42.3417,-75.9653,1
35.8306,-91.7944,1
47.4444,-122.3139,1
34.2719,-83.8303,1
40.2964,-78.3203,1
44.0511,-101.6011,1
37.6197,-122.3647,1
40.1100,-87.9567,1
43.1953,-71.5011,1
47.9375,-124.5550,1
44.6500,-73.4667,1
40.6044,-98.4272,1
43.2358,-97.5714,1
44.7500,-71.6303,1
34.1175,-83.3045,1
39.7203,-79.8561,1
36.6636,-121.6081,1
39.5514,-97.6508,1
40.7833,-91.1253,1
39.0083,-95.2117,1
43.3772,-72.1811,1
36.7725,-90.3247,1
45.5908,-122.6003,1
44.5483,-95.0803,1
45.2486,-122.7686,1
34.8994,-120.4486,1
39.0725,-95.6261,1
42.7803,-84.5789,1
46.0139,-102.6547,1
40.9361,-90.7197,1
30.5347,-94.4456,1
48.8628,-97.7014,1
45.1322,-85.6472,1
43.7667,-88.4669,1
32.1300,-81.2100,1
32.5722,-116.9794,1
41.4333,-99.6333,1
43.2844,-93.6306,1
37.7889,-80.3083,1
40.1764,-80.6472,1
44.6381,-90.1875,1
36.2833,-94.3000,1
46.8369,-92.2097,1
55.2208,-162.7325,1
36.5728,-79.3361,1
40.4719,-81.4236,1
42.1717,-100.0106,1
41.6042,-88.0850,1
48.7714,-96.9406,1
42.0800,-80.1825,1
40.9300,-77.0669,1
43.6342,-90.3792,1
37.9483,-83.4825,1
40.1478,-80.7014,1
71.2833,-156.7814,1
38.3833,-81.8344,1
42.3994,-90.3861,1
28.4339,-81.3250,1
37.5983,-101.2908,1
48.7939,-122.5372,1
39.7736,-94.9233,1
41.9922,-93.6217,1
43.5331,-84.0797,1
26.1522,-81.7753,1
40.1561,-106.9092,1
44.4933,-68.4583,1
44.8611,-71.5400,1
30.7825,-83.2767,1
38.9597,-94.3714,1
42.6325,-72.1233,1
40.4586,-79.4503,1
34.1750,-91.9347,1
45.6308,-89.4653,1
42.9919,-97.8703,1
39.7994,-79.3664,1
38.8317,-94.8897,1
30.3567,-95.4139,1
39.8800,-86.0514,1
31.9514,-85.1289,1
38.5039,-122.8103,1
33.1281,-117.2794,1
38.3794,-81.5900,1
42.3075,-85.2511,1
41.1758,-91.8183,1
43.1406,-89.3453,1
46.7708,-100.7603,1
44.5344,-72.6144,1
44.0908,-92.6400,1
36.9358,-121.7886,1
37.9917,-122.0550,1
