46.7708,-100.7603,1
41.6117,-90.5808,1
32.5722,-116.9794,1
41.8833,-91.7167,1
30.0675,-95.5561,1
44.5344,-72.6144,1
44.3853,-74.2067,1
42.9550,-87.9044,1
41.6328,-91.5431,1
44.5483,-95.0803,1
39.3450,-81.4392,1
43.4075,-94.7461,1
44.6381,-90.1875,1
40.6331,-93.9019,1
38.8853,-79.8528,1
41.1078,-92.4467,1
47.9375,-124.5550,1
45.5433,-94.0514,1
40.4719,-81.4236,1
42.8914,-73.2469,1
44.4983,-88.1111,1
37.0872,-84.0769,1
41.6236,-98.9517,1
33.1281,-117.2794,1
34.8994,-120.4486,1
41.5339,-93.6531,1
27.7628,-82.6261,1
43.1953,-71.5011,1
44.3592,-84.6739,1
40.0972,-92.5433,1
41.4653,-90.5233,1
43.9042,-92.4917,1
44.2033,-72.5794,1
42.4272,-73.2892,1
40.6044,-98.4272,1
43.3436,-72.5178,1
40.9611,-98.3136,1
