31.2022,-93.5725,3
40.7264,-122.7947,20
28.0372,-97.8725,0
43.8544,-116.4664,0
36.9969,-119.7072,28
37.1503,-104.5567,38
40.7142,-122.4161,30
37.9050,-93.3169,0
26.3769,-98.8117,20
33.6731,-111.1508,0
40.1100,-87.9567,0
33.2564,-81.2422,36
39.7506,-92.5064,0
28.4675,-98.2525,5
32.7547,-104.3836,0
40.6117,-122.5281,3
31.6164,-94.6431,5
34.5822,-119.9817,15
35.3872,-76.7764,51
31.8769,-105.2369,0
36.4622,-116.8669,25
28.4575,-97.7061,13
34.5697,-93.1947,61
30.8408,-89.5453,3
28.6575,-96.5553,5
37.5147,-122.0325,25
32.8964,-107.3078,53
40.4719,-74.4364,0
33.6772,-93.9903,5
30.7931,-94.1819,5
38.4917,-122.1242,15
30.5467,-87.8808,8
33.7092,-93.5564,0
45.9228,-108.2444,0
31.3625,-85.3397,3
32.6406,-96.9747,3
30.0689,-94.2928,13
18.0331,-67.0722,13
18.3906,-66.0542,8
18.2583,-65.9922,3
39.0744,-96.8983,18
35.8819,-83.9572,0
31.6003,-97.2169,5
35.3886,-106.5439,64
37.7967,-121.5828,38
31.8611,-97.3750,0
26.2656,-97.8714,3
36.2403,-106.4278,51
34.9881,-120.3211,25
31.0372,-97.5283,0
26.8400,-81.0872,66
28.7156,-97.1742,8
34.1419,-80.8700,18
33.4258,-111.9217,0
38.7978,-99.7231,0
35.6414,-106.3322,58
31.0619,-94.1011,-30
32.8242,-95.5275,0
43.5492,-71.4647,0
32.2631,-96.6369,0
30.2003,-92.6642,0
38.5350,-121.7761,36
35.7047,-101.5492,0
34.6603,-82.8236,38
38.4931,-122.0047,28
38.0633,-102.9297,53
21.3153,-157.9992,41
35.4072,-104.1906,61
32.8522,-95.8864,0
34.3961,-89.7903,15
35.1161,-93.6506,117
29.8608,-98.1958,10
32.2822,-106.7597,10
33.0642,-101.0489,0
41.4439,-86.9294,0
33.1481,-95.6269,8
34.1647,-88.7239,0
36.5508,-114.4581,28
33.1461,-107.1842,46
31.9611,-96.6881,43
31.9633,-98.4942,0
26.5581,-99.1372,0
30.7189,-97.3211,8
32.9206,-86.6708,892
32.9506,-97.0553,43
25.8175,-80.2858,58
31.9497,-91.2336,0
30.7053,-104.0233,43
32.4219,-93.6381,0
29.6211,-96.3661,10
30.6836,-97.7172,36
32.6475,-97.4439,20
27.4272,-80.4053,0
32.9203,-94.7225,211
30.3367,-96.5403,10
