43.3488,-88.1598,3
45.1864,-85.1478,8
42.2832,-83.7715,20
35.8381,-78.5597,0
46.3526,-61.0776,46
39.4537,-105.4219,0
38.7575,-120.6046,0
43.2422,-88.2889,0
40.5472,-105.0749,0
48.0913,-114.4642,15
44.3552,-72.4554,13
39.0432,-79.0496,0
35.4049,-78.6810,0
40.1526,-84.4613,0
44.4991,-63.5264,41
42.4292,-89.4173,112
42.5973,-74.5931,8
40.7739,-84.0800,0
44.8720,-69.4203,0
42.9962,-82.4643,0
44.2781,-103.8092,25
39.1607,-77.9885,0
45.1715,-67.0816,0
37.7847,-79.9165,0
39.5362,-76.5446,0
36.1502,-86.5738,0
42.1587,-78.4905,10
47.0570,-67.7263,3
41.1732,-104.0568,0
41.5577,-87.6594,23
40.3038,-103.1114,0
41.3493,-75.7714,3
47.5857,-122.6092,0
40.9763,-106.3942,81
44.8353,-122.6836,0
46.4393,-95.5887,64
49.8922,-97.0283,0
44.4412,-90.1289,0
40.2797,-105.3636,18
42.1070,-84.6260,0
51.1240,-104.9917,0
42.4675,-71.4820,0
45.7416,-108.5535,33
39.3983,-107.2194,61
45.2315,-96.6442,66
41.9286,-74.0195,0
35.5813,-88.8306,0
46.9392,-114.0194,5
37.7892,-120.7518,0
44.4171,-72.2350,23
42.4000,-88.7424,53
35.6263,-82.6763,0
42.0044,-87.8460,23
45.4788,-122.7692,0
33.9837,-83.1378,0
43.6394,-108.2133,30
37.2850,-78.4044,0
39.5462,-104.9655,0
40.1838,-74.2448,0
34.4349,-112.6079,122
44.5309,-96.5227,36
41.4088,-81.7448,0
46.7985,-96.1218,23
43.9917,-79.6778,0
42.8370,-78.7433,0
35.1934,-112.1765,251
45.4681,-122.6813,0
43.2909,-72.8326,58
41.7788,-107.1169,175
44.0390,-122.8500,0
39.6450,-106.3953,48
41.2008,-81.3389,0
44.5179,-103.6698,86
44.5987,-85.4843,0
45.8608,-84.7197,0
44.6662,-63.4954,18
43.8981,-72.1377,3
40.7228,-105.0680,0
45.0043,-97.0857,41
45.4067,-68.4359,13
41.1858,-104.8149,8
45.7139,-89.4215,0
45.5771,-95.8968,69
43.8528,-101.5581,84
38.3299,-97.7787,0
36.5245,-92.7520,0
42.0478,-91.5743,71
38.0131,-75.3978,0
39.9714,-105.3968,8
38.2885,-107.5549,51
41.2949,-75.8682,0
45.8002,-108.5553,46
39.3960,-86.3956,0
45.4818,-91.1468,5
45.8802,-123.2946,0
46.4698,-63.4920,91
39.2669,-103.6952,5
47.2227,-93.4960,15
34.6614,-86.5575,0
47.9533,-117.4769,8
42.7670,-106.4989,135
30.8176,-83.8965,0
42.5601,-87.9384,48
34.6250,-86.5367,0
39.9575,-78.5638,0
40.8818,-74.5794,0
40.6262,-74.6535,0
39.5561,-105.3114,5
50.5018,-104.6605,0
46.4424,-116.1072,3
42.1823,-83.4364,0
35.2432,-112.1951,1524
40.0015,-105.8725,10
43.0520,-77.2570,20
39.6397,-105.4068,5
35.2470,-83.4140,0
43.2115,-71.4143,0
44.5187,-72.3028,0
39.7140,-86.4090,0
41.8742,-88.4728,33
40.2124,-105.0426,0
46.8658,-117.0899,0
47.3720,-122.2230,0
34.9542,-86.4506,0
39.9844,-104.8134,0
44.7029,-106.3261,41
44.7195,-89.0223,8
44.7825,-108.6879,0
40.4407,-105.0619,0
40.7606,-86.7599,13
44.6654,-94.8544,3
41.0477,-111.9068,124
44.9090,-97.2122,61
47.1369,-93.5666,20
42.2469,-83.0804,0
40.5088,-104.6825,0
45.5075,-66.0986,18
35.5344,-77.3821,0
45.3806,-91.7048,5
41.8161,-80.4250,0
39.8847,-82.6431,0
45.3201,-85.2437,0
41.8939,-88.4761,25
37.9885,-101.1249,0
42.9409,-87.9823,28
35.5909,-82.5549,0
39.4582,-107.1839,38
42.4717,-79.3336,25
42.0043,-87.6697,20
41.9351,-75.0784,0
38.6639,-77.9756,0
46.5894,-107.7488,0
40.2001,-82.7732,0
42.7017,-108.6757,112
45.8330,-109.9450,8
41.2986,-104.8278,20
41.6447,-90.5871,20
44.0800,-99.1300,46
38.9052,-104.8491,0
35.6345,-117.9782,0
40.7494,-96.5928,0
46.9589,-95.6472,18
35.1114,-106.5416,0
42.8167,-106.4108,168
48.6354,-112.3249,13
40.1848,-105.0820,0
38.7835,-104.8293,0
47.3714,-102.7606,0
44.4932,-71.7045,5
39.9660,-105.5125,10
45.3240,-102.8768,0
43.5695,-116.3248,0
40.9469,-117.7014,3
40.6801,-111.9631,46
39.7647,-84.6338,0
41.5832,-88.1911,3
34.7411,-86.7697,0
52.2915,-104.5762,0
37.4123,-107.8284,41
44.6520,-103.8461,23
40.3417,-80.1229,0
45.4000,-123.1830,0
40.4712,-88.6196,0
44.2899,-96.7871,25
41.8644,-88.3232,23
48.3844,-116.2578,5
44.9453,-95.7203,0
47.6421,-65.6876,0
47.7130,-118.9412,0
37.4415,-119.6316,43
35.5681,-87.6280,0
41.6189,-87.0825,10
41.6598,-87.5529,25
35.1926,-111.5874,208
43.1764,-78.6834,8
51.2522,-106.5403,0
36.6817,-95.9891,0
41.2126,-104.4801,10
34.6286,-86.5561,0
42.8264,-106.3988,211
45.4622,-112.1625,5
39.7041,-102.7080,0
37.9478,-111.4328,84
40.3484,-104.4383,0
36.5201,-105.5447,43
40.2286,-74.6472,0
44.6310,-72.2800,33
43.1923,-123.4387,0
41.1429,-104.7897,13
41.4644,-81.0652,5
34.7345,-86.2100,0
45.9973,-110.6622,18
34.7058,-86.7503,0
40.0839,-105.3689,0
40.2104,-74.6204,0
42.9919,-85.6944,89
43.5370,-110.8250,33
41.1779,-89.6493,0
39.9420,-83.8051,0
45.4505,-98.5086,10
53.5972,-105.7361,23
39.6249,-75.7861,0
42.0125,-91.7099,66
36.1520,-115.3396,0
42.4650,-92.3410,0
38.3339,-104.7898,0
42.6732,-85.6801,0
46.9312,-91.9428,56
50.1475,-95.8902,0
43.3499,-107.4803,46
41.1015,-104.3212,0
34.1649,-95.5431,0
44.8745,-123.0444,0
43.5868,-99.7114,36
47.4021,-79.6765,0
41.5019,-86.3851,10
43.8580,-108.1640,127
39.4617,-104.8911,0
43.0420,-89.4682,28
33.5873,-111.7433,0
39.0172,-92.7558,0
44.1756,-72.7961,10
35.1537,-106.2848,0
41.3569,-88.7883,0
42.7614,-75.5554,0
44.4181,-106.5889,56
42.1726,-87.8884,30
35.2191,-111.6013,287
40.3926,-105.1587,0
44.4560,-92.2907,13
42.1880,-87.9590,53
40.2843,-105.1608,0
44.0415,-92.0882,0
45.6578,-111.0272,13
40.2077,-75.3522,0
46.5673,-87.6869,0
43.1425,-80.0696,0
48.8511,-97.7775,0
40.6046,-111.8524,38
41.4996,-87.9603,10
32.4309,-104.2540,0
43.2161,-77.9525,38
41.5067,-87.5248,3
40.5938,-91.1467,0
43.1269,-86.2431,10
44.9095,-67.1268,0
46.8293,-97.2617,0
48.0324,-116.8062,0
44.6987,-99.4139,38
45.0083,-93.2363,28
46.1326,-91.4050,0
44.9846,-93.3744,0
40.5949,-98.4270,0
47.2602,-96.2577,0
35.9831,-84.0442,0
34.7806,-86.8644,0
42.8972,-85.7791,0
44.7683,-94.1558,28
42.9900,-73.8000,0
36.2132,-81.3574,0
44.6053,-72.3094,13
38.8274,-75.4303,0
48.2619,-114.1556,3
41.5558,-104.9128,58
45.4340,-122.5036,0
43.6037,-70.9867,0
29.7210,-98.1655,0
44.4677,-87.9735,20
43.3502,-101.6018,117
39.6552,-75.7619,0
53.1295,-105.8125,3
44.2321,-80.7061,0
40.0806,-106.8929,66
42.9021,-87.9666,38
45.2900,-109.0400,56
40.8398,-74.5432,0
43.8737,-80.1343,0
42.8403,-84.4197,0
55.4900,-107.9236,5
34.8567,-86.6850,0
43.6215,-110.6253,28
45.6208,-109.1040,20
42.8181,-106.3455,152
42.1938,-104.7265,69
40.0136,-86.2901,0
32.2918,-85.1893,0
36.0532,-80.6028,0
38.6418,-77.7672,0
44.9663,-93.8489,0
43.6293,-65.7999,28
44.4084,-95.4097,18
39.6082,-99.9979,3
42.4113,-84.5276,33
41.5851,-109.2225,61
39.8143,-105.3945,0
40.4657,-106.8035,43
43.5200,-71.8190,5
41.0233,-100.3669,0
34.6417,-86.3861,0
44.9720,-72.1478,30
47.7657,-122.3001,0
35.7799,-79.1244,0
41.8163,-88.3068,20
38.1617,-85.8566,0
40.5556,-105.1221,0
44.4750,-105.5962,69
41.3728,-88.8415,18
41.7136,-89.3247,41
43.0387,-99.2259,10
41.3940,-79.4131,0
41.9062,-87.7819,20
32.1154,-81.2509,0
38.7462,-77.1386,0
35.1375,-77.9892,0
45.3147,-64.4289,10
45.1702,-91.2361,0
40.7912,-78.0118,3
41.7814,-88.0674,23
43.4394,-71.5373,0
50.4826,-104.6385,0
39.6490,-80.7382,0
34.9867,-101.9550,0
46.7138,-93.2885,56
40.3491,-105.5036,10
46.4779,-108.4165,0
40.7206,-105.4150,25
40.8549,-74.9815,0
44.4136,-74.1521,8
36.0512,-83.9862,0
38.4026,-106.4157,64
42.3663,-87.8356,66
43.7440,-70.4890,0
33.8192,-118.3771,0
39.9588,-105.5026,13
46.4274,-62.7087,33
39.7237,-104.8568,0
43.4472,-88.8526,3
38.6655,-96.8934,0
37.6702,-91.8739,0
42.1460,-71.3794,0
41.0483,-93.9496,0
33.1637,-96.6851,0
36.2347,-86.3817,0
42.1906,-89.0604,84
45.6568,-89.4630,0
42.3042,-91.3410,51
46.2258,-109.2577,25
42.3917,-72.7384,0
49.1290,-98.2684,0
41.5007,-81.5526,0
42.6353,-85.7611,102
47.5749,-120.5976,0
34.2712,-116.9383,33
41.7018,-87.7820,8
49.1971,-100.1496,0
49.8996,-97.1875,0
41.2520,-104.7713,5
39.5186,-104.9492,0
34.6014,-86.5397,0
39.9965,-76.7533,0
42.2406,-84.4669,0
41.7305,-111.8046,114
40.6114,-75.2259,0
48.6770,-100.8026,0
39.7109,-74.9679,0
41.2313,-90.4354,0
32.7904,-105.8204,0
39.2323,-106.0516,13
42.5336,-75.6306,13
38.8319,-107.9670,0
39.4202,-84.1493,0
41.8262,-105.2054,99
45.6648,-63.0094,69
46.5189,-66.2667,0
42.8755,-109.8683,8
40.5140,-106.8240,8
45.6018,-94.1991,15
44.3579,-100.3721,33
41.2939,-111.9580,178
43.6595,-83.8885,0
44.9250,-102.7628,5
40.6273,-105.1437,18
44.0135,-103.3008,5
33.8614,-84.0280,0
46.4157,-108.4885,3
45.4060,-122.8780,0
41.5916,-109.2208,56
42.0019,-87.6985,23
42.6536,-85.7597,28
40.1043,-105.1605,5
40.4099,-74.5730,0
33.7476,-84.7452,0
41.9174,-88.6891,33
46.3841,-95.3622,15
41.1997,-105.7966,74
39.5865,-86.6333,0
45.2943,-91.6247,3
37.9320,-90.8408,0
46.2507,-119.3197,0
34.4344,-86.9153,0
39.5936,-75.0692,0
42.1913,-87.9403,86
48.8576,-117.3738,71
44.3606,-72.8077,5
43.6312,-84.1943,0
32.9881,-97.3932,0
43.2471,-75.2775,25
45.9217,-64.5150,15
43.6465,-81.7074,0
44.2832,-83.4992,8
49.7791,-124.3371,0
43.8026,-108.1941,0
47.5017,-64.9355,0
44.7518,-63.7910,41
44.3425,-92.9792,0
43.8567,-70.4664,0
40.5933,-111.7922,94
44.5164,-122.9171,0
48.5050,-121.4800,0
42.3223,-76.5899,0
45.7169,-65.4622,0
38.6264,-106.1198,5
45.6063,-122.5104,0
34.7911,-86.9092,0
36.3047,-109.2233,46
46.6046,-90.6492,8
47.0880,-91.6241,25
41.0521,-83.5773,0
44.0917,-93.2138,0
42.5088,-72.6973,0
42.6918,-73.8311,0
38.8579,-106.2085,33
42.4516,-76.0437,0
43.8367,-101.5078,71
45.0043,-65.1169,25
45.9190,-66.6269,0
48.6445,-116.2877,20
41.5072,-109.1554,89
34.7756,-86.7803,0
42.7914,-113.0151,3
29.4854,-98.6561,0
34.8183,-86.5050,0
43.8335,-73.8978,15
39.0326,-75.5169,0
29.7409,-97.6802,0
40.5035,-88.9682,0
42.8113,-106.3422,201
42.0597,-88.2334,66
42.7766,-78.8444,0
45.7904,-66.1473,13
44.9067,-66.9866,5
37.6627,-81.0903,0
39.7444,-99.2155,0
46.9934,-65.5069,5
42.7096,-108.6793,1143
42.7937,-106.3965,295
45.2213,-109.2124,71
38.0337,-119.1697,0
44.2659,-85.2553,0
46.2358,-112.1141,8
45.9770,-66.8682,0
43.1551,-99.2584,18
40.5219,-106.9593,8
37.5990,-101.2911,0
48.9536,-54.6186,160
43.8172,-99.8307,46
44.7910,-75.3822,0
38.6049,-89.9685,0
43.9066,-100.9352,36
42.9141,-71.6102,0
39.4745,-83.8361,0
42.0890,-111.8637,43
42.0944,-71.3776,0
34.6444,-86.5056,0
38.3833,-81.8344,0
40.5091,-74.8549,0
42.8095,-106.3315,206
42.2139,-104.5192,61
41.5417,-87.2715,5
41.8912,-88.0223,15
45.1994,-95.0057,8
45.7192,-108.5218,36
40.2835,-78.8901,0
44.0487,-103.2173,8
32.4066,-96.3347,0
43.2862,-71.6043,0
37.7196,-97.3844,0
44.6826,-63.8602,25
39.0589,-92.4370,0
47.5480,-52.8882,165
34.7981,-86.7047,0
42.7112,-87.8457,46
34.2371,-111.3440,0
42.7864,-76.7034,0
36.5869,-93.2692,0
37.2003,-93.2740,0
41.1977,-80.9721,0
41.1344,-100.7916,0
38.7387,-120.7846,0
41.0589,-83.1127,0
46.4490,-96.7280,18
34.9842,-83.3917,0
41.6293,-88.2991,18
44.5125,-78.3606,0
41.7550,-87.8173,10
44.6532,-85.6640,15
41.1937,-112.0266,132
40.1152,-86.4551,0
43.4794,-80.5354,0
42.7198,-73.9304,0
39.3343,-94.7642,0
32.3772,-86.2575,0
37.9542,-87.3741,0
48.7748,-104.5670,0
38.7850,-87.1553,0
36.1066,-88.0443,0
43.4301,-110.7976,41
41.2800,-85.4729,5
46.2348,-114.1563,20
40.5913,-111.7903,79
41.2571,-77.0085,0
43.6224,-71.5351,0
44.0779,-101.1231,36
37.9018,-88.9341,0
47.5640,-52.7134,104
39.9223,-104.9554,0
45.1187,-95.0551,10
44.8283,-93.4040,33
32.3191,-90.0806,0
38.7387,-84.8496,0
44.6833,-70.2642,0
44.0412,-80.6893,36
45.4141,-93.6919,0
36.5491,-105.5991,33
40.5358,-94.8879,0
42.2660,-87.8460,84
49.5196,-96.6794,0
46.4457,-63.3121,15
44.2666,-96.8012,23
39.4712,-118.7915,0
43.5141,-89.5691,0
43.3439,-91.6443,0
43.8324,-70.1200,0
34.8240,-92.2531,0
50.2774,-97.4461,0
33.4387,-88.8695,0
44.8116,-106.9705,117
40.0014,-77.1089,0
37.9663,-103.5443,0
49.8917,-97.3055,0
45.0713,-64.4857,71
42.9300,-74.6264,0
41.4068,-85.6952,8
44.2354,-97.1696,8
45.6001,-109.0899,23
45.9220,-116.1260,53
29.7305,-98.0938,0
35.5066,-108.7308,5
41.5929,-104.8339,81
37.4795,-105.8548,0
38.1195,-105.5777,147
45.0257,-62.0267,119
40.0945,-88.1282,0
45.6383,-98.0003,13
38.2872,-81.7874,0
44.5464,-123.2592,0
40.3922,-105.0539,0
41.9766,-88.0598,30
38.9314,-105.1307,5
39.7220,-106.1370,30
39.7903,-119.8947,3
41.3179,-88.6065,0
37.4378,-87.4418,0
43.7122,-76.0621,147
46.8153,-92.0637,61
45.8006,-108.5947,36
38.1766,-105.3141,0
37.1028,-113.1277,8636
43.6287,-100.6948,20
40.6872,-74.8575,0
41.5013,-109.4606,51
44.0303,-71.1383,3
44.8403,-92.6350,0
42.6762,-71.7498,0
39.9389,-105.4749,0
39.5404,-104.9123,0
29.5120,-95.0994,0
34.0151,-81.1920,0
39.4041,-79.3722,0
48.7094,-118.7214,0
38.1703,-106.6569,53
43.0961,-79.0281,28
27.9855,-81.7902,0
47.5734,-114.0436,15
46.2084,-119.1658,0
44.8199,-69.2175,0
42.5970,-82.1781,0
44.8767,-107.2631,91
37.2492,-93.9439,0
42.2845,-83.0346,0
42.9008,-88.5862,69
42.0586,-104.1684,33
39.3428,-82.0964,0
41.6048,-75.2833,0
44.0385,-100.2656,56
45.2575,-109.2264,74
42.4927,-72.9454,0
45.6036,-109.0339,18
41.1623,-81.5037,0
43.1499,-71.5565,0
38.7873,-82.9779,0
40.4386,-109.5211,150
41.8571,-88.3823,28
45.5971,-122.4186,0
42.4334,-122.9869,0
41.3160,-81.1434,0
40.6259,-105.0621,0
38.9669,-95.2967,0
39.5308,-107.3224,150
53.6050,-105.8944,20
45.4899,-74.6457,0
45.3608,-63.2682,137
43.4282,-97.2533,25
45.9807,-93.2541,36
43.5073,-65.6096,8
39.7674,-78.4844,0
41.9221,-111.8193,84
42.8339,-79.9298,0
41.7084,-87.7539,10
40.7447,-111.8677,127
38.9606,-106.2029,168
44.0308,-107.4509,30
45.1613,-109.2911,163
45.0792,-64.2711,33
41.5193,-87.9193,10
44.3320,-70.2685,0
40.5665,-75.9862,0
41.2973,-105.5226,25
46.4025,-94.4631,20
46.8131,-92.0556,20
46.4168,-98.7875,0
41.6874,-87.7911,5
34.2024,-78.0948,0
61.6185,-149.1258,0
36.4931,-105.5997,18
40.7524,-74.4297,5
41.1338,-85.0307,18
43.4356,-71.5069,0
29.6849,-95.2197,0
43.2082,-102.0292,51
39.2352,-85.8992,0
43.9072,-99.5256,25
39.4722,-105.3913,0
44.7104,-63.7331,38
45.1395,-93.4207,0
36.2184,-81.6720,0
42.8294,-108.7455,119
42.9632,-78.8669,0
44.3358,-72.9842,5
44.8382,-92.9359,3
36.2528,-81.9136,0
44.9769,-106.8475,20
41.2965,-105.5748,203
46.5824,-90.8839,8
43.8885,-70.2944,0
44.8122,-106.9763,56
42.8316,-74.1152,0
38.5871,-96.8950,0
39.1721,-103.8303,5
45.0641,-66.8216,127
40.3503,-86.4867,0
42.5019,-92.4418,0
40.9519,-74.1577,0
40.9142,-91.4293,8
46.2508,-60.6434,102
44.1964,-88.3307,0
44.5654,-106.9281,119
41.9864,-91.6339,76
38.9433,-119.1916,0
44.7591,-123.2325,0
44.6115,-74.9719,0
47.8325,-116.7257,3
42.8532,-90.7086,0
40.5510,-105.0664,0
42.2778,-89.0359,102
39.1692,-85.2361,0
43.8583,-71.2597,3
41.8991,-106.2002,86
40.0403,-82.7980,0
44.5014,-68.2208,0
48.0125,-123.1709,0
39.2142,-84.1716,0
42.3560,-107.4506,340
41.1667,-104.6039,8
45.6907,-109.7173,74
36.1648,-81.6055,0
44.8567,-93.6864,0
40.5355,-82.5628,0
42.2658,-85.8619,0
45.7169,-92.9257,0
34.5360,-92.7651,0
44.7878,-105.2674,25
39.8171,-105.1774,0
42.1130,-91.1405,114
53.3290,-106.1377,8
39.6526,-104.8237,0
39.6474,-105.4045,0
41.0413,-93.9805,0
34.7917,-86.7239,0
37.6009,-108.9951,15
38.0450,-85.7155,0
45.4400,-105.6100,15
45.6270,-108.9193,15
45.9896,-66.5918,0
44.9305,-92.9249,0
40.5462,-74.5287,0
43.3367,-72.0606,5
39.6871,-105.4066,0
44.6698,-64.8526,13
51.5694,-107.2341,0
41.2812,-84.3454,0
40.9234,-73.3305,0
41.3719,-92.4975,18
40.4857,-106.8472,25
35.2836,-106.6194,0
48.5544,-58.6185,86
40.8656,-105.4067,23
45.6968,-108.7337,254
41.3297,-86.3568,0
42.9042,-105.0635,112
42.1016,-87.7290,38
45.8812,-66.7623,0
42.2794,-72.7870,0
38.6331,-109.4104,0
41.5247,-89.0906,18
40.4697,-106.8139,38
41.6470,-73.8970,0
34.8695,-106.7015,25
41.7346,-88.2391,8
38.4849,-92.4041,0
44.5103,-109.0994,10
43.6695,-116.2653,0
49.8299,-99.9746,0
33.9550,-85.2840,0
45.5307,-87.6192,8
43.8270,-111.8012,48
44.2612,-94.9922,8
38.9902,-77.0081,0
43.3472,-72.6968,5
31.8142,-93.0856,0
41.0105,-95.8890,0
41.8183,-86.3423,5
39.6679,-104.9440,0
45.9631,-65.9694,0
48.8485,-117.6283,0
43.0768,-98.9466,18
35.3620,-85.3797,0
45.6686,-122.6862,0
41.3677,-81.7018,0
34.7700,-86.4750,0
40.0488,-76.6948,0
40.4612,-111.2285,107
40.6263,-105.3912,10
29.5110,-95.0898,0
41.6846,-73.7205,0
51.9130,-101.4930,3
44.8492,-88.3472,3
37.8498,-109.3666,178
41.5819,-88.1937,15
38.6205,-87.1359,0
30.4144,-97.7664,0
42.9980,-88.0238,107
42.4093,-86.0481,76
43.7061,-106.2982,10
43.7847,-87.7664,5
40.0905,-104.7986,0
39.6011,-105.9773,20
38.8592,-96.1058,0
40.3889,-75.9396,0
37.0169,-94.4925,0
43.4938,-103.5430,76
41.7887,-69.9786,0
47.3638,-120.2284,0
46.4238,-94.3033,41
36.1220,-115.9215,0
41.5124,-72.9437,0
42.9542,-81.4349,0
34.8050,-86.7619,0
40.1282,-82.5158,0
39.9873,-105.1703,0
44.8783,-93.3789,13
40.4848,-106.8092,33
46.5153,-111.9170,48
44.8344,-93.0358,0
37.1500,-93.2194,0
45.2012,-93.6658,8
48.1810,-117.1712,46
44.9215,-83.4270,0
46.8818,-64.1973,71
37.7398,-89.8603,0
34.8957,-76.9161,0
44.5738,-106.9022,114
34.9189,-86.7836,0
44.1128,-71.1396,5
43.3085,-87.9848,25
39.3929,-74.6248,0
42.9000,-75.8114,3
40.7257,-104.9662,3
40.4754,-106.8085,41
34.1109,-109.9003,61
42.4970,-71.7750,0
35.4606,-81.3296,0
40.6064,-74.8710,0
45.6357,-110.4331,33
42.4310,-83.3819,0
45.5519,-116.3028,0
43.2686,-72.0051,0
41.5904,-86.7343,10
49.5171,-96.7356,0
44.8559,-92.6127,23
39.7866,-77.7253,0
38.9539,-92.3381,0
40.6348,-105.1487,8
38.1208,-76.3651,0
38.3042,-104.7440,0
43.7281,-96.6377,36
42.9880,-85.8103,25
37.3996,-119.7381,0
39.3542,-101.6996,0
45.7267,-65.5286,10
44.6658,-70.0272,0
40.7729,-74.1409,0
35.6874,-88.8809,0
44.7246,-63.8192,38
35.6283,-108.7928,5
43.7051,-99.3773,20
43.9715,-74.4200,10
39.2016,-106.0412,15
45.7595,-108.6133,15
40.0591,-105.1717,0
44.8126,-106.9580,56
33.6239,-117.6275,0
40.6834,-74.5731,0
41.5997,-85.0895,0
47.1556,-53.4722,58
44.8913,-93.3141,0
44.4347,-96.6537,38
44.2354,-71.7388,10
47.1656,-91.6195,15
62.2272,-150.0731,0
40.4624,-90.7452,0
41.5090,-71.1590,0
47.0412,-91.7528,25
39.0400,-108.5210,0
41.5828,-70.5803,0
47.9752,-117.6061,28
41.9778,-88.1036,36
45.3825,-63.2281,69
40.1951,-105.1323,0
44.0866,-103.3701,8
41.8633,-89.2257,79
46.6028,-95.7984,28
45.4174,-83.8106,3
44.7586,-72.1168,5
39.3859,-104.8529,0
44.3541,-66.1026,0
46.2853,-96.0663,53
42.8966,-76.6727,0
41.4089,-87.3899,0
40.5674,-74.1327,0
40.5876,-105.1473,0
44.3882,-71.2695,15
40.1800,-74.0520,0
40.9436,-74.1523,0
44.7584,-108.7769,0
39.7067,-86.2810,0
41.6235,-90.3514,112
45.4943,-110.2250,25
37.2334,-95.7181,0
40.6317,-75.1045,0
40.0177,-105.1288,0
38.7822,-105.1472,18
39.1223,-77.8187,0
43.3194,-88.1681,5
43.4437,-76.4052,48
43.8977,-78.8744,0
39.8626,-74.1410,0
40.3302,-105.5221,23
42.2998,-83.7392,66
45.7360,-107.6020,3
42.3778,-87.9674,61
41.7324,-111.8452,74
37.6907,-106.3084,28
40.9039,-75.3749,0
45.4232,-76.0453,0
47.7446,-122.5097,0
42.8230,-86.0678,0
44.3835,-69.1425,0
42.8918,-88.1423,203
40.2647,-87.6656,0
45.6138,-111.0566,5
39.7197,-105.2472,0
47.4669,-121.6806,0
42.6602,-73.8103,0
42.1874,-90.0219,107
35.1938,-111.5927,107
31.8449,-102.4858,0
38.7338,-120.7110,0
39.4109,-104.2391,0
46.2508,-63.3342,41
42.0038,-89.9389,86
39.4905,-105.5239,10
42.9678,-96.0626,0
46.7544,-117.0005,3
44.0397,-92.4375,0
38.2404,-107.7888,10
44.6427,-63.6043,74
42.9864,-78.8706,0
41.7267,-112.1482,81
44.5292,-109.0755,18
46.2583,-95.7147,25
38.3029,-104.7910,0
37.5960,-107.8144,137
44.8345,-73.0656,0
40.0891,-97.1959,0
44.9324,-94.6955,3
35.3072,-92.7325,0
38.9852,-91.9682,0
45.9689,-94.3772,25
37.8339,-87.5840,0
45.0336,-123.4277,0
43.8028,-81.1838,0
41.1734,-104.7734,13
34.2917,-83.3236,0
41.7010,-84.9867,0
41.4345,-87.1124,13
42.8475,-95.7024,0
38.0614,-108.9101,0
44.6209,-106.8029,30
46.9386,-90.8349,10
45.8833,-92.0960,3
28.1669,-81.8219,0
39.4034,-107.1066,119
39.4819,-106.0325,41
50.1784,-100.4396,0
41.2316,-104.7737,13
42.4284,-87.8838,28
38.8817,-120.0339,10
43.6107,-73.0466,8
42.7630,-108.7933,109
42.5597,-87.8566,51
42.9051,-112.4156,13
32.2529,-80.7350,0
47.0653,-91.6761,23
40.7230,-73.7110,0
44.7849,-116.0475,0
36.4590,-81.1525,0
42.2180,-112.6360,8
