39.1172,-95.4097,61
37.9050,-93.3169,67
35.2006,-103.6867,89
40.1550,-103.1417,72
30.2003,-92.6642,172
38.8586,-99.3358,67
33.7092,-93.5564,189
39.8114,-99.9386,106
26.8400,-81.0872,194
37.1503,-104.5567,72
29.4608,-101.0286,183
38.0047,-120.4864,94
37.0683,-88.7725,106
38.4917,-122.1242,89
40.1739,-101.0611,111
45.9228,-108.2444,78
37.7967,-121.5828,94
32.2822,-106.7597,128
39.0744,-96.8983,72
39.9000,-98.0256,83
38.6644,-94.8900,100
25.8175,-80.2858,189
26.5581,-99.1372,194
40.7142,-122.4161,83
35.6214,-88.8456,228
38.4661,-101.7758,50
34.9881,-120.3211,100
34.5822,-119.9817,89
46.0436,-118.4628,56
33.7542,-99.1442,150
47.0575,-109.9514,28
30.7053,-104.0233,83
38.7978,-99.7231,-178
43.8544,-116.4664,-178
36.4622,-116.8669,161
36.4711,-86.8414,83
36.9969,-119.7072,-178
46.6722,-120.4994,39
38.4931,-122.0047,89
33.6731,-111.1508,172
40.4750,-86.9919,22
35.4072,-104.1906,100
38.5350,-121.7761,83
28.4675,-98.2525,206
40.6117,-122.5281,94
35.0489,-97.9158,161
39.3925,-101.0689,89
39.4031,-99.4192,22
36.5508,-114.4581,106
