45.8981,-86.5483,54
46.2314,-112.1136,165
39.4206,-79.0050,183
38.6644,-94.8900,94
47.2753,-88.4169,31
40.1100,-87.9567,112
35.5953,-82.5567,98
30.5347,-94.4456,58
37.1317,-86.1481,121
39.8814,-77.3506,134
39.7750,-105.1169,125
47.2919,-88.4208,67
40.5764,-105.0858,134
39.7194,-76.8028,125
45.6656,-97.0392,246
44.4933,-68.4583,143
34.6242,-106.3103,121
38.5039,-95.7036,85
35.1375,-77.9892,139
34.2183,-116.4072,143
34.1206,-115.8500,125
45.4525,-99.3358,94
42.3997,-89.9903,201
61.5889,-149.0992,49
47.0083,-88.4317,54
41.7392,-77.9711,36
39.0733,-93.7075,107
47.8306,-110.6608,116
39.3903,-94.5553,76
40.8250,-92.8925,85
40.9656,-105.2186,112
61.2967,-149.4400,85
39.1439,-103.4897,94
61.1025,-149.7169,85
40.8600,-102.8031,183
48.0750,-111.2597,116
48.9981,-110.2158,188
40.6558,-97.2208,103
48.4628,-108.7792,63
45.0961,-112.0856,165
35.0761,-89.7430,536
47.0111,-109.2261,36
41.2847,-105.5319,152
