32.5667,-117.1167,85
40.2342,-85.3936,98
30.0494,-90.0289,94
43.9906,-70.9475,94
45.6194,-121.1661,130
35.2333,-101.7089,107
34.2622,-88.7714,134
32.3367,-90.2214,148
32.6500,-114.6167,103
37.1431,-107.7597,192
37.4389,-105.8614,103
30.0481,-102.2131,125
34.2675,-77.8997,125
45.2486,-122.7686,58
46.7708,-100.7603,130
34.2008,-119.2069,94
35.2372,-120.6414,116
28.8208,-81.8097,67
43.0661,-108.4767,103
60.7850,-161.8292,103
64.7767,-141.1483,36
41.6117,-90.5808,81
37.2253,-89.5706,94
38.8169,-92.2183,98
27.4981,-80.3767,103
40.4122,-86.9369,98
38.9286,-90.4281,98
34.8822,-95.7831,98
35.0169,-80.6206,143
38.3000,-76.4167,107
36.2117,-115.1958,170
41.3461,-82.1794,179
40.9781,-124.1086,125
46.7994,-102.7972,125
37.7461,-97.2211,103
41.7806,-122.4717,139
33.0375,-116.9158,94
42.8153,-108.7261,130
34.9883,-117.8647,125
32.5722,-116.9794,89
36.0097,-94.1694,89
42.5950,-87.9381,85
39.6014,-116.0056,179
47.2856,-68.3133,148
34.1750,-91.9347,107
43.0206,-102.5183,139
39.7333,-77.4333,125
44.4683,-73.1500,165
41.8833,-91.7167,89
39.8233,-93.5792,76
43.5164,-112.0672,107
36.0394,-95.9844,85
29.7333,-85.0333,89
34.4258,-119.8425,72
43.9922,-76.0217,116
41.6764,-70.9583,121
44.1278,-123.2206,85
42.2333,-83.5333,130
31.3214,-85.4497,165
38.3794,-81.5900,89
46.9208,-114.0925,103
36.7414,-104.5022,130
41.2531,-70.0608,139
44.2558,-121.1392,112
41.5272,-85.7922,107
31.3558,-85.7511,121
44.3592,-89.8369,94
37.3278,-95.5042,85
41.6264,-80.2150,107
60.1283,-149.4167,89
43.9658,-107.9508,67
42.2667,-84.4667,107
35.1442,-111.6664,112
61.2169,-149.8550,63
40.0397,-88.2778,89
64.5500,-149.0717,85
26.2500,-80.1083,157
36.9839,-77.0075,89
48.4608,-119.5167,89
40.0681,-118.5692,134
21.4500,-157.7833,81
38.8761,-98.8092,67
30.0675,-95.5561,268
44.3394,-105.5419,121
32.7800,-79.9319,81
41.0089,-74.7367,85
34.0511,-118.2353,67
37.9272,-100.7247,98
39.3792,-74.4242,134
26.5361,-81.7550,89
39.8447,-89.6839,89
37.2839,-98.5528,85
39.5703,-104.8489,116
64.3267,-158.7417,67
40.4847,-80.2144,125
30.5892,-96.3647,116
44.7694,-106.9689,54
44.0511,-101.6011,121
40.7789,-73.9692,94
44.5344,-72.6144,98
34.9894,-99.0525,103
35.3889,-97.6006,98
35.4344,-119.0542,112
33.9786,-98.4928,103
39.0725,-95.6261,76
36.3189,-119.6289,107
40.6825,-74.1694,134
40.0803,-95.5919,63
27.7839,-97.5108,94
41.9097,-70.7294,112
46.7439,-117.1086,103
42.9486,-78.7369,121
37.9917,-122.0550,112
42.6958,-73.1708,116
29.3389,-98.4719,94
42.6425,-77.0564,94
42.7431,-73.8092,116
42.0647,-104.1528,116
28.4339,-81.3250,89
44.3814,-100.2856,112
41.1519,-104.8061,121
44.3853,-74.2067,89
33.6267,-116.1594,107
37.6542,-122.1150,103
40.4422,-109.5144,103
34.0500,-94.4008,94
41.6686,-70.2800,116
33.6228,-111.9106,206
41.1583,-73.1289,148
33.6361,-91.7556,85
59.7494,-154.9089,107
39.4519,-87.3089,85
36.7800,-119.7194,98
37.0911,-95.5664,98
30.0375,-91.8839,148
42.9550,-87.9044,94
42.1469,-121.7242,103
32.3542,-95.4025,98
39.9369,-91.1919,103
41.4525,-87.0058,89
37.7214,-122.2208,107
42.9667,-83.7494,125
37.2833,-102.6139,139
45.7728,-122.8611,94
40.8764,-74.2831,116
34.6517,-112.4208,215
36.0969,-79.9433,134
33.8117,-78.7239,134
33.1783,-86.7817,67
37.5050,-77.3203,130
45.0717,-83.5644,112
45.6689,-96.9914,58
38.9408,-77.4636,112
42.8939,-85.5447,121
42.5519,-71.7558,98
32.5428,-93.7450,72
41.2639,-72.8872,152
34.2006,-118.3575,81
58.6794,-156.6294,103
62.3200,-150.0950,36
47.5303,-122.3008,76
38.5050,-107.8975,121
45.4558,-98.4131,67
45.5511,-122.4089,58
42.1094,-77.9919,112
41.6328,-91.5431,94
33.2119,-87.6161,85
46.9253,-96.8111,67
46.1569,-123.8825,107
34.9869,-81.0575,116
40.8436,-72.6322,139
41.3375,-84.4289,107
39.3669,-101.7000,139
36.3333,-119.9500,107
39.9444,-81.8922,107
33.4050,-118.4158,85
34.6294,-118.0836,143
34.4272,-100.2831,89
31.4208,-110.8458,152
37.3031,-108.6275,152
39.2292,-106.3169,72
44.5483,-95.0803,76
29.7036,-98.0281,89
33.8750,-84.3022,103
40.8217,-72.8689,143
42.5544,-92.4011,94
36.1189,-86.6892,107
32.6847,-83.6528,103
42.4092,-83.0100,103
36.6239,-87.4194,89
48.5428,-109.7633,134
32.2622,-107.7206,130
40.8203,-82.5178,98
44.2667,-71.2994,317
31.3711,-100.4922,98
35.6169,-106.0889,125
30.3208,-97.7603,89
40.0489,-107.8853,125
41.5944,-109.0528,143
35.5931,-88.9167,89
42.7611,-87.8136,94
41.5631,-83.4764,103
47.4444,-122.3139,103
46.0947,-118.2869,81
39.3450,-81.4392,98
32.3500,-91.0278,139
32.9733,-97.3181,94
27.5333,-99.4667,116
30.7797,-86.5225,85
38.6956,-121.5897,103
48.0944,-105.5744,89
33.9519,-117.4386,89
48.2553,-101.2733,121
41.4333,-99.6333,94
38.8000,-97.6500,76
71.2833,-156.7814,72
31.3347,-92.5586,72
29.6381,-95.2819,309
45.0133,-84.7014,103
42.7461,-86.0967,112
40.1519,-122.2536,98
33.5656,-86.7450,94
27.9106,-82.6875,76
42.1128,-92.9175,81
37.3711,-118.3581,183
30.4781,-87.1869,89
29.1097,-95.4619,161
40.1203,-76.2944,112
43.4075,-94.7461,76
44.6381,-90.1875,98
30.6794,-88.2397,67
32.7667,-97.4500,94
38.4167,-113.0167,157
46.4167,-86.6500,116
33.9381,-118.3889,98
47.9078,-122.2803,98
40.7794,-73.8803,139
32.7336,-117.1831,89
38.7642,-87.6056,89
45.8183,-88.1144,125
66.9161,-151.5089,40
37.7086,-113.0944,157
40.2064,-100.5914,107
46.4267,-105.8825,103
35.8922,-78.7819,143
36.0167,-102.5500,89
38.1811,-85.7392,112
26.0719,-80.1536,103
40.6331,-93.9019,85
33.6800,-117.8664,76
41.5333,-71.2833,125
28.4736,-82.4544,72
17.7028,-64.8056,139
48.5222,-123.0231,81
40.6161,-83.0636,103
38.8853,-79.8528,112
39.4019,-77.9844,112
42.4167,-87.8667,94
29.1828,-81.0483,67
43.1406,-89.3453,89
37.2958,-81.2078,98
32.3336,-104.2581,139
25.7906,-80.3164,103
26.9172,-81.9914,98
32.8342,-115.5786,116
31.9514,-85.1289,81
34.7442,-87.5997,76
33.4669,-82.0386,94
39.1667,-76.6833,134
35.9333,-79.0642,139
45.1947,-123.1339,85
18.3331,-64.9667,130
41.8678,-84.0794,94
44.3675,-71.5450,81
41.1078,-92.4467,94
36.1625,-97.0894,103
47.9375,-124.5550,121
41.1214,-100.6694,85
24.5550,-81.7522,63
43.7700,-88.4864,89
46.0261,-91.4442,98
28.8614,-96.9303,103
45.5433,-94.0514,72
41.5175,-81.6836,98
40.4719,-81.4236,103
24.5833,-81.6833,67
40.6508,-75.4492,103
41.5092,-74.2650,112
32.8519,-96.8556,103
36.8167,-76.0333,112
38.8100,-104.6883,94
34.1853,-79.7239,130
41.2433,-76.9217,107
25.9069,-80.2803,107
47.0492,-109.4578,76
36.7683,-96.0261,94
31.4156,-87.0442,85
42.3075,-85.2511,103
43.5331,-84.0797,116
36.9878,-120.1106,76
41.1389,-75.3794,116
38.7550,-109.7542,116
40.2383,-75.5572,107
35.5144,-108.7939,165
33.9706,-80.9958,76
34.2167,-119.0833,89
48.2138,-106.6213,103
35.2236,-80.9553,161
26.1522,-81.7753,81
44.5169,-108.0822,76
38.6572,-90.6558,98
47.9742,-117.4283,98
39.3756,-99.8297,76
38.8983,-119.9947,125
31.9433,-102.1889,107
34.2900,-93.0600,94
32.8167,-115.6833,103
28.0622,-81.7542,98
44.8428,-117.8086,89
39.7556,-82.6572,81
30.4000,-81.4167,85
35.2578,-93.0947,85
18.4325,-66.0108,134
34.6439,-86.7861,89
31.6072,-110.4281,210
37.2622,-104.3378,250
40.2769,-74.8158,116
42.0800,-80.1825,98
63.9944,-145.7214,76
47.3258,-106.9475,85
46.5486,-90.9189,85
55.5800,-133.0750,107
46.8706,-68.0172,134
32.8158,-117.1394,85
47.4933,-122.2144,94
30.1831,-97.6800,81
35.1822,-103.6031,63
40.8289,-115.7886,161
33.3644,-81.9633,148
39.4781,-88.2803,94
21.3167,-158.0667,89
43.3500,-73.6167,76
59.4556,-135.3239,157
30.9119,-102.9167,148
39.1258,-123.2008,81
37.7064,-112.1456,112
44.9047,-97.1494,58
45.5464,-100.4078,112
40.1667,-103.2167,157
43.1711,-86.2367,107
33.7792,-84.5214,85
60.7850,-148.8389,54
31.8606,-86.0122,116
45.0319,-102.0192,152
31.6189,-97.2283,98
35.5342,-97.6469,89
43.8789,-91.2528,89
13.4836,144.7961,63
47.2675,-122.5761,103
34.8831,-82.2203,125
44.3981,-98.2231,72
31.8311,-104.8089,192
47.6831,-117.3214,76
47.3078,-119.5153,89
39.1333,-86.6167,81
35.8550,-77.8931,89
40.7833,-91.1253,89
35.0028,-105.6628,121
39.9181,-76.8742,103
67.7317,-164.5483,98
39.6428,-79.9164,94
30.6264,-88.0681,72
40.5175,-122.2986,89
36.6206,-116.0278,170
30.3975,-84.3289,89
42.8375,-103.0953,139
28.7247,-96.2536,112
46.0139,-102.6547,121
45.9647,-112.5006,152
37.2353,-93.4003,89
38.3083,-75.1239,152
42.8914,-73.2469,116
38.0442,-87.5206,94
19.7192,-155.0531,81
30.5069,-86.9597,81
39.7075,-86.2803,98
37.1319,-76.4930,139
39.6728,-75.6008,130
26.1839,-98.2539,130
44.7408,-85.5825,112
41.7361,-72.6506,103
38.3306,-96.1897,112
22.0333,-159.7833,58
48.6033,-112.3753,107
43.4133,-124.2436,98
36.2967,-99.7689,81
34.2719,-83.8303,116
41.8706,-103.5931,112
43.8339,-111.8045,192
39.8344,-88.8656,98
39.8328,-104.6575,134
42.2706,-71.8731,125
37.6928,-121.8144,107
42.1928,-89.0931,98
37.0683,-88.7719,89
39.5936,-84.2264,89
44.0433,-103.0536,121
41.2003,-74.6231,98
33.4964,-90.0867,81
41.4131,-81.8600,148
37.1467,-94.5022,85
32.6261,-116.4681,112
36.1994,-95.8872,107
39.1033,-84.4189,94
57.1553,-170.2222,121
40.6675,-89.6839,81
46.8369,-92.2097,85
40.1764,-80.6472,112
30.7044,-87.0231,76
37.6544,-97.4425,89
37.7081,-77.4344,107
32.7817,-98.0603,72
39.4900,-121.6183,85
46.9258,-98.6692,81
31.5358,-82.5067,67
34.9000,-76.8833,103
42.8050,-72.0036,112
41.7219,-71.4325,148
35.0564,-89.9864,112
35.3331,-94.3625,89
41.3931,-70.6150,130
44.4983,-88.1111,81
36.6636,-121.6081,98
39.3667,-75.0667,116
55.0389,-131.5786,103
37.0872,-84.0769,94
34.0158,-118.4514,89
29.9506,-94.0206,210
31.3928,-92.2956,72
41.5097,-72.8278,121
42.5906,-117.8644,161
32.4833,-80.7167,157
41.6875,-69.9933,125
27.6531,-80.2428,94
43.1544,-93.3269,98
37.6242,-120.9506,103
34.7000,-77.3833,161
38.1386,-78.4530,81
41.9950,-87.9336,98
7.3333,134.4833,72
26.2281,-97.6542,112
29.3783,-100.9269,112
35.9403,-89.8308,94
34.4978,-82.7097,139
39.5781,-85.8033,81
46.1442,-115.5964,45
40.5100,-101.6200,116
70.1917,-148.4772,54
44.1708,-114.9272,107
41.3119,-105.6747,112
43.2781,-70.9222,116
42.4819,-114.4869,148
30.3489,-85.7881,94
59.4433,-151.7017,76
32.5156,-92.0406,116
33.2367,-107.2681,112
32.6808,-96.8681,179
30.3433,-89.8222,85
37.7608,-99.9683,85
42.7803,-84.5789,103
40.6239,-74.6694,85
32.7100,-96.2672,76
42.5417,-113.7661,94
35.0678,-77.0481,112
38.0494,-103.5122,116
30.8356,-85.1839,125
44.0206,-117.0128,139
38.2900,-104.4983,125
55.3567,-131.7117,112
59.2433,-135.5094,112
41.0375,-81.4642,116
29.9933,-90.2511,89
36.9358,-121.7886,112
39.3644,-84.5247,72
38.5911,-92.1558,85
47.0339,-120.5303,98
45.8258,-119.2611,85
47.4667,-87.8833,89
30.7406,-98.2353,85
31.4583,-109.6061,157
36.7436,-108.2292,197
48.7939,-122.5372,72
38.9597,-94.3714,89
39.5514,-97.6508,63
34.3622,-98.9761,103
39.2231,-106.8683,76
15.1167,145.7167,98
47.2078,-119.3192,112
40.8097,-124.1603,58
41.6236,-98.9517,81
39.8683,-75.2311,112
38.2281,-85.6636,94
41.1014,-102.9847,130
46.1236,-67.7928,134
40.7083,-84.0267,98
40.8500,-74.0614,112
38.5000,-77.3000,134
34.8536,-116.7858,130
32.8978,-97.0189,98
39.1894,-103.7158,134
36.6950,-76.1356,89
33.1281,-117.2794,89
31.1500,-92.9667,76
29.6333,-83.1053,67
42.9203,-112.5711,206
43.7694,-87.8506,85
43.6497,-70.3003,148
36.5881,-121.8453,98
30.5108,-99.7664,107
31.1828,-90.4708,130
41.7781,-80.6958,103
32.5500,-88.5667,85
34.5467,-93.5781,72
37.6703,-95.4842,94
35.9508,-85.0814,98
35.2578,-113.9331,192
45.6478,-68.6925,103
34.7336,-76.6606,130
28.5453,-81.3331,103
43.1561,-90.6775,94
26.5850,-81.8614,89
41.7419,-72.1836,98
56.6000,-169.5650,89
38.7667,-104.3000,112
41.9922,-93.6217,89
43.1111,-76.1039,107
35.7425,-81.3819,81
34.7436,-118.7242,130
33.3075,-104.5083,107
34.8994,-120.4486,103
42.6003,-123.3642,72
33.8281,-116.5053,98
48.7167,-94.6000,58
41.5339,-93.6531,89
42.3811,-122.8722,98
40.4953,-107.5211,174
47.4733,-111.3822,81
39.4839,-119.7711,130
46.9733,-122.9033,112
38.5714,-90.1572,103
47.3864,-92.8389,94
45.8678,-95.3942,81
42.2228,-83.7444,188
42.1244,-86.4267,98
37.3208,-79.2067,89
41.9856,-97.4353,54
39.2775,-120.7103,103
46.5683,-120.5428,85
43.9636,-69.7117,130
35.6575,-109.0614,148
43.3906,-99.8422,98
35.1350,-90.2344,98
35.4319,-82.5375,107
30.7439,-95.5861,116
39.0083,-95.2117,81
34.7675,-114.6189,152
39.8250,-86.2958,94
44.6500,-73.4667,116
55.2208,-162.7325,98
34.2097,-118.4892,76
41.4914,-120.5644,125
30.3567,-95.4139,246
33.4617,-80.8581,94
44.8831,-93.2289,98
47.9428,-97.1839,81
38.8317,-94.8897,103
38.8483,-77.0342,139
31.2819,-89.2531,130
43.6264,-72.3047,89
34.6719,-82.8864,250
44.9050,-123.0011,76
32.5161,-84.9422,103
41.3714,-73.4828,89
36.9647,-86.4239,72
58.3567,-134.5639,107
29.6919,-82.2756,98
39.1208,-94.5969,98
26.1658,-97.3458,94
38.0408,-84.6058,85
36.9261,-111.4478,98
29.2733,-94.8592,125
39.5264,-107.7264,94
35.8311,-90.6464,94
41.9144,-88.2464,89
41.8756,-71.0211,107
46.4047,-94.1308,67
42.3978,-90.7036,112
27.4014,-82.5586,72
37.5908,-83.3131,76
35.2100,-99.1200,103
33.4825,-90.9853,134
35.6567,-95.3614,98
44.8322,-93.4706,76
34.9914,-78.8803,130
35.2325,-75.6219,130
45.5644,-84.7928,139
61.1689,-150.0278,94
47.7472,-90.3444,94
29.9800,-95.3600,134
32.2997,-86.4075,174
34.7272,-92.2389,94
42.6650,-83.4181,103
36.2833,-94.3000,98
39.1342,-108.5400,174
33.5872,-85.8556,107
30.4844,-81.7019,112
38.1847,-84.9033,85
43.2119,-90.1814,112
40.9017,-117.8081,139
33.8719,-117.9789,76
47.1686,-88.4889,98
40.0819,-75.0111,94
41.5886,-83.8014,94
43.3497,-76.3847,121
40.8731,-81.8867,112
39.0431,-84.6717,98
25.9989,-80.2411,121
36.7367,-97.1019,107
31.3500,-85.6667,139
39.4203,-83.8217,94
41.8056,-107.1997,116
38.0511,-117.0903,192
43.1167,-77.6767,107
34.7917,-79.3661,89
42.8975,-106.4636,143
48.5614,-93.3981,54
32.1314,-110.9553,197
7.4500,151.8333,77
26.1969,-80.1708,130
36.6817,-101.5053,85
34.8461,-82.3461,161
45.6983,-110.4408,112
36.0236,-84.2375,67
41.7072,-86.3164,116
44.5761,-71.1786,112
30.7825,-83.2767,67
27.7628,-82.6261,85
33.6542,-101.8136,143
37.1681,-97.0369,94
43.1953,-71.5011,107
30.2050,-91.9875,112
26.6847,-80.0994,143
30.5372,-91.1469,125
43.1644,-95.2017,63
6.9667,158.2167,21
62.9614,-141.9292,94
42.3914,-96.3792,49
57.0481,-135.3647,72
42.9333,-71.4383,116
46.3583,-104.2500,139
45.8069,-108.5422,89
39.9492,-74.8417,94
41.7803,-124.2367,58
33.4536,-94.0075,81
47.6458,-101.4394,103
45.6044,-103.5464,130
8.7333,167.7333,107
42.5700,-72.2911,107
60.4889,-145.4511,63
35.0281,-110.7208,188
20.8997,-156.4286,134
45.4622,-69.5953,107
40.9706,-85.2064,112
32.6636,-97.0939,107
33.9486,-81.1186,81
31.2361,-94.7544,174
42.4933,-79.2722,103
40.0781,-83.0781,107
40.1936,-76.7633,130
44.3592,-84.6739,125
62.1592,-145.4589,67
66.8667,-162.6333,72
36.2667,-93.1567,85
57.7511,-152.4856,54
32.3347,-88.7442,170
42.5844,-110.1075,89
60.5797,-151.2392,76
46.2667,-119.1167,116
39.4167,-118.7167,130
42.4700,-71.2894,98
38.2103,-122.2847,121
33.9753,-117.6361,98
44.5228,-114.2150,98
37.4058,-122.0481,125
32.0311,-96.3989,125
40.6386,-73.7622,197
39.1353,-96.6778,72
62.9575,-155.6103,63
33.3633,-84.5658,89
41.6267,-73.8842,76
35.6875,-117.6931,125
34.5183,-109.3792,134
41.1783,-78.8989,112
46.6056,-111.9636,81
37.3169,-79.9742,192
42.0572,-102.8000,134
45.5406,-122.9486,76
38.6892,-75.3592,112
32.4106,-99.6822,81
46.5311,-87.5483,89
28.4567,-99.2183,107
40.0972,-92.5433,85
41.3103,-95.8992,67
42.1208,-87.9047,85
38.9833,-76.4667,112
47.4569,-115.6450,94
34.6081,-79.0592,98
25.9156,-97.4186,98
42.8783,-100.5500,112
41.7700,-88.4814,98
38.9503,-95.6639,94
36.2606,-76.1750,130
32.8547,-109.6353,224
27.9619,-82.5403,94
36.9500,-76.2833,237
29.5442,-98.4839,89
32.4506,-93.8411,89
21.3239,-157.9294,112
37.8892,-121.2258,98
41.4653,-90.5233,89
40.7342,-73.4169,152
41.9381,-72.6825,112
36.7725,-90.3247,85
33.1803,-96.5903,98
43.5950,-118.9564,76
59.5119,-139.6711,67
39.7736,-94.9233,76
33.4278,-112.0039,233
45.0619,-93.3508,85
34.7411,-118.2117,139
33.2208,-92.8142,76
32.3206,-90.0778,107
40.8206,-76.8642,98
33.9228,-118.3342,98
36.8781,-91.9025,89
30.1250,-93.2158,179
39.2447,-102.2842,125
34.0561,-117.6003,98
19.7356,-156.0489,89
43.2389,-123.3547,94
29.3331,-89.4075,54
35.6950,-101.3950,81
44.8889,-116.1017,125
42.1594,-76.8919,89
39.1019,-121.5678,85
41.3325,-122.3328,49
31.5356,-84.1944,81
42.7172,-71.1239,98
40.0228,-82.4625,98
44.3814,-106.7211,103
43.9042,-92.4917,94
42.1908,-71.1736,112
44.2033,-72.5794,89
42.7972,-105.3856,112
66.0689,-162.7639,94
41.2731,-111.0306,170
29.5189,-95.2417,228
39.7078,-77.7297,121
45.6308,-89.4653,85
40.9167,-81.4333,107
35.9461,-112.1547,116
38.3406,-75.5103,179
47.6217,-117.5281,98
31.8111,-106.3758,139
41.3275,-72.0494,139
41.0669,-73.7075,125
41.7872,-111.8533,192
21.1544,-157.0961,130
47.2381,-123.1408,72
37.3592,-121.9239,116
38.7525,-90.3736,103
45.5114,-118.4247,58
42.4272,-73.2892,116
38.0700,-102.6881,121
43.9844,-88.5569,107
34.6525,-86.9453,94
32.8192,-97.3614,89
33.2194,-117.3494,89
44.9319,-93.0556,98
40.3161,-78.8339,112
42.2314,-83.3308,103
41.2544,-80.6739,107
38.1311,-91.7683,94
61.5961,-149.0917,76
38.0653,-97.8606,85
43.5667,-116.2406,210
64.5111,-165.4400,76
30.3361,-81.5147,139
35.0419,-106.6156,134
21.9839,-159.3405,98
41.0467,-78.4117,103
40.6044,-98.4272,67
41.3336,-75.7269,94
42.5708,-77.7133,103
61.1781,-149.9664,76
32.7000,-117.2000,72
37.7836,-81.1231,125
28.1011,-80.6439,89
31.7800,-103.2017,112
31.9206,-102.3867,116
25.6475,-80.4331,161
42.1997,-75.9850,98
39.9914,-82.8808,107
42.1578,-72.7161,134
32.3847,-94.7117,89
36.9033,-76.1922,112
33.6186,-114.7142,103
40.3667,-75.9667,121
47.3978,-120.2014,63
45.7881,-111.1608,72
27.7411,-98.0247,103
35.8517,-97.4142,107
32.1300,-81.2100,107
64.8039,-147.8761,63
40.3547,-79.9217,107
35.1967,-81.1558,112
29.3600,-99.1742,98
36.4486,-103.1539,116
27.5000,-97.8167,98
33.2061,-97.1989,107
43.7331,-103.6114,94
30.7167,-87.0167,76
38.8500,-94.7392,94
41.1961,-112.0114,165
40.3300,-75.1225,94
30.2333,-81.6667,103
41.3497,-71.7989,125
41.7861,-87.7522,116
44.7978,-68.8186,121
40.2172,-76.8514,130
27.6833,-97.2833,85
48.3042,-114.2636,54
33.6300,-84.4417,94
42.5842,-70.9175,125
30.4119,-89.0808,81
43.3436,-72.5178,76
44.0219,-82.7931,112
44.3206,-69.7972,130
36.4731,-82.4044,130
48.3500,-122.6667,67
40.2964,-78.3203,98
38.7042,-93.1833,94
33.9481,-83.3275,85
9.4833,138.0833,62
37.6197,-122.3647,139
70.2117,-151.0017,63
38.3775,-121.9575,107
33.6883,-112.0817,259
30.4000,-86.4717,76
34.5583,-98.4172,103
32.8667,-117.1333,89
36.5728,-79.3361,134
40.8508,-96.7475,63
37.2847,-120.5128,107
38.5039,-122.8103,89
40.9611,-98.3136,63
43.7667,-98.0333,54
31.4000,-93.2833,67
45.6906,-118.8528,89
45.6208,-122.6572,85
37.7797,-89.2497,98
34.3478,-85.1611,107
48.1739,-103.6367,107
43.2339,-75.4117,125
37.9406,-75.4631,143
44.9258,-89.6256,98
39.6092,-110.7547,130
32.8986,-80.0403,107
30.4636,-88.5319,72
42.3606,-71.0106,107
46.4794,-84.3572,116
29.6222,-95.6564,273
39.2956,-80.2289,98
28.0836,-97.0464,85
42.2347,-85.5519,103
35.6542,-105.1419,116
39.2972,-94.7306,94
36.0719,-115.1633,170
45.5908,-122.6003,72
46.9006,-95.0678,72
36.1336,-80.2222,152
28.7797,-81.2436,81
43.1072,-78.9453,103
40.7781,-111.9694,228
41.7636,-96.1778,54
34.1231,-84.8486,139
36.3689,-92.4703,72
38.5069,-121.4950,107
44.8664,-91.4878,85
43.5878,-96.7289,67
24.7258,-81.0517,58
39.2953,-114.8467,201
42.7267,-114.4564,116
39.4494,-74.5672,143
46.3747,-117.0156,58
39.9061,-84.2186,94
38.1417,-76.4292,134
44.5444,-110.4211,54
34.2486,-82.1592,89
40.7939,-73.1017,183
35.0311,-85.2014,98
41.8031,-78.6403,116
59.6419,-151.4908,89
41.0136,-83.6686,94
46.9728,-123.9303,72
44.9358,-74.8458,67
35.8181,-83.9858,165
31.1522,-81.3908,94
36.0467,-79.4769,174
