38.5350,-121.7761,150
40.7264,-122.7947,222
38.4917,-122.1242,111
36.4622,-116.8669,172
38.6644,-94.8900,22
38.0047,-120.4864,144
26.5581,-99.1372,106
40.7142,-122.4161,167
26.8400,-81.0872,272
38.4931,-122.0047,150
29.4608,-101.0286,167
37.9050,-93.3169,44
40.6117,-122.5281,89
33.6731,-111.1508,156
25.8175,-80.2858,283
33.7092,-93.5564,-178
43.8544,-116.4664,-178
39.0744,-96.8983,6
34.9881,-120.3211,183
32.2822,-106.7597,161
21.3153,-157.9992,283
34.5822,-119.9817,189
30.2003,-92.6642,139
37.7967,-121.5828,167
43.5492,-71.4647,-178
39.1172,-95.4097,11
28.4675,-98.2525,156
36.5508,-114.4581,128
