45.8981,-86.5483,315
46.2314,-112.1136,16
39.4206,-79.0050,270
38.6644,-94.8900,360
47.2753,-88.4169,315
40.1100,-87.9567,315
47.6497,-120.0800,345
30.5347,-94.4456,240
41.8161,-80.4250,310
41.0103,-103.8769,45
39.7750,-105.1169,280
47.2919,-88.4208,336
40.5764,-105.0858,150
39.7194,-76.8028,250
45.6656,-97.0392,225
44.4933,-68.4583,330
34.6242,-106.3103,310
34.2183,-116.4072,240
34.1206,-115.8500,315
45.4525,-99.3358,340
47.0083,-88.4317,315
41.7392,-77.9711,270
39.0733,-93.7075,270
39.6442,-74.8072,17
40.9656,-105.2186,270
61.2967,-149.4400,0
39.1439,-103.4897,65
40.8600,-102.8031,45
48.0750,-111.2597,0
48.9981,-110.2158,300
40.6558,-97.2208,350
35.0761,-89.7430,360
47.0111,-109.2261,113
41.2847,-105.5319,292
45.8981,-86.5483,315
46.2314,-112.1136,16
39.4206,-79.0050,270
38.6644,-94.8900,360
47.2753,-88.4169,315
40.1100,-87.9567,315
47.6497,-120.0800,345
30.5347,-94.4456,240
41.8161,-80.4250,310
41.0103,-103.8769,45
39.7750,-105.1169,280
47.2919,-88.4208,336
40.5764,-105.0858,150
39.7194,-76.8028,250
45.6656,-97.0392,225
44.4933,-68.4583,330
34.6242,-106.3103,310
34.2183,-116.4072,240
34.1206,-115.8500,315
45.4525,-99.3358,340
47.0083,-88.4317,315
41.7392,-77.9711,270
39.0733,-93.7075,270
39.6442,-74.8072,17
40.9656,-105.2186,270
61.2967,-149.4400,0
39.1439,-103.4897,65
40.8600,-102.8031,45
48.0750,-111.2597,0
48.9981,-110.2158,300
40.6558,-97.2208,350
35.0761,-89.7430,360
47.0111,-109.2261,113
41.2847,-105.5319,292
