45.8981,-86.5483,121
46.2314,-112.1136,85
39.4206,-79.0050,232
47.8344,-120.0006,9
38.6644,-94.8900,143
47.2753,-88.4169,89
40.1100,-87.9567,152
47.6497,-120.0800,36
35.5953,-82.5567,179
30.5347,-94.4456,36
41.8161,-80.4250,112
41.0103,-103.8769,134
37.1317,-86.1481,139
39.8814,-77.3506,107
39.7750,-105.1169,125
47.2919,-88.4208,148
40.5764,-105.0858,85
39.7194,-76.8028,161
45.6656,-97.0392,139
44.4933,-68.4583,143
34.6242,-106.3103,107
38.5039,-95.7036,156
34.2183,-116.4072,54
34.1206,-115.8500,63
45.4525,-99.3358,143
42.3997,-89.9903,139
61.5889,-149.0992,0
47.0083,-88.4317,116
41.7392,-77.9711,80
39.0733,-93.7075,161
47.8306,-110.6608,40
40.8250,-92.8925,156
41.1586,-96.1922,179
40.9656,-105.2186,206
61.2967,-149.4400,0
39.1439,-103.4897,143
61.1025,-149.7169,40
40.8600,-102.8031,156
48.0750,-111.2597,0
48.9981,-110.2158,98
40.6558,-97.2208,161
45.0961,-112.0856,58
34.7994,-109.8850,54
35.0761,-89.7430,89
47.0111,-109.2261,31
41.2847,-105.5319,139
45.8981,-86.5483,121
46.2314,-112.1136,85
39.4206,-79.0050,232
47.8344,-120.0006,9
38.6644,-94.8900,143
47.2753,-88.4169,89
40.1100,-87.9567,152
47.6497,-120.0800,36
35.5953,-82.5567,179
30.5347,-94.4456,36
41.8161,-80.4250,112
41.0103,-103.8769,134
37.1317,-86.1481,139
39.8814,-77.3506,107
39.7750,-105.1169,125
47.2919,-88.4208,148
40.5764,-105.0858,85
39.7194,-76.8028,161
45.6656,-97.0392,139
44.4933,-68.4583,143
34.6242,-106.3103,107
38.5039,-95.7036,156
34.2183,-116.4072,54
34.1206,-115.8500,63
45.4525,-99.3358,143
42.3997,-89.9903,139
61.5889,-149.0992,0
47.0083,-88.4317,116
41.7392,-77.9711,80
39.0733,-93.7075,161
47.8306,-110.6608,40
40.8250,-92.8925,156
41.1586,-96.1922,179
40.9656,-105.2186,206
61.2967,-149.4400,0
39.1439,-103.4897,143
61.1025,-149.7169,40
40.8600,-102.8031,156
48.0750,-111.2597,0
48.9981,-110.2158,98
40.6558,-97.2208,161
45.0961,-112.0856,58
34.7994,-109.8850,54
35.0761,-89.7430,89
47.0111,-109.2261,31
41.2847,-105.5319,139
