31.6164,-94.6431,61
33.7092,-93.5564,0
35.0489,-97.9158,145
37.5147,-122.0325,175
42.7467,-71.0425,37
31.3706,-100.4942,246
38.4931,-122.0047,71
44.8831,-85.6753,169
40.2233,-86.1086,31
32.8522,-95.8864,135
37.9931,-100.8122,163
36.0147,-85.1314,35
18.0331,-67.0722,100
32.8964,-107.3078,196
39.8114,-99.9386,217
39.1172,-95.4097,159
35.4139,-86.8086,64
39.6619,-99.1228,23
41.4439,-86.9294,151
39.0303,-76.9314,43
39.4031,-99.4192,80
32.8242,-95.5275,200
42.9592,-120.7897,60
30.7931,-94.1819,105
40.2539,-85.1483,40
33.4692,-88.7822,37
35.2006,-103.6867,80
33.1461,-107.1842,216
36.5508,-114.4581,171
32.9203,-94.7225,138
38.4661,-101.7758,198
40.6117,-122.5281,11
44.0622,-103.4819,69
40.7142,-122.4161,92
40.7264,-122.7947,103
36.4711,-86.8414,61
41.0267,-86.5867,35
33.8300,-88.5214,45
34.1381,-88.9983,82
34.1647,-88.7239,80
32.3378,-89.0817,48
34.7281,-90.3683,77
40.0892,-99.2133,124
36.3444,-88.8636,66
43.5492,-71.4647,71
35.6214,-88.8456,85
47.6811,-117.6267,39
44.3089,-85.2050,71
47.7283,-104.1467,69
39.9000,-98.0256,816
45.9228,-108.2444,87
33.7542,-99.1442,153
42.3806,-96.9575,10
34.5989,-103.2161,195
39.3925,-101.0689,177
31.9497,-91.2336,11
46.8706,-68.0172,140
25.8175,-80.2858,2
38.4917,-122.1242,43
43.8544,-116.4664,35
39.2475,-96.5994,103
38.5200,-89.8467,72
27.4272,-80.4053,154
38.0047,-120.4864,39
40.0839,-88.2403,10
34.9881,-120.3211,71
36.8047,-107.6214,61
18.2583,-65.9922,6
44.1183,-121.2103,58
31.2022,-93.5725,188
46.7281,-116.9558,74
42.1231,-111.3133,98
34.5822,-119.9817,53
26.5581,-99.1372,0
34.6033,-104.3811,108
41.9342,-88.7756,134
39.0172,-92.7558,80
30.7053,-104.0233,101
26.8400,-81.0872,100
39.0422,-108.4664,119
38.7978,-99.7231,108
43.8083,-111.7892,106
35.6872,-90.0964,224
40.7833,-81.9167,40
32.4219,-93.6381,154
37.7617,-117.5658,288
37.3822,-102.2986,216
36.6897,-108.3086,72
34.5697,-93.1947,21
31.8769,-105.2369,60
35.7197,-86.9653,37
29.6211,-96.3661,148
34.1864,-90.5572,56
35.3872,-76.7764,182
40.5764,-105.0858,42
34.0828,-106.8831,56
33.0642,-101.0489,154
34.8219,-89.4347,3481
33.1481,-95.6269,0
30.2003,-92.6642,77
35.1297,-89.8036,35
40.1550,-103.1417,153
42.1397,-87.7853,68
35.8819,-83.9572,29
30.8408,-89.5453,10
43.4033,-103.2683,51
44.3253,-96.7686,346
39.5039,-98.3150,156
32.2822,-106.7597,76
30.0689,-94.2928,261
61.5664,-149.2542,151
38.9408,-95.3397,53
38.8586,-99.3358,193
35.1131,-89.2122,32
40.1739,-101.0611,130
45.6911,-118.8522,101
36.1056,-82.8436,43
39.9614,-86.0586,27
