26.5581,-99.1372,117
34.0828,-106.8831,33
37.1503,-104.5567,39
33.7092,-93.5564,67
35.4072,-104.1906,56
30.2003,-92.6642,94
39.0744,-96.8983,67
38.5350,-121.7761,133
38.4917,-122.1242,100
45.9228,-108.2444,-178
33.7542,-99.1442,67
33.6731,-111.1508,150
37.7967,-121.5828,161
38.0047,-120.4864,122
34.5822,-119.9817,122
28.4675,-98.2525,106
37.9050,-93.3169,61
34.9881,-120.3211,100
26.8400,-81.0872,233
40.7142,-122.4161,94
36.5508,-114.4581,83
36.4622,-116.8669,172
39.1172,-95.4097,50
25.8175,-80.2858,228
40.6117,-122.5281,128
32.2822,-106.7597,94
38.4931,-122.0047,122
43.8544,-116.4664,-178
35.7047,-101.5492,56
38.6644,-94.8900,72
