40.1100,-87.9567,0
35.3647,-96.9481,89
32.4714,-87.2314,189
33.9208,-96.3203,100
35.2006,-103.6867,94
35.8489,-97.4797,111
35.9986,-97.0481,83
36.4231,-99.4167,111
38.4931,-88.9703,72
39.4833,-83.8500,44
34.6892,-86.8819,133
40.4750,-86.9919,17
34.5658,-96.9503,111
35.1131,-89.2122,128
36.1056,-82.8436,122
44.9847,-93.1772,0
30.5497,-84.5836,189
36.0719,-99.9031,106
34.5872,-99.3381,117
41.0267,-86.5867,44
34.9897,-99.0528,122
34.7156,-97.2292,100
34.5289,-97.7647,100
34.5989,-103.2161,67
34.3086,-95.9969,78
36.0908,-106.0567,100
39.7194,-76.8028,61
36.0147,-85.1314,94
36.7081,-98.7094,106
31.0383,-85.8708,211
43.2828,-123.3536,117
36.2633,-98.4975,106
34.7986,-96.6692,94
35.1228,-99.3600,122
32.8986,-80.0403,178
40.2539,-85.1483,44
34.1936,-97.5881,94
34.1381,-88.9983,133
36.5994,-89.9894,33
33.8936,-97.2692,89
35.6528,-96.8042,89
36.6897,-108.3086,83
35.0708,-96.3561,94
36.7542,-97.2544,106
36.0286,-99.3464,111
35.5083,-98.7750,111
45.5900,-95.8744,0
63.9033,-152.2817,-33
35.6872,-90.0964,100
31.9461,-90.3775,122
35.0322,-97.9144,100
31.2353,-88.9186,156
44.2394,-95.3153,6
34.3325,-96.6789,94
35.9328,-88.7267,67
36.3925,-89.0317,156
36.7925,-97.7458,100
34.1864,-90.5572,78
44.0708,-93.5264,0
32.2061,-90.5133,183
38.7386,-87.4878,67
31.3706,-100.4942,133
41.6661,-111.8914,28
34.6089,-96.3331,100
46.7281,-116.9558,83
35.4017,-99.0583,122
47.0575,-109.9514,56
38.5200,-89.8467,50
34.8219,-89.4347,156
34.8358,-99.4239,117
40.8142,-85.1547,6
35.4842,-98.4814,89
42.0208,-93.7742,11
45.4825,-120.7236,94
36.7256,-99.1422,106
30.5467,-87.8808,172
39.3925,-101.0689,44
35.5914,-99.2706,128
34.5519,-96.7178,94
36.1903,-99.0403,117
45.6750,-111.1550,61
34.2281,-97.2014,100
35.2050,-99.8033,111
36.3558,-97.1531,106
36.8981,-96.9103,106
35.3736,-83.7006,100
29.6211,-96.3661,128
34.1925,-86.7972,139
33.4692,-88.7822,128
34.1647,-88.7239,89
34.0356,-96.9433,94
34.4397,-99.1375,117
40.7928,-87.7556,6
35.4139,-86.8086,44
35.7197,-86.9653,94
40.7833,-81.9167,22
33.7092,-93.5564,111
36.1208,-97.0953,106
31.3625,-85.3397,172
34.9142,-98.2922,106
36.4119,-97.6939,117
34.7292,-98.5694,89
36.7481,-98.3628,111
36.3842,-98.1114,111
35.5483,-98.0364,94
31.4269,-94.8942,122
63.9647,-145.1050,-67
38.5350,-121.7761,167
32.4219,-93.6381,167
34.7281,-90.3683,83
44.6342,-123.1900,100
41.4439,-86.9294,28
34.1922,-97.0858,106
36.0642,-97.2128,117
36.2872,-88.2958,111
33.3867,-97.7164,139
38.9422,-92.3200,67
44.8831,-85.6753,6
34.2392,-98.7444,122
34.9678,-97.9519,106
35.2358,-97.4647,94
31.8769,-105.2369,156
34.8494,-97.0031,89
35.5461,-99.7278,122
40.0739,-87.5067,28
35.8542,-97.9544,122
39.3669,-101.7000,56
40.9361,-90.7197,33
32.8472,-97.4761,150
35.8819,-83.9572,133
36.4711,-86.8414,83
34.1678,-97.9883,117
39.8058,-90.8236,28
34.8083,-98.0233,106
35.2722,-97.9553,94
41.1453,-85.4897,17
40.4719,-74.4364,50
42.1397,-87.7853,22
36.1167,-97.6067,117
34.9819,-97.5208,100
35.8989,-98.9603,111
35.1867,-102.0797,100
34.6856,-99.8333,122
30.7342,-85.0306,194
34.3997,-98.3458,94
36.1472,-97.2858,111
34.7675,-106.7611,100
35.5419,-97.3414,89
33.2422,-103.3611,128
31.1414,-87.0486,167
36.3444,-88.8636,67
36.9869,-99.0108,100
34.7392,-90.7664,56
35.8417,-98.5261,111
35.1714,-96.6311,100
35.6214,-88.8456,83
35.1489,-98.4658,100
35.1297,-89.8036,100
36.8314,-99.6411,106
