33.0642,-101.0489,89
33.4258,-111.9217,20
34.5822,-119.9817,28
28.0372,-97.8725,58
30.0689,-94.2928,38
33.1481,-95.6269,48
30.6836,-97.7172,23
35.7047,-101.5492,86
31.0372,-97.5283,0
33.6731,-111.1508,36
26.8400,-81.0872,46
35.6414,-106.3322,38
30.7931,-94.1819,23
32.2822,-106.7597,56
37.1503,-104.5567,28
32.9203,-94.7225,18
36.2403,-106.4278,33
35.3886,-106.5439,41
37.7967,-121.5828,13
32.9506,-97.0553,41
40.7142,-122.4161,64
38.0633,-102.9297,33
21.3153,-157.9992,-69
34.6603,-82.8236,18
32.2631,-96.6369,28
40.1100,-87.9567,0
18.0331,-67.0722,51
31.9497,-91.2336,0
28.4675,-98.2525,51
31.6164,-94.6431,8
38.5350,-121.7761,43
38.4931,-122.0047,18
31.0619,-94.1011,-3
32.6475,-97.4439,10
35.4072,-104.1906,38
30.8408,-89.5453,43
29.4608,-101.0286,48
26.3769,-98.8117,41
32.4219,-93.6381,0
26.5581,-99.1372,46
38.4917,-122.1242,20
33.3192,-95.6039,20
37.5147,-122.0325,25
34.1647,-88.7239,0
30.7053,-104.0233,66
30.2003,-92.6642,13
40.6117,-122.5281,8
36.9969,-119.7072,8
36.4622,-116.8669,58
33.1461,-107.1842,104
32.8964,-107.3078,66
31.3706,-100.4942,66
29.6211,-96.3661,20
38.0047,-120.4864,20
32.8522,-95.8864,25
25.8175,-80.2858,74
33.7092,-93.5564,0
26.1781,-97.9708,51
18.2583,-65.9922,38
36.5508,-114.4581,58
40.7264,-122.7947,20
35.1161,-93.6506,0
32.7547,-104.3836,76
28.7156,-97.1742,20
43.5492,-71.4647,0
32.8242,-95.5275,15
31.9611,-96.6881,38
26.5650,-98.1236,41
34.9881,-120.3211,28
