41.4089,-87.3899,315
39.1300,-111.4400,2718
40.7257,-104.9662,5
39.9660,-105.5125,97
41.1500,-106.9700,4267
61.3900,-150.0300,635
40.0958,-88.2620,122
45.2500,-121.7400,254
41.7200,-92.7489,0
38.3299,-97.7787,0
40.7351,-73.2212,1524
42.8700,-109.0900,1880
40.1951,-105.1323,5
39.0664,-89.7281,251
40.1498,-87.6267,79
33.0100,-107.8700,610
40.3100,-105.6400,3302
42.2200,-122.3700,0
42.7347,-71.4803,0
41.4600,-106.2800,4293
43.2300,-121.8100,0
45.5100,-111.9200,3200
45.1700,-113.5800,6655
40.3385,-105.0895,30
38.7873,-82.9779,0
48.7200,-120.6600,8611
42.7000,-120.8000,1346
37.5000,-113.9400,102
45.4000,-123.1830,0
40.1275,-79.4058,76
38.8319,-107.9670,0
38.3644,-86.8453,145
37.8500,-105.4400,1067
43.8600,-114.2100,1676
41.3800,-111.9200,1397
40.3500,-106.3800,3353
40.6800,-110.9500,3226
35.0700,-111.8400,0
27.9855,-81.7902,0
40.0414,-105.0729,15
34.7337,-86.5565,46
37.6799,-92.6615,140
37.7000,-107.7800,2515
42.0772,-91.3028,229
38.9811,-76.7811,99
44.5847,-85.3653,0
47.8800,-117.0900,1575
40.8100,-105.7700,3073
38.9036,-76.7259,81
43.3400,-110.4300,3810
40.5933,-111.7922,8
36.9300,-92.2700,104
45.1900,-109.3500,2667
42.7858,-91.0958,152
41.2800,-85.4729,231
38.0800,-110.7700,864
46.9500,-116.3400,25
36.2500,-115.6300,0
42.0478,-71.0050,0
40.7819,-79.2375,0
45.4500,-122.0300,0
48.1300,-115.6200,3683
38.6700,-119.8200,0
41.1600,-106.9300,3226
44.6100,-111.1500,2337
46.6218,-112.0420,18
47.3700,-121.4400,1727
35.6283,-108.7928,0
45.2700,-111.4300,2819
36.1912,-81.7682,20
38.4729,-91.8335,38
43.1158,-85.5642,559
37.9900,-107.2000,2159
47.0421,-114.0968,53
37.7847,-79.9165,165
45.8800,-113.3300,2007
40.3800,-115.5300,1829
44.3500,-107.0100,1321
38.3000,-112.3600,1600
43.8800,-114.6700,3277
34.7200,-86.7361,48
34.8344,-84.2185,25
42.7100,-118.6300,4928
38.8856,-107.6013,0
45.6578,-111.0272,48
37.6491,-104.9336,3
40.4712,-88.6196,8
39.3200,-114.6200,1524
43.5900,-122.0600,1448
46.7544,-117.0005,0
34.6388,-86.2577,25
38.2900,-105.8500,2362
40.5462,-74.5287,356
37.6500,-108.0100,1346
37.5800,-112.9000,1016
36.5800,-105.4600,2438
35.1404,-84.2961,15
40.0731,-86.2761,76
36.4003,-84.8954,531
45.1900,-115.9700,5182
40.6700,-111.2200,2057
36.0512,-83.9862,145
61.1100,-149.6700,813
40.2522,-80.0539,28
39.3500,-112.3300,1448
42.8200,-110.8400,5309
33.7014,-84.5722,0
48.1900,-118.4600,356
43.6700,-122.5700,0
48.9300,-121.2000,9627
40.0300,-105.5800,2896
45.7000,-115.2300,5334
40.9436,-74.1523,572
34.7293,-87.6472,0
43.8200,-114.2600,3378
41.8300,-115.4500,3150
47.7657,-122.3001,0
44.4560,-92.2907,160
46.8400,-112.5100,3226
38.3139,-81.7186,279
45.0700,-116.4500,2743
42.8972,-85.7791,782
39.0900,-106.5400,2438
41.7900,-111.5500,2845
48.8000,-113.8600,7722
42.4194,-94.9761,0
46.8100,-116.8500,1397
36.8805,-86.1717,330
42.0800,-123.3400,0
39.0172,-92.7558,0
40.8737,-85.2148,254
39.5794,-85.5713,163
34.5346,-85.7563,61
48.0600,-116.2300,4216
43.9917,-79.6778,556
39.9422,-83.8053,102
38.9900,-106.7500,2083
45.3201,-85.2437,0
47.1800,-114.3300,2870
40.5998,-105.1151,13
39.9918,-86.0789,48
39.8700,-105.8700,3658
38.4800,-112.3900,1448
40.8900,-105.6600,1753
34.8794,-83.5511,20
40.7400,-109.6700,762
43.0608,-86.2047,533
42.2100,-121.1300,0
40.0638,-85.6916,81
39.1600,-114.6100,1702
38.9200,-119.9200,1549
38.7700,-111.6800,3251
38.6700,-119.6100,914
42.1300,-120.8400,0
44.8000,-107.8400,3327
48.3700,-116.6400,6147
39.1400,-120.2200,1092
44.5900,-111.1200,3531
47.3638,-120.2284,0
44.4400,-121.9500,0
39.1607,-77.9885,102
44.0200,-113.4700,2159
36.0700,-105.6300,2235
45.5000,-110.0800,178
44.7700,-116.2500,2007
40.5460,-105.0731,28
31.1200,-81.9300,0
60.9800,-153.9200,483
44.0100,-118.8400,0
44.3000,-122.0400,0
36.5759,-82.2155,251
42.7600,-112.4800,2311
40.6600,-75.0080,300
47.0000,-113.9300,7214
46.1800,-117.5400,305
43.8000,-114.8500,6172
43.1700,-110.1400,3378
40.5500,-110.6900,1016
44.5900,-111.8200,1041
44.6300,-115.7900,4699
39.2900,-106.5500,2642
39.4200,-111.2500,1626
39.0200,-107.0500,4039
65.2500,-146.1500,838
44.8100,-107.4100,1219
45.6000,-111.9600,3099
38.0131,-75.3978,43
38.7338,-120.7110,0
46.2507,-119.3197,0
37.6100,-105.3700,1321
40.7600,-111.6300,2515
33.9055,-83.3448,0
42.0500,-122.8500,1727
42.2600,-112.1300,940
40.7900,-106.6000,5385
48.2000,-120.9200,9500
39.6671,-104.9898,51
46.5600,-111.2900,3556
37.5200,-112.2700,914
47.5300,-115.7800,1626
60.7800,-149.1800,2997
40.7228,-105.0680,10
41.0700,-106.9400,4216
46.1900,-122.2500,0
34.7345,-86.2100,18
42.3778,-87.9674,249
39.8846,-105.0156,102
34.8044,-86.8304,66
44.2100,-103.7900,1473
48.9700,-115.9500,3937
48.3600,-119.0800,1346
39.8600,-106.4200,2845
38.8394,-80.3963,282
37.0475,-86.2033,556
39.0284,-88.5659,224
32.7904,-105.8204,0
44.6987,-99.4139,13
44.4200,-121.8600,0
42.5300,-122.1800,0
46.2400,-117.3900,0
41.2500,-111.4100,2032
40.7494,-96.5928,0
47.5600,-115.8200,2565
40.4235,-87.0049,33
35.3933,-82.8140,122
48.8800,-121.2600,3429
41.5800,-120.3000,686
42.7000,-108.9000,1245
39.2728,-82.2430,157
42.1500,-110.6800,2184
43.3439,-91.6443,127
41.6425,-86.0415,361
34.7296,-86.7048,15
33.9837,-83.1378,0
39.2269,-96.9622,0
39.7006,-85.8950,160
48.3100,-114.8400,1524
37.9700,-106.5600,1219
37.3300,-105.0700,229
41.4100,-111.8300,432
40.0400,-105.5400,2286
42.6472,-78.7111,1575
41.9700,-111.6000,4140
40.1467,-79.8986,25
42.3800,-122.3500,0
29.2650,-81.0472,0
41.8700,-115.2500,3048
29.6849,-95.2197,0
47.2800,-121.6700,0
47.9200,-112.8200,3658
36.9600,-106.6600,1346
40.9100,-109.9600,1219
43.3800,-109.8800,2743
40.7900,-111.1200,1981
42.1619,-71.5117,0
45.4788,-122.7692,0
44.5200,-122.0900,0
40.6500,-115.3800,1499
44.7900,-116.0900,0
39.2619,-86.5936,320
39.2500,-119.8800,0
48.9100,-114.7700,2489
42.4650,-92.3410,71
46.8400,-116.1200,4801
35.5813,-88.8306,155
43.1300,-110.2000,2870
40.4900,-112.6100,1956
46.3118,-116.0553,0
38.6100,-119.9200,2007
60.5500,-145.7500,864
40.5500,-110.3500,762
40.5538,-105.1289,20
47.1600,-121.4200,584
37.6800,-112.8600,2007
44.7900,-111.7100,2159
39.2900,-117.1100,1448
44.4400,-113.3200,2616
40.3700,-106.7400,4318
41.7392,-77.9711,0
42.6000,-116.5600,0
39.5483,-74.8671,109
29.7409,-97.6802,0
46.1800,-121.9300,0
45.1226,-93.4579,79
63.9400,-145.4000,889
40.5050,-104.9578,13
41.0233,-100.3669,0
39.7194,-76.8028,152
41.7800,-116.0300,508
47.2800,-121.4700,0
43.7194,-90.5300,178
43.5200,-110.9100,5029
40.4000,-105.8500,1956
46.6700,-110.3300,2007
39.4206,-79.0050,0
34.2650,-88.7658,0
37.9018,-88.9341,112
33.9800,-109.5000,508
43.6100,-113.9300,1168
41.2986,-104.8278,8
39.1762,-74.7515,114
37.1682,-80.4443,76
42.5200,-111.9600,2769
37.4300,-108.1700,1473
42.5300,-110.6600,5512
37.8900,-107.7100,3073
44.4300,-120.3300,0
43.3900,-110.1300,2591
40.4069,-105.4063,30
37.7500,-112.7800,1600
46.5700,-115.7400,2007
40.6348,-105.1487,13
44.1600,-107.1300,2362
39.3542,-101.6996,0
37.1499,-93.3310,173
45.7942,-65.5907,1608
34.4552,-86.7744,0
39.6490,-80.7382,86
43.2900,-116.8500,76
40.1385,-89.3456,74
39.6100,-111.3000,2591
40.5700,-112.1700,1880
45.4943,-110.2250,239
35.4606,-81.3296,0
42.9600,-110.6100,5283
39.8994,-86.1283,84
33.6500,-109.3100,1448
39.8084,-105.1115,53
43.6700,-109.3800,1803
46.4700,-113.3900,610
35.1036,-85.1790,20
47.4500,-112.8100,1524
40.8600,-115.2200,0
41.8200,-116.1000,2464
38.6033,-92.2188,71
47.5749,-120.5976,0
41.4128,-75.8244,152
58.1900,-133.8300,3683
35.8113,-84.0839,86
45.1900,-119.2500,1981
39.8900,-110.7500,1346
48.5050,-121.4800,0
38.3833,-81.8344,203
39.8695,-105.0260,112
39.6090,-104.9822,33
48.6600,-119.8400,1676
40.3000,-111.2600,2108
39.3470,-89.3455,191
45.7000,-118.1100,2743
62.0700,-142.0500,483
36.2012,-83.3891,127
45.5600,-118.4500,0
42.2898,-73.3195,803
39.6811,-77.2914,0
44.4700,-114.4900,3683
33.6239,-117.6275,0
44.7878,-105.2674,8
40.3900,-106.6000,3988
42.6800,-91.8750,51
43.6695,-116.2653,0
47.2300,-120.2900,864
36.7900,-105.2400,1219
36.9544,-86.3366,427
34.9842,-83.3917,76
38.3455,-120.7719,0
40.7400,-110.6200,2743
42.4400,-122.2300,1245
43.9300,-115.6700,5105
38.0700,-119.2300,864
35.3007,-77.6762,0
42.1800,-114.2900,4064
40.0800,-106.6700,2134
44.4400,-111.9900,1473
37.8700,-109.4500,1676
37.7900,-108.0200,1092
47.2000,-121.7800,0
39.6700,-105.9000,3404
35.4049,-78.6810,0
46.8700,-113.2800,2464
45.0600,-109.9400,6655
38.5015,-87.2596,102
45.0500,-109.9100,5537
39.9575,-78.5638,97
46.3500,-121.5100,2210
39.5722,-105.1221,10
64.9500,-145.5200,813
46.2084,-119.1658,0
41.2098,-81.3548,607
34.8903,-83.7087,15
42.9328,-76.5447,0
38.3000,-119.5500,0
45.0100,-110.0100,2388
40.4600,-112.2500,254
43.7370,-116.7327,0
35.9695,-84.3855,157
36.0212,-84.2234,231
39.4900,-120.2800,0
45.0000,-117.1700,4318
47.2700,-121.3400,1016
40.8600,-110.8000,1702
37.9875,-91.6011,79
42.6400,-120.9500,0
45.9800,-117.9500,4496
43.8885,-70.2944,0
40.7700,-110.0100,1499
37.6000,-112.9200,940
41.5417,-87.2715,173
38.1600,-106.6000,940
46.9100,-110.8500,2997
38.3042,-104.7440,0
35.1555,-85.2669,61
44.1400,-121.6400,610
36.6144,-93.8363,198
39.8612,-104.9382,61
41.2300,-105.3800,940
44.6100,-116.9800,2642
46.1200,-117.8500,2667
39.5385,-76.3788,5
35.1400,-112.1500,0
41.7788,-107.1169,3
46.1400,-114.4500,2743
43.7000,-109.6700,3023
38.4849,-92.4041,66
41.3300,-106.5000,1600
39.6249,-75.7861,0
43.9000,-122.0300,0
37.0580,-93.4054,211
62.1300,-150.0400,965
45.6357,-110.4331,157
41.0000,-106.9100,4826
44.5292,-109.0755,15
33.8000,-109.1500,0
43.2800,-109.4500,1626
40.5759,-105.0858,20
40.3600,-116.8600,102
40.9500,-110.4800,1549
43.6000,-114.6700,4953
35.6345,-117.9782,0
33.4387,-88.8695,0
44.9500,-111.3600,3073
38.6639,-77.9756,46
47.7500,-121.0900,2921
36.3100,-115.6800,914
44.4600,-110.1400,2616
37.5505,-94.5092,0
61.6185,-149.1258,5
48.9500,-118.9900,889
35.7800,-105.5400,1905
39.1400,-111.5100,3607
38.9902,-77.0081,102
42.5700,-108.8400,2134
41.3100,-111.4500,3251
48.3000,-113.3300,1295
39.3300,-120.3700,991
44.6600,-118.4300,1499
41.7500,-117.5300,127
42.4900,-110.5300,3048
44.2100,-118.6400,1092
39.7706,-77.0325,25
42.5900,-108.9000,2083
35.0681,-86.2745,41
38.6451,-85.3552,277
38.6064,-90.3880,76
39.0900,-107.6300,1499
44.2600,-119.0200,0
39.9400,-112.4100,1016
40.8500,-106.9700,2769
35.7892,-81.3455,0
45.6138,-111.0566,51
42.0500,-111.6000,4826
40.8300,-111.7600,3048
37.7000,-112.6500,178
37.2100,-105.2000,2261
42.5192,-76.3311,0
42.8532,-90.7086,51
45.1100,-119.5000,0
48.8200,-121.9300,2667
36.1648,-81.6055,163
40.8800,-110.5400,1448
38.5000,-112.0100,1295
34.7015,-86.0978,25
38.8800,-112.2500,3226
39.2400,-111.5200,1778
61.7900,-149.2800,1753
42.7200,-123.2000,0
45.2700,-117.6900,3810
37.4800,-106.8000,2718
39.4034,-107.1066,13
42.8181,-106.3455,51
46.8700,-121.5300,2362
65.1200,-146.7300,737
37.4000,-113.4600,1346
35.2143,-85.1217,76
36.2393,-88.0800,333
48.4300,-113.9400,2870
33.3700,-108.7100,1041
38.0500,-111.3400,1778
47.2900,-120.3700,1422
47.6013,-122.6043,0
37.4900,-106.8400,2718
47.4300,-113.7800,1956
38.6811,-77.7678,533
39.6800,-110.4300,965
46.0900,-121.7600,2134
35.2700,-111.7400,25
41.5800,-115.9300,0
47.9800,-114.3500,1956
39.6999,-74.9971,89
44.2100,-110.6700,5436
36.2247,-92.2874,157
47.0600,-112.6000,889
44.1300,-110.8300,6299
39.8174,-105.1550,61
45.8900,-110.9400,5105
39.0589,-92.4370,168
40.8800,-106.0500,2159
46.1400,-114.5100,7823
47.7100,-123.4600,1270
45.5519,-116.3028,0
44.8000,-109.6600,2819
41.0164,-93.2792,0
48.0600,-112.7600,635
48.8600,-121.4400,7874
44.4800,-110.1600,3556
39.4500,-120.2900,0
36.2528,-81.9136,152
46.6400,-121.3800,1422
45.4300,-121.8600,0
39.0800,-106.6100,2997
46.6400,-121.8300,0
45.4505,-98.5086,0
44.8122,-106.9763,46
40.8400,-111.7100,3962
40.5764,-105.0858,102
40.5321,-105.0253,18
43.7800,-110.9300,7874
36.3300,-109.0600,51
44.8353,-122.6836,0
40.1400,-105.5900,4191
40.1833,-89.5779,33
35.2276,-81.9767,0
43.5706,-91.2294,102
60.1900,-149.6200,635
44.5400,-115.5600,6833
45.6325,-110.5836,28
41.8262,-105.2054,13
38.9386,-77.1133,0
33.9000,-109.1600,0
44.8700,-118.1100,102
41.9900,-120.1800,3429
35.2600,-112.0600,0
40.9700,-111.8100,2540
43.4700,-107.2400,1778
41.6600,-115.3200,1702
46.5600,-115.2900,8814
36.5245,-92.7520,234
36.5869,-93.2692,168
37.7398,-89.8603,0
35.5395,-82.6444,0
42.6500,-109.2600,2108
36.2010,-81.8710,10
47.2800,-120.4900,1829
45.6063,-122.5104,0
35.4932,-83.0127,13
46.8886,-102.3192,0
40.8123,-72.7718,30
41.3800,-111.9400,4089
59.7400,-151.2500,76
62.6300,-150.7800,2134
39.1900,-120.2600,4140
35.5344,-77.3821,0
39.5600,-114.6300,762
44.7591,-123.2325,0
38.7000,-106.3700,1499
39.0704,-84.9758,180
42.9500,-111.3600,2184
38.6169,-77.9696,71
37.8500,-107.7300,1956
40.6000,-111.5800,2972
45.2700,-117.1700,3124
38.6655,-96.8934,0
44.9769,-106.8475,5
44.5103,-109.0994,8
44.7600,-118.3100,1143
46.1800,-113.8500,2032
39.9908,-105.2557,102
38.9315,-94.8865,0
45.2100,-117.1900,3226
37.5059,-77.1753,132
46.3200,-121.9400,0
47.7800,-121.7000,0
42.3000,-110.6800,4216
46.3600,-121.0800,356
44.6600,-111.0900,1880
37.6200,-107.0300,2184
45.3841,-65.8122,1321
41.2144,-85.1242,356
36.3200,-115.7000,635
37.2492,-93.9439,46
40.3491,-105.5036,41
38.6428,-77.5795,84
40.4407,-105.0619,23
39.6615,-104.9207,46
40.8700,-111.7200,2388
38.0700,-112.1700,1346
33.4000,-105.7900,1422
39.2600,-106.6300,2311
38.8011,-76.5147,147
44.1100,-103.9800,1168
39.9873,-105.1703,33
35.1885,-86.1167,81
48.1300,-113.0200,6198
39.6490,-104.7758,33
44.4900,-104.4100,813
41.5007,-81.5526,808
61.3800,-149.0000,0
40.1152,-86.4551,104
44.1511,-94.7852,0
34.2917,-83.3236,0
38.5914,-90.5235,18
40.0668,-93.4576,0
41.6800,-111.4200,2997
37.4900,-113.8500,0
42.7900,-121.9800,0
39.4109,-104.2391,104
42.2845,-83.0346,516
45.1700,-113.5000,2565
40.5161,-105.1026,18
40.7200,-110.4700,2108
40.5358,-94.8879,0
35.7700,-105.7800,2311
41.5200,-117.6300,0
51.1240,-104.9917,495
46.7281,-116.9558,0
43.8900,-107.0600,1803
38.0803,-78.8750,0
38.3000,-112.4400,1219
44.2100,-121.8700,1092
35.7799,-79.1244,0
33.6900,-109.2200,51
38.4400,-119.3700,1245
45.8802,-123.2946,0
40.0891,-97.1959,0
39.7200,-106.1600,1981
39.3200,-106.6100,1626
47.5400,-121.0900,3073
43.9500,-119.5400,1041
40.0000,-107.2400,1930
37.9101,-86.1364,188
36.8600,-106.2300,1524
40.4400,-112.2400,2057
39.0100,-114.3100,1194
34.4662,-82.5130,0
46.4900,-115.8000,787
40.6600,-111.6400,3302
43.6600,-122.2100,0
39.4500,-111.2700,2007
37.7100,-107.5100,2565
38.3339,-104.7898,0
38.4900,-106.3400,2743
35.2300,-108.2700,1118
34.8684,-84.1422,20
39.4300,-120.3100,4521
48.1600,-113.9500,8788
40.4300,-105.7300,3251
41.9221,-111.8193,15
40.2800,-111.6100,2616
42.5600,-111.3000,3658
39.3100,-111.4300,1854
44.5900,-121.9700,0
46.1600,-122.1800,559
61.1561,-149.9847,254
38.3064,-79.7197,0
34.2024,-78.0948,0
45.8700,-110.9300,3378
47.3300,-121.4700,0
46.9300,-121.9500,0
40.8400,-110.6600,2235
36.7000,-105.3400,1295
45.8000,-112.5200,1600
46.0900,-110.4300,2565
42.5038,-111.6805,23
47.9400,-123.4300,0
47.1500,-116.2700,2438
46.7800,-110.6200,4648
47.0700,-115.9600,7188
38.8000,-111.6800,1067
33.9200,-109.4600,1118
42.8700,-122.1700,3073
46.4800,-115.6300,6426
43.8580,-108.1640,28
46.4800,-110.7100,3988
40.5035,-88.9682,3
39.8800,-107.6000,2489
38.8900,-106.9500,2057
39.1300,-114.9600,991
41.8900,-111.5700,889
48.7200,-116.4600,102
46.8100,-121.3300,1118
39.6600,-110.3800,914
43.5700,-111.2100,3277
46.7600,-115.3000,7061
48.5900,-119.8700,1295
42.3489,-77.7044,0
39.1746,-75.5132,71
42.1938,-104.7265,5
40.5300,-106.7800,3632
39.0300,-106.0800,1041
36.4843,-80.9996,264
38.8800,-105.0700,1016
46.6200,-121.3900,4597
40.8000,-110.8800,1778
40.5100,-105.7700,2997
41.2812,-84.3454,0
40.1526,-84.4613,51
45.4340,-122.5036,0
39.0500,-107.8700,2413
44.7300,-109.9100,4775
44.3800,-109.7900,4343
41.1623,-81.5037,307
39.5000,-111.7300,1422
40.5949,-98.4270,0
38.6784,-92.1014,23
43.7051,-99.3773,5
47.3500,-120.6800,533
39.1600,-119.9000,1880
40.0400,-105.7500,3124
43.7400,-113.9400,2311
41.3569,-88.7883,84
40.8400,-110.0100,1346
41.6700,-117.5700,2438
41.9700,-118.1900,0
45.4100,-112.9600,3175
39.4905,-105.5239,0
39.1911,-77.0069,0
60.3900,-149.6900,686
40.5400,-106.6800,6553
41.3300,-106.3800,4496
38.7244,-87.7129,279
51.5694,-107.2341,363
39.3000,-106.1100,1880
39.8626,-74.1410,58
45.5971,-122.4186,0
40.2843,-105.1608,23
40.2779,-75.6306,51
46.7900,-109.5100,2591
39.7729,-86.2799,104
38.4547,-78.9353,3556
44.2051,-93.6780,124
38.8500,-119.9400,152
33.7476,-84.7452,0
37.8100,-109.4900,1549
36.6725,-83.1678,284
45.9900,-120.8100,0
36.1900,-105.5600,1600
40.3500,-106.0900,1829
41.9200,-111.4700,2972
40.9300,-111.8100,3099
32.2529,-80.7350,0
34.1649,-95.5431,0
46.8800,-113.3200,1372
39.7647,-84.6338,104
40.6100,-111.1000,1956
46.7800,-121.7500,4978
44.3700,-110.5800,2311
37.9700,-111.8300,1829
44.4700,-112.9800,1549
44.7200,-110.5100,2489
39.4600,-119.9400,1930
44.5164,-122.9171,0
43.6300,-113.9700,2337
48.8900,-116.7600,4902
45.0700,-118.1500,1829
43.7600,-116.1000,3251
45.2700,-118.8500,0
34.3700,-111.0100,0
45.4000,-110.9600,3988
39.5462,-104.9655,15
47.9900,-120.5700,2540
45.9220,-116.1260,0
39.3100,-109.5300,914
41.4000,-107.2600,1499
44.6209,-106.8029,124
45.1703,-84.4397,0
43.8977,-78.8744,229
37.3800,-106.5500,1346
35.1090,-86.6543,76
44.1500,-110.2200,5639
37.3500,-105.2300,1422
34.2394,-82.7049,0
37.8000,-107.9200,2134
35.2315,-86.6060,145
44.8500,-113.8400,1854
44.9400,-109.5700,4496
43.0300,-109.1700,889
38.1150,-85.6444,229
40.9100,-110.5000,2108
44.2900,-115.6600,1600
39.7140,-86.4090,99
35.8628,-86.2398,0
40.8800,-117.5900,0
45.1900,-121.6900,0
42.6900,-121.4300,0
37.2469,-92.5275,241
34.2835,-86.9144,5
38.5500,-119.8000,3327
43.3194,-88.1681,389
46.1500,-122.1500,0
48.9100,-114.8600,6071
33.8100,-110.9200,0
40.7100,-106.0100,2134
44.0300,-109.1800,1245
37.3996,-119.7381,0
46.1000,-113.1300,2667
47.0200,-121.4600,3404
40.5800,-110.5900,2108
41.3200,-116.3400,2362
40.0663,-74.3570,114
34.9400,-111.5200,0
40.6508,-75.4492,305
40.6064,-74.8710,262
39.0400,-108.5210,0
43.7300,-113.8300,2845
42.5700,-106.0900,1930
40.5300,-105.8900,3251
44.6481,-86.2100,0
64.8500,-146.2100,1346
39.6800,-111.3200,2311
45.6528,-84.4725,2667
39.6923,-105.0915,56
40.9800,-110.8500,940
42.7100,-109.4100,1600
38.6066,-90.3406,25
64.8500,-147.8000,406
45.4060,-122.8780,0
38.9433,-119.1916,0
34.5087,-84.0189,8
39.3000,-106.6100,1448
48.6900,-117.1800,2921
44.3900,-122.1700,0
37.2994,-92.8658,203
41.3221,-105.5837,0
38.7840,-76.5362,84
29.7210,-98.1655,0
48.0125,-123.1709,0
36.1800,-108.9500,51
32.3772,-86.2575,0
36.0532,-80.6028,0
37.8800,-107.3600,1981
39.1700,-120.1500,0
39.7148,-105.3551,61
34.5434,-112.3764,0
43.7100,-114.1600,2337
43.6300,-107.1800,2413
44.6800,-107.5800,2972
39.7444,-99.2155,0
44.1300,-110.6700,3505
38.8500,-120.0800,2261
38.6205,-87.1359,295
39.1300,-111.3500,1727
36.1520,-115.3396,0
38.5100,-112.0200,838
44.2143,-70.5405,1059
40.1848,-105.0820,5
42.4927,-72.9454,1499
40.3189,-79.3894,112
39.6728,-75.6008,51
41.8900,-120.7500,0
31.8142,-93.0856,0
35.9831,-84.0442,348
35.6072,-87.0592,51
39.0212,-84.2186,323
39.3929,-74.6248,86
39.7261,-82.2045,145
45.2500,-123.2800,0
41.4700,-111.5000,3962
40.2300,-106.6000,2819
41.9200,-113.4100,3073
38.5685,-91.0281,51
42.7300,-106.3200,1702
37.9700,-105.5400,2159
44.8745,-123.0444,0
40.1600,-111.2100,2337
38.7909,-104.8115,8
37.4800,-107.6300,1956
48.1700,-109.6500,1168
44.4500,-119.9300,1753
43.7700,-114.4200,2032
33.7400,-108.9500,0
47.7446,-122.5097,0
41.1431,-96.4808,0
34.7297,-83.6674,18
41.4100,-111.5400,1930
41.8633,-89.2257,488
38.1842,-85.5314,56
36.1300,-105.5300,0
67.2500,-150.1800,813
39.6000,-106.5400,2515
38.2100,-111.4800,1397
39.1223,-77.8187,0
47.8771,-97.0581,91
41.4039,-78.0183,508
36.8424,-80.2633,30
38.4526,-87.5336,51
39.8900,-111.2500,1524
43.0219,-78.8467,914
44.4750,-105.5962,64
39.1300,-107.2900,2108
35.5681,-87.6280,208
43.6394,-108.2133,53
44.2600,-106.9800,1549
42.3600,-111.5600,3327
40.3569,-84.3736,76
46.1100,-110.4700,762
44.7900,-107.5300,2235
39.8000,-106.0300,2184
39.8700,-111.2800,2134
43.8700,-114.7100,4166
48.8000,-113.6700,965
40.8200,-106.7500,3810
41.0600,-106.7100,4293
45.5000,-110.9700,1905
34.6470,-86.5530,25
37.9292,-91.7648,140
42.4100,-121.6800,2032
47.0400,-121.9400,0
44.8116,-106.9705,635
39.4494,-74.5672,51
60.6100,-149.0600,229
40.0815,-104.9459,0
46.2700,-113.1600,4851
38.7387,-84.8496,155
32.9881,-97.3932,0
46.6300,-114.5800,4801
45.9900,-120.6800,0
40.9400,-115.1000,2642
43.2300,-122.4300,0
37.8400,-111.8800,1575
45.4200,-110.0900,3277
46.2700,-121.9600,0
44.9600,-111.2900,4293
44.0500,-115.4400,4648
40.3038,-103.1114,0
40.0945,-88.1282,86
46.2358,-112.1141,25
38.2456,-78.2703,127
39.1400,-111.5600,1524
39.1550,-83.9324,284
37.6600,-112.7400,1245
29.4854,-98.6561,0
45.2700,-110.2500,2184
43.0961,-79.0281,559
43.7500,-110.0600,4953
42.2700,-110.8100,2692
39.0566,-81.5503,178
63.2000,-145.6300,2210
43.7600,-115.2400,5791
40.4624,-90.7452,0
38.4949,-89.9811,102
39.0000,-120.1300,711
44.3000,-115.2300,4318
46.5673,-87.6869,0
47.3600,-121.5700,0
34.6651,-86.3654,46
43.2100,-111.6900,2311
45.6208,-109.1040,76
39.1721,-103.8303,152
40.0136,-86.2901,71
43.4500,-122.1400,2184
39.5616,-104.9503,23
44.8400,-114.2700,1981
29.5110,-95.0898,0
36.0895,-81.8356,208
41.0477,-111.9068,0
46.9300,-110.9000,2388
44.5000,-107.4300,2591
36.3350,-96.0975,0
45.5400,-123.3700,0
39.8000,-105.7800,3632
46.4100,-113.4300,2464
38.1208,-76.3651,231
43.2500,-110.0200,2743
36.4100,-105.3300,914
34.5360,-92.7651,0
42.3200,-120.8300,0
45.1500,-118.2200,965
45.6700,-113.9500,3861
44.7900,-112.0600,1422
42.1404,-76.9703,432
39.9226,-79.7140,127
41.3000,-107.1500,1321
42.4100,-122.2700,0
40.6100,-109.8900,914
34.9700,-111.5100,559
34.6120,-83.8260,8
35.7000,-105.8100,51
40.9600,-110.5800,1321
48.5200,-120.7400,6299
44.7200,-107.4000,2413
36.8022,-86.1373,366
41.7600,-115.6900,711
48.8600,-118.4000,1118
40.7447,-111.8677,30
44.7825,-108.6879,28
46.3500,-111.8500,1575
40.0177,-105.1288,23
45.9000,-122.2200,0
38.6900,-119.9900,3048
49.7791,-124.3371,0
38.3100,-119.6000,1854
38.9300,-120.0500,0
42.9600,-121.1800,0
46.1300,-113.3100,2235
39.7169,-86.2417,132
44.0866,-103.3701,8
42.6602,-73.8103,826
40.5600,-111.6600,4877
37.7399,-94.8000,38
31.8449,-102.4858,0
41.5500,-116.0100,2438
36.1192,-83.2694,30
39.7600,-107.3600,3150
38.8200,-106.5900,1346
48.4400,-120.9200,5664
36.5628,-81.5824,297
48.0700,-120.8500,4547
35.0886,-81.9874,0
39.3800,-106.2000,3404
39.5700,-105.8000,2057
38.7835,-104.8293,0
39.4900,-106.1700,2946
41.1100,-107.1700,1397
35.3620,-85.3797,43
38.6800,-119.9600,2667
39.1125,-104.8590,58
39.9600,-110.9900,1626
40.8900,-115.2000,1956
44.4000,-107.0600,2921
40.5913,-111.7903,13
43.5695,-116.3248,0
38.2210,-84.8175,533
39.7918,-94.4804,3
41.2400,-106.2300,3023
41.7400,-115.4700,1499
39.0500,-111.4700,2261
41.0500,-107.2700,1499
39.9338,-105.0916,102
39.7400,-113.9800,1499
44.4200,-111.3900,2515
47.0700,-121.5900,0
37.7900,-108.1800,2743
37.5700,-112.8400,2083
38.2900,-106.3700,2210
40.6200,-111.5300,2692
42.3200,-113.6200,6223
44.5100,-111.1300,5918
39.6500,-105.8700,3378
37.2100,-105.1200,1600
39.9300,-111.6300,1626
41.8600,-111.5100,4267
44.3579,-100.3721,8
38.4800,-109.2900,1219
34.4600,-111.4100,0
39.5247,-104.5229,5
47.6800,-114.0000,1956
43.6300,-115.4400,6629
39.4400,-105.9100,1778
45.6270,-108.9193,46
46.5500,-121.1700,2108
39.3000,-111.4500,2972
45.5500,-122.0000,0
43.9500,-115.2700,1930
48.6900,-121.9100,0
39.6000,-106.5100,2210
40.1100,-107.2900,4039
40.0600,-107.0100,1880
45.6900,-113.9700,5664
40.6142,-79.7192,0
43.4800,-114.8300,1422
42.5800,-109.0900,1499
36.0223,-91.2712,61
41.3600,-106.2300,3810
41.7511,-76.4431,229
33.3600,-107.8300,0
48.7600,-121.7000,254
37.5200,-107.3200,2413
36.2788,-95.1996,254
61.0700,-149.4800,2311
39.3000,-120.1800,584
36.7200,-106.2600,2489
40.1700,-107.0600,2438
45.0400,-116.1300,4978
48.5700,-120.7800,3404
39.0800,-107.1400,2057
48.8700,-121.7900,1143
37.6600,-107.8000,203
38.7200,-119.8900,1981
44.6100,-122.2300,0
40.2657,-94.6872,0
47.8600,-117.0400,1727
37.9663,-103.5443,0
35.9200,-106.3900,1041
38.5000,-111.7700,1524
39.5753,-104.9746,28
39.6437,-86.1856,140
47.7600,-123.0300,0
39.3723,-112.3339,0
37.7200,-107.2600,914
48.3100,-116.0700,5867
41.2939,-111.9580,0
42.7600,-116.9000,787
46.4400,-112.1900,1651
42.7000,-122.1400,0
45.3600,-118.4700,0
47.4669,-121.6806,0
39.3200,-119.8900,4039
38.7575,-120.6046,0
47.4600,-115.7100,2489
59.8600,-151.3200,1448
41.2400,-120.7900,0
43.8737,-80.1343,846
40.7200,-109.5400,660
41.9725,-73.2208,1219
43.2117,-91.0986,229
46.2400,-113.7700,4420
39.3600,-106.0600,3200
40.2000,-105.6000,2769
39.9400,-105.5900,2489
29.5120,-95.0994,0
43.5000,-109.7500,2108
43.5100,-121.9800,0
39.6600,-105.5900,1168
43.9994,-91.4378,51
42.8095,-106.3315,33
38.8400,-119.8900,1143
37.8900,-108.2000,1930
42.5100,-110.9100,2489
46.2600,-122.1800,0
39.6879,-104.7063,28
37.2000,-93.3000,0
39.6596,-104.8760,41
47.9200,-112.7900,1676
40.8900,-111.0700,1981
37.5100,-113.4000,0
39.4600,-114.6500,0
38.5100,-119.6300,686
39.7849,-86.3939,94
48.5700,-115.4500,2108
39.8378,-83.2321,97
40.6000,-110.4300,1651
34.0565,-84.5853,254
43.8000,-121.9500,2057
44.5800,-107.2000,1727
67.9300,-162.2800,483
41.2200,-111.3600,0
40.1890,-88.5584,28
40.4100,-105.8200,4369
35.3400,-111.6500,2032
30.4144,-97.7664,0
45.0200,-111.8500,2261
43.6107,-73.0466,823
44.9500,-116.1400,2388
37.4700,-106.5400,1372
42.2800,-105.5800,1245
32.1154,-81.2509,0
36.3772,-85.8983,290
39.3859,-104.8529,5
40.4424,-105.1030,38
47.3800,-121.0600,2692
40.1900,-111.3600,1473
38.4200,-108.3800,1549
41.9692,-88.1873,185
38.3029,-104.7910,0
38.5871,-96.8950,0
41.3600,-111.4900,2794
40.4300,-111.6200,2515
39.7600,-105.9100,2845
60.6200,-149.5300,813
45.2400,-109.4600,711
47.8700,-123.0800,0
38.2800,-119.6100,6223
47.6800,-121.6100,0
39.7537,-75.7519,76
37.0200,-106.4500,3124
39.2325,-94.7805,13
38.9004,-104.7836,0
38.4908,-85.6677,259
47.3000,-121.6000,0
44.5400,-107.1800,1854
39.6025,-104.9762,33
34.7500,-111.4100,0
34.7856,-86.7114,0
37.4900,-107.5100,1880
40.3600,-111.0900,1092
66.9200,-151.5300,787
41.2492,-85.7967,218
45.5300,-123.3000,0
37.4400,-108.0200,2692
33.9554,-86.5439,0
39.3200,-111.4900,2057
44.9047,-107.1687,53
39.4170,-92.4504,216
43.6100,-122.1200,0
45.4681,-122.6813,0
46.3600,-112.2600,2896
40.3503,-86.4867,46
60.2600,-149.3400,254
35.0979,-83.4661,0
39.9223,-104.9554,203
41.3401,-89.0959,274
46.1000,-121.9600,0
34.3638,-86.8217,13
37.7500,-107.6900,2032
47.7130,-118.9412,0
44.9800,-111.9500,864
34.8600,-111.6100,0
44.3320,-70.2685,0
37.5000,-108.1100,1880
42.4100,-111.1700,1880
43.1100,-109.9500,2388
37.1663,-76.4401,244
42.6500,-110.8100,4775
37.4900,-112.5800,0
47.2700,-113.7600,8331
30.8176,-83.8965,0
47.1556,-53.4722,30
41.2300,-116.0300,0
40.3833,-105.1390,48
59.3500,-151.8500,0
43.1923,-123.4387,0
44.0875,-91.6703,279
44.5700,-107.3000,2337
61.1900,-145.6500,3099
44.7584,-108.7769,3
42.8167,-106.4108,33
60.7300,-150.4800,381
47.5857,-122.6092,0
38.6704,-91.7726,38
44.8300,-118.1900,1626
38.4000,-119.5400,1829
45.2200,-110.2400,4166
34.0151,-81.1920,0
44.4100,-113.4000,2184
37.5990,-101.2911,0
39.5600,-115.8400,0
40.3175,-88.3503,51
43.2700,-115.3500,940
48.5300,-120.9900,3708
28.1669,-81.8219,0
36.5100,-106.3200,1778
41.9900,-120.7200,0
43.8600,-109.3200,2235
46.9800,-115.0300,6223
37.4900,-112.5100,0
40.8900,-110.8300,1346
41.4900,-119.0000,635
42.1600,-114.1900,3073
36.9900,-105.2600,1168
44.9072,-84.7189,813
43.1900,-122.1400,0
36.1470,-81.6258,53
42.4516,-76.0437,947
40.4000,-105.9600,3150
39.5662,-104.7317,51
38.6800,-111.6000,1930
37.7529,-104.8389,10
40.8500,-111.0500,2946
41.8575,-75.8097,787
45.8619,-96.5650,76
33.7600,-109.4800,0
41.4764,-75.1653,0
38.6661,-78.3728,330
42.7500,-118.6900,838
39.8171,-105.1774,56
40.8600,-115.1200,1321
32.3191,-90.0806,0
39.0100,-111.5800,2489
64.7900,-141.2300,838
44.2500,-118.5200,1702
39.0600,-108.0600,1651
44.9900,-113.4400,2159
37.9300,-107.6800,2413
40.9200,-110.1900,1041
37.3685,-78.2274,170
33.8614,-84.0280,0
46.7900,-110.6800,2540
45.4600,-121.7000,0
45.7300,-114.4800,2845
38.9539,-92.3381,25
41.9872,-98.0747,0
44.7029,-106.3261,10
38.7900,-111.6900,1702
32.9200,-108.1500,0
32.2918,-85.1893,0
39.6200,-106.3800,3099
45.0800,-117.5500,2743
46.4700,-114.6300,4521
37.7892,-120.7518,0
45.7192,-108.5218,18
42.7600,-110.5900,5359
39.8183,-74.9956,43
38.6420,-75.6270,127
40.0027,-105.1410,33
42.4000,-88.7424,297
38.4800,-109.2700,1676
39.4722,-105.3913,0
43.5100,-115.5700,0
46.9100,-121.4800,4851
41.9000,-111.6300,6655
35.0540,-83.7280,10
32.4066,-96.3347,0
45.3200,-121.7200,3429
40.1697,-105.0779,8
44.0390,-122.8500,0
43.6600,-109.0100,991
37.5300,-113.0500,1905
40.5319,-80.2172,102
42.7500,-73.6833,1067
47.6800,-113.9600,8661
40.2100,-105.5700,1676
34.3100,-110.7500,0
44.5300,-111.4100,3785
40.1865,-85.4897,84
36.0000,-106.8300,1067
36.4700,-105.1900,1600
39.4500,-115.9800,483
41.3800,-106.3500,6071
37.9705,-80.7667,0
40.9247,-79.2825,406
44.6500,-109.7800,5690
43.9500,-110.4500,3632
48.2619,-114.1556,0
40.5800,-105.6300,1981
35.2470,-83.4140,3
42.0100,-115.0000,2311
61.7500,-150.8900,1092
34.1109,-109.9003,0
39.5186,-104.9492,13
45.6200,-121.7000,0
40.5724,-74.8147,361
46.5800,-111.2700,2261
45.0400,-121.9300,0
40.3778,-105.1202,28
44.3800,-116.3400,0
38.6418,-77.7672,99
37.6605,-91.5535,358
43.0100,-109.7600,2235
65.0800,-145.8700,838
37.0169,-94.4925,165
34.5148,-86.9146,36
61.3500,-142.7100,889
36.0300,-106.8100,1803
45.1000,-121.7500,0
42.8230,-86.0678,330
44.3300,-122.0900,0
40.2300,-105.9200,1549
36.2885,-85.8619,584
42.4400,-105.8600,1346
41.0072,-76.4483,102
44.3000,-109.2400,1168
40.9900,-111.8200,4496
38.4844,-93.2556,43
47.0800,-112.7300,8280
39.7275,-79.9131,0
40.2800,-115.5300,2184
40.2124,-105.0426,0
45.6686,-122.6862,0
43.4301,-110.7976,20
39.7667,-105.1142,175
48.9800,-115.8200,1321
40.0136,-74.8178,76
