40.2342,-85.3936,1
34.2622,-88.7714,1
32.3367,-90.2214,1
37.1431,-107.7597,1
35.4156,-91.6469,1
34.2675,-77.8997,1
46.7708,-100.7603,1
35.2372,-120.6414,1
43.0661,-108.4767,1
41.6117,-90.5808,1
38.8169,-92.2183,1
27.4981,-80.3767,1
40.4122,-86.9369,1
34.8822,-95.7831,1
40.9781,-124.1086,1
46.7994,-102.7972,1
43.6758,-111.9125,1
33.0375,-116.9158,1
42.8153,-108.7261,1
70.4322,-150.4094,1
36.0097,-94.1694,1
47.2856,-68.3133,1
34.1750,-91.9347,1
43.0206,-102.5183,1
39.7333,-77.4333,1
41.8833,-91.7167,1
43.5164,-112.0672,1
36.0394,-95.9844,1
34.4258,-119.8425,1
38.3794,-81.5900,1
46.9208,-114.0925,1
36.7386,-103.9936,1
41.5272,-85.7922,1
42.6858,-103.8842,1
40.1100,-87.9567,1
39.3475,-85.4892,1
43.9658,-107.9508,1
42.2667,-84.4667,1
40.0397,-88.2778,1
30.0675,-95.5561,1
44.3394,-105.5419,1
40.9461,-83.9614,1
37.9272,-100.7247,1
35.2150,-100.2503,1
39.8447,-89.6839,1
39.5703,-104.8489,1
40.4847,-80.2144,1
30.5347,-94.4456,1
44.7694,-106.9689,1
44.0511,-101.6011,1
40.7789,-73.9692,1
44.5344,-72.6144,1
39.8958,-105.3847,1
34.9894,-99.0525,1
35.3889,-97.6006,1
35.4344,-119.0542,1
33.9786,-98.4928,1
39.0725,-95.6261,1
40.0750,-76.0717,1
36.3189,-119.6289,1
41.3367,-85.1197,1
42.2417,-83.6933,1
40.6825,-74.1694,1
41.3044,-95.3844,1
27.7839,-97.5108,1
46.7439,-117.1086,1
42.9486,-78.7369,1
37.9917,-122.0550,1
42.0647,-104.1528,1
44.3814,-100.2856,1
41.1519,-104.8061,1
44.3853,-74.2067,1
40.4422,-109.5144,1
38.4306,-122.8647,1
34.0500,-94.4008,1
38.3650,-82.5550,1
41.1583,-73.1289,1
33.6361,-91.7556,1
39.4519,-87.3089,1
36.7800,-119.7194,1
42.1469,-121.7242,1
37.7214,-122.2208,1
33.8117,-78.7239,1
33.1783,-86.7817,1
37.5050,-77.3203,1
38.9408,-77.4636,1
58.3814,-134.6450,1
42.8939,-85.5447,1
45.4558,-98.4131,1
45.5511,-122.4089,1
41.6328,-91.5431,1
33.2119,-87.6161,1
46.1569,-123.8825,1
41.3375,-84.4289,1
39.3669,-101.7000,1
39.9444,-81.8922,1
37.3031,-108.6275,1
58.4003,-134.5694,1
39.2292,-106.3169,1
33.8750,-84.3022,1
42.5544,-92.4011,1
36.1189,-86.6892,1
36.6239,-87.4194,1
39.2317,-95.6653,1
39.7750,-105.1169,1
40.8203,-82.5178,1
44.2667,-71.2994,1
40.0489,-107.8853,1
41.5944,-109.0528,1
35.5931,-88.9167,1
41.3589,-85.6997,1
39.3450,-81.4392,1
32.3500,-91.0278,1
32.9733,-97.3181,1
38.6956,-121.5897,1
33.9519,-117.4386,1
48.2553,-101.2733,1
39.7194,-76.8028,1
71.2833,-156.7814,1
31.3347,-92.5586,1
29.6381,-95.2819,1
42.7461,-86.0967,1
33.5656,-86.7450,1
40.1519,-89.3386,1
42.1128,-92.9175,1
30.4781,-87.1869,1
29.1097,-95.4619,1
43.4075,-94.7461,1
40.7794,-73.8803,1
40.2064,-100.5914,1
46.4267,-105.8825,1
35.8922,-78.7819,1
36.0167,-102.5500,1
38.1811,-85.7392,1
40.6331,-93.9019,1
38.8853,-79.8528,1
39.1972,-96.5814,1
37.2958,-81.2078,1
34.7442,-87.5997,1
41.1522,-104.8056,1
39.1667,-76.6833,1
41.1078,-92.4467,1
36.1625,-97.0894,1
47.9375,-124.5550,1
36.2769,-93.8214,1
36.1683,-83.4028,1
28.8614,-96.9303,1
45.5433,-94.0514,1
34.7844,-93.9786,1
40.4719,-81.4236,1
40.6508,-75.4492,1
39.3933,-81.2192,1
38.8100,-104.6883,1
41.2433,-76.9217,1
47.0492,-109.4578,1
36.7683,-96.0261,1
42.3075,-85.2511,1
36.9878,-120.1106,1
41.1389,-75.3794,1
34.2167,-119.0833,1
44.5169,-108.0822,1
38.6572,-90.6558,1
39.3756,-99.8297,1
34.2900,-93.0600,1
44.8428,-117.8086,1
35.2578,-93.0947,1
18.4325,-66.0108,1
34.6439,-86.7861,1
37.2622,-104.3378,1
40.2769,-74.8158,1
42.0800,-80.1825,1
46.8706,-68.0172,1
39.4781,-88.2803,1
43.3500,-73.6167,1
41.3197,-96.3672,1
47.8453,-121.9944,1
44.9047,-97.1494,1
45.5464,-100.4078,1
40.1667,-103.2167,1
43.1711,-86.2367,1
33.7792,-84.5214,1
36.7458,-86.2258,1
35.5342,-97.6469,1
44.3981,-98.2231,1
47.6831,-117.3214,1
39.1333,-86.6167,1
40.7833,-91.1253,1
39.6428,-79.9164,1
42.8375,-103.0953,1
28.7247,-96.2536,1
46.0139,-102.6547,1
45.9647,-112.5006,1
37.2353,-93.4003,1
37.2858,-120.5117,1
42.8914,-73.2469,1
38.0442,-87.5206,1
19.7192,-155.0531,1
39.7075,-86.2803,1
39.6728,-75.6008,1
38.3306,-96.1897,1
48.6033,-112.3753,1
36.2967,-99.7689,1
34.2719,-83.8303,1
41.8706,-103.5931,1
35.5500,-88.7169,1
39.8344,-88.8656,1
39.8328,-104.6575,1
42.2706,-71.8731,1
37.6928,-121.8144,1
37.0683,-88.7719,1
44.0433,-103.0536,1
39.7197,-105.2472,1
33.4964,-90.0867,1
41.4131,-81.8600,1
37.1467,-94.5022,1
36.1994,-95.8872,1
34.8364,-92.2619,1
57.1553,-170.2222,1
45.3581,-86.8911,1
40.6675,-89.6839,1
32.1669,-92.1075,1
40.1764,-80.6472,1
32.3919,-93.7803,1
42.2947,-83.7108,1
37.6544,-97.4425,1
32.7817,-98.0603,1
46.9258,-98.6692,1
31.5358,-82.5067,1
41.7219,-71.4325,1
35.0564,-89.9864,1
35.3331,-94.3625,1
70.3289,-149.6114,1
44.4983,-88.1111,1
36.6636,-121.6081,1
55.0389,-131.5786,1
37.0872,-84.0769,1
27.6531,-80.2428,1
43.1544,-93.3269,1
37.6242,-120.9506,1
38.1386,-78.4530,1
39.5781,-85.8033,1
40.5100,-101.6200,1
41.3119,-105.6747,1
32.5156,-92.0406,1
37.7608,-99.9683,1
42.7803,-84.5789,1
38.3833,-81.8344,1
38.0494,-103.5122,1
38.2900,-104.4983,1
36.9358,-121.7886,1
38.4844,-93.2556,1
48.7939,-122.5372,1
38.9597,-94.3714,1
34.3622,-98.9761,1
39.2231,-106.8683,1
42.3717,-79.4867,1
41.6236,-98.9517,1
39.8683,-75.2311,1
38.2281,-85.6636,1
41.1014,-102.9847,1
46.1236,-67.7928,1
40.8500,-74.0614,1
37.5669,-95.2456,1
39.1894,-103.7158,1
38.6844,-82.1836,1
37.1644,-88.4311,1
42.9203,-112.5711,1
43.6497,-70.3003,1
36.5881,-121.8453,1
30.5108,-99.7664,1
41.0844,-105.2483,1
31.1828,-90.4708,1
35.3883,-89.3717,1
34.5467,-93.5781,1
37.6703,-95.4842,1
35.9508,-85.0814,1
45.6478,-68.6925,1
38.7667,-104.3000,1
44.4122,-104.3567,1
43.1111,-76.1039,1
35.7425,-81.3819,1
34.8994,-120.4486,1
40.4953,-107.5211,1
47.4733,-111.3822,1
37.5658,-76.8000,1
58.4111,-135.7089,1
39.2647,-77.2319,1
46.9733,-122.9033,1
38.5714,-90.1572,1
36.7297,-76.6014,1
42.1244,-86.4267,1
37.3208,-79.2067,1
41.9856,-97.4353,1
43.5697,-76.1164,1
43.3906,-99.8422,1
35.4319,-82.5375,1
40.4350,-105.0850,1
39.0083,-95.2117,1
39.8250,-86.2958,1
44.6500,-73.4667,1
55.2208,-162.7325,1
41.4914,-120.5644,1
30.3567,-95.4139,1
29.6878,-100.4217,1
38.8317,-94.8897,1
38.8483,-77.0342,1
36.9647,-86.4239,1
26.1658,-97.3458,1
38.0408,-84.6058,1
29.2733,-94.8592,1
55.6917,-132.5247,1
39.5264,-107.7264,1
35.8311,-90.6464,1
42.3978,-90.7036,1
41.1500,-105.1667,1
37.5908,-83.3131,1
35.2100,-99.1200,1
33.4825,-90.9853,1
35.6567,-95.3614,1
61.1689,-150.0278,1
29.9800,-95.3600,1
34.7272,-92.2389,1
36.2833,-94.3000,1
33.5872,-85.8556,1
35.5453,-82.6986,1
38.1847,-84.9033,1
43.2119,-90.1814,1
41.5886,-83.8014,1
39.0431,-84.6717,1
42.8733,-110.9075,1
36.7367,-97.1019,1
41.8056,-107.1997,1
41.8264,-96.0506,1
42.8975,-106.4636,1
48.5614,-93.3981,1
35.7636,-86.9322,1
36.6817,-101.5053,1
45.6983,-110.4408,1
36.0236,-84.2375,1
41.7072,-86.3164,1
43.1953,-71.5011,1
64.9156,-148.2711,1
42.3914,-96.3792,1
46.3583,-104.2500,1
33.4536,-94.0075,1
40.9706,-85.2064,1
31.2361,-94.7544,1
40.1936,-76.7633,1
66.8667,-162.6333,1
36.2667,-93.1567,1
57.7511,-152.4856,1
32.3347,-88.7442,1
42.5844,-110.1075,1
34.2833,-86.9142,1
38.2103,-122.2847,1
33.9753,-117.6361,1
44.5228,-114.2150,1
39.9964,-79.0833,1
40.6386,-73.7622,1
39.1353,-96.6778,1
41.6267,-73.8842,1
37.8786,-95.7292,1
58.4561,-135.8692,1
37.9572,-91.7758,1
41.1783,-78.8989,1
46.6056,-111.9636,1
37.3169,-79.9742,1
42.0572,-102.8000,1
38.6892,-75.3592,1
28.4567,-99.2183,1
40.0972,-92.5433,1
41.3103,-95.8992,1
41.0461,-83.6622,1
34.6081,-79.0592,1
25.9156,-97.4186,1
42.8783,-100.5500,1
47.8642,-112.0222,1
32.4506,-93.8411,1
37.8892,-121.2258,1
41.4653,-90.5233,1
41.9381,-72.6825,1
36.7725,-90.3247,1
59.5119,-139.6711,1
39.7736,-94.9233,1
33.2208,-92.8142,1
32.3206,-90.0778,1
36.8781,-91.9025,1
39.2447,-102.2842,1
34.0561,-117.6003,1
55.4908,-132.6222,1
45.6528,-89.3075,1
43.2389,-123.3547,1
44.8889,-116.1017,1
39.1019,-121.5678,1
39.8800,-86.0514,1
44.3814,-106.7211,1
43.9042,-92.4917,1
44.2033,-72.5794,1
42.7972,-105.3856,1
34.3244,-93.8464,1
41.2731,-111.0306,1
29.5189,-95.2417,1
39.7078,-77.7297,1
45.6308,-89.4653,1
40.9167,-81.4333,1
35.9461,-112.1547,1
38.3406,-75.5103,1
47.6217,-117.5281,1
41.0669,-73.7075,1
21.1544,-157.0961,1
38.7525,-90.3736,1
45.5114,-118.4247,1
42.4272,-73.2892,1
38.0700,-102.6881,1
34.6525,-86.9453,1
32.8192,-97.3614,1
40.3161,-78.8339,1
42.2314,-83.3308,1
35.6697,-120.6283,1
41.2544,-80.6739,1
38.1311,-91.7683,1
64.5111,-165.4400,1
41.3336,-75.7269,1
61.1781,-149.9664,1
37.7836,-81.1231,1
42.1997,-75.9850,1
39.9914,-82.8808,1
40.3667,-75.9667,1
45.7881,-111.1608,1
27.7411,-98.0247,1
35.8517,-97.4142,1
64.8039,-147.8761,1
29.3600,-99.1742,1
36.4486,-103.1539,1
36.4194,-97.8747,1
33.2061,-97.1989,1
38.8500,-94.7392,1
35.4875,-96.7303,1
34.6886,-92.4500,1
44.7978,-68.8186,1
33.6300,-84.4417,1
30.4119,-89.0808,1
43.3436,-72.5178,1
44.3206,-69.7972,1
41.6628,-111.1861,1
36.4731,-82.4044,1
40.2964,-78.3203,1
38.7042,-93.1833,1
37.6197,-122.3647,1
38.3775,-121.9575,1
34.5583,-98.4172,1
40.8508,-96.7475,1
37.2847,-120.5128,1
38.5039,-122.8103,1
43.7667,-98.0333,1
45.6208,-122.6572,1
37.7797,-89.2497,1
34.3478,-85.1611,1
48.1739,-103.6367,1
37.9406,-75.4631,1
44.9258,-89.6256,1
35.7214,-92.6961,1
42.3606,-71.0106,1
29.6222,-95.6564,1
28.0836,-97.0464,1
42.2347,-85.5519,1
39.2972,-94.7306,1
45.5908,-122.6003,1
41.7636,-96.1778,1
34.1231,-84.8486,1
36.3689,-92.4703,1
38.5069,-121.4950,1
43.5878,-96.7289,1
42.7267,-114.4564,1
39.4494,-74.5672,1
45.2575,-112.5545,1
46.3747,-117.0156,1
39.9061,-84.2186,1
40.7939,-73.1017,1
35.0311,-85.2014,1
41.8031,-78.6403,1
46.9728,-123.9303,1
44.9358,-74.8458,1
35.8181,-83.9858,1
