45.8981,-86.5483,247
46.2314,-112.1136,239
39.4206,-79.0050,210
47.2753,-88.4169,210
40.1100,-87.9567,247
30.5347,-94.4456,200
41.8161,-80.4250,330
39.8814,-77.3506,310
39.7750,-105.1169,130
40.5764,-105.0858,176
39.7194,-76.8028,180
45.6656,-97.0392,225
44.4933,-68.4583,270
34.6242,-106.3103,225
38.5039,-95.7036,180
34.2183,-116.4072,230
34.1206,-115.8500,135
45.4525,-99.3358,200
47.0083,-88.4317,225
41.7392,-77.9711,270
39.0733,-93.7075,360
39.6442,-74.8072,11
40.9656,-105.2186,270
61.2967,-149.4400,270
39.1439,-103.4897,180
40.8600,-102.8031,165
48.0750,-111.2597,225
48.9981,-110.2158,305
40.6558,-97.2208,190
43.0167,-70.8333,277
35.0761,-89.7430,150
41.2847,-105.5319,270
