45.8981,-86.5483,80
46.2314,-112.1136,40
39.4206,-79.0050,85
38.6644,-94.8900,54
47.2753,-88.4169,36
40.1100,-87.9567,27
35.5953,-82.5567,63
30.5347,-94.4456,27
41.8161,-80.4250,27
37.1317,-86.1481,58
39.8814,-77.3506,130
39.7750,-105.1169,58
40.5764,-105.0858,67
39.7194,-76.8028,72
45.6656,-97.0392,183
44.4933,-68.4583,103
34.6242,-106.3103,80
38.5039,-95.7036,54
34.2183,-116.4072,121
34.1206,-115.8500,80
45.4525,-99.3358,116
42.3997,-89.9903,54
61.5889,-149.0992,36
47.0083,-88.4317,85
41.7392,-77.9711,63
39.0733,-93.7075,58
47.8306,-110.6608,139
39.3903,-94.5553,45
40.8250,-92.8925,45
40.9656,-105.2186,130
61.2967,-149.4400,107
39.1439,-103.4897,112
61.1025,-149.7169,107
40.8600,-102.8031,130
48.0750,-111.2597,130
48.9981,-110.2158,63
40.6558,-97.2208,67
43.0167,-70.8333,36
45.0961,-112.0856,98
35.0761,-89.7430,85
41.2847,-105.5319,125
