36.5100,-106.3200,11
39.3600,-106.0600,39
44.2100,-110.6700,92
46.2400,-117.3900,52
44.7900,-116.0900,68
48.7200,-116.4600,80
35.9200,-106.3900,22
43.7600,-116.1000,52
36.0700,-105.6300,37
43.7600,-115.2400,36
41.4000,-107.2600,45
35.3400,-111.6500,43
36.2500,-115.6300,62
44.3800,-116.3400,51
39.3100,-111.4300,85
39.4300,-120.3100,29
36.0000,-106.8300,30
36.8600,-106.2300,28
43.8000,-114.8500,65
36.9900,-105.2600,63
36.0300,-106.8100,34
40.3000,-111.2600,58
40.5300,-106.7800,49
39.2900,-117.1100,34
36.3100,-115.6800,45
39.8000,-106.0300,48
38.4000,-119.5400,59
41.2300,-105.3800,11
35.7700,-105.7800,28
39.1900,-120.2600,89
36.9600,-106.6600,34
36.1900,-105.5600,23
40.8300,-111.7600,51
36.7200,-106.2600,45
36.7900,-105.2400,43
