42.2314,-83.3308,1
31.8606,-86.0122,1
42.3978,-90.7036,1
45.0133,-84.7014,1
57.1553,-170.2222,1
42.9550,-87.9044,1
42.8914,-73.2469,1
44.2033,-72.5794,1
43.3436,-72.5178,1
39.0083,-95.2117,1
38.8000,-97.6500,1
44.3853,-74.2067,1
42.1128,-92.9175,1
42.1244,-86.4267,1
34.7442,-87.5997,1
39.1353,-96.6778,1
42.3075,-85.2511,1
39.0725,-95.6261,1
41.3375,-84.4289,1
42.5544,-92.4011,1
36.7683,-96.0261,1
38.3306,-96.1897,1
42.7461,-86.0967,1
31.3214,-85.4497,1
36.9647,-86.4239,1
40.0803,-95.5919,1
42.3914,-96.3792,1
43.1544,-93.3269,1
42.7803,-84.5789,1
43.1711,-86.2367,1
37.0683,-88.7719,1
41.8678,-84.0794,1
39.4519,-87.3089,1
41.1078,-92.4467,1
41.8031,-78.6403,1
41.7636,-96.1778,1
42.4272,-73.2892,1
37.5908,-83.3131,1
42.9667,-83.7494,1
35.7425,-81.3819,1
44.3592,-84.6739,1
42.2667,-84.4667,1
47.9375,-124.5550,1
43.9042,-92.4917,1
45.5644,-84.7928,1
44.5344,-72.6144,1
36.6239,-87.4194,1
41.9922,-93.6217,1
41.9950,-87.9336,1
41.5272,-85.7922,1
43.1406,-89.3453,1
43.9922,-76.0217,1
41.6328,-91.5431,1
40.8508,-96.7475,1
43.1561,-90.6775,1
41.7803,-124.2367,1
33.0375,-116.9158,1
34.0500,-94.4008,1
43.5331,-84.0797,1
30.3975,-84.3289,1
36.0236,-84.2375,1
35.5931,-88.9167,1
45.0717,-83.5644,1
42.2347,-85.5519,1
33.8117,-78.7239,1
39.7736,-94.9233,1
43.4075,-94.7461,1
42.8939,-85.5447,1
41.7072,-86.3164,1
