43.0431,-96.9033,128
35.7197,-86.9653,244
46.7603,-117.1861,133
42.9536,-112.8253,133
47.7283,-104.1467,183
40.1550,-103.1417,144
61.5664,-149.2542,128
38.4917,-122.1242,156
41.4439,-86.9294,183
44.7764,-108.7592,128
45.6911,-118.8522,189
34.5989,-103.2161,183
34.7675,-106.7611,200
33.6731,-111.1508,244
32.2822,-106.7597,228
38.0047,-120.4864,194
34.9881,-120.3211,172
41.9342,-88.7756,139
38.6450,-95.5661,289
47.0022,-118.5658,156
33.7542,-99.1442,244
36.5508,-114.4581,222
40.2842,-109.8611,194
30.7053,-104.0233,133
40.1739,-101.0611,150
25.8175,-80.2858,272
64.8569,-147.8611,144
37.0683,-88.7725,206
36.4711,-86.8414,233
46.0436,-118.4628,183
40.7142,-122.4161,222
38.4661,-101.7758,133
39.1172,-95.4097,261
39.0422,-108.4664,183
43.8544,-116.4664,183
35.4139,-86.8086,239
35.4072,-104.1906,178
36.8047,-107.6214,161
29.4608,-101.0286,261
42.8767,-77.0308,194
42.7467,-71.0425,189
45.4825,-120.7236,178
38.4931,-122.0047,172
47.6811,-117.6267,178
42.1231,-111.3133,133
37.3806,-107.5811,167
46.7281,-116.9558,178
39.3925,-101.0689,161
40.4750,-86.9919,194
38.8586,-99.3358,167
41.6661,-111.8914,167
43.5492,-71.4647,144
36.5575,-105.2628,139
37.6967,-93.7722,239
39.4031,-99.4192,156
37.9050,-93.3169,194
35.6214,-88.8456,233
46.8706,-68.0172,200
39.8114,-99.9386,150
36.6897,-108.3086,183
48.4983,-109.8014,128
36.4622,-116.8669,256
43.8083,-111.7892,133
39.9000,-98.0256,156
28.4675,-98.2525,250
40.7833,-81.9167,189
37.7967,-121.5828,183
48.7178,-122.5114,156
40.2233,-86.1086,206
34.5822,-119.9817,172
39.6619,-99.1228,194
39.2494,-106.3714,89
26.8400,-81.0872,222
37.7617,-117.5658,172
44.1183,-121.2103,150
35.2006,-103.6867,222
45.9228,-108.2444,139
40.2539,-85.1483,200
45.6750,-111.1550,128
35.0489,-97.9158,233
38.6644,-94.8900,267
30.2003,-92.6642,233
40.0892,-99.2133,150
40.1167,-76.4333,239
38.7978,-99.7231,161
42.9592,-120.7897,183
33.7092,-93.5564,233
26.5581,-99.1372,239
47.0575,-109.9514,117
38.5350,-121.7761,178
37.9931,-100.8122,144
35.7047,-101.5492,156
38.9408,-95.3397,261
39.0303,-76.9314,222
44.0622,-103.4819,122
40.2458,-111.6508,189
42.1397,-87.7853,167
42.3806,-96.9575,128
