39.6619,-99.1228,29
43.8544,-116.4664,66
35.2006,-103.6867,192
35.7197,-86.9653,32
44.8831,-85.6753,190
35.0489,-97.9158,233
42.7467,-71.0425,27
40.1739,-101.0611,143
41.0267,-86.5867,55
45.4825,-120.7236,277
32.2822,-106.7597,69
37.7617,-117.5658,150
35.1131,-89.2122,47
38.4917,-122.1242,58
40.0839,-88.2403,6
40.0892,-99.2133,185
40.1167,-76.4333,32
35.6214,-88.8456,101
39.8114,-99.9386,285
42.1397,-87.7853,72
44.3253,-96.7686,140
38.8586,-99.3358,354
36.8047,-107.6214,93
46.0436,-118.4628,55
25.8175,-80.2858,69
39.2475,-96.5994,80
38.7978,-99.7231,209
37.9931,-100.8122,320
36.0147,-85.1314,37
39.1172,-95.4097,187
34.1647,-88.7239,187
31.3706,-100.4942,253
40.7264,-122.7947,43
26.5581,-99.1372,0
43.0431,-96.9033,177
31.8456,-99.5606,209
35.7047,-101.5492,328
33.4692,-88.7822,69
39.5039,-98.3150,114
43.8083,-111.7892,45
39.3925,-101.0689,193
30.7053,-104.0233,90
30.0689,-94.2928,185
37.5147,-122.0325,257
27.4272,-80.4053,47
46.7047,-92.5253,43
31.6164,-94.6431,58
34.7281,-90.3683,119
42.1231,-111.3133,126
34.5989,-103.2161,203
40.7833,-81.9167,61
42.9536,-112.8253,143
38.5200,-89.8467,126
26.8400,-81.0872,100
38.4931,-122.0047,158
31.8769,-105.2369,105
39.0172,-92.7558,76
35.6872,-90.0964,209
43.4033,-103.2683,26
39.0422,-108.4664,51
41.4439,-86.9294,132
45.6911,-118.8522,138
36.4711,-86.8414,114
33.1481,-95.6269,216
32.8522,-95.8864,219
36.9969,-119.7072,68
45.9228,-108.2444,76
45.3128,-107.9383,89
38.0047,-120.4864,55
37.7967,-121.5828,251
31.9497,-91.2336,29
64.8569,-147.8611,34
36.1056,-82.8436,42
32.8242,-95.5275,229
33.7542,-99.1442,253
32.4219,-93.6381,117
40.7142,-122.4161,63
61.5664,-149.2542,97
47.0575,-109.9514,177
43.5492,-71.4647,47
34.1864,-90.5572,80
34.5697,-93.1947,26
31.2022,-93.5725,193
33.0642,-101.0489,190
35.4139,-86.8086,53
35.1297,-89.8036,42
35.8819,-83.9572,64
36.5508,-114.4581,87
42.9592,-120.7897,55
46.8706,-68.0172,97
34.5822,-119.9817,63
46.7281,-116.9558,40
32.3378,-89.0817,60
40.2539,-85.1483,80
44.0622,-103.4819,18
18.3906,-66.0542,19
33.1461,-107.1842,116
41.9342,-88.7756,82
18.2583,-65.9922,6
44.3089,-85.2050,29
47.6811,-117.6267,77
33.7092,-93.5564,76
38.4661,-101.7758,183
42.3806,-96.9575,5
29.6211,-96.3661,100
34.9881,-120.3211,100
40.2233,-86.1086,51
30.2003,-92.6642,85
34.8219,-89.4347,84
32.9203,-94.7225,201
40.2842,-109.8611,80
37.3822,-102.2986,298
36.6897,-108.3086,97
32.8964,-107.3078,89
37.3806,-107.5811,66
34.0828,-106.8831,35
40.1550,-103.1417,193
39.4031,-99.4192,100
34.1381,-88.9983,84
30.8408,-89.5453,2
47.7283,-104.1467,29
40.5764,-105.0858,11
34.6033,-104.3811,175
39.9000,-98.0256,681
44.1183,-121.2103,35
35.3872,-76.7764,137
39.0303,-76.9314,64
