36.3200,-115.7000,324
36.7200,-106.2600,252
43.8000,-114.8500,360
43.7600,-116.1000,14
35.7700,-105.7800,164
36.5100,-106.3200,9
40.3000,-111.2600,171
43.7600,-115.2400,106
43.7300,-113.8300,202
39.1900,-120.2600,309
39.3600,-106.0600,169
36.2500,-115.6300,194
39.2900,-117.1100,47
36.8600,-106.2300,11
46.2400,-117.3900,327
44.2100,-110.6700,55
44.7900,-116.0900,276
38.4000,-119.5400,227
35.9200,-106.3900,228
48.7200,-116.4600,54
41.4000,-107.2600,33
36.1900,-105.5600,52
40.8300,-111.7600,65
36.0300,-106.8100,235
36.0700,-105.6300,265
36.9600,-106.6600,18
35.3400,-111.6500,324
36.7900,-105.2400,269
39.4300,-120.3100,4
36.0000,-106.8300,48
40.5300,-106.7800,18
36.3100,-115.6800,168
39.8000,-106.0300,226
36.9900,-105.2600,169
36.1300,-105.5300,222
44.3800,-116.3400,19
39.3100,-111.4300,122
35.7800,-105.5400,115
