38.2281,-85.6636,26
36.7683,-96.0261,14
41.3375,-84.4289,16
45.8678,-95.3942,60
37.7608,-99.9683,53
35.0311,-85.2014,31
46.4167,-86.6500,41
40.2064,-100.5914,43
35.6875,-117.6931,86
35.0281,-110.7208,59
40.8289,-115.7886,29
40.3000,-111.2600,15
41.7861,-87.7522,24
39.1033,-84.4189,22
43.1953,-71.5011,12
44.0219,-82.7931,26
32.1300,-81.2100,47
45.8619,-96.5650,67
44.7978,-68.8186,22
42.1594,-76.8919,10
45.4558,-98.4131,60
42.1928,-89.0931,18
38.8169,-92.2183,33
41.8056,-107.1997,51
41.4525,-87.0058,18
41.7700,-88.4814,22
42.3978,-90.7036,24
43.1167,-77.6767,27
59.2433,-135.5094,15
30.4636,-88.5319,36
32.3336,-104.2581,49
46.7439,-117.1086,41
34.4272,-100.2831,17
31.3214,-85.4497,48
47.6217,-117.5281,46
45.0800,-117.5500,6
33.7792,-84.5214,36
40.6044,-98.4272,35
38.8483,-77.0342,23
38.1811,-85.7392,33
31.1522,-81.3908,84
39.2972,-94.7306,29
41.9097,-70.7294,18
22.0333,-159.7833,88
46.6461,-119.9061,9
38.8853,-79.8528,2
32.8519,-96.8556,28
63.9944,-145.7214,31
39.7750,-105.1169,0
45.7728,-122.8611,19
29.9933,-90.2511,51
30.7825,-83.2767,41
30.1831,-97.6800,53
36.2500,-115.6300,13
31.6189,-97.2283,41
45.2575,-112.5545,61
36.0969,-79.9433,32
36.8781,-91.9025,29
40.4122,-86.9369,28
25.9156,-97.4186,40
39.4519,-87.3089,23
43.7300,-113.8300,6
29.9800,-95.3600,38
33.9706,-80.9958,28
33.8117,-78.7239,51
45.8183,-88.1144,26
24.5550,-81.7522,43
44.2558,-121.1392,53
28.7797,-81.2436,36
31.8311,-104.8089,60
38.7525,-90.3736,31
15.1167,145.7167,70
27.9619,-82.5403,34
13.4836,144.7961,56
42.9600,-121.1800,7
38.8500,-94.7392,26
47.8306,-110.6608,18
46.9006,-95.0678,55
40.8436,-72.6322,29
42.2706,-71.8731,46
27.7411,-98.0247,48
41.5886,-83.8014,12
44.9358,-74.8458,55
38.0494,-103.5122,19
41.6117,-90.5808,30
38.4167,-113.0167,34
37.8892,-121.2258,20
38.0511,-117.0903,32
38.6892,-75.3592,16
48.2138,-106.6213,47
38.1417,-76.4292,16
30.4119,-89.0808,47
38.0653,-97.8606,31
46.9253,-96.8111,71
47.4667,-87.8833,26
33.1783,-86.7817,28
29.3331,-89.4075,52
32.7667,-97.4500,29
41.2003,-74.6231,10
66.9161,-151.5089,32
25.7906,-80.3164,45
31.8606,-86.0122,37
38.9833,-76.4667,22
34.6294,-118.0836,72
48.1739,-103.6367,36
38.9597,-94.3714,23
35.6169,-106.0889,30
38.5714,-90.1572,21
35.2578,-93.0947,21
36.9033,-76.1922,53
39.3669,-101.7000,42
42.2228,-83.7444,19
41.5175,-81.6836,26
45.6906,-118.8528,37
46.8369,-92.2097,57
36.7800,-119.7194,27
26.5850,-81.8614,38
38.0700,-102.6881,24
44.3394,-105.5419,30
44.7694,-106.9689,27
35.8922,-78.7819,31
27.6531,-80.2428,57
39.1900,-120.2600,24
41.3325,-122.3328,20
44.3981,-98.2231,57
40.9339,-72.7394,27
40.1550,-103.1417,27
40.1667,-103.2167,31
44.8831,-93.2289,43
41.6686,-70.2800,28
44.3814,-100.2856,51
40.1764,-80.6472,19
35.8311,-90.6464,47
36.7725,-90.3247,38
32.5500,-88.5667,30
33.9381,-118.3889,51
35.2372,-120.6414,13
42.4272,-73.2892,30
25.9069,-80.2803,39
38.2103,-122.2847,13
41.7803,-124.2367,37
46.9258,-98.6692,59
47.3978,-120.2014,31
45.6194,-121.1661,27
38.3794,-81.5900,14
47.4933,-122.2144,33
42.3811,-122.8722,21
45.6983,-110.4408,26
45.5433,-94.0514,55
47.4444,-122.3139,51
32.8667,-117.1333,33
28.9844,-95.3808,18
26.1522,-81.7753,43
44.5483,-95.0803,58
32.8167,-115.6833,90
18.3331,-64.9667,62
64.5111,-165.4400,73
39.9492,-74.8417,18
45.5114,-118.4247,13
45.5511,-122.4089,47
31.6072,-110.4281,92
43.6264,-72.3047,1
61.2169,-149.8550,8
41.5631,-83.4764,18
41.7219,-71.4325,27
71.2833,-156.7814,85
37.6544,-97.4425,29
32.8547,-109.6353,37
36.0719,-115.1633,69
38.8983,-119.9947,18
40.8206,-76.8642,5
41.1519,-104.8061,31
45.0133,-84.7014,32
21.3239,-157.9294,42
34.2900,-93.0600,34
42.0572,-102.8000,31
40.0803,-95.5919,25
36.2606,-76.1750,51
26.1658,-97.3458,47
40.9611,-98.3136,47
41.3103,-95.8992,43
48.5428,-109.7633,49
44.8664,-91.4878,35
39.7556,-82.6572,13
35.5342,-97.6469,17
45.8069,-108.5422,20
41.0136,-83.6686,22
44.9319,-93.0556,47
38.6572,-90.6558,21
32.5161,-84.9422,39
45.1947,-123.1339,45
33.2061,-97.1989,30
35.7047,-101.5492,49
57.1553,-170.2222,47
40.6331,-93.9019,24
33.6361,-91.7556,36
39.3756,-99.8297,35
33.8117,-118.1464,34
40.2172,-76.8514,13
42.7803,-84.5789,34
32.3500,-91.0278,26
42.2347,-85.5519,28
47.3000,-121.6000,10
36.9647,-86.4239,34
42.4167,-87.8667,29
41.4131,-81.8600,14
30.3567,-95.4139,24
39.8233,-93.5792,24
41.1014,-102.9847,23
42.6958,-73.1708,18
32.3367,-90.2214,29
37.4389,-105.8614,12
37.2833,-102.6139,44
42.6003,-123.3642,40
35.6575,-109.0614,30
46.2400,-117.3900,10
34.1750,-91.9347,41
30.3208,-97.7603,22
39.1208,-94.5969,26
46.1236,-67.7928,26
38.1311,-91.7683,36
42.1997,-75.9850,17
30.7406,-98.2353,34
41.5272,-85.7922,18
39.8344,-88.8656,33
38.3775,-121.9575,14
39.1342,-108.5400,42
31.9433,-102.1889,42
35.0419,-106.6156,36
36.9358,-121.7886,22
34.9000,-76.8833,64
44.5169,-108.0822,36
41.6267,-73.8842,2
46.0947,-118.2869,34
59.4556,-135.3239,22
39.3100,-111.4300,46
39.1667,-76.6833,13
30.5372,-91.1469,43
32.9733,-97.3181,28
29.7333,-85.0333,57
34.6719,-82.8864,38
42.8375,-103.0953,27
43.1711,-86.2367,35
34.2486,-82.1592,36
39.2292,-106.3169,26
43.9042,-92.4917,55
32.7100,-96.2672,37
45.9647,-112.5006,17
47.0339,-120.5303,24
35.9403,-89.8308,47
44.3592,-84.6739,30
39.8000,-106.0300,377
47.9375,-124.5550,42
33.4536,-94.0075,31
44.6500,-73.4667,27
40.9167,-81.4333,19
31.1500,-92.9667,15
41.9856,-97.4353,56
37.7214,-122.2208,30
40.2964,-78.3203,11
48.7167,-94.6000,46
36.7436,-108.2292,35
26.1969,-80.1708,55
26.6847,-80.0994,73
34.2008,-119.2069,50
40.1606,-113.3508,21
19.7356,-156.0489,26
35.7800,-105.5400,4
39.9061,-84.2186,32
29.5189,-95.2417,61
44.1278,-123.2206,48
47.0492,-109.4578,34
30.0675,-95.5561,30
33.8719,-117.9789,31
37.6928,-121.8144,12
43.9636,-69.7117,10
39.2956,-80.2289,8
37.1681,-97.0369,25
36.3100,-115.6800,3
35.2333,-101.7089,47
40.5764,-105.0858,13
46.0139,-102.6547,51
30.1250,-93.2158,54
31.3072,-95.4508,27
35.5144,-108.7939,50
24.5833,-81.6833,55
30.4781,-87.1869,36
30.0494,-90.0289,66
34.0500,-94.4008,32
17.7028,-64.8056,61
42.5844,-110.1075,23
43.1644,-95.2017,57
41.5944,-109.0528,72
37.3169,-79.9742,22
38.7550,-109.7542,31
38.3083,-75.1239,30
32.1314,-110.9553,49
30.4000,-81.4167,72
34.4258,-119.8425,41
34.6439,-86.7861,40
36.1306,-80.5481,9
34.9869,-81.0575,28
42.6650,-83.4181,21
33.6542,-101.8136,34
41.0089,-74.7367,12
41.4000,-107.2600,20
42.0647,-104.1528,31
35.7700,-105.7800,7
40.6675,-89.6839,28
34.9894,-99.0525,29
39.7333,-77.4333,7
44.5228,-114.2150,49
36.9500,-76.2833,51
36.0394,-95.9844,18
40.8500,-74.0614,17
37.7461,-97.2211,22
47.3600,-121.5700,6
34.5583,-98.4172,21
39.5514,-97.6508,30
28.4567,-99.2183,30
62.9614,-141.9292,16
34.6242,-106.3103,0
40.8764,-74.2831,8
43.9658,-107.9508,19
27.5333,-99.4667,37
33.8281,-116.5053,32
47.4733,-111.3822,34
43.0303,-78.1692,36
32.5722,-116.9794,34
27.7839,-97.5108,63
43.5164,-112.0672,64
43.4133,-124.2436,29
39.3644,-84.5247,20
28.5453,-81.3331,36
36.7414,-104.5022,16
45.6478,-68.6925,28
44.7408,-85.5825,16
38.7642,-87.6056,34
39.2953,-114.8467,23
32.4506,-93.8411,32
7.3333,134.4833,36
36.7900,-105.2400,1
42.4700,-71.2894,20
30.3975,-84.3289,41
61.1000,-149.6936,49
42.1208,-87.9047,20
39.3450,-81.4392,11
34.7675,-114.6189,47
55.2208,-162.7325,43
41.1783,-78.8989,17
39.9444,-81.8922,12
55.3567,-131.7117,40
30.4844,-81.7019,62
30.3361,-81.5147,62
35.0564,-89.9864,36
33.9519,-117.4386,28
28.8614,-96.9303,53
34.5467,-93.5781,10
40.8097,-124.1603,19
44.5444,-110.4211,9
55.5800,-133.0750,14
42.1469,-121.7242,47
44.2667,-71.2994,138
64.5500,-149.0717,30
45.5644,-84.7928,26
48.2553,-101.2733,60
32.8978,-97.0189,31
29.1828,-81.0483,30
48.4608,-119.5167,50
44.0206,-117.0128,53
40.6508,-75.4492,15
40.9706,-85.2064,23
34.7411,-118.2117,69
38.3000,-76.4167,28
38.5000,-77.3000,22
37.2353,-93.4003,43
41.6236,-98.9517,38
43.7694,-87.8506,36
31.4156,-87.0442,40
42.3914,-96.3792,48
47.6831,-117.3214,30
42.7611,-87.8136,28
39.2231,-106.8683,17
33.3644,-81.9633,35
38.1847,-84.9033,32
39.3667,-75.0667,20
30.6794,-88.2397,42
36.5728,-79.3361,21
39.4494,-74.5672,24
29.9506,-94.0206,54
60.5797,-151.2392,16
42.1128,-92.9175,38
40.8217,-72.8689,26
41.5333,-71.2833,26
18.2550,-65.6408,47
21.4500,-157.7833,51
34.2006,-118.3575,29
60.4889,-145.4511,0
35.6950,-101.3950,47
39.4206,-79.0050,13
39.1353,-96.6778,18
33.9228,-118.3342,39
31.3928,-92.2956,18
61.1781,-149.9664,13
47.9078,-122.2803,28
47.9742,-117.4283,34
37.3711,-118.3581,26
28.4736,-82.4544,43
30.7797,-86.5225,35
42.9333,-71.4383,9
43.1406,-89.3453,30
36.5881,-121.8453,23
38.2900,-104.4983,17
45.6308,-89.4653,34
59.4433,-151.7017,8
33.6883,-112.0817,36
38.1386,-78.4530,11
37.0911,-95.5664,23
64.7767,-141.1483,45
30.5844,-97.4156,36
41.8756,-71.0211,9
37.7081,-77.4344,16
44.5761,-71.1786,9
27.5000,-97.8167,53
48.5614,-93.3981,34
28.0622,-81.7542,45
43.3497,-76.3847,19
60.7850,-161.8292,53
47.6800,-121.6100,8
35.0761,-89.7430,54
42.8050,-72.0036,16
36.0097,-94.1694,10
59.5119,-139.6711,4
35.5953,-82.5567,18
44.4983,-88.1111,36
34.2097,-118.4892,24
38.3650,-82.5550,21
42.3200,-120.8300,8
26.0719,-80.1536,57
40.0228,-82.4625,9
35.9200,-106.3900,3
38.5069,-121.4950,13
34.7500,-111.4100,9
31.2361,-94.7544,29
40.5175,-122.2986,44
40.9656,-105.2186,54
41.7781,-80.6958,12
39.9369,-91.1919,31
43.0206,-102.5183,35
38.6956,-121.5897,20
36.6239,-87.4194,32
35.4344,-119.0542,22
40.6386,-73.7622,37
40.0489,-107.8853,8
41.3119,-105.6747,52
34.0158,-118.4514,27
30.7167,-87.0167,42
46.6056,-111.9636,29
29.3600,-99.1742,34
33.1803,-96.5903,30
41.3714,-73.4828,14
33.0375,-116.9158,33
40.8508,-96.7475,34
33.6186,-114.7142,60
66.8667,-162.6333,102
39.3792,-74.4242,25
36.1189,-86.6892,22
28.1011,-80.6439,63
37.3592,-121.9239,16
33.4669,-82.0386,47
31.3711,-100.4922,40
33.6300,-84.4417,49
36.6817,-101.5053,47
36.2833,-94.3000,28
32.6261,-116.4681,72
41.3931,-70.6150,34
38.5911,-92.1558,32
36.9839,-77.0075,16
39.1333,-86.6167,29
32.7000,-117.2000,38
57.0481,-135.3647,17
38.7667,-104.3000,17
48.5222,-123.0231,38
41.8833,-91.7167,28
37.9272,-100.7247,56
42.5950,-87.9381,23
27.6833,-97.2833,54
43.5878,-96.7289,64
33.4617,-80.8581,44
31.4208,-110.8458,67
47.5303,-122.3008,21
32.8986,-80.0403,46
42.2333,-83.5333,33
33.2208,-92.8142,36
39.8250,-86.2958,30
33.6800,-117.8664,30
29.1097,-95.4619,51
42.8914,-73.2469,8
41.3275,-72.0494,43
40.8203,-82.5178,26
32.6847,-83.6528,41
43.1111,-76.1039,27
42.7267,-114.4564,73
32.4106,-99.6822,22
45.0319,-102.0192,64
35.8517,-97.4142,18
43.8339,-111.8045,50
30.0375,-91.8839,52
46.7994,-102.7972,66
39.5264,-107.7264,11
39.9914,-82.8808,16
33.9753,-117.6361,34
36.9600,-106.6600,3
32.2997,-86.4075,45
34.8536,-116.7858,93
44.8428,-117.8086,77
44.9258,-89.6256,28
43.7600,-116.1000,14
39.5781,-85.8033,31
47.2856,-68.3133,55
70.1917,-148.4772,98
33.2119,-87.6161,28
39.6014,-116.0056,22
35.2100,-99.1200,29
37.7086,-113.0944,26
48.8700,-121.7900,2
42.6425,-77.0564,24
48.0944,-105.5744,44
59.7494,-154.9089,21
33.5656,-86.7450,29
37.2253,-89.5706,35
43.8789,-91.2528,34
46.3583,-104.2500,57
32.3206,-90.0778,26
43.7667,-98.0333,57
27.7628,-82.6261,55
43.2389,-123.3547,26
40.4422,-109.5144,18
42.1094,-77.9919,16
32.8342,-115.5786,85
36.7367,-97.1019,23
46.8706,-68.0172,38
36.3333,-119.9500,31
33.4825,-90.9853,43
36.0000,-106.8300,2
34.7442,-87.5997,27
31.3089,-86.3939,43
26.1839,-98.2539,42
41.6764,-70.9583,16
43.6497,-70.3003,20
34.2622,-88.7714,25
35.1350,-90.2344,36
42.4819,-114.4869,54
41.7419,-72.1836,10
40.8731,-81.8867,8
31.8456,-86.6108,38
42.9203,-112.5711,59
62.1592,-145.4589,10
-14.3306,-170.7136,37
38.8000,-97.6500,29
28.0836,-97.0464,49
31.5883,-110.3442,61
35.5931,-88.9167,29
32.3347,-88.7442,27
43.1544,-93.3269,39
60.7850,-148.8389,30
41.5339,-93.6531,32
43.7600,-115.2400,10
27.4014,-82.5586,52
29.7036,-98.0281,58
48.7939,-122.5372,50
30.9119,-102.9167,49
41.9950,-87.9336,24
37.1319,-76.4930,29
46.4047,-94.1308,53
64.3267,-158.7417,30
26.5361,-81.7550,44
34.8831,-82.2203,42
33.9481,-83.3275,47
43.9922,-76.0217,34
35.4319,-82.5375,27
36.3689,-92.4703,25
41.7872,-111.8533,22
58.3567,-134.5639,17
33.6267,-116.1594,58
34.0511,-118.2353,6
46.0261,-91.4442,45
30.6264,-88.0681,35
20.8997,-156.4286,39
33.4278,-112.0039,26
41.3461,-82.1794,15
34.1231,-84.8486,31
40.7083,-84.0267,29
47.6428,-115.9172,13
37.9917,-122.0550,22
44.3592,-89.8369,31
36.6636,-121.6081,19
41.8031,-78.6403,9
46.9208,-114.0925,47
40.0819,-75.0111,25
38.8317,-94.8897,27
41.6328,-91.5431,18
41.5097,-72.8278,15
34.7436,-118.7242,63
34.3478,-85.1611,31
41.2531,-70.0608,36
33.1281,-117.2794,28
32.5156,-92.0406,34
44.8322,-93.4706,51
40.9017,-117.8081,34
41.6875,-69.9933,18
36.0700,-105.6300,17
33.8750,-84.3022,27
44.2033,-72.5794,10
35.0678,-77.0481,52
40.0681,-118.5692,30
32.3542,-95.4025,37
38.9503,-95.6639,21
30.5892,-96.3647,32
33.5872,-85.8556,35
44.4911,-71.5725,0
30.5069,-86.9597,40
45.6044,-103.5464,64
43.5950,-118.9564,61
48.3500,-122.6667,38
67.7317,-164.5483,86
42.1578,-72.7161,12
32.7336,-117.1831,36
47.6497,-120.0800,27
29.2733,-94.8592,69
31.3347,-92.5586,24
41.7072,-86.3164,24
35.9508,-85.0814,30
36.4486,-103.1539,62
35.3331,-94.3625,42
40.4847,-80.2144,15
37.7797,-89.2497,29
33.4050,-118.4158,64
41.9381,-72.6825,17
32.6636,-97.0939,30
43.7331,-103.6114,20
35.9333,-79.0642,29
24.7258,-81.0517,47
29.6381,-95.2819,51
34.6517,-112.4208,59
37.4058,-122.0481,14
44.6381,-90.1875,33
61.5961,-149.0917,8
40.7789,-73.9692,16
33.6228,-111.9106,18
30.5108,-99.7664,32
25.6475,-80.4331,51
36.5100,-106.3200,367
36.2117,-115.1958,41
40.7794,-73.8803,26
37.2839,-98.5528,25
35.8550,-77.8931,37
42.7972,-105.3856,19
48.1203,-123.4983,25
29.6222,-95.6564,49
35.1967,-81.1558,41
45.4622,-69.5953,31
39.4839,-119.7711,22
42.3075,-85.2511,31
46.1569,-123.8825,31
57.7511,-152.4856,16
35.6697,-120.6283,18
48.7200,-116.4600,18
42.8783,-100.5500,47
34.7000,-77.3833,54
37.6542,-122.1150,28
38.5050,-107.8975,27
40.0397,-88.2778,39
39.5936,-84.2264,30
44.4683,-73.1500,21
37.2622,-104.3378,14
36.1300,-105.5300,3
38.0408,-84.6058,39
36.0236,-84.2375,14
33.2367,-107.2681,43
41.5092,-74.2650,10
31.3500,-85.6667,46
41.2433,-76.9217,14
45.0619,-93.3508,46
42.7172,-71.1239,23
42.5417,-113.7661,56
40.6239,-74.6694,13
44.7900,-116.0900,28
39.3903,-94.5553,18
42.1908,-71.1736,13
41.0375,-81.4642,10
45.6689,-96.9914,62
58.6794,-156.6294,21
37.5908,-83.3131,16
41.8678,-84.0794,10
26.2281,-97.6542,53
36.8167,-76.0333,44
36.1336,-80.2222,30
43.3436,-72.5178,7
43.2119,-90.1814,13
32.6500,-114.6167,33
21.3167,-158.0667,31
47.7472,-90.3444,72
28.7247,-96.2536,65
39.8447,-89.6839,30
42.9486,-78.7369,38
41.4333,-99.6333,46
40.3161,-78.8339,14
29.3389,-98.4719,43
44.0433,-103.0536,55
46.5683,-120.5428,44
7.0833,171.3833,59
39.6092,-110.7547,20
29.5622,-91.5256,32
42.5519,-71.7558,23
40.1203,-76.2944,17
41.2639,-72.8872,24
42.5708,-77.7133,29
39.0083,-95.2117,26
36.1900,-105.5600,4
39.7194,-76.8028,13
39.7053,-105.6997,4
36.1625,-97.0894,21
30.7439,-95.5861,22
7.4500,151.8333,32
35.0169,-80.6206,41
31.9206,-102.3867,41
30.2050,-91.9875,30
41.6264,-80.2150,10
30.2333,-81.6667,65
62.9575,-155.6103,35
42.2667,-84.4667,25
26.2500,-80.1083,58
39.2775,-120.7103,17
36.3189,-119.6289,29
39.2447,-102.2842,45
32.3847,-94.7117,31
41.0731,-71.9233,32
40.0972,-92.5433,35
32.8158,-117.1394,32
32.6808,-96.8681,31
32.7817,-98.0603,20
31.4000,-93.2833,17
47.2078,-119.3192,41
36.2667,-93.1567,35
35.3889,-97.6006,22
44.8889,-116.1017,41
42.8975,-106.4636,47
40.4953,-107.5211,29
34.7272,-92.2389,38
45.6208,-122.6572,22
39.5703,-104.8489,18
45.0717,-83.5644,33
34.2675,-77.8997,58
41.1961,-112.0114,33
36.1994,-95.8872,19
45.5908,-122.6003,36
40.7939,-73.1017,30
47.1686,-88.4889,42
37.7064,-112.1456,36
39.7078,-77.7297,16
38.8761,-98.8092,39
35.7425,-81.3819,25
37.6197,-122.3647,37
37.2847,-120.5128,22
35.6567,-95.3614,34
34.9914,-78.8803,47
47.2675,-122.5761,45
43.4075,-94.7461,60
41.0669,-73.7075,22
35.1822,-103.6031,52
38.4000,-119.5400,14
28.5083,-81.5467,0
26.9172,-81.9914,42
40.8600,-102.8031,18
47.3078,-119.5153,51
37.9406,-75.4631,29
32.8192,-97.3614,29
42.4933,-79.2722,27
34.7917,-79.3661,53
35.1442,-111.6664,80
44.3814,-106.7211,25
32.0311,-96.3989,36
40.1100,-87.9567,22
42.4092,-83.0100,27
44.2100,-110.6700,19
44.5344,-72.6144,8
37.6242,-120.9506,19
41.2731,-111.0306,58
46.4267,-105.8825,39
32.4833,-80.7167,47
42.5906,-117.8644,34
40.2342,-85.3936,30
38.3306,-96.1897,27
48.6033,-112.3753,47
47.4569,-115.6450,22
43.5667,-116.2406,26
31.9514,-85.1289,28
40.4719,-81.4236,7
30.8356,-85.1839,50
29.6333,-83.1053,39
40.7342,-73.4169,22
42.8939,-85.5447,33
40.2383,-75.5572,13
40.5300,-106.7800,5
27.4981,-80.3767,54
39.4167,-118.7167,23
46.5486,-90.9189,47
33.3633,-84.5658,36
33.9786,-98.4928,25
27.9106,-82.6875,43
56.6000,-169.5650,52
42.0800,-80.1825,25
36.3200,-115.7000,9
30.4000,-86.4717,44
21.1544,-157.0961,49
44.3853,-74.2067,20
34.6081,-79.0592,49
39.0431,-84.6717,31
43.5331,-84.0797,32
39.3600,-106.0600,9
40.6825,-74.1694,27
44.0511,-101.6011,41
45.5464,-100.4078,44
40.3667,-75.9667,14
44.3800,-116.3400,8
41.3336,-75.7269,10
60.1283,-149.4167,16
42.7900,-121.9800,7
42.5544,-92.4011,24
39.8328,-104.6575,20
41.4914,-120.5644,53
35.8181,-83.9858,27
44.9050,-123.0011,32
40.2769,-74.8158,22
44.3744,-70.3164,22
37.1431,-107.7597,20
39.1894,-103.7158,29
40.3300,-75.1225,17
30.0481,-102.2131,35
40.9781,-124.1086,26
33.2194,-117.3494,30
66.0689,-162.7639,85
42.7431,-73.8092,22
30.3433,-89.8222,32
29.3783,-100.9269,30
32.5428,-93.7450,24
39.0725,-95.6261,22
40.1519,-122.2536,40
36.7200,-106.2600,5
34.0561,-117.6003,35
31.7800,-103.2017,34
37.3278,-95.5042,12
43.9906,-70.9475,9
42.7461,-86.0967,24
39.7075,-86.2803,35
38.9408,-77.4636,17
39.7736,-94.9233,26
31.0425,-86.3117,42
6.9667,158.2167,26
38.7042,-93.1833,30
44.3206,-69.7972,22
29.6919,-82.2756,47
42.9667,-83.7494,29
37.2958,-81.2078,30
62.3200,-150.0950,5
39.4019,-77.9844,13
37.5050,-77.3203,25
40.0781,-83.0781,18
37.3031,-108.6275,13
47.9428,-97.1839,63
45.7881,-111.1608,22
34.1853,-79.7239,51
31.2819,-89.2531,20
29.5442,-98.4839,41
45.4353,-67.7214,9
47.8344,-120.0006,13
42.5700,-72.2911,9
41.2544,-80.6739,19
46.3747,-117.0156,19
33.9486,-81.1186,43
43.1561,-90.6775,9
41.0467,-78.4117,9
37.3208,-79.2067,19
40.7833,-91.1253,22
39.6728,-75.6008,25
42.4100,-121.6800,7
37.1467,-94.5022,28
41.1078,-92.4467,32
21.9839,-159.3405,57
47.2381,-123.1408,22
34.3622,-98.9761,30
37.0683,-88.7719,37
39.4203,-83.8217,27
35.0028,-105.6628,47
41.3497,-71.7989,26
35.2325,-75.6219,55
36.9261,-111.4478,16
46.1442,-115.5964,17
43.1072,-78.9453,40
36.6950,-76.1356,37
35.9461,-112.1547,53
39.9181,-76.8742,8
39.1258,-123.2008,8
33.3075,-104.5083,40
41.1583,-73.1289,27
48.3042,-114.2636,34
41.7361,-72.6506,22
47.6458,-101.4394,47
43.2339,-75.4117,15
31.8111,-106.3758,26
43.7700,-88.4864,37
39.2900,-117.1100,8
39.1019,-121.5678,20
36.9878,-120.1106,26
41.4653,-90.5233,23
39.8683,-75.2311,29
31.4583,-109.6061,70
9.4833,138.0833,42
34.2167,-119.0833,36
45.5406,-122.9486,17
64.8039,-147.8761,27
42.8153,-108.7261,17
44.1708,-114.9272,18
39.6428,-79.9164,14
41.8706,-103.5931,30
35.6542,-105.1419,74
38.8100,-104.6883,20
36.0167,-102.5500,54
36.2967,-99.7689,38
41.7806,-122.4717,46
70.6392,-159.9950,77
40.5100,-101.6200,40
45.2486,-122.7686,43
34.1167,-119.1167,46
34.8461,-82.3461,51
61.1689,-150.0278,10
39.4300,-120.3100,6
44.3675,-71.5450,8
36.4731,-82.4044,9
41.9144,-88.2464,21
42.9550,-87.9044,30
38.9286,-90.4281,33
36.9900,-105.2600,13
35.4111,-80.5833,18
28.8208,-81.8097,39
32.2622,-107.7206,51
40.7781,-111.9694,25
39.4781,-88.2803,29
41.9922,-93.6217,26
28.4339,-81.3250,47
35.2578,-113.9331,72
42.3606,-71.0106,39
30.7044,-87.0231,50
19.7192,-155.0531,23
43.3906,-99.8422,62
42.2314,-83.3308,25
31.1828,-90.4708,31
38.0442,-87.5206,32
43.2781,-70.9222,13
38.5039,-122.8103,14
46.4794,-84.3572,23
36.0300,-106.8100,4
37.6703,-95.4842,22
34.8822,-95.7831,17
46.7708,-100.7603,42
46.2667,-119.1167,62
30.3489,-85.7881,44
47.3864,-92.8389,26
34.4978,-82.7097,46
41.1214,-100.6694,42
36.8600,-106.2300,151
43.9844,-88.5569,34
30.3503,-81.8831,42
44.9047,-97.1494,59
31.5358,-82.5067,27
59.6419,-151.4908,10
42.1244,-86.4267,17
46.9733,-122.9033,34
43.3500,-73.6167,13
42.5842,-70.9175,27
55.0389,-131.5786,14
18.4325,-66.0108,58
38.3406,-75.5103,16
43.8000,-114.8500,2
34.5183,-109.3792,76
34.2719,-83.8303,50
45.8258,-119.2611,47
40.3547,-79.9217,14
31.3558,-85.7511,30
25.9989,-80.2411,48
37.7836,-81.1231,31
46.9728,-123.9303,29
43.0661,-108.4767,26
34.6525,-86.9453,31
47.3258,-106.9475,40
37.0872,-84.0769,17
40.8300,-111.7600,11
36.6206,-116.0278,44
41.1389,-75.3794,23
34.8994,-120.4486,22
31.5356,-84.1944,42
40.6161,-83.0636,13
34.7336,-76.6606,68
35.2236,-80.9553,38
40.1936,-76.7633,18
