35.3331,-94.3625,30
46.4794,-84.3572,19
39.3669,-101.7000,32
34.2675,-77.8997,24
45.0717,-83.5644,28
42.1997,-75.9850,30
31.6189,-97.2283,37
44.3814,-106.7211,43
32.7667,-97.4500,30
32.8547,-109.6353,25
30.5844,-97.4156,18
41.9950,-87.9336,18
30.0481,-102.2131,25
30.2050,-91.9875,33
41.6117,-90.5808,18
39.2447,-102.2842,39
47.7472,-90.3444,13
38.9408,-77.4636,26
48.1203,-123.4983,42
41.5092,-74.2650,25
28.7247,-96.2536,49
38.5039,-122.8103,23
38.6572,-90.6558,23
58.3567,-134.5639,10
41.1783,-78.8989,29
37.6197,-122.3647,69
43.6264,-72.3047,16
31.3928,-92.2956,30
45.0800,-117.5500,7
31.2361,-94.7544,29
47.2381,-123.1408,65
39.8233,-93.5792,13
31.4156,-87.0442,14
38.3406,-75.5103,30
37.6242,-120.9506,39
35.0678,-77.0481,21
34.2900,-93.0600,21
44.5761,-71.1786,8
44.4911,-71.5725,0
48.5428,-109.7633,55
37.6703,-95.4842,23
32.7800,-79.9319,27
35.2333,-101.7089,43
41.7861,-87.7522,22
33.9486,-81.1186,28
29.6222,-95.6564,33
38.8853,-79.8528,16
40.8436,-72.6322,37
36.5100,-106.3200,337
41.6764,-70.9583,30
34.1750,-91.9347,32
43.7600,-116.1000,8
37.9050,-93.3169,0
39.8000,-106.0300,367
37.5050,-77.3203,19
43.8000,-114.8500,9
41.1583,-73.1289,34
43.5331,-84.0797,33
35.6875,-117.6931,34
41.9856,-97.4353,30
35.0311,-85.2014,26
42.8975,-106.4636,34
39.8344,-88.8656,36
34.8461,-82.3461,27
41.5631,-83.4764,36
30.0494,-90.0289,53
26.9172,-81.9914,33
42.0572,-102.8000,26
35.9200,-106.3900,3
40.8097,-124.1603,24
36.9878,-120.1106,35
30.3489,-85.7881,27
42.0647,-104.1528,35
46.7994,-102.7972,27
31.5883,-110.3442,38
18.2550,-65.6408,50
39.4900,-121.6183,22
33.2208,-92.8142,26
38.1386,-78.4530,21
30.7797,-86.5225,13
33.6267,-116.1594,29
43.7700,-88.4864,19
40.8500,-74.0614,34
62.9575,-155.6103,12
42.3606,-71.0106,31
40.0489,-107.8853,25
33.4050,-118.4158,16
40.5300,-106.7800,5
29.9506,-94.0206,23
37.3031,-108.6275,22
39.1900,-120.2600,21
44.3853,-74.2067,19
44.0219,-82.7931,28
29.9800,-95.3600,26
59.7494,-154.9089,30
38.1811,-85.7392,51
35.5931,-88.9167,47
28.4339,-81.3250,35
40.4422,-109.5144,27
39.5264,-107.7264,29
38.4167,-113.0167,55
35.8181,-83.9858,38
34.1853,-79.7239,21
55.3567,-131.7117,31
39.1667,-76.6833,25
37.6542,-122.1150,32
29.6333,-83.1053,22
27.5000,-97.8167,44
41.4131,-81.8600,32
39.6728,-75.6008,34
38.7667,-104.3000,30
26.5361,-81.7550,26
35.7425,-81.3819,15
31.4000,-93.2833,19
48.4608,-119.5167,54
40.1667,-103.2167,37
47.2856,-68.3133,26
39.7078,-77.7297,30
41.8706,-103.5931,21
43.9636,-69.7117,17
41.3325,-122.3328,5
37.7797,-89.2497,29
24.5550,-81.7522,22
40.9167,-81.4333,28
43.0206,-102.5183,21
31.1500,-92.9667,10
43.1953,-71.5011,12
38.0408,-84.6058,48
34.7442,-87.5997,34
34.2006,-118.3575,30
41.0089,-74.7367,14
45.2575,-112.5545,34
33.2061,-97.1989,25
40.1100,-87.9567,45
31.7800,-103.2017,41
40.8731,-81.8867,18
31.3347,-92.5586,28
43.9906,-70.9475,6
48.5614,-93.3981,30
45.6689,-96.9914,39
33.9706,-80.9958,19
29.6919,-82.2756,20
36.7367,-97.1019,22
46.1442,-115.5964,5
42.2347,-85.5519,23
47.2675,-122.5761,27
42.9486,-78.7369,37
41.6264,-80.2150,19
26.6847,-80.0994,28
44.7408,-85.5825,13
34.0511,-118.2353,6
35.8550,-77.8931,13
40.7789,-73.9692,22
15.1167,145.7167,47
39.5936,-84.2264,25
37.4058,-122.0481,36
46.0261,-91.4442,9
34.7500,-111.4100,514
35.7047,-101.5492,18
34.7675,-114.6189,35
37.2839,-98.5528,22
38.3775,-121.9575,23
32.4106,-99.6822,38
39.4167,-118.7167,29
34.9000,-76.8833,17
28.9844,-95.3808,27
29.1097,-95.4619,30
39.6092,-110.7547,30
43.1167,-77.6767,27
36.9900,-105.2600,2
44.2033,-72.5794,20
40.8764,-74.2831,23
39.4839,-119.7711,35
41.6236,-98.9517,24
35.2578,-113.9331,41
47.9742,-117.4283,28
37.7086,-113.0944,28
43.3500,-73.6167,20
40.7083,-84.0267,32
26.1969,-80.1708,27
40.4953,-107.5211,20
30.5108,-99.7664,13
24.5833,-81.6833,21
46.4267,-105.8825,33
30.5892,-96.3647,34
32.5156,-92.0406,32
32.5428,-93.7450,34
37.1681,-97.0369,26
46.9208,-114.0925,31
42.4700,-71.2894,20
40.8206,-76.8642,9
20.8997,-156.4286,29
35.0169,-80.6206,22
47.3078,-119.5153,57
41.6267,-73.8842,27
47.6428,-115.9172,0
46.0947,-118.2869,34
55.5800,-133.0750,13
41.7636,-96.1778,30
30.1831,-97.6800,38
39.3450,-81.4392,13
18.3331,-64.9667,67
48.2138,-106.6213,46
41.5272,-85.7922,30
41.6328,-91.5431,27
40.8203,-82.5178,33
45.6308,-89.4653,9
38.9833,-76.4667,28
39.3600,-106.0600,9
44.2667,-71.2994,132
32.6847,-83.6528,17
41.0375,-81.4642,17
47.6831,-117.3214,23
37.2833,-102.6139,31
35.6575,-109.0614,18
30.3975,-84.3289,18
35.5953,-82.5567,9
36.9600,-106.6600,6
46.9728,-123.9303,38
28.4567,-99.2183,45
42.3914,-96.3792,26
45.5908,-122.6003,29
36.9647,-86.4239,43
41.1389,-75.3794,36
60.7850,-161.8292,39
42.5519,-71.7558,21
31.3214,-85.4497,23
30.7406,-98.2353,27
43.7300,-113.8300,11
48.6033,-112.3753,41
39.2972,-94.7306,26
26.1522,-81.7753,27
43.7331,-103.6114,24
35.1822,-103.6031,36
40.6675,-89.6839,25
33.4669,-82.0386,24
44.9358,-74.8458,25
39.0725,-95.6261,19
27.4981,-80.3767,21
37.3208,-79.2067,13
37.7081,-77.4344,14
44.5344,-72.6144,12
45.5433,-94.0514,28
42.8783,-100.5500,26
33.8281,-116.5053,26
39.3100,-111.4300,26
37.1467,-94.5022,25
36.3189,-119.6289,34
29.9933,-90.2511,36
46.7708,-100.7603,28
37.7608,-99.9683,27
19.7192,-155.0531,26
64.8039,-147.8761,9
46.3747,-117.0156,26
37.5908,-83.3131,16
40.3667,-75.9667,27
33.1281,-117.2794,16
35.0564,-89.9864,43
41.1014,-102.9847,30
37.0683,-88.7719,34
32.5161,-84.9422,17
34.6517,-112.4208,36
46.5486,-90.9189,22
37.9917,-122.0550,41
37.1319,-76.4930,16
46.8369,-92.2097,25
30.0375,-91.8839,26
32.2622,-107.7206,28
37.7836,-81.1231,31
36.3689,-92.4703,13
47.5303,-122.3008,21
42.8050,-72.0036,22
42.4272,-73.2892,18
44.9047,-97.1494,29
60.4889,-145.4511,7
42.8914,-73.2469,20
45.5406,-122.9486,18
37.3592,-121.9239,36
43.1644,-95.2017,36
38.2900,-104.4983,27
40.2964,-78.3203,24
21.3239,-157.9294,25
48.1739,-103.6367,37
32.9733,-97.3181,19
32.8519,-96.8556,30
30.6264,-88.0681,18
40.9781,-124.1086,26
48.7939,-122.5372,36
40.7833,-91.1253,22
33.9753,-117.6361,24
36.1900,-105.5600,8
40.1550,-103.1417,54
39.9444,-81.8922,18
34.0500,-94.4008,18
41.3714,-73.4828,27
33.4964,-90.0867,27
38.1311,-91.7683,36
40.2383,-75.5572,16
36.3333,-119.9500,47
47.0339,-120.5303,74
45.6044,-103.5464,27
42.0800,-80.1825,23
39.2956,-80.2289,14
46.9733,-122.9033,22
34.2486,-82.1592,25
29.3389,-98.4719,32
28.4736,-82.4544,27
42.5544,-92.4011,26
32.3347,-88.7442,26
31.5356,-84.1944,17
27.7839,-97.5108,48
36.2967,-99.7689,36
34.9894,-99.0525,47
34.4272,-100.2831,48
59.4433,-151.7017,3
33.0375,-116.9158,19
38.0653,-97.8606,15
40.9706,-85.2064,30
42.5842,-70.9175,19
39.4717,-76.1697,27
32.8167,-115.6833,26
36.0719,-115.1633,36
41.5175,-81.6836,41
58.6794,-156.6294,49
37.3169,-79.9742,18
44.8428,-117.8086,31
44.4683,-73.1500,18
44.8831,-93.2289,26
59.5119,-139.6711,14
59.4556,-135.3239,40
39.6428,-79.9164,12
40.0803,-95.5919,25
47.9375,-124.5550,26
39.7556,-82.6572,23
28.8614,-96.9303,38
42.8375,-103.0953,20
42.4092,-83.0100,30
39.5514,-97.6508,28
42.4933,-79.2722,23
28.8208,-81.8097,30
31.5358,-82.5067,18
38.7550,-109.7542,25
35.7700,-105.7800,3
42.9203,-112.5711,34
30.1250,-93.2158,30
36.2117,-115.1958,27
32.0311,-96.3989,34
47.6217,-117.5281,38
29.5189,-95.2417,17
31.9206,-102.3867,38
39.7194,-76.8028,36
41.0467,-78.4117,26
36.7683,-96.0261,10
42.3075,-85.2511,30
42.1094,-77.9919,37
39.2900,-117.1100,5
27.9619,-82.5403,46
47.3864,-92.8389,24
34.2719,-83.8303,29
45.0319,-102.0192,30
34.6242,-106.3103,0
36.5881,-121.8453,30
47.1686,-88.4889,37
40.3161,-78.8339,30
44.3592,-84.6739,22
34.8536,-116.7858,46
41.7872,-111.8533,20
31.8311,-104.8089,53
32.3847,-94.7117,37
39.9061,-84.2186,28
45.5114,-118.4247,5
37.3278,-95.5042,15
46.6056,-111.9636,25
35.0419,-106.6156,44
33.7792,-84.5214,19
39.8683,-75.2311,44
32.8667,-117.1333,17
48.3042,-114.2636,18
41.7803,-124.2367,25
39.3756,-99.8297,16
59.2433,-135.5094,28
37.2958,-81.2078,30
33.8117,-78.7239,38
60.1283,-149.4167,9
33.9786,-98.4928,32
36.3200,-115.7000,6
31.1828,-90.4708,26
42.7803,-84.5789,26
27.7411,-98.0247,43
47.3978,-120.2014,52
32.5500,-88.5667,23
33.4536,-94.0075,35
44.3981,-98.2231,27
38.8169,-92.2183,37
35.2372,-120.6414,47
40.3547,-79.9217,22
42.9600,-121.1800,4
40.0972,-92.5433,30
35.9461,-112.1547,18
32.3206,-90.0778,27
40.0681,-118.5692,26
42.4167,-87.8667,16
41.8161,-80.4250,0
30.3567,-95.4139,25
42.2706,-71.8731,32
36.3100,-115.6800,1
33.2194,-117.3494,15
47.0492,-109.4578,41
30.5069,-86.9597,34
43.2119,-90.1814,18
31.9514,-85.1289,10
33.9228,-118.3342,21
13.4836,144.7961,47
33.9481,-83.3275,16
62.9614,-141.9292,22
39.9914,-82.8808,20
40.2769,-74.8158,29
36.9033,-76.1922,30
42.3811,-122.8722,24
34.3478,-85.1611,15
41.5339,-93.6531,34
43.1561,-90.6775,15
39.3667,-75.0667,29
30.0675,-95.5561,32
45.8069,-108.5422,46
31.3711,-100.4922,26
34.6081,-79.0592,16
38.0511,-117.0903,36
32.7000,-117.2000,30
41.8833,-91.7167,33
33.6800,-117.8664,20
41.3336,-75.7269,28
34.4258,-119.8425,22
36.4486,-103.1539,40
66.0689,-162.7639,44
35.2236,-80.9553,21
40.7781,-111.9694,34
34.9883,-117.8647,32
62.1592,-145.4589,33
6.9667,158.2167,24
32.6636,-97.0939,31
26.1839,-98.2539,54
31.4208,-110.8458,11
43.1544,-93.3269,40
48.7167,-94.6000,32
36.1300,-105.5300,3
41.1961,-112.0114,29
27.4014,-82.5586,41
38.4000,-119.5400,8
36.6239,-87.4194,36
40.4847,-80.2144,20
39.5703,-104.8489,30
28.0836,-97.0464,37
35.3889,-97.6006,43
42.2228,-83.7444,22
40.6161,-83.0636,36
36.1306,-80.5481,0
42.5700,-72.2911,19
43.0303,-78.1692,45
33.9519,-117.4386,18
44.3592,-89.8369,21
45.6983,-110.4408,30
33.6300,-84.4417,24
34.0158,-118.4514,20
40.8289,-115.7886,24
39.1033,-84.4189,16
38.2281,-85.6636,36
44.3744,-70.3164,13
42.1469,-121.7242,24
45.6208,-122.6572,22
21.9839,-159.3405,25
42.7972,-105.3856,25
39.4203,-83.8217,25
30.3433,-89.8222,17
39.1258,-123.2008,15
31.1522,-81.3908,24
42.7431,-73.8092,26
39.4494,-74.5672,38
41.3497,-71.7989,31
30.8356,-85.1839,22
43.9042,-92.4917,38
41.4000,-107.2600,8
31.3558,-85.7511,12
39.1894,-103.7158,25
41.3461,-82.1794,29
45.0133,-84.7014,27
47.8344,-120.0006,31
44.0433,-103.0536,28
44.7900,-116.0900,14
26.1658,-97.3458,54
67.7317,-164.5483,58
47.4733,-111.3822,41
25.9156,-97.4186,51
38.3794,-81.5900,19
36.9261,-111.4478,17
40.0781,-83.0781,24
34.1231,-84.8486,13
35.6697,-120.6283,31
34.2622,-88.7714,25
46.1236,-67.7928,23
39.8447,-89.6839,30
44.8889,-116.1017,28
70.1917,-148.4772,38
39.4781,-88.2803,38
21.4500,-157.7833,22
47.6458,-101.4394,19
36.9839,-77.0075,9
43.7667,-98.0333,26
44.5483,-95.0803,42
36.7200,-106.2600,5
41.7419,-72.1836,16
46.2667,-119.1167,29
38.5069,-121.4950,25
46.4167,-86.6500,22
40.2064,-100.5914,18
28.1011,-80.6439,37
44.2100,-110.6700,17
27.6833,-97.2833,53
71.2833,-156.7814,26
34.1167,-119.1167,26
34.7411,-118.2117,35
40.8508,-96.7475,26
31.9433,-102.1889,33
40.2342,-85.3936,29
30.5372,-91.1469,40
40.4122,-86.9369,16
61.2169,-149.8550,18
57.0481,-135.3647,26
33.6883,-112.0817,27
40.1764,-80.6472,28
26.5850,-81.8614,31
35.1967,-81.1558,14
61.5961,-149.0917,44
39.7750,-105.1169,0
34.0561,-117.6003,28
48.0944,-105.5744,39
38.7525,-90.3736,30
34.7436,-118.7242,42
31.6072,-110.4281,36
34.9869,-81.0575,12
18.4325,-66.0108,65
36.5728,-79.3361,9
38.6956,-121.5897,30
35.0761,-89.7430,36
32.8342,-115.5786,30
42.8939,-85.5447,29
28.7797,-81.2436,37
33.2119,-87.6161,23
36.0700,-105.6300,4
44.8664,-91.4878,14
32.7336,-117.1831,20
30.4000,-81.4167,25
41.8756,-71.0211,18
36.1625,-97.0894,25
32.5722,-116.9794,16
36.0394,-95.9844,13
40.3300,-75.1225,26
32.3500,-91.0278,17
41.3275,-72.0494,33
9.4833,138.0833,38
41.2433,-76.9217,26
41.1519,-104.8061,34
42.6003,-123.3642,20
33.4825,-90.9853,41
29.5442,-98.4839,47
66.8667,-162.6333,0
38.3306,-96.1897,22
33.5872,-85.8556,20
38.3650,-82.5550,20
34.5183,-109.3792,26
36.0097,-94.1694,30
38.6892,-75.3592,28
35.8922,-78.7819,17
45.6906,-118.8528,32
41.8056,-107.1997,32
47.3000,-121.6000,3
34.7917,-79.3661,16
33.9381,-118.3889,28
43.8339,-111.8045,28
42.7900,-121.9800,0
29.2733,-94.8592,43
35.4319,-82.5375,17
24.7258,-81.0517,20
34.6525,-86.9453,35
36.0000,-106.8300,2
38.8100,-104.6883,33
44.6381,-90.1875,19
42.3978,-90.7036,21
35.7800,-105.5400,0
40.9611,-98.3136,29
38.9503,-95.6639,28
45.0619,-93.3508,26
37.8892,-121.2258,38
48.2553,-101.2733,38
37.2847,-120.5128,45
40.6331,-93.9019,32
42.6958,-73.1708,12
41.6875,-69.9933,26
43.9844,-88.5569,22
39.8250,-86.2958,23
41.2544,-80.6739,22
44.6500,-73.4667,10
45.4622,-69.5953,13
42.1908,-71.1736,17
59.6419,-151.4908,23
35.2325,-75.6219,20
38.8500,-94.7392,26
47.4933,-122.2144,26
39.7053,-105.6997,0
41.2531,-70.0608,50
30.7439,-95.5861,32
48.8700,-121.7900,0
41.4333,-99.6333,18
36.1994,-95.8872,26
40.4719,-81.4236,16
32.8158,-117.1394,20
33.3644,-81.9633,21
38.8983,-119.9947,16
32.7817,-98.0603,28
37.4389,-105.8614,29
31.2819,-89.2531,25
33.8750,-84.3022,22
41.5333,-71.2833,26
43.6497,-70.3003,24
44.9258,-89.6256,21
37.0872,-84.0769,27
41.3375,-84.4289,27
39.1333,-86.6167,31
46.2400,-117.3900,11
35.9403,-89.8308,41
45.8183,-88.1144,14
38.9286,-90.4281,28
43.0661,-108.4767,25
42.4819,-114.4869,40
41.7806,-122.4717,35
36.2606,-76.1750,33
39.8328,-104.6575,36
37.1431,-107.7597,24
37.2622,-104.3378,40
34.8364,-92.2619,26
32.6261,-116.4681,21
19.7356,-156.0489,32
62.3200,-150.0950,20
42.5906,-117.8644,26
44.3800,-116.3400,6
41.7361,-72.6506,38
70.2117,-151.0017,34
44.3814,-100.2856,26
35.1350,-90.2344,30
27.7628,-82.6261,36
41.5886,-83.8014,21
30.2333,-81.6667,34
32.4833,-80.7167,23
40.1203,-76.2944,28
38.8317,-94.8897,30
42.7611,-87.8136,20
39.3644,-84.5247,13
40.6825,-74.1694,48
35.4111,-80.5833,13
30.4119,-89.0808,18
42.5844,-110.1075,26
44.9319,-93.0556,27
39.2953,-114.8467,38
34.6719,-82.8864,16
41.0731,-71.9233,28
30.7044,-87.0231,15
38.8000,-97.6500,25
32.6808,-96.8681,22
32.8192,-97.3614,24
47.9078,-122.2803,22
64.7767,-141.1483,13
41.7219,-71.4325,27
42.1128,-92.9175,28
48.7200,-116.4600,16
33.2367,-107.2681,29
37.2253,-89.5706,31
44.1278,-123.2206,36
44.0511,-101.6011,11
30.3503,-81.8831,16
33.3633,-84.5658,10
38.7042,-93.1833,30
25.9069,-80.2803,20
39.1208,-94.5969,22
40.0397,-88.2778,31
42.5417,-113.7661,39
39.7736,-94.9233,24
31.0425,-86.3117,4
34.2167,-119.0833,21
38.8483,-77.0342,34
43.3436,-72.5178,10
38.3083,-75.1239,23
48.5222,-123.0231,16
39.9181,-76.8742,21
42.7461,-86.0967,27
45.7728,-122.8611,25
25.7906,-80.3164,19
44.5169,-108.0822,31
60.7850,-148.8389,36
36.0300,-106.8100,5
38.0700,-102.6881,26
41.9144,-88.2464,10
45.4353,-67.7214,9
36.7436,-108.2292,32
45.5464,-100.4078,33
39.4300,-120.3100,6
37.7064,-112.1456,34
33.1783,-86.7817,17
46.9006,-95.0678,37
37.2353,-93.4003,34
38.0442,-87.5206,39
38.2103,-122.2847,44
37.9406,-75.4631,29
40.3000,-111.2600,10
46.9253,-96.8111,36
43.2389,-123.3547,32
40.8300,-111.7600,10
28.5453,-81.3331,36
43.2781,-70.9222,9
39.9369,-91.1919,30
30.4844,-81.7019,17
34.8831,-82.2203,28
60.5797,-151.2392,37
41.9097,-70.7294,25
36.7900,-105.2400,3
44.2558,-121.1392,30
55.0389,-131.5786,20
40.1519,-122.2536,23
42.3200,-120.8300,13
31.3072,-95.4508,0
36.6636,-121.6081,39
32.1300,-81.2100,32
32.3367,-90.2214,28
31.4583,-109.6061,31
42.1208,-87.9047,13
41.8031,-78.6403,30
56.6000,-169.5650,29
33.8719,-117.9789,19
41.7781,-80.6958,21
41.7072,-86.3164,33
46.4047,-94.1308,33
33.4617,-80.8581,27
34.6294,-118.0836,38
35.6567,-95.3614,23
26.0719,-80.1536,24
45.8678,-95.3942,38
44.9050,-123.0011,27
45.9647,-112.5006,27
38.5050,-107.8975,26
35.8517,-97.4142,29
38.6644,-94.8900,4
66.9161,-151.5089,21
30.6794,-88.2397,22
35.4344,-119.0542,21
31.8111,-106.3758,29
39.7075,-86.2803,36
42.1928,-89.0931,11
64.5111,-165.4400,39
40.6386,-73.7622,56
35.5342,-97.6469,38
45.4558,-98.4131,34
40.8250,-92.8925,63
40.5100,-101.6200,15
42.5950,-87.9381,19
43.4133,-124.2436,30
61.1000,-149.6936,27
36.0236,-84.2375,15
41.8678,-84.0794,26
57.1553,-170.2222,26
44.5444,-110.4211,11
42.6650,-83.4181,25
30.7167,-87.0167,21
57.7511,-152.4856,45
32.6500,-114.6167,44
44.3675,-71.5450,9
45.8258,-119.2611,23
36.2500,-115.6300,11
41.6686,-70.2800,39
36.6206,-116.0278,28
38.1417,-76.4292,22
41.4914,-120.5644,26
41.5944,-109.0528,31
33.6228,-111.9106,18
42.7172,-71.1239,25
32.3542,-95.4025,31
42.2667,-84.4667,24
43.5950,-118.9564,32
43.2339,-75.4117,31
45.5644,-84.7928,18
35.6169,-106.0889,43
42.9333,-71.4383,16
44.4983,-88.1111,16
44.8322,-93.4706,28
30.3361,-81.5147,25
40.7794,-73.8803,47
42.9550,-87.9044,22
41.9381,-72.6825,22
35.8311,-90.6464,41
36.1189,-86.6892,38
33.4278,-112.0039,32
34.5583,-98.4172,28
29.7333,-85.0333,34
40.1606,-113.3508,73
64.5500,-149.0717,17
43.9658,-107.9508,25
61.1781,-149.9664,23
42.8153,-108.7261,22
42.2333,-83.5333,33
42.6425,-77.0564,18
31.8606,-86.0122,13
46.3583,-104.2500,34
28.0622,-81.7542,33
38.8761,-98.8092,31
39.4019,-77.9844,21
48.3500,-122.6667,39
26.2500,-80.1083,37
43.1711,-86.2367,23
45.6194,-121.1661,71
36.7800,-119.7194,30
40.1936,-76.7633,22
21.1544,-157.0961,21
34.6439,-86.7861,31
43.7694,-87.8506,23
42.9667,-83.7494,28
46.5683,-120.5428,42
33.1803,-96.5903,24
33.5656,-86.7450,32
41.4653,-90.5233,24
37.3711,-118.3581,26
47.6497,-120.0800,4
46.1569,-123.8825,33
29.7036,-98.0281,39
35.5144,-108.7939,26
41.2639,-72.8872,22
44.7978,-68.8186,29
41.0669,-73.7075,22
39.2775,-120.7103,17
40.7939,-73.1017,40
36.0969,-79.9433,26
27.5333,-99.4667,55
43.5878,-96.7289,25
38.9597,-94.3714,22
46.7439,-117.1086,18
45.5511,-122.4089,17
36.9358,-121.7886,19
46.0139,-102.6547,17
33.3075,-104.5083,30
32.8986,-80.0403,36
40.7342,-73.4169,38
36.2833,-94.3000,26
34.3622,-98.9761,38
7.3333,134.4833,45
34.8822,-95.7831,27
47.4444,-122.3139,27
45.6478,-68.6925,21
42.1594,-76.8919,24
21.3167,-158.0667,21
40.6044,-98.4272,19
39.3792,-74.4242,39
39.2292,-106.3169,32
36.8781,-91.9025,26
39.6014,-116.0056,35
32.8978,-97.0189,35
47.4667,-87.8833,24
34.5467,-93.5781,8
35.0281,-110.7208,35
43.1406,-89.3453,12
47.9428,-97.1839,36
30.9119,-102.9167,45
40.0228,-82.4625,13
41.1214,-100.6694,17
46.8706,-68.0172,23
41.0136,-83.6686,33
34.7272,-92.2389,37
30.4000,-86.4717,26
31.8456,-86.6108,17
40.6508,-75.4492,34
39.9492,-74.8417,22
29.3600,-99.1742,37
47.8306,-110.6608,9
32.4506,-93.8411,29
41.7700,-88.4814,14
40.9017,-117.8081,26
30.7825,-83.2767,8
37.7461,-97.2211,25
45.8619,-96.5650,31
61.1689,-150.0278,38
34.9914,-78.8803,22
43.8789,-91.2528,25
-14.3306,-170.7136,88
42.7267,-114.4564,40
33.6186,-114.7142,48
43.4075,-94.7461,40
29.3783,-100.9269,38
30.3208,-97.7603,22
44.3206,-69.7972,22
34.2097,-118.4892,23
42.1578,-72.7161,18
41.4525,-87.0058,19
37.7214,-122.2208,43
39.7333,-77.4333,9
40.0819,-75.0111,33
31.3500,-85.6667,9
38.1847,-84.9033,36
36.7725,-90.3247,26
25.9989,-80.2411,19
30.4781,-87.1869,34
40.8600,-102.8031,31
44.7694,-106.9689,20
36.9500,-76.2833,26
40.9656,-105.2186,27
29.1828,-81.0483,31
36.7414,-104.5022,29
36.8167,-76.0333,26
40.2172,-76.8514,31
29.6381,-95.2819,28
41.9922,-93.6217,37
35.9508,-85.0814,26
35.6542,-105.1419,33
39.1019,-121.5678,23
43.1072,-78.9453,32
41.2731,-111.0306,34
36.2667,-93.1567,31
17.7028,-64.8056,72
41.3103,-95.8992,22
38.5714,-90.1572,30
32.3336,-104.2581,30
30.4636,-88.5319,11
64.3267,-158.7417,21
32.2997,-86.4075,17
38.7642,-87.6056,43
43.5667,-116.2406,29
42.5708,-77.7133,17
25.6475,-80.4331,19
39.0083,-95.2117,30
7.0833,171.3833,41
39.4519,-87.3089,33
38.3000,-76.4167,30
37.6544,-97.4425,27
44.1708,-114.9272,19
47.4569,-115.6450,21
42.1244,-86.4267,28
35.6950,-101.3950,38
37.6928,-121.8144,37
43.3497,-76.3847,28
39.2231,-106.8683,26
32.7100,-96.2672,26
41.1078,-92.4467,33
33.8117,-118.1464,24
55.2208,-162.7325,47
37.9272,-100.7247,32
35.0028,-105.6628,39
37.0911,-95.5664,23
47.3600,-121.5700,4
43.7600,-115.2400,13
39.1342,-108.5400,47
41.3931,-70.6150,33
35.2578,-93.0947,22
43.1111,-76.1039,35
45.1947,-123.1339,36
63.9944,-145.7214,24
41.5097,-72.8278,17
41.2003,-74.6231,16
47.3258,-106.9475,33
34.7336,-76.6606,32
43.5164,-112.0672,39
38.5911,-92.1558,22
39.1353,-96.6778,12
36.1336,-80.2222,15
40.5175,-122.2986,16
34.8994,-120.4486,30
38.0494,-103.5122,30
7.4500,151.8333,39
36.0167,-102.5500,38
44.3394,-105.5419,29
34.2008,-119.2069,34
46.9258,-98.6692,37
34.7000,-77.3833,28
27.9106,-82.6875,42
34.4978,-82.7097,24
36.4731,-82.4044,24
33.6361,-91.7556,31
39.0431,-84.6717,31
41.3119,-105.6747,33
35.1442,-111.6664,17
40.8217,-72.8689,34
39.4206,-79.0050,9
42.2314,-83.3308,31
33.6542,-101.8136,40
47.2078,-119.3192,43
29.3331,-89.4075,52
45.2486,-122.7686,23
36.8600,-106.2300,296
32.1314,-110.9553,31
36.6817,-101.5053,27
38.5000,-77.3000,28
43.3906,-99.8422,29
44.5228,-114.2150,23
27.6531,-80.2428,29
26.2281,-97.6542,51
43.9922,-76.0217,28
35.9333,-79.0642,10
39.5781,-85.8033,25
35.2100,-99.1200,60
45.7881,-111.1608,32
44.0206,-117.0128,26
