-38.2410,143.1393,3
-17.3436,145.9217,3
-32.4753,149.5151,3
-27.0878,152.3756,2
-27.3911,153.0628,2
-19.6667,147.4147,3
-37.4652,145.2637,7
-28.0686,153.4241,3
-43.1456,146.7900,29
-25.2483,152.6636,2
-32.8183,117.1800,3
-38.1059,142.3216,2
-42.7214,147.5422,13
-27.7347,153.3275,3
-43.1017,146.7311,29
-38.3427,143.5848,3
-31.5278,117.4361,4
-26.7850,153.0686,2
-26.8848,152.1006,2
-24.6294,151.9158,2
-17.0928,145.7906,3
-26.6225,152.8656,2
-27.7472,153.1919,2
-34.6653,149.9888,3
-37.8221,140.7593,3
-33.1851,138.3001,3
-33.6165,150.7477,3
-33.9797,115.7656,3
-37.6563,145.4762,5
-27.5300,153.4194,3
-38.0339,141.9998,3
-34.9761,116.7328,3
-41.3994,147.1347,3
-37.5720,145.5014,3
-34.0647,139.6605,3
-34.7708,137.5952,3
-36.1821,147.5515,3
-28.6225,153.0036,3
-35.0102,138.7602,3
-38.5198,143.7150,3
-18.6508,146.2047,3
-37.5872,140.3426,3
-17.0692,145.7742,3
-34.9044,138.8742,3
-37.3432,144.1575,3
-37.3803,140.8379,3
-22.3458,149.5356,3
-31.1842,118.1006,3
-42.3961,146.4897,3
-33.8771,151.0577,3
-35.0203,137.6064,3
-34.5712,150.7761,3
-31.8803,141.5930,3
