34.2183,-116.4072,112
39.7750,-105.1169,107
48.9981,-110.2158,103
35.0761,-89.7430,58
41.8161,-80.4250,89
47.2919,-88.4208,80
34.6242,-106.3103,67
30.5347,-94.4456,36
42.3997,-89.9903,85
48.0750,-111.2597,22
35.5953,-82.5567,80
38.6644,-94.8900,107
39.1439,-103.4897,107
40.6558,-97.2208,116
47.8306,-110.6608,54
47.6497,-120.0800,49
45.0961,-112.0856,125
47.2753,-88.4169,40
41.7392,-77.9711,85
44.4933,-68.4583,80
61.5889,-149.0992,40
47.0083,-88.4317,80
46.2314,-112.1136,67
40.8600,-102.8031,112
61.2967,-149.4400,45
40.1100,-87.9567,67
47.0111,-109.2261,36
61.1025,-149.7169,89
34.1206,-115.8500,63
38.5039,-95.7036,112
40.5764,-105.0858,58
40.9656,-105.2186,72
45.4525,-99.3358,80
39.4206,-79.0050,152
47.8344,-120.0006,40
39.0733,-93.7075,152
45.6656,-97.0392,67
37.1317,-86.1481,89
39.7194,-76.8028,112
39.8814,-77.3506,94
40.8250,-92.8925,63
