43.1878,-91.8719,1
42.5008,-70.8644,1
39.0725,-95.6261,1
42.4050,-88.9794,1
43.3500,-73.6167,1
38.1872,-80.1336,1
41.9950,-87.9336,1
28.7797,-81.2436,1
34.9894,-99.0525,1
44.5847,-85.3653,1
38.0442,-87.5206,1
41.7750,-78.0417,1
56.8056,-132.9372,1
43.7667,-98.0333,1
44.5378,-90.5350,1
44.3206,-69.7972,1
45.0619,-93.3508,1
30.7825,-83.2767,1
40.3444,-91.1125,1
71.2833,-156.7814,1
44.0069,-70.3608,1
41.1644,-84.8483,1
29.9506,-94.0206,1
31.8111,-106.3758,1
40.7747,-91.1164,1
41.5886,-83.8014,1
45.6478,-68.6925,1
29.1097,-95.4619,1
42.7058,-78.0936,1
44.8831,-93.2289,1
26.2500,-80.1083,1
34.0500,-94.4008,1
42.5544,-92.4011,1
42.0772,-91.3028,1
44.9047,-97.1494,1
36.4731,-82.4044,1
25.5011,-80.5500,1
41.9117,-89.0708,1
43.8669,-91.2725,1
44.6889,-70.1567,1
30.1831,-97.6800,1
34.4258,-119.8425,1
25.9069,-80.2803,1
62.9614,-141.9292,1
40.8203,-82.5178,1
40.9781,-124.1086,1
44.1747,-90.3483,1
31.8606,-86.0122,1
35.0714,-83.9683,1
19.7192,-155.0531,1
44.1600,-91.8122,1
43.1711,-86.2367,1
44.5647,-91.6719,1
39.4781,-88.2803,1
31.3214,-85.4497,1
33.1281,-117.2794,1
28.5453,-81.3331,1
46.6650,-88.3750,1
41.8031,-78.6403,1
43.3436,-72.5178,1
41.7803,-124.2367,1
42.7803,-84.5789,1
36.4650,-83.5603,1
32.1669,-92.1075,1
42.4272,-73.2892,1
44.4683,-73.1500,1
34.6517,-112.4208,1
43.5697,-76.1164,1
44.4933,-68.4583,1
38.6572,-90.6558,1
39.8250,-86.2958,1
26.1839,-98.2539,1
32.3500,-91.0278,1
58.4111,-135.7089,1
39.8058,-90.8236,1
38.8853,-79.8528,1
39.1114,-82.9797,1
32.4506,-93.8411,1
31.5356,-84.1944,1
44.0303,-71.1383,1
46.7994,-102.7972,1
44.9342,-95.7461,1
41.0669,-73.7075,1
37.0683,-88.7719,1
42.0025,-76.6383,1
46.7708,-100.7603,1
58.3183,-134.1003,1
36.0236,-84.2375,1
30.5892,-96.3647,1
45.8081,-96.5042,1
38.0408,-84.6058,1
44.0908,-92.6400,1
28.8208,-81.8097,1
40.1692,-79.1411,1
43.0453,-92.3122,1
29.6919,-82.2756,1
38.2281,-85.6636,1
34.4272,-100.2831,1
42.6325,-72.1233,1
41.1014,-102.9847,1
43.0431,-96.9033,1
33.4617,-80.8581,1
43.2581,-72.0028,1
40.0839,-88.2403,1
43.7331,-103.6114,1
26.2281,-97.6542,1
41.6328,-91.5431,1
42.0494,-90.7489,1
34.6081,-79.0592,1
42.2417,-83.6933,1
44.9319,-93.0556,1
44.3814,-100.2856,1
27.7839,-97.5108,1
41.3375,-84.4289,1
38.5311,-79.7714,1
39.7833,-79.9167,1
31.8456,-86.6108,1
34.1853,-79.7239,1
41.4511,-90.1486,1
40.1000,-84.6500,1
41.6117,-90.5808,1
31.5333,-101.2842,1
42.6853,-91.5325,1
38.7003,-82.4736,1
30.0375,-91.8839,1
39.8361,-89.6250,1
35.0678,-77.0481,1
33.3633,-84.5658,1
41.8136,-89.0239,1
47.9428,-97.1839,1
44.8419,-74.3081,1
26.6847,-80.0994,1
41.6569,-69.9589,1
57.7511,-152.4856,1
40.7122,-89.2611,1
37.5658,-76.8000,1
34.8994,-120.4486,1
42.1928,-89.0931,1
30.3489,-85.7881,1
36.6239,-87.4194,1
42.3978,-90.7036,1
42.0500,-91.5881,1
26.1658,-97.3458,1
32.9733,-97.3181,1
35.8311,-90.6464,1
41.8264,-96.0506,1
31.2361,-94.7544,1
46.9253,-96.8111,1
40.4719,-81.4236,1
39.4889,-86.0731,1
30.9119,-102.9167,1
46.8369,-92.2097,1
42.3869,-72.9211,1
38.3650,-82.5550,1
45.6528,-89.3075,1
30.5372,-91.1469,1
29.7036,-98.0281,1
31.5358,-82.5067,1
27.7411,-98.0247,1
40.1764,-80.6472,1
29.7333,-85.0333,1
48.5614,-93.3981,1
43.2419,-77.3883,1
31.9433,-102.1889,1
31.9514,-85.1289,1
39.4519,-87.3089,1
46.1694,-90.9808,1
30.4119,-89.0808,1
40.4122,-86.9369,1
44.3853,-74.2067,1
43.6478,-70.6750,1
37.8175,-82.7883,1
30.4844,-81.7019,1
42.8206,-78.1481,1
42.1997,-75.9850,1
31.3558,-85.7511,1
44.3592,-89.8369,1
31.0425,-86.3117,1
38.7642,-87.6056,1
40.7833,-91.1253,1
29.3600,-99.1742,1
30.3567,-95.4139,1
31.3347,-92.5586,1
55.2208,-162.7325,1
37.6183,-79.4358,1
40.5100,-79.5458,1
42.5458,-72.7803,1
42.3606,-71.0106,1
45.4558,-98.4131,1
41.2544,-80.6739,1
35.0564,-89.9864,1
44.3981,-98.2231,1
40.8097,-124.1603,1
40.8619,-75.6428,1
38.4947,-83.0183,1
40.2342,-85.3936,1
44.4983,-88.1111,1
41.1758,-91.8183,1
46.1569,-123.8825,1
41.3661,-89.4519,1
44.8664,-91.4878,1
44.7408,-85.5825,1
27.4981,-80.3767,1
45.5114,-118.4247,1
42.3161,-90.2269,1
31.9206,-102.3867,1
45.5464,-100.4078,1
40.6675,-89.6839,1
40.9369,-90.0881,1
30.4922,-83.7833,1
39.9444,-81.8922,1
33.2119,-87.6161,1
40.4847,-80.2144,1
43.8658,-91.3100,1
39.7075,-86.2803,1
39.9914,-82.8808,1
35.5931,-88.9167,1
39.6428,-79.9164,1
30.6794,-88.2397,1
39.5781,-85.8033,1
40.7083,-84.0267,1
38.4844,-93.2556,1
43.8789,-91.2528,1
36.9647,-86.4239,1
43.9042,-92.4917,1
40.4397,-82.3039,1
41.5272,-85.7922,1
46.0139,-102.6547,1
30.3208,-97.7603,1
45.0717,-83.5644,1
45.0831,-91.3311,1
44.7511,-89.2450,1
39.9061,-84.2186,1
41.9856,-97.4353,1
39.0431,-84.6717,1
42.2947,-83.7108,1
44.3744,-70.3164,1
41.1078,-92.4467,1
42.7431,-73.8092,1
64.5111,-165.4400,1
39.8344,-88.8656,1
38.3794,-81.5900,1
28.4339,-81.3250,1
43.9844,-88.5569,1
30.5347,-94.4456,1
15.1167,145.7167,1
44.2667,-71.2994,1
32.7100,-96.2672,1
40.0739,-87.5067,1
43.1167,-77.6767,1
32.5722,-116.9794,1
56.2472,-134.6447,1
44.5344,-72.6144,1
37.2008,-80.5864,1
31.1828,-90.4708,1
41.7072,-86.3164,1
41.1922,-79.4361,1
44.6381,-90.1875,1
35.9508,-85.0814,1
33.3644,-81.9633,1
42.1128,-92.9175,1
43.1561,-90.6775,1
42.6000,-90.4236,1
66.8667,-162.6333,1
26.1969,-80.1708,1
43.6750,-90.8078,1
55.5800,-133.0750,1
37.7889,-80.3083,1
47.0258,-91.6653,1
39.6667,-80.8667,1
36.1189,-86.6892,1
30.6433,-89.9239,1
21.9839,-159.3405,1
35.4467,-83.4622,1
29.1828,-81.0483,1
44.8322,-93.4706,1
43.1111,-76.1039,1
44.7978,-68.8186,1
40.9167,-81.4333,1
43.4075,-94.7461,1
27.6531,-80.2428,1
44.3272,-91.9194,1
45.1308,-90.3439,1
42.3994,-90.3861,1
41.8833,-91.7167,1
29.3389,-98.4719,1
43.2794,-92.8106,1
37.1244,-82.6339,1
43.3392,-78.3892,1
43.3817,-92.9233,1
39.1333,-86.6167,1
43.1544,-93.3269,1
42.8633,-70.8997,1
42.2706,-71.8731,1
43.8225,-91.1914,1
33.8750,-84.3022,1
45.6308,-89.4653,1
44.2822,-70.2561,1
43.4622,-76.4933,1
44.3592,-84.6739,1
40.0972,-92.5433,1
43.3772,-72.1811,1
45.9336,-90.4506,1
40.1100,-87.9567,1
40.0397,-88.2778,1
38.3064,-79.7197,1
32.0311,-96.3989,1
42.2553,-88.0769,1
47.2856,-68.3133,1
30.3975,-84.3289,1
43.1953,-71.5011,1
37.0875,-82.9925,1
32.2997,-86.4075,1
43.1406,-89.3453,1
46.1236,-67.7928,1
46.9728,-123.9303,1
32.6847,-83.6528,1
36.1878,-81.8736,1
38.4503,-83.7355,1
43.0514,-91.1350,1
57.1553,-170.2222,1
40.6044,-98.4272,1
39.8800,-86.0514,1
44.2033,-72.5794,1
44.9358,-74.8458,1
42.9550,-87.9044,1
42.9486,-78.7369,1
46.8706,-68.0172,1
36.5881,-121.8453,1
35.8181,-83.9858,1
42.0981,-89.9842,1
47.9375,-124.5550,1
41.4653,-90.5233,1
28.4567,-99.2183,1
27.9619,-82.5403,1
44.9258,-89.6256,1
42.6472,-78.7111,1
44.6500,-73.4667,1
44.5483,-95.0803,1
39.2728,-79.3683,1
41.9381,-72.6825,1
28.1011,-80.6439,1
41.8161,-80.4250,1
37.5908,-83.3131,1
42.1608,-71.2461,1
25.9156,-97.4186,1
42.8914,-73.2469,1
42.3914,-96.3792,1
43.9922,-76.0217,1
41.0908,-89.8614,1
43.6125,-91.6222,1
39.3450,-81.4392,1
33.8083,-79.8567,1
42.2122,-71.1136,1
60.7850,-161.8292,1
42.3297,-78.4633,1
30.3361,-81.5147,1
45.5433,-94.0514,1
28.8614,-96.9303,1
40.9706,-85.2064,1
