43.8000,-74.8667,46
-42.9264,147.5203,22
35.3872,-76.7764,46
19.6158,-155.0839,206
39.6203,-79.9697,137
31.1681,-84.7664,38
31.2353,-88.9186,307
46.7492,-121.8120,0
42.6922,-120.5403,20
-37.7073,147.8314,40
-38.2358,145.0667,106
35.8489,-97.4797,58
44.0764,-116.9311,8
20.6486,-156.3983,76
21.3933,-157.9750,0
-37.8221,140.7593,34
36.0642,-97.2128,66
40.1239,-102.7214,0
-41.2039,146.2650,58
32.7278,-114.6217,91
38.6308,-96.6717,15
-33.6165,150.7477,20
43.1889,-71.7461,10
30.8714,-89.1214,112
37.5108,-86.2892,330
47.1358,-122.2558,28
35.1381,-81.5961,36
-38.4191,146.9656,54
45.1111,-87.6117,0
35.0781,-89.6653,152
-40.9733,145.3742,50
-13.7447,130.4935,672
38.3197,-76.4525,152
41.8128,-88.0728,3
41.1183,-75.7278,66
47.1889,-120.9131,23
39.7506,-92.5064,51
43.2761,-75.1567,61
-28.5008,114.7897,230
44.7281,-75.4442,3
39.6619,-99.1228,20
31.3625,-85.3397,10
39.5719,-103.2922,3
-35.6984,139.8633,16
36.8483,-121.4214,18
32.7336,-96.3225,109
35.0322,-97.9144,71
42.9694,-71.9528,13
35.5406,-82.6531,0
-38.6520,146.1997,156
32.4644,-97.1831,140
-27.5300,153.4194,30
43.2386,-76.1964,71
45.5247,-123.1025,15
-43.0286,147.0544,10
36.8314,-99.6411,86
33.8936,-97.2692,312
36.7925,-97.7458,79
-38.1954,143.6399,54
31.5333,-97.4525,269
20.2039,-155.7350,76
-41.2514,146.3975,50
43.7822,-122.9631,229
28.4575,-97.7061,53
42.9481,-76.7342,33
21.6369,-158.0536,76
19.6328,-155.0339,150
41.5325,-70.6589,157
37.9050,-93.3169,762
34.4744,-91.4172,81
44.9214,-85.5161,0
-32.0632,150.9272,84
42.0003,-73.0439,46
35.5483,-98.0364,41
-35.0102,138.7602,6
40.9317,-109.4117,5
37.1244,-82.6339,51
35.8214,-81.1919,28
42.9014,-76.8642,30
18.0258,-66.5253,3
39.5703,-107.2267,18
-38.5058,145.1503,80
41.6444,-72.8167,114
-37.2618,147.7229,10
36.6139,-83.7897,66
-34.7735,139.0501,8
-27.4973,153.4078,112
39.5039,-98.3150,3
39.1172,-95.4097,3
-38.3427,143.5848,46
36.1208,-97.0953,61
33.7158,-108.7769,0
33.9047,-87.3153,76
40.8250,-92.8925,3
-33.4983,150.5215,116
34.8219,-89.4347,345
43.2097,-75.6453,56
-34.4674,150.8813,144
42.9453,-72.2369,13
-36.7416,141.9429,32
38.1350,-94.8161,114
35.9647,-87.9639,71
21.1900,-156.9828,51
44.0569,-121.2850,140
18.1731,-66.4928,66
44.9464,-123.2911,20
36.6728,-93.8578,102
-38.5198,143.7150,58
-27.7347,153.3275,52
40.2842,-109.8611,79
39.0422,-108.4664,13
36.7081,-98.7094,117
20.2250,-155.7933,406
37.1431,-114.0214,305
21.3278,-157.8236,64
34.1678,-97.9883,107
29.0361,-80.9181,173
39.3667,-94.3294,5
35.1489,-98.4658,46
-37.8361,145.0294,169
21.5611,-158.2383,318
36.9933,-82.9867,1631
-37.7110,142.8395,62
40.4506,-107.5894,89
-12.7164,131.8206,400
-35.2276,138.5366,4
18.1511,-66.9889,25
33.6772,-93.9903,203
36.5408,-85.4597,38
58.2989,-134.4111,0
18.3964,-66.9244,41
44.8700,-88.9044,0
17.9556,-66.2222,30
46.9589,-95.6472,3
-33.3211,149.0828,32
44.9094,-72.8083,3
46.4908,-87.3550,0
18.1725,-66.9872,3
-38.0339,141.9998,32
18.3236,-64.8542,5
34.8561,-80.9175,119
-36.4183,143.6123,20
27.4272,-80.4053,330
36.9539,-120.0378,3
27.5947,-81.5267,498
35.7875,-93.4603,168
21.4706,-157.8836,175
40.8619,-75.6428,64
41.6000,-122.8478,15
39.5833,-120.3706,175
42.9228,-84.8856,0
-38.2550,143.1256,64
-43.3181,147.2467,40
47.1414,-121.9356,28
-37.8958,144.4387,94
21.3389,-157.8581,53
39.3506,-76.6508,150
-37.9543,143.3437,58
35.1161,-93.6506,99
38.1792,-84.8992,66
-36.6074,146.7888,48
34.2594,-106.0931,114
-43.0833,147.7922,80
43.0731,-77.3019,23
19.5833,-155.4550,150
21.3153,-157.9992,0
-38.3898,145.0863,102
34.1925,-96.6442,114
-27.4914,152.7519,154
33.3781,-116.8400,127
46.6364,-123.2597,0
-12.4706,130.8455,1060
39.8789,-106.3333,43
34.5225,-119.6822,152
39.2494,-106.3714,231
40.7928,-87.7556,91
-12.4721,130.9924,122
18.3347,-64.7942,5
36.4528,-89.3028,23
21.1328,-157.2133,3
39.1331,-94.0639,51
44.3022,-120.8081,3
39.7103,-88.4886,102
37.6475,-96.0781,168
38.7983,-94.4436,66
36.4231,-99.4167,99
34.9142,-98.2922,61
-43.0156,147.3275,32
-25.6361,121.3533,760
-28.9883,152.8806,14
-38.1059,142.3216,50
-37.5267,142.0414,40
33.8097,-111.6497,46
31.7633,-84.1869,48
36.5994,-89.9894,18
31.2975,-85.8997,23
36.1175,-97.0950,56
-20.7089,140.5192,118
-41.2500,147.2169,60
30.7394,-94.9256,46
34.0464,-94.3481,97
-42.3961,146.4897,14
-36.5753,143.8695,30
-12.4121,130.9669,221
36.3661,-85.6553,109
39.0100,-120.8456,257
38.1253,-82.6936,86
39.0936,-106.3514,76
33.2511,-91.5058,218
42.0772,-74.9828,89
17.9722,-67.0461,15
39.9000,-98.0256,5
43.6028,-72.3622,13
-37.6563,145.4762,166
-36.6287,142.6321,36
35.6542,-79.0706,137
43.7178,-123.0578,53
41.2514,-122.1383,0
-36.2506,147.0258,24
47.6422,-110.6681,18
37.2328,-119.5097,76
-34.1685,150.6145,120
-38.5304,143.5390,76
35.2722,-97.9553,48
41.5889,-75.3303,122
37.8925,-97.4828,43
44.9231,-123.5750,264
33.7392,-88.1275,132
19.5106,-155.9217,5
-37.9535,145.1655,178
34.9678,-97.9519,58
19.7842,-155.0936,152
43.5317,-75.9525,53
38.9028,-107.8922,58
43.0589,-76.8386,28
-37.8376,145.0048,158
36.4119,-97.6939,107
43.9000,-75.0367,53
34.4219,-106.8325,102
39.5608,-88.6067,135
39.2000,-84.7000,56
46.6539,-68.0089,10
36.1472,-97.2858,66
-28.9231,151.9306,65
38.5172,-118.6292,76
-35.3098,149.1269,14
41.3933,-87.7650,23
-37.3803,140.8379,24
36.8047,-107.6214,155
21.5739,-158.0378,150
46.0681,-93.6664,0
46.3675,-124.0378,102
40.3692,-105.2353,5
39.0461,-78.9664,0
34.3997,-98.3458,71
36.7481,-98.3628,107
-34.9482,138.8071,2
35.4117,-80.4308,51
39.5253,-91.6450,109
-41.5211,146.7158,26
43.1592,-74.2042,38
41.1381,-87.8856,56
-29.9546,151.2111,354
43.3442,-73.0522,51
26.8639,-80.6256,89
39.5108,-87.1242,168
39.5228,-79.4131,254
-36.3098,140.7400,12
34.3703,-91.1242,196
42.4292,-71.4425,53
37.7150,-105.2353,97
46.5831,-90.9678,0
-35.5355,138.9010,6
46.6706,-100.2294,0
41.5394,-75.9269,28
-36.8756,147.2886,80
19.2036,-155.4858,5
-12.3551,130.8857,264
-38.3372,143.7844,50
21.3733,-157.7853,279
61.6311,-149.8019,0
41.8500,-74.0500,64
32.7100,-100.9111,10
37.5339,-83.3492,28
-34.7314,140.5036,14
19.4297,-155.2561,36
36.9861,-94.3553,112
-34.7810,150.6917,42
33.6028,-111.7131,3
-32.4129,152.2079,500
19.5361,-155.5767,94
48.6236,-93.8992,3
