38.4931,-122.0047,61
25.8175,-80.2858,211
40.7142,-122.4161,50
34.5822,-119.9817,56
34.9881,-120.3211,61
37.7967,-121.5828,78
43.8544,-116.4664,-178
38.6644,-94.8900,0
36.9969,-119.7072,-178
21.3153,-157.9992,189
38.4917,-122.1242,33
39.1172,-95.4097,0
33.6731,-111.1508,144
41.4439,-86.9294,-178
28.4675,-98.2525,56
45.9228,-108.2444,-178
40.6117,-122.5281,61
32.2822,-106.7597,83
30.2003,-92.6642,128
36.5508,-114.4581,72
26.8400,-81.0872,161
26.5581,-99.1372,106
38.5350,-121.7761,67
39.0744,-96.8983,0
33.7092,-93.5564,-178
43.5492,-71.4647,-178
