32.5667,-117.1167,1005
30.0494,-90.0289,240
43.9906,-70.9475,2017
45.6194,-121.1661,1541
34.2008,-119.2069,1356
64.7767,-141.1483,1400
35.0169,-80.6206,405
38.3000,-76.4167,1116
41.3461,-82.1794,131
37.7461,-97.2211,2348
39.7333,-77.4333,1246
41.6764,-70.9583,1415
42.2333,-83.5333,26
36.7414,-104.5022,2359
41.2531,-70.0608,1433
31.3558,-85.7511,247
37.3278,-95.5042,1119
41.6264,-80.2150,1143
60.1283,-149.4167,1848
61.2169,-149.8550,2309
64.5500,-149.0717,2310
36.9839,-77.0075,1052
40.0681,-118.5692,1721
38.8761,-98.8092,1302
41.0089,-74.7367,1103
26.5361,-81.7550,1212
64.3267,-158.7417,2300
41.9097,-70.7294,1410
42.6958,-73.1708,1941
42.6425,-77.0564,1418
41.6686,-70.2800,1307
59.7494,-154.9089,1237
37.0911,-95.5664,1130
39.9369,-91.1919,2300
41.4525,-87.0058,120
40.8764,-74.2831,1236
42.5519,-71.7558,1723
32.5428,-93.7450,1126
41.2639,-72.8872,1449
62.3200,-150.0950,1833
47.5303,-122.3008,1645
42.1094,-77.9919,1001
34.9869,-81.0575,2120
40.8436,-72.6322,1154
41.0731,-71.9233,2117
36.3333,-119.9500,935
33.4050,-118.4158,1000
44.5483,-95.0803,2043
40.8217,-72.8689,1336
42.4092,-83.0100,20
35.6169,-106.0889,2056
41.5631,-83.4764,212
30.7797,-86.5225,1741
38.6956,-121.5897,711
27.9106,-82.6875,1703
40.1203,-76.2944,930
32.7667,-97.4500,403
38.4167,-113.0167,1625
46.4167,-86.6500,236
47.9078,-122.2803,1555
45.8183,-88.1144,304
66.9161,-151.5089,1435
41.5333,-71.2833,1754
28.4736,-82.4544,1608
48.5222,-123.0231,919
40.6161,-83.0636,245
42.4167,-87.8667,828
70.6392,-159.9950,539
31.9514,-85.1289,104
35.9333,-79.0642,1434
18.3331,-64.9667,1003
41.8678,-84.0794,57
44.3675,-71.5450,1557
46.0261,-91.4442,1603
41.5175,-81.6836,646
24.5833,-81.6833,1231
41.5092,-74.2650,1113
36.8167,-76.0333,1312
18.2550,-65.6408,407
31.4156,-87.0442,117
40.2383,-75.5572,1031
35.5144,-108.7939,1546
48.1203,-123.4983,2138
38.8983,-119.9947,1634
28.0622,-81.7542,2112
39.7556,-82.6572,506
30.4000,-81.4167,1431
18.4325,-66.0108,1148
31.6072,-110.4281,255
63.9944,-145.7214,2359
46.5486,-90.9189,4
55.5800,-133.0750,1324
47.4933,-122.2144,1345
35.1822,-103.6031,2358
59.4556,-135.3239,1049
37.7064,-112.1456,1614
60.7850,-148.8389,1937
47.2675,-122.5761,855
35.8550,-77.8931,1230
35.0028,-105.6628,2214
39.9181,-76.8742,940
67.7317,-164.5483,1302
30.6264,-88.0681,237
38.3083,-75.1239,1612
30.5069,-86.9597,1637
37.1319,-76.4930,1121
41.7361,-72.6506,1702
22.0333,-159.7833,1120
39.5936,-84.2264,211
41.2003,-74.6231,1045
39.1033,-84.4189,325
30.7044,-87.0231,1406
37.7081,-77.4344,1324
39.4900,-121.6183,1014
34.9000,-76.8833,1556
42.8050,-72.0036,1426
41.3931,-70.6150,1306
39.3667,-75.0667,1219
31.3928,-92.2956,1028
41.5097,-72.8278,1133
32.4833,-80.7167,1601
41.6875,-69.9933,1535
30.8458,-85.6014,718
34.7000,-77.3833,1805
7.3333,134.4833,2110
35.9403,-89.8308,532
46.1442,-115.5964,2256
70.1917,-148.4772,2202
43.2781,-70.9222,1948
59.4433,-151.7017,1037
30.3433,-89.8222,1248
40.6239,-74.6694,1427
31.8456,-86.6108,124
35.0678,-77.0481,1635
55.3567,-131.7117,248
59.2433,-135.5094,139
41.0375,-81.4642,353
39.3644,-84.5247,113
47.0339,-120.5303,1857
45.8258,-119.2611,1941
47.4667,-87.8833,104
36.7436,-108.2292,1426
40.8500,-74.0614,1138
38.5000,-77.3000,1205
36.6950,-76.1356,1222
31.1500,-92.9667,1135
41.7781,-80.6958,718
32.5500,-88.5667,1244
41.7419,-72.1836,1507
56.6000,-169.5650,2218
38.7667,-104.3000,608
42.6003,-123.3642,1
48.7167,-94.6000,2147
47.3864,-92.8389,1457
45.8678,-95.3942,1755
42.2228,-83.7444,1117
39.2775,-120.7103,1203
43.9636,-69.7117,1403
35.1350,-90.2344,326
34.2097,-118.4892,1250
43.6264,-72.3047,2127
34.6719,-82.8864,1407
41.3714,-73.4828,1604
58.3567,-134.5639,1436
41.9144,-88.2464,322
41.8756,-71.0211,1342
46.4047,-94.1308,2345
44.8322,-93.4706,1334
61.1689,-150.0278,1059
47.7472,-90.3444,606
42.6650,-83.4181,319
29.5622,-91.5256,146
47.1686,-88.4889,30
40.0819,-75.0111,1432
43.3497,-76.3847,1412
40.8731,-81.8867,56
31.3500,-85.6667,246
39.4203,-83.8217,352
34.7917,-79.3661,1112
7.4500,151.8333,200
34.8461,-82.3461,2346
44.5761,-71.1786,2057
37.1681,-97.0369,2355
40.1606,-113.3508,2350
31.0425,-86.3117,1559
43.1644,-95.2017,1721
6.9667,158.2167,759
62.9614,-141.9292,1205
57.0481,-135.3647,1910
42.9333,-71.4383,1346
39.9492,-74.8417,1153
42.5700,-72.2911,1644
60.4889,-145.4511,2258
45.4622,-69.5953,2106
42.4933,-79.2722,1123
40.0781,-83.0781,320
62.1592,-145.4589,159
30.3503,-81.8831,1513
60.5797,-151.2392,1518
39.4167,-118.7167,1703
42.4700,-71.2894,1829
31.3089,-86.3939,1755
35.6875,-117.6931,1556
42.1208,-87.9047,848
38.9833,-76.4667,1117
47.4569,-115.6450,2309
41.7700,-88.4814,1912
38.9503,-95.6639,1425
36.9500,-76.2833,1413
31.5883,-110.3442,852
40.7342,-73.4169,1123
43.5950,-118.9564,1814
45.0619,-93.3508,1431
40.8206,-76.8642,832
29.3331,-89.4075,1040
42.1594,-76.8919,1402
42.7172,-71.1239,1356
40.0228,-82.4625,459
42.1908,-71.1736,1326
66.0689,-162.7639,1710
41.3275,-72.0494,1159
41.0669,-73.7075,1541
41.7872,-111.8533,2341
47.2381,-123.1408,1524
44.9319,-93.0556,0
61.5961,-149.0917,1643
38.0653,-97.8606,2353
41.0467,-78.4117,619
42.5708,-77.7133,1337
61.1781,-149.9664,2246
32.7000,-117.2000,1338
42.1578,-72.7161,1214
40.3547,-79.9217,722
35.1967,-81.1558,2108
27.5000,-97.8167,843
30.7167,-87.0167,334
41.1961,-112.0114,2001
40.3300,-75.1225,1450
30.2333,-81.6667,1103
41.3497,-71.7989,1233
41.7861,-87.7522,1953
40.2172,-76.8514,1013
27.6833,-97.2833,439
42.5842,-70.9175,1529
44.0219,-82.7931,949
48.3500,-122.6667,1047
9.4833,138.0833,1210
70.2117,-151.0017,2114
30.4000,-86.4717,548
32.8667,-117.1333,1327
31.4000,-93.2833,1109
43.2339,-75.4117,1340
39.6092,-110.7547,2330
30.4636,-88.5319,224
39.2956,-80.2289,9
42.2347,-85.5519,325
35.6542,-105.1419,2234
46.9006,-95.0678,2024
36.1336,-80.2222,1210
43.1072,-78.9453,1545
34.2486,-82.1592,848
59.6419,-151.4908,1836
41.0136,-83.6686,233
36.0467,-79.4769,1238
