32.6500,-114.6167,1
37.1431,-107.7597,1
33.0375,-116.9158,1
32.5722,-116.9794,1
33.5656,-86.7450,1
32.7336,-117.1831,1
32.8342,-115.5786,1
34.2167,-119.0833,1
30.3931,-89.0008,1
33.8117,-118.1464,1
29.7547,-90.7747,1
36.9358,-121.7886,1
33.1281,-117.2794,1
33.9431,-114.0242,1
34.8994,-120.4486,1
35.1411,-114.5686,1
33.8342,-118.3758,1
30.2003,-92.6642,1
32.1433,-89.5525,1
33.9753,-117.6361,1
30.4714,-90.0436,1
33.9228,-118.3342,1
34.0561,-117.6003,1
30.0719,-91.0278,1
31.6419,-89.5572,1
31.3069,-89.3275,1
33.2742,-113.9653,1
37.2847,-120.5128,1
