36.1300,-105.5300,219
35.9200,-106.3900,220
48.7200,-116.4600,332
36.2500,-115.6300,191
44.2100,-110.6700,58
46.2400,-117.3900,281
36.0300,-106.8100,229
39.8000,-106.0300,229
43.7300,-113.8300,181
40.3000,-111.2600,330
40.5300,-106.7800,30
36.5100,-106.3200,11
39.4300,-120.3100,58
36.3100,-115.6800,166
43.8000,-114.8500,0
41.4000,-107.2600,22
35.7700,-105.7800,153
36.0000,-106.8300,285
43.7600,-115.2400,51
36.1900,-105.5600,58
36.0700,-105.6300,262
43.7600,-116.1000,51
36.9900,-105.2600,195
35.3400,-111.6500,290
38.4000,-119.5400,364
44.7900,-116.0900,248
39.3100,-111.4300,305
39.3600,-106.0600,86
39.1900,-120.2600,114
36.8600,-106.2300,26
36.9600,-106.6600,144
40.8300,-111.7600,75
36.7200,-106.2600,249
44.3800,-116.3400,1
36.7900,-105.2400,266
39.2900,-117.1100,77
