40.2539,-85.1483,100
35.4139,-86.8086,206
39.1172,-95.4097,117
33.6731,-111.1508,106
39.6619,-99.1228,111
39.0422,-108.4664,33
38.4931,-122.0047,122
34.5822,-119.9817,83
28.4675,-98.2525,206
30.2003,-92.6642,178
40.7142,-122.4161,72
35.0489,-97.9158,133
39.4031,-99.4192,122
38.6450,-95.5661,239
48.4983,-109.8014,39
37.6967,-93.7722,144
35.2006,-103.6867,33
30.7053,-104.0233,67
33.7092,-93.5564,133
42.9592,-120.7897,67
37.9050,-93.3169,94
26.5581,-99.1372,233
38.9408,-95.3397,128
37.0683,-88.7725,167
47.0575,-109.9514,6
36.4711,-86.8414,161
45.9228,-108.2444,39
25.8175,-80.2858,239
37.1503,-104.5567,94
34.9881,-120.3211,72
40.4750,-86.9919,89
36.5508,-114.4581,56
44.1183,-121.2103,11
35.6214,-88.8456,178
39.8114,-99.9386,117
36.4622,-116.8669,128
38.8586,-99.3358,117
40.6117,-122.5281,100
35.4072,-104.1906,50
38.5350,-121.7761,111
41.9342,-88.7756,122
38.4917,-122.1242,83
39.0744,-96.8983,78
45.6911,-118.8522,61
38.0047,-120.4864,100
32.2822,-106.7597,56
43.5492,-71.4647,-178
39.9000,-98.0256,133
46.0436,-118.4628,83
36.0147,-85.1314,122
39.0303,-76.9314,83
38.7978,-99.7231,117
46.6722,-120.4994,50
37.7967,-121.5828,133
41.4439,-86.9294,78
43.8544,-116.4664,-178
36.8047,-107.6214,11
33.7542,-99.1442,156
29.4608,-101.0286,194
38.4661,-101.7758,111
34.5989,-103.2161,39
39.3925,-101.0689,117
26.8400,-81.0872,206
40.1550,-103.1417,39
40.1739,-101.0611,117
