42.4933,-79.2722,1709
36.7436,-108.2292,1311
40.2172,-76.8514,1710
31.3089,-86.3939,1605
30.7044,-87.0231,455
35.5144,-108.7939,1606
36.9839,-77.0075,1413
32.5500,-88.5667,1545
32.7000,-117.2000,1142
41.1961,-112.0114,11
41.5092,-74.2650,1329
47.3864,-92.8389,1506
38.1417,-76.4292,1928
40.0228,-82.4625,1407
47.4667,-87.8833,2256
41.3275,-72.0494,1624
36.8167,-76.0333,1514
40.8731,-81.8867,111
41.7861,-87.7522,1623
59.4433,-151.7017,2027
47.2381,-123.1408,1441
64.3267,-158.7417,2358
41.6686,-70.2800,1200
42.6003,-123.3642,1826
42.4700,-71.2894,818
42.2333,-83.5333,1434
61.5961,-149.0917,1845
62.3200,-150.0950,1710
47.4569,-115.6450,1755
37.0911,-95.5664,1215
42.6958,-73.1708,1709
18.4325,-66.0108,1441
42.5708,-77.7133,1332
42.5700,-72.2911,1717
18.2550,-65.6408,938
38.0653,-97.8606,1210
42.1094,-77.9919,153
43.2781,-70.9222,1545
31.8456,-86.6108,1453
37.7461,-97.2211,902
42.4092,-83.0100,1440
7.4500,151.8333,2223
37.7081,-77.4344,1806
34.1167,-119.1167,1522
32.4833,-80.7167,509
31.3558,-85.7511,1857
39.5936,-84.2264,1010
30.3433,-89.8222,942
31.1500,-92.9667,331
32.8667,-117.1333,1358
38.6956,-121.5897,1946
42.1908,-71.1736,1501
42.6650,-83.4181,1520
70.2117,-151.0017,1832
30.0494,-90.0289,133
60.7850,-148.8389,2359
27.5000,-97.8167,2125
56.6000,-169.5650,2305
33.4050,-118.4158,1533
40.1203,-76.2944,1108
41.7872,-111.8533,2116
70.1917,-148.4772,2321
29.5622,-91.5256,737
34.2486,-82.1592,222
35.9333,-79.0642,1501
30.2333,-81.6667,21
39.9181,-76.8742,1646
35.0169,-80.6206,1849
39.3644,-84.5247,1104
42.8050,-72.0036,1552
47.7472,-90.3444,2056
44.0219,-82.7931,1721
55.3567,-131.7117,1356
48.3500,-122.6667,1539
46.5486,-90.9189,2354
41.3714,-73.4828,849
40.3547,-79.9217,1738
46.1442,-115.5964,1504
38.4167,-113.0167,1305
42.1594,-76.8919,1420
48.5222,-123.0231,1439
41.7700,-88.4814,1530
38.5000,-77.3000,839
43.1072,-78.9453,1745
47.4933,-122.2144,1700
39.9369,-91.1919,1441
63.9944,-145.7214,58
47.5303,-122.3008,1558
43.6264,-72.3047,43
66.0689,-162.7639,251
42.2228,-83.7444,1403
40.7342,-73.4169,350
39.2775,-120.7103,1336
41.0467,-78.4117,1525
35.1350,-90.2344,1745
40.8500,-74.0614,1456
43.1644,-95.2017,1330
42.1208,-87.9047,1611
39.4203,-83.8217,1015
41.5175,-81.6836,56
47.9078,-122.2803,1842
38.9503,-95.6639,1632
35.6875,-117.6931,1717
45.8258,-119.2611,2155
41.0669,-73.7075,1328
37.7064,-112.1456,1456
31.3500,-85.6667,1654
30.6264,-88.0681,301
40.0681,-118.5692,1256
40.8436,-72.6322,415
40.6161,-83.0636,747
36.6950,-76.1356,1407
40.8764,-74.2831,1741
27.9106,-82.6875,1547
35.0028,-105.6628,1447
34.8461,-82.3461,1558
48.7167,-94.6000,1407
41.9144,-88.2464,1452
30.3503,-81.8831,743
35.8550,-77.8931,1226
42.6425,-77.0564,106
41.7781,-80.6958,1244
37.1319,-76.4930,1333
38.8761,-98.8092,2
40.0781,-83.0781,1041
61.1689,-150.0278,1259
66.9161,-151.5089,941
44.5761,-71.1786,456
46.4047,-94.1308,1451
41.4525,-87.0058,1407
30.7167,-87.0167,451
55.5800,-133.0750,955
41.5631,-83.4764,1657
36.7414,-104.5022,1443
43.2339,-75.4117,32
46.0261,-91.4442,2311
34.2008,-119.2069,1551
59.2433,-135.5094,1341
34.9000,-76.8833,844
30.4000,-86.4717,626
41.2531,-70.0608,838
29.3331,-89.4075,938
30.4636,-88.5319,312
41.3497,-71.7989,1002
41.3461,-82.1794,850
41.8678,-84.0794,1507
41.2639,-72.8872,1539
41.2003,-74.6231,628
60.1283,-149.4167,1655
45.6194,-121.1661,2052
39.3667,-75.0667,1319
31.3928,-92.2956,100
38.9833,-76.4667,1304
47.0339,-120.5303,1516
36.9500,-76.2833,1503
34.7917,-79.3661,1654
35.6542,-105.1419,1323
38.7667,-104.3000,1708
47.1686,-88.4889,2326
18.3331,-64.9667,141
64.5500,-149.0717,1522
40.8217,-72.8689,416
32.7667,-97.4500,1742
47.2675,-122.5761,1224
45.8183,-88.1144,1643
9.4833,138.0833,811
31.4156,-87.0442,1339
39.7556,-82.6572,1117
40.6239,-74.6694,917
38.3000,-76.4167,1050
34.7000,-77.3833,855
39.4900,-121.6183,2218
42.7172,-71.1239,743
61.2169,-149.8550,1504
34.2097,-118.4892,1409
41.0136,-83.6686,1353
17.7028,-64.8056,1327
60.5797,-151.2392,1656
30.7797,-86.5225,1237
41.5333,-71.2833,916
40.3300,-75.1225,1520
7.3333,134.4833,2116
41.6764,-70.9583,944
36.1336,-80.2222,1609
36.3333,-119.9500,1531
6.9667,158.2167,1825
41.0731,-71.9233,1254
32.5428,-93.7450,107
24.5833,-81.6833,245
35.1967,-81.1558,520
38.3083,-75.1239,947
42.5842,-70.9175,727
31.5883,-110.3442,1230
39.9492,-74.8417,1137
45.4622,-69.5953,2200
62.1592,-145.4589,1445
31.9514,-85.1289,1914
57.0481,-135.3647,1757
41.6264,-80.2150,1454
62.9614,-141.9292,1245
42.5519,-71.7558,706
42.4167,-87.8667,1143
34.6719,-82.8864,59
37.3278,-95.5042,843
41.8756,-71.0211,958
46.9006,-95.0678,1417
35.1822,-103.6031,1410
39.7333,-77.4333,1117
39.4167,-118.7167,1414
59.6419,-151.4908,1504
41.7361,-72.6506,1356
42.1578,-72.7161,1746
43.9906,-70.9475,253
44.3675,-71.5450,1629
41.0375,-81.4642,2
46.4167,-86.6500,2348
42.9333,-71.4383,1410
41.7419,-72.1836,1052
41.0089,-74.7367,1519
34.9883,-117.8647,1746
43.3497,-76.3847,1354
67.7317,-164.5483,7
40.0819,-75.0111,1009
43.9636,-69.7117,647
48.1203,-123.4983,1544
41.3931,-70.6150,1326
64.7767,-141.1483,856
38.8983,-119.9947,1447
31.6072,-110.4281,1550
40.1606,-113.3508,1905
26.5361,-81.7550,1351
31.4000,-93.2833,2
39.2956,-80.2289,1112
34.9869,-81.0575,220
27.6833,-97.2833,1537
39.1033,-84.4189,939
59.4556,-135.3239,842
39.6092,-110.7547,1533
35.9403,-89.8308,1813
41.6875,-69.9933,818
58.3567,-134.5639,1608
40.8206,-76.8642,1744
61.1781,-149.9664,1324
28.0622,-81.7542,1911
35.6169,-106.0889,1542
22.0333,-159.7833,1418
70.6392,-159.9950,2345
59.7494,-154.9089,2213
30.5069,-86.9597,506
41.9097,-70.7294,1348
28.4736,-82.4544,57
32.8167,-115.6833,1211
60.4889,-145.4511,2152
40.2383,-75.5572,1811
41.5097,-72.8278,1007
30.4000,-81.4167,129
