32.5667,-117.1167,310
40.2342,-85.3936,320
30.0494,-90.0289,170
43.9906,-70.9475,230
45.6194,-121.1661,290
35.2333,-101.7089,140
34.2622,-88.7714,140
32.3367,-90.2214,350
32.6500,-114.6167,230
37.1431,-107.7597,250
37.4389,-105.8614,230
30.0481,-102.2131,350
34.2675,-77.8997,110
45.2486,-122.7686,340
46.7708,-100.7603,320
34.2008,-119.2069,290
35.2372,-120.6414,320
28.8208,-81.8097,100
43.0661,-108.4767,40
60.7850,-161.8292,30
64.7767,-141.1483,130
41.6117,-90.5808,200
37.2253,-89.5706,260
38.8169,-92.2183,140
27.4981,-80.3767,140
40.4122,-86.9369,350
38.9286,-90.4281,130
34.8822,-95.7831,230
35.0169,-80.6206,230
38.3000,-76.4167,140
36.2117,-115.1958,320
41.3461,-82.1794,340
40.9781,-124.1086,330
46.7994,-102.7972,280
37.7461,-97.2211,40
41.7806,-122.4717,350
33.0375,-116.9158,270
42.8153,-108.7261,330
34.9883,-117.8647,280
32.5722,-116.9794,280
36.0097,-94.1694,190
42.5950,-87.9381,100
39.6014,-116.0056,360
47.2856,-68.3133,340
34.1750,-91.9347,120
43.0206,-102.5183,60
39.7333,-77.4333,240
44.4683,-73.1500,190
41.8833,-91.7167,330
39.8233,-93.5792,210
43.5164,-112.0672,200
36.0394,-95.9844,50
29.7333,-85.0333,150
34.4258,-119.8425,250
43.9922,-76.0217,220
41.6764,-70.9583,220
44.1278,-123.2206,20
42.2333,-83.5333,270
31.3214,-85.4497,130
38.3794,-81.5900,310
46.9208,-114.0925,320
36.7414,-104.5022,190
41.2531,-70.0608,190
44.2558,-121.1392,350
41.5272,-85.7922,290
31.3558,-85.7511,360
44.3592,-89.8369,290
37.3278,-95.5042,270
41.6264,-80.2150,270
60.1283,-149.4167,190
43.9658,-107.9508,180
42.2667,-84.4667,300
35.1442,-111.6664,250
61.2169,-149.8550,200
40.0397,-88.2778,220
64.5500,-149.0717,180
26.2500,-80.1083,140
36.9839,-77.0075,220
48.4608,-119.5167,290
40.0681,-118.5692,50
21.4500,-157.7833,60
38.8761,-98.8092,150
30.0675,-95.5561,120
44.3394,-105.5419,180
32.7800,-79.9319,350
41.0089,-74.7367,220
34.0511,-118.2353,280
37.9272,-100.7247,90
39.3792,-74.4242,180
26.5361,-81.7550,240
39.8447,-89.6839,130
37.2839,-98.5528,80
39.5703,-104.8489,160
64.3267,-158.7417,50
40.4847,-80.2144,320
30.5892,-96.3647,90
44.7694,-106.9689,180
44.0511,-101.6011,170
40.7789,-73.9692,240
44.5344,-72.6144,310
34.9894,-99.0525,90
35.3889,-97.6006,340
35.4344,-119.0542,310
33.9786,-98.4928,130
39.0725,-95.6261,130
36.3189,-119.6289,330
40.6825,-74.1694,250
40.0803,-95.5919,110
27.7839,-97.5108,310
41.9097,-70.7294,220
46.7439,-117.1086,280
42.9486,-78.7369,220
37.9917,-122.0550,280
42.6958,-73.1708,250
29.3389,-98.4719,60
42.6425,-77.0564,210
42.7431,-73.8092,270
42.0647,-104.1528,50
28.4339,-81.3250,60
44.3814,-100.2856,280
41.1519,-104.8061,360
44.3853,-74.2067,240
33.6267,-116.1594,150
37.6542,-122.1150,90
40.4422,-109.5144,30
34.0500,-94.4008,110
41.6686,-70.2800,240
38.3650,-82.5550,340
33.6228,-111.9106,200
41.1583,-73.1289,220
33.6361,-91.7556,50
59.7494,-154.9089,80
39.4519,-87.3089,90
36.7800,-119.7194,310
37.0911,-95.5664,90
30.0375,-91.8839,140
42.9550,-87.9044,50
42.1469,-121.7242,330
32.3542,-95.4025,210
39.9369,-91.1919,210
41.4525,-87.0058,270
37.7214,-122.2208,290
42.9667,-83.7494,280
37.2833,-102.6139,170
45.7728,-122.8611,350
40.8764,-74.2831,290
34.6517,-112.4208,350
36.0969,-79.9433,180
33.8117,-78.7239,80
33.1783,-86.7817,70
37.5050,-77.3203,300
45.0717,-83.5644,30
45.6689,-96.9914,340
38.9408,-77.4636,200
42.8939,-85.5447,250
42.5519,-71.7558,210
32.5428,-93.7450,170
41.2639,-72.8872,220
34.2006,-118.3575,280
58.6794,-156.6294,90
62.3200,-150.0950,340
47.5303,-122.3008,310
38.5050,-107.8975,140
45.4558,-98.4131,330
45.5511,-122.4089,310
42.1094,-77.9919,290
41.6328,-91.5431,160
33.2119,-87.6161,40
46.9253,-96.8111,20
46.1569,-123.8825,310
34.9869,-81.0575,360
40.8436,-72.6322,240
41.0731,-71.9233,230
41.3375,-84.4289,300
39.3669,-101.7000,120
36.3333,-119.9500,30
39.9444,-81.8922,260
33.4050,-118.4158,270
34.6294,-118.0836,240
34.4272,-100.2831,270
31.4208,-110.8458,300
37.3031,-108.6275,210
39.2292,-106.3169,180
44.5483,-95.0803,290
29.7036,-98.0281,60
33.8750,-84.3022,70
40.8217,-72.8689,200
42.5544,-92.4011,330
36.1189,-86.6892,160
32.6847,-83.6528,140
42.4092,-83.0100,120
36.6239,-87.4194,80
48.5428,-109.7633,90
32.2622,-107.7206,260
40.8203,-82.5178,190
31.3711,-100.4922,130
35.6169,-106.0889,300
30.3208,-97.7603,10
41.5944,-109.0528,50
35.5931,-88.9167,170
42.7611,-87.8136,100
41.5631,-83.4764,210
47.4444,-122.3139,10
46.0947,-118.2869,110
39.3450,-81.4392,280
32.3500,-91.0278,10
32.9733,-97.3181,310
27.5333,-99.4667,350
30.7797,-86.5225,210
38.6956,-121.5897,180
48.0944,-105.5744,50
33.9519,-117.4386,240
48.2553,-101.2733,340
41.4333,-99.6333,70
7.0833,171.3833,80
38.8000,-97.6500,50
71.2833,-156.7814,50
31.3347,-92.5586,120
29.6381,-95.2819,280
45.0133,-84.7014,270
42.7461,-86.0967,260
40.1519,-122.2536,280
33.5656,-86.7450,90
27.9106,-82.6875,240
42.1128,-92.9175,230
37.3711,-118.3581,360
30.4781,-87.1869,140
29.1097,-95.4619,250
40.1203,-76.2944,280
43.4075,-94.7461,310
44.6381,-90.1875,320
30.6794,-88.2397,130
32.7667,-97.4500,300
38.4167,-113.0167,30
46.4167,-86.6500,210
33.9381,-118.3889,250
47.9078,-122.2803,350
40.7794,-73.8803,260
32.7336,-117.1831,330
38.7642,-87.6056,70
45.8183,-88.1144,150
66.9161,-151.5089,140
37.7086,-113.0944,360
40.2064,-100.5914,110
46.4267,-105.8825,160
35.8922,-78.7819,230
36.0167,-102.5500,210
38.1811,-85.7392,150
26.0719,-80.1536,140
40.6331,-93.9019,110
33.6800,-117.8664,260
41.5333,-71.2833,210
28.4736,-82.4544,280
17.7028,-64.8056,100
48.5222,-123.0231,360
40.6161,-83.0636,320
38.8853,-79.8528,270
39.4019,-77.9844,310
42.4167,-87.8667,110
70.6392,-159.9950,50
29.1828,-81.0483,50
43.1406,-89.3453,220
37.2958,-81.2078,310
32.3336,-104.2581,250
25.7906,-80.3164,130
26.9172,-81.9914,240
32.8342,-115.5786,280
31.9514,-85.1289,80
34.7442,-87.5997,100
33.4669,-82.0386,360
39.1667,-76.6833,280
35.9333,-79.0642,280
45.1947,-123.1339,360
18.3331,-64.9667,70
41.8678,-84.0794,300
44.3675,-71.5450,290
41.1078,-92.4467,130
36.1625,-97.0894,270
47.9375,-124.5550,290
41.1214,-100.6694,90
24.5550,-81.7522,140
43.7700,-88.4864,150
46.0261,-91.4442,240
28.8614,-96.9303,310
45.5433,-94.0514,290
41.5175,-81.6836,190
40.4719,-81.4236,320
24.5833,-81.6833,140
40.6508,-75.4492,250
41.5092,-74.2650,270
32.8519,-96.8556,290
36.8167,-76.0333,160
18.2550,-65.6408,30
38.8100,-104.6883,160
34.1853,-79.7239,360
41.2433,-76.9217,270
25.9069,-80.2803,160
47.0492,-109.4578,90
36.7683,-96.0261,70
31.4156,-87.0442,340
42.3075,-85.2511,270
43.5331,-84.0797,310
36.9878,-120.1106,290
41.1389,-75.3794,270
38.7550,-109.7542,120
40.2383,-75.5572,310
35.5144,-108.7939,270
33.9706,-80.9958,170
34.2167,-119.0833,260
48.2138,-106.6213,120
48.1203,-123.4983,300
35.2236,-80.9553,10
26.1522,-81.7753,200
44.5169,-108.0822,170
38.6572,-90.6558,160
47.9742,-117.4283,220
39.3756,-99.8297,170
38.8983,-119.9947,40
31.9433,-102.1889,10
34.2900,-93.0600,90
32.8167,-115.6833,230
28.0622,-81.7542,140
44.8428,-117.8086,330
39.7556,-82.6572,310
30.4000,-81.4167,30
35.2578,-93.0947,90
18.4325,-66.0108,70
34.6439,-86.7861,120
31.6072,-110.4281,310
37.2622,-104.3378,250
40.2769,-74.8158,300
42.0800,-80.1825,190
63.9944,-145.7214,190
47.3258,-106.9475,60
46.5486,-90.9189,30
55.5800,-133.0750,210
46.8706,-68.0172,330
32.8158,-117.1394,320
47.4933,-122.2144,320
30.1831,-97.6800,140
35.1822,-103.6031,240
40.8289,-115.7886,320
33.3644,-81.9633,350
39.4781,-88.2803,120
21.3167,-158.0667,80
43.3500,-73.6167,300
59.4556,-135.3239,210
30.9119,-102.9167,210
39.1258,-123.2008,330
37.7064,-112.1456,300
44.9047,-97.1494,10
45.5464,-100.4078,280
40.1667,-103.2167,350
43.1711,-86.2367,210
33.7792,-84.5214,70
60.7850,-148.8389,100
31.8606,-86.0122,140
45.0319,-102.0192,210
31.6189,-97.2283,100
35.5342,-97.6469,330
43.8789,-91.2528,340
13.4836,144.7961,70
47.2675,-122.5761,10
34.8831,-82.2203,170
44.3981,-98.2231,30
31.8311,-104.8089,250
47.6831,-117.3214,230
47.3078,-119.5153,320
39.1333,-86.6167,90
35.8550,-77.8931,180
40.7833,-91.1253,180
35.0028,-105.6628,290
39.9181,-76.8742,310
67.7317,-164.5483,300
39.6428,-79.9164,200
30.6264,-88.0681,140
40.5175,-122.2986,180
36.6206,-116.0278,40
30.3975,-84.3289,330
42.8375,-103.0953,30
28.7247,-96.2536,130
46.0139,-102.6547,80
45.9647,-112.5006,310
37.2353,-93.4003,130
38.3083,-75.1239,220
42.8914,-73.2469,270
38.0442,-87.5206,140
19.7192,-155.0531,80
30.5069,-86.9597,160
39.7075,-86.2803,110
37.1319,-76.4930,210
39.6728,-75.6008,240
26.1839,-98.2539,130
44.7408,-85.5825,40
41.7361,-72.6506,240
38.3306,-96.1897,50
22.0333,-159.7833,290
48.6033,-112.3753,250
43.4133,-124.2436,360
36.2967,-99.7689,260
34.2719,-83.8303,80
41.8706,-103.5931,50
43.8339,-111.8045,180
39.8344,-88.8656,210
39.8328,-104.6575,190
42.2706,-71.8731,230
37.6928,-121.8144,270
42.1928,-89.0931,220
37.0683,-88.7719,150
39.5936,-84.2264,320
44.0433,-103.0536,170
41.2003,-74.6231,210
33.4964,-90.0867,50
41.4131,-81.8600,350
37.1467,-94.5022,150
32.6261,-116.4681,310
36.1994,-95.8872,40
39.1033,-84.4189,350
57.1553,-170.2222,20
40.6675,-89.6839,190
46.8369,-92.2097,280
40.1764,-80.6472,220
30.7044,-87.0231,150
37.6544,-97.4425,270
37.7081,-77.4344,290
32.7817,-98.0603,310
39.4900,-121.6183,80
46.9258,-98.6692,60
31.5358,-82.5067,350
34.9000,-76.8833,120
42.8050,-72.0036,280
41.7219,-71.4325,250
35.0564,-89.9864,150
35.3331,-94.3625,70
41.3931,-70.6150,210
44.4983,-88.1111,120
36.6636,-121.6081,280
39.3667,-75.0667,270
55.0389,-131.5786,240
37.0872,-84.0769,330
34.0158,-118.4514,250
29.9506,-94.0206,130
31.3928,-92.2956,140
41.5097,-72.8278,210
42.5906,-117.8644,320
32.4833,-80.7167,340
41.6875,-69.9933,210
27.6531,-80.2428,130
43.1544,-93.3269,340
37.6242,-120.9506,330
34.7000,-77.3833,120
38.1386,-78.4530,360
41.9950,-87.9336,270
7.3333,134.4833,130
26.2281,-97.6542,150
29.3783,-100.9269,250
35.9403,-89.8308,90
33.8117,-118.1464,280
34.4978,-82.7097,50
39.5781,-85.8033,10
46.1442,-115.5964,160
40.5100,-101.6200,190
70.1917,-148.4772,50
44.1708,-114.9272,330
41.3119,-105.6747,50
43.2781,-70.9222,290
42.4819,-114.4869,260
30.3489,-85.7881,160
59.4433,-151.7017,30
32.5156,-92.0406,40
33.2367,-107.2681,260
32.6808,-96.8681,290
30.3433,-89.8222,220
37.7608,-99.9683,80
42.7803,-84.5789,290
40.6239,-74.6694,280
31.8456,-86.6108,110
32.7100,-96.2672,280
42.5417,-113.7661,270
35.0678,-77.0481,180
38.0494,-103.5122,290
30.8356,-85.1839,290
44.0206,-117.0128,310
38.2900,-104.4983,190
55.3567,-131.7117,320
59.2433,-135.5094,120
41.0375,-81.4642,350
29.9933,-90.2511,130
36.9358,-121.7886,170
39.3644,-84.5247,20
38.5911,-92.1558,140
47.0339,-120.5303,300
45.8258,-119.2611,40
47.4667,-87.8833,350
30.7406,-98.2353,90
31.4583,-109.6061,340
36.7436,-108.2292,260
48.7939,-122.5372,280
38.9597,-94.3714,120
39.5514,-97.6508,100
34.3622,-98.9761,130
39.2231,-106.8683,140
15.1167,145.7167,70
47.2078,-119.3192,320
40.8097,-124.1603,360
41.6236,-98.9517,120
39.8683,-75.2311,250
38.2281,-85.6636,180
41.1014,-102.9847,90
46.1236,-67.7928,240
40.7083,-84.0267,280
40.8500,-74.0614,240
38.5000,-77.3000,170
34.8536,-116.7858,280
32.8978,-97.0189,290
39.1894,-103.7158,190
36.6950,-76.1356,190
33.1281,-117.2794,260
31.1500,-92.9667,330
29.6333,-83.1053,60
42.9203,-112.5711,210
43.7694,-87.8506,50
43.6497,-70.3003,280
36.5881,-121.8453,300
30.5108,-99.7664,70
31.1828,-90.4708,270
41.7781,-80.6958,290
32.5500,-88.5667,60
34.5467,-93.5781,130
37.6703,-95.4842,100
35.9508,-85.0814,150
35.2578,-113.9331,350
45.6478,-68.6925,260
34.7336,-76.6606,110
28.5453,-81.3331,60
43.1561,-90.6775,250
26.5850,-81.8614,220
41.7419,-72.1836,230
56.6000,-169.5650,20
38.7667,-104.3000,150
41.9922,-93.6217,60
43.1111,-76.1039,220
35.7425,-81.3819,210
34.7436,-118.7242,340
33.3075,-104.5083,220
34.8994,-120.4486,320
42.6003,-123.3642,360
33.8281,-116.5053,60
48.7167,-94.6000,320
41.5339,-93.6531,190
42.3811,-122.8722,350
40.4953,-107.5211,130
47.4733,-111.3822,230
39.4839,-119.7711,10
46.9733,-122.9033,30
38.5714,-90.1572,140
47.3864,-92.8389,310
45.8678,-95.3942,310
42.2228,-83.7444,290
42.1244,-86.4267,270
37.3208,-79.2067,210
41.9856,-97.4353,50
39.2775,-120.7103,210
46.5683,-120.5428,340
43.9636,-69.7117,220
35.6575,-109.0614,270
43.3906,-99.8422,60
35.1350,-90.2344,70
35.4319,-82.5375,160
30.7439,-95.5861,170
39.0083,-95.2117,130
34.7675,-114.6189,30
39.8250,-86.2958,340
44.6500,-73.4667,320
55.2208,-162.7325,30
34.2097,-118.4892,300
41.4914,-120.5644,320
30.3567,-95.4139,140
33.4617,-80.8581,20
44.8831,-93.2289,280
47.9428,-97.1839,10
38.8317,-94.8897,170
38.8483,-77.0342,250
31.2819,-89.2531,360
43.6264,-72.3047,190
34.6719,-82.8864,40
44.9050,-123.0011,320
32.5161,-84.9422,100
41.3714,-73.4828,220
36.9647,-86.4239,140
58.3567,-134.5639,270
29.6919,-82.2756,140
39.1208,-94.5969,190
26.1658,-97.3458,140
38.0408,-84.6058,210
36.9261,-111.4478,360
29.2733,-94.8592,80
39.5264,-107.7264,260
35.8311,-90.6464,120
41.9144,-88.2464,240
41.8756,-71.0211,260
46.4047,-94.1308,300
42.3978,-90.7036,270
-14.3306,-170.7136,110
27.4014,-82.5586,100
37.5908,-83.3131,150
34.1167,-119.1167,240
35.2100,-99.1200,80
33.4825,-90.9853,40
35.6567,-95.3614,250
44.8322,-93.4706,330
34.9914,-78.8803,10
35.2325,-75.6219,180
45.5644,-84.7928,340
61.1689,-150.0278,140
47.7472,-90.3444,360
29.9800,-95.3600,130
32.2997,-86.4075,70
34.7272,-92.2389,90
42.6650,-83.4181,290
36.2833,-94.3000,120
39.1342,-108.5400,130
33.5872,-85.8556,70
30.4844,-81.7019,100
38.1847,-84.9033,200
43.2119,-90.1814,280
29.5622,-91.5256,130
40.9017,-117.8081,310
33.8719,-117.9789,210
47.1686,-88.4889,320
40.0819,-75.0111,310
41.5886,-83.8014,260
43.3497,-76.3847,270
40.8731,-81.8867,320
39.0431,-84.6717,10
25.9989,-80.2411,150
36.7367,-97.1019,270
31.3500,-85.6667,130
39.4203,-83.8217,340
41.8056,-107.1997,30
38.0511,-117.0903,330
43.1167,-77.6767,250
34.7917,-79.3661,250
42.8975,-106.4636,110
48.5614,-93.3981,300
32.1314,-110.9553,330
7.4500,151.8333,40
26.1969,-80.1708,140
36.6817,-101.5053,180
34.8461,-82.3461,190
45.6983,-110.4408,100
36.0236,-84.2375,190
41.7072,-86.3164,310
44.5761,-71.1786,280
30.7825,-83.2767,160
27.7628,-82.6261,120
33.6542,-101.8136,250
40.1606,-113.3508,60
43.1953,-71.5011,200
30.2050,-91.9875,280
26.6847,-80.0994,130
30.5372,-91.1469,120
43.1644,-95.2017,70
6.9667,158.2167,50
62.9614,-141.9292,310
42.3914,-96.3792,250
57.0481,-135.3647,170
42.9333,-71.4383,280
46.3583,-104.2500,160
45.8069,-108.5422,240
39.9492,-74.8417,250
41.7803,-124.2367,350
33.4536,-94.0075,270
47.6458,-101.4394,320
45.6044,-103.5464,130
8.7333,167.7333,80
42.5700,-72.2911,280
60.4889,-145.4511,100
35.0281,-110.7208,290
20.8997,-156.4286,60
45.4622,-69.5953,320
40.9706,-85.2064,260
32.6636,-97.0939,290
33.9486,-81.1186,360
31.2361,-94.7544,130
42.4933,-79.2722,240
40.0781,-83.0781,310
40.1936,-76.7633,310
44.3592,-84.6739,300
62.1592,-145.4589,150
66.8667,-162.6333,290
36.2667,-93.1567,150
57.7511,-152.4856,100
30.3503,-81.8831,350
32.3347,-88.7442,50
42.5844,-110.1075,80
60.5797,-151.2392,80
46.2667,-119.1167,320
39.4167,-118.7167,20
42.4700,-71.2894,210
38.2103,-122.2847,200
33.9753,-117.6361,270
44.5228,-114.2150,340
37.4058,-122.0481,350
32.0311,-96.3989,60
40.6386,-73.7622,200
39.1353,-96.6778,90
62.9575,-155.6103,90
33.3633,-84.5658,90
41.6267,-73.8842,240
31.3089,-86.3939,120
35.6875,-117.6931,150
34.5183,-109.3792,290
41.1783,-78.8989,260
46.6056,-111.9636,100
37.3169,-79.9742,320
42.0572,-102.8000,50
45.5406,-122.9486,310
38.6892,-75.3592,210
32.4106,-99.6822,210
28.4567,-99.2183,290
40.0972,-92.5433,190
41.3103,-95.8992,120
42.1208,-87.9047,270
38.9833,-76.4667,120
47.4569,-115.6450,300
34.6081,-79.0592,350
25.9156,-97.4186,150
42.8783,-100.5500,10
41.7700,-88.4814,220
38.9503,-95.6639,140
36.2606,-76.1750,100
32.8547,-109.6353,290
27.9619,-82.5403,200
36.9500,-76.2833,210
29.5442,-98.4839,100
32.4506,-93.8411,180
31.5883,-110.3442,310
21.3239,-157.9294,60
37.8892,-121.2258,300
41.4653,-90.5233,140
40.7342,-73.4169,220
41.9381,-72.6825,230
36.7725,-90.3247,80
33.1803,-96.5903,280
43.5950,-118.9564,280
59.5119,-139.6711,80
39.7736,-94.9233,180
33.4278,-112.0039,230
45.0619,-93.3508,310
34.7411,-118.2117,260
33.2208,-92.8142,50
32.3206,-90.0778,340
40.8206,-76.8642,290
33.9228,-118.3342,260
36.8781,-91.9025,150
30.1250,-93.2158,250
39.2447,-102.2842,130
34.0561,-117.6003,280
19.7356,-156.0489,140
43.2389,-123.3547,360
29.3331,-89.4075,190
35.6950,-101.3950,140
44.8889,-116.1017,290
42.1594,-76.8919,270
39.1019,-121.5678,90
41.3325,-122.3328,350
31.5356,-84.1944,130
42.7172,-71.1239,250
40.0228,-82.4625,290
44.3814,-106.7211,180
43.9042,-92.4917,290
42.1908,-71.1736,240
44.2033,-72.5794,290
42.7972,-105.3856,60
66.0689,-162.7639,250
41.2731,-111.0306,80
29.5189,-95.2417,120
39.7078,-77.7297,320
45.6308,-89.4653,270
40.9167,-81.4333,300
35.9461,-112.1547,360
38.3406,-75.5103,200
47.6217,-117.5281,260
31.8111,-106.3758,260
41.3275,-72.0494,250
41.0669,-73.7075,280
41.7872,-111.8533,190
21.1544,-157.0961,60
47.2381,-123.1408,220
37.3592,-121.9239,300
38.7525,-90.3736,90
45.5114,-118.4247,300
42.4272,-73.2892,210
38.0700,-102.6881,290
43.9844,-88.5569,140
34.6525,-86.9453,110
32.8192,-97.3614,310
33.2194,-117.3494,290
44.9319,-93.0556,320
40.3161,-78.8339,280
42.2314,-83.3308,150
35.6697,-120.6283,240
41.2544,-80.6739,330
38.1311,-91.7683,120
61.5961,-149.0917,140
38.0653,-97.8606,100
43.5667,-116.2406,320
64.5111,-165.4400,340
30.3361,-81.5147,20
35.0419,-106.6156,290
21.9839,-159.3405,70
41.0467,-78.4117,300
40.6044,-98.4272,100
41.3336,-75.7269,250
42.5708,-77.7133,320
61.1781,-149.9664,140
32.7000,-117.2000,310
37.7836,-81.1231,340
28.1011,-80.6439,250
31.7800,-103.2017,270
31.9206,-102.3867,310
25.6475,-80.4331,160
42.1997,-75.9850,330
39.9914,-82.8808,350
42.1578,-72.7161,280
32.3847,-94.7117,170
36.9033,-76.1922,220
33.6186,-114.7142,350
40.3667,-75.9667,270
47.3978,-120.2014,300
45.7881,-111.1608,150
27.7411,-98.0247,320
35.8517,-97.4142,300
32.1300,-81.2100,330
64.8039,-147.8761,200
40.3547,-79.9217,280
35.1967,-81.1558,30
29.3600,-99.1742,30
36.4486,-103.1539,200
27.5000,-97.8167,310
33.2061,-97.1989,300
43.7331,-103.6114,80
30.7167,-87.0167,140
38.8500,-94.7392,170
41.1961,-112.0114,50
40.3300,-75.1225,250
30.2333,-81.6667,30
41.3497,-71.7989,220
41.7861,-87.7522,260
44.7978,-68.8186,260
40.2172,-76.8514,310
27.6833,-97.2833,150
48.3042,-114.2636,170
33.6300,-84.4417,90
42.5842,-70.9175,230
30.4119,-89.0808,130
43.3436,-72.5178,250
44.0219,-82.7931,100
44.3206,-69.7972,280
36.4731,-82.4044,220
48.3500,-122.6667,240
40.2964,-78.3203,300
38.7042,-93.1833,100
33.9481,-83.3275,70
9.4833,138.0833,90
37.6197,-122.3647,290
70.2117,-151.0017,40
38.3775,-121.9575,260
33.6883,-112.0817,280
30.4000,-86.4717,130
34.5583,-98.4172,360
32.8667,-117.1333,310
36.5728,-79.3361,200
40.8508,-96.7475,70
37.2847,-120.5128,10
38.5039,-122.8103,160
40.9611,-98.3136,100
43.7667,-98.0333,20
31.4000,-93.2833,160
45.6906,-118.8528,190
45.6208,-122.6572,290
37.7797,-89.2497,220
34.3478,-85.1611,20
48.1739,-103.6367,30
43.2339,-75.4117,200
37.9406,-75.4631,180
44.9258,-89.6256,270
39.6092,-110.7547,10
32.8986,-80.0403,10
30.4636,-88.5319,150
42.3606,-71.0106,220
46.4794,-84.3572,290
29.6222,-95.6564,270
39.2956,-80.2289,200
28.0836,-97.0464,90
42.2347,-85.5519,300
35.6542,-105.1419,220
39.2972,-94.7306,140
36.0719,-115.1633,210
45.5908,-122.6003,300
46.9006,-95.0678,310
36.1336,-80.2222,170
28.7797,-81.2436,80
43.1072,-78.9453,230
40.7781,-111.9694,360
41.7636,-96.1778,120
34.1231,-84.8486,100
36.3689,-92.4703,180
38.5069,-121.4950,210
44.8664,-91.4878,280
43.5878,-96.7289,30
24.7258,-81.0517,160
39.2953,-114.8467,330
42.7267,-114.4564,250
39.4494,-74.5672,230
45.2575,-112.5545,190
46.3747,-117.0156,280
39.9061,-84.2186,350
38.1417,-76.4292,140
44.5444,-110.4211,110
34.2486,-82.1592,20
40.7939,-73.1017,210
35.0311,-85.2014,340
41.8031,-78.6403,320
59.6419,-151.4908,80
41.0136,-83.6686,20
46.9728,-123.9303,290
44.9358,-74.8458,210
35.8181,-83.9858,310
31.1522,-81.3908,330
36.0467,-79.4769,220
