29.7643,-98.6535,0
34.9842,-83.3917,0
45.3600,-118.4700,0
48.8200,-121.9300,3988
44.8100,-107.4100,203
48.5900,-119.8700,0
39.6718,-104.8407,312
44.3800,-116.3400,0
42.7900,-121.9800,0
44.9600,-111.2900,5055
39.0100,-111.5800,1194
46.3500,-121.5100,1880
38.9004,-104.7836,150
38.9900,-106.7500,1041
33.9837,-83.1378,0
35.2600,-112.0600,0
38.4709,-107.8911,30
44.5164,-122.9171,0
38.6900,-119.9900,254
42.4400,-105.8600,889
37.5459,-106.1217,28
45.7000,-118.1100,1168
39.8600,-106.4200,3073
43.0961,-79.0281,0
40.7600,-111.6300,0
45.7300,-114.4800,2337
47.0400,-121.9400,229
64.9500,-145.5200,1118
67.9300,-162.2800,1626
47.2800,-120.4900,0
40.6142,-79.7192,0
46.3600,-112.2600,3658
43.9300,-115.6700,4293
39.9965,-76.7533,0
38.6800,-111.6000,483
30.8176,-83.8965,0
34.1649,-95.5431,0
42.0944,-71.3776,0
39.8000,-105.7800,4140
47.6800,-114.0000,940
38.2900,-105.8500,2870
47.5400,-121.0900,864
45.6686,-122.6862,0
38.7873,-82.9779,0
38.9353,-104.8470,244
46.3678,-90.4122,0
48.6900,-117.1800,3353
42.6400,-120.9500,0
37.4900,-112.5800,0
34.7500,-111.4100,0
37.8000,-107.9200,889
39.4905,-105.5239,211
60.3900,-149.6900,711
44.4200,-84.0233,0
42.8700,-109.0900,2870
41.3100,-111.4500,406
38.7000,-106.3700,1880
41.8700,-115.2500,3962
45.6700,-113.9500,2718
47.4669,-121.6806,0
39.1600,-119.9000,0
40.6700,-111.2200,203
44.9500,-111.3600,3302
40.4100,-105.8200,5334
39.3600,-106.0600,4267
45.4500,-122.0300,0
37.6600,-112.7400,813
36.3200,-115.7000,0
40.8800,-110.5400,737
46.1400,-114.4500,2591
33.6239,-117.6275,0
40.8600,-115.2200,0
35.0700,-111.8400,0
39.2900,-106.5500,3683
40.1275,-79.4058,0
41.0072,-76.4483,0
45.5556,-90.9592,0
42.5300,-122.1800,0
45.6911,-118.8522,0
65.1200,-146.7300,1397
43.4308,-80.1148,0
47.4600,-115.7100,1270
42.7300,-106.3200,1676
43.5695,-116.3248,0
44.5400,-115.5600,7290
46.2344,-65.8519,0
39.3800,-106.2000,4572
40.7447,-111.8677,0
48.3100,-114.8400,0
46.5600,-115.2900,9449
42.3489,-77.7044,0
44.9072,-84.7189,0
43.6600,-122.2100,0
40.8600,-115.1200,0
39.8700,-111.2800,889
40.8900,-111.0700,2007
34.7056,-76.9898,0
41.3414,-85.1292,0
45.0400,-116.1300,3861
46.4900,-115.8000,0
45.6000,-111.9600,4140
41.6800,-111.4200,2210
47.7600,-123.0300,0
45.2500,-121.7400,0
44.7825,-108.6879,0
44.5200,-122.0900,0
45.5300,-123.3000,0
39.1400,-120.2200,0
43.6300,-115.4400,7010
41.9000,-111.6300,5893
38.4729,-107.8574,71
36.9600,-106.6600,0
48.0600,-112.7600,0
40.5600,-111.6600,5461
40.3600,-116.8600,0
40.3800,-115.5300,0
37.7398,-89.8603,0
51.5694,-107.2341,0
38.8500,-119.9400,0
45.6900,-113.9700,6121
44.6600,-118.4300,0
41.9950,-75.9650,0
39.7600,-105.9100,3454
43.2386,-76.1964,0
45.2200,-110.2400,4724
39.9844,-104.8134,109
43.5100,-115.5700,0
37.8900,-107.7100,3937
42.5900,-108.9000,2819
41.9200,-113.4100,3988
40.6000,-111.5800,1422
44.7900,-116.0900,0
40.5100,-105.7700,3429
35.8613,-99.7820,0
38.3139,-81.7186,0
37.5700,-112.8400,3023
40.9100,-109.9600,864
40.8500,-106.9700,1194
45.5519,-116.3028,0
40.8800,-117.5900,0
43.6600,-109.0100,25
41.4128,-75.8244,0
46.5800,-111.2700,737
39.8900,-110.7500,254
43.6700,-109.3800,1168
44.4800,-110.1600,3073
67.2500,-150.1800,1422
38.9133,-76.9700,0
38.8400,-119.8900,0
37.2492,-93.9439,0
59.7400,-151.2500,610
47.3300,-121.4700,0
40.0905,-104.7986,330
40.5759,-105.0858,0
59.3500,-151.8500,229
48.5300,-120.9900,3378
44.5000,-107.4300,3251
42.6089,-122.8189,0
34.4600,-111.4100,0
40.2124,-105.0426,0
41.5917,-74.6142,0
43.0219,-78.8467,0
34.1109,-109.9003,0
44.6103,-92.6100,0
43.8885,-70.2944,0
47.0800,-112.7300,7341
39.4500,-115.9800,0
44.7029,-106.3261,0
39.7600,-107.3600,4369
36.8600,-106.2300,0
44.6600,-111.0900,0
37.5100,-113.4000,0
43.3900,-110.1300,2489
44.8400,-114.2700,356
45.2700,-117.1700,3200
34.2024,-78.0948,0
48.8700,-121.7900,1448
37.5770,-106.1004,33
36.1502,-86.5738,0
38.7845,-76.0739,0
59.8600,-151.3200,1753
51.1240,-104.9917,0
38.6800,-119.9600,0
39.9575,-78.5638,0
40.0136,-74.8178,0
33.0100,-107.8700,0
41.1500,-106.9700,5969
40.1302,-74.2145,0
41.3047,-105.5805,38
48.1300,-113.0200,7112
35.7373,-83.9132,0
39.0800,-107.1400,914
44.3500,-107.0100,152
43.0300,-109.1700,406
39.6500,-105.8700,3912
40.8222,-75.6961,0
46.2700,-121.9600,76
38.7700,-111.6800,4166
42.1600,-114.1900,1118
44.0866,-103.3701,0
33.7476,-84.7452,0
38.4800,-109.2900,305
60.6100,-149.0600,2261
42.5200,-111.9600,2692
39.3200,-119.8900,2210
40.3038,-103.1114,0
45.8800,-113.3300,0
39.4615,-104.8919,368
43.3314,-90.3889,0
42.5100,-110.9100,1676
47.9200,-112.8200,3937
35.6283,-108.7928,0
44.4600,-110.1400,0
45.3047,-93.5842,0
35.1833,-97.4028,0
37.1306,-80.5720,0
44.7900,-107.5300,2921
41.3600,-106.2300,5105
47.3720,-122.2230,0
40.1467,-79.8986,0
41.4900,-119.0000,0
44.7700,-116.2500,0
43.6100,-113.9300,0
40.3500,-106.0900,2769
44.7600,-118.3100,0
41.9900,-120.7200,0
38.9540,-104.6005,170
45.1700,-113.5000,2515
42.6900,-121.4300,0
45.4681,-122.6813,0
48.8600,-118.4000,660
39.3929,-74.6248,0
41.9900,-120.1800,2845
46.7800,-110.6200,5563
39.4700,-76.8301,0
48.8000,-113.6700,0
40.5472,-105.0749,0
42.8200,-110.8400,4674
45.9220,-116.1260,0
43.3314,-76.2694,0
45.1000,-121.7500,0
41.4764,-75.1653,0
39.4206,-79.0050,0
37.9240,-108.6841,8
38.5100,-112.0200,356
38.2100,-111.4800,1575
39.3000,-106.6100,152
47.2000,-121.7800,229
39.7140,-86.4090,0
45.0800,-117.5500,0
37.9700,-105.5400,3607
42.8972,-85.7791,0
44.4400,-111.9900,279
40.3700,-106.7400,4369
47.1800,-114.3300,2337
42.8095,-106.3315,117
40.0806,-106.8929,25
47.7130,-118.9412,0
40.7900,-106.6000,4216
42.2356,-74.1433,0
44.7584,-108.7769,0
42.4334,-122.9869,0
38.8647,-104.7887,152
41.2812,-84.3454,0
37.8498,-109.3666,8
42.8339,-79.9298,0
39.7200,-106.1600,483
48.0600,-116.2300,4115
38.1617,-85.8566,0
41.2400,-120.7900,0
42.4675,-71.4820,0
42.0500,-122.8500,1499
33.6900,-109.2200,0
43.5000,-109.7500,2388
60.5500,-145.7500,2642
37.4800,-106.8000,3531
44.5400,-107.1800,2159
42.9900,-73.8000,0
41.8900,-111.5700,0
33.4000,-105.7900,0
38.6100,-119.9200,0
36.5800,-105.4600,3835
41.7400,-115.4700,0
41.5500,-116.0100,2083
42.6617,-71.9358,0
39.3300,-120.3700,0
40.3589,-75.3222,0
40.7325,-90.6736,0
39.4722,-105.3913,229
32.9200,-108.1500,0
44.6300,-115.7900,4318
38.8592,-96.1058,0
48.3700,-116.6400,7391
41.7788,-107.1169,33
43.3014,-70.6447,0
43.1923,-123.4387,0
39.1400,-111.5600,152
44.2337,-86.0358,0
29.5120,-95.0994,0
48.4535,-89.2239,0
36.0300,-106.8100,0
40.1100,-107.2900,5105
37.7900,-108.0200,76
39.1600,-114.6100,1905
46.8294,-96.7964,0
40.0800,-106.6700,102
46.9100,-110.8500,3429
45.9689,-94.3772,0
36.1520,-115.3396,0
39.6490,-104.7758,302
44.4700,-112.9800,1727
40.6100,-109.8900,889
42.8403,-84.4197,0
40.4586,-79.4503,0
40.7200,-109.5400,381
42.6650,-74.3036,0
47.1556,-53.4722,0
39.0400,-108.5210,0
60.2600,-149.3400,787
39.3343,-94.7642,0
41.0477,-111.9068,38
39.0600,-108.0600,2159
41.9200,-111.4700,1753
32.7904,-105.8204,0
44.4700,-114.4900,4216
38.8856,-107.6013,114
41.7367,-93.7236,0
46.4700,-114.6300,4369
40.7700,-110.0100,737
42.4717,-79.3336,0
41.4000,-107.2600,102
38.5000,-112.0100,279
37.6600,-107.8000,0
44.3800,-109.7900,5004
42.5700,-106.0900,2642
35.3400,-111.6500,1168
44.3000,-109.2400,1803
47.5857,-122.6092,0
41.2200,-111.3600,0
43.7400,-113.9400,838
44.3300,-122.0900,406
40.5462,-74.5287,0
42.6000,-116.5600,0
36.9900,-105.2600,0
40.0000,-107.2400,2337
42.8700,-122.1700,3454
37.4700,-106.5400,432
46.5673,-87.6869,0
43.5900,-122.0600,660
41.9700,-118.1900,0
40.2300,-106.6000,3200
65.2500,-146.1500,1626
42.2200,-122.3700,0
47.8600,-117.0400,51
45.4100,-112.9600,3607
39.5186,-104.9492,305
46.6400,-121.8300,0
43.8028,-81.1838,0
42.3800,-122.3500,0
40.2000,-105.6000,4724
45.5500,-122.0000,51
38.3064,-79.7197,0
44.0300,-109.1800,813
40.8900,-105.6600,2946
43.9500,-110.4500,2845
43.7600,-115.2400,5842
34.0151,-81.1920,0
44.1100,-103.9800,0
38.3042,-104.7440,0
37.6500,-108.0100,0
44.5464,-123.2592,0
37.0169,-94.4925,0
44.2100,-118.6400,0
40.8400,-111.7100,3505
44.3900,-122.1700,0
37.6800,-112.8600,1702
61.3800,-149.0000,0
39.3100,-111.4300,1651
39.0200,-107.0500,5105
42.7989,-86.2050,0
39.2900,-117.1100,1295
40.6262,-74.6535,0
40.6100,-111.1000,51
35.7800,-105.5400,1753
36.3100,-115.6800,0
45.0600,-109.9400,7950
46.6700,-110.3300,2591
43.4800,-114.8300,0
45.0500,-109.9100,5969
44.6500,-109.7800,6121
39.8000,-106.0300,660
37.9300,-107.6800,1448
45.0100,-110.0100,381
33.9800,-109.5000,0
38.6661,-78.3728,0
47.0200,-121.4600,4521
44.8353,-122.6836,0
46.8800,-113.3200,0
43.2800,-109.4500,457
39.6268,-104.7828,251
46.4444,-97.6928,0
40.5400,-106.6800,7849
44.8700,-118.1100,0
44.2832,-83.4992,0
46.3975,-89.1794,0
40.2994,-96.7500,0
60.7800,-149.1800,5029
42.8230,-86.0678,0
38.5500,-119.8000,0
47.0700,-115.9600,8560
38.9831,-104.6904,241
60.1900,-149.6200,686
40.0600,-107.0100,2642
40.4069,-105.4063,411
37.4900,-113.8500,0
39.7667,-105.1142,191
42.1739,-88.2993,0
41.2300,-116.0300,0
41.0700,-106.9400,3531
33.8000,-109.1500,0
39.1125,-104.8590,287
44.0100,-118.8400,0
46.7900,-109.5100,2794
42.0500,-111.6000,4140
46.9100,-121.4800,4750
33.4387,-88.8695,0
40.0300,-105.5800,4521
41.0500,-107.2700,0
48.9300,-121.2000,12217
39.0267,-104.7478,18
46.3600,-121.0800,0
36.1648,-81.6055,0
44.5900,-121.9700,0
40.6800,-110.9500,3912
40.3600,-111.0900,0
42.6500,-109.2600,2591
40.3500,-106.3800,4115
40.9900,-111.8200,6071
40.7494,-96.5928,0
36.0000,-106.8300,0
39.1300,-111.3500,356
47.0600,-112.6000,0
42.7600,-116.9000,0
39.0500,-111.4700,787
45.1900,-119.2500,25
47.9900,-120.5700,0
45.1900,-109.3500,3531
39.0300,-106.0800,1981
41.2300,-105.3800,660
40.0891,-97.1959,0
41.7900,-111.5500,838
33.3700,-108.7100,0
63.9400,-145.4000,1143
39.2500,-119.8800,0
42.4900,-110.5300,1930
45.1100,-119.5000,0
39.4400,-105.9100,2438
43.4743,-84.6673,0
42.8181,-106.3455,0
60.7300,-150.4800,0
45.2700,-110.2500,0
42.2794,-72.3483,0
45.5000,-110.0800,0
41.3000,-107.1500,660
44.6100,-122.2300,0
41.2500,-111.4100,0
48.4300,-113.9400,889
43.4500,-122.1400,3200
40.8900,-110.8300,0
38.9300,-120.0500,0
37.5000,-108.1100,2769
37.3800,-106.5500,584
40.4300,-111.6200,0
45.8700,-110.9300,2819
46.2507,-119.3197,0
39.6490,-80.7382,0
45.4000,-123.1830,0
34.8057,-86.2483,0
36.3300,-109.0600,152
44.3000,-122.0400,0
39.3200,-106.6100,965
39.4200,-111.2500,51
45.2100,-117.1900,3683
40.4300,-105.7300,3810
40.6000,-110.4300,559
45.7000,-115.2300,5156
46.2700,-113.1600,5944
38.7003,-88.0817,0
43.7100,-114.1600,940
44.7900,-111.7100,1727
37.6009,-108.9951,0
39.6600,-105.5900,2261
44.7200,-110.5100,2438
39.6800,-110.4300,330
39.1911,-77.0069,0
44.4400,-121.9500,0
46.9800,-115.0300,7188
42.1800,-114.2900,2718
37.8900,-108.2000,102
46.8700,-113.2800,1854
58.1900,-133.8300,4420
37.9700,-111.8300,610
44.4900,-104.4100,0
43.1900,-122.1400,0
44.3000,-115.2300,3785
29.7305,-98.0938,0
40.3900,-106.6000,2489
38.5000,-111.7700,25
48.6600,-119.8400,0
48.8000,-113.8600,9500
40.9100,-110.5000,3048
46.6300,-114.5800,3759
38.8500,-120.0800,0
46.9300,-121.9500,0
36.2347,-86.3817,0
39.8900,-111.2500,508
37.2547,-80.4178,0
45.5000,-110.9700,2184
38.4800,-112.3900,203
45.1226,-93.4579,0
38.3100,-119.6000,889
44.1300,-110.8300,6248
46.6200,-121.3900,6299
40.7819,-79.2375,0
37.6702,-91.8739,0
36.1066,-88.0443,0
38.0700,-119.2300,381
38.0800,-110.7700,229
48.9500,-118.9900,0
46.1000,-121.9600,0
39.6249,-75.7861,0
39.4900,-120.2800,0
41.5800,-120.3000,0
34.3100,-110.7500,0
44.0500,-115.4400,4369
42.7000,-122.1400,0
42.2100,-121.1300,0
44.4400,-113.3200,2083
42.2600,-112.1300,0
46.7800,-121.7500,6807
37.0200,-106.4500,3708
46.3197,-93.5014,0
41.7800,-116.0300,0
38.1653,-112.2746,10
39.5600,-114.6300,0
45.4600,-121.7000,1219
39.6700,-105.9000,4801
39.0000,-120.1300,0
46.2400,-113.7700,4674
32.3772,-86.2575,0
38.4400,-119.3700,0
40.5949,-98.4270,0
40.0027,-105.1410,554
40.8100,-105.7700,4699
36.2184,-81.6720,0
39.4195,-77.2905,0
38.8274,-75.4303,0
40.7206,-105.4150,775
37.9663,-103.5443,0
44.1511,-94.7852,0
46.5600,-111.2900,4343
43.5700,-111.2100,1854
42.5300,-110.6600,6248
48.0700,-120.8500,1168
38.4800,-109.2700,305
40.8700,-111.7200,0
37.4400,-108.0200,3632
38.7462,-77.1386,0
47.3500,-120.6800,0
40.3100,-105.6400,4267
43.0006,-96.0539,0
44.2839,-83.5036,0
47.1600,-121.4200,127
35.7700,-105.7800,2946
39.0100,-114.3100,1448
41.4039,-78.0183,0
43.5100,-121.9800,0
44.6209,-106.8029,0
39.5865,-86.6333,0
37.7636,-106.0933,79
48.1700,-109.6500,0
41.2400,-106.2300,3810
37.4900,-106.8400,2159
33.7600,-109.4800,0
61.0700,-149.4800,3683
43.9500,-115.2700,0
45.2700,-118.8500,0
47.3600,-121.5700,0
41.9700,-111.6000,1321
43.1100,-109.9500,1626
44.5300,-111.4100,3785
39.3838,-87.7743,0
41.1623,-81.5037,0
42.3200,-113.6200,5817
40.9700,-111.8100,279
37.7100,-107.5100,1727
40.2707,-74.7295,0
39.6615,-104.9207,307
44.6800,-107.5800,3912
39.6600,-110.3800,406
38.7900,-111.6900,279
48.5700,-115.4500,1778
36.1967,-86.6055,0
44.0200,-113.4700,1194
41.2026,-104.8086,348
37.8500,-107.7300,1651
36.1300,-105.5300,0
38.0500,-111.3400,2337
33.9000,-109.1600,0
39.1300,-114.9600,0
39.4900,-106.1700,3658
41.0600,-106.7100,5842
41.8900,-120.7500,0
44.7597,-92.8689,0
45.0200,-111.8500,3048
43.7800,-110.9300,9423
47.7800,-121.7000,940
39.3000,-111.4500,3632
39.0500,-107.8700,3277
40.4600,-112.2500,25
40.9300,-111.8100,2235
37.7200,-107.2600,0
37.7000,-107.7800,1626
38.4547,-78.9353,0
46.1500,-122.1500,0
46.1800,-113.8500,864
41.8300,-115.4500,2184
61.7500,-150.8900,0
46.1900,-122.2500,762
38.3299,-97.7787,0
61.6185,-149.1258,0
44.0390,-122.8500,0
48.7200,-120.6600,9982
39.6811,-77.2914,0
42.0792,-71.4094,0
44.5900,-111.1200,3531
39.3200,-114.6200,965
39.1700,-120.1500,0
32.9881,-97.3932,0
39.0981,-79.4322,0
44.8344,-93.0358,0
47.7100,-123.4600,1372
39.5753,-104.9746,356
45.8900,-110.9400,5893
47.2800,-121.6700,0
44.4500,-119.9300,0
46.1200,-117.8500,1168
39.4537,-105.4219,236
38.5100,-119.6300,0
47.2227,-93.4960,0
39.7738,-105.3864,495
37.4900,-107.5100,864
37.6200,-107.0300,2286
39.0900,-106.5400,2642
44.9800,-111.9500,0
44.5847,-85.3653,0
39.6025,-104.9762,257
29.7409,-97.6802,0
42.5110,-76.9155,0
41.3677,-81.7018,0
46.0900,-121.7600,1676
39.1900,-120.2600,0
46.1400,-114.5100,8052
38.0842,-106.1367,124
36.7900,-105.2400,0
43.7051,-99.3773,0
46.7544,-117.0005,0
47.4500,-112.8100,330
43.5073,-65.6096,0
45.4505,-98.5086,0
46.1300,-113.3100,2159
37.7847,-79.9165,0
42.7500,-118.6900,0
39.7811,-78.4334,0
44.4200,-121.8600,0
41.6600,-115.3200,0
42.2845,-83.0346,0
37.2100,-105.2000,1600
42.7000,-108.9000,1829
45.4788,-122.7692,0
39.2400,-111.5200,305
62.6300,-150.7800,3124
38.7200,-119.8900,0
44.1500,-110.2200,6579
47.3638,-120.2284,0
36.0532,-80.6028,0
60.9800,-153.9200,0
38.7835,-104.8293,406
38.4200,-108.3800,305
40.8000,-110.8800,0
46.4100,-113.4300,1448
44.0328,-88.1469,0
35.6345,-117.9782,0
47.7657,-122.3001,0
42.7100,-109.4100,2057
40.6600,-111.6400,940
61.1100,-149.6700,406
44.5800,-107.2000,2007
41.2571,-77.0085,0
42.1500,-110.6800,483
39.3360,-101.7968,0
62.1300,-150.0400,229
36.4590,-81.1525,0
35.2300,-108.2700,0
40.8398,-74.5432,0
39.6724,-104.7609,483
37.3500,-105.2300,813
40.9200,-110.1900,787
46.2084,-119.1658,0
47.9400,-123.4300,762
42.5700,-108.8400,2794
41.4100,-111.5400,965
42.6143,-84.3381,0
45.0700,-118.1500,584
41.0483,-93.9496,0
40.1900,-111.3600,0
45.6200,-121.7000,0
41.0589,-83.1127,0
41.1100,-107.1700,51
39.8800,-107.6000,1575
40.0014,-77.1089,0
41.4100,-111.8300,0
37.8700,-109.4500,1575
43.7440,-70.4890,0
38.3455,-120.7719,0
39.0172,-92.7558,0
46.8100,-121.3300,0
39.7400,-113.9800,25
49.8599,-97.1128,0
41.8482,-88.3144,0
44.7300,-109.9100,5461
42.9962,-82.4643,0
43.8000,-121.9500,2718
44.7900,-112.0600,1600
38.3000,-112.4400,432
37.9705,-80.7667,0
48.1900,-118.4600,0
38.7947,-104.7401,188
45.3200,-121.7200,4801
41.3800,-111.9400,1575
43.3488,-88.1598,0
45.6578,-111.0272,71
35.5813,-88.8306,0
44.6053,-72.3094,0
43.1951,-76.2883,0
41.3800,-111.9200,0
40.2843,-105.1608,0
44.0412,-80.6893,0
49.8654,-119.6041,0
43.2300,-121.8100,0
44.2100,-110.6700,5080
38.7338,-120.7110,0
40.4000,-105.8500,1194
38.8900,-106.9500,2286
41.3800,-106.3500,7823
48.9100,-114.8600,7417
43.6300,-107.1800,2413
42.7600,-112.4800,686
61.7900,-149.2800,2616
38.9669,-95.2967,0
40.4407,-105.0619,0
47.2900,-120.3700,25
40.1600,-111.2100,254
46.0900,-110.4300,3734
35.2700,-111.7400,0
40.8400,-110.6600,1930
41.7600,-115.6900,0
39.3000,-106.1100,2718
38.6700,-119.8200,0
44.1400,-121.6400,0
39.9600,-110.9900,76
41.3600,-111.4900,914
47.2300,-120.2900,0
41.0578,-75.0796,0
43.3367,-72.0606,0
47.0700,-121.5900,0
44.6100,-116.9800,635
40.4400,-112.2400,965
28.1669,-81.8219,0
40.5500,-110.6900,51
42.4100,-111.1700,0
39.7197,-105.2472,566
39.5247,-104.5229,109
42.9600,-110.6100,6096
42.9600,-121.1800,0
37.6000,-112.9200,127
43.5200,-110.9100,5385
38.3339,-104.7898,0
41.1977,-80.9721,0
41.3300,-106.3800,5613
48.8800,-121.2600,3404
43.7700,-114.4200,0
40.8800,-106.0500,2921
39.1300,-107.2900,330
46.7600,-115.3000,8331
39.3500,-112.3300,25
44.8500,-113.8400,1905
38.0803,-78.8750,0
40.9600,-110.5800,330
36.2500,-115.6300,0
38.9539,-92.3381,0
38.4900,-106.3400,2540
42.9694,-71.9528,0
47.9800,-114.3500,127
38.9200,-119.9200,0
66.9200,-151.5300,1321
40.5876,-105.1473,0
39.5600,-115.8400,0
48.7600,-121.7000,330
47.2700,-121.3400,0
42.2700,-110.8100,2794
44.4100,-113.4000,762
45.1703,-84.4397,0
32.2918,-85.1893,0
42.0478,-71.0050,0
37.4000,-113.4600,1295
40.4108,-104.7914,5
40.0400,-105.5400,3251
32.1154,-81.2509,0
42.8475,-95.7024,0
46.4393,-95.5887,0
37.9525,-104.7297,198
39.4725,-88.3544,0
44.4000,-107.0600,3454
36.7200,-106.2600,2032
39.5700,-105.8000,2794
44.4200,-111.3900,711
43.7300,-113.8300,3226
40.1526,-84.4613,0
44.6100,-111.1500,1753
39.7194,-76.8028,0
39.0597,-87.6625,0
43.3800,-109.8800,3073
36.0700,-105.6300,2769
43.7000,-109.6700,2845
44.3700,-110.5800,991
43.2700,-115.3500,0
41.5200,-117.6300,0
38.2800,-119.6100,6807
41.4600,-106.2800,6147
40.5358,-94.8879,0
43.1631,-93.1953,0
31.8142,-93.0856,0
42.4516,-76.0437,0
48.8485,-117.6283,0
45.1900,-115.9700,3454
43.7003,-71.4664,0
41.1600,-106.9300,3708
48.9100,-114.7700,737
45.4200,-110.0900,3835
39.0800,-106.6100,3632
39.7647,-84.6338,0
38.3000,-112.3600,2464
63.2000,-145.6300,2819
39.3100,-109.5300,254
37.5200,-112.2700,25
46.6694,-94.1089,0
41.7887,-69.9786,0
43.7500,-110.0600,5563
46.1100,-110.4700,0
29.6849,-95.2197,0
47.5300,-115.7800,0
41.4681,-87.9378,0
46.8400,-112.5100,3175
40.5300,-106.7800,1600
40.8600,-110.8000,940
37.4300,-108.1700,76
40.5700,-112.1700,356
40.8500,-111.0500,2540
37.4800,-107.6300,2896
44.9900,-113.4400,1981
43.8800,-114.6700,2311
38.3000,-119.5500,0
45.0400,-121.9300,0
38.3029,-104.7910,0
46.8400,-116.1200,4978
44.8000,-107.8400,4318
37.9700,-106.5600,51
39.9420,-83.8051,0
43.6695,-116.2653,0
45.0908,-91.4864,0
48.5050,-121.4800,0
39.4300,-120.3100,4293
42.1070,-84.6260,0
39.8612,-104.9382,147
48.4400,-120.9200,4191
29.2650,-81.0472,0
39.1400,-111.5100,3454
64.7900,-141.2300,1118
37.3300,-105.0700,127
43.8900,-107.0600,406
39.9513,-105.0329,46
42.5584,-87.8807,0
40.9500,-110.4800,813
37.8400,-111.8800,1397
40.0400,-105.7500,3785
39.7275,-79.9131,0
42.5973,-74.5931,0
41.8200,-116.1000,965
48.3600,-119.0800,25
33.9200,-109.4600,0
35.1934,-112.1765,15
37.5800,-112.9000,51
44.9400,-109.5700,5283
40.2001,-82.7732,0
44.6115,-74.9719,0
42.8918,-88.1423,0
44.1300,-110.6700,2388
36.4100,-105.3300,0
40.5800,-110.5900,2718
38.0450,-85.7155,0
46.8100,-116.8500,0
40.7200,-110.4700,2159
40.4719,-74.4364,0
40.5300,-105.8900,4521
41.0593,-124.1398,0
41.4644,-81.0652,0
40.5764,-105.0858,0
46.4800,-110.7100,4724
42.5970,-82.1781,0
42.6500,-110.8100,4699
39.3103,-112.3916,0
43.1300,-110.2000,1219
42.9542,-81.4349,0
40.9436,-74.1523,0
43.6293,-65.7999,0
42.5192,-76.3311,0
41.5800,-115.9300,0
39.8171,-105.1774,127
39.8700,-105.8700,4877
42.4100,-122.2700,0
47.3714,-102.7606,0
48.5200,-120.7400,7061
37.4900,-112.5100,0
48.3100,-116.0700,6731
39.5936,-75.0692,0
45.8775,-93.3147,0
47.5600,-115.8200,2210
47.5017,-64.9355,1989
36.2528,-81.9136,0
33.3600,-107.8300,0
44.8300,-118.1900,0
42.3000,-110.6800,4343
43.2900,-116.8500,0
44.5897,-85.0486,0
47.2700,-113.7600,8890
47.8700,-123.0800,0
42.9328,-76.5447,0
37.3996,-119.7381,0
34.9400,-111.5200,0
40.7900,-111.1200,51
40.6500,-115.3800,0
40.6200,-111.5300,2870
43.2500,-110.0200,1549
34.4972,-87.2300,0
38.7387,-84.8496,0
61.1900,-145.6500,4547
29.4854,-98.6561,0
40.1700,-107.0600,1041
46.1800,-121.9300,0
38.8000,-111.6800,127
42.5600,-111.3000,1219
36.0512,-83.9862,0
45.9900,-120.8100,0
42.5794,-83.6844,0
48.1600,-113.9500,11125
43.7600,-116.1000,1422
42.1300,-120.8400,0
43.3194,-88.1681,0
47.6800,-113.9600,11049
38.5189,-108.0119,38
45.5100,-111.9200,3912
32.4066,-96.3347,0
45.9900,-120.6800,0
39.4500,-111.2700,1245
38.8800,-105.0700,1245
41.1621,-104.7988,457
46.2400,-117.3900,0
65.0800,-145.8700,1626
38.2210,-84.8175,0
43.9000,-122.0300,152
45.8000,-112.5200,1702
24.5695,-81.7559,0
45.4300,-121.8600,457
61.3900,-150.0300,0
45.2700,-111.4300,3988
44.2100,-103.7900,0
41.2986,-104.8278,224
37.8100,-109.4900,279
45.9000,-122.2200,0
39.4600,-114.6500,0
43.8600,-114.2100,0
42.9050,-88.8589,0
46.3500,-111.8500,1422
46.4800,-115.6300,7315
32.2529,-80.7350,0
32.3191,-90.0806,0
38.5458,-78.0981,0
46.5500,-121.1700,1626
38.5253,-107.9217,61
38.9172,-104.7489,170
39.0900,-107.6300,279
47.3000,-121.6000,51
45.0000,-117.1700,2438
38.7909,-104.8115,292
38.8200,-106.5900,1981
43.2100,-111.6900,279
38.1195,-105.5777,396
43.6300,-113.9700,686
42.9500,-111.3600,51
47.9200,-112.7900,965
39.3000,-120.1800,0
45.6063,-122.5104,0
41.0164,-93.2792,0
42.5806,-88.0903,0
39.3933,-84.4770,0
39.1223,-77.8187,0
40.7400,-110.6200,3607
40.2800,-115.5300,1676
39.6879,-104.7063,175
41.7500,-117.5300,0
38.2900,-106.3700,2311
39.3542,-101.6996,0
37.5200,-107.3200,737
47.5749,-120.5976,0
45.1900,-121.6900,0
39.5256,-105.0060,340
40.3889,-75.9396,0
48.5700,-120.7800,787
38.8800,-112.2500,1321
38.8511,-107.8753,84
40.2100,-105.5700,864
40.1400,-105.5900,5766
46.1800,-117.5400,0
43.8700,-114.7100,4166
45.9800,-117.9500,4724
41.3300,-106.5000,254
44.2100,-121.8700,533
44.3320,-70.2685,0
40.9800,-110.8500,0
38.7575,-120.6046,0
45.1864,-85.1478,0
45.4340,-122.5036,0
39.9400,-105.5900,2464
40.0177,-105.1288,193
44.2600,-119.0200,0
40.7244,-95.0192,0
39.1300,-111.4400,2286
43.1700,-110.1400,2946
39.4500,-120.2900,0
33.8100,-110.9200,0
46.2600,-122.1800,0
46.7900,-110.6800,1524
37.5990,-101.2911,0
40.4900,-112.6100,737
37.5000,-113.9400,0
45.6018,-94.1991,0
44.5103,-109.0994,0
39.9660,-105.5125,526
43.8308,-79.0047,0
43.6100,-122.1200,0
39.9417,-104.9353,394
43.6700,-122.5700,0
38.6597,-106.1093,343
40.8400,-110.0100,1422
31.8449,-102.4858,0
45.5400,-123.3700,0
62.0700,-142.0500,711
46.4400,-112.1900,0
61.3500,-142.7100,406
42.7243,-73.7570,0
45.1500,-118.2200,0
48.9800,-115.8200,1194
60.6200,-149.5300,1372
43.8977,-78.8744,0
38.2885,-107.5549,64
43.9500,-119.5400,0
64.8500,-146.2100,2184
43.2300,-122.4300,0
34.9700,-111.5100,0
46.6400,-121.3800,889
39.3428,-82.0964,0
47.3800,-121.0600,2083
45.5600,-118.4500,0
34.2650,-88.7658,0
41.7392,-77.9711,0
39.6474,-105.4045,546
39.6800,-111.3200,914
44.2600,-106.9800,660
47.2800,-121.4700,0
34.3700,-111.0100,0
40.2300,-105.9200,76
37.6491,-104.9336,173
38.6331,-109.4104,0
45.1700,-113.5800,7950
41.8600,-111.5100,5055
42.7200,-123.2000,0
48.6900,-121.9100,0
39.5000,-111.7300,152
39.4041,-79.3722,0
39.6114,-104.9966,254
39.7109,-74.9679,0
43.4700,-107.2400,1753
48.2000,-120.9200,10871
38.8480,-104.8911,445
40.0839,-105.3689,574
36.5100,-106.3200,0
37.7900,-108.1800,4216
40.2800,-111.6100,762
35.9200,-106.3900,0
45.4000,-110.9600,5334
41.3200,-116.3400,406
45.2400,-109.4600,0
44.3835,-69.1425,0
27.9855,-81.7902,0
46.3200,-121.9400,0
41.5007,-81.5526,0
38.0700,-112.1700,2184
47.8800,-117.0900,0
38.3137,-105.6306,340
45.0700,-116.4500,0
40.8300,-111.7600,305
44.5100,-111.1300,6706
44.5900,-111.8200,0
47.4300,-113.7800,0
38.4000,-119.5400,0
48.4089,-106.5144,0
39.3549,-112.3610,0
46.1864,-84.3239,0
41.3221,-105.5837,320
46.1600,-122.1800,1346
39.5280,-104.9532,381
39.6200,-106.3800,2362
43.8600,-109.3200,2997
38.3339,-100.0555,0
44.4300,-120.3300,0
40.5800,-105.6300,3277
39.6100,-111.3000,2083
42.7500,-73.6833,0
39.4202,-84.1493,0
46.9300,-110.9000,2007
47.0000,-113.9300,8509
40.7400,-109.6700,508
37.8800,-107.3600,1549
29.5110,-95.0898,0
40.1848,-105.0820,0
40.5319,-80.2172,0
44.2500,-118.5200,0
41.0413,-93.9805,0
34.8240,-92.2531,0
40.4000,-105.9600,4166
35.1400,-112.1500,0
33.7400,-108.9500,0
40.8656,-105.4067,495
47.3700,-121.4400,1499
42.8167,-106.4108,0
39.1516,-77.2368,0
43.0100,-109.7600,2438
41.4700,-111.5000,3810
42.0800,-123.3400,0
44.1600,-107.1300,2438
40.9400,-115.1000,0
40.1729,-105.0152,366
40.4697,-106.8139,0
35.3620,-85.3797,0
37.7000,-112.6500,0
40.8200,-106.7500,3785
46.1000,-113.1300,3226
39.7674,-78.4844,0
48.8900,-116.7600,4572
48.9700,-115.9500,5842
44.4677,-87.9735,0
42.2800,-105.5800,991
48.3000,-113.3300,0
42.0100,-115.0000,0
36.1800,-108.9500,76
42.7000,-120.8000,0
37.2100,-105.1200,762
33.6500,-109.3100,0
44.7591,-123.2325,0
37.7500,-107.6900,2261
34.2917,-83.3236,0
36.7000,-105.3400,0
39.7866,-77.7253,0
44.8745,-123.0444,0
46.9386,-90.8349,0
48.7200,-116.4600,0
39.6000,-106.5400,1041
39.9300,-111.6300,0
37.7892,-120.7518,0
39.9400,-112.4100,0
40.8900,-115.2000,229
39.9422,-83.8053,0
38.9433,-119.1916,0
42.7100,-118.6300,4724
34.8600,-111.6100,0
43.6000,-114.6700,4547
35.5909,-82.5549,0
46.5700,-115.7400,889
41.6700,-117.5700,1397
35.5344,-77.3821,0
44.9500,-116.1400,1245
45.4060,-122.8780,0
36.5921,-94.4507,0
38.6700,-119.6100,0
45.2700,-117.6900,3200
46.4700,-113.3900,0
42.4194,-94.9761,0
39.6000,-106.5100,864
37.5300,-113.0500,1448
40.7100,-106.0100,1143
49.1290,-98.2684,0
39.4600,-119.9400,0
50.1475,-95.8902,0
43.3400,-110.4300,2845
64.8500,-147.8000,660
43.1425,-80.0696,0
41.2144,-85.1242,0
37.6100,-105.3700,1575
48.1300,-115.6200,3531
39.3723,-112.3339,0
39.6470,-104.7624,427
42.4100,-121.6800,0
39.9338,-105.0916,333
30.4144,-97.7664,0
42.0609,-80.1526,0
45.2500,-123.2800,0
37.8500,-105.4400,178
38.6169,-77.9696,0
36.4700,-105.1900,0
45.1702,-91.2361,0
44.5700,-107.3000,2692
46.8700,-121.5300,1067
44.7200,-107.4000,2946
37.7500,-112.7800,1168
40.5938,-91.1467,0
38.1600,-106.6000,51
47.1500,-116.2700,381
44.5292,-109.0755,0
48.0125,-123.1709,0
39.2600,-106.6300,2210
42.3200,-120.8300,0
36.1900,-105.5600,0
40.5500,-110.3500,0
41.0233,-100.3669,0
44.8000,-109.6600,483
37.9900,-107.2000,2667
40.3000,-111.2600,51
42.7600,-110.5900,5131
40.9234,-73.3305,0
35.7000,-105.8100,0
42.4400,-122.2300,0
42.4963,-81.8783,0
48.8600,-121.4400,13005
42.3600,-111.5600,2997
44.2900,-115.6600,0
41.0000,-106.9100,4978
37.3480,-108.5596,0
43.8000,-114.8500,6756
39.3200,-111.4900,305
47.7500,-121.0900,1930
43.8200,-114.2600,2438
41.2949,-75.8682,0
42.5800,-109.0900,51
46.9500,-116.3400,0
42.7017,-108.6757,221
33.1637,-96.6851,0
