31.5356,-84.1944,931
21.3167,-158.0667,1409
44.0206,-117.0128,1423
41.9950,-87.9336,747
39.0431,-84.6717,1300
35.5144,-108.7939,1309
38.1847,-84.9033,1113
38.8100,-104.6883,1424
41.4914,-120.5644,1507
32.8986,-80.0403,1031
39.9061,-84.2186,1417
59.4433,-151.7017,2020
43.7700,-88.4864,815
45.5511,-122.4089,1140
39.7333,-77.4333,2204
18.3331,-64.9667,1442
39.8447,-89.6839,852
31.5883,-110.3442,1237
40.8203,-82.5178,1642
36.9500,-76.2833,131
56.6000,-169.5650,1236
33.3644,-81.9633,912
33.8117,-78.7239,1054
34.6525,-86.9453,1147
39.6092,-110.7547,1329
40.1519,-122.2536,2320
48.2553,-101.2733,0
39.2953,-114.8467,919
36.3333,-119.9500,1201
41.6264,-80.2150,2308
32.5161,-84.9422,1017
37.2833,-102.6139,1700
30.0375,-91.8839,1037
45.2486,-122.7686,1311
40.7342,-73.4169,2348
30.3975,-84.3289,1436
45.5464,-100.4078,2345
45.6208,-122.6572,1356
34.7917,-79.3661,1146
35.0564,-89.9864,1419
35.8181,-83.9858,1348
48.5614,-93.3981,1415
34.0511,-118.2353,1341
57.7511,-152.4856,2019
38.0408,-84.6058,1030
35.1967,-81.1558,1415
37.6544,-97.4425,1453
57.1553,-170.2222,1255
37.9272,-100.7247,1337
42.4167,-87.8667,1513
21.3239,-157.9294,1431
35.2100,-99.1200,1248
38.0700,-102.6881,1412
42.9550,-87.9044,1428
29.6919,-82.2756,1023
36.2833,-94.3000,1037
44.5228,-114.2150,1424
42.1469,-121.7242,1438
48.4608,-119.5167,2225
32.8158,-117.1394,1549
39.2447,-102.2842,1059
36.0097,-94.1694,1023
40.8206,-76.8642,1520
48.5222,-123.0231,1359
31.8456,-86.6108,925
39.4781,-88.2803,916
32.5428,-93.7450,1028
44.5169,-108.0822,1648
41.3336,-75.7269,1543
43.7694,-87.8506,935
34.6719,-82.8864,1025
37.3169,-79.9742,1549
41.4653,-90.5233,1019
44.6500,-73.4667,1435
38.0442,-87.5206,911
29.3783,-100.9269,1635
19.7356,-156.0489,2005
27.6531,-80.2428,1748
36.0236,-84.2375,1353
37.7797,-89.2497,923
41.7872,-111.8533,1604
33.4825,-90.9853,1048
31.8311,-104.8089,1918
45.8069,-108.5422,2241
26.5361,-81.7550,1447
39.6428,-79.9164,1446
46.7994,-102.7972,2344
42.7172,-71.1239,1453
41.3325,-122.3328,1735
33.9706,-80.9958,931
39.8328,-104.6575,1333
34.5583,-98.4172,1529
43.1711,-86.2367,1109
33.5656,-86.7450,951
44.3394,-105.5419,1432
37.5050,-77.3203,2357
38.8500,-94.7392,1303
30.3208,-97.7603,2117
29.6222,-95.6564,1657
43.8339,-111.8045,1433
36.4486,-103.1539,1550
47.2675,-122.5761,1008
34.0158,-118.4514,1405
41.3375,-84.4289,1127
31.4583,-109.6061,1609
31.9433,-102.1889,1712
42.3811,-122.8722,1104
28.0836,-97.0464,1604
26.0719,-80.1536,810
40.2383,-75.5572,1536
43.1111,-76.1039,2008
38.8000,-97.6500,1512
40.0489,-107.8853,1448
41.0375,-81.4642,1421
41.5631,-83.4764,1543
45.6983,-110.4408,1959
38.3406,-75.5103,947
43.5950,-118.9564,1035
47.3864,-92.8389,1307
46.1442,-115.5964,1406
41.0731,-71.9233,35
34.2622,-88.7714,1216
38.1417,-76.4292,2348
34.1853,-79.7239,1132
35.0169,-80.6206,1127
39.8683,-75.2311,2255
29.3331,-89.4075,1136
48.1739,-103.6367,2203
41.2639,-72.8872,2247
43.1406,-89.3453,1607
44.0219,-82.7931,1706
59.2433,-135.5094,659
43.9042,-92.4917,13
39.8250,-86.2958,1023
41.5092,-74.2650,1325
42.8153,-108.7261,1508
44.9258,-89.6256,1342
17.7028,-64.8056,950
36.6206,-116.0278,1148
32.4106,-99.6822,959
40.4422,-109.5144,1456
35.0419,-106.6156,705
44.7408,-85.5825,1407
35.9333,-79.0642,950
42.8783,-100.5500,1024
57.0481,-135.3647,2310
36.6636,-121.6081,1311
42.9203,-112.5711,1542
41.9922,-93.6217,1408
41.6686,-70.2800,2337
46.9253,-96.8111,1552
30.7825,-83.2767,1158
32.6636,-97.0939,1542
37.3208,-79.2067,1502
42.3075,-85.2511,1157
33.3075,-104.5083,1442
41.6117,-90.5808,1256
40.7789,-73.9692,2100
34.5183,-109.3792,37
39.0725,-95.6261,1415
42.3606,-71.0106,2250
33.8281,-116.5053,1344
41.9381,-72.6825,2302
36.9033,-76.1922,149
35.2578,-113.9331,1427
61.5961,-149.0917,1712
41.3714,-73.4828,2014
40.0819,-75.0111,1538
35.9461,-112.1547,1539
35.8517,-97.4142,753
37.2958,-81.2078,1224
39.4203,-83.8217,1338
61.2169,-149.8550,109
24.5550,-81.7522,1706
33.4669,-82.0386,918
39.2972,-94.7306,1529
40.0803,-95.5919,1312
37.1431,-107.7597,1448
33.9481,-83.3275,1056
42.4700,-71.2894,2244
42.5950,-87.9381,1155
27.9106,-82.6875,1831
45.9647,-112.5006,1417
33.4617,-80.8581,1240
38.8983,-119.9947,1812
39.9444,-81.8922,1541
32.3206,-90.0778,932
31.3214,-85.4497,850
39.1894,-103.7158,1015
34.0561,-117.6003,1548
27.7839,-97.5108,1602
35.6575,-109.0614,1513
33.4536,-94.0075,1200
29.5442,-98.4839,1356
61.1689,-150.0278,0
38.8169,-92.2183,1508
42.0800,-80.1825,1922
38.3650,-82.5550,1339
38.5000,-77.3000,2349
32.5722,-116.9794,1434
44.8322,-93.4706,946
42.7972,-105.3856,1420
42.8914,-73.2469,1219
47.6831,-117.3214,1045
29.7036,-98.0281,1446
41.5272,-85.7922,1408
39.4167,-118.7167,1504
34.3622,-98.9761,1120
36.3689,-92.4703,1219
31.4208,-110.8458,1330
32.7100,-96.2672,845
55.5800,-133.0750,2125
42.7431,-73.8092,1859
40.9611,-98.3136,129
41.4333,-99.6333,307
33.1803,-96.5903,1127
45.4558,-98.4131,939
33.6361,-91.7556,1423
39.9181,-76.8742,1517
47.6217,-117.5281,1214
61.1781,-149.9664,148
36.7683,-96.0261,1229
27.7628,-82.6261,2208
46.9258,-98.6692,1119
37.6928,-121.8144,1529
42.1908,-71.1736,2328
48.3042,-114.2636,1338
28.5453,-81.3331,1310
32.7667,-97.4500,1410
35.0678,-77.0481,1016
37.4058,-122.0481,1515
32.5156,-92.0406,1125
43.3436,-72.5178,1332
39.1019,-121.5678,2339
43.5878,-96.7289,815
36.7367,-97.1019,2140
40.7781,-111.9694,1224
40.7833,-91.1253,1257
44.6381,-90.1875,1055
58.3567,-134.5639,2212
32.8519,-96.8556,1453
34.1750,-91.9347,1028
34.3478,-85.1611,1023
36.4731,-82.4044,1411
36.0719,-115.1633,642
35.6169,-106.0889,1409
41.6875,-69.9933,2351
46.4267,-105.8825,1501
42.1128,-92.9175,1338
43.0661,-108.4767,1212
20.8997,-156.4286,1523
38.5714,-90.1572,1601
41.3931,-70.6150,2355
18.2550,-65.6408,1144
42.7611,-87.8136,1121
34.7675,-114.6189,1300
33.9753,-117.6361,1446
27.5000,-97.8167,1550
60.4889,-145.4511,2218
32.3347,-88.7442,1056
36.7800,-119.7194,1033
25.9069,-80.2803,1710
33.9381,-118.3889,1248
40.7939,-73.1017,2224
42.5708,-77.7133,2158
28.7247,-96.2536,1547
30.8458,-85.6014,948
43.7667,-98.0333,1203
35.2578,-93.0947,1012
38.8761,-98.8092,1233
43.9844,-88.5569,826
70.1917,-148.4772,2313
35.6697,-120.6283,2108
31.8111,-106.3758,1330
36.9878,-120.1106,1359
35.5931,-88.9167,1535
43.2119,-90.1814,1252
44.8664,-91.4878,1036
30.1250,-93.2158,1054
31.9206,-102.3867,2022
34.2719,-83.8303,931
45.0319,-102.0192,2307
42.2347,-85.5519,1220
46.9733,-122.9033,1301
37.7836,-81.1231,1325
43.4075,-94.7461,1004
32.4833,-80.7167,1015
44.4983,-88.1111,839
44.5483,-95.0803,929
42.2314,-83.3308,2039
34.6517,-112.4208,1143
30.5892,-96.3647,1336
59.6419,-151.4908,2328
32.8667,-117.1333,1557
29.1097,-95.4619,1314
33.4050,-118.4158,1634
43.0206,-102.5183,1318
42.7461,-86.0967,1311
34.6439,-86.7861,1055
47.2381,-123.1408,1525
39.9914,-82.8808,1336
29.2733,-94.8592,1606
31.6072,-110.4281,1436
39.4494,-74.5672,1413
37.2253,-89.5706,1418
44.2033,-72.5794,1736
41.1214,-100.6694,115
41.9097,-70.7294,2336
36.0167,-102.5500,1215
26.1522,-81.7753,1006
37.3711,-118.3581,2034
44.3206,-69.7972,2222
38.0511,-117.0903,1802
59.4556,-135.3239,314
34.2900,-93.0600,1432
43.3500,-73.6167,1618
45.0619,-93.3508,458
36.7436,-108.2292,1508
47.2078,-119.3192,1222
45.5644,-84.7928,1036
29.5189,-95.2417,1508
29.7333,-85.0333,1109
67.7317,-164.5483,106
46.6056,-111.9636,1728
46.1236,-67.7928,1003
39.4839,-119.7711,1425
25.9989,-80.2411,1616
33.7792,-84.5214,1109
46.3583,-104.2500,2238
30.7439,-95.5861,1157
45.6478,-68.6925,1052
21.4500,-157.7833,2119
37.8892,-121.2258,2210
45.6689,-96.9914,153
62.1592,-145.4589,1226
31.3500,-85.6667,1117
43.7331,-103.6114,1328
30.2050,-91.9875,959
35.5342,-97.6469,1542
46.5683,-120.5428,212
35.1350,-90.2344,1228
38.9503,-95.6639,1401
41.2544,-80.6739,2222
47.9428,-97.1839,1431
42.5544,-92.4011,1333
40.3300,-75.1225,1509
35.2333,-101.7089,930
37.0872,-84.0769,1249
33.9519,-117.4386,1629
41.2433,-76.9217,1812
42.5844,-110.1075,1217
32.3367,-90.2214,828
43.1953,-71.5011,1518
30.5069,-86.9597,845
47.5303,-122.3008,1041
37.3592,-121.9239,1614
38.7550,-109.7542,106
46.4167,-86.6500,614
41.6764,-70.9583,2334
40.9706,-85.2064,1044
45.0133,-84.7014,1130
39.5781,-85.8033,1144
41.7700,-88.4814,1128
32.3847,-94.7117,1033
46.0947,-118.2869,2225
30.7167,-87.0167,817
39.5936,-84.2264,1124
31.4000,-93.2833,1431
41.8833,-91.7167,1308
38.8853,-79.8528,1126
34.8536,-116.7858,206
66.0689,-162.7639,44
39.2292,-106.3169,1305
36.1994,-95.8872,1552
42.6425,-77.0564,2119
44.9050,-123.0011,806
21.1544,-157.0961,1659
55.3567,-131.7117,2244
38.3083,-75.1239,941
36.6239,-87.4194,1325
36.8167,-76.0333,712
44.5444,-110.4211,1217
37.3031,-108.6275,231
38.5069,-121.4950,1249
36.2967,-99.7689,1333
41.3103,-95.8992,1241
41.7419,-72.1836,1150
36.5728,-79.3361,1101
34.5467,-93.5781,952
41.6236,-98.9517,153
30.0675,-95.5561,1212
38.9597,-94.3714,1159
46.1569,-123.8825,1012
47.7472,-90.3444,1548
40.1606,-113.3508,1944
34.2006,-118.3575,846
42.1208,-87.9047,1241
36.9261,-111.4478,125
37.6703,-95.4842,1129
34.2097,-118.4892,1028
34.8994,-120.4486,1336
33.9786,-98.4928,1045
29.1828,-81.0483,1649
47.1686,-88.4889,1342
30.9119,-102.9167,1953
29.6333,-83.1053,1441
30.0481,-102.2131,1742
40.1667,-103.2167,2025
30.3433,-89.8222,1021
42.9486,-78.7369,1946
30.3361,-81.5147,1356
38.3794,-81.5900,1358
38.5911,-92.1558,1621
40.6508,-75.4492,1549
41.3119,-105.6747,1344
28.7797,-81.2436,1253
41.5944,-109.0528,1121
44.9358,-74.8458,2317
39.2956,-80.2289,1451
41.7361,-72.6506,2112
44.4683,-73.1500,2236
31.3711,-100.4922,1226
33.6883,-112.0817,2257
32.8547,-109.6353,1550
35.1822,-103.6031,1520
35.8311,-90.6464,1449
42.7803,-84.5789,1137
41.6267,-73.8842,1928
44.2558,-121.1392,1450
59.5119,-139.6711,131
44.8428,-117.8086,1235
38.7642,-87.6056,944
34.7336,-76.6606,916
41.8056,-107.1997,1353
60.5797,-151.2392,2242
40.7083,-84.0267,1049
33.5872,-85.8556,1005
42.5906,-117.8644,407
33.1281,-117.2794,1409
39.6014,-116.0056,1527
39.2775,-120.7103,2353
37.7064,-112.1456,9
44.0433,-103.0536,809
32.3542,-95.4025,1026
29.9933,-90.2511,1131
46.9728,-123.9303,1515
35.4344,-119.0542,1612
39.7075,-86.2803,1108
33.8719,-117.9789,1312
37.9406,-75.4631,1450
40.0228,-82.4625,1503
35.6567,-95.3614,1127
40.0681,-118.5692,1542
37.2622,-104.3378,1105
36.9647,-86.4239,1101
46.8706,-68.0172,1907
40.6239,-74.6694,1341
31.2819,-89.2531,1133
40.8217,-72.8689,1532
48.6033,-112.3753,2344
46.0261,-91.4442,8
32.6808,-96.8681,1351
45.5433,-94.0514,119
45.4622,-69.5953,119
39.1258,-123.2008,1345
34.1231,-84.8486,921
40.6044,-98.4272,1550
34.4258,-119.8425,1924
36.5881,-121.8453,151
30.4844,-81.7019,1156
42.8050,-72.0036,2245
43.9658,-107.9508,1450
70.6392,-159.9950,1914
45.6044,-103.5464,1945
39.9369,-91.1919,1057
62.9575,-155.6103,1645
33.2208,-92.8142,1148
34.8822,-95.7831,1017
45.5406,-122.9486,1555
33.6186,-114.7142,115
62.9614,-141.9292,8
34.8461,-82.3461,106
41.1583,-73.1289,2211
38.1311,-91.7683,900
48.5428,-109.7633,549
40.6161,-83.0636,1533
33.3633,-84.5658,1055
38.3000,-76.4167,25
40.6386,-73.7622,2329
34.4272,-100.2831,1020
39.1667,-76.6833,1539
38.4167,-113.0167,3
30.7044,-87.0231,907
45.0717,-83.5644,1127
45.8183,-88.1144,1039
41.1783,-78.8989,2335
42.8975,-106.4636,1114
31.3928,-92.2956,1042
38.0494,-103.5122,1153
36.7414,-104.5022,1158
28.1011,-80.6439,1650
39.1208,-94.5969,1432
34.8831,-82.2203,1147
37.5908,-83.3131,1221
48.2138,-106.6213,2029
41.5097,-72.8278,1335
47.4667,-87.8833,107
45.5908,-122.6003,1416
43.5667,-116.2406,328
39.5514,-97.6508,807
40.6675,-89.6839,1405
40.5100,-101.6200,712
42.2706,-71.8731,2244
30.6794,-88.2397,850
37.9917,-122.0550,1505
47.9375,-124.5550,1000
35.4319,-82.5375,1619
42.4819,-114.4869,1358
31.1522,-81.3908,1402
37.7461,-97.2211,1444
64.5111,-165.4400,1453
41.3497,-71.7989,2353
39.3669,-101.7000,211
26.2281,-97.6542,1542
34.4978,-82.7097,1029
39.5703,-104.8489,1143
40.8508,-96.7475,1037
39.1033,-84.4189,1241
34.9883,-117.8647,1708
62.3200,-150.0950,358
32.8342,-115.5786,348
41.8031,-78.6403,1519
33.4964,-90.0867,942
39.4519,-87.3089,1023
30.5372,-91.1469,1032
37.1319,-76.4930,1330
33.8750,-84.3022,1127
37.2847,-120.5128,1622
47.9742,-117.4283,1547
26.1658,-97.3458,1230
40.7794,-73.8803,2255
46.4047,-94.1308,1
47.4733,-111.3822,2228
42.4933,-79.2722,2049
31.9514,-85.1289,851
36.2117,-115.1958,2359
36.8781,-91.9025,1306
40.3547,-79.9217,1421
43.5164,-112.0672,1038
34.6081,-79.0592,1127
38.7042,-93.1833,1325
44.3853,-74.2067,1902
42.4272,-73.2892,2057
40.4122,-86.9369,1048
41.0136,-83.6686,1108
34.7442,-87.5997,1555
40.3667,-75.9667,1540
34.2675,-77.8997,1104
45.5114,-118.4247,1258
39.5264,-107.7264,2325
38.2281,-85.6636,1040
41.5333,-71.2833,2330
34.2008,-119.2069,1531
42.7267,-114.4564,1422
44.9047,-97.1494,1620
43.9636,-69.7117,2045
27.6833,-97.2833,1541
33.6300,-84.4417,935
42.2667,-84.4667,1411
37.0683,-88.7719,1020
35.6542,-105.1419,1314
37.6197,-122.3647,1548
36.1336,-80.2222,1251
42.4092,-83.0100,1701
26.6847,-80.0994,2247
41.0669,-73.7075,1520
47.2856,-68.3133,1849
30.2333,-81.6667,1101
33.6267,-116.1594,2014
42.1997,-75.9850,2111
36.3189,-119.6289,9
31.8606,-86.0122,952
41.1014,-102.9847,444
58.6794,-156.6294,1443
28.4736,-82.4544,1356
31.5358,-82.5067,1118
41.7781,-80.6958,1502
25.6475,-80.4331,1447
34.9914,-78.8803,1108
41.7806,-122.4717,1357
39.0083,-95.2117,1136
45.8258,-119.2611,1605
44.3592,-89.8369,1030
30.4119,-89.0808,1355
29.9800,-95.3600,1526
35.2236,-80.9553,158
40.8436,-72.6322,2301
40.4953,-107.5211,1551
31.6189,-97.2283,2344
33.2194,-117.3494,1149
41.1961,-112.0114,2153
33.6542,-101.8136,1551
27.9619,-82.5403,1114
43.9906,-70.9475,2221
39.3667,-75.0667,1434
42.9333,-71.4383,2054
31.7800,-103.2017,2009
43.6264,-72.3047,2037
44.8889,-116.1017,923
55.2208,-162.7325,2356
43.3497,-76.3847,1505
36.9839,-77.0075,932
41.2531,-70.0608,2355
48.0944,-105.5744,1538
26.9172,-81.9914,1615
38.9286,-90.4281,1412
42.5519,-71.7558,1153
42.1578,-72.7161,1952
39.8344,-88.8656,858
40.6825,-74.1694,1659
47.4569,-115.6450,2348
34.9894,-99.0525,1429
30.4781,-87.1869,1534
38.2900,-104.4983,1458
35.2372,-120.6414,1529
39.8233,-93.5792,1255
46.7708,-100.7603,1526
19.7192,-155.0531,1200
18.4325,-66.0108,1400
36.1625,-97.0894,1038
39.7736,-94.9233,1511
30.3567,-95.4139,1426
35.7425,-81.3819,1236
39.9492,-74.8417,1526
21.9839,-159.3405,1919
41.3461,-82.1794,1519
44.5761,-71.1786,1405
36.2667,-93.1567,901
43.8789,-91.2528,1237
34.7411,-118.2117,1035
41.8756,-71.0211,1139
59.7494,-154.9089,2347
45.2575,-112.5545,1628
32.7336,-117.1831,1416
46.5486,-90.9189,218
42.2333,-83.5333,1559
34.6294,-118.0836,735
35.6950,-101.3950,1247
43.2781,-70.9222,1118
46.9208,-114.0925,254
36.6817,-101.5053,1259
45.6906,-118.8528,2346
46.8369,-92.2097,13
38.8317,-94.8897,1134
32.6261,-116.4681,1313
41.1389,-75.3794,2312
45.1947,-123.1339,1516
43.2389,-123.3547,1911
40.2769,-74.8158,1024
41.7072,-86.3164,1142
66.9161,-151.5089,1645
33.2367,-107.2681,1349
47.3258,-106.9475,1500
30.5108,-99.7664,1440
44.3981,-98.2231,59
38.1386,-78.4530,1502
42.8939,-85.5447,1151
38.0653,-97.8606,1442
37.7608,-99.9683,1550
41.7636,-96.1778,1316
34.2486,-82.1592,1239
39.7078,-77.7297,1624
30.4636,-88.5319,845
38.1811,-85.7392,1119
46.7439,-117.1086,1044
40.0972,-92.5433,1227
39.1353,-96.6778,1237
47.4933,-122.2144,1939
63.9944,-145.7214,2247
33.8117,-118.1464,1148
32.8978,-97.0189,907
40.2964,-78.3203,1447
44.0511,-101.6011,816
41.7803,-124.2367,1323
38.6572,-90.6558,1317
37.6542,-122.1150,1445
43.9922,-76.0217,2022
46.9006,-95.0678,12
29.3389,-98.4719,1343
30.4000,-81.4167,1439
32.7817,-98.0603,1600
45.6194,-121.1661,1343
40.1203,-76.2944,1529
39.4019,-77.9844,1556
41.2731,-111.0306,1445
33.1783,-86.7817,1026
37.1681,-97.0369,1227
40.8500,-74.0614,2259
34.7000,-77.3833,1141
42.0647,-104.1528,1554
35.8550,-77.8931,1106
60.7850,-161.8292,1356
43.1072,-78.9453,1436
46.4794,-84.3572,1215
38.5050,-107.8975,415
40.0781,-83.0781,1301
34.1167,-119.1167,1532
40.3161,-78.8339,2318
29.9506,-94.0206,202
32.2622,-107.7206,1401
64.3267,-158.7417,2301
40.1764,-80.6472,1416
33.2061,-97.1989,919
70.2117,-151.0017,2127
24.7258,-81.0517,1537
32.0311,-96.3989,1147
39.6728,-75.6008,1511
39.2231,-106.8683,2235
28.4339,-81.3250,1429
44.3592,-84.6739,1419
40.9017,-117.8081,843
32.3336,-104.2581,1308
30.3489,-85.7881,808
31.1828,-90.4708,1221
44.5344,-72.6144,1820
38.2103,-122.2847,1451
26.1969,-80.1708,2228
29.6381,-95.2819,1248
31.2361,-94.7544,1422
34.2167,-119.0833,1534
40.0397,-88.2778,1020
40.4847,-80.2144,1449
26.1839,-98.2539,1538
38.7525,-90.3736,1549
38.5039,-122.8103,1822
44.3675,-71.5450,1241
41.9144,-88.2464,1005
40.6331,-93.9019,1336
32.6500,-114.6167,852
38.8483,-77.0342,1545
47.3078,-119.5153,2236
41.1519,-104.8061,1257
35.0028,-105.6628,300
42.3978,-90.7036,1212
60.1283,-149.4167,2204
28.0622,-81.7542,1110
35.0311,-85.2014,1258
42.6958,-73.1708,1211
38.9408,-77.4636,2321
64.7767,-141.1483,1032
35.8922,-78.7819,856
32.5500,-88.5667,1013
40.2342,-85.3936,1042
39.3450,-81.4392,1323
40.4719,-81.4236,1407
41.2003,-74.6231,2341
43.5331,-84.0797,1213
40.2172,-76.8514,1558
42.1594,-76.8919,2252
41.7861,-87.7522,1432
34.7272,-92.2389,1059
44.3814,-100.2856,1201
64.5500,-149.0717,218
38.3306,-96.1897,1022
36.2606,-76.1750,1006
31.0425,-86.3117,1316
42.8375,-103.0953,303
38.6892,-75.3592,1555
37.0911,-95.5664,1104
45.7728,-122.8611,1126
42.6650,-83.4181,2115
15.1167,145.7167,237
41.1078,-92.4467,1203
41.8706,-103.5931,1358
64.8039,-147.8761,1653
41.6328,-91.5431,925
40.2064,-100.5914,7
30.4000,-86.4717,825
39.1342,-108.5400,350
37.1467,-94.5022,1152
40.1936,-76.7633,1438
32.4506,-93.8411,1339
37.7086,-113.0944,2
35.0281,-110.7208,1231
37.2353,-93.4003,858
32.1314,-110.9553,1311
39.7556,-82.6572,1527
30.1831,-97.6800,1611
41.0089,-74.7367,1350
31.4156,-87.0442,935
35.3331,-94.3625,918
32.6847,-83.6528,1025
28.8208,-81.8097,1412
39.3644,-84.5247,1255
39.4900,-121.6183,1600
32.2997,-86.4075,942
44.9319,-93.0556,1057
37.2839,-98.5528,1420
30.8356,-85.1839,944
33.9486,-81.1186,1000
44.8831,-93.2289,1004
39.1333,-86.6167,1043
35.2325,-75.6219,203
34.0500,-94.4008,1353
47.4444,-122.3139,1938
42.5700,-72.2911,2015
34.9000,-76.8833,1017
40.5175,-122.2986,2311
42.3914,-96.3792,952
27.4981,-80.3767,1846
25.9156,-97.4186,1343
46.2667,-119.1167,1505
35.9508,-85.0814,1008
32.1300,-81.2100,846
30.6264,-88.0681,304
39.3756,-99.8297,53
34.7436,-118.7242,2025
60.7850,-148.8389,2338
36.9358,-121.7886,1305
41.5339,-93.6531,946
38.3775,-121.9575,1413
33.2119,-87.6161,1005
35.9403,-89.8308,834
55.0389,-131.5786,2203
24.5833,-81.6833,1551
41.3275,-72.0494,2134
41.4525,-87.0058,1507
44.7694,-106.9689,1957
45.6308,-89.4653,347
42.5417,-113.7661,1552
34.9869,-81.0575,1431
41.5886,-83.8014,1427
48.1203,-123.4983,2303
30.7406,-98.2353,1546
42.5842,-70.9175,1344
42.0572,-102.8000,2020
30.0494,-90.0289,1414
40.8764,-74.2831,1555
40.9167,-81.4333,1439
38.6956,-121.5897,1306
33.4278,-112.0039,1309
33.0375,-116.9158,959
43.1167,-77.6767,2043
30.7797,-86.5225,904
40.8731,-81.8867,1411
44.7978,-68.8186,2150
31.3347,-92.5586,1150
47.0339,-120.5303,2109
36.0394,-95.9844,952
47.3978,-120.2014,1608
43.2339,-75.4117,1552
45.7881,-111.1608,1724
32.8167,-115.6833,328
41.9856,-97.4353,552
35.6875,-117.6931,121
32.9733,-97.3181,848
41.8678,-84.0794,1243
13.4836,144.7961,1126
48.7167,-94.6000,1440
26.5850,-81.8614,1429
25.7906,-80.3164,1351
45.8678,-95.3942,50
32.7000,-117.2000,1702
43.1544,-93.3269,1118
47.6458,-101.4394,131
47.2767,-121.3372,2338
41.4131,-81.8600,1856
33.6228,-111.9106,1647
41.7219,-71.4325,2343
36.6950,-76.1356,1005
27.4014,-82.5586,1044
43.6497,-70.3003,1946
47.0492,-109.4578,1459
44.1708,-114.9272,1417
36.7725,-90.3247,1314
33.6800,-117.8664,1241
37.7081,-77.4344,1147
42.2228,-83.7444,1157
40.9781,-124.1086,2038
41.0467,-78.4117,1347
29.3600,-99.1742,2110
33.9228,-118.3342,1300
37.3278,-95.5042,1217
43.1644,-95.2017,856
42.1244,-86.4267,1432
36.1189,-86.6892,1122
41.5175,-81.6836,2011
32.3500,-91.0278,1117
66.8667,-162.6333,1529
43.3906,-99.8422,47
35.3889,-97.6006,1302
46.0139,-102.6547,2311
44.1278,-123.2206,1026
37.4389,-105.8614,2213
42.6003,-123.3642,2234
46.3747,-117.0156,1602
42.9667,-83.7494,1254
43.1561,-90.6775,1510
37.7214,-122.2208,1426
35.1442,-111.6664,1016
32.8192,-97.3614,847
27.7411,-98.0247,1814
28.4567,-99.2183,2034
47.9078,-122.2803,1145
48.7939,-122.5372,1458
38.7667,-104.3000,1525
28.8614,-96.9303,1535
26.2500,-80.1083,1814
36.0969,-79.9433,1234
42.1094,-77.9919,2106
44.3814,-106.7211,1305
42.1928,-89.0931,1507
40.8289,-115.7886,1443
