41.4000,-107.2600,183
35.7700,-105.7800,353
36.7900,-105.2400,261
36.7200,-106.2600,248
36.9900,-105.2600,143
48.7200,-116.4600,62
38.4000,-119.5400,363
36.0300,-106.8100,42
36.9600,-106.6600,164
40.3000,-111.2600,229
36.5100,-106.3200,9
40.8300,-111.7600,104
36.1900,-105.5600,55
36.0000,-106.8300,278
39.2900,-117.1100,178
35.3400,-111.6500,286
36.8600,-106.2300,18
39.3600,-106.0600,349
39.4300,-120.3100,294
39.1900,-120.2600,284
39.3100,-111.4300,260
43.8000,-114.8500,360
44.7900,-116.0900,182
44.2100,-110.6700,251
36.3100,-115.6800,174
40.5300,-106.7800,26
36.2500,-115.6300,207
39.8000,-106.0300,340
36.0700,-105.6300,248
43.7600,-116.1000,67
43.7600,-115.2400,19
35.9200,-106.3900,264
44.3800,-116.3400,186
46.2400,-117.3900,281
