40.7264,-122.7947,267
38.8586,-99.3358,217
40.7142,-122.4161,206
37.9050,-93.3169,228
33.6731,-111.1508,244
47.0575,-109.9514,83
42.9536,-112.8253,111
28.4675,-98.2525,256
40.4750,-86.9919,156
42.9592,-120.7897,139
40.2842,-109.8611,139
39.0303,-76.9314,183
40.6117,-122.5281,206
43.0431,-96.9033,189
46.0436,-118.4628,167
43.8083,-111.7892,128
34.5822,-119.9817,150
40.1739,-101.0611,189
44.8406,-106.8383,144
42.1397,-87.7853,200
45.6750,-111.1550,117
36.4622,-116.8669,222
40.7833,-81.9167,144
33.7542,-99.1442,222
42.8767,-77.0308,150
38.4917,-122.1242,128
37.0683,-88.7725,211
33.7092,-93.5564,-178
45.9228,-108.2444,156
46.8706,-68.0172,172
40.2233,-86.1086,156
39.0744,-96.8983,278
35.6214,-88.8456,211
64.8569,-147.8611,78
44.0622,-103.4819,117
38.4661,-101.7758,183
37.7967,-121.5828,161
35.7197,-86.9653,222
34.9881,-120.3211,128
26.8400,-81.0872,233
41.9342,-88.7756,172
42.1231,-111.3133,117
40.0892,-99.2133,178
35.4139,-86.8086,194
43.5492,-71.4647,144
36.0147,-85.1314,206
48.4983,-109.8014,128
30.2003,-92.6642,244
36.5575,-105.2628,78
38.5350,-121.7761,178
46.6722,-120.4994,156
35.7047,-101.5492,189
48.7178,-122.5114,156
38.6450,-95.5661,317
38.4931,-122.0047,178
35.4072,-104.1906,206
45.6911,-118.8522,150
61.5664,-149.2542,122
32.2822,-106.7597,222
34.5989,-103.2161,178
35.2006,-103.6867,261
41.4439,-86.9294,178
42.7467,-71.0425,128
36.5508,-114.4581,183
39.3925,-101.0689,189
29.4608,-101.0286,272
40.2539,-85.1483,133
26.5581,-99.1372,233
35.0489,-97.9158,228
25.8175,-80.2858,261
38.0047,-120.4864,172
30.7053,-104.0233,178
36.6897,-108.3086,222
37.9931,-100.8122,206
40.2458,-111.6508,172
45.4825,-120.7236,133
41.4903,-71.5431,133
