18.1747,-66.7978,24
40.7264,-122.7947,31
38.8586,-99.3358,315
36.9969,-119.7072,42
40.7142,-122.4161,74
36.4711,-86.8414,35
47.0575,-109.9514,174
42.9536,-112.8253,132
36.1056,-82.8436,34
42.9592,-120.7897,80
40.2842,-109.8611,71
39.0303,-76.9314,47
40.6117,-122.5281,14
43.0431,-96.9033,126
31.6164,-94.6431,48
34.1864,-90.5572,92
46.0436,-118.4628,71
43.8083,-111.7892,69
34.5822,-119.9817,60
40.1739,-101.0611,150
31.8769,-105.2369,98
42.1397,-87.7853,29
45.7206,-118.6264,61
40.5764,-105.0858,24
36.4622,-116.8669,1352
34.5697,-93.1947,16
30.8408,-89.5453,8
39.0172,-92.7558,5
37.5147,-122.0325,200
40.7833,-81.9167,63
32.8964,-107.3078,114
33.7542,-99.1442,216
35.1131,-89.2122,23
34.7281,-90.3683,39
30.7931,-94.1819,119
38.4917,-122.1242,68
33.7092,-93.5564,56
45.9228,-108.2444,61
46.8706,-68.0172,68
35.1297,-89.8036,37
39.2475,-96.5994,43
30.0689,-94.2928,158
40.2233,-86.1086,29
18.0331,-67.0722,72
40.1550,-103.1417,206
18.2583,-65.9922,117
35.6214,-88.8456,29
35.8819,-83.9572,31
64.8569,-147.8611,29
44.0622,-103.4819,34
38.4661,-101.7758,241
43.4033,-103.2683,19
35.7197,-86.9653,42
34.6033,-104.3811,98
34.9881,-120.3211,116
31.3706,-100.4942,203
26.8400,-81.0872,142
41.9342,-88.7756,108
41.0267,-86.5867,29
42.1231,-111.3133,145
37.3822,-102.2986,237
40.0892,-99.2133,39
35.4139,-86.8086,56
37.7617,-117.5658,230
38.9408,-95.3397,42
32.8242,-95.5275,137
43.5492,-71.4647,48
36.0147,-85.1314,48
35.6872,-90.0964,31
30.2003,-92.6642,93
39.9614,-86.0586,10
46.6722,-120.4994,31
35.7047,-101.5492,187
38.4931,-122.0047,66
31.8456,-99.5606,164
42.3806,-96.9575,6
32.8522,-95.8864,174
45.6911,-118.8522,92
61.5664,-149.2542,61
35.1161,-93.6506,0
32.2822,-106.7597,40
34.5989,-103.2161,229
35.2006,-103.6867,114
33.0642,-101.0489,190
41.4439,-86.9294,76
42.7467,-71.0425,16
33.1481,-95.6269,172
34.1647,-88.7239,114
36.5508,-114.4581,55
33.1461,-107.1842,109
39.3925,-101.0689,71
44.8831,-85.6753,34
40.2539,-85.1483,24
26.5581,-99.1372,0
35.0489,-97.9158,122
25.8175,-80.2858,66
44.3089,-85.2050,39
38.0047,-120.4864,51
30.7053,-104.0233,79
36.6897,-108.3086,66
32.4219,-93.6381,111
37.9931,-100.8122,206
29.6211,-96.3661,56
46.7047,-92.5253,21
34.1381,-88.9983,34
45.4825,-120.7236,209
44.3253,-96.7686,119
32.9203,-94.7225,103
41.4903,-71.5431,66
