34.1206,-115.8500,315
40.6558,-97.2208,330
35.1375,-77.9892,225
34.2183,-116.4072,220
40.1100,-87.9567,270
45.8981,-86.5483,337
34.6242,-106.3103,45
47.6497,-120.0800,98
35.0761,-89.7430,40
44.4933,-68.4583,330
40.5764,-105.0858,175
41.7392,-77.9711,210
30.5347,-94.4456,70
47.0111,-109.2261,315
45.6656,-97.0392,270
47.0083,-88.4317,292
46.2314,-112.1136,28
39.7194,-76.8028,290
61.2967,-149.4400,0
40.8600,-102.8031,360
41.8161,-80.4250,280
39.6442,-74.8072,11
38.6644,-94.8900,50
40.9656,-105.2186,360
48.9981,-110.2158,296
41.2847,-105.5319,22
45.4525,-99.3358,20
39.7750,-105.1169,360
47.2753,-88.4169,300
39.0733,-93.7075,270
39.4206,-79.0050,290
48.0750,-111.2597,225
