45.1900,-118.5500,254
42.9827,-95.9939,0
39.6000,-106.5400,2134
44.1300,-110.6700,3099
44.5000,-107.4300,2007
40.6702,-76.2308,41
42.4900,-110.5300,2489
40.1275,-79.4058,51
40.3131,-88.1594,0
39.5600,-114.6300,635
36.3200,-115.7000,660
44.5900,-111.8200,889
40.8900,-111.0700,1499
40.2031,-96.4631,0
39.6108,-77.8472,25
39.5565,-74.8048,25
43.6700,-109.3800,1422
45.2700,-110.2500,1778
46.3526,-61.0776,399
39.4537,-105.4219,41
38.7575,-120.6046,0
32.9041,-105.5236,58
60.3900,-149.6900,533
40.5472,-105.0749,0
37.8500,-105.4400,838
32.3829,-106.8076,137
34.4279,-103.1812,178
40.4000,-105.9600,2337
59.3500,-151.8500,0
39.8612,-104.9382,25
41.8600,-111.5100,3327
40.1526,-84.4613,0
41.2400,-120.7900,533
39.7600,-105.9100,2184
35.7131,-106.0094,89
44.4991,-63.5264,0
43.1223,-77.8164,102
39.4206,-79.0050,0
44.9800,-111.9500,635
39.6025,-104.9762,36
40.6600,-111.6400,2870
39.0800,-106.6100,2489
44.5200,-122.0900,0
40.7739,-84.0800,0
44.8720,-69.4203,76
40.8500,-111.0500,2413
44.5800,-107.2000,1194
45.7300,-114.4800,2540
45.0100,-110.0100,2083
39.8394,-104.9101,30
44.6800,-107.5800,2184
39.1607,-77.9885,20
48.8800,-121.2600,3124
37.1926,-77.1491,0
44.4400,-121.9500,0
36.7200,-106.2600,1880
42.4653,-76.5352,74
37.4800,-106.8000,2438
37.7847,-79.9165,0
39.5362,-76.5446,36
45.4100,-112.9600,2718
40.8400,-110.6600,1727
36.1502,-86.5738,0
43.5900,-122.0600,1778
48.3100,-114.8400,1600
60.6100,-149.0600,51
39.9150,-75.7032,15
47.5857,-122.6092,0
40.7700,-110.0100,1372
44.0100,-118.8400,533
60.5500,-145.7500,203
44.8353,-122.6836,0
44.1500,-110.2200,4496
39.7400,-113.9800,1397
43.6100,-122.1200,838
35.3061,-99.6275,259
51.1240,-104.9917,295
40.4930,-74.5175,0
41.6425,-86.0415,94
39.6747,-74.3483,30
41.4760,-71.5310,0
35.5813,-88.8306,0
35.0700,-111.8400,686
37.7892,-120.7518,0
37.5700,-112.8400,1702
42.4000,-88.7424,97
38.7000,-106.3700,1168
43.8000,-114.8500,4801
45.4788,-122.7692,0
33.9837,-83.1378,0
41.5538,-70.6115,8
44.4100,-113.4000,1905
41.5800,-115.9300,152
40.6308,-91.8051,0
41.6498,-83.6203,18
43.5700,-111.2100,2921
39.5462,-104.9655,53
40.1838,-74.2448,0
45.6000,-111.9600,2311
49.0966,-123.0739,0
42.5110,-76.9155,104
41.0497,-72.4302,3
43.9917,-79.6778,124
45.4200,-110.0900,2515
48.8900,-116.7600,4191
48.3700,-116.6400,4115
38.6800,-111.6000,1880
45.4681,-122.6813,0
45.0000,-117.1700,4013
44.0390,-122.8500,0
38.3064,-79.7197,0
40.9200,-110.1900,838
46.4700,-113.3900,889
40.0781,-88.2537,0
39.2900,-106.5500,2261
33.7600,-109.4800,76
32.8963,-104.4133,38
45.6745,-118.8079,0
44.9470,-69.7779,460
37.6800,-112.8600,1956
38.3299,-97.7787,0
37.7500,-107.6900,1803
44.5700,-107.3000,1524
41.2949,-75.8682,254
46.2700,-113.1600,4064
35.1861,-106.5071,48
40.1400,-105.5900,2794
48.8700,-121.7900,1778
39.3578,-76.5532,33
40.5500,-110.3500,660
42.4400,-122.2300,1245
45.8800,-113.3300,1930
36.7207,-86.0349,0
45.8802,-123.2946,0
44.9400,-109.5700,3861
48.3100,-116.0700,4699
39.6490,-104.7758,36
34.9400,-111.5200,483
37.2100,-105.1200,1092
38.5100,-119.6300,584
43.7500,-110.0600,3962
46.5800,-111.2700,1829
39.9575,-78.5638,13
39.9317,-105.0809,46
42.3600,-111.5600,2464
40.4900,-112.6100,1753
40.3500,-106.3800,2438
45.9900,-120.8100,1295
37.8400,-111.8800,1194
46.0900,-110.4300,2311
42.2100,-121.1300,0
38.4900,-106.3400,2184
39.6397,-105.4068,38
45.1700,-113.5000,2134
39.6000,-106.5100,1930
41.9200,-113.4100,2743
42.3611,-82.2443,0
41.1100,-107.1700,1270
44.6600,-118.4300,1676
40.2124,-105.0426,0
43.0100,-109.7600,1930
60.7300,-150.4800,203
39.9422,-83.8053,0
34.9700,-111.5100,813
39.0889,-76.6492,0
48.7600,-121.7000,2337
48.5700,-120.7800,3150
44.4400,-113.3200,2083
65.2500,-146.1500,737
47.3300,-121.4700,1219
43.7600,-116.1000,2972
38.8200,-106.5900,1194
46.5600,-115.2900,7366
39.9844,-104.8134,13
40.4586,-79.4503,127
44.7029,-106.3261,112
39.1002,-78.1802,15
39.7729,-86.2799,0
43.6300,-115.4400,5283
35.5704,-105.1889,109
47.7800,-121.7000,1016
39.1746,-75.5132,813
37.5791,-106.1581,38
45.3200,-121.7200,3607
39.6537,-75.5182,33
47.2000,-121.7800,711
36.4100,-105.3300,914
48.3000,-113.3300,1041
37.7200,-107.2600,838
40.7606,-86.7599,15
38.4800,-109.2700,1905
39.4900,-106.1700,2388
44.7900,-107.5300,1499
43.0608,-83.3075,1016
44.4800,-110.1600,2870
44.7200,-107.4000,1651
45.2700,-117.6900,3226
45.8619,-96.5650,25
39.8900,-110.7500,1194
45.2753,-62.7127,0
46.5367,-120.7134,5
42.2469,-83.0804,86
38.7820,-76.2115,30
39.3723,-112.3339,0
47.4300,-113.7800,2337
33.9000,-109.1600,0
35.7700,-105.7800,1727
46.1500,-122.1500,813
35.5344,-77.3821,0
47.0800,-112.7300,6833
36.5100,-106.3200,1346
47.9200,-112.7900,1626
41.0500,-107.2700,1194
41.8300,-115.4500,2819
45.3201,-85.2437,0
42.1800,-114.2900,3607
39.3800,-106.2000,2870
40.8700,-111.7200,2388
36.1700,-106.1700,94
40.8500,-106.9700,2032
39.0205,-105.4940,84
47.2800,-120.4900,1905
35.5909,-82.5549,0
37.4400,-108.0200,2565
39.6700,-105.9000,2667
44.4700,-112.9800,1168
43.7925,-75.4825,584
44.5847,-85.3653,0
38.6639,-77.9756,0
42.5300,-110.6600,4470
42.3200,-120.8300,0
46.8100,-116.8500,1854
40.2001,-82.7732,0
41.4900,-82.0874,432
41.1600,-106.9300,2388
41.6600,-115.3200,1626
32.9319,-105.7602,33
41.2986,-104.8278,0
42.1103,-72.1269,0
46.3500,-111.8500,1524
29.7643,-98.6535,0
37.4700,-106.5400,1092
35.6345,-117.9782,0
40.6000,-110.4300,1575
40.7494,-96.5928,0
44.4700,-114.4900,2667
37.8000,-107.9200,1930
39.0900,-106.5400,2108
45.3600,-118.4700,762
35.1114,-106.5416,51
40.2469,-75.9981,30
42.8167,-106.4108,10
45.6200,-121.7000,254
42.9500,-111.3600,2007
46.4800,-110.7100,3607
47.6800,-113.9600,7112
47.9200,-112.8200,3175
42.7900,-121.9800,508
38.7835,-104.8293,89
40.3000,-111.2600,2032
40.6436,-91.7421,0
47.5300,-115.7800,2134
43.5695,-116.3248,0
67.9300,-162.2800,229
39.7647,-84.6338,0
44.3500,-107.0100,1016
37.5000,-108.1100,1854
40.4100,-105.8200,3175
40.2778,-74.7926,13
43.9500,-115.2700,2184
38.6100,-119.9200,1549
35.2416,-106.5977,38
40.6200,-111.5300,2438
45.4000,-123.1830,0
40.8000,-110.8800,1372
47.8700,-123.0800,0
42.2200,-122.3700,0
42.4400,-105.8600,940
63.9400,-145.4000,737
37.7000,-112.6500,584
40.8656,-74.3851,0
40.7400,-109.6700,635
38.6420,-75.6270,30
39.4195,-77.2905,56
39.1600,-119.9000,991
45.2700,-117.1700,2489
47.9800,-114.3500,2083
43.7600,-115.2400,4724
65.0800,-145.8700,635
41.7600,-115.6900,1194
37.2100,-105.2000,1727
41.1169,-81.0094,254
43.9500,-110.4500,3023
43.8900,-107.0600,1118
44.3800,-109.7900,3556
38.9989,-79.1361,0
40.2286,-74.6472,8
44.4400,-111.9900,1270
35.1554,-107.8562,97
37.5459,-106.1217,56
43.1923,-123.4387,0
47.8800,-117.0900,2286
41.4644,-81.0652,244
37.3300,-105.0700,483
48.3600,-119.0800,1194
39.2269,-96.9622,0
32.3416,-106.7827,79
46.6400,-121.8300,1194
47.2800,-121.6700,25
40.0839,-105.3689,53
38.2900,-105.8500,1651
36.0833,-102.6567,196
43.7300,-113.8300,2108
40.7623,-74.9719,5
40.2104,-74.6204,8
45.1900,-119.2500,1829
47.9400,-123.4300,1880
40.7600,-111.6300,2362
39.2600,-106.6300,1956
48.4089,-106.5144,0
44.9500,-111.3600,2438
44.9354,-68.6584,0
38.4200,-108.3800,1499
39.1900,-120.2600,2997
42.5192,-76.3311,0
40.2000,-105.6000,1854
44.0300,-109.1800,787
32.9200,-108.1500,635
44.5400,-115.5600,5207
42.4100,-111.1700,1422
39.9420,-83.8051,0
39.1400,-111.5600,1803
40.5800,-110.5900,1803
39.1400,-120.2200,1295
41.5279,-71.3831,23
36.1520,-115.3396,0
45.0700,-116.4500,2743
42.4650,-92.3410,0
38.3339,-104.7898,23
39.8000,-105.7800,2718
40.5764,-105.0858,0
37.6100,-105.3700,1016
36.2115,-106.2964,94
40.9100,-109.9600,1041
40.8800,-106.0500,1499
38.4523,-105.1967,99
38.5000,-111.7700,1397
34.1649,-95.5431,0
44.8745,-123.0444,0
43.1100,-109.9500,2134
39.6896,-104.7757,33
32.2879,-106.7942,48
42.4647,-79.0031,787
44.3000,-122.0400,0
40.1600,-111.2100,2210
38.0803,-78.8750,0
38.8400,-119.8900,1067
39.0172,-92.7558,0
40.5998,-105.1151,0
41.3569,-88.7883,8
39.7194,-76.8028,25
42.7614,-75.5554,155
37.9900,-107.2000,1981
41.4900,-119.0000,1168
33.6024,-100.8689,25
46.5700,-115.7400,2667
37.4000,-113.4600,1168
39.9734,-76.9178,36
43.2800,-109.4500,1270
59.7400,-151.2500,330
40.5800,-105.6300,1270
40.7200,-110.4700,1854
39.8800,-107.6000,2159
44.4560,-92.2907,89
39.4500,-120.2900,0
45.1100,-119.5000,381
44.2100,-103.7900,1245
45.6578,-111.0272,373
38.4777,-105.2363,79
35.3133,-106.5924,36
43.6300,-113.9700,1880
40.2077,-75.3522,15
39.3000,-106.6100,1194
46.5673,-87.6869,0
61.3900,-150.0300,406
44.6500,-109.7800,4699
43.1425,-80.0696,0
48.9100,-114.7700,2591
41.2084,-124.1027,0
42.5700,-106.0900,1321
39.0000,-120.1300,711
48.5700,-115.4500,2032
38.9200,-119.9200,991
39.6879,-104.7063,38
40.0400,-105.5400,1422
39.3100,-109.5300,737
39.6124,-105.0331,43
40.6000,-111.5800,2591
38.8800,-105.0700,635
39.3600,-106.0600,2540
32.6275,-107.0467,33
32.4309,-104.2540,13
45.6900,-113.9700,4826
40.5938,-91.1467,0
42.8700,-109.0900,1524
40.8800,-110.5400,1092
44.2100,-118.6400,1778
40.5949,-98.4270,0
37.3800,-106.5500,1067
36.2500,-115.6300,0
42.8972,-85.7791,455
37.5300,-113.0500,1524
36.3336,-102.0668,152
32.1275,-107.4875,20
39.4900,-120.2800,0
35.2549,-107.9796,61
40.0300,-105.5800,1905
38.8274,-75.4303,46
45.4340,-122.5036,0
43.6037,-70.9867,114
39.5600,-115.8400,711
43.8200,-114.2600,2540
29.7210,-98.1655,0
35.2444,-106.7231,58
44.8000,-109.6600,2616
39.6811,-77.2914,0
40.9100,-110.5000,1524
63.2000,-145.6300,1194
43.7400,-113.9400,1753
34.0867,-106.8925,0
45.2200,-110.2400,3251
38.6900,-119.9900,1880
39.5616,-104.9503,41
40.8398,-74.5432,0
61.3500,-142.7100,813
41.5500,-116.0100,2362
42.3000,-110.6800,3277
38.2357,-104.6621,53
38.5966,-76.8710,0
40.0634,-76.4072,43
47.0700,-121.5900,152
39.5722,-105.1221,91
39.3200,-119.8900,2134
36.0456,-106.1517,41
39.3200,-114.6200,1422
38.6700,-119.6100,584
32.2918,-85.1893,0
38.6418,-77.7672,0
43.7000,-109.6700,2438
42.6400,-120.9500,889
46.2400,-113.7700,3759
43.3400,-110.4300,3327
44.1400,-121.6400,1219
44.4200,-84.0233,0
40.3700,-106.7400,3048
41.3600,-111.4900,2261
39.2900,-117.1100,1397
67.2500,-150.1800,660
46.1000,-121.9600,0
47.5600,-115.8200,2642
40.4600,-112.2500,1041
40.9300,-111.8100,2794
48.9100,-114.8600,4775
46.6200,-121.3900,4267
40.9800,-110.8500,813
39.4200,-111.2500,1676
42.6000,-116.5600,381
43.4800,-114.8300,1549
46.7900,-109.5100,1727
47.7657,-122.3001,0
40.8600,-110.8000,1321
45.4600,-121.7000,1473
38.2800,-119.6100,4216
39.6100,-111.3000,2769
38.1617,-85.8566,0
39.1400,-111.5100,3505
38.8000,-111.6800,1600
41.7136,-89.3247,185
39.8826,-105.1056,13
38.0288,-84.8988,0
32.1154,-81.2509,0
38.7462,-77.1386,0
35.1375,-77.9892,0
45.3147,-64.4289,0
60.7800,-149.1800,2667
37.4800,-107.6300,1829
42.0500,-122.8500,1016
34.5434,-112.3764,0
39.9400,-105.5900,1753
39.5700,-105.8000,1676
42.7600,-110.5900,4420
39.6490,-80.7382,0
45.0500,-109.9100,4521
42.5600,-111.3000,3023
40.3491,-105.5036,56
41.3100,-111.4500,2667
36.0512,-83.9862,0
46.7600,-115.3000,5893
42.5031,-83.3766,142
40.8400,-110.0100,1194
42.3800,-122.3500,0
43.6600,-109.0100,711
40.1900,-111.3600,1651
48.0600,-116.2300,3912
44.8000,-107.8400,2642
39.0200,-107.0500,3454
47.6013,-122.6043,0
40.5300,-105.8900,2464
42.3489,-77.7044,0
32.6242,-107.0418,33
39.0800,-107.1400,1702
45.2700,-118.8500,940
41.7900,-111.5500,2337
36.8600,-106.2300,1067
44.6300,-115.7900,4242
46.3200,-121.9400,1499
46.3600,-121.0800,864
40.3920,-76.8753,56
37.6702,-91.8739,0
41.0483,-93.9496,0
38.6982,-76.0161,43
42.5800,-109.0900,1194
33.1637,-96.6851,0
39.3300,-120.3700,1397
36.2347,-86.3817,0
45.1500,-118.2200,991
40.9247,-79.2825,254
39.1300,-111.3500,1524
38.3100,-119.6000,991
42.5100,-110.9100,1956
46.8400,-112.5100,2819
40.2300,-106.6000,2286
47.4344,-120.3269,132
34.8185,-106.0972,18
37.8800,-107.3600,1727
45.4500,-122.0300,0
41.5800,-120.3000,1245
35.8838,-106.2939,119
39.1300,-107.2900,2007
40.3900,-106.6000,2921
37.8100,-109.4900,1194
44.7600,-118.3100,1473
46.1800,-121.9300,584
41.8900,-111.5700,1778
43.3242,-76.4178,559
33.3600,-107.8300,76
38.0800,-110.7700,889
39.0100,-111.5800,2565
39.6671,-104.9898,43
47.6800,-114.0000,2184
39.4500,-111.2700,2057
44.0500,-115.4400,4013
37.7900,-108.0200,1118
39.6600,-110.3800,787
32.3206,-106.8624,86
39.5186,-104.9492,76
39.9965,-76.7533,41
46.9300,-121.9500,0
38.0500,-111.3400,1245
40.3184,-75.3243,15
43.9000,-122.0300,584
45.1019,-64.4144,0
38.5100,-112.0200,813
48.7200,-120.6600,7544
42.8200,-110.8400,4166
31.1200,-81.9300,0
42.4100,-121.6800,1854
45.2500,-123.2800,0
40.4079,-74.6199,8
41.0700,-106.9400,3175
36.5921,-94.4507,0
35.0908,-106.2212,86
32.7904,-105.8204,15
40.6800,-110.9500,2743
39.0600,-108.0600,1549
39.4755,-75.2383,33
38.5500,-119.8000,1930
36.5800,-105.4600,1930
38.8319,-107.9670,0
46.2400,-117.3900,102
42.3326,-76.7581,23
45.8900,-110.9400,4089
48.4400,-120.9200,4369
42.3200,-113.6200,5029
39.4202,-84.1493,0
40.2510,-74.2819,8
40.0663,-74.3570,25
39.7738,-105.3864,71
41.8262,-105.2054,0
44.3579,-100.3721,3
60.9800,-153.9200,584
36.2634,-99.8840,18
41.2939,-111.9580,0
47.7100,-123.4600,2210
46.1100,-110.4700,889
40.6600,-75.0080,23
41.2300,-116.0300,0
39.7249,-76.9998,53
43.1300,-110.2000,2438
43.5100,-121.9800,254
44.0200,-113.4700,1702
44.2100,-121.8700,1854
38.9353,-104.8470,94
43.2300,-121.8100,229
45.4060,-122.8780,0
46.4800,-115.6300,5842
41.8900,-120.7500,0
40.7100,-106.0100,1626
37.7900,-108.1800,2515
40.8600,-115.1200,1575
33.7476,-84.7452,0
41.4469,-74.0214,3
39.8700,-111.2800,2057
39.0300,-106.0800,737
38.9764,-77.4869,0
37.6600,-107.8000,940
39.5865,-86.6333,0
45.2943,-91.6247,229
44.3900,-122.1700,0
46.1300,-113.3100,1981
46.2507,-119.3197,0
44.2100,-110.6700,4394
39.5936,-75.0692,28
37.0200,-106.4500,2489
46.1000,-113.1300,2108
41.9692,-88.1873,13
42.5300,-122.1800,584
40.7900,-106.6000,3835
32.9881,-97.3932,0
46.5600,-111.2900,2819
43.2471,-75.2775,122
39.6186,-87.6672,0
49.7791,-124.3371,0
38.2100,-111.4800,1346
38.4547,-78.9353,0
45.0800,-117.5500,2591
45.6700,-113.9500,3480
47.2800,-121.4700,1270
47.2900,-120.3700,1651
40.4000,-105.8500,1194
40.6398,-74.8297,5
43.5100,-115.5700,762
47.4600,-115.7100,2896
40.8100,-105.7700,2134
35.7000,-105.8100,254
44.5164,-122.9171,0
38.3325,-104.7491,28
35.2420,-106.6471,838
42.0500,-111.6000,3658
44.6100,-111.1500,2007
41.6931,-73.0600,0
40.8900,-110.8300,965
44.7900,-116.0900,787
47.0700,-115.9600,6172
45.6063,-122.5104,0
38.7669,-86.6847,0
36.3350,-96.0975,0
44.2600,-106.9800,1168
41.9700,-118.1900,660
41.7392,-77.9711,0
47.1500,-116.2700,2565
44.4900,-104.4100,813
39.7200,-106.1600,1600
46.3600,-112.2600,2464
46.4100,-113.4300,2235
48.9500,-118.9900,1194
46.6300,-114.5800,4216
41.9000,-111.6300,5080
42.0160,-79.1249,234
47.4845,-122.1272,0
47.1600,-121.4200,1981
34.7056,-76.9898,0
40.8400,-111.7100,3404
42.4516,-76.0437,224
41.4342,-87.1450,3
45.9190,-66.6269,0
39.5247,-104.5229,36
33.7667,-101.8752,81
38.7840,-76.5362,203
29.4854,-98.6561,0
47.5400,-121.0900,3073
45.2400,-109.4600,1067
39.0326,-75.5169,25
43.2500,-110.0200,2261
37.9700,-111.8300,1600
39.4600,-119.9400,1321
29.7409,-97.6802,0
43.2900,-116.8500,229
39.2500,-119.8800,0
37.5000,-113.9400,610
48.8000,-113.6700,1448
48.0757,-117.1926,584
45.5500,-122.0000,25
44.9067,-66.9866,0
41.5253,-71.1935,8
38.4000,-119.5400,1143
34.3700,-111.0100,813
42.6900,-121.4300,0
39.7444,-99.2155,0
36.2496,-106.4956,66
43.1700,-110.1400,2921
40.5700,-112.1700,1930
39.7423,-104.8194,38
39.9757,-78.4087,20
39.9300,-111.6300,2032
42.5933,-71.0186,0
43.6000,-114.6700,3988
39.1147,-76.6989,33
34.8600,-111.6100,0
45.0400,-116.1300,4394
36.9544,-86.3366,0
39.4441,-104.8723,48
60.1900,-149.6200,533
48.1700,-109.6500,1194
44.4200,-111.3900,2210
35.1385,-106.6769,0
48.1300,-113.0200,5156
39.9400,-112.4100,838
43.6304,-96.9442,66
38.6049,-89.9685,0
38.5458,-78.0981,0
44.8500,-113.8400,1448
40.8200,-106.7500,2692
39.6600,-105.5900,711
44.9072,-84.7189,508
38.0700,-119.2300,457
46.9800,-115.0300,5080
39.6615,-104.9207,38
33.9200,-109.4600,787
44.4300,-120.3300,559
38.7700,-111.6800,3175
38.3833,-81.8344,0
39.6800,-110.4300,864
41.4100,-111.5400,1549
47.3800,-121.0600,2819
41.9117,-76.8605,71
34.4972,-87.2300,0
44.6100,-122.2300,457
36.7000,-105.3400,813
42.8095,-106.3315,0
41.5417,-87.2715,61
45.7192,-108.5218,371
40.2835,-78.8901,43
41.8700,-115.2500,2845
40.2100,-105.5700,1118
38.4669,-78.3167,0
37.9525,-104.7297,48
45.4662,-122.8088,0
32.4066,-96.3347,0
44.9783,-93.2469,76
41.6800,-111.4200,2007
35.7368,-106.0718,74
44.6826,-63.8602,0
39.0589,-92.4370,0
41.1431,-96.4808,0
43.8800,-114.6700,2642
37.4900,-112.5800,203
48.6600,-119.8400,1524
32.3643,-106.8241,5842
37.5200,-112.2700,711
41.8200,-116.1000,2311
46.8100,-121.3300,1575
47.0200,-121.4600,3073
40.7900,-111.1200,1575
45.7000,-115.2300,4597
36.5869,-93.2692,0
39.0981,-79.4322,178
47.4500,-112.8100,1651
37.5800,-112.9000,889
38.6521,-76.6395,18
38.9163,-104.8604,97
43.8600,-114.2100,1194
40.3100,-105.6400,2286
34.9842,-83.3917,0
38.1044,-103.5460,89
38.8011,-76.5147,28
48.1600,-113.9500,7137
33.9800,-109.5000,584
40.1152,-86.4551,0
35.2700,-111.7400,0
39.3343,-94.7642,0
42.4961,-89.6843,3
46.5500,-121.1700,2184
40.1697,-105.0779,0
32.3772,-86.2575,0
45.1900,-109.3500,1600
37.9542,-87.3741,0
32.5017,-106.9515,175
35.2522,-106.6347,53
38.9315,-104.7577,51
46.1800,-117.5400,1346
44.4600,-110.1400,2311
36.1066,-88.0443,0
46.9100,-110.8500,2413
40.1100,-107.2900,3302
44.4200,-121.8600,356
38.3455,-120.7719,0
35.9200,-106.3900,660
61.3800,-149.0000,0
41.2986,-80.7647,203
37.4900,-113.8500,0
45.1000,-121.7500,305
45.4300,-121.8600,889
39.0900,-107.6300,1448
45.2500,-121.7400,1118
37.7000,-107.7800,2438
45.7000,-118.1100,2743
38.1600,-106.6000,787
48.7200,-116.4600,914
62.0700,-142.0500,381
39.8183,-74.9956,23
43.6300,-107.1800,1499
37.9018,-88.9341,0
48.9700,-115.9500,2921
47.3000,-121.6000,1397
45.5000,-110.9700,1524
38.5000,-112.0100,1168
45.0400,-121.9300,178
59.8600,-151.3200,1270
44.2500,-118.5200,2007
37.6200,-107.0300,2007
39.9223,-104.9554,102
33.8000,-109.1500,254
38.6169,-77.9696,18
39.5385,-76.3788,5
38.9004,-104.7836,64
37.2915,-91.8515,0
37.3480,-108.5596,0
32.3191,-90.0806,0
38.7387,-84.8496,0
44.0412,-80.6893,0
41.4000,-107.2600,1295
44.5100,-111.1300,4953
40.5358,-94.8879,0
44.6481,-86.2100,0
39.6500,-105.8700,2718
43.3439,-91.6443,10
45.8000,-112.5200,1346
34.8240,-92.2531,0
37.9700,-106.5600,940
45.1900,-121.6900,279
39.3428,-76.8939,33
44.7200,-110.5100,2159
47.0000,-113.9300,5893
43.0300,-109.1700,584
42.1300,-120.8400,0
40.0014,-77.1089,53
37.9663,-103.5443,30
40.1302,-74.2145,15
48.4300,-113.9400,2718
41.9900,-120.7200,0
41.3235,-89.5047,8
34.6137,-103.0910,76
43.6700,-122.5700,0
44.2143,-70.5405,58
40.3600,-111.0900,1397
62.1300,-150.0400,610
46.2600,-122.1800,0
33.5172,-101.9681,48
40.8600,-115.2200,152
46.6093,-120.5751,5
45.2100,-117.1900,2591
37.4833,-103.0724,48
45.9220,-116.1260,0
29.7305,-98.0938,0
39.9684,-74.8648,20
48.9300,-121.2000,8103
42.7600,-112.4800,1880
39.4500,-115.9800,965
62.6300,-150.7800,1702
37.5770,-106.1004,38
36.1900,-105.5600,1422
44.5900,-111.1200,3048
46.1400,-114.5100,7188
48.0600,-112.7600,1067
39.0410,-104.8241,66
37.4900,-107.5100,1676
40.0945,-88.1282,0
38.2872,-81.7874,0
37.9221,-78.2519,0
41.9766,-88.0598,147
46.3500,-121.5100,2642
39.6724,-104.7609,36
41.2200,-111.3600,508
34.9968,-101.9307,226
45.1226,-93.4579,130
45.1700,-113.5800,5512
37.6600,-112.7400,914
61.7500,-150.8900,813
38.7200,-119.8900,1473
41.7511,-76.4431,25
40.0000,-107.2400,1549
45.4000,-110.9600,2896
38.9900,-106.7500,1727
40.3500,-106.0900,1295
40.6872,-74.8575,3
37.8700,-109.4500,1549
35.1296,-106.3204,178
38.4800,-109.2900,1321
35.2206,-107.8897,53
46.1900,-122.2500,914
46.4900,-115.8000,991
44.9900,-113.4400,1829
29.5120,-95.0994,0
40.6100,-111.1000,1778
37.8900,-108.2000,1753
34.0151,-81.1920,0
42.1500,-110.6800,1753
46.1400,-114.4500,2921
60.2600,-149.3400,51
40.9900,-111.8200,3581
36.1800,-108.9500,610
48.1900,-118.4600,940
43.0961,-79.0281,51
27.9855,-81.7902,0
36.3300,-109.0600,711
33.0767,-106.0017,8
46.2084,-119.1658,0
40.4300,-105.7300,2362
46.1600,-122.1800,2261
42.5970,-82.1781,157
40.7819,-79.2375,0
42.2845,-83.0346,76
40.8300,-111.7600,2819
39.2421,-75.9060,36
40.9500,-110.4800,1016
39.3428,-82.0964,0
48.8000,-113.8600,5944
40.7200,-109.5400,508
39.6090,-104.9822,33
37.7500,-112.7800,1422
41.4100,-111.8300,1524
48.0700,-120.8500,3886
39.3500,-112.3300,1448
41.3300,-106.5000,1270
44.2900,-115.6600,1651
42.5900,-108.9000,1575
46.9300,-110.9000,1981
36.0300,-106.8100,1473
40.4300,-111.6200,2718
38.7873,-82.9779,0
43.2386,-76.1964,0
47.7600,-123.0300,584
46.0900,-121.7600,2870
42.7000,-122.1400,508
32.9424,-105.8262,0
42.4334,-122.9869,0
36.0700,-105.6300,2083
46.9500,-116.3400,1067
38.9669,-95.2967,0
35.7570,-105.9286,152
48.1300,-115.6200,3708
45.3608,-63.2682,0
40.1802,-105.1541,0
39.8502,-105.1009,10
39.3000,-111.4500,2946
45.9000,-122.2200,0
37.2631,-100.5950,0
45.5300,-123.3000,0
38.8500,-120.0800,1753
41.4600,-106.2800,3251
38.6700,-119.8200,0
43.5073,-65.6096,0
44.7900,-112.0600,1067
39.7674,-78.4844,28
38.7003,-88.0817,0
41.9221,-111.8193,0
48.9800,-115.8200,1270
44.8300,-118.1900,1905
34.7803,-96.6629,41
48.5900,-119.8700,1524
39.4600,-114.6500,127
39.9908,-105.2557,33
46.9100,-121.4800,4293
40.7447,-111.8677,0
39.0500,-111.4700,2108
47.8600,-117.0400,2286
65.1200,-146.7300,635
42.5700,-108.8400,1626
45.0792,-64.2711,0
48.8200,-121.9300,3480
44.3320,-70.2685,0
39.3000,-106.1100,1499
34.2024,-78.0948,0
61.6185,-149.1258,10
36.4931,-105.5997,53
39.6800,-111.3200,2388
39.3154,-77.8304,0
40.6500,-115.3800,1524
29.6849,-95.2197,0
46.7800,-110.6200,3861
47.0400,-121.9400,686
39.8847,-74.1741,30
39.8900,-111.2500,1549
46.8800,-113.3200,1524
41.2400,-106.2300,2337
38.6800,-119.9600,1829
46.8700,-113.2800,2210
39.4722,-105.3913,0
41.3053,-73.1635,0
42.7200,-123.2000,0
40.3800,-115.5300,2032
39.2400,-111.5200,2057
39.1758,-75.6325,61
41.7653,-71.4448,0
36.2184,-81.6720,0
43.1158,-85.5642,305
37.8900,-107.7100,2794
44.7700,-116.2500,2007
35.7373,-83.9132,0
40.7131,-79.5144,127
36.2528,-81.9136,0
47.3700,-121.4400,2870
44.9769,-106.8475,160
39.0100,-114.3100,914
36.3188,-85.5019,0
43.8885,-70.2944,0
39.6200,-106.3800,2438
41.3600,-106.2300,2845
41.3190,-82.3773,53
45.2700,-111.4300,2108
42.5200,-111.9600,2159
38.9300,-120.0500,0
43.8600,-109.3200,1854
40.3503,-86.4867,0
45.8700,-110.9300,2946
42.9328,-76.5447,0
39.5753,-104.9746,38
38.9433,-119.1916,0
44.7591,-123.2325,0
42.6500,-110.8100,3785
41.2098,-81.3548,282
40.5510,-105.0664,0
47.0600,-112.6000,1346
44.3700,-110.5800,2007
44.5400,-107.1800,1245
40.6418,-74.8827,5
40.5400,-106.6800,4775
38.4400,-119.3700,559
46.8400,-116.1200,4369
64.8500,-147.8000,330
40.8900,-115.2000,1778
35.8458,-105.3226,152
40.2800,-111.6100,2616
42.7000,-108.9000,864
44.5014,-68.2208,0
48.0125,-123.1709,0
43.9300,-115.6700,4597
40.3600,-116.8600,813
46.4700,-114.6300,3962
45.6911,-118.8522,0
39.4400,-105.9100,1448
41.1500,-106.9700,3302
38.4431,-105.0400,46
36.1648,-81.6055,0
64.8500,-146.2100,1143
34.5360,-92.7651,0
42.5719,-72.5975,0
39.5280,-104.9532,86
39.8171,-105.1774,71
61.1561,-149.9847,178
43.1900,-122.1400,0
39.9714,-104.8683,0
42.1600,-114.1900,2743
37.3500,-105.2300,1041
35.2006,-103.6867,102
41.0413,-93.9805,0
46.7900,-110.6800,2235
38.4800,-112.3900,1702
38.0450,-85.7155,0
40.5100,-105.7700,2159
45.5000,-110.0800,737
35.1400,-112.1500,152
42.7000,-120.8000,1524
40.5462,-74.5287,0
37.6000,-112.9200,787
37.4900,-106.8400,2362
43.4700,-107.2400,1016
44.9600,-111.2900,3480
44.4500,-119.9300,1727
40.9400,-115.1000,2464
35.6952,-106.7553,64
39.0267,-104.7478,69
41.5880,-73.8922,15
35.1189,-106.5969,0
51.5694,-107.2341,152
47.7500,-121.0900,3073
39.6513,-75.8856,20
41.2812,-84.3454,0
40.9234,-73.3305,0
47.2300,-120.2900,1372
43.5000,-109.7500,1626
38.9717,-74.8398,48
43.1631,-93.1953,0
39.3000,-120.1800,686
39.6720,-104.8750,51
44.3000,-115.2300,3327
35.2836,-106.6194,71
58.1900,-133.8300,3251
40.0600,-107.0100,1524
42.4100,-122.2700,737
43.9500,-119.5400,1626
39.3200,-106.6100,1321
34.4600,-111.4100,254
36.4700,-105.1900,1118
40.2421,-74.0298,10
38.6331,-109.4104,0
40.2300,-105.9200,1194
46.1800,-113.8500,2032
43.3800,-109.8800,2159
33.6900,-109.2200,254
38.2900,-106.3700,2007
43.3314,-76.2694,660
42.0478,-71.0050,0
45.5600,-118.4500,483
34.8695,-106.7015,0
33.4000,-105.7900,1143
44.5103,-109.0994,0
43.6695,-116.2653,0
39.9600,-110.9900,1499
36.9600,-106.6600,940
40.4400,-112.2400,2057
35.3400,-111.6500,1549
46.2700,-121.9600,1499
41.0600,-106.7100,3048
43.2300,-122.4300,0
38.9902,-77.0081,25
48.5300,-120.9900,3505
40.6092,-96.8719,0
31.8142,-93.0856,0
43.6600,-122.2100,0
41.0105,-95.8890,0
37.9700,-105.5400,1803
44.6600,-111.0900,1499
41.0000,-106.9100,3581
42.2600,-112.1300,1549
41.8183,-86.3423,284
39.8315,-74.8083,20
42.0100,-115.0000,2337
45.5400,-123.3700,0
33.7400,-108.9500,381
48.8600,-118.4000,914
35.3620,-85.3797,0
45.6686,-122.6862,0
41.1523,-104.8052,0
36.7900,-105.2400,838
41.3800,-111.9400,3581
39.5000,-111.7300,1422
39.3200,-111.4900,2235
40.5460,-105.0731,0
40.9700,-111.8100,2515
39.7256,-75.6488,15
35.1011,-106.2559,142
35.2600,-112.0600,152
40.0488,-76.6948,41
33.0100,-107.8700,610
29.5110,-95.0898,0
41.6846,-73.7205,10
35.2300,-108.2700,864
43.9930,-66.1468,0
44.9500,-116.1400,2261
41.9900,-120.1800,3023
41.3000,-107.1500,1245
37.6500,-108.0100,1270
30.4144,-97.7664,0
46.4400,-112.1900,1524
46.6700,-110.3300,1727
40.0414,-105.0729,10
40.6328,-91.7848,0
35.1918,-107.8930,51
40.0905,-104.7986,5
40.8800,-117.5900,0
45.0200,-111.8500,1753
61.1900,-145.6500,2210
45.9800,-117.9500,3658
38.8592,-96.1058,0
44.3000,-109.2400,813
37.0169,-94.4925,0
47.3600,-121.5700,102
41.9700,-111.6000,3200
40.5600,-111.6600,4420
42.9600,-110.6100,4394
34.7500,-111.4100,737
39.1516,-77.2368,0
39.2836,-86.7703,0
44.4000,-107.0600,1956
41.3300,-106.3800,3505
37.5100,-113.4000,787
43.0219,-78.8467,152
41.2300,-105.3800,787
39.9873,-105.1703,15
39.4300,-120.3100,3023
37.4300,-108.1700,1473
46.6400,-121.3800,1753
43.7100,-114.1600,1829
36.0000,-106.8300,889
34.2650,-88.7658,0
35.3344,-106.4014,58
39.7332,-75.1331,28
37.9300,-107.6800,2235
35.0761,-106.3846,114
44.6100,-116.9800,2819
48.6900,-121.9100,914
40.1478,-80.7014,0
37.7398,-89.8603,0
41.4764,-75.1653,0
48.2000,-120.9200,8052
34.1109,-109.9003,3
39.7600,-107.3600,2667
40.6064,-74.8710,5
45.5519,-116.3028,0
38.3000,-112.4400,1143
40.1729,-105.0152,5
37.4900,-112.5100,0
41.6700,-117.5700,2032
39.1300,-114.9600,965
42.7100,-109.4100,1499
38.8800,-112.2500,3327
39.9712,-74.9345,20
39.1405,-77.0667,30
40.6413,-91.7434,0
39.7667,-105.1142,79
41.2500,-111.4100,1600
40.5300,-106.7800,2616
39.7866,-77.7253,25
38.9539,-92.3381,0
42.8700,-122.1700,2159
38.8500,-119.9400,686
33.8100,-110.9200,584
38.1208,-76.3651,5
38.3042,-104.7440,76
37.3996,-119.7381,0
38.9386,-77.1133,0
40.9600,-110.5800,864
39.3542,-101.6996,0
24.5695,-81.7559,0
42.1100,-79.1592,254
38.3139,-81.7186,0
39.8600,-106.4200,2337
44.7246,-63.8192,0
37.1817,-106.0004,5
44.5900,-121.9700,0
47.3500,-120.6800,1499
45.9900,-120.6800,483
35.6283,-108.7928,36
41.3800,-111.9200,1753
47.9900,-120.5700,2413
42.7600,-116.9000,1626
61.0700,-149.4800,1854
36.3100,-115.6800,533
40.8900,-105.6600,1270
45.6528,-84.4725,14478
33.3700,-108.7100,889
41.7500,-117.5300,483
33.6239,-117.6275,0
37.7100,-107.5100,2362
35.9947,-106.0535,112
39.8000,-106.0300,1676
47.1556,-53.4722,0
47.1800,-114.3300,2642
61.7900,-149.2800,1473
43.7700,-114.4200,1676
48.2064,-106.6256,0
40.4624,-90.7452,0
41.5090,-71.1590,10
39.0400,-108.5210,0
43.2100,-111.6900,2057
36.9900,-105.2600,762
41.5828,-70.5803,5
47.6800,-121.6100,965
45.3825,-63.2281,0
44.0866,-103.3701,0
38.3000,-119.5500,0
42.7300,-106.3200,1245
46.8700,-121.5300,3454
41.4700,-111.5000,3150
48.8600,-121.4400,5994
36.1300,-105.5300,508
41.4089,-87.3899,0
43.4500,-122.1400,2057
42.7500,-73.6833,0
38.9036,-76.7259,28
38.0700,-112.1700,1245
40.5674,-74.1327,0
38.7900,-111.6900,2007
40.5876,-105.1473,0
38.4691,-75.4923,0
45.0600,-109.9400,5436
44.7300,-109.9100,3937
40.9436,-74.1523,0
38.8929,-75.3924,48
44.7584,-108.7769,0
42.7500,-118.6900,1346
45.0700,-118.1500,1651
39.1600,-114.6100,1422
40.6317,-75.1045,18
43.8000,-121.9500,2261
37.4842,-105.8738,8
37.8500,-107.7300,1778
44.5300,-111.4100,3251
40.0177,-105.1288,5
34.3100,-110.7500,508
64.7900,-141.2300,762
41.7363,-71.2145,3
42.2700,-110.8100,2210
39.1223,-77.8187,0
43.3194,-88.1681,269
44.8700,-118.1100,1067
43.8977,-78.8744,0
42.6500,-109.2600,1829
35.3239,-106.5814,13
40.6700,-111.2200,1854
39.8626,-74.1410,28
60.6200,-149.5300,660
43.6100,-113.9300,1321
46.7800,-121.7500,4851
34.8648,-103.2107,292
64.9500,-145.5200,660
39.8700,-105.8700,2819
41.7400,-115.4700,1727
42.3778,-87.9674,0
40.1700,-107.0600,1930
47.7446,-122.5097,0
33.6500,-109.3100,838
42.8230,-86.0678,137
47.2700,-113.7600,7036
44.1100,-103.9800,1092
39.7197,-105.2472,97
47.4669,-121.6806,0
41.1487,-81.4307,112
38.9167,-77.1822,0
45.5100,-111.9200,2540
38.7338,-120.7110,0
39.1700,-120.1500,0
40.0800,-106.6700,1727
39.5044,-76.5187,46
39.0500,-107.8700,2286
44.7900,-111.7100,1854
45.1900,-115.9700,4597
44.8400,-114.2700,1676
39.4905,-105.5239,46
43.2700,-115.3500,1676
46.7544,-117.0005,0
38.8647,-104.7887,58
44.3800,-116.3400,991
61.1100,-149.6700,584
39.1300,-111.4400,2642
42.7100,-118.6300,4699
42.9864,-78.8706,251
42.2800,-105.5800,889
41.5200,-117.6300,152
44.5292,-109.0755,0
41.3800,-106.3500,4445
38.8900,-106.9500,1829
39.3100,-111.4300,1956
46.7281,-116.9558,0
39.7275,-79.9131,0
41.0164,-93.2792,0
42.3297,-78.4633,152
41.9200,-111.4700,2388
42.9600,-121.1800,660
40.0891,-97.1959,0
38.8480,-104.8911,84
39.1125,-104.8590,155
40.7400,-110.6200,2235
40.5500,-110.6900,838
44.9047,-107.1687,140
40.3189,-79.3894,0
44.2600,-119.0200,965
40.6100,-109.8900,610
66.9200,-151.5300,686
48.5200,-120.7400,5969
34.2917,-83.3236,0
43.5200,-110.9100,4039
38.3000,-112.3600,1549
35.7800,-105.5400,1245
35.0685,-106.5956,56
41.7800,-116.0300,1346
37.1782,-102.4708,84
44.6209,-106.8029,13
41.4854,-71.6291,5
44.8100,-107.4100,889
39.1911,-77.0069,254
44.3300,-122.0900,1245
39.4136,-78.7386,0
38.7845,-76.0739,30
28.1669,-81.8219,0
43.7800,-110.9300,6807
41.3200,-116.3400,2083
48.6900,-117.1800,2565
39.9733,-105.4279,64
38.9831,-104.6904,363
43.6107,-73.0466,117
40.0400,-105.7500,2337
38.4677,-102.2164,0
45.1703,-84.4397,0
46.1200,-117.8500,2718
42.0800,-123.3400,0
47.2700,-121.3400,2184
38.9110,-75.4605,38
40.7853,-74.8612,8
35.1463,-106.4906,30
32.2529,-80.7350,0
43.3900,-110.1300,2261
40.7230,-73.7110,0
40.2800,-115.5300,1930
44.1300,-110.8300,5080
37.5200,-107.3200,2184
44.1600,-107.1300,1753
36.4590,-81.1525,0
42.2180,-112.6360,5
40.0027,-105.1410,15
43.8700,-114.7100,3251
37.6500,-107.8100,1092
45.1900,-118.5500,254
42.9827,-95.9939,0
39.6000,-106.5400,2134
44.1300,-110.6700,3099
44.5000,-107.4300,2007
40.6702,-76.2308,41
42.4900,-110.5300,2489
40.1275,-79.4058,51
40.3131,-88.1594,0
39.5600,-114.6300,635
36.3200,-115.7000,660
44.5900,-111.8200,889
40.8900,-111.0700,1499
40.2031,-96.4631,0
39.6108,-77.8472,25
39.5565,-74.8048,25
43.6700,-109.3800,1422
45.2700,-110.2500,1778
46.3526,-61.0776,399
39.4537,-105.4219,41
38.7575,-120.6046,0
32.9041,-105.5236,58
60.3900,-149.6900,533
40.5472,-105.0749,0
37.8500,-105.4400,838
32.3829,-106.8076,137
34.4279,-103.1812,178
40.4000,-105.9600,2337
59.3500,-151.8500,0
39.8612,-104.9382,25
41.8600,-111.5100,3327
40.1526,-84.4613,0
41.2400,-120.7900,533
39.7600,-105.9100,2184
35.7131,-106.0094,89
44.4991,-63.5264,0
43.1223,-77.8164,102
39.4206,-79.0050,0
44.9800,-111.9500,635
39.6025,-104.9762,36
40.6600,-111.6400,2870
39.0800,-106.6100,2489
44.5200,-122.0900,0
40.7739,-84.0800,0
44.8720,-69.4203,76
40.8500,-111.0500,2413
44.5800,-107.2000,1194
45.7300,-114.4800,2540
45.0100,-110.0100,2083
39.8394,-104.9101,30
44.6800,-107.5800,2184
39.1607,-77.9885,20
48.8800,-121.2600,3124
37.1926,-77.1491,0
44.4400,-121.9500,0
36.7200,-106.2600,1880
42.4653,-76.5352,74
37.4800,-106.8000,2438
37.7847,-79.9165,0
39.5362,-76.5446,36
45.4100,-112.9600,2718
40.8400,-110.6600,1727
36.1502,-86.5738,0
43.5900,-122.0600,1778
48.3100,-114.8400,1600
60.6100,-149.0600,51
39.9150,-75.7032,15
47.5857,-122.6092,0
40.7700,-110.0100,1372
44.0100,-118.8400,533
60.5500,-145.7500,203
44.8353,-122.6836,0
44.1500,-110.2200,4496
39.7400,-113.9800,1397
43.6100,-122.1200,838
35.3061,-99.6275,259
51.1240,-104.9917,295
40.4930,-74.5175,0
41.6425,-86.0415,94
39.6747,-74.3483,30
41.4760,-71.5310,0
35.5813,-88.8306,0
35.0700,-111.8400,686
37.7892,-120.7518,0
37.5700,-112.8400,1702
42.4000,-88.7424,97
38.7000,-106.3700,1168
43.8000,-114.8500,4801
45.4788,-122.7692,0
33.9837,-83.1378,0
41.5538,-70.6115,8
44.4100,-113.4000,1905
41.5800,-115.9300,152
40.6308,-91.8051,0
41.6498,-83.6203,18
43.5700,-111.2100,2921
39.5462,-104.9655,53
40.1838,-74.2448,0
45.6000,-111.9600,2311
49.0966,-123.0739,0
42.5110,-76.9155,104
41.0497,-72.4302,3
43.9917,-79.6778,124
45.4200,-110.0900,2515
48.8900,-116.7600,4191
48.3700,-116.6400,4115
38.6800,-111.6000,1880
45.4681,-122.6813,0
45.0000,-117.1700,4013
44.0390,-122.8500,0
38.3064,-79.7197,0
40.9200,-110.1900,838
46.4700,-113.3900,889
40.0781,-88.2537,0
39.2900,-106.5500,2261
33.7600,-109.4800,76
32.8963,-104.4133,38
45.6745,-118.8079,0
44.9470,-69.7779,460
37.6800,-112.8600,1956
38.3299,-97.7787,0
37.7500,-107.6900,1803
44.5700,-107.3000,1524
41.2949,-75.8682,254
46.2700,-113.1600,4064
35.1861,-106.5071,48
40.1400,-105.5900,2794
48.8700,-121.7900,1778
39.3578,-76.5532,33
40.5500,-110.3500,660
42.4400,-122.2300,1245
45.8800,-113.3300,1930
36.7207,-86.0349,0
45.8802,-123.2946,0
44.9400,-109.5700,3861
48.3100,-116.0700,4699
39.6490,-104.7758,36
34.9400,-111.5200,483
37.2100,-105.1200,1092
38.5100,-119.6300,584
43.7500,-110.0600,3962
46.5800,-111.2700,1829
39.9575,-78.5638,13
39.9317,-105.0809,46
42.3600,-111.5600,2464
40.4900,-112.6100,1753
40.3500,-106.3800,2438
45.9900,-120.8100,1295
37.8400,-111.8800,1194
46.0900,-110.4300,2311
42.2100,-121.1300,0
38.4900,-106.3400,2184
39.6397,-105.4068,38
45.1700,-113.5000,2134
39.6000,-106.5100,1930
41.9200,-113.4100,2743
42.3611,-82.2443,0
41.1100,-107.1700,1270
44.6600,-118.4300,1676
40.2124,-105.0426,0
43.0100,-109.7600,1930
60.7300,-150.4800,203
39.9422,-83.8053,0
34.9700,-111.5100,813
39.0889,-76.6492,0
48.7600,-121.7000,2337
48.5700,-120.7800,3150
44.4400,-113.3200,2083
65.2500,-146.1500,737
47.3300,-121.4700,1219
43.7600,-116.1000,2972
38.8200,-106.5900,1194
46.5600,-115.2900,7366
39.9844,-104.8134,13
40.4586,-79.4503,127
44.7029,-106.3261,112
39.1002,-78.1802,15
39.7729,-86.2799,0
43.6300,-115.4400,5283
35.5704,-105.1889,109
47.7800,-121.7000,1016
39.1746,-75.5132,813
37.5791,-106.1581,38
45.3200,-121.7200,3607
39.6537,-75.5182,33
47.2000,-121.7800,711
36.4100,-105.3300,914
48.3000,-113.3300,1041
37.7200,-107.2600,838
40.7606,-86.7599,15
38.4800,-109.2700,1905
39.4900,-106.1700,2388
44.7900,-107.5300,1499
43.0608,-83.3075,1016
44.4800,-110.1600,2870
44.7200,-107.4000,1651
45.2700,-117.6900,3226
45.8619,-96.5650,25
39.8900,-110.7500,1194
45.2753,-62.7127,0
46.5367,-120.7134,5
42.2469,-83.0804,86
38.7820,-76.2115,30
39.3723,-112.3339,0
47.4300,-113.7800,2337
33.9000,-109.1600,0
35.7700,-105.7800,1727
46.1500,-122.1500,813
35.5344,-77.3821,0
47.0800,-112.7300,6833
36.5100,-106.3200,1346
47.9200,-112.7900,1626
41.0500,-107.2700,1194
41.8300,-115.4500,2819
45.3201,-85.2437,0
42.1800,-114.2900,3607
39.3800,-106.2000,2870
40.8700,-111.7200,2388
36.1700,-106.1700,94
40.8500,-106.9700,2032
39.0205,-105.4940,84
47.2800,-120.4900,1905
35.5909,-82.5549,0
37.4400,-108.0200,2565
39.6700,-105.9000,2667
44.4700,-112.9800,1168
43.7925,-75.4825,584
44.5847,-85.3653,0
38.6639,-77.9756,0
42.5300,-110.6600,4470
42.3200,-120.8300,0
46.8100,-116.8500,1854
40.2001,-82.7732,0
41.4900,-82.0874,432
41.1600,-106.9300,2388
41.6600,-115.3200,1626
32.9319,-105.7602,33
41.2986,-104.8278,0
42.1103,-72.1269,0
46.3500,-111.8500,1524
29.7643,-98.6535,0
37.4700,-106.5400,1092
35.6345,-117.9782,0
40.6000,-110.4300,1575
40.7494,-96.5928,0
44.4700,-114.4900,2667
37.8000,-107.9200,1930
39.0900,-106.5400,2108
45.3600,-118.4700,762
35.1114,-106.5416,51
40.2469,-75.9981,30
42.8167,-106.4108,10
45.6200,-121.7000,254
42.9500,-111.3600,2007
46.4800,-110.7100,3607
47.6800,-113.9600,7112
47.9200,-112.8200,3175
42.7900,-121.9800,508
38.7835,-104.8293,89
40.3000,-111.2600,2032
40.6436,-91.7421,0
47.5300,-115.7800,2134
43.5695,-116.3248,0
67.9300,-162.2800,229
39.7647,-84.6338,0
44.3500,-107.0100,1016
37.5000,-108.1100,1854
40.4100,-105.8200,3175
40.2778,-74.7926,13
43.9500,-115.2700,2184
38.6100,-119.9200,1549
35.2416,-106.5977,38
40.6200,-111.5300,2438
45.4000,-123.1830,0
40.8000,-110.8800,1372
47.8700,-123.0800,0
42.2200,-122.3700,0
42.4400,-105.8600,940
63.9400,-145.4000,737
37.7000,-112.6500,584
40.8656,-74.3851,0
40.7400,-109.6700,635
38.6420,-75.6270,30
39.4195,-77.2905,56
39.1600,-119.9000,991
45.2700,-117.1700,2489
47.9800,-114.3500,2083
43.7600,-115.2400,4724
65.0800,-145.8700,635
41.7600,-115.6900,1194
37.2100,-105.2000,1727
41.1169,-81.0094,254
43.9500,-110.4500,3023
43.8900,-107.0600,1118
44.3800,-109.7900,3556
38.9989,-79.1361,0
40.2286,-74.6472,8
44.4400,-111.9900,1270
35.1554,-107.8562,97
37.5459,-106.1217,56
43.1923,-123.4387,0
47.8800,-117.0900,2286
41.4644,-81.0652,244
37.3300,-105.0700,483
48.3600,-119.0800,1194
39.2269,-96.9622,0
32.3416,-106.7827,79
46.6400,-121.8300,1194
47.2800,-121.6700,25
40.0839,-105.3689,53
38.2900,-105.8500,1651
36.0833,-102.6567,196
43.7300,-113.8300,2108
40.7623,-74.9719,5
40.2104,-74.6204,8
45.1900,-119.2500,1829
47.9400,-123.4300,1880
40.7600,-111.6300,2362
39.2600,-106.6300,1956
48.4089,-106.5144,0
44.9500,-111.3600,2438
44.9354,-68.6584,0
38.4200,-108.3800,1499
39.1900,-120.2600,2997
42.5192,-76.3311,0
40.2000,-105.6000,1854
44.0300,-109.1800,787
32.9200,-108.1500,635
44.5400,-115.5600,5207
42.4100,-111.1700,1422
39.9420,-83.8051,0
39.1400,-111.5600,1803
40.5800,-110.5900,1803
39.1400,-120.2200,1295
41.5279,-71.3831,23
36.1520,-115.3396,0
45.0700,-116.4500,2743
42.4650,-92.3410,0
38.3339,-104.7898,23
39.8000,-105.7800,2718
40.5764,-105.0858,0
37.6100,-105.3700,1016
36.2115,-106.2964,94
40.9100,-109.9600,1041
40.8800,-106.0500,1499
38.4523,-105.1967,99
38.5000,-111.7700,1397
34.1649,-95.5431,0
44.8745,-123.0444,0
43.1100,-109.9500,2134
39.6896,-104.7757,33
32.2879,-106.7942,48
42.4647,-79.0031,787
44.3000,-122.0400,0
40.1600,-111.2100,2210
38.0803,-78.8750,0
38.8400,-119.8900,1067
39.0172,-92.7558,0
40.5998,-105.1151,0
41.3569,-88.7883,8
39.7194,-76.8028,25
42.7614,-75.5554,155
37.9900,-107.2000,1981
41.4900,-119.0000,1168
33.6024,-100.8689,25
46.5700,-115.7400,2667
37.4000,-113.4600,1168
39.9734,-76.9178,36
43.2800,-109.4500,1270
59.7400,-151.2500,330
40.5800,-105.6300,1270
40.7200,-110.4700,1854
39.8800,-107.6000,2159
44.4560,-92.2907,89
39.4500,-120.2900,0
45.1100,-119.5000,381
44.2100,-103.7900,1245
45.6578,-111.0272,373
38.4777,-105.2363,79
35.3133,-106.5924,36
43.6300,-113.9700,1880
40.2077,-75.3522,15
39.3000,-106.6100,1194
46.5673,-87.6869,0
61.3900,-150.0300,406
44.6500,-109.7800,4699
43.1425,-80.0696,0
48.9100,-114.7700,2591
41.2084,-124.1027,0
42.5700,-106.0900,1321
39.0000,-120.1300,711
48.5700,-115.4500,2032
38.9200,-119.9200,991
39.6879,-104.7063,38
40.0400,-105.5400,1422
39.3100,-109.5300,737
39.6124,-105.0331,43
40.6000,-111.5800,2591
38.8800,-105.0700,635
39.3600,-106.0600,2540
32.6275,-107.0467,33
32.4309,-104.2540,13
45.6900,-113.9700,4826
40.5938,-91.1467,0
42.8700,-109.0900,1524
40.8800,-110.5400,1092
44.2100,-118.6400,1778
40.5949,-98.4270,0
37.3800,-106.5500,1067
36.2500,-115.6300,0
42.8972,-85.7791,455
37.5300,-113.0500,1524
36.3336,-102.0668,152
32.1275,-107.4875,20
39.4900,-120.2800,0
35.2549,-107.9796,61
40.0300,-105.5800,1905
38.8274,-75.4303,46
45.4340,-122.5036,0
43.6037,-70.9867,114
39.5600,-115.8400,711
43.8200,-114.2600,2540
29.7210,-98.1655,0
35.2444,-106.7231,58
44.8000,-109.6600,2616
39.6811,-77.2914,0
40.9100,-110.5000,1524
63.2000,-145.6300,1194
43.7400,-113.9400,1753
34.0867,-106.8925,0
45.2200,-110.2400,3251
38.6900,-119.9900,1880
39.5616,-104.9503,41
40.8398,-74.5432,0
61.3500,-142.7100,813
41.5500,-116.0100,2362
42.3000,-110.6800,3277
38.2357,-104.6621,53
38.5966,-76.8710,0
40.0634,-76.4072,43
47.0700,-121.5900,152
39.5722,-105.1221,91
39.3200,-119.8900,2134
36.0456,-106.1517,41
39.3200,-114.6200,1422
38.6700,-119.6100,584
32.2918,-85.1893,0
38.6418,-77.7672,0
43.7000,-109.6700,2438
42.6400,-120.9500,889
46.2400,-113.7700,3759
43.3400,-110.4300,3327
44.1400,-121.6400,1219
44.4200,-84.0233,0
40.3700,-106.7400,3048
41.3600,-111.4900,2261
39.2900,-117.1100,1397
67.2500,-150.1800,660
46.1000,-121.9600,0
47.5600,-115.8200,2642
40.4600,-112.2500,1041
40.9300,-111.8100,2794
48.9100,-114.8600,4775
46.6200,-121.3900,4267
40.9800,-110.8500,813
39.4200,-111.2500,1676
42.6000,-116.5600,381
43.4800,-114.8300,1549
46.7900,-109.5100,1727
47.7657,-122.3001,0
40.8600,-110.8000,1321
45.4600,-121.7000,1473
38.2800,-119.6100,4216
39.6100,-111.3000,2769
38.1617,-85.8566,0
39.1400,-111.5100,3505
38.8000,-111.6800,1600
41.7136,-89.3247,185
39.8826,-105.1056,13
38.0288,-84.8988,0
32.1154,-81.2509,0
38.7462,-77.1386,0
35.1375,-77.9892,0
45.3147,-64.4289,0
60.7800,-149.1800,2667
37.4800,-107.6300,1829
42.0500,-122.8500,1016
34.5434,-112.3764,0
39.9400,-105.5900,1753
39.5700,-105.8000,1676
42.7600,-110.5900,4420
39.6490,-80.7382,0
45.0500,-109.9100,4521
42.5600,-111.3000,3023
40.3491,-105.5036,56
41.3100,-111.4500,2667
36.0512,-83.9862,0
46.7600,-115.3000,5893
42.5031,-83.3766,142
40.8400,-110.0100,1194
42.3800,-122.3500,0
43.6600,-109.0100,711
40.1900,-111.3600,1651
48.0600,-116.2300,3912
44.8000,-107.8400,2642
39.0200,-107.0500,3454
47.6013,-122.6043,0
40.5300,-105.8900,2464
42.3489,-77.7044,0
32.6242,-107.0418,33
39.0800,-107.1400,1702
45.2700,-118.8500,940
41.7900,-111.5500,2337
36.8600,-106.2300,1067
44.6300,-115.7900,4242
46.3200,-121.9400,1499
46.3600,-121.0800,864
40.3920,-76.8753,56
37.6702,-91.8739,0
41.0483,-93.9496,0
38.6982,-76.0161,43
42.5800,-109.0900,1194
33.1637,-96.6851,0
39.3300,-120.3700,1397
36.2347,-86.3817,0
45.1500,-118.2200,991
40.9247,-79.2825,254
39.1300,-111.3500,1524
38.3100,-119.6000,991
42.5100,-110.9100,1956
46.8400,-112.5100,2819
40.2300,-106.6000,2286
47.4344,-120.3269,132
34.8185,-106.0972,18
37.8800,-107.3600,1727
45.4500,-122.0300,0
41.5800,-120.3000,1245
35.8838,-106.2939,119
39.1300,-107.2900,2007
40.3900,-106.6000,2921
37.8100,-109.4900,1194
44.7600,-118.3100,1473
46.1800,-121.9300,584
41.8900,-111.5700,1778
43.3242,-76.4178,559
33.3600,-107.8300,76
38.0800,-110.7700,889
39.0100,-111.5800,2565
39.6671,-104.9898,43
47.6800,-114.0000,2184
39.4500,-111.2700,2057
44.0500,-115.4400,4013
37.7900,-108.0200,1118
39.6600,-110.3800,787
32.3206,-106.8624,86
39.5186,-104.9492,76
39.9965,-76.7533,41
46.9300,-121.9500,0
38.0500,-111.3400,1245
40.3184,-75.3243,15
43.9000,-122.0300,584
45.1019,-64.4144,0
38.5100,-112.0200,813
48.7200,-120.6600,7544
42.8200,-110.8400,4166
31.1200,-81.9300,0
42.4100,-121.6800,1854
45.2500,-123.2800,0
40.4079,-74.6199,8
41.0700,-106.9400,3175
36.5921,-94.4507,0
35.0908,-106.2212,86
32.7904,-105.8204,15
40.6800,-110.9500,2743
39.0600,-108.0600,1549
39.4755,-75.2383,33
38.5500,-119.8000,1930
36.5800,-105.4600,1930
38.8319,-107.9670,0
46.2400,-117.3900,102
42.3326,-76.7581,23
45.8900,-110.9400,4089
48.4400,-120.9200,4369
42.3200,-113.6200,5029
39.4202,-84.1493,0
40.2510,-74.2819,8
40.0663,-74.3570,25
39.7738,-105.3864,71
41.8262,-105.2054,0
44.3579,-100.3721,3
60.9800,-153.9200,584
36.2634,-99.8840,18
41.2939,-111.9580,0
47.7100,-123.4600,2210
46.1100,-110.4700,889
40.6600,-75.0080,23
41.2300,-116.0300,0
39.7249,-76.9998,53
43.1300,-110.2000,2438
43.5100,-121.9800,254
44.0200,-113.4700,1702
44.2100,-121.8700,1854
38.9353,-104.8470,94
43.2300,-121.8100,229
45.4060,-122.8780,0
46.4800,-115.6300,5842
41.8900,-120.7500,0
40.7100,-106.0100,1626
37.7900,-108.1800,2515
40.8600,-115.1200,1575
33.7476,-84.7452,0
41.4469,-74.0214,3
39.8700,-111.2800,2057
39.0300,-106.0800,737
38.9764,-77.4869,0
37.6600,-107.8000,940
39.5865,-86.6333,0
45.2943,-91.6247,229
44.3900,-122.1700,0
46.1300,-113.3100,1981
46.2507,-119.3197,0
44.2100,-110.6700,4394
39.5936,-75.0692,28
37.0200,-106.4500,2489
46.1000,-113.1300,2108
41.9692,-88.1873,13
42.5300,-122.1800,584
40.7900,-106.6000,3835
32.9881,-97.3932,0
46.5600,-111.2900,2819
43.2471,-75.2775,122
39.6186,-87.6672,0
49.7791,-124.3371,0
38.2100,-111.4800,1346
38.4547,-78.9353,0
45.0800,-117.5500,2591
45.6700,-113.9500,3480
47.2800,-121.4700,1270
47.2900,-120.3700,1651
40.4000,-105.8500,1194
40.6398,-74.8297,5
43.5100,-115.5700,762
47.4600,-115.7100,2896
40.8100,-105.7700,2134
35.7000,-105.8100,254
44.5164,-122.9171,0
38.3325,-104.7491,28
35.2420,-106.6471,838
42.0500,-111.6000,3658
44.6100,-111.1500,2007
41.6931,-73.0600,0
40.8900,-110.8300,965
44.7900,-116.0900,787
47.0700,-115.9600,6172
45.6063,-122.5104,0
38.7669,-86.6847,0
36.3350,-96.0975,0
44.2600,-106.9800,1168
41.9700,-118.1900,660
41.7392,-77.9711,0
47.1500,-116.2700,2565
44.4900,-104.4100,813
39.7200,-106.1600,1600
46.3600,-112.2600,2464
46.4100,-113.4300,2235
48.9500,-118.9900,1194
46.6300,-114.5800,4216
41.9000,-111.6300,5080
42.0160,-79.1249,234
47.4845,-122.1272,0
47.1600,-121.4200,1981
34.7056,-76.9898,0
40.8400,-111.7100,3404
42.4516,-76.0437,224
41.4342,-87.1450,3
45.9190,-66.6269,0
39.5247,-104.5229,36
33.7667,-101.8752,81
38.7840,-76.5362,203
29.4854,-98.6561,0
47.5400,-121.0900,3073
45.2400,-109.4600,1067
39.0326,-75.5169,25
43.2500,-110.0200,2261
37.9700,-111.8300,1600
39.4600,-119.9400,1321
29.7409,-97.6802,0
43.2900,-116.8500,229
39.2500,-119.8800,0
37.5000,-113.9400,610
48.8000,-113.6700,1448
48.0757,-117.1926,584
45.5500,-122.0000,25
44.9067,-66.9866,0
41.5253,-71.1935,8
38.4000,-119.5400,1143
34.3700,-111.0100,813
42.6900,-121.4300,0
39.7444,-99.2155,0
36.2496,-106.4956,66
43.1700,-110.1400,2921
40.5700,-112.1700,1930
39.7423,-104.8194,38
39.9757,-78.4087,20
39.9300,-111.6300,2032
42.5933,-71.0186,0
43.6000,-114.6700,3988
39.1147,-76.6989,33
34.8600,-111.6100,0
45.0400,-116.1300,4394
36.9544,-86.3366,0
39.4441,-104.8723,48
60.1900,-149.6200,533
48.1700,-109.6500,1194
44.4200,-111.3900,2210
35.1385,-106.6769,0
48.1300,-113.0200,5156
39.9400,-112.4100,838
43.6304,-96.9442,66
38.6049,-89.9685,0
38.5458,-78.0981,0
44.8500,-113.8400,1448
40.8200,-106.7500,2692
39.6600,-105.5900,711
44.9072,-84.7189,508
38.0700,-119.2300,457
46.9800,-115.0300,5080
39.6615,-104.9207,38
33.9200,-109.4600,787
44.4300,-120.3300,559
38.7700,-111.6800,3175
38.3833,-81.8344,0
39.6800,-110.4300,864
41.4100,-111.5400,1549
47.3800,-121.0600,2819
41.9117,-76.8605,71
34.4972,-87.2300,0
44.6100,-122.2300,457
36.7000,-105.3400,813
42.8095,-106.3315,0
41.5417,-87.2715,61
45.7192,-108.5218,371
40.2835,-78.8901,43
41.8700,-115.2500,2845
40.2100,-105.5700,1118
38.4669,-78.3167,0
37.9525,-104.7297,48
45.4662,-122.8088,0
32.4066,-96.3347,0
44.9783,-93.2469,76
41.6800,-111.4200,2007
35.7368,-106.0718,74
44.6826,-63.8602,0
39.0589,-92.4370,0
41.1431,-96.4808,0
43.8800,-114.6700,2642
37.4900,-112.5800,203
48.6600,-119.8400,1524
32.3643,-106.8241,5842
37.5200,-112.2700,711
41.8200,-116.1000,2311
46.8100,-121.3300,1575
47.0200,-121.4600,3073
40.7900,-111.1200,1575
45.7000,-115.2300,4597
36.5869,-93.2692,0
39.0981,-79.4322,178
47.4500,-112.8100,1651
37.5800,-112.9000,889
38.6521,-76.6395,18
38.9163,-104.8604,97
43.8600,-114.2100,1194
40.3100,-105.6400,2286
34.9842,-83.3917,0
38.1044,-103.5460,89
38.8011,-76.5147,28
48.1600,-113.9500,7137
33.9800,-109.5000,584
40.1152,-86.4551,0
35.2700,-111.7400,0
39.3343,-94.7642,0
42.4961,-89.6843,3
46.5500,-121.1700,2184
40.1697,-105.0779,0
32.3772,-86.2575,0
45.1900,-109.3500,1600
37.9542,-87.3741,0
32.5017,-106.9515,175
35.2522,-106.6347,53
38.9315,-104.7577,51
46.1800,-117.5400,1346
44.4600,-110.1400,2311
36.1066,-88.0443,0
46.9100,-110.8500,2413
40.1100,-107.2900,3302
44.4200,-121.8600,356
38.3455,-120.7719,0
35.9200,-106.3900,660
61.3800,-149.0000,0
41.2986,-80.7647,203
37.4900,-113.8500,0
45.1000,-121.7500,305
45.4300,-121.8600,889
39.0900,-107.6300,1448
45.2500,-121.7400,1118
37.7000,-107.7800,2438
45.7000,-118.1100,2743
38.1600,-106.6000,787
48.7200,-116.4600,914
62.0700,-142.0500,381
39.8183,-74.9956,23
43.6300,-107.1800,1499
37.9018,-88.9341,0
48.9700,-115.9500,2921
47.3000,-121.6000,1397
45.5000,-110.9700,1524
38.5000,-112.0100,1168
45.0400,-121.9300,178
59.8600,-151.3200,1270
44.2500,-118.5200,2007
37.6200,-107.0300,2007
39.9223,-104.9554,102
33.8000,-109.1500,254
38.6169,-77.9696,18
39.5385,-76.3788,5
38.9004,-104.7836,64
37.2915,-91.8515,0
37.3480,-108.5596,0
32.3191,-90.0806,0
38.7387,-84.8496,0
44.0412,-80.6893,0
41.4000,-107.2600,1295
44.5100,-111.1300,4953
40.5358,-94.8879,0
44.6481,-86.2100,0
39.6500,-105.8700,2718
43.3439,-91.6443,10
45.8000,-112.5200,1346
34.8240,-92.2531,0
37.9700,-106.5600,940
45.1900,-121.6900,279
39.3428,-76.8939,33
44.7200,-110.5100,2159
47.0000,-113.9300,5893
43.0300,-109.1700,584
42.1300,-120.8400,0
40.0014,-77.1089,53
37.9663,-103.5443,30
40.1302,-74.2145,15
48.4300,-113.9400,2718
41.9900,-120.7200,0
41.3235,-89.5047,8
34.6137,-103.0910,76
43.6700,-122.5700,0
44.2143,-70.5405,58
40.3600,-111.0900,1397
62.1300,-150.0400,610
46.2600,-122.1800,0
33.5172,-101.9681,48
40.8600,-115.2200,152
46.6093,-120.5751,5
45.2100,-117.1900,2591
37.4833,-103.0724,48
45.9220,-116.1260,0
29.7305,-98.0938,0
39.9684,-74.8648,20
48.9300,-121.2000,8103
42.7600,-112.4800,1880
39.4500,-115.9800,965
62.6300,-150.7800,1702
37.5770,-106.1004,38
36.1900,-105.5600,1422
44.5900,-111.1200,3048
46.1400,-114.5100,7188
48.0600,-112.7600,1067
39.0410,-104.8241,66
37.4900,-107.5100,1676
40.0945,-88.1282,0
38.2872,-81.7874,0
37.9221,-78.2519,0
41.9766,-88.0598,147
46.3500,-121.5100,2642
39.6724,-104.7609,36
41.2200,-111.3600,508
34.9968,-101.9307,226
45.1226,-93.4579,130
45.1700,-113.5800,5512
37.6600,-112.7400,914
61.7500,-150.8900,813
38.7200,-119.8900,1473
41.7511,-76.4431,25
40.0000,-107.2400,1549
45.4000,-110.9600,2896
38.9900,-106.7500,1727
40.3500,-106.0900,1295
40.6872,-74.8575,3
37.8700,-109.4500,1549
35.1296,-106.3204,178
38.4800,-109.2900,1321
35.2206,-107.8897,53
46.1900,-122.2500,914
46.4900,-115.8000,991
44.9900,-113.4400,1829
29.5120,-95.0994,0
40.6100,-111.1000,1778
37.8900,-108.2000,1753
34.0151,-81.1920,0
42.1500,-110.6800,1753
46.1400,-114.4500,2921
60.2600,-149.3400,51
40.9900,-111.8200,3581
36.1800,-108.9500,610
48.1900,-118.4600,940
43.0961,-79.0281,51
27.9855,-81.7902,0
36.3300,-109.0600,711
33.0767,-106.0017,8
46.2084,-119.1658,0
40.4300,-105.7300,2362
46.1600,-122.1800,2261
42.5970,-82.1781,157
40.7819,-79.2375,0
42.2845,-83.0346,76
40.8300,-111.7600,2819
39.2421,-75.9060,36
40.9500,-110.4800,1016
39.3428,-82.0964,0
48.8000,-113.8600,5944
40.7200,-109.5400,508
39.6090,-104.9822,33
37.7500,-112.7800,1422
41.4100,-111.8300,1524
48.0700,-120.8500,3886
39.3500,-112.3300,1448
41.3300,-106.5000,1270
44.2900,-115.6600,1651
42.5900,-108.9000,1575
46.9300,-110.9000,1981
36.0300,-106.8100,1473
40.4300,-111.6200,2718
38.7873,-82.9779,0
43.2386,-76.1964,0
47.7600,-123.0300,584
46.0900,-121.7600,2870
42.7000,-122.1400,508
32.9424,-105.8262,0
42.4334,-122.9869,0
36.0700,-105.6300,2083
46.9500,-116.3400,1067
38.9669,-95.2967,0
35.7570,-105.9286,152
48.1300,-115.6200,3708
45.3608,-63.2682,0
40.1802,-105.1541,0
39.8502,-105.1009,10
39.3000,-111.4500,2946
45.9000,-122.2200,0
37.2631,-100.5950,0
45.5300,-123.3000,0
38.8500,-120.0800,1753
41.4600,-106.2800,3251
38.6700,-119.8200,0
43.5073,-65.6096,0
44.7900,-112.0600,1067
39.7674,-78.4844,28
38.7003,-88.0817,0
41.9221,-111.8193,0
48.9800,-115.8200,1270
44.8300,-118.1900,1905
34.7803,-96.6629,41
48.5900,-119.8700,1524
39.4600,-114.6500,127
39.9908,-105.2557,33
46.9100,-121.4800,4293
40.7447,-111.8677,0
39.0500,-111.4700,2108
47.8600,-117.0400,2286
65.1200,-146.7300,635
42.5700,-108.8400,1626
45.0792,-64.2711,0
48.8200,-121.9300,3480
44.3320,-70.2685,0
39.3000,-106.1100,1499
34.2024,-78.0948,0
61.6185,-149.1258,10
36.4931,-105.5997,53
39.6800,-111.3200,2388
39.3154,-77.8304,0
40.6500,-115.3800,1524
29.6849,-95.2197,0
46.7800,-110.6200,3861
47.0400,-121.9400,686
39.8847,-74.1741,30
39.8900,-111.2500,1549
46.8800,-113.3200,1524
41.2400,-106.2300,2337
38.6800,-119.9600,1829
46.8700,-113.2800,2210
39.4722,-105.3913,0
41.3053,-73.1635,0
42.7200,-123.2000,0
40.3800,-115.5300,2032
39.2400,-111.5200,2057
39.1758,-75.6325,61
41.7653,-71.4448,0
36.2184,-81.6720,0
43.1158,-85.5642,305
37.8900,-107.7100,2794
44.7700,-116.2500,2007
35.7373,-83.9132,0
40.7131,-79.5144,127
36.2528,-81.9136,0
47.3700,-121.4400,2870
44.9769,-106.8475,160
39.0100,-114.3100,914
36.3188,-85.5019,0
43.8885,-70.2944,0
39.6200,-106.3800,2438
41.3600,-106.2300,2845
41.3190,-82.3773,53
45.2700,-111.4300,2108
42.5200,-111.9600,2159
38.9300,-120.0500,0
43.8600,-109.3200,1854
40.3503,-86.4867,0
45.8700,-110.9300,2946
42.9328,-76.5447,0
39.5753,-104.9746,38
38.9433,-119.1916,0
44.7591,-123.2325,0
42.6500,-110.8100,3785
41.2098,-81.3548,282
40.5510,-105.0664,0
47.0600,-112.6000,1346
44.3700,-110.5800,2007
44.5400,-107.1800,1245
40.6418,-74.8827,5
40.5400,-106.6800,4775
38.4400,-119.3700,559
46.8400,-116.1200,4369
64.8500,-147.8000,330
40.8900,-115.2000,1778
35.8458,-105.3226,152
40.2800,-111.6100,2616
42.7000,-108.9000,864
44.5014,-68.2208,0
48.0125,-123.1709,0
43.9300,-115.6700,4597
40.3600,-116.8600,813
46.4700,-114.6300,3962
45.6911,-118.8522,0
39.4400,-105.9100,1448
41.1500,-106.9700,3302
38.4431,-105.0400,46
36.1648,-81.6055,0
64.8500,-146.2100,1143
34.5360,-92.7651,0
42.5719,-72.5975,0
39.5280,-104.9532,86
39.8171,-105.1774,71
61.1561,-149.9847,178
43.1900,-122.1400,0
39.9714,-104.8683,0
42.1600,-114.1900,2743
37.3500,-105.2300,1041
35.2006,-103.6867,102
41.0413,-93.9805,0
46.7900,-110.6800,2235
38.4800,-112.3900,1702
38.0450,-85.7155,0
40.5100,-105.7700,2159
45.5000,-110.0800,737
35.1400,-112.1500,152
42.7000,-120.8000,1524
40.5462,-74.5287,0
37.6000,-112.9200,787
37.4900,-106.8400,2362
43.4700,-107.2400,1016
44.9600,-111.2900,3480
44.4500,-119.9300,1727
40.9400,-115.1000,2464
35.6952,-106.7553,64
39.0267,-104.7478,69
41.5880,-73.8922,15
35.1189,-106.5969,0
51.5694,-107.2341,152
47.7500,-121.0900,3073
39.6513,-75.8856,20
41.2812,-84.3454,0
40.9234,-73.3305,0
47.2300,-120.2900,1372
43.5000,-109.7500,1626
38.9717,-74.8398,48
43.1631,-93.1953,0
39.3000,-120.1800,686
39.6720,-104.8750,51
44.3000,-115.2300,3327
35.2836,-106.6194,71
58.1900,-133.8300,3251
40.0600,-107.0100,1524
42.4100,-122.2700,737
43.9500,-119.5400,1626
39.3200,-106.6100,1321
34.4600,-111.4100,254
36.4700,-105.1900,1118
40.2421,-74.0298,10
38.6331,-109.4104,0
40.2300,-105.9200,1194
46.1800,-113.8500,2032
43.3800,-109.8800,2159
33.6900,-109.2200,254
38.2900,-106.3700,2007
43.3314,-76.2694,660
42.0478,-71.0050,0
45.5600,-118.4500,483
34.8695,-106.7015,0
33.4000,-105.7900,1143
44.5103,-109.0994,0
43.6695,-116.2653,0
39.9600,-110.9900,1499
36.9600,-106.6600,940
40.4400,-112.2400,2057
35.3400,-111.6500,1549
46.2700,-121.9600,1499
41.0600,-106.7100,3048
43.2300,-122.4300,0
38.9902,-77.0081,25
48.5300,-120.9900,3505
40.6092,-96.8719,0
31.8142,-93.0856,0
43.6600,-122.2100,0
41.0105,-95.8890,0
37.9700,-105.5400,1803
44.6600,-111.0900,1499
41.0000,-106.9100,3581
42.2600,-112.1300,1549
41.8183,-86.3423,284
39.8315,-74.8083,20
42.0100,-115.0000,2337
45.5400,-123.3700,0
33.7400,-108.9500,381
48.8600,-118.4000,914
35.3620,-85.3797,0
45.6686,-122.6862,0
41.1523,-104.8052,0
36.7900,-105.2400,838
41.3800,-111.9400,3581
39.5000,-111.7300,1422
39.3200,-111.4900,2235
40.5460,-105.0731,0
40.9700,-111.8100,2515
39.7256,-75.6488,15
35.1011,-106.2559,142
35.2600,-112.0600,152
40.0488,-76.6948,41
33.0100,-107.8700,610
29.5110,-95.0898,0
41.6846,-73.7205,10
35.2300,-108.2700,864
43.9930,-66.1468,0
44.9500,-116.1400,2261
41.9900,-120.1800,3023
41.3000,-107.1500,1245
37.6500,-108.0100,1270
30.4144,-97.7664,0
46.4400,-112.1900,1524
46.6700,-110.3300,1727
40.0414,-105.0729,10
40.6328,-91.7848,0
35.1918,-107.8930,51
40.0905,-104.7986,5
40.8800,-117.5900,0
45.0200,-111.8500,1753
61.1900,-145.6500,2210
45.9800,-117.9500,3658
38.8592,-96.1058,0
44.3000,-109.2400,813
37.0169,-94.4925,0
47.3600,-121.5700,102
41.9700,-111.6000,3200
40.5600,-111.6600,4420
42.9600,-110.6100,4394
34.7500,-111.4100,737
39.1516,-77.2368,0
39.2836,-86.7703,0
44.4000,-107.0600,1956
41.3300,-106.3800,3505
37.5100,-113.4000,787
43.0219,-78.8467,152
41.2300,-105.3800,787
39.9873,-105.1703,15
39.4300,-120.3100,3023
37.4300,-108.1700,1473
46.6400,-121.3800,1753
43.7100,-114.1600,1829
36.0000,-106.8300,889
34.2650,-88.7658,0
35.3344,-106.4014,58
39.7332,-75.1331,28
37.9300,-107.6800,2235
35.0761,-106.3846,114
44.6100,-116.9800,2819
48.6900,-121.9100,914
40.1478,-80.7014,0
37.7398,-89.8603,0
41.4764,-75.1653,0
48.2000,-120.9200,8052
34.1109,-109.9003,3
39.7600,-107.3600,2667
40.6064,-74.8710,5
45.5519,-116.3028,0
38.3000,-112.4400,1143
40.1729,-105.0152,5
37.4900,-112.5100,0
41.6700,-117.5700,2032
39.1300,-114.9600,965
42.7100,-109.4100,1499
38.8800,-112.2500,3327
39.9712,-74.9345,20
39.1405,-77.0667,30
40.6413,-91.7434,0
39.7667,-105.1142,79
41.2500,-111.4100,1600
40.5300,-106.7800,2616
39.7866,-77.7253,25
38.9539,-92.3381,0
42.8700,-122.1700,2159
38.8500,-119.9400,686
33.8100,-110.9200,584
38.1208,-76.3651,5
38.3042,-104.7440,76
37.3996,-119.7381,0
38.9386,-77.1133,0
40.9600,-110.5800,864
39.3542,-101.6996,0
24.5695,-81.7559,0
42.1100,-79.1592,254
38.3139,-81.7186,0
39.8600,-106.4200,2337
44.7246,-63.8192,0
37.1817,-106.0004,5
44.5900,-121.9700,0
47.3500,-120.6800,1499
45.9900,-120.6800,483
35.6283,-108.7928,36
41.3800,-111.9200,1753
47.9900,-120.5700,2413
42.7600,-116.9000,1626
61.0700,-149.4800,1854
36.3100,-115.6800,533
40.8900,-105.6600,1270
45.6528,-84.4725,14478
33.3700,-108.7100,889
41.7500,-117.5300,483
33.6239,-117.6275,0
37.7100,-107.5100,2362
35.9947,-106.0535,112
39.8000,-106.0300,1676
47.1556,-53.4722,0
47.1800,-114.3300,2642
61.7900,-149.2800,1473
43.7700,-114.4200,1676
48.2064,-106.6256,0
40.4624,-90.7452,0
41.5090,-71.1590,10
39.0400,-108.5210,0
43.2100,-111.6900,2057
36.9900,-105.2600,762
41.5828,-70.5803,5
47.6800,-121.6100,965
45.3825,-63.2281,0
44.0866,-103.3701,0
38.3000,-119.5500,0
42.7300,-106.3200,1245
46.8700,-121.5300,3454
41.4700,-111.5000,3150
48.8600,-121.4400,5994
36.1300,-105.5300,508
41.4089,-87.3899,0
43.4500,-122.1400,2057
42.7500,-73.6833,0
38.9036,-76.7259,28
38.0700,-112.1700,1245
40.5674,-74.1327,0
38.7900,-111.6900,2007
40.5876,-105.1473,0
38.4691,-75.4923,0
45.0600,-109.9400,5436
44.7300,-109.9100,3937
40.9436,-74.1523,0
38.8929,-75.3924,48
44.7584,-108.7769,0
42.7500,-118.6900,1346
45.0700,-118.1500,1651
39.1600,-114.6100,1422
40.6317,-75.1045,18
43.8000,-121.9500,2261
37.4842,-105.8738,8
37.8500,-107.7300,1778
44.5300,-111.4100,3251
40.0177,-105.1288,5
34.3100,-110.7500,508
64.7900,-141.2300,762
41.7363,-71.2145,3
42.2700,-110.8100,2210
39.1223,-77.8187,0
43.3194,-88.1681,269
44.8700,-118.1100,1067
43.8977,-78.8744,0
42.6500,-109.2600,1829
35.3239,-106.5814,13
40.6700,-111.2200,1854
39.8626,-74.1410,28
60.6200,-149.5300,660
43.6100,-113.9300,1321
46.7800,-121.7500,4851
34.8648,-103.2107,292
64.9500,-145.5200,660
39.8700,-105.8700,2819
41.7400,-115.4700,1727
42.3778,-87.9674,0
40.1700,-107.0600,1930
47.7446,-122.5097,0
33.6500,-109.3100,838
42.8230,-86.0678,137
47.2700,-113.7600,7036
44.1100,-103.9800,1092
39.7197,-105.2472,97
47.4669,-121.6806,0
41.1487,-81.4307,112
38.9167,-77.1822,0
45.5100,-111.9200,2540
38.7338,-120.7110,0
39.1700,-120.1500,0
40.0800,-106.6700,1727
39.5044,-76.5187,46
39.0500,-107.8700,2286
44.7900,-111.7100,1854
45.1900,-115.9700,4597
44.8400,-114.2700,1676
39.4905,-105.5239,46
43.2700,-115.3500,1676
46.7544,-117.0005,0
38.8647,-104.7887,58
44.3800,-116.3400,991
61.1100,-149.6700,584
39.1300,-111.4400,2642
42.7100,-118.6300,4699
42.9864,-78.8706,251
42.2800,-105.5800,889
41.5200,-117.6300,152
44.5292,-109.0755,0
41.3800,-106.3500,4445
38.8900,-106.9500,1829
39.3100,-111.4300,1956
46.7281,-116.9558,0
39.7275,-79.9131,0
41.0164,-93.2792,0
42.3297,-78.4633,152
41.9200,-111.4700,2388
42.9600,-121.1800,660
40.0891,-97.1959,0
38.8480,-104.8911,84
39.1125,-104.8590,155
40.7400,-110.6200,2235
40.5500,-110.6900,838
44.9047,-107.1687,140
40.3189,-79.3894,0
44.2600,-119.0200,965
40.6100,-109.8900,610
66.9200,-151.5300,686
48.5200,-120.7400,5969
34.2917,-83.3236,0
43.5200,-110.9100,4039
38.3000,-112.3600,1549
35.7800,-105.5400,1245
35.0685,-106.5956,56
41.7800,-116.0300,1346
37.1782,-102.4708,84
44.6209,-106.8029,13
41.4854,-71.6291,5
44.8100,-107.4100,889
39.1911,-77.0069,254
44.3300,-122.0900,1245
39.4136,-78.7386,0
38.7845,-76.0739,30
28.1669,-81.8219,0
43.7800,-110.9300,6807
41.3200,-116.3400,2083
48.6900,-117.1800,2565
39.9733,-105.4279,64
38.9831,-104.6904,363
43.6107,-73.0466,117
40.0400,-105.7500,2337
38.4677,-102.2164,0
45.1703,-84.4397,0
46.1200,-117.8500,2718
42.0800,-123.3400,0
47.2700,-121.3400,2184
38.9110,-75.4605,38
40.7853,-74.8612,8
35.1463,-106.4906,30
32.2529,-80.7350,0
43.3900,-110.1300,2261
40.7230,-73.7110,0
40.2800,-115.5300,1930
44.1300,-110.8300,5080
37.5200,-107.3200,2184
44.1600,-107.1300,1753
36.4590,-81.1525,0
42.2180,-112.6360,5
40.0027,-105.1410,15
43.8700,-114.7100,3251
37.6500,-107.8100,1092
