45.8981,-86.5483,31
46.2314,-112.1136,27
39.4206,-79.0050,94
47.8344,-120.0006,0
38.6644,-94.8900,67
47.2753,-88.4169,27
40.1100,-87.9567,103
47.6497,-120.0800,40
35.5953,-82.5567,67
30.5347,-94.4456,45
41.8161,-80.4250,27
33.8225,-108.9417,45
37.1317,-86.1481,85
39.8814,-77.3506,31
39.7750,-105.1169,63
40.5764,-105.0858,54
39.7194,-76.8028,72
45.6656,-97.0392,192
44.4933,-68.4583,76
34.6242,-106.3103,85
38.5039,-95.7036,112
35.1375,-77.9892,54
34.2183,-116.4072,139
34.1206,-115.8500,116
45.4525,-99.3358,80
42.3997,-89.9903,40
61.5889,-149.0992,0
47.0083,-88.4317,67
41.7392,-77.9711,22
39.0733,-93.7075,161
47.8306,-110.6608,58
40.8250,-92.8925,85
40.9656,-105.2186,98
61.2967,-149.4400,0
39.1439,-103.4897,45
61.1025,-149.7169,85
40.8600,-102.8031,125
48.0750,-111.2597,67
48.9981,-110.2158,40
40.6558,-97.2208,121
48.4628,-108.7792,18
34.7994,-109.8850,116
35.0761,-89.7430,58
47.0111,-109.2261,27
41.2847,-105.5319,67
45.8981,-86.5483,31
46.2314,-112.1136,27
39.4206,-79.0050,94
47.8344,-120.0006,0
38.6644,-94.8900,67
47.2753,-88.4169,27
40.1100,-87.9567,103
47.6497,-120.0800,40
35.5953,-82.5567,67
30.5347,-94.4456,45
41.8161,-80.4250,27
33.8225,-108.9417,45
37.1317,-86.1481,85
39.8814,-77.3506,31
39.7750,-105.1169,63
40.5764,-105.0858,54
39.7194,-76.8028,72
45.6656,-97.0392,192
44.4933,-68.4583,76
34.6242,-106.3103,85
38.5039,-95.7036,112
35.1375,-77.9892,54
34.2183,-116.4072,139
34.1206,-115.8500,116
45.4525,-99.3358,80
42.3997,-89.9903,40
61.5889,-149.0992,0
47.0083,-88.4317,67
41.7392,-77.9711,22
39.0733,-93.7075,161
47.8306,-110.6608,58
40.8250,-92.8925,85
40.9656,-105.2186,98
61.2967,-149.4400,0
39.1439,-103.4897,45
61.1025,-149.7169,85
40.8600,-102.8031,125
48.0750,-111.2597,67
48.9981,-110.2158,40
40.6558,-97.2208,121
48.4628,-108.7792,18
34.7994,-109.8850,116
35.0761,-89.7430,58
47.0111,-109.2261,27
41.2847,-105.5319,67
