36.5100,-106.3200,7
36.9600,-106.6600,71
40.5300,-106.7800,18
44.2100,-110.6700,35
39.4300,-120.3100,36
39.3600,-106.0600,26
43.7300,-113.8300,27
43.7600,-115.2400,36
36.9900,-105.2600,34
36.7200,-106.2600,36
35.3400,-111.6500,83
36.3100,-115.6800,24
39.3100,-111.4300,104
36.8600,-106.2300,9
44.3800,-116.3400,26
36.3200,-115.7000,21
35.9200,-106.3900,12
36.1300,-105.5300,31
36.1900,-105.5600,42
36.7900,-105.2400,41
39.1900,-120.2600,84
40.8300,-111.7600,26
43.8000,-114.8500,25
48.7200,-116.4600,28
36.0000,-106.8300,3
38.4000,-119.5400,45
44.7900,-116.0900,30
39.8000,-106.0300,333
36.2500,-115.6300,36
41.4000,-107.2600,37
36.0300,-106.8100,21
36.0700,-105.6300,24
39.2900,-117.1100,30
35.7700,-105.7800,43
43.7600,-116.1000,35
46.2400,-117.3900,23
40.3000,-111.2600,82
35.7800,-105.5400,13
