44.7900,-116.0900,227
39.2900,-117.1100,212
48.7200,-116.4600,38
36.0000,-106.8300,280
43.7300,-113.8300,168
36.1900,-105.5600,53
36.8600,-106.2300,14
41.4000,-107.2600,73
36.7900,-105.2400,82
44.2100,-110.6700,70
36.9600,-106.6600,167
39.3600,-106.0600,182
43.7600,-115.2400,174
44.3800,-116.3400,9
39.8000,-106.0300,229
46.2400,-117.3900,349
43.7600,-116.1000,70
43.8000,-114.8500,0
40.3000,-111.2600,215
35.9200,-106.3900,163
36.9900,-105.2600,255
36.0700,-105.6300,187
40.5300,-106.7800,19
40.8300,-111.7600,80
39.4300,-120.3100,229
38.4000,-119.5400,197
36.2500,-115.6300,241
36.7200,-106.2600,202
36.5100,-106.3200,10
39.3100,-111.4300,226
39.1900,-120.2600,263
36.0300,-106.8100,74
35.7700,-105.7800,99
36.1300,-105.5300,103
36.3100,-115.6800,166
35.3400,-111.6500,272
