-41.3994,147.1347,2
40.0567,-80.7283,3
43.2761,-75.1567,3
47.2142,-113.5203,3
38.0847,-92.4256,2
-33.1851,138.3001,3
40.4506,-107.5894,3
-35.7581,149.8252,15
46.7461,-87.8817,4
-38.2358,145.0667,3
45.0156,-109.9683,15
-36.1821,147.5515,3
41.6725,-75.0642,3
-35.0369,138.9130,2
41.7003,-71.5925,3
-33.9323,137.6282,3
36.4528,-89.3028,4
-35.2276,138.5366,3
39.8114,-99.9386,3
-34.7708,137.5952,3
39.7103,-88.4886,2
-42.0056,145.5419,4
-31.7750,138.6529,2
-35.3790,139.5617,3
-37.5267,142.0414,2
30.7342,-85.0306,3
-19.9330,134.3548,3
39.2219,-105.9936,3
35.7108,-76.1269,3
-35.3077,148.0646,3
-35.2546,139.4542,3
39.5833,-120.3706,3
35.5044,-82.5967,3
44.7281,-75.4442,3
47.4981,-101.3750,3
-34.3075,142.1882,3
41.6444,-72.8167,3
18.4736,-67.0289,3
39.5228,-79.4131,3
-32.8427,135.1515,2
-33.4660,138.5412,3
33.7392,-88.1275,3
45.1111,-87.6117,4
43.8000,-74.8667,3
39.0422,-108.4664,3
36.5408,-85.4597,3
-27.3042,152.0542,3
20.6486,-156.3983,4
35.5406,-82.6531,3
36.8825,-83.8819,3
-18.6508,146.2047,3
-41.4864,147.4386,3
38.7017,-91.4314,3
38.7056,-97.8461,3
-17.2700,145.8997,3
-33.8771,151.0577,3
-32.4244,138.5304,2
37.8925,-97.4828,3
44.7178,-93.0975,3
-35.5355,138.9010,3
-37.8221,140.7593,3
44.0764,-116.9311,3
33.9047,-87.3153,3
39.1506,-90.7847,3
-30.5006,115.0664,3
-23.9078,150.1953,4
29.7853,-90.1158,5
48.6236,-93.8992,3
-26.6225,152.8656,2
-34.7314,140.5036,3
33.8256,-85.7811,3
-17.1347,145.4281,3
39.5703,-107.2267,3
44.3153,-71.6672,2
42.6922,-120.5403,3
21.3933,-157.9750,3
-33.5679,135.7571,2
41.3997,-84.1119,3
37.2669,-83.6500,3
40.7983,-89.1947,2
-26.6234,152.6840,4
33.6772,-93.9903,2
-36.4948,149.7434,3
44.5564,-94.2208,3
-34.9516,138.8754,3
43.0603,-92.0489,8
-36.3098,140.7400,3
42.2864,-94.1664,12
33.9544,-102.7783,3
42.8931,-95.0653,11
-35.3305,146.2652,3
31.2975,-85.8997,2
-30.9904,138.5787,2
36.4375,-121.7092,3
-34.9122,137.7977,3
-34.9617,117.3567,3
19.5361,-155.5767,4
-34.6250,117.6361,3
-34.4417,116.9944,3
46.4908,-87.3550,3
-35.2705,138.5591,3
-41.5211,146.7158,5
37.6475,-96.0781,3
-28.6225,153.0036,3
-27.7347,153.3275,3
33.1581,-85.2911,2
-33.3211,149.0828,3
40.9361,-90.7197,3
42.9694,-71.9528,3
42.0772,-74.9828,4
-37.2618,147.7229,3
-21.1011,149.1022,3
-17.0928,145.7906,3
39.5108,-87.1242,3
40.6944,-99.7008,3
-42.9319,147.2464,15
-34.8794,118.0467,3
-34.4228,137.9175,3
38.6308,-89.3658,3
-32.8294,138.1907,2
-35.5949,139.1296,15
-33.2705,138.3570,2
39.6553,-102.6803,2
-33.2036,138.6059,3
45.5556,-90.9592,3
58.2989,-134.4111,3
-22.3458,149.5356,4
-38.4228,147.0864,2
36.4819,-121.1822,3
21.3389,-157.8581,5
-34.7208,150.6491,4
-34.2961,117.5533,3
40.3803,-76.0275,3
-34.9761,116.7328,3
-37.3495,144.7494,2
44.7811,-106.9644,3
-24.6294,151.9158,2
44.8700,-88.9044,4
20.2250,-155.7933,5
45.1519,-85.1322,3
19.5336,-155.9258,3
35.9647,-87.9639,3
47.8092,-122.9136,3
-41.2500,147.2169,3
28.4575,-97.7061,3
31.8075,-85.9722,2
35.2458,-82.3892,3
43.9006,-85.8506,7
46.3158,-113.3000,3
44.9214,-85.5161,3
-27.5152,153.2492,3
19.4689,-155.9094,4
-33.9797,115.7656,3
-34.9167,138.5956,3
-33.3347,116.7425,3
-28.9231,151.9306,3
21.5108,-157.8622,3
34.5225,-119.6822,3
-37.8750,142.2895,2
39.9000,-98.0256,3
-34.2971,138.0014,3
43.5317,-75.9525,2
41.8500,-74.0500,3
45.0228,-95.7897,3
40.2842,-109.8611,5
19.4297,-155.2561,7
46.1281,-85.5697,3
19.6328,-155.0339,3
39.7506,-92.5064,2
-23.8104,150.9783,2
-35.1890,138.8262,3
40.5003,-75.2044,6
47.1414,-121.9356,3
39.6619,-99.1228,3
-27.5300,153.4194,3
41.1381,-87.8856,3
-28.0621,152.3675,2
35.3872,-76.7764,3
-33.9411,118.9200,2
44.3931,-73.8589,3
37.1944,-95.2875,2
-34.8321,138.6124,3
42.3717,-79.4867,3
46.3675,-124.0378,3
-34.0913,141.9102,3
19.2036,-155.4858,4
18.3964,-66.9244,3
-42.7572,147.3817,2
-34.9482,138.8071,3
43.4703,-71.6536,3
37.5339,-83.3492,3
47.4172,-122.2433,2
19.5833,-155.4550,7
39.6203,-79.9697,3
-36.7416,141.9429,3
45.9353,-107.1375,3
-34.9044,138.8742,3
-28.0686,153.4241,3
-34.7735,139.0501,3
18.3906,-66.0542,3
42.6469,-95.1933,3
30.7394,-94.9256,3
-33.5643,138.7595,2
44.3078,-90.1314,3
18.1511,-66.9889,2
41.1183,-75.7278,3
-23.6286,150.3867,3
39.4031,-99.4192,3
28.7569,-100.4792,4
38.3950,-93.7711,2
-17.3436,145.9217,3
39.1331,-94.0639,3
-28.7769,114.6050,3
41.1222,-98.0283,4
31.5519,-90.1058,3
39.6108,-77.8472,2
-17.2639,145.8536,3
-26.8408,151.9806,3
40.7928,-87.7556,2
-34.0672,137.5925,3
21.3153,-157.9992,3
-35.2683,147.1142,3
45.3803,-87.9567,3
36.8047,-107.6214,3
21.1900,-156.9828,3
-42.9000,147.2686,15
46.8128,-100.9097,3
40.5514,-89.3339,2
-34.4577,138.9277,3
-34.9769,116.7286,3
37.1244,-82.6339,4
47.1358,-122.2558,3
34.1500,-85.6847,4
-32.1336,119.0261,2
46.7939,-105.3022,2
36.5994,-89.9894,2
18.4725,-67.1156,3
43.9000,-75.0367,3
36.2333,-80.3069,11
45.4428,-91.0897,3
38.8711,-98.7053,5
39.0147,-99.8722,3
-35.6569,137.6364,3
-35.3497,138.6223,3
43.2419,-92.4433,3
-35.3159,138.6218,2
-34.0647,139.6605,3
36.3661,-85.6553,3
21.3733,-157.7853,5
46.6539,-68.0089,3
46.5831,-90.9678,5
-32.9737,138.8375,3
21.5739,-158.0378,3
-38.1059,142.3216,2
-34.4550,138.8101,3
40.5447,-84.4375,2
-35.4580,138.3500,3
-35.0203,137.6064,3
-33.6772,136.9116,3
-32.0632,150.9272,3
34.8219,-89.4347,2
-32.7324,137.1505,3
-34.9423,138.7270,2
-19.6667,147.4147,3
44.9356,-91.8886,3
41.5889,-75.3303,3
38.9783,-93.5703,2
-34.2644,135.7266,3
21.1328,-157.2133,3
-41.2039,146.2650,3
42.3458,-72.1542,2
35.0781,-89.6653,3
40.8619,-75.6428,3
-42.3961,146.4897,3
-25.3706,151.1222,3
-34.0050,138.8142,3
-34.3756,136.1026,3
43.1592,-74.2042,3
-33.3600,116.1467,3
-43.4086,146.9567,11
38.1350,-94.8161,3
36.6139,-83.7897,3
-26.7850,153.0686,2
