39.5253,-91.6450,132
42.8931,-95.0653,960
-35.3790,139.5617,19
39.6108,-77.8472,66
-35.2705,138.5591,56
-27.5152,153.2492,306
-35.3159,138.6218,28
-33.9411,118.9200,48
-36.3098,140.7400,10
39.7103,-88.4886,333
48.6236,-93.8992,5
39.6553,-102.6803,229
45.0228,-95.7897,53
-42.7572,147.3817,0
19.6328,-155.0339,145
35.0781,-89.6653,71
44.9356,-91.8886,76
-17.3436,145.9217,520
36.3661,-85.6553,0
34.1500,-85.6847,0
33.7392,-88.1275,43
-19.6667,147.4147,14
-37.3495,144.7494,2
-33.5679,135.7571,192
-33.3600,116.1467,1
36.5408,-85.4597,234
47.8092,-122.9136,0
-34.3075,142.1882,232
36.4528,-89.3028,5
-37.5267,142.0414,4
45.9353,-107.1375,25
46.5831,-90.9678,38
41.6725,-75.0642,155
44.3931,-73.8589,467
-32.7324,137.1505,140
37.2669,-83.6500,0
39.7506,-92.5064,130
37.5339,-83.3492,10
33.9544,-102.7783,645
-35.7581,149.8252,8
30.7394,-94.9256,56
19.5361,-155.5767,0
37.6475,-96.0781,157
-32.1336,119.0261,2
43.8000,-74.8667,315
40.6944,-99.7008,28
45.1519,-85.1322,66
35.2458,-82.3892,51
-37.2618,147.7229,17
-37.8750,142.2895,2
45.5556,-90.9592,58
36.4375,-121.7092,0
-36.7416,141.9429,22
-33.3347,116.7425,1
39.5833,-120.3706,0
19.5336,-155.9258,15
31.8075,-85.9722,0
-28.0686,153.4241,216
40.2842,-109.8611,119
-34.9617,117.3567,84
46.1281,-85.5697,25
42.2864,-94.1664,726
46.7939,-105.3022,46
39.9000,-98.0256,81
39.8114,-99.9386,79
-35.6569,137.6364,22
-34.0050,138.8142,48
38.1350,-94.8161,51
-38.1059,142.3216,2
44.7281,-75.4442,307
-35.3497,138.6223,26
45.1111,-87.6117,140
35.3872,-76.7764,127
-34.9769,116.7286,54
-27.7347,153.3275,214
28.4575,-97.7061,203
18.3964,-66.9244,361
43.2761,-75.1567,498
-34.0672,137.5925,96
33.1581,-85.2911,0
-34.8321,138.6124,14
41.6444,-72.8167,434
40.3803,-76.0275,43
35.5044,-82.5967,15
-32.0632,150.9272,2
-42.9000,147.2686,416
-23.6286,150.3867,188
31.2975,-85.8997,71
47.4172,-122.2433,0
33.6772,-93.9903,0
-26.7850,153.0686,180
-35.5355,138.9010,20
-41.4864,147.4386,62
-24.6294,151.9158,10
-30.9904,138.5787,38
43.1592,-74.2042,432
47.1414,-121.9356,0
44.3078,-90.1314,23
45.3803,-87.9567,64
-17.0928,145.7906,140
38.7056,-97.8461,203
-31.7750,138.6529,124
-26.6225,152.8656,94
44.0764,-116.9311,0
42.9694,-71.9528,457
-34.9516,138.8754,46
38.0847,-92.4256,81
-36.4948,149.7434,3
35.9647,-87.9639,0
37.1944,-95.2875,114
44.3153,-71.6672,30
35.5406,-82.6531,127
18.3906,-66.0542,13
38.9783,-93.5703,376
47.1358,-122.2558,0
-37.8221,140.7593,18
36.8825,-83.8819,0
-33.1851,138.3001,38
43.5317,-75.9525,76
45.0156,-109.9683,729
35.7108,-76.1269,8
37.1244,-82.6339,0
39.6203,-79.9697,236
41.3997,-84.1119,343
44.8700,-88.9044,170
-41.5211,146.7158,56
58.2989,-134.4111,8
-30.5006,115.0664,4
-33.3211,149.0828,4
-33.9797,115.7656,8
-35.2546,139.4542,22
-38.2358,145.0667,4
38.6308,-89.3658,277
43.2419,-92.4433,0
-34.9423,138.7270,38
-17.2639,145.8536,1880
19.4297,-155.2561,173
39.5108,-87.1242,165
-34.9482,138.8071,36
46.8128,-100.9097,48
-35.3077,148.0646,3
39.5703,-107.2267,0
19.4689,-155.9094,0
47.2142,-113.5203,8
-34.2971,138.0014,65
43.9000,-75.0367,208
-35.2683,147.1142,12
21.5108,-157.8622,175
38.3950,-93.7711,147
21.1328,-157.2133,89
-34.6250,117.6361,54
36.8047,-107.6214,112
-35.2276,138.5366,28
-33.9323,137.6282,108
-34.2644,135.7266,140
-32.8294,138.1907,184
-19.9330,134.3548,110
-27.5300,153.4194,700
40.7983,-89.1947,163
-32.8427,135.1515,174
42.3717,-79.4867,353
36.2333,-80.3069,632
-28.0621,152.3675,22
28.7569,-100.4792,546
43.0603,-92.0489,178
-34.4417,116.9944,10
41.8500,-74.0500,226
-34.9761,116.7328,68
40.5003,-75.2044,333
34.5225,-119.6822,0
29.7853,-90.1158,391
43.9006,-85.8506,762
40.4506,-107.5894,5
-41.3994,147.1347,60
39.0422,-108.4664,10
19.5833,-155.4550,79
18.1511,-66.9889,0
-34.4550,138.8101,68
46.6539,-68.0089,30
-34.2961,117.5533,10
36.5994,-89.9894,76
-26.8408,151.9806,56
-41.2500,147.2169,26
-33.6772,136.9116,138
-34.4577,138.9277,50
47.4981,-101.3750,20
40.8619,-75.6428,94
42.6922,-120.5403,0
41.1183,-75.7278,368
21.3933,-157.9750,0
-38.4228,147.0864,56
44.9214,-85.5161,94
-41.2039,146.2650,20
-23.8104,150.9783,136
-23.9078,150.1953,10
-33.4660,138.5412,26
40.5447,-84.4375,483
-34.0647,139.6605,34
20.2250,-155.7933,142
31.5519,-90.1058,394
-34.7208,150.6491,90
36.4819,-121.1822,0
42.3458,-72.1542,147
-28.9231,151.9306,10
-34.3756,136.1026,228
40.5514,-89.3339,97
-34.7708,137.5952,42
18.4736,-67.0289,38
21.3153,-157.9992,0
-34.4228,137.9175,104
-36.1821,147.5515,6
33.8256,-85.7811,51
-32.4244,138.5304,202
-28.6225,153.0036,64
37.8925,-97.4828,1857
40.0567,-80.7283,409
-17.2700,145.8997,640
-33.2036,138.6059,98
-42.9319,147.2464,450
19.2036,-155.4858,89
40.7928,-87.7556,38
-28.7769,114.6050,44
46.7461,-87.8817,25
39.1506,-90.7847,650
41.7003,-71.5925,89
40.9361,-90.7197,89
42.6469,-95.1933,10
39.1331,-94.0639,43
36.6139,-83.7897,58
21.5739,-158.0378,5
39.5228,-79.4131,318
33.9047,-87.3153,0
-18.6508,146.2047,146
42.0772,-74.9828,554
-35.1890,138.8262,22
-34.7735,139.0501,46
46.4908,-87.3550,36
30.7342,-85.0306,5
44.7178,-93.0975,25
21.1900,-156.9828,0
-33.2705,138.3570,34
-34.9167,138.5956,14
41.1381,-87.8856,325
-26.6234,152.6840,90
38.8711,-98.7053,198
34.8219,-89.4347,13
-25.3706,151.1222,15
41.1222,-98.0283,249
43.4703,-71.6536,58
45.4428,-91.0897,74
-35.3305,146.2652,254
44.5564,-94.2208,8
-34.9044,138.8742,42
21.3733,-157.7853,132
-43.4086,146.9567,788
46.3675,-124.0378,0
39.6619,-99.1228,173
-34.7314,140.5036,36
-17.1347,145.4281,12
-34.9122,137.7977,14
39.4031,-99.4192,91
39.2219,-105.9936,163
-35.0369,138.9130,32
44.7811,-106.9644,97
38.7017,-91.4314,665
20.6486,-156.3983,274
-22.3458,149.5356,30
-35.4580,138.3500,14
46.3158,-113.3000,0
21.3389,-157.8581,30
-42.0056,145.5419,100
41.5889,-75.3303,267
18.4725,-67.1156,15
-33.5643,138.7595,62
39.0147,-99.8722,13
-42.3961,146.4897,20
-34.0913,141.9102,140
-35.5949,139.1296,94
-33.8771,151.0577,2
-34.8794,118.0467,97
-21.1011,149.1022,570
-35.0203,137.6064,16
-27.3042,152.0542,82
-32.9737,138.8375,158
-34.5712,150.7761,4
