38.8586,-99.3358,250
43.2828,-123.3536,233
38.9422,-92.3200,239
34.7392,-90.7664,256
34.7986,-96.6692,239
33.8936,-97.2692,250
45.5900,-95.8744,172
36.4231,-99.4167,217
34.2392,-98.7444,239
35.8542,-97.9544,228
36.4711,-86.8414,239
35.3647,-96.9481,233
35.9328,-88.7267,261
36.1903,-99.0403,222
40.1100,-87.9567,206
41.1453,-85.4897,206
47.0575,-109.9514,156
36.0642,-97.2128,228
34.5872,-99.3381,222
35.8489,-97.4797,228
44.6342,-123.1900,189
36.3842,-98.1114,222
36.1056,-82.8436,233
36.7081,-98.7094,228
34.6892,-86.8819,256
41.8161,-80.4250,200
40.4750,-86.9919,217
34.6089,-96.3331,250
30.5497,-84.5836,256
36.1472,-97.2858,228
36.4119,-97.6939,222
34.1864,-90.5572,256
35.2050,-99.8033,211
39.3669,-101.7000,183
32.2061,-90.5133,278
34.7675,-106.7611,211
31.8769,-105.2369,306
35.4842,-98.4814,217
42.1397,-87.7853,194
45.6750,-111.1550,189
36.7481,-98.3628,239
34.9678,-97.9519,233
39.7194,-76.8028,239
35.1867,-102.0797,194
40.7833,-81.9167,206
35.5461,-99.7278,211
35.1131,-89.2122,272
33.8103,-91.2778,228
35.5083,-98.7750,206
33.4311,-90.9108,239
34.7281,-90.3683,267
40.4719,-74.4364,239
34.7292,-98.5694,211
63.9033,-152.2817,72
30.5467,-87.8808,256
34.9897,-99.0528,222
33.7092,-93.5564,272
34.0356,-96.9433,250
31.3625,-85.3397,239
36.1167,-97.6067,228
42.0208,-93.7742,211
35.5914,-99.2706,217
35.1297,-89.8036,272
33.9208,-96.3203,250
34.9142,-98.2922,217
44.9847,-93.1772,189
39.8058,-90.8236,228
35.6214,-88.8456,244
35.8819,-83.9572,267
35.5419,-97.3414,233
34.8494,-97.0031,239
40.0739,-87.5067,239
39.4833,-83.8500,228
34.5289,-97.7647,244
44.2394,-95.3153,183
39.4708,-87.4081,256
36.2872,-88.2958,267
35.1714,-96.6311,244
36.0286,-99.3464,211
44.0708,-93.5264,194
34.9819,-97.5208,239
35.7197,-86.9653,244
35.9986,-97.0481,228
36.8314,-99.6411,217
31.3706,-100.4942,283
32.4714,-87.2314,256
33.4692,-88.7822,261
38.7386,-87.4878,233
34.4397,-99.1375,228
41.0267,-86.5867,233
63.9647,-145.1050,50
34.1678,-97.9883,250
35.4139,-86.8086,217
31.0383,-85.8708,278
32.8978,-90.8853,272
36.5994,-89.9894,211
34.6856,-99.8333,228
34.3325,-96.6789,250
36.1208,-97.0953,233
36.0147,-85.1314,222
33.2422,-103.3611,228
35.6872,-90.0964,228
36.0719,-99.9031,217
36.7256,-99.1422,217
35.1489,-98.4658,228
35.8417,-98.5261,217
35.6528,-96.8042,228
34.1936,-97.5881,239
38.5200,-89.8467,228
38.5350,-121.7761,272
33.3867,-97.7164,256
35.0708,-96.3561,250
35.2358,-97.4647,233
34.7156,-97.2292,250
35.8989,-98.9603,211
34.3997,-98.3458,233
34.5989,-103.2161,172
35.2006,-103.6867,178
41.4439,-86.9294,233
40.7928,-87.7556,200
38.4931,-88.9703,244
32.0997,-91.7022,250
34.1647,-88.7239,217
36.9869,-99.0108,211
40.9361,-90.7197,217
35.4017,-99.0583,217
36.2633,-98.4975,228
35.5483,-98.0364,222
39.3925,-101.0689,217
34.8083,-98.0233,228
34.2281,-97.2014,239
44.8831,-85.6753,183
41.6661,-111.8914,161
34.3086,-95.9969,239
40.2539,-85.1483,239
30.7342,-85.0306,-178
32.8472,-97.4761,289
34.5519,-96.7178,244
36.3558,-97.1531,228
31.2353,-88.9186,244
36.7925,-97.7458,228
36.8981,-96.9103,228
34.8219,-89.4347,156
34.1922,-97.0858,256
36.3925,-89.0317,311
34.4744,-91.4172,250
35.0322,-97.9144,233
31.9461,-90.3775,250
36.6897,-108.3086,172
36.0908,-106.0567,206
34.8358,-99.4239,211
32.4219,-93.6381,283
40.8142,-85.1547,217
29.6211,-96.3661,256
34.5658,-96.9503,250
32.8986,-80.0403,272
31.4269,-94.8942,222
46.7281,-116.9558,178
34.1381,-88.9983,244
35.2722,-97.9553,217
34.1925,-86.7972,250
45.4825,-120.7236,239
36.7542,-97.2544,228
33.1772,-90.4919,283
