46.7281,-116.9558,156
33.7542,-99.1442,189
35.7047,-101.5492,122
40.4750,-86.9919,89
46.0436,-118.4628,183
45.6750,-111.1550,117
35.4072,-104.1906,194
29.4608,-101.0286,200
34.0828,-106.8831,133
37.7967,-121.5828,144
35.7197,-86.9653,200
40.6117,-122.5281,178
38.4931,-122.0047,128
61.5664,-149.2542,117
40.0892,-99.2133,117
64.8569,-147.8611,61
40.7142,-122.4161,150
39.6619,-99.1228,122
35.6214,-88.8456,206
36.5575,-105.2628,78
39.1172,-95.4097,178
43.5492,-71.4647,78
36.4622,-116.8669,211
39.4031,-99.4192,111
36.6897,-108.3086,144
36.5508,-114.4581,167
37.9050,-93.3169,117
40.2458,-111.6508,172
47.0575,-109.9514,106
40.2233,-86.1086,100
40.1167,-76.4333,178
33.7092,-93.5564,211
36.9969,-119.7072,-178
44.7764,-108.7592,111
44.0622,-103.4819,100
40.2539,-85.1483,122
39.2494,-106.3714,39
34.9881,-120.3211,128
42.8767,-77.0308,94
41.4439,-86.9294,89
40.2842,-109.8611,100
37.0683,-88.7725,150
38.4917,-122.1242,117
45.6911,-118.8522,156
35.2006,-103.6867,167
26.5581,-99.1372,200
45.9228,-108.2444,117
47.7283,-104.1467,217
34.5989,-103.2161,150
35.4139,-86.8086,194
43.8544,-116.4664,172
42.1231,-111.3133,128
37.1503,-104.5567,144
39.0744,-96.8983,178
28.4675,-98.2525,222
38.5350,-121.7761,133
42.1397,-87.7853,78
36.8047,-107.6214,78
40.7833,-81.9167,89
47.0022,-118.5658,156
25.8175,-80.2858,250
39.9000,-98.0256,117
38.4661,-101.7758,111
48.4983,-109.8014,128
35.0489,-97.9158,156
30.7053,-104.0233,139
39.0303,-76.9314,167
42.7467,-71.0425,89
36.4711,-86.8414,178
38.7403,-104.3994,111
38.8586,-99.3358,139
40.1739,-101.0611,161
37.6967,-93.7722,172
42.3806,-96.9575,78
38.7978,-99.7231,106
44.1183,-121.2103,133
46.8706,-68.0172,89
45.4825,-120.7236,139
32.2822,-106.7597,178
37.3806,-107.5811,111
39.3925,-101.0689,122
38.6450,-95.5661,267
41.9342,-88.7756,56
34.5822,-119.9817,150
30.2003,-92.6642,217
38.0047,-120.4864,133
26.8400,-81.0872,233
33.6731,-111.1508,228
48.7178,-122.5114,139
42.9592,-120.7897,106
39.8114,-99.9386,100
47.6811,-117.6267,167
