41.8706,-103.5931,1
55.0389,-131.5786,1
42.1997,-75.9850,1
34.8994,-120.4486,1
31.2819,-89.2531,1
41.8031,-78.6403,1
34.4978,-82.7097,1
33.0375,-116.9158,1
27.5333,-99.4667,1
39.7078,-77.7297,1
31.3558,-85.7511,1
37.5908,-83.3131,1
42.0647,-104.1528,1
36.0236,-84.2375,1
40.3161,-78.8339,1
31.8606,-86.0122,1
31.0425,-86.3117,1
26.2281,-97.6542,1
40.8097,-124.1603,1
40.2964,-78.3203,1
42.0572,-102.8000,1
27.7411,-98.0247,1
58.6794,-156.6294,1
37.7836,-81.1231,1
25.9156,-97.4186,1
31.3214,-85.4497,1
39.4019,-77.9844,1
40.9781,-124.1086,1
33.4964,-90.0867,1
31.1828,-90.4708,1
71.2833,-156.7814,1
34.8822,-95.7831,1
39.7333,-77.4333,1
41.1389,-75.3794,1
40.6825,-74.1694,1
