43.8544,-116.4664,-178
43.5492,-71.4647,-178
40.7142,-122.4161,211
34.9881,-120.3211,272
35.7047,-101.5492,167
25.8175,-80.2858,344
33.6731,-111.1508,244
32.2822,-106.7597,211
37.1503,-104.5567,167
37.7967,-121.5828,289
39.0744,-96.8983,61
28.4675,-98.2525,239
26.8400,-81.0872,328
40.6117,-122.5281,228
26.5581,-99.1372,206
38.5350,-121.7761,272
38.4917,-122.1242,244
36.9969,-119.7072,-178
33.7092,-93.5564,133
37.9050,-93.3169,56
36.5508,-114.4581,222
38.6644,-94.8900,72
45.9228,-108.2444,-178
38.4931,-122.0047,267
30.2003,-92.6642,261
36.4622,-116.8669,317
34.5822,-119.9817,261
39.1172,-95.4097,17
38.0047,-120.4864,244
33.7542,-99.1442,233
