28.7503,-81.5308,30
-41.5211,146.7158,4
41.8453,-123.9647,6
45.7883,-92.2325,4
-43.1456,146.7900,31
-42.3961,146.4897,4
47.8611,-123.9319,2
57.2178,-134.8770,3
-42.7406,147.4453,18
19.6347,-155.9078,31
-37.8010,147.4578,31
-23.5544,145.2883,2
-31.2994,116.8269,4
-27.3247,152.9031,10
18.1511,-66.9889,3
44.3153,-71.6672,4
-33.9696,150.7250,2
20.6772,-156.3300,31
43.0114,-84.5542,3
61.6311,-149.8019,3
39.0461,-78.9664,2
21.3153,-157.9992,11
34.8561,-80.9175,10
19.1617,-155.6694,8
55.9153,-130.0269,2
-42.7283,146.6656,14
-25.7069,120.3478,13
41.3053,-86.6286,2
31.6728,-102.4133,30
44.9231,-123.5750,14
44.9214,-85.5161,4
19.6711,-155.8764,31
-41.5689,146.9733,2
46.9589,-95.6472,4
40.9317,-109.4117,7
-43.1017,146.7311,31
21.6031,-157.9022,7
-20.8831,116.6725,2
41.8722,-75.2656,5
35.1381,-81.5961,4
34.5581,-80.8911,5
43.2278,-110.4358,4
19.0653,-155.6781,8
44.2333,-85.4217,4
44.6825,-91.1358,4
