30.2003,-92.6642,167
34.0828,-106.8831,61
36.5508,-114.4581,106
25.8175,-80.2858,172
26.5581,-99.1372,189
34.5822,-119.9817,122
38.4931,-122.0047,117
43.8544,-116.4664,-178
33.7542,-99.1442,106
39.0744,-96.8983,78
37.7967,-121.5828,122
40.7142,-122.4161,122
32.2822,-106.7597,144
36.4622,-116.8669,178
38.4917,-122.1242,111
45.9228,-108.2444,-178
38.5350,-121.7761,117
38.9408,-95.3397,83
34.9881,-120.3211,106
26.8400,-81.0872,150
37.1503,-104.5567,72
38.0047,-120.4864,122
39.1172,-95.4097,61
33.7092,-93.5564,167
28.4675,-98.2525,194
35.7047,-101.5492,72
33.4692,-88.7822,128
35.4072,-104.1906,78
37.9050,-93.3169,67
40.6117,-122.5281,122
33.6731,-111.1508,172
