38.8586,-99.3358,139
43.2828,-123.3536,122
38.9422,-92.3200,83
34.7392,-90.7664,106
34.7986,-96.6692,161
33.8936,-97.2692,167
45.5900,-95.8744,0
36.4231,-99.4167,144
34.2392,-98.7444,161
35.8542,-97.9544,144
36.4711,-86.8414,100
35.3647,-96.9481,144
35.9328,-88.7267,78
35.1228,-99.3600,144
36.1903,-99.0403,144
40.1100,-87.9567,0
41.1453,-85.4897,17
47.0575,-109.9514,72
36.0642,-97.2128,150
34.5872,-99.3381,156
35.8489,-97.4797,150
44.6342,-123.1900,106
36.3842,-98.1114,133
36.1056,-82.8436,72
36.7081,-98.7094,128
34.6892,-86.8819,117
40.4750,-86.9919,11
34.6089,-96.3331,156
30.5497,-84.5836,150
36.1472,-97.2858,139
36.4119,-97.6939,133
34.1864,-90.5572,122
35.2050,-99.8033,133
39.3669,-101.7000,89
32.2061,-90.5133,161
34.7675,-106.7611,139
31.8769,-105.2369,156
35.4842,-98.4814,139
42.1397,-87.7853,11
45.6750,-111.1550,78
36.7481,-98.3628,133
34.9678,-97.9519,156
39.7194,-76.8028,28
35.1867,-102.0797,122
40.7833,-81.9167,6
35.5461,-99.7278,150
35.1131,-89.2122,122
33.8103,-91.2778,111
35.5083,-98.7750,144
34.7281,-90.3683,128
40.4719,-74.4364,33
34.7292,-98.5694,156
63.9033,-152.2817,-22
30.5467,-87.8808,167
34.9897,-99.0528,150
33.7092,-93.5564,150
34.0356,-96.9433,150
31.3625,-85.3397,128
36.1167,-97.6067,139
42.0208,-93.7742,44
35.5914,-99.2706,139
35.1297,-89.8036,122
33.9208,-96.3203,156
34.9142,-98.2922,144
44.9847,-93.1772,6
39.8058,-90.8236,22
35.6214,-88.8456,94
35.8819,-83.9572,106
35.5419,-97.3414,156
34.8494,-97.0031,150
40.0739,-87.5067,33
39.4833,-83.8500,33
34.5289,-97.7647,161
44.2394,-95.3153,28
36.2872,-88.2958,128
35.1714,-96.6311,156
36.0286,-99.3464,133
44.0708,-93.5264,0
34.9819,-97.5208,144
35.7197,-86.9653,89
35.9986,-97.0481,128
36.8314,-99.6411,128
31.3706,-100.4942,178
32.4714,-87.2314,178
33.4692,-88.7822,133
38.7386,-87.4878,33
34.4397,-99.1375,167
41.0267,-86.5867,39
63.9647,-145.1050,-44
34.1678,-97.9883,172
36.3444,-88.8636,72
35.4139,-86.8086,83
31.0383,-85.8708,172
32.8978,-90.8853,161
36.5994,-89.9894,33
34.6856,-99.8333,150
34.3325,-96.6789,150
36.1208,-97.0953,139
36.0147,-85.1314,78
33.2422,-103.3611,150
35.6872,-90.0964,78
36.0719,-99.9031,133
36.7256,-99.1422,133
35.1489,-98.4658,144
35.8417,-98.5261,144
35.6528,-96.8042,133
34.1936,-97.5881,167
38.5200,-89.8467,72
38.5350,-121.7761,178
33.3867,-97.7164,194
35.0708,-96.3561,150
35.2358,-97.4647,150
34.7156,-97.2292,156
35.8989,-98.9603,133
34.3997,-98.3458,156
34.5989,-103.2161,106
35.2006,-103.6867,106
41.4439,-86.9294,11
40.7928,-87.7556,0
38.4931,-88.9703,56
34.1647,-88.7239,100
36.9869,-99.0108,128
40.9361,-90.7197,33
35.4017,-99.0583,144
36.2633,-98.4975,139
35.5483,-98.0364,139
39.3925,-101.0689,89
34.8083,-98.0233,156
34.2281,-97.2014,156
44.8831,-85.6753,6
41.6661,-111.8914,56
34.3086,-95.9969,150
40.2539,-85.1483,33
30.7342,-85.0306,161
32.8472,-97.4761,172
31.1414,-87.0486,161
34.5519,-96.7178,156
36.3558,-97.1531,139
31.2353,-88.9186,161
36.7925,-97.7458,128
36.8981,-96.9103,133
34.8219,-89.4347,156
34.1922,-97.0858,156
36.3925,-89.0317,161
34.4744,-91.4172,133
35.0322,-97.9144,150
31.9461,-90.3775,167
36.6897,-108.3086,139
36.0908,-106.0567,122
34.8358,-99.4239,156
32.4219,-93.6381,167
29.6211,-96.3661,200
34.5658,-96.9503,172
32.8986,-80.0403,122
31.4269,-94.8942,150
46.7281,-116.9558,100
34.1381,-88.9983,111
35.2722,-97.9553,144
35.3736,-83.7006,56
34.1925,-86.7972,122
45.4825,-120.7236,122
36.7542,-97.2544,128
33.1772,-90.4919,183
