42.1397,-87.7853,28
37.9311,-98.0297,100
35.6042,-91.2744,100
36.5914,-101.6181,111
40.2233,-86.1086,72
35.6214,-88.8456,117
28.8608,-97.0181,217
38.8894,-86.5519,67
42.3806,-96.9575,44
34.1944,-79.2472,72
40.9361,-90.7197,33
38.5200,-89.8467,61
41.0267,-86.5867,39
34.2183,-81.0731,139
42.7831,-71.4147,-6
44.8831,-85.6753,6
32.5133,-92.3486,139
37.0683,-88.7725,83
36.1306,-80.5481,94
40.4719,-74.4364,39
34.1419,-80.8700,106
37.1167,-84.6167,94
42.6006,-114.7453,89
38.7386,-87.4878,56
33.0167,-81.3167,111
64.9156,-148.2711,6
38.3139,-81.7186,78
43.9794,-117.0247,83
38.4558,-86.6983,78
47.0575,-109.9514,83
38.4661,-101.7758,106
46.8706,-68.0172,-6
44.5208,-101.6192,89
41.4439,-86.9294,6
32.9206,-86.6708,144
44.9847,-93.1772,6
37.8194,-85.3847,100
37.9931,-100.8122,89
44.4933,-68.4583,6
33.7775,-81.8467,111
28.7156,-97.1742,194
40.0739,-87.5067,39
45.0853,-67.1203,0
40.7928,-87.7556,6
62.1925,-150.5033,-6
33.2564,-81.2422,100
38.7003,-82.4736,111
28.4575,-97.7061,206
27.7792,-97.5056,206
34.4719,-81.8839,111
37.1317,-86.1481,94
32.3500,-94.6500,172
39.4833,-83.8500,33
36.7578,-90.4056,117
32.2822,-106.7597,194
32.7547,-104.3836,117
33.8083,-79.8567,94
40.1100,-87.9567,17
37.1244,-87.8672,61
47.6811,-117.6267,56
39.4700,-80.8572,67
40.4750,-86.9919,-6
41.1453,-85.4897,-28
42.2947,-83.7108,22
40.2539,-85.1483,28
46.3414,-86.9242,-6
