40.2342,-85.3936,125
30.0494,-90.0289,89
43.9906,-70.9475,89
45.6194,-121.1661,107
35.2333,-101.7089,98
34.2622,-88.7714,89
32.3367,-90.2214,81
32.6500,-114.6167,81
37.1431,-107.7597,89
37.4389,-105.8614,125
30.0481,-102.2131,72
34.2675,-77.8997,98
45.2486,-122.7686,67
46.7708,-100.7603,81
34.2008,-119.2069,63
35.2372,-120.6414,134
28.8208,-81.8097,72
43.0661,-108.4767,125
60.7850,-161.8292,63
64.7767,-141.1483,40
41.6117,-90.5808,94
37.2253,-89.5706,81
38.8169,-92.2183,72
27.4981,-80.3767,63
40.4122,-86.9369,103
38.9286,-90.4281,76
34.8822,-95.7831,63
35.0169,-80.6206,103
38.3000,-76.4167,116
36.2117,-115.1958,125
41.3461,-82.1794,107
40.9781,-124.1086,76
46.7994,-102.7972,98
37.7461,-97.2211,72
41.7806,-122.4717,130
33.0375,-116.9158,76
42.8153,-108.7261,139
34.9883,-117.8647,148
32.5722,-116.9794,67
36.0097,-94.1694,67
42.5950,-87.9381,72
39.6014,-116.0056,134
47.2856,-68.3133,94
34.1750,-91.9347,76
43.0206,-102.5183,94
44.4683,-73.1500,67
41.8833,-91.7167,107
39.8233,-93.5792,45
43.5164,-112.0672,134
36.0394,-95.9844,63
29.7333,-85.0333,94
34.4258,-119.8425,89
43.9922,-76.0217,54
41.6764,-70.9583,89
44.1278,-123.2206,98
42.2333,-83.5333,89
31.3214,-85.4497,89
38.3794,-81.5900,139
46.9208,-114.0925,125
36.7414,-104.5022,107
41.2531,-70.0608,112
44.2558,-121.1392,148
41.5272,-85.7922,98
31.3558,-85.7511,81
44.3592,-89.8369,94
37.3278,-95.5042,58
41.6264,-80.2150,67
60.1283,-149.4167,76
43.9658,-107.9508,107
42.2667,-84.4667,67
35.1442,-111.6664,130
61.2169,-149.8550,40
40.0397,-88.2778,98
64.5500,-149.0717,58
26.2500,-80.1083,63
36.9839,-77.0075,116
48.4608,-119.5167,103
40.0681,-118.5692,148
21.4500,-157.7833,40
38.8761,-98.8092,76
30.0675,-95.5561,72
44.3394,-105.5419,98
32.7800,-79.9319,85
41.0089,-74.7367,45
34.0511,-118.2353,36
37.9272,-100.7247,81
39.3792,-74.4242,72
26.5361,-81.7550,67
39.8447,-89.6839,81
37.2839,-98.5528,67
39.5703,-104.8489,94
64.3267,-158.7417,40
40.4847,-80.2144,134
30.5892,-96.3647,81
44.7694,-106.9689,67
44.0511,-101.6011,98
40.7789,-73.9692,58
44.5344,-72.6144,81
34.9894,-99.0525,143
35.3889,-97.6006,170
35.4344,-119.0542,76
33.9786,-98.4928,197
39.0725,-95.6261,72
36.3189,-119.6289,125
40.6825,-74.1694,81
40.0803,-95.5919,54
27.7839,-97.5108,116
41.9097,-70.7294,81
46.7439,-117.1086,125
42.9486,-78.7369,45
37.9917,-122.0550,112
42.6958,-73.1708,94
29.3389,-98.4719,67
42.6425,-77.0564,45
42.7431,-73.8092,103
42.0647,-104.1528,81
28.4339,-81.3250,76
44.3814,-100.2856,94
41.1519,-104.8061,112
44.3853,-74.2067,54
33.6267,-116.1594,103
37.6542,-122.1150,107
40.4422,-109.5144,94
34.0500,-94.4008,58
41.6686,-70.2800,98
38.3650,-82.5550,112
33.6228,-111.9106,63
41.1583,-73.1289,89
33.6361,-91.7556,81
59.7494,-154.9089,63
39.4519,-87.3089,98
36.7800,-119.7194,116
37.0911,-95.5664,67
30.0375,-91.8839,89
42.9550,-87.9044,81
42.1469,-121.7242,143
32.3542,-95.4025,72
39.9369,-91.1919,98
41.4525,-87.0058,81
37.7214,-122.2208,125
42.9667,-83.7494,67
37.2833,-102.6139,81
45.7728,-122.8611,81
40.8764,-74.2831,54
34.6517,-112.4208,116
36.0969,-79.9433,130
33.8117,-78.7239,103
33.1783,-86.7817,67
37.5050,-77.3203,179
45.0717,-83.5644,58
45.6689,-96.9914,72
38.9408,-77.4636,139
42.8939,-85.5447,76
42.5519,-71.7558,76
32.5428,-93.7450,81
41.2639,-72.8872,63
34.2006,-118.3575,58
58.6794,-156.6294,54
62.3200,-150.0950,36
47.5303,-122.3008,76
38.5050,-107.8975,103
45.4558,-98.4131,89
45.5511,-122.4089,103
42.1094,-77.9919,63
41.6328,-91.5431,94
33.2119,-87.6161,107
46.9253,-96.8111,67
46.1569,-123.8825,94
34.9869,-81.0575,107
40.8436,-72.6322,103
41.0731,-71.9233,67
41.3375,-84.4289,116
39.3669,-101.7000,89
36.3333,-119.9500,130
39.9444,-81.8922,116
33.4050,-118.4158,63
34.6294,-118.0836,165
34.4272,-100.2831,112
31.4208,-110.8458,112
37.3031,-108.6275,103
39.2292,-106.3169,67
44.5483,-95.0803,67
29.7036,-98.0281,81
33.8750,-84.3022,76
40.8217,-72.8689,81
42.5544,-92.4011,103
36.1189,-86.6892,72
32.6847,-83.6528,112
42.4092,-83.0100,67
36.6239,-87.4194,94
48.5428,-109.7633,130
32.2622,-107.7206,107
40.8203,-82.5178,107
31.3711,-100.4922,107
35.6169,-106.0889,94
30.3208,-97.7603,58
40.0489,-107.8853,112
41.5944,-109.0528,165
35.5931,-88.9167,107
42.7611,-87.8136,81
41.5631,-83.4764,89
47.4444,-122.3139,112
46.0947,-118.2869,116
39.3450,-81.4392,134
32.3500,-91.0278,89
32.9733,-97.3181,94
27.5333,-99.4667,81
30.7797,-86.5225,89
38.6956,-121.5897,76
48.0944,-105.5744,81
33.9519,-117.4386,76
48.2553,-101.2733,98
41.4333,-99.6333,103
7.0833,171.3833,82
38.8000,-97.6500,76
71.2833,-156.7814,161
31.3347,-92.5586,81
29.6381,-95.2819,76
45.0133,-84.7014,54
42.7461,-86.0967,63
40.1519,-122.2536,125
33.5656,-86.7450,103
27.9106,-82.6875,76
42.1128,-92.9175,98
37.3711,-118.3581,112
30.4781,-87.1869,107
29.1097,-95.4619,89
40.1203,-76.2944,81
43.4075,-94.7461,81
44.6381,-90.1875,116
30.6794,-88.2397,98
32.7667,-97.4500,103
38.4167,-113.0167,157
46.4167,-86.6500,45
33.9381,-118.3889,72
47.9078,-122.2803,89
40.7794,-73.8803,76
32.7336,-117.1831,58
38.7642,-87.6056,103
45.8183,-88.1144,112
66.9161,-151.5089,27
37.7086,-113.0944,134
40.2064,-100.5914,89
46.4267,-105.8825,134
35.8922,-78.7819,130
36.0167,-102.5500,76
38.1811,-85.7392,116
26.0719,-80.1536,63
40.6331,-93.9019,58
33.6800,-117.8664,67
41.5333,-71.2833,81
28.4736,-82.4544,72
17.7028,-64.8056,89
48.5222,-123.0231,89
40.6161,-83.0636,130
38.8853,-79.8528,130
39.4019,-77.9844,161
42.4167,-87.8667,67
70.6392,-159.9950,170
29.1828,-81.0483,76
43.1406,-89.3453,67
37.2958,-81.2078,130
32.3336,-104.2581,139
25.7906,-80.3164,67
26.9172,-81.9914,72
32.8342,-115.5786,94
31.9514,-85.1289,63
34.7442,-87.5997,81
33.4669,-82.0386,76
39.1667,-76.6833,103
35.9333,-79.0642,63
45.1947,-123.1339,103
18.3331,-64.9667,89
41.8678,-84.0794,72
44.3675,-71.5450,76
41.1078,-92.4467,103
36.1625,-97.0894,89
47.9375,-124.5550,81
41.1214,-100.6694,94
24.5550,-81.7522,63
43.7700,-88.4864,76
46.0261,-91.4442,76
28.8614,-96.9303,81
45.5433,-94.0514,72
41.5175,-81.6836,103
40.4719,-81.4236,103
24.5833,-81.6833,63
40.6508,-75.4492,63
41.5092,-74.2650,72
32.8519,-96.8556,89
36.8167,-76.0333,125
18.2550,-65.6408,76
38.8100,-104.6883,134
34.1853,-79.7239,98
41.2433,-76.9217,45
25.9069,-80.2803,63
47.0492,-109.4578,148
36.7683,-96.0261,63
31.4156,-87.0442,76
42.3075,-85.2511,76
43.5331,-84.0797,72
36.9878,-120.1106,130
41.1389,-75.3794,89
38.7550,-109.7542,125
40.2383,-75.5572,72
35.5144,-108.7939,103
33.9706,-80.9958,98
34.2167,-119.0833,63
48.2138,-106.6213,170
48.1203,-123.4983,94
35.2236,-80.9553,94
26.1522,-81.7753,67
44.5169,-108.0822,89
38.6572,-90.6558,76
47.9742,-117.4283,134
39.3756,-99.8297,81
38.8983,-119.9947,116
31.9433,-102.1889,125
34.2900,-93.0600,72
28.0622,-81.7542,67
44.8428,-117.8086,148
39.7556,-82.6572,125
30.4000,-81.4167,72
35.2578,-93.0947,54
18.4325,-66.0108,89
34.6439,-86.7861,112
31.6072,-110.4281,174
37.2622,-104.3378,94
40.2769,-74.8158,72
42.0800,-80.1825,76
63.9944,-145.7214,36
47.3258,-106.9475,148
46.5486,-90.9189,89
55.5800,-133.0750,76
46.8706,-68.0172,89
32.8158,-117.1394,63
47.4933,-122.2144,72
30.1831,-97.6800,89
35.1822,-103.6031,72
40.8289,-115.7886,174
33.3644,-81.9633,107
39.4781,-88.2803,103
21.3167,-158.0667,72
43.3500,-73.6167,76
59.4556,-135.3239,112
30.9119,-102.9167,107
39.1258,-123.2008,89
37.7064,-112.1456,112
44.9047,-97.1494,81
45.5464,-100.4078,76
40.1667,-103.2167,103
43.1711,-86.2367,67
33.7792,-84.5214,67
60.7850,-148.8389,63
31.8606,-86.0122,76
45.0319,-102.0192,94
31.6189,-97.2283,94
35.5342,-97.6469,215
43.8789,-91.2528,72
13.4836,144.7961,134
47.2675,-122.5761,89
34.8831,-82.2203,116
44.3981,-98.2231,67
31.8311,-104.8089,157
47.6831,-117.3214,130
47.3078,-119.5153,103
39.1333,-86.6167,89
35.8550,-77.8931,112
40.7833,-91.1253,103
35.0028,-105.6628,76
39.9181,-76.8742,89
67.7317,-164.5483,45
39.6428,-79.9164,103
30.6264,-88.0681,67
40.5175,-122.2986,89
36.6206,-116.0278,130
30.3975,-84.3289,94
42.8375,-103.0953,112
28.7247,-96.2536,94
46.0139,-102.6547,89
45.9647,-112.5006,148
37.2353,-93.4003,67
38.3083,-75.1239,98
42.8914,-73.2469,67
38.0442,-87.5206,89
19.7192,-155.0531,76
39.7075,-86.2803,116
37.1319,-76.4930,130
39.6728,-75.6008,98
26.1839,-98.2539,103
44.7408,-85.5825,67
41.7361,-72.6506,67
38.3306,-96.1897,94
22.0333,-159.7833,63
48.6033,-112.3753,201
43.4133,-124.2436,67
36.2967,-99.7689,81
34.2719,-83.8303,103
41.8706,-103.5931,63
43.8339,-111.8045,143
39.8344,-88.8656,89
39.8328,-104.6575,89
42.2706,-71.8731,89
37.6928,-121.8144,89
42.1928,-89.0931,89
37.0683,-88.7719,72
39.5936,-84.2264,112
44.0433,-103.0536,107
41.2003,-74.6231,58
33.4964,-90.0867,130
41.4131,-81.8600,103
37.1467,-94.5022,58
32.6261,-116.4681,89
36.1994,-95.8872,58
39.1033,-84.4189,112
57.1553,-170.2222,81
40.6675,-89.6839,81
46.8369,-92.2097,107
40.1764,-80.6472,130
30.7044,-87.0231,63
37.6544,-97.4425,72
37.7081,-77.4344,125
32.7817,-98.0603,81
39.4900,-121.6183,72
46.9258,-98.6692,76
31.5358,-82.5067,63
34.9000,-76.8833,103
42.8050,-72.0036,76
41.7219,-71.4325,89
35.0564,-89.9864,81
35.3331,-94.3625,67
41.3931,-70.6150,81
44.4983,-88.1111,98
36.6636,-121.6081,89
39.3667,-75.0667,98
55.0389,-131.5786,58
37.0872,-84.0769,121
34.0158,-118.4514,58
29.9506,-94.0206,76
31.3928,-92.2956,89
41.5097,-72.8278,76
42.5906,-117.8644,148
32.4833,-80.7167,94
41.6875,-69.9933,67
27.6531,-80.2428,63
43.1544,-93.3269,94
37.6242,-120.9506,112
34.7000,-77.3833,94
38.1386,-78.4530,130
41.9950,-87.9336,103
7.3333,134.4833,77
26.2281,-97.6542,103
29.3783,-100.9269,81
35.9403,-89.8308,130
33.8117,-118.1464,54
34.4978,-82.7097,107
39.5781,-85.8033,116
46.1442,-115.5964,31
40.5100,-101.6200,94
70.1917,-148.4772,170
44.1708,-114.9272,81
41.3119,-105.6747,116
43.2781,-70.9222,116
42.4819,-114.4869,197
30.3489,-85.7881,103
59.4433,-151.7017,36
32.5156,-92.0406,81
33.2367,-107.2681,116
32.6808,-96.8681,81
30.3433,-89.8222,67
37.7608,-99.9683,89
42.7803,-84.5789,72
40.6239,-74.6694,63
32.7100,-96.2672,81
42.5417,-113.7661,130
35.0678,-77.0481,98
38.0494,-103.5122,72
30.8356,-85.1839,98
44.0206,-117.0128,179
38.2900,-104.4983,81
55.3567,-131.7117,76
59.2433,-135.5094,76
41.0375,-81.4642,98
29.9933,-90.2511,94
36.9358,-121.7886,40
39.3644,-84.5247,125
38.5911,-92.1558,63
47.0339,-120.5303,157
45.8258,-119.2611,139
47.4667,-87.8833,76
30.7406,-98.2353,72
31.4583,-109.6061,94
36.7436,-108.2292,103
48.7939,-122.5372,94
38.9597,-94.3714,72
39.5514,-97.6508,81
34.3622,-98.9761,174
39.2231,-106.8683,76
15.1167,145.7167,116
47.2078,-119.3192,116
40.8097,-124.1603,54
41.6236,-98.9517,98
39.8683,-75.2311,89
38.2281,-85.6636,107
41.1014,-102.9847,76
46.1236,-67.7928,76
40.7083,-84.0267,116
40.8500,-74.0614,63
34.8536,-116.7858,165
32.8978,-97.0189,107
39.1894,-103.7158,98
33.1281,-117.2794,63
31.1500,-92.9667,45
29.6333,-83.1053,76
42.9203,-112.5711,165
43.7694,-87.8506,63
43.6497,-70.3003,103
36.5881,-121.8453,98
30.5108,-99.7664,76
31.1828,-90.4708,81
41.7781,-80.6958,72
32.5500,-88.5667,76
34.5467,-93.5781,45
37.6703,-95.4842,81
35.9508,-85.0814,107
35.2578,-113.9331,116
45.6478,-68.6925,81
34.7336,-76.6606,98
28.5453,-81.3331,76
43.1561,-90.6775,67
26.5850,-81.8614,76
41.7419,-72.1836,63
56.6000,-169.5650,107
38.7667,-104.3000,94
41.9922,-93.6217,81
43.1111,-76.1039,67
35.7425,-81.3819,103
34.7436,-118.7242,250
33.3075,-104.5083,103
34.8994,-120.4486,148
42.6003,-123.3642,72
33.8281,-116.5053,103
48.7167,-94.6000,72
41.5339,-93.6531,72
42.3811,-122.8722,98
40.4953,-107.5211,107
47.4733,-111.3822,143
39.4839,-119.7711,130
46.9733,-122.9033,89
38.5714,-90.1572,76
47.3864,-92.8389,107
45.8678,-95.3942,63
42.2228,-83.7444,76
42.1244,-86.4267,81
37.3208,-79.2067,112
41.9856,-97.4353,89
39.2775,-120.7103,72
46.5683,-120.5428,125
43.9636,-69.7117,63
35.6575,-109.0614,125
43.3906,-99.8422,103
35.1350,-90.2344,98
35.4319,-82.5375,94
30.7439,-95.5861,72
39.0083,-95.2117,67
34.7675,-114.6189,103
39.8250,-86.2958,98
44.6500,-73.4667,89
55.2208,-162.7325,130
34.2097,-118.4892,81
41.4914,-120.5644,143
30.3567,-95.4139,76
33.4617,-80.8581,103
44.8831,-93.2289,58
47.9428,-97.1839,63
38.8317,-94.8897,76
38.8483,-77.0342,148
31.2819,-89.2531,81
43.6264,-72.3047,81
34.6719,-82.8864,98
44.9050,-123.0011,81
32.5161,-84.9422,76
41.3714,-73.4828,67
36.9647,-86.4239,89
58.3567,-134.5639,125
29.6919,-82.2756,89
39.1208,-94.5969,58
26.1658,-97.3458,112
38.0408,-84.6058,116
36.9261,-111.4478,81
29.2733,-94.8592,81
39.5264,-107.7264,125
35.8311,-90.6464,81
41.9144,-88.2464,98
41.8756,-71.0211,76
46.4047,-94.1308,76
42.3978,-90.7036,81
-14.3306,-170.7136,46
27.4014,-82.5586,72
37.5908,-83.3131,72
35.2100,-99.1200,130
33.4825,-90.9853,143
35.6567,-95.3614,54
44.8322,-93.4706,72
34.9914,-78.8803,107
35.2325,-75.6219,116
45.5644,-84.7928,54
61.1689,-150.0278,54
47.7472,-90.3444,76
29.9800,-95.3600,67
32.2997,-86.4075,72
34.7272,-92.2389,76
42.6650,-83.4181,72
36.2833,-94.3000,54
39.1342,-108.5400,81
33.5872,-85.8556,98
30.4844,-81.7019,89
38.1847,-84.9033,103
43.2119,-90.1814,81
40.9017,-117.8081,157
33.8719,-117.9789,54
47.1686,-88.4889,72
40.0819,-75.0111,89
41.5886,-83.8014,76
43.3497,-76.3847,76
40.8731,-81.8867,116
39.0431,-84.6717,174
25.9989,-80.2411,63
36.7367,-97.1019,76
31.3500,-85.6667,67
39.4203,-83.8217,134
41.8056,-107.1997,134
38.0511,-117.0903,170
43.1167,-77.6767,54
34.7917,-79.3661,103
42.8975,-106.4636,112
48.5614,-93.3981,81
32.1314,-110.9553,89
7.4500,151.8333,57
26.1969,-80.1708,67
36.6817,-101.5053,67
34.8461,-82.3461,107
45.6983,-110.4408,174
36.0236,-84.2375,63
41.7072,-86.3164,89
44.5761,-71.1786,72
30.7825,-83.2767,45
27.7628,-82.6261,72
33.6542,-101.8136,130
37.1681,-97.0369,67
40.1606,-113.3508,130
43.1953,-71.5011,94
30.2050,-91.9875,89
26.6847,-80.0994,63
30.5372,-91.1469,94
43.1644,-95.2017,76
6.9667,158.2167,52
62.9614,-141.9292,31
42.3914,-96.3792,76
57.0481,-135.3647,67
42.9333,-71.4383,81
46.3583,-104.2500,116
45.8069,-108.5422,170
39.9492,-74.8417,72
41.7803,-124.2367,76
33.4536,-94.0075,81
47.6458,-101.4394,81
45.6044,-103.5464,103
8.7333,167.7333,107
42.5700,-72.2911,81
60.4889,-145.4511,72
35.0281,-110.7208,107
20.8997,-156.4286,67
45.4622,-69.5953,89
40.9706,-85.2064,103
32.6636,-97.0939,89
33.9486,-81.1186,107
31.2361,-94.7544,72
42.4933,-79.2722,67
40.0781,-83.0781,125
40.1936,-76.7633,67
44.3592,-84.6739,67
62.1592,-145.4589,89
66.8667,-162.6333,72
36.2667,-93.1567,58
57.7511,-152.4856,54
32.3347,-88.7442,98
42.5844,-110.1075,148
60.5797,-151.2392,45
46.2667,-119.1167,116
39.4167,-118.7167,170
42.4700,-71.2894,89
38.2103,-122.2847,107
33.9753,-117.6361,81
44.5228,-114.2150,170
37.4058,-122.0481,81
32.0311,-96.3989,81
40.6386,-73.7622,89
39.1353,-96.6778,72
62.9575,-155.6103,40
33.3633,-84.5658,67
41.6267,-73.8842,67
35.6875,-117.6931,139
34.5183,-109.3792,143
41.1783,-78.8989,67
46.6056,-111.9636,170
37.3169,-79.9742,143
42.0572,-102.8000,98
45.5406,-122.9486,130
38.6892,-75.3592,134
32.4106,-99.6822,94
28.4567,-99.2183,63
40.0972,-92.5433,76
41.3103,-95.8992,63
42.1208,-87.9047,72
38.9833,-76.4667,125
47.4569,-115.6450,72
34.6081,-79.0592,94
25.9156,-97.4186,112
42.8783,-100.5500,107
41.7700,-88.4814,89
38.9503,-95.6639,72
36.2606,-76.1750,103
32.8547,-109.6353,112
27.9619,-82.5403,76
36.9500,-76.2833,143
29.5442,-98.4839,76
32.4506,-93.8411,63
31.5883,-110.3442,130
21.3239,-157.9294,58
37.8892,-121.2258,107
41.4653,-90.5233,94
40.7342,-73.4169,76
41.9381,-72.6825,72
36.7725,-90.3247,139
33.1803,-96.5903,76
43.5950,-118.9564,125
59.5119,-139.6711,54
39.7736,-94.9233,72
33.4278,-112.0039,94
45.0619,-93.3508,76
34.7411,-118.2117,174
33.2208,-92.8142,76
32.3206,-90.0778,76
40.8206,-76.8642,58
33.9228,-118.3342,63
36.8781,-91.9025,67
30.1250,-93.2158,76
39.2447,-102.2842,98
34.0561,-117.6003,76
19.7356,-156.0489,63
43.2389,-123.3547,67
29.3331,-89.4075,72
35.6950,-101.3950,94
44.8889,-116.1017,94
42.1594,-76.8919,54
39.1019,-121.5678,89
41.3325,-122.3328,63
31.5356,-84.1944,72
42.7172,-71.1239,103
40.0228,-82.4625,125
44.3814,-106.7211,89
43.9042,-92.4917,89
42.1908,-71.1736,94
44.2033,-72.5794,89
42.7972,-105.3856,98
66.0689,-162.7639,67
41.2731,-111.0306,165
29.5189,-95.2417,72
39.7078,-77.7297,107
45.6308,-89.4653,98
40.9167,-81.4333,98
35.9461,-112.1547,125
38.3406,-75.5103,139
47.6217,-117.5281,157
31.8111,-106.3758,125
41.3275,-72.0494,94
41.0669,-73.7075,98
41.7872,-111.8533,157
21.1544,-157.0961,72
47.2381,-123.1408,103
37.3592,-121.9239,103
38.7525,-90.3736,67
45.5114,-118.4247,45
42.4272,-73.2892,98
38.0700,-102.6881,98
43.9844,-88.5569,81
34.6525,-86.9453,116
32.8192,-97.3614,98
33.2194,-117.3494,63
44.9319,-93.0556,76
40.3161,-78.8339,112
42.2314,-83.3308,67
35.6697,-120.6283,130
41.2544,-80.6739,89
38.1311,-91.7683,72
61.5961,-149.0917,40
38.0653,-97.8606,81
43.5667,-116.2406,143
64.5111,-165.4400,54
30.3361,-81.5147,76
35.0419,-106.6156,89
21.9839,-159.3405,81
41.0467,-78.4117,54
40.6044,-98.4272,67
41.3336,-75.7269,63
42.5708,-77.7133,54
61.1781,-149.9664,58
32.7000,-117.2000,63
37.7836,-81.1231,143
28.1011,-80.6439,63
31.7800,-103.2017,76
31.9206,-102.3867,112
25.6475,-80.4331,72
42.1997,-75.9850,54
39.9914,-82.8808,139
42.1578,-72.7161,89
32.3847,-94.7117,76
36.9033,-76.1922,148
33.6186,-114.7142,103
40.3667,-75.9667,76
47.3978,-120.2014,143
45.7881,-111.1608,165
27.7411,-98.0247,89
35.8517,-97.4142,103
32.1300,-81.2100,112
64.8039,-147.8761,40
40.3547,-79.9217,107
35.1967,-81.1558,81
36.4486,-103.1539,63
33.2061,-97.1989,103
43.7331,-103.6114,72
30.7167,-87.0167,98
38.8500,-94.7392,67
41.1961,-112.0114,130
40.3300,-75.1225,72
30.2333,-81.6667,94
41.3497,-71.7989,76
41.7861,-87.7522,103
44.7978,-68.8186,76
40.2172,-76.8514,67
48.3042,-114.2636,107
33.6300,-84.4417,103
42.5842,-70.9175,94
30.4119,-89.0808,67
43.3436,-72.5178,81
44.0219,-82.7931,58
44.3206,-69.7972,89
36.4731,-82.4044,130
40.2964,-78.3203,103
38.7042,-93.1833,67
33.9481,-83.3275,76
9.4833,138.0833,118
37.6197,-122.3647,161
70.2117,-151.0017,174
38.3775,-121.9575,81
33.6883,-112.0817,98
30.4000,-86.4717,72
34.5583,-98.4172,165
32.8667,-117.1333,58
36.5728,-79.3361,134
40.8508,-96.7475,58
37.2847,-120.5128,107
38.5039,-122.8103,134
40.9611,-98.3136,94
43.7667,-98.0333,81
31.4000,-93.2833,58
45.6906,-118.8528,148
45.6208,-122.6572,89
37.7797,-89.2497,67
34.3478,-85.1611,63
48.1739,-103.6367,81
43.2339,-75.4117,76
37.9406,-75.4631,139
44.9258,-89.6256,107
39.6092,-110.7547,98
32.8986,-80.0403,94
30.4636,-88.5319,67
42.3606,-71.0106,89
46.4794,-84.3572,45
29.6222,-95.6564,76
39.2956,-80.2289,139
28.0836,-97.0464,76
42.2347,-85.5519,76
35.6542,-105.1419,107
39.2972,-94.7306,72
36.0719,-115.1633,112
45.5908,-122.6003,89
46.9006,-95.0678,76
36.1336,-80.2222,81
28.7797,-81.2436,81
43.1072,-78.9453,63
40.7781,-111.9694,134
41.7636,-96.1778,72
34.1231,-84.8486,40
36.3689,-92.4703,45
38.5069,-121.4950,76
44.8664,-91.4878,103
43.5878,-96.7289,89
24.7258,-81.0517,54
39.2953,-114.8467,148
42.7267,-114.4564,179
39.4494,-74.5672,94
45.2575,-112.5545,165
46.3747,-117.0156,139
39.9061,-84.2186,130
44.5444,-110.4211,54
34.2486,-82.1592,112
40.7939,-73.1017,81
35.0311,-85.2014,94
41.8031,-78.6403,58
59.6419,-151.4908,63
41.0136,-83.6686,112
46.9728,-123.9303,107
44.9358,-74.8458,89
35.8181,-83.9858,107
31.1522,-81.3908,63
36.0467,-79.4769,116
