35.6414,-106.3322,38
40.7264,-122.7947,0
30.6836,-97.7172,15
38.0047,-120.4864,13
31.8611,-97.3750,28
34.5697,-93.1947,5
35.3886,-106.5439,41
38.4917,-122.1242,18
29.6211,-96.3661,30
32.2822,-106.7597,46
25.8175,-80.2858,58
38.0633,-102.9297,33
30.2003,-92.6642,33
36.2403,-106.4278,33
32.8242,-95.5275,38
35.4072,-104.1906,38
40.6117,-122.5281,0
28.7156,-97.1742,30
33.1461,-107.1842,51
33.0642,-101.0489,81
36.5508,-114.4581,28
35.1161,-93.6506,0
36.4622,-116.8669,48
18.2583,-65.9922,10
32.9203,-94.7225,33
33.3192,-95.6039,33
33.2564,-81.2422,97
34.6603,-82.8236,30
37.7967,-121.5828,8
31.9497,-91.2336,0
32.8964,-107.3078,46
29.4608,-101.0286,5
31.0372,-97.5283,25
32.7547,-104.3836,61
32.4219,-93.6381,30
40.1100,-87.9567,0
30.7931,-94.1819,18
26.8400,-81.0872,36
28.0372,-97.8725,30
32.6475,-97.4439,15
21.3153,-157.9992,20
38.4931,-122.0047,5
26.5650,-98.1236,10
33.6731,-111.1508,46
34.1419,-80.8700,28
37.5147,-122.0325,13
40.7142,-122.4161,8
31.0619,-94.1011,23
30.0689,-94.2928,25
32.2631,-96.6369,30
31.3706,-100.4942,46
38.5350,-121.7761,13
30.8408,-89.5453,33
31.6164,-94.6431,36
34.1647,-88.7239,0
43.5492,-71.4647,0
31.9633,-98.4942,74
26.5581,-99.1372,23
30.5467,-87.8808,20
33.4258,-111.9217,28
34.5822,-119.9817,3
33.7092,-93.5564,0
34.9881,-120.3211,-28
35.7047,-101.5492,61
18.0331,-67.0722,41
28.4675,-98.2525,25
33.8300,-88.5214,0
36.9969,-119.7072,13
32.9506,-97.0553,46
33.1481,-95.6269,53
30.7053,-104.0233,107
32.8522,-95.8864,30
37.1503,-104.5567,28
31.9611,-96.6881,74
