43.2950,-123.1031,389
45.7883,-92.2325,0
-41.2994,147.4950,988
42.9383,-114.4169,25
46.7492,-121.8120,521
-34.1436,115.2261,2
20.7603,-156.2469,0
44.4200,-84.0233,33
42.4292,-71.4425,122
-18.5872,146.2508,550
43.7053,-72.2856,76
42.9694,-71.9528,58
-37.6361,142.5474,30
41.2633,-85.8678,3
-17.2639,145.8536,5450
37.5333,-82.5833,0
46.2642,-87.5150,107
42.3458,-72.1542,56
35.7783,-106.6872,0
36.8144,-83.3144,0
-17.2700,145.8997,2780
-37.0861,149.6985,44
35.4467,-83.4622,196
33.1678,-96.0983,0
40.2539,-88.7075,0
47.1550,-102.0706,10
47.1253,-91.7067,15
41.4167,-83.8667,0
19.4917,-155.9117,0
