40.7264,-122.7947,278
40.7142,-122.4161,150
33.6731,-111.1508,239
28.4675,-98.2525,244
40.6117,-122.5281,139
34.5822,-119.9817,183
36.4622,-116.8669,267
38.4917,-122.1242,200
33.7092,-93.5564,-178
37.7967,-121.5828,211
34.9881,-120.3211,200
26.8400,-81.0872,239
43.5492,-71.4647,-178
30.2003,-92.6642,200
38.5350,-121.7761,194
35.7047,-101.5492,194
38.4931,-122.0047,194
21.3153,-157.9992,322
32.2822,-106.7597,228
36.5508,-114.4581,200
29.4608,-101.0286,139
26.5581,-99.1372,167
25.8175,-80.2858,244
38.0047,-120.4864,167
30.7053,-104.0233,200
