32.5667,-117.1167,89
40.2342,-85.3936,94
30.0494,-90.0289,76
43.9906,-70.9475,58
45.6194,-121.1661,45
35.2333,-101.7089,116
34.2622,-88.7714,67
32.3367,-90.2214,94
32.6500,-114.6167,45
37.1431,-107.7597,58
37.4389,-105.8614,45
30.0481,-102.2131,103
34.2675,-77.8997,107
45.2486,-122.7686,98
46.7708,-100.7603,63
34.2008,-119.2069,63
35.2372,-120.6414,72
28.8208,-81.8097,54
43.0661,-108.4767,134
60.7850,-161.8292,174
64.7767,-141.1483,22
41.6117,-90.5808,89
37.2253,-89.5706,103
38.8169,-92.2183,89
27.4981,-80.3767,72
40.4122,-86.9369,76
38.9286,-90.4281,81
34.8822,-95.7831,76
35.0169,-80.6206,139
38.3000,-76.4167,76
36.2117,-115.1958,58
41.3461,-82.1794,94
40.9781,-124.1086,112
46.7994,-102.7972,81
37.7461,-97.2211,98
41.7806,-122.4717,192
33.0375,-116.9158,72
42.8153,-108.7261,116
32.5722,-116.9794,76
36.0097,-94.1694,76
42.5950,-87.9381,98
39.6014,-116.0056,112
47.2856,-68.3133,58
34.1750,-91.9347,81
43.0206,-102.5183,81
39.7333,-77.4333,22
44.4683,-73.1500,67
41.8833,-91.7167,81
39.8233,-93.5792,67
43.5164,-112.0672,76
36.0394,-95.9844,72
29.7333,-85.0333,45
34.4258,-119.8425,58
43.9922,-76.0217,112
41.6764,-70.9583,54
44.1278,-123.2206,107
42.2333,-83.5333,89
31.3214,-85.4497,67
38.3794,-81.5900,112
46.9208,-114.0925,45
36.7414,-104.5022,63
41.2531,-70.0608,63
44.2558,-121.1392,81
41.5272,-85.7922,81
31.3558,-85.7511,63
44.3592,-89.8369,81
37.3278,-95.5042,94
41.6264,-80.2150,67
60.1283,-149.4167,170
43.9658,-107.9508,63
42.2667,-84.4667,76
35.1442,-111.6664,72
61.2169,-149.8550,76
40.0397,-88.2778,94
64.5500,-149.0717,94
26.2500,-80.1083,72
36.9839,-77.0075,76
48.4608,-119.5167,58
40.0681,-118.5692,107
21.4500,-157.7833,40
38.8761,-98.8092,81
30.0675,-95.5561,98
44.3394,-105.5419,89
32.7800,-79.9319,72
41.0089,-74.7367,36
34.0511,-118.2353,40
37.9272,-100.7247,130
39.3792,-74.4242,54
26.5361,-81.7550,81
39.8447,-89.6839,81
37.2839,-98.5528,76
39.5703,-104.8489,107
64.3267,-158.7417,94
40.4847,-80.2144,76
30.5892,-96.3647,98
44.7694,-106.9689,103
44.0511,-101.6011,98
40.7789,-73.9692,81
44.5344,-72.6144,40
34.9894,-99.0525,116
35.3889,-97.6006,94
35.4344,-119.0542,54
33.9786,-98.4928,94
39.0725,-95.6261,89
36.3189,-119.6289,98
40.6825,-74.1694,72
40.0803,-95.5919,89
27.7839,-97.5108,103
41.9097,-70.7294,76
46.7439,-117.1086,81
42.9486,-78.7369,98
37.9917,-122.0550,139
42.6958,-73.1708,98
29.3389,-98.4719,63
42.6425,-77.0564,54
42.7431,-73.8092,63
42.0647,-104.1528,116
28.4339,-81.3250,58
44.3814,-100.2856,72
41.1519,-104.8061,165
44.3853,-74.2067,76
33.6267,-116.1594,45
37.6542,-122.1150,103
40.4422,-109.5144,45
34.0500,-94.4008,54
41.6686,-70.2800,45
38.3650,-82.5550,107
33.6228,-111.9106,31
41.1583,-73.1289,94
33.6361,-91.7556,67
59.7494,-154.9089,81
39.4519,-87.3089,89
36.7800,-119.7194,89
37.0911,-95.5664,107
30.0375,-91.8839,94
42.9550,-87.9044,103
42.1469,-121.7242,174
32.3542,-95.4025,107
39.9369,-91.1919,72
41.4525,-87.0058,72
37.7214,-122.2208,161
42.9667,-83.7494,81
37.2833,-102.6139,81
45.7728,-122.8611,98
40.8764,-74.2831,63
34.6517,-112.4208,54
36.0969,-79.9433,107
33.8117,-78.7239,103
33.1783,-86.7817,67
37.5050,-77.3203,103
45.0717,-83.5644,94
45.6689,-96.9914,81
38.9408,-77.4636,45
42.8939,-85.5447,94
42.5519,-71.7558,58
32.5428,-93.7450,94
41.2639,-72.8872,112
34.2006,-118.3575,58
58.6794,-156.6294,125
62.3200,-150.0950,103
47.5303,-122.3008,58
38.5050,-107.8975,58
45.4558,-98.4131,81
45.5511,-122.4089,116
42.1094,-77.9919,67
41.6328,-91.5431,72
33.2119,-87.6161,89
46.9253,-96.8111,94
46.1569,-123.8825,72
34.9869,-81.0575,112
40.8436,-72.6322,89
41.0731,-71.9233,67
41.3375,-84.4289,81
39.3669,-101.7000,161
36.3333,-119.9500,116
39.9444,-81.8922,76
33.4050,-118.4158,72
34.6294,-118.0836,134
34.4272,-100.2831,103
31.4208,-110.8458,58
37.3031,-108.6275,63
39.2292,-106.3169,81
44.5483,-95.0803,45
29.7036,-98.0281,94
33.8750,-84.3022,81
40.8217,-72.8689,58
42.5544,-92.4011,94
36.1189,-86.6892,89
32.6847,-83.6528,67
42.4092,-83.0100,76
36.6239,-87.4194,94
48.5428,-109.7633,107
32.2622,-107.7206,54
40.8203,-82.5178,94
31.3711,-100.4922,107
35.6169,-106.0889,98
30.3208,-97.7603,63
40.0489,-107.8853,45
41.5944,-109.0528,134
35.5931,-88.9167,94
42.7611,-87.8136,107
41.5631,-83.4764,89
47.4444,-122.3139,103
46.0947,-118.2869,76
39.3450,-81.4392,94
32.3500,-91.0278,76
32.9733,-97.3181,76
27.5333,-99.4667,54
30.7797,-86.5225,72
38.6956,-121.5897,130
48.0944,-105.5744,72
33.9519,-117.4386,54
48.2553,-101.2733,54
41.4333,-99.6333,139
7.0833,171.3833,72
38.8000,-97.6500,103
71.2833,-156.7814,54
31.3347,-92.5586,81
29.6381,-95.2819,98
45.0133,-84.7014,81
42.7461,-86.0967,72
40.1519,-122.2536,165
33.5656,-86.7450,89
27.9106,-82.6875,67
42.1128,-92.9175,103
37.3711,-118.3581,139
30.4781,-87.1869,76
29.1097,-95.4619,98
40.1203,-76.2944,45
43.4075,-94.7461,76
44.6381,-90.1875,67
30.6794,-88.2397,89
32.7667,-97.4500,81
38.4167,-113.0167,98
46.4167,-86.6500,81
33.9381,-118.3889,76
47.9078,-122.2803,103
40.7794,-73.8803,89
32.7336,-117.1831,89
38.7642,-87.6056,116
45.8183,-88.1144,58
66.9161,-151.5089,67
37.7086,-113.0944,98
40.2064,-100.5914,107
46.4267,-105.8825,94
35.8922,-78.7819,125
36.0167,-102.5500,98
38.1811,-85.7392,103
26.0719,-80.1536,81
40.6331,-93.9019,76
33.6800,-117.8664,54
41.5333,-71.2833,89
28.4736,-82.4544,67
17.7028,-64.8056,89
48.5222,-123.0231,67
40.6161,-83.0636,76
38.8853,-79.8528,94
39.4019,-77.9844,36
42.4167,-87.8667,94
29.1828,-81.0483,54
43.1406,-89.3453,103
37.2958,-81.2078,130
32.3336,-104.2581,116
25.7906,-80.3164,76
26.9172,-81.9914,27
32.8342,-115.5786,36
31.9514,-85.1289,54
34.7442,-87.5997,112
33.4669,-82.0386,72
39.1667,-76.6833,45
35.9333,-79.0642,58
45.1947,-123.1339,103
18.3331,-64.9667,72
41.8678,-84.0794,94
44.3675,-71.5450,89
41.1078,-92.4467,76
36.1625,-97.0894,98
47.9375,-124.5550,72
41.1214,-100.6694,94
24.5550,-81.7522,63
43.7700,-88.4864,112
46.0261,-91.4442,89
28.8614,-96.9303,103
45.5433,-94.0514,63
41.5175,-81.6836,103
40.4719,-81.4236,58
24.5833,-81.6833,67
40.6508,-75.4492,54
41.5092,-74.2650,67
32.8519,-96.8556,81
36.8167,-76.0333,116
18.2550,-65.6408,63
38.8100,-104.6883,116
34.1853,-79.7239,98
41.2433,-76.9217,45
25.9069,-80.2803,76
47.0492,-109.4578,139
36.7683,-96.0261,107
31.4156,-87.0442,63
42.3075,-85.2511,94
43.5331,-84.0797,139
36.9878,-120.1106,112
41.1389,-75.3794,58
38.7550,-109.7542,45
40.2383,-75.5572,40
35.5144,-108.7939,45
33.9706,-80.9958,89
34.2167,-119.0833,72
48.2138,-106.6213,76
48.1203,-123.4983,36
35.2236,-80.9553,112
26.1522,-81.7753,72
44.5169,-108.0822,67
38.6572,-90.6558,81
47.9742,-117.4283,81
39.3756,-99.8297,98
38.8983,-119.9947,116
31.9433,-102.1889,112
34.2900,-93.0600,76
32.8167,-115.6833,45
28.0622,-81.7542,54
44.8428,-117.8086,103
39.7556,-82.6572,76
30.4000,-81.4167,58
35.2578,-93.0947,54
18.4325,-66.0108,81
34.6439,-86.7861,98
31.6072,-110.4281,58
37.2622,-104.3378,81
40.2769,-74.8158,67
42.0800,-80.1825,107
63.9944,-145.7214,157
47.3258,-106.9475,103
46.5486,-90.9189,107
55.5800,-133.0750,54
46.8706,-68.0172,58
32.8158,-117.1394,81
47.4933,-122.2144,76
30.1831,-97.6800,98
35.1822,-103.6031,94
40.8289,-115.7886,125
33.3644,-81.9633,94
39.4781,-88.2803,94
21.3167,-158.0667,63
43.3500,-73.6167,63
59.4556,-135.3239,139
30.9119,-102.9167,125
39.1258,-123.2008,67
37.7064,-112.1456,76
44.9047,-97.1494,63
45.5464,-100.4078,58
40.1667,-103.2167,174
43.1711,-86.2367,76
33.7792,-84.5214,72
60.7850,-148.8389,45
31.8606,-86.0122,67
45.0319,-102.0192,112
31.6189,-97.2283,94
35.5342,-97.6469,98
43.8789,-91.2528,63
13.4836,144.7961,98
47.2675,-122.5761,67
34.8831,-82.2203,116
44.3981,-98.2231,76
31.8311,-104.8089,134
47.6831,-117.3214,63
47.3078,-119.5153,76
39.1333,-86.6167,103
35.8550,-77.8931,112
40.7833,-91.1253,89
35.0028,-105.6628,130
39.9181,-76.8742,22
67.7317,-164.5483,89
39.6428,-79.9164,81
30.6264,-88.0681,63
40.5175,-122.2986,215
36.6206,-116.0278,103
30.3975,-84.3289,58
42.8375,-103.0953,103
28.7247,-96.2536,89
46.0139,-102.6547,94
45.9647,-112.5006,63
37.2353,-93.4003,94
38.3083,-75.1239,58
42.8914,-73.2469,76
38.0442,-87.5206,107
19.7192,-155.0531,67
30.5069,-86.9597,67
39.7075,-86.2803,125
37.1319,-76.4930,94
39.6728,-75.6008,81
26.1839,-98.2539,76
44.7408,-85.5825,72
41.7361,-72.6506,72
38.3306,-96.1897,103
22.0333,-159.7833,98
48.6033,-112.3753,161
43.4133,-124.2436,54
36.2967,-99.7689,98
34.2719,-83.8303,81
41.8706,-103.5931,130
43.8339,-111.8045,98
39.8344,-88.8656,94
39.8328,-104.6575,148
42.2706,-71.8731,89
37.6928,-121.8144,103
42.1928,-89.0931,103
37.0683,-88.7719,98
39.5936,-84.2264,98
44.0433,-103.0536,130
41.2003,-74.6231,63
33.4964,-90.0867,94
41.4131,-81.8600,98
37.1467,-94.5022,94
32.6261,-116.4681,76
36.1994,-95.8872,76
39.1033,-84.4189,112
57.1553,-170.2222,183
40.6675,-89.6839,58
46.8369,-92.2097,98
40.1764,-80.6472,98
30.7044,-87.0231,76
37.6544,-97.4425,89
37.7081,-77.4344,98
32.7817,-98.0603,76
39.4900,-121.6183,134
46.9258,-98.6692,76
31.5358,-82.5067,76
34.9000,-76.8833,125
42.8050,-72.0036,40
41.7219,-71.4325,94
35.0564,-89.9864,94
35.3331,-94.3625,67
41.3931,-70.6150,72
44.4983,-88.1111,125
36.6636,-121.6081,139
39.3667,-75.0667,45
55.0389,-131.5786,81
37.0872,-84.0769,89
34.0158,-118.4514,58
29.9506,-94.0206,103
31.3928,-92.2956,94
41.5097,-72.8278,67
42.5906,-117.8644,98
32.4833,-80.7167,89
41.6875,-69.9933,58
27.6531,-80.2428,67
30.8458,-85.6014,54
43.1544,-93.3269,81
37.6242,-120.9506,112
34.7000,-77.3833,107
38.1386,-78.4530,94
41.9950,-87.9336,103
7.3333,134.4833,77
26.2281,-97.6542,130
29.3783,-100.9269,58
35.9403,-89.8308,125
33.8117,-118.1464,81
34.4978,-82.7097,98
39.5781,-85.8033,98
46.1442,-115.5964,31
40.5100,-101.6200,130
70.1917,-148.4772,94
44.1708,-114.9272,76
41.3119,-105.6747,148
43.2781,-70.9222,67
42.4819,-114.4869,125
30.3489,-85.7881,63
59.4433,-151.7017,94
32.5156,-92.0406,94
33.2367,-107.2681,76
32.6808,-96.8681,67
30.3433,-89.8222,72
37.7608,-99.9683,130
42.7803,-84.5789,98
40.6239,-74.6694,45
31.8456,-86.6108,63
32.7100,-96.2672,98
42.5417,-113.7661,76
35.0678,-77.0481,103
38.0494,-103.5122,76
30.8356,-85.1839,63
44.0206,-117.0128,54
38.2900,-104.4983,112
55.3567,-131.7117,72
59.2433,-135.5094,112
41.0375,-81.4642,76
29.9933,-90.2511,89
36.9358,-121.7886,139
39.3644,-84.5247,89
38.5911,-92.1558,81
47.0339,-120.5303,58
45.8258,-119.2611,72
47.4667,-87.8833,81
30.7406,-98.2353,67
31.4583,-109.6061,67
36.7436,-108.2292,63
48.7939,-122.5372,81
38.9597,-94.3714,98
39.5514,-97.6508,103
34.3622,-98.9761,112
39.2231,-106.8683,54
15.1167,145.7167,107
47.2078,-119.3192,58
40.8097,-124.1603,103
41.6236,-98.9517,134
39.8683,-75.2311,67
38.2281,-85.6636,89
41.1014,-102.9847,161
46.1236,-67.7928,63
40.7083,-84.0267,81
40.8500,-74.0614,58
38.5000,-77.3000,63
34.8536,-116.7858,67
32.8978,-97.0189,103
39.1894,-103.7158,107
36.6950,-76.1356,67
33.1281,-117.2794,58
31.1500,-92.9667,54
29.6333,-83.1053,67
42.9203,-112.5711,89
43.7694,-87.8506,103
43.6497,-70.3003,89
36.5881,-121.8453,103
30.5108,-99.7664,81
31.1828,-90.4708,76
41.7781,-80.6958,58
32.5500,-88.5667,81
34.5467,-93.5781,54
37.6703,-95.4842,98
35.9508,-85.0814,67
35.2578,-113.9331,67
45.6478,-68.6925,54
34.7336,-76.6606,112
28.5453,-81.3331,58
43.1561,-90.6775,63
26.5850,-81.8614,63
41.7419,-72.1836,76
56.6000,-169.5650,201
38.7667,-104.3000,76
41.9922,-93.6217,81
43.1111,-76.1039,67
35.7425,-81.3819,94
34.7436,-118.7242,89
33.3075,-104.5083,103
34.8994,-120.4486,94
42.6003,-123.3642,116
33.8281,-116.5053,36
48.7167,-94.6000,67
41.5339,-93.6531,76
42.3811,-122.8722,125
40.4953,-107.5211,63
47.4733,-111.3822,130
39.4839,-119.7711,112
46.9733,-122.9033,72
38.5714,-90.1572,98
47.3864,-92.8389,54
45.8678,-95.3942,54
42.2228,-83.7444,76
42.1244,-86.4267,58
37.3208,-79.2067,103
41.9856,-97.4353,94
39.2775,-120.7103,165
46.5683,-120.5428,103
43.9636,-69.7117,54
35.6575,-109.0614,58
43.3906,-99.8422,125
35.1350,-90.2344,94
35.4319,-82.5375,94
30.7439,-95.5861,94
39.0083,-95.2117,98
34.7675,-114.6189,54
39.8250,-86.2958,89
44.6500,-73.4667,72
55.2208,-162.7325,134
34.2097,-118.4892,40
41.4914,-120.5644,107
30.3567,-95.4139,103
33.4617,-80.8581,103
44.8831,-93.2289,72
47.9428,-97.1839,89
38.8317,-94.8897,103
38.8483,-77.0342,67
31.2819,-89.2531,81
43.6264,-72.3047,45
34.6719,-82.8864,98
44.9050,-123.0011,107
32.5161,-84.9422,67
41.3714,-73.4828,67
36.9647,-86.4239,98
58.3567,-134.5639,36
29.6919,-82.2756,58
39.1208,-94.5969,76
26.1658,-97.3458,107
38.0408,-84.6058,125
36.9261,-111.4478,45
29.2733,-94.8592,81
39.5264,-107.7264,67
35.8311,-90.6464,125
41.9144,-88.2464,103
41.8756,-71.0211,63
46.4047,-94.1308,58
42.3978,-90.7036,94
-14.3306,-170.7136,52
27.4014,-82.5586,67
37.5908,-83.3131,67
34.1167,-119.1167,67
35.2100,-99.1200,125
33.4825,-90.9853,107
35.6567,-95.3614,63
44.8322,-93.4706,67
34.9914,-78.8803,116
35.2325,-75.6219,107
45.5644,-84.7928,94
61.1689,-150.0278,98
47.7472,-90.3444,81
29.9800,-95.3600,81
32.2997,-86.4075,63
34.7272,-92.2389,72
42.6650,-83.4181,76
36.2833,-94.3000,81
39.1342,-108.5400,63
33.5872,-85.8556,76
30.4844,-81.7019,63
38.1847,-84.9033,116
43.2119,-90.1814,76
29.5622,-91.5256,40
40.9017,-117.8081,112
33.8719,-117.9789,58
47.1686,-88.4889,81
40.0819,-75.0111,67
41.5886,-83.8014,76
43.3497,-76.3847,54
40.8731,-81.8867,72
39.0431,-84.6717,103
25.9989,-80.2411,76
36.7367,-97.1019,112
31.3500,-85.6667,54
39.4203,-83.8217,116
41.8056,-107.1997,134
38.0511,-117.0903,112
43.1167,-77.6767,89
34.7917,-79.3661,112
42.8975,-106.4636,116
48.5614,-93.3981,63
32.1314,-110.9553,67
7.4500,151.8333,62
26.1969,-80.1708,76
36.6817,-101.5053,112
34.8461,-82.3461,112
45.6983,-110.4408,148
36.0236,-84.2375,45
41.7072,-86.3164,81
44.5761,-71.1786,36
30.7825,-83.2767,63
27.7628,-82.6261,54
33.6542,-101.8136,107
37.1681,-97.0369,94
40.1606,-113.3508,72
43.1953,-71.5011,63
30.2050,-91.9875,94
26.6847,-80.0994,81
31.0425,-86.3117,67
30.5372,-91.1469,94
43.1644,-95.2017,81
6.9667,158.2167,52
62.9614,-141.9292,22
42.3914,-96.3792,89
57.0481,-135.3647,103
42.9333,-71.4383,67
46.3583,-104.2500,103
45.8069,-108.5422,143
39.9492,-74.8417,54
41.7803,-124.2367,134
33.4536,-94.0075,67
47.6458,-101.4394,58
45.6044,-103.5464,125
8.7333,167.7333,112
42.5700,-72.2911,63
60.4889,-145.4511,76
35.0281,-110.7208,40
20.8997,-156.4286,54
45.4622,-69.5953,63
40.9706,-85.2064,76
32.6636,-97.0939,63
33.9486,-81.1186,98
31.2361,-94.7544,89
42.4933,-79.2722,89
40.0781,-83.0781,89
40.1936,-76.7633,27
44.3592,-84.6739,103
62.1592,-145.4589,31
66.8667,-162.6333,40
36.2667,-93.1567,72
57.7511,-152.4856,161
30.3503,-81.8831,54
32.3347,-88.7442,98
42.5844,-110.1075,58
60.5797,-151.2392,125
46.2667,-119.1167,89
39.4167,-118.7167,161
42.4700,-71.2894,76
38.2103,-122.2847,157
33.9753,-117.6361,63
44.5228,-114.2150,81
37.4058,-122.0481,89
32.0311,-96.3989,107
40.6386,-73.7622,89
39.1353,-96.6778,58
62.9575,-155.6103,81
33.3633,-84.5658,63
41.6267,-73.8842,45
31.3089,-86.3939,63
35.6875,-117.6931,63
34.5183,-109.3792,45
41.1783,-78.8989,76
46.6056,-111.9636,103
37.3169,-79.9742,112
42.0572,-102.8000,103
45.5406,-122.9486,112
38.6892,-75.3592,63
32.4106,-99.6822,130
28.4567,-99.2183,63
40.0972,-92.5433,67
41.3103,-95.8992,81
42.1208,-87.9047,94
38.9833,-76.4667,45
47.4569,-115.6450,63
34.6081,-79.0592,125
25.9156,-97.4186,116
42.8783,-100.5500,112
41.7700,-88.4814,94
38.9503,-95.6639,125
36.2606,-76.1750,112
32.8547,-109.6353,58
27.9619,-82.5403,45
36.9500,-76.2833,94
29.5442,-98.4839,72
32.4506,-93.8411,94
31.5883,-110.3442,67
21.3239,-157.9294,54
37.8892,-121.2258,116
41.4653,-90.5233,76
40.7342,-73.4169,89
41.9381,-72.6825,81
36.7725,-90.3247,98
33.1803,-96.5903,98
43.5950,-118.9564,81
59.5119,-139.6711,89
39.7736,-94.9233,94
33.4278,-112.0039,40
45.0619,-93.3508,67
34.7411,-118.2117,98
33.2208,-92.8142,94
32.3206,-90.0778,94
40.8206,-76.8642,36
33.9228,-118.3342,72
36.8781,-91.9025,76
30.1250,-93.2158,89
39.2447,-102.2842,134
34.0561,-117.6003,63
19.7356,-156.0489,63
43.2389,-123.3547,63
29.3331,-89.4075,54
35.6950,-101.3950,112
44.8889,-116.1017,45
42.1594,-76.8919,72
39.1019,-121.5678,139
41.3325,-122.3328,45
31.5356,-84.1944,67
42.7172,-71.1239,89
40.0228,-82.4625,94
44.3814,-106.7211,112
43.9042,-92.4917,76
42.1908,-71.1736,58
44.2033,-72.5794,31
42.7972,-105.3856,139
66.0689,-162.7639,45
41.2731,-111.0306,81
29.5189,-95.2417,89
39.7078,-77.7297,58
45.6308,-89.4653,54
40.9167,-81.4333,67
35.9461,-112.1547,58
38.3406,-75.5103,67
47.6217,-117.5281,76
31.8111,-106.3758,103
41.3275,-72.0494,89
41.0669,-73.7075,72
41.7872,-111.8533,45
21.1544,-157.0961,67
47.2381,-123.1408,63
37.3592,-121.9239,125
38.7525,-90.3736,81
45.5114,-118.4247,40
42.4272,-73.2892,67
38.0700,-102.6881,63
43.9844,-88.5569,112
34.6525,-86.9453,98
32.8192,-97.3614,89
33.2194,-117.3494,98
44.9319,-93.0556,67
40.3161,-78.8339,98
42.2314,-83.3308,81
35.6697,-120.6283,98
41.2544,-80.6739,81
38.1311,-91.7683,94
61.5961,-149.0917,192
38.0653,-97.8606,81
43.5667,-116.2406,94
64.5111,-165.4400,134
30.3361,-81.5147,63
35.0419,-106.6156,76
21.9839,-159.3405,81
41.0467,-78.4117,45
40.6044,-98.4272,98
41.3336,-75.7269,36
61.1781,-149.9664,116
32.7000,-117.2000,107
37.7836,-81.1231,98
28.1011,-80.6439,67
31.7800,-103.2017,112
31.9206,-102.3867,107
25.6475,-80.4331,76
42.1997,-75.9850,54
39.9914,-82.8808,94
42.1578,-72.7161,81
32.3847,-94.7117,98
36.9033,-76.1922,116
33.6186,-114.7142,40
40.3667,-75.9667,40
47.3978,-120.2014,58
45.7881,-111.1608,107
27.7411,-98.0247,81
35.8517,-97.4142,67
32.1300,-81.2100,89
64.8039,-147.8761,36
40.3547,-79.9217,89
35.1967,-81.1558,94
29.3600,-99.1742,72
36.4486,-103.1539,112
27.5000,-97.8167,98
33.2061,-97.1989,76
43.7331,-103.6114,107
30.7167,-87.0167,72
38.8500,-94.7392,94
41.1961,-112.0114,58
40.3300,-75.1225,36
30.2333,-81.6667,54
41.3497,-71.7989,76
41.7861,-87.7522,98
44.7978,-68.8186,89
40.2172,-76.8514,36
27.6833,-97.2833,98
48.3042,-114.2636,67
33.6300,-84.4417,76
42.5842,-70.9175,94
30.4119,-89.0808,72
43.3436,-72.5178,45
44.0219,-82.7931,112
44.3206,-69.7972,89
36.4731,-82.4044,107
48.3500,-122.6667,98
40.2964,-78.3203,81
38.7042,-93.1833,98
33.9481,-83.3275,67
9.4833,138.0833,67
37.6197,-122.3647,183
70.2117,-151.0017,63
38.3775,-121.9575,139
33.6883,-112.0817,63
30.4000,-86.4717,54
34.5583,-98.4172,107
32.8667,-117.1333,81
36.5728,-79.3361,98
40.8508,-96.7475,107
37.2847,-120.5128,134
38.5039,-122.8103,143
40.9611,-98.3136,89
43.7667,-98.0333,67
31.4000,-93.2833,63
45.6906,-118.8528,81
45.6208,-122.6572,76
37.7797,-89.2497,112
34.3478,-85.1611,72
48.1739,-103.6367,76
43.2339,-75.4117,89
37.9406,-75.4631,89
44.9258,-89.6256,58
39.6092,-110.7547,58
32.8986,-80.0403,103
30.4636,-88.5319,67
42.3606,-71.0106,98
46.4794,-84.3572,63
29.6222,-95.6564,103
39.2956,-80.2289,98
28.0836,-97.0464,72
42.2347,-85.5519,72
35.6542,-105.1419,89
39.2972,-94.7306,81
36.0719,-115.1633,94
45.5908,-122.6003,116
46.9006,-95.0678,45
36.1336,-80.2222,81
28.7797,-81.2436,58
43.1072,-78.9453,107
40.7781,-111.9694,89
41.7636,-96.1778,94
34.1231,-84.8486,45
36.3689,-92.4703,54
38.5069,-121.4950,107
44.8664,-91.4878,72
43.5878,-96.7289,58
24.7258,-81.0517,54
39.2953,-114.8467,98
42.7267,-114.4564,76
39.4494,-74.5672,58
45.2575,-112.5545,125
46.3747,-117.0156,63
39.9061,-84.2186,112
38.1417,-76.4292,72
44.5444,-110.4211,67
34.2486,-82.1592,98
40.7939,-73.1017,98
35.0311,-85.2014,89
41.8031,-78.6403,54
59.6419,-151.4908,94
41.0136,-83.6686,98
46.9728,-123.9303,94
44.9358,-74.8458,125
35.8181,-83.9858,130
31.1522,-81.3908,58
36.0467,-79.4769,98
