32.5667,-117.1167,932
30.0494,-90.0289,2106
43.9906,-70.9475,1150
45.6194,-121.1661,1616
47.2767,-121.3372,858
34.2008,-119.2069,428
64.7767,-141.1483,4
35.0169,-80.6206,657
38.3000,-76.4167,2
41.3461,-82.1794,1159
37.7461,-97.2211,1346
34.9883,-117.8647,1025
39.7333,-77.4333,44
41.6764,-70.9583,1045
42.2333,-83.5333,1313
36.7414,-104.5022,1440
41.2531,-70.0608,958
31.3558,-85.7511,1617
37.3278,-95.5042,1400
41.6264,-80.2150,258
60.1283,-149.4167,400
61.2169,-149.8550,1431
64.5500,-149.0717,1013
36.9839,-77.0075,1210
40.0681,-118.5692,825
21.4500,-157.7833,11
38.8761,-98.8092,1341
41.0089,-74.7367,826
26.5361,-81.7550,1101
64.3267,-158.7417,1544
41.9097,-70.7294,410
42.6958,-73.1708,10
42.6425,-77.0564,848
41.6686,-70.2800,908
59.7494,-154.9089,1157
37.0911,-95.5664,1209
39.9369,-91.1919,857
41.4525,-87.0058,311
40.8764,-74.2831,606
42.5519,-71.7558,1459
32.5428,-93.7450,1047
41.2639,-72.8872,846
62.3200,-150.0950,616
47.5303,-122.3008,1356
42.1094,-77.9919,34
34.9869,-81.0575,257
40.8436,-72.6322,931
41.0731,-71.9233,17
36.3333,-119.9500,935
33.4050,-118.4158,1023
40.8217,-72.8689,1034
42.4092,-83.0100,1403
35.6169,-106.0889,1137
41.5631,-83.4764,1422
30.7797,-86.5225,1953
38.6956,-121.5897,740
27.9106,-82.6875,1538
40.1203,-76.2944,844
32.7667,-97.4500,1617
38.4167,-113.0167,2004
46.4167,-86.6500,1617
47.9078,-122.2803,1426
45.8183,-88.1144,1149
66.9161,-151.5089,1442
41.5333,-71.2833,1127
28.4736,-82.4544,1549
17.7028,-64.8056,930
48.5222,-123.0231,1111
40.6161,-83.0636,1341
42.4167,-87.8667,29
70.6392,-159.9950,2031
31.9514,-85.1289,1238
35.9333,-79.0642,1403
18.3331,-64.9667,523
41.8678,-84.0794,1331
44.3675,-71.5450,1455
46.0261,-91.4442,1106
41.5175,-81.6836,1159
24.5833,-81.6833,1750
41.5092,-74.2650,1252
36.8167,-76.0333,1110
18.2550,-65.6408,1203
31.4156,-87.0442,1011
40.2383,-75.5572,714
35.5144,-108.7939,1423
48.1203,-123.4983,102
38.8983,-119.9947,114
32.8167,-115.6833,1723
28.0622,-81.7542,1632
39.7556,-82.6572,1025
30.4000,-81.4167,319
18.4325,-66.0108,1605
31.6072,-110.4281,640
63.9944,-145.7214,24
46.5486,-90.9189,1538
55.5800,-133.0750,1541
47.4933,-122.2144,1426
35.1822,-103.6031,1724
59.4556,-135.3239,2310
37.7064,-112.1456,1610
60.7850,-148.8389,137
47.2675,-122.5761,1120
35.8550,-77.8931,1306
35.0028,-105.6628,48
39.9181,-76.8742,1026
67.7317,-164.5483,2225
30.6264,-88.0681,1846
38.3083,-75.1239,443
30.5069,-86.9597,709
37.1319,-76.4930,1526
41.7361,-72.6506,1152
22.0333,-159.7833,1738
39.5936,-84.2264,107
41.2003,-74.6231,941
39.1033,-84.4189,1422
30.7044,-87.0231,902
37.7081,-77.4344,1159
39.4900,-121.6183,712
34.9000,-76.8833,1421
42.8050,-72.0036,938
41.3931,-70.6150,55
39.3667,-75.0667,628
31.3928,-92.2956,1457
41.5097,-72.8278,923
32.4833,-80.7167,1459
41.6875,-69.9933,237
30.8458,-85.6014,904
34.7000,-77.3833,1401
35.9403,-89.8308,1642
46.1442,-115.5964,1056
70.1917,-148.4772,2115
43.2781,-70.9222,847
59.4433,-151.7017,322
30.3433,-89.8222,1346
40.6239,-74.6694,1048
31.8456,-86.6108,1321
30.8356,-85.1839,824
55.3567,-131.7117,1334
41.0375,-81.4642,1046
39.3644,-84.5247,1512
47.0339,-120.5303,1245
45.8258,-119.2611,1133
47.4667,-87.8833,1452
36.7436,-108.2292,1843
40.8500,-74.0614,1323
38.5000,-77.3000,1049
36.6950,-76.1356,1419
31.1500,-92.9667,1322
41.7781,-80.6958,910
32.5500,-88.5667,1738
41.7419,-72.1836,1331
56.6000,-169.5650,2131
38.7667,-104.3000,1419
42.6003,-123.3642,46
48.7167,-94.6000,1347
47.3864,-92.8389,1247
42.2228,-83.7444,1508
39.2775,-120.7103,136
43.9636,-69.7117,820
35.1350,-90.2344,1025
34.2097,-118.4892,238
43.6264,-72.3047,1330
34.6719,-82.8864,1308
41.3714,-73.4828,935
58.3567,-134.5639,1312
41.9144,-88.2464,1307
41.8756,-71.0211,957
46.4047,-94.1308,1336
61.1689,-150.0278,1813
47.7472,-90.3444,39
42.6650,-83.4181,4
47.1686,-88.4889,1539
40.0819,-75.0111,926
43.3497,-76.3847,940
40.8731,-81.8867,1136
39.4203,-83.8217,845
34.7917,-79.3661,2016
34.8461,-82.3461,2234
44.5761,-71.1786,1241
37.1681,-97.0369,1532
31.0425,-86.3117,1438
43.1644,-95.2017,1114
62.9614,-141.9292,208
57.0481,-135.3647,239
42.9333,-71.4383,1045
39.9492,-74.8417,1034
42.5700,-72.2911,948
60.4889,-145.4511,1433
45.4622,-69.5953,1244
42.4933,-79.2722,1120
40.0781,-83.0781,302
62.1592,-145.4589,20
60.5797,-151.2392,1740
39.4167,-118.7167,18
42.4700,-71.2894,1407
35.6875,-117.6931,334
42.1208,-87.9047,1358
38.9833,-76.4667,640
47.4569,-115.6450,422
41.7700,-88.4814,1244
38.9503,-95.6639,1547
36.9500,-76.2833,1243
31.5883,-110.3442,39
40.7342,-73.4169,1207
40.8206,-76.8642,851
29.3331,-89.4075,1245
42.1594,-76.8919,926
42.7172,-71.1239,1044
40.0228,-82.4625,829
42.1908,-71.1736,1005
66.0689,-162.7639,2248
41.3275,-72.0494,845
41.0669,-73.7075,835
41.7872,-111.8533,1725
47.2381,-123.1408,1335
61.5961,-149.0917,241
38.0653,-97.8606,17
41.0467,-78.4117,26
42.5708,-77.7133,921
61.1781,-149.9664,1447
42.1578,-72.7161,1342
40.3547,-79.9217,1238
35.1967,-81.1558,553
27.5000,-97.8167,1455
30.7167,-87.0167,909
41.1961,-112.0114,230
40.3300,-75.1225,924
30.2333,-81.6667,8
41.3497,-71.7989,1106
41.7861,-87.7522,1724
40.2172,-76.8514,758
27.6833,-97.2833,1222
42.5842,-70.9175,1211
44.0219,-82.7931,38
70.2117,-151.0017,2225
30.4000,-86.4717,2322
32.8667,-117.1333,735
31.4000,-93.2833,1351
43.2339,-75.4117,856
39.6092,-110.7547,1143
30.4636,-88.5319,1044
39.2956,-80.2289,37
35.6542,-105.1419,1439
46.9006,-95.0678,1312
36.1336,-80.2222,1833
43.1072,-78.9453,6
38.1417,-76.4292,2
34.2486,-82.1592,3
59.6419,-151.4908,1442
41.0136,-83.6686,1707
36.0467,-79.4769,1753
