60.5797,-151.2392,820
28.0622,-81.7542,821
42.9333,-71.4383,1526
56.6000,-169.5650,1559
42.5519,-71.7558,1528
41.8678,-84.0794,1057
31.3089,-86.3939,229
42.6003,-123.3642,1815
18.4325,-66.0108,847
61.2169,-149.8550,1546
41.2003,-74.6231,1426
62.3200,-150.0950,1349
9.4833,138.0833,313
43.2781,-70.9222,1639
17.7028,-64.8056,1129
41.0136,-83.6686,1053
42.4167,-87.8667,1307
47.4569,-115.6450,1226
47.2675,-122.5761,232
42.1578,-72.7161,1648
40.3300,-75.1225,1418
37.0911,-95.5664,1610
30.4636,-88.5319,2127
70.1917,-148.4772,2101
40.8217,-72.8689,755
41.9097,-70.7294,747
7.3333,134.4833,939
40.8500,-74.0614,1734
41.0669,-73.7075,1258
40.6161,-83.0636,1403
38.9503,-95.6639,1505
48.7167,-94.6000,1149
47.5303,-122.3008,535
43.9906,-70.9475,1346
64.5500,-149.0717,1500
40.8764,-74.2831,1652
26.5361,-81.7550,1217
40.1203,-76.2944,1555
37.7081,-77.4344,1313
32.4833,-80.7167,311
34.2097,-118.4892,1241
70.6392,-159.9950,2025
38.8761,-98.8092,1404
39.4203,-83.8217,1537
39.9369,-91.1919,1523
41.3714,-73.4828,1232
34.7917,-79.3661,1118
44.5761,-71.1786,1458
39.3667,-75.0667,1036
41.5631,-83.4764,1132
57.0481,-135.3647,1152
31.0425,-86.3117,1113
45.4622,-69.5953,2255
35.1350,-90.2344,1308
43.1072,-78.9453,1427
59.6419,-151.4908,1506
39.7556,-82.6572,1413
40.0819,-75.0111,750
38.9833,-76.4667,1144
31.6072,-110.4281,954
38.3083,-75.1239,1300
32.7000,-117.2000,1254
36.7414,-104.5022,902
42.1594,-76.8919,1441
59.7494,-154.9089,1418
40.7342,-73.4169,1420
60.4889,-145.4511,1945
41.6764,-70.9583,742
48.1203,-123.4983,717
59.2433,-135.5094,1723
30.6264,-88.0681,316
30.7797,-86.5225,248
24.5833,-81.6833,1620
41.5333,-71.2833,839
35.0028,-105.6628,819
34.7000,-77.3833,906
42.7172,-71.1239,736
7.4500,151.8333,1508
29.3331,-89.4075,26
42.5700,-72.2911,1316
39.1033,-84.4189,1400
35.9403,-89.8308,1347
38.5000,-77.3000,841
30.3433,-89.8222,110
41.7781,-80.6958,1132
42.2333,-83.5333,1103
44.3675,-71.5450,1327
41.0731,-71.9233,1545
42.4933,-79.2722,1018
35.9333,-79.0642,945
30.4000,-86.4717,302
61.1781,-149.9664,2358
38.8983,-119.9947,1334
41.6875,-69.9933,728
41.3461,-82.1794,1324
37.7064,-112.1456,1633
33.4050,-118.4158,1736
41.3497,-71.7989,659
48.5222,-123.0231,735
55.3567,-131.7117,452
41.7872,-111.8533,1003
42.1094,-77.9919,1220
42.6958,-73.1708,1259
29.5622,-91.5256,1704
70.2117,-151.0017,1443
42.6425,-77.0564,1243
35.6875,-117.6931,1758
41.9144,-88.2464,1450
43.2339,-75.4117,1215
41.0467,-78.4117,1219
34.8461,-82.3461,1341
43.6264,-72.3047,1250
36.6950,-76.1356,1323
42.4092,-83.0100,928
22.0333,-159.7833,1804
42.1208,-87.9047,1342
28.4736,-82.4544,1142
32.5500,-88.5667,2231
41.5092,-74.2650,1640
38.0653,-97.8606,1136
38.3000,-76.4167,58
41.7700,-88.4814,1553
43.1644,-95.2017,1802
30.2333,-81.6667,1019
36.3333,-119.9500,2053
45.6194,-121.1661,1622
35.6169,-106.0889,1307
42.5708,-77.7133,1350
41.0089,-74.7367,1534
41.3275,-72.0494,948
41.5097,-72.8278,1711
35.1822,-103.6031,904
59.4433,-151.7017,1331
39.2956,-80.2289,1535
47.1686,-88.4889,1244
39.9492,-74.8417,844
40.0228,-82.4625,1158
27.9106,-82.6875,728
46.4167,-86.6500,1301
40.8731,-81.8867,1150
41.7861,-87.7522,1512
42.8050,-72.0036,1627
40.0681,-118.5692,1157
30.0494,-90.0289,201
32.5428,-93.7450,327
39.3644,-84.5247,1155
41.6264,-80.2150,1251
34.2008,-119.2069,1430
41.1961,-112.0114,1243
30.7167,-87.0167,2304
34.9000,-76.8833,936
6.9667,158.2167,1148
39.7333,-77.4333,1343
32.8667,-117.1333,1237
31.9514,-85.1289,1006
46.0261,-91.4442,1623
36.7436,-108.2292,1129
27.6833,-97.2833,2024
60.1283,-149.4167,945
47.3864,-92.8389,1545
61.1689,-150.0278,2355
58.3567,-134.5639,1259
37.7461,-97.2211,1141
47.0339,-120.5303,1818
32.8167,-115.6833,2109
31.4000,-93.2833,443
37.1319,-76.4930,1204
39.4167,-118.7167,2109
34.2486,-82.1592,907
40.3547,-79.9217,1505
41.3931,-70.6150,713
41.2639,-72.8872,1641
37.3278,-95.5042,1654
39.6092,-110.7547,1331
41.4525,-87.0058,1229
31.3500,-85.6667,2100
62.9614,-141.9292,1515
62.1592,-145.4589,1253
37.1681,-97.0369,1540
46.4047,-94.1308,1555
41.2531,-70.0608,728
41.7419,-72.1836,1723
36.8167,-76.0333,51
35.1967,-81.1558,1438
41.6686,-70.2800,735
30.4000,-81.4167,1250
46.5486,-90.9189,2312
18.2550,-65.6408,1236
31.3928,-92.2956,602
61.5961,-149.0917,1540
41.8756,-71.0211,1649
43.3497,-76.3847,2347
35.6542,-105.1419,723
48.3500,-122.6667,912
42.1908,-71.1736,1624
45.8183,-88.1144,1441
64.7767,-141.1483,1358
38.4167,-113.0167,1529
41.0375,-81.4642,1119
47.4667,-87.8833,1358
35.5144,-108.7939,1433
59.4556,-135.3239,1649
39.9181,-76.8742,1101
66.0689,-162.7639,1943
42.4700,-71.2894,1616
47.4933,-122.2144,1216
45.8258,-119.2611,2251
36.9500,-76.2833,222
34.9883,-117.8647,1902
67.7317,-164.5483,2046
32.7667,-97.4500,1209
46.9006,-95.0678,1556
42.6650,-83.4181,1110
60.7850,-148.8389,837
55.5800,-133.0750,745
42.5842,-70.9175,1523
38.1417,-76.4292,823
31.3558,-85.7511,1027
40.2172,-76.8514,1319
46.1442,-115.5964,442
30.3503,-81.8831,1337
38.6956,-121.5897,1749
35.8550,-77.8931,1311
36.1336,-80.2222,909
31.1500,-92.9667,2245
40.2383,-75.5572,1359
30.7044,-87.0231,57
47.9078,-122.2803,624
34.6719,-82.8864,952
40.8436,-72.6322,1508
39.4900,-121.6183,1552
41.7361,-72.6506,1737
27.5000,-97.8167,834
36.9839,-77.0075,830
30.5069,-86.9597,115
35.0169,-80.6206,826
39.5936,-84.2264,823
34.9869,-81.0575,912
64.3267,-158.7417,1635
41.5175,-81.6836,621
66.9161,-151.5089,1505
47.2381,-123.1408,938
40.6239,-74.6694,1558
47.7472,-90.3444,2231
40.0781,-83.0781,1424
31.4156,-87.0442,2138
34.1167,-119.1167,1346
40.8206,-76.8642,1146
42.2228,-83.7444,1238
44.0219,-82.7931,24
43.9636,-69.7117,1340
31.5883,-110.3442,917
38.7667,-104.3000,1808
18.3331,-64.9667,857
63.9944,-145.7214,1251
39.2775,-120.7103,1257
