26.1658,-97.3458,1
39.3756,-99.8297,1
43.4075,-94.7461,1
38.0700,-102.6881,1
47.6831,-117.3214,1
45.2575,-112.5545,1
40.4719,-81.4236,1
31.9206,-102.3867,1
31.8311,-104.8089,1
34.0158,-118.4514,1
26.1522,-81.7753,1
33.4669,-82.0386,1
39.2972,-94.7306,1
44.9050,-123.0011,1
34.2167,-119.0833,1
43.9844,-88.5569,1
28.4567,-99.2183,1
35.7425,-81.3819,1
38.5039,-122.8103,1
45.6208,-122.6572,1
32.6636,-97.0939,1
40.0397,-88.2778,1
31.3214,-85.4497,1
37.2958,-81.2078,1
43.9922,-76.0217,1
31.9433,-102.1889,1
36.3189,-119.6289,1
46.0947,-118.2869,1
33.9481,-83.3275,1
38.8169,-92.2183,1
44.1278,-123.2206,1
33.9753,-117.6361,1
43.1711,-86.2367,1
55.0389,-131.5786,1
37.6242,-120.9506,1
42.8153,-108.7261,1
43.3906,-99.8422,1
36.9358,-121.7886,1
40.6044,-98.4272,1
24.7258,-81.0517,1
45.7728,-122.8611,1
38.5714,-90.1572,1
34.8994,-120.4486,1
42.5844,-110.1075,1
47.5303,-122.3008,1
32.8342,-115.5786,1
43.2119,-90.1814,1
31.8606,-86.0122,1
45.5406,-122.9486,1
31.5356,-84.1944,1
38.1386,-78.4530,1
32.2997,-86.4075,1
37.6703,-95.4842,1
45.5511,-122.4089,1
43.3436,-72.5178,1
