36.7200,-106.2600,193
36.9600,-106.6600,176
39.3600,-106.0600,69
36.0300,-106.8100,214
48.7200,-116.4600,35
38.4000,-119.5400,191
36.0000,-106.8300,238
44.3800,-116.3400,106
36.8600,-106.2300,13
36.1900,-105.5600,87
39.2900,-117.1100,205
44.7900,-116.0900,201
36.5100,-106.3200,9
39.3100,-111.4300,144
35.3400,-111.6500,308
36.0700,-105.6300,270
40.5300,-106.7800,45
39.4300,-120.3100,224
43.8000,-114.8500,360
35.7700,-105.7800,210
44.2100,-110.6700,297
35.9200,-106.3900,280
41.4000,-107.2600,182
40.3000,-111.2600,164
43.7600,-115.2400,175
36.2500,-115.6300,246
36.7900,-105.2400,272
36.3100,-115.6800,153
39.1900,-120.2600,248
36.9900,-105.2600,179
36.1300,-105.5300,232
39.8000,-106.0300,285
40.8300,-111.7600,106
