32.5667,-117.1167,1130
30.0494,-90.0289,1513
43.9906,-70.9475,1712
45.6194,-121.1661,2258
34.2008,-119.2069,1637
64.7767,-141.1483,1311
35.0169,-80.6206,909
38.3000,-76.4167,730
41.3461,-82.1794,1241
37.7461,-97.2211,1022
34.9883,-117.8647,1822
39.7333,-77.4333,1515
41.6764,-70.9583,1442
42.2333,-83.5333,1439
36.7414,-104.5022,1659
41.2531,-70.0608,1334
31.3558,-85.7511,1547
37.3278,-95.5042,1117
41.6264,-80.2150,1053
60.1283,-149.4167,940
61.2169,-149.8550,1633
64.5500,-149.0717,1328
36.9839,-77.0075,1359
40.0681,-118.5692,1111
38.8761,-98.8092,1359
41.0089,-74.7367,1138
26.5361,-81.7550,1358
64.3267,-158.7417,1450
41.9097,-70.7294,1327
42.6958,-73.1708,1238
42.6425,-77.0564,1630
41.6686,-70.2800,1345
59.7494,-154.9089,2346
37.0911,-95.5664,1227
39.9369,-91.1919,1109
41.4525,-87.0058,1051
40.8764,-74.2831,1358
42.5519,-71.7558,1305
32.5428,-93.7450,1521
41.2639,-72.8872,1720
62.3200,-150.0950,1050
47.5303,-122.3008,1545
42.1094,-77.9919,1524
34.9869,-81.0575,1303
40.8436,-72.6322,1328
36.3333,-119.9500,2
33.4050,-118.4158,2100
40.8217,-72.8689,1322
42.4092,-83.0100,1158
35.6169,-106.0889,1159
41.5631,-83.4764,1711
30.7797,-86.5225,1144
38.6956,-121.5897,1746
27.9106,-82.6875,1332
40.1203,-76.2944,1815
32.7667,-97.4500,1500
38.4167,-113.0167,1110
46.4167,-86.6500,1708
47.9078,-122.2803,1152
45.8183,-88.1144,1541
66.9161,-151.5089,1823
41.5333,-71.2833,1548
28.4736,-82.4544,1149
17.7028,-64.8056,1053
48.5222,-123.0231,905
40.6161,-83.0636,1213
42.4167,-87.8667,1212
31.9514,-85.1289,1525
35.9333,-79.0642,914
18.3331,-64.9667,1040
41.8678,-84.0794,1127
44.3675,-71.5450,1427
46.0261,-91.4442,1545
41.5175,-81.6836,1207
24.5833,-81.6833,1302
41.5092,-74.2650,1320
36.8167,-76.0333,855
31.4156,-87.0442,1150
40.2383,-75.5572,1230
35.5144,-108.7939,1850
38.8983,-119.9947,1248
32.8167,-115.6833,1251
28.0622,-81.7542,1424
39.7556,-82.6572,1256
30.4000,-81.4167,1422
18.4325,-66.0108,1548
31.6072,-110.4281,957
63.9944,-145.7214,1314
46.5486,-90.9189,1509
55.5800,-133.0750,1115
47.4933,-122.2144,1049
35.1822,-103.6031,1542
59.4556,-135.3239,17
37.7064,-112.1456,1415
60.7850,-148.8389,1742
47.2675,-122.5761,1933
35.8550,-77.8931,957
35.0028,-105.6628,1425
39.9181,-76.8742,1948
67.7317,-164.5483,425
30.6264,-88.0681,1448
38.3083,-75.1239,1728
30.5069,-86.9597,1637
37.1319,-76.4930,835
41.7361,-72.6506,1158
22.0333,-159.7833,1328
39.5936,-84.2264,1313
41.2003,-74.6231,920
39.1033,-84.4189,1409
30.7044,-87.0231,1351
37.7081,-77.4344,1151
39.4900,-121.6183,1620
34.9000,-76.8833,1339
42.8050,-72.0036,1219
41.3931,-70.6150,1320
39.3667,-75.0667,1250
31.3928,-92.2956,1707
41.5097,-72.8278,1300
32.4833,-80.7167,1458
41.6875,-69.9933,1654
34.7000,-77.3833,847
7.3333,134.4833,1812
35.9403,-89.8308,1505
46.1442,-115.5964,1626
70.1917,-148.4772,1916
43.2781,-70.9222,1102
59.4433,-151.7017,1440
30.3433,-89.8222,1427
40.6239,-74.6694,1224
55.3567,-131.7117,1242
59.2433,-135.5094,24
41.0375,-81.4642,1149
39.3644,-84.5247,1235
47.0339,-120.5303,1927
45.8258,-119.2611,2247
47.4667,-87.8833,1615
36.7436,-108.2292,1808
40.8500,-74.0614,1612
38.5000,-77.3000,1254
36.6950,-76.1356,830
31.1500,-92.9667,1638
41.7781,-80.6958,1741
32.5500,-88.5667,1546
41.7419,-72.1836,911
56.6000,-169.5650,1500
38.7667,-104.3000,2137
42.6003,-123.3642,1644
48.7167,-94.6000,1609
47.3864,-92.8389,2110
42.2228,-83.7444,1119
39.2775,-120.7103,1004
43.9636,-69.7117,1612
35.1350,-90.2344,1604
34.2097,-118.4892,1719
43.6264,-72.3047,1616
34.6719,-82.8864,1724
41.3714,-73.4828,1515
58.3567,-134.5639,729
41.9144,-88.2464,1106
41.8756,-71.0211,1345
46.4047,-94.1308,1440
34.1167,-119.1167,1119
61.1689,-150.0278,1500
47.7472,-90.3444,1528
42.6650,-83.4181,1212
47.1686,-88.4889,1345
40.0819,-75.0111,1330
43.3497,-76.3847,1437
40.8731,-81.8867,1410
31.3500,-85.6667,1647
39.4203,-83.8217,1055
34.7917,-79.3661,804
7.4500,151.8333,858
34.8461,-82.3461,1802
44.5761,-71.1786,1227
37.1681,-97.0369,1100
43.1644,-95.2017,1410
6.9667,158.2167,1530
62.9614,-141.9292,1436
57.0481,-135.3647,1259
42.9333,-71.4383,904
39.9492,-74.8417,1412
42.5700,-72.2911,1200
60.4889,-145.4511,1621
45.4622,-69.5953,1127
42.4933,-79.2722,2149
40.0781,-83.0781,1420
62.1592,-145.4589,1434
60.5797,-151.2392,1429
39.4167,-118.7167,2026
42.4700,-71.2894,1408
31.3089,-86.3939,1544
35.6875,-117.6931,1524
42.1208,-87.9047,1242
38.9833,-76.4667,841
47.4569,-115.6450,343
41.7700,-88.4814,1504
38.9503,-95.6639,1004
36.9500,-76.2833,959
40.7342,-73.4169,720
40.8206,-76.8642,1501
29.3331,-89.4075,305
42.1594,-76.8919,1200
42.7172,-71.1239,1612
40.0228,-82.4625,1252
42.1908,-71.1736,1554
66.0689,-162.7639,2056
41.3275,-72.0494,1320
41.0669,-73.7075,1736
41.7872,-111.8533,40
47.2381,-123.1408,2038
61.5961,-149.0917,1415
38.0653,-97.8606,1327
41.0467,-78.4117,1712
42.5708,-77.7133,1416
61.1781,-149.9664,1742
32.7000,-117.2000,1453
42.1578,-72.7161,930
40.3547,-79.9217,1357
35.1967,-81.1558,1245
27.5000,-97.8167,1622
30.7167,-87.0167,1402
41.1961,-112.0114,958
40.3300,-75.1225,1046
30.2333,-81.6667,1609
41.3497,-71.7989,1424
41.7861,-87.7522,1304
40.2172,-76.8514,2005
27.6833,-97.2833,1623
42.5842,-70.9175,1022
44.0219,-82.7931,442
48.3500,-122.6667,1315
9.4833,138.0833,1105
70.2117,-151.0017,1943
30.4000,-86.4717,252
32.8667,-117.1333,1408
31.4000,-93.2833,1445
43.2339,-75.4117,1234
39.6092,-110.7547,1247
30.4636,-88.5319,1652
39.2956,-80.2289,1607
35.6542,-105.1419,1241
46.9006,-95.0678,2315
36.1336,-80.2222,1515
43.1072,-78.9453,1456
38.1417,-76.4292,1440
34.2486,-82.1592,941
59.6419,-151.4908,1527
41.0136,-83.6686,1442
36.0467,-79.4769,935
