40.1100,-87.9567,233
41.1453,-85.4897,228
33.8083,-79.8567,306
47.0575,-109.9514,267
33.2564,-81.2422,261
34.1944,-79.2472,289
41.8161,-80.4250,222
40.4750,-86.9919,217
32.7547,-104.3836,267
34.2183,-81.0731,306
42.7831,-71.4147,228
37.1317,-86.1481,278
37.8194,-85.3847,283
42.1397,-87.7853,272
28.4575,-97.7061,367
33.8103,-91.2778,300
64.1539,-145.8894,139
44.4933,-68.4583,206
40.4719,-74.4364,222
62.1925,-150.5033,172
37.0683,-88.7725,272
46.8706,-68.0172,222
38.4558,-86.6983,250
40.2233,-86.1086,272
44.9847,-93.1772,250
34.4719,-81.8839,272
35.6214,-88.8456,294
32.3500,-94.6500,389
37.9311,-98.0297,256
40.0739,-87.5067,278
39.4833,-83.8500,239
42.2947,-83.7108,222
34.7289,-80.0389,283
37.1244,-87.8672,261
38.4661,-101.7758,244
39.4708,-87.4081,261
27.7792,-97.5056,289
38.7003,-82.4736,294
39.4700,-80.8572,261
38.7386,-87.4878,317
28.7156,-97.1742,294
41.0267,-86.5867,244
34.1419,-80.8700,278
35.6042,-91.2744,278
45.0853,-67.1203,233
38.5200,-89.8467,261
34.6603,-82.8236,311
38.8894,-86.5519,239
64.9156,-148.2711,100
42.3806,-96.9575,300
32.2822,-106.7597,378
41.4439,-86.9294,256
40.7928,-87.7556,217
33.7775,-81.8467,306
40.9361,-90.7197,261
32.5133,-92.3486,322
44.8831,-85.6753,256
40.2539,-85.1483,283
32.9206,-86.6708,306
46.3414,-86.9242,211
38.3139,-81.7186,244
36.7578,-90.4056,278
28.8608,-97.0181,344
40.8142,-85.1547,217
37.9931,-100.8122,256
37.1167,-84.6167,239
36.5914,-101.6181,333
20.7583,-156.3211,267
