38.8586,-99.3358,394
43.2828,-123.3536,267
38.9422,-92.3200,306
34.7392,-90.7664,356
34.7986,-96.6692,361
33.8936,-97.2692,339
45.5900,-95.8744,339
35.3925,-99.5064,311
36.4231,-99.4167,339
34.2392,-98.7444,311
35.8542,-97.9544,311
36.4711,-86.8414,328
35.9328,-88.7267,350
36.1903,-99.0403,333
40.1100,-87.9567,256
41.1453,-85.4897,244
47.0575,-109.9514,311
36.0642,-97.2128,350
34.5872,-99.3381,333
35.8489,-97.4797,339
44.6342,-123.1900,322
36.3842,-98.1114,306
36.1056,-82.8436,272
36.7081,-98.7094,339
34.6892,-86.8819,267
41.8161,-80.4250,211
40.4750,-86.9919,322
34.6089,-96.3331,372
30.5497,-84.5836,322
36.1472,-97.2858,350
36.4119,-97.6939,311
43.0431,-96.9033,261
34.1864,-90.5572,361
35.2050,-99.8033,367
39.3669,-101.7000,311
34.7675,-106.7611,378
31.8769,-105.2369,372
35.4842,-98.4814,333
42.1397,-87.7853,283
45.6750,-111.1550,244
36.7481,-98.3628,344
34.9678,-97.9519,311
39.7194,-76.8028,294
35.1867,-102.0797,322
40.7833,-81.9167,256
35.5461,-99.7278,356
35.1131,-89.2122,333
35.5083,-98.7750,344
34.7281,-90.3683,344
40.4719,-74.4364,311
34.7292,-98.5694,350
30.5467,-87.8808,356
34.9897,-99.0528,333
33.7092,-93.5564,400
34.0356,-96.9433,344
31.3625,-85.3397,383
36.1167,-97.6067,317
42.0208,-93.7742,250
35.5914,-99.2706,344
35.1297,-89.8036,317
33.9208,-96.3203,389
34.9142,-98.2922,322
44.9847,-93.1772,283
39.8058,-90.8236,289
35.6214,-88.8456,289
35.8819,-83.9572,339
35.5419,-97.3414,311
34.8494,-97.0031,344
40.0739,-87.5067,283
39.4833,-83.8500,272
34.5289,-97.7647,311
44.2394,-95.3153,233
39.4708,-87.4081,267
36.2872,-88.2958,311
35.1714,-96.6311,378
36.0286,-99.3464,339
44.0708,-93.5264,272
34.9819,-97.5208,300
35.7197,-86.9653,256
35.9986,-97.0481,389
36.8314,-99.6411,350
31.3706,-100.4942,356
32.4714,-87.2314,306
38.7386,-87.4878,344
34.4397,-99.1375,344
41.0267,-86.5867,328
63.9647,-145.1050,122
34.1678,-97.9883,322
37.3822,-102.2986,228
35.4139,-86.8086,256
31.0383,-85.8708,378
36.5994,-89.9894,278
34.6856,-99.8333,344
34.3325,-96.6789,356
36.1208,-97.0953,350
36.0147,-85.1314,222
33.2422,-103.3611,306
35.6872,-90.0964,339
36.0719,-99.9031,367
36.7256,-99.1422,333
35.1489,-98.4658,322
35.8417,-98.5261,328
35.6528,-96.8042,378
34.1936,-97.5881,322
38.5200,-89.8467,322
38.5350,-121.7761,356
33.3867,-97.7164,356
35.0708,-96.3561,356
35.2358,-97.4647,300
34.7156,-97.2292,317
35.8989,-98.9603,333
34.3997,-98.3458,328
34.5989,-103.2161,322
35.2006,-103.6867,322
41.4439,-86.9294,333
40.7928,-87.7556,239
34.1647,-88.7239,233
36.9869,-99.0108,350
40.9361,-90.7197,300
35.4017,-99.0583,350
36.2633,-98.4975,322
35.5483,-98.0364,294
39.3925,-101.0689,267
34.8083,-98.0233,306
34.2281,-97.2014,306
44.8831,-85.6753,272
41.6661,-111.8914,278
40.2539,-85.1483,378
30.7342,-85.0306,-178
32.8472,-97.4761,378
31.1414,-87.0486,383
34.5519,-96.7178,344
36.3558,-97.1531,356
31.2353,-88.9186,328
36.7925,-97.7458,311
36.8981,-96.9103,344
34.8219,-89.4347,156
34.1922,-97.0858,322
36.3925,-89.0317,317
34.4744,-91.4172,344
35.0322,-97.9144,311
36.6897,-108.3086,333
36.0908,-106.0567,233
34.8358,-99.4239,356
32.4219,-93.6381,317
40.8142,-85.1547,283
29.6211,-96.3661,444
34.5658,-96.9503,339
32.8986,-80.0403,300
31.4269,-94.8942,278
34.1381,-88.9983,328
35.2722,-97.9553,306
35.3736,-83.7006,222
34.1925,-86.7972,300
45.4825,-120.7236,333
36.7542,-97.2544,344
33.1772,-90.4919,328
