47.0083,-88.4317,76
42.3997,-89.9903,67
38.5039,-95.7036,63
30.5347,-94.4456,36
39.7194,-76.8028,63
40.5764,-105.0858,89
47.8306,-110.6608,40
39.4206,-79.0050,67
34.6242,-106.3103,94
61.5889,-149.0992,18
48.4628,-108.7792,0
35.5953,-82.5567,89
41.8161,-80.4250,67
40.1100,-87.9567,36
45.4525,-99.3358,94
43.0167,-70.8333,13
44.4933,-68.4583,85
61.1025,-149.7169,58
35.0761,-89.7430,58
37.1317,-86.1481,58
47.2753,-88.4169,54
45.0961,-112.0856,161
34.1206,-115.8500,58
39.3903,-94.5553,54
45.6656,-97.0392,67
34.7994,-109.8850,98
40.6558,-97.2208,89
41.7392,-77.9711,80
46.2314,-112.1136,67
48.9981,-110.2158,192
34.2183,-116.4072,125
40.9656,-105.2186,125
61.2967,-149.4400,76
39.8814,-77.3506,76
40.8250,-92.8925,36
39.7750,-105.1169,94
38.6644,-94.8900,76
