32.5667,-117.1167,20
36.3200,-115.7000,11
40.2342,-85.3936,47
30.0494,-90.0289,43
43.9906,-70.9475,16
45.6194,-121.1661,48
35.2333,-101.7089,34
34.2622,-88.7714,19
32.3367,-90.2214,24
32.6500,-114.6167,21
37.1431,-107.7597,31
37.4389,-105.8614,20
30.0481,-102.2131,21
34.2675,-77.8997,23
45.2486,-122.7686,35
46.7708,-100.7603,62
34.2008,-119.2069,24
35.2372,-120.6414,27
28.8208,-81.8097,21
43.0661,-108.4767,40
60.7850,-161.8292,39
64.7767,-141.1483,13
41.6117,-90.5808,44
37.2253,-89.5706,17
39.4206,-79.0050,9
38.8169,-92.2183,39
27.4981,-80.3767,23
40.4122,-86.9369,42
38.9286,-90.4281,23
34.8822,-95.7831,10
35.0169,-80.6206,15
38.3000,-76.4167,27
36.2117,-115.1958,30
41.3461,-82.1794,50
47.8344,-120.0006,45
40.9781,-124.1086,15
46.7994,-102.7972,72
36.7200,-106.2600,4
37.7461,-97.2211,28
41.7806,-122.4717,16
33.0375,-116.9158,21
42.8153,-108.7261,26
34.9883,-117.8647,55
32.5722,-116.9794,19
36.0097,-94.1694,5
42.5950,-87.9381,35
43.8000,-114.8500,11
39.6014,-116.0056,26
47.2856,-68.3133,47
34.1750,-91.9347,22
43.0206,-102.5183,31
44.4683,-73.1500,63
41.8833,-91.7167,48
39.8233,-93.5792,23
46.6461,-119.9061,54
43.5164,-112.0672,54
36.0394,-95.9844,7
29.7333,-85.0333,21
34.4258,-119.8425,26
43.9922,-76.0217,49
41.6764,-70.9583,23
44.1278,-123.2206,31
42.2333,-83.5333,54
31.3214,-85.4497,18
38.3794,-81.5900,30
46.9208,-114.0925,29
36.7414,-104.5022,25
41.2531,-70.0608,51
44.2558,-121.1392,31
41.5272,-85.7922,53
31.3558,-85.7511,13
44.3592,-89.8369,41
37.3278,-95.5042,8
48.8700,-121.7900,0
40.1100,-87.9567,45
41.6264,-80.2150,34
60.1283,-149.4167,21
43.9658,-107.9508,26
42.2667,-84.4667,51
35.1442,-111.6664,26
61.2169,-149.8550,9
40.0397,-88.2778,47
64.5500,-149.0717,22
26.2500,-80.1083,33
36.9839,-77.0075,20
35.5953,-82.5567,13
48.4608,-119.5167,39
40.0681,-118.5692,34
40.9339,-72.7394,13
21.4500,-157.7833,51
38.8761,-98.8092,43
30.0675,-95.5561,23
44.3394,-105.5419,41
32.7800,-79.9319,24
41.0089,-74.7367,15
34.0511,-118.2353,9
37.9272,-100.7247,37
39.3792,-74.4242,33
26.5361,-81.7550,21
39.8447,-89.6839,38
37.2839,-98.5528,27
39.5703,-104.8489,34
64.3267,-158.7417,7
40.4847,-80.2144,48
30.5892,-96.3647,33
43.7600,-116.1000,15
44.7694,-106.9689,23
44.0511,-101.6011,63
40.7789,-73.9692,24
44.5344,-72.6144,22
34.9894,-99.0525,21
35.3889,-97.6006,17
35.4344,-119.0542,20
33.9786,-98.4928,16
39.0725,-95.6261,23
45.8619,-96.5650,27
36.3189,-119.6289,26
35.7700,-105.7800,4
36.5100,-106.3200,293
40.6825,-74.1694,35
40.0803,-95.5919,35
27.7839,-97.5108,37
41.9097,-70.7294,25
46.7439,-117.1086,47
42.9486,-78.7369,62
37.9917,-122.0550,34
42.6958,-73.1708,30
29.3389,-98.4719,31
42.6425,-77.0564,47
42.7431,-73.8092,48
42.0647,-104.1528,30
28.4339,-81.3250,21
44.3814,-100.2856,76
41.1519,-104.8061,45
42.3200,-120.8300,17
44.3853,-74.2067,47
33.6267,-116.1594,26
37.6542,-122.1150,24
40.4422,-109.5144,21
34.0500,-94.4008,20
41.6686,-70.2800,34
38.3650,-82.5550,27
33.6228,-111.9106,10
41.1583,-73.1289,31
33.6361,-91.7556,23
59.7494,-154.9089,21
39.4519,-87.3089,30
36.7800,-119.7194,20
42.7900,-121.9800,0
40.3000,-111.2600,12
37.0911,-95.5664,12
30.0375,-91.8839,31
42.9550,-87.9044,36
42.1469,-121.7242,24
32.3542,-95.4025,35
39.9369,-91.1919,41
41.4525,-87.0058,36
37.7214,-122.2208,28
42.9667,-83.7494,54
37.2833,-102.6139,28
45.7728,-122.8611,26
40.8764,-74.2831,18
34.6517,-112.4208,26
36.0969,-79.9433,20
33.8117,-78.7239,29
33.1783,-86.7817,10
37.5050,-77.3203,24
45.0717,-83.5644,60
45.6689,-96.9914,35
38.9408,-77.4636,22
42.8939,-85.5447,54
42.5519,-71.7558,21
32.5428,-93.7450,25
41.2639,-72.8872,31
34.2006,-118.3575,23
58.6794,-156.6294,10
62.3200,-150.0950,5
47.5303,-122.3008,40
38.5050,-107.8975,32
45.4558,-98.4131,56
45.5511,-122.4089,34
42.1094,-77.9919,57
41.6328,-91.5431,38
43.7600,-115.2400,8
33.2119,-87.6161,21
46.9253,-96.8111,42
46.1569,-123.8825,52
34.9869,-81.0575,13
40.8436,-72.6322,36
41.0731,-71.9233,31
41.3375,-84.4289,38
39.3669,-101.7000,48
36.3333,-119.9500,41
39.9444,-81.8922,34
33.4050,-118.4158,23
34.6294,-118.0836,47
34.4272,-100.2831,22
31.4208,-110.8458,23
37.3031,-108.6275,32
44.5483,-95.0803,36
29.7036,-98.0281,42
43.7300,-113.8300,10
33.8750,-84.3022,28
40.8217,-72.8689,30
42.5544,-92.4011,43
36.1189,-86.6892,7
39.1900,-120.2600,31
32.6847,-83.6528,14
42.4092,-83.0100,47
36.6239,-87.4194,5
48.5428,-109.7633,47
32.2622,-107.7206,35
39.7750,-105.1169,4
40.8203,-82.5178,45
44.2667,-71.2994,144
31.3711,-100.4922,21
35.6169,-106.0889,36
30.3208,-97.7603,19
40.0489,-107.8853,22
41.5944,-109.0528,30
35.5931,-88.9167,5
40.5764,-105.0858,0
42.7611,-87.8136,38
41.5631,-83.4764,44
47.4444,-122.3139,47
46.0947,-118.2869,46
39.3450,-81.4392,34
32.3500,-91.0278,27
32.9733,-97.3181,25
27.5333,-99.4667,43
30.7797,-86.5225,16
38.6956,-121.5897,26
48.0944,-105.5744,62
33.9519,-117.4386,18
48.2553,-101.2733,56
41.4333,-99.6333,49
7.0833,171.3833,35
39.7194,-76.8028,40
38.8000,-97.6500,23
71.2833,-156.7814,39
31.3347,-92.5586,25
29.6381,-95.2819,32
45.0133,-84.7014,42
42.7461,-86.0967,51
40.1519,-122.2536,23
33.5656,-86.7450,17
27.9106,-82.6875,26
42.1128,-92.9175,43
37.3711,-118.3581,31
30.4781,-87.1869,31
29.1097,-95.4619,27
40.1203,-76.2944,29
43.4075,-94.7461,58
44.6381,-90.1875,51
30.6794,-88.2397,25
32.7667,-97.4500,27
38.4167,-113.0167,68
46.4167,-86.6500,66
33.9381,-118.3889,30
47.9078,-122.2803,63
40.7794,-73.8803,34
32.7336,-117.1831,21
38.7642,-87.6056,36
45.8183,-88.1144,52
66.9161,-151.5089,13
37.7086,-113.0944,39
40.2064,-100.5914,40
39.3600,-106.0600,8
46.4267,-105.8825,36
35.8922,-78.7819,15
36.0167,-102.5500,27
38.1811,-85.7392,31
26.0719,-80.1536,31
40.6331,-93.9019,44
33.6800,-117.8664,20
41.5333,-71.2833,30
36.2500,-115.6300,16
28.4736,-82.4544,16
17.7028,-64.8056,34
48.5222,-123.0231,17
40.6161,-83.0636,51
38.8853,-79.8528,33
39.4019,-77.9844,27
42.4167,-87.8667,33
70.6392,-159.9950,43
29.1828,-81.0483,20
43.1406,-89.3453,34
37.2958,-81.2078,40
32.3336,-104.2581,17
25.7906,-80.3164,23
26.9172,-81.9914,33
32.8342,-115.5786,33
31.9514,-85.1289,9
34.7442,-87.5997,10
33.4669,-82.0386,17
39.1667,-76.6833,14
35.9333,-79.0642,9
45.1947,-123.1339,39
18.3331,-64.9667,22
41.8678,-84.0794,42
44.3675,-71.5450,17
41.1078,-92.4467,41
36.1625,-97.0894,13
47.9375,-124.5550,25
34.6242,-106.3103,0
41.1214,-100.6694,46
24.5550,-81.7522,15
43.7700,-88.4864,40
39.2900,-117.1100,10
46.0261,-91.4442,27
28.8614,-96.9303,40
45.5433,-94.0514,36
28.9844,-95.3808,31
41.5175,-81.6836,47
40.4719,-81.4236,32
24.5833,-81.6833,15
40.6508,-75.4492,26
41.5092,-74.2650,32
32.8519,-96.8556,23
36.8167,-76.0333,43
18.2550,-65.6408,36
38.8100,-104.6883,31
34.1853,-79.7239,23
41.2433,-76.9217,19
25.9069,-80.2803,26
47.0492,-109.4578,34
36.7683,-96.0261,9
31.4156,-87.0442,21
42.3075,-85.2511,48
43.5331,-84.0797,63
36.9878,-120.1106,26
41.1389,-75.3794,45
38.7550,-109.7542,9
40.2383,-75.5572,14
35.5144,-108.7939,20
33.9706,-80.9958,9
34.2167,-119.0833,23
48.2138,-106.6213,72
48.1203,-123.4983,25
35.2236,-80.9553,7
26.1522,-81.7753,24
44.5169,-108.0822,24
38.6572,-90.6558,18
47.9742,-117.4283,49
39.3756,-99.8297,31
38.8983,-119.9947,38
31.9433,-102.1889,26
34.2900,-93.0600,15
32.8167,-115.6833,34
28.0622,-81.7542,26
44.8428,-117.8086,27
39.7556,-82.6572,43
30.4000,-81.4167,17
35.2578,-93.0947,7
18.4325,-66.0108,35
34.6439,-86.7861,19
31.6072,-110.4281,41
37.2622,-104.3378,38
40.2769,-74.8158,24
36.8600,-106.2300,333
42.0800,-80.1825,41
63.9944,-145.7214,40
47.3258,-106.9475,22
46.5486,-90.9189,35
55.5800,-133.0750,17
46.8706,-68.0172,37
32.8158,-117.1394,21
47.4933,-122.2144,33
30.1831,-97.6800,38
35.1822,-103.6031,32
40.8289,-115.7886,31
33.3644,-81.9633,13
39.4781,-88.2803,38
21.3167,-158.0667,24
43.3500,-73.6167,36
59.4556,-135.3239,26
30.9119,-102.9167,26
39.1258,-123.2008,10
37.7064,-112.1456,39
44.9047,-97.1494,47
45.5464,-100.4078,71
40.1667,-103.2167,47
43.1711,-86.2367,51
33.7792,-84.5214,20
60.7850,-148.8389,17
31.8606,-86.0122,29
45.0319,-102.0192,70
31.6189,-97.2283,34
35.5342,-97.6469,18
43.8789,-91.2528,41
13.4836,144.7961,22
40.1550,-103.1417,31
47.2675,-122.5761,43
34.8831,-82.2203,14
44.3981,-98.2231,46
31.8311,-104.8089,77
47.6831,-117.3214,48
47.3078,-119.5153,57
39.1333,-86.6167,34
35.8550,-77.8931,18
42.4100,-121.6800,15
40.7833,-91.1253,38
35.0028,-105.6628,43
39.9181,-76.8742,17
67.7317,-164.5483,21
39.6428,-79.9164,28
30.6264,-88.0681,27
40.5175,-122.2986,15
36.6206,-116.0278,33
30.3975,-84.3289,15
42.8375,-103.0953,24
28.7247,-96.2536,41
46.0139,-102.6547,62
45.9647,-112.5006,31
46.2400,-117.3900,11
37.2353,-93.4003,16
38.3083,-75.1239,35
42.8914,-73.2469,18
38.0442,-87.5206,27
19.7192,-155.0531,30
30.5069,-86.9597,28
39.7075,-86.2803,44
37.1319,-76.4930,34
39.6728,-75.6008,29
39.7053,-105.6997,13
26.1839,-98.2539,20
44.7408,-85.5825,47
41.7361,-72.6506,29
38.3306,-96.1897,31
22.0333,-159.7833,28
48.6033,-112.3753,88
43.4133,-124.2436,26
36.2967,-99.7689,24
34.2719,-83.8303,24
41.8706,-103.5931,26
43.8339,-111.8045,47
39.8344,-88.8656,42
39.8328,-104.6575,49
42.2706,-71.8731,37
37.6928,-121.8144,18
42.1928,-89.0931,45
44.2100,-110.6700,24
37.0683,-88.7719,16
39.5936,-84.2264,47
44.0433,-103.0536,39
41.2003,-74.6231,18
33.4964,-90.0867,20
41.4131,-81.8600,51
37.1467,-94.5022,12
32.6261,-116.4681,36
36.1994,-95.8872,11
47.6428,-115.9172,0
39.1033,-84.4189,43
57.1553,-170.2222,86
45.0800,-117.5500,0
40.6675,-89.6839,31
46.8369,-92.2097,44
40.1764,-80.6472,46
30.7044,-87.0231,22
37.6544,-97.4425,26
37.7081,-77.4344,21
32.7817,-98.0603,19
44.7900,-116.0900,21
39.4900,-121.6183,27
46.9258,-98.6692,50
31.5358,-82.5067,18
34.9000,-76.8833,32
42.8050,-72.0036,21
41.7219,-71.4325,30
35.0564,-89.9864,11
35.3331,-94.3625,16
41.3931,-70.6150,38
44.4983,-88.1111,47
36.6636,-121.6081,28
39.3667,-75.0667,32
55.0389,-131.5786,8
37.0872,-84.0769,14
34.0158,-118.4514,25
29.9506,-94.0206,28
31.3928,-92.2956,16
41.5097,-72.8278,16
42.5906,-117.8644,43
32.4833,-80.7167,24
41.6875,-69.9933,22
27.6531,-80.2428,24
30.8458,-85.6014,9
43.1544,-93.3269,48
37.6242,-120.9506,27
34.7000,-77.3833,28
38.1386,-78.4530,25
41.9950,-87.9336,46
7.3333,134.4833,16
26.2281,-97.6542,23
29.3783,-100.9269,26
35.9403,-89.8308,11
33.8117,-118.1464,21
38.4000,-119.5400,22
34.4978,-82.7097,12
39.5781,-85.8033,44
46.1442,-115.5964,8
40.5100,-101.6200,39
70.1917,-148.4772,20
44.1708,-114.9272,14
41.3119,-105.6747,44
43.2781,-70.9222,9
42.4819,-114.4869,56
30.3489,-85.7881,19
59.4433,-151.7017,5
32.5156,-92.0406,32
33.2367,-107.2681,25
32.6808,-96.8681,25
30.3433,-89.8222,25
37.7608,-99.9683,44
42.7803,-84.5789,50
31.8456,-86.6108,22
32.7100,-96.2672,30
42.5417,-113.7661,47
35.0678,-77.0481,30
38.0494,-103.5122,26
30.8356,-85.1839,17
44.0206,-117.0128,24
38.2900,-104.4983,21
55.3567,-131.7117,15
59.2433,-135.5094,49
41.0375,-81.4642,46
29.9933,-90.2511,38
36.9358,-121.7886,18
39.3644,-84.5247,39
38.5911,-92.1558,18
47.0339,-120.5303,43
45.8258,-119.2611,44
47.4667,-87.8833,66
30.7406,-98.2353,28
31.4583,-109.6061,37
36.7436,-108.2292,34
48.7939,-122.5372,34
38.9597,-94.3714,36
39.5514,-97.6508,39
34.3622,-98.9761,20
61.1000,-149.6936,27
39.2231,-106.8683,30
15.1167,145.7167,33
47.2078,-119.3192,51
40.8097,-124.1603,13
41.6236,-98.9517,41
39.8683,-75.2311,39
38.2281,-85.6636,27
41.1014,-102.9847,46
46.1236,-67.7928,30
40.7083,-84.0267,51
40.8500,-74.0614,27
44.3744,-70.3164,13
38.5000,-77.3000,27
34.8536,-116.7858,64
32.8978,-97.0189,29
39.1894,-103.7158,28
36.6950,-76.1356,24
33.1281,-117.2794,17
44.4911,-71.5725,0
31.1500,-92.9667,11
35.4111,-80.5833,0
29.6333,-83.1053,18
47.8306,-110.6608,9
42.9203,-112.5711,55
35.9200,-106.3900,2
43.7694,-87.8506,39
43.6497,-70.3003,22
36.5881,-121.8453,20
30.5108,-99.7664,23
48.7200,-116.4600,17
47.3000,-121.6000,10
31.1828,-90.4708,19
41.7781,-80.6958,38
37.6703,-95.4842,20
35.9508,-85.0814,14
35.2578,-113.9331,38
45.6478,-68.6925,16
34.7336,-76.6606,32
28.5453,-81.3331,23
43.1561,-90.6775,28
41.4000,-107.2600,10
26.5850,-81.8614,30
41.7419,-72.1836,14
56.6000,-169.5650,96
38.7667,-104.3000,18
41.9922,-93.6217,44
43.1111,-76.1039,50
35.7425,-81.3819,11
34.7436,-118.7242,49
33.3075,-104.5083,34
34.8994,-120.4486,27
42.6003,-123.3642,26
33.8281,-116.5053,30
48.7167,-94.6000,38
41.5339,-93.6531,44
42.3811,-122.8722,17
40.4953,-107.5211,26
47.4733,-111.3822,65
39.4839,-119.7711,34
46.9733,-122.9033,34
38.5714,-90.1572,24
47.3864,-92.8389,46
45.8678,-95.3942,40
42.2228,-83.7444,48
42.1244,-86.4267,37
37.3208,-79.2067,21
41.9856,-97.4353,46
39.2775,-120.7103,31
46.5683,-120.5428,44
43.9636,-69.7117,11
43.3906,-99.8422,62
35.1350,-90.2344,6
35.4319,-82.5375,41
30.7439,-95.5861,20
36.1900,-105.5600,6
39.0083,-95.2117,23
34.7675,-114.6189,29
39.8250,-86.2958,33
44.6500,-73.4667,43
55.2208,-162.7325,49
34.2097,-118.4892,23
41.4914,-120.5644,23
30.3567,-95.4139,22
33.4617,-80.8581,20
44.8831,-93.2289,46
47.9428,-97.1839,30
38.8317,-94.8897,30
38.8483,-77.0342,27
31.2819,-89.2531,20
43.6264,-72.3047,24
34.6719,-82.8864,13
44.9050,-123.0011,32
32.5161,-84.9422,18
41.3714,-73.4828,23
36.9647,-86.4239,13
58.3567,-134.5639,65
29.6919,-82.2756,17
39.1208,-94.5969,30
26.1658,-97.3458,32
38.0408,-84.6058,34
36.9261,-111.4478,20
29.2733,-94.8592,28
39.5264,-107.7264,22
35.8311,-90.6464,8
41.9144,-88.2464,43
41.8756,-71.0211,15
46.4047,-94.1308,33
42.3978,-90.7036,47
-14.3306,-170.7136,34
33.3000,-117.3500,19
27.4014,-82.5586,32
37.5908,-83.3131,14
34.1167,-119.1167,31
35.2100,-99.1200,28
33.4825,-90.9853,32
35.6567,-95.3614,10
44.8322,-93.4706,39
34.9914,-78.8803,20
35.2325,-75.6219,28
45.5644,-84.7928,66
61.1689,-150.0278,14
47.7472,-90.3444,23
29.9800,-95.3600,31
32.2997,-86.4075,22
34.7272,-92.2389,12
42.6650,-83.4181,52
36.2833,-94.3000,9
39.1342,-108.5400,36
33.5872,-85.8556,15
40.8300,-111.7600,15
30.4844,-81.7019,20
38.1847,-84.9033,31
43.2119,-90.1814,43
40.9017,-117.8081,31
33.8719,-117.9789,19
47.1686,-88.4889,62
40.0819,-75.0111,31
41.5886,-83.8014,52
36.0300,-106.8100,6
43.3497,-76.3847,46
40.8731,-81.8867,46
39.0431,-84.6717,46
25.9989,-80.2411,26
36.0700,-105.6300,5
36.7367,-97.1019,14
31.3500,-85.6667,17
39.4203,-83.8217,53
41.8056,-107.1997,40
38.0511,-117.0903,28
43.1167,-77.6767,58
34.7917,-79.3661,24
42.8975,-106.4636,47
48.5614,-93.3981,33
35.7047,-101.5492,0
32.1314,-110.9553,32
7.4500,151.8333,32
26.1969,-80.1708,28
36.6817,-101.5053,23
34.8461,-82.3461,13
45.6983,-110.4408,71
36.0236,-84.2375,6
41.7072,-86.3164,54
44.5761,-71.1786,14
30.7825,-83.2767,10
27.7628,-82.6261,26
33.6542,-101.8136,20
37.1681,-97.0369,15
40.1606,-113.3508,42
43.1953,-71.5011,17
30.2050,-91.9875,22
26.6847,-80.0994,31
31.0425,-86.3117,13
30.5372,-91.1469,26
43.1644,-95.2017,59
6.9667,158.2167,15
62.9614,-141.9292,13
42.3914,-96.3792,47
57.0481,-135.3647,45
42.9333,-71.4383,18
46.3583,-104.2500,68
45.8069,-108.5422,41
39.9492,-74.8417,22
41.7803,-124.2367,18
33.4536,-94.0075,21
47.6458,-101.4394,72
45.6044,-103.5464,54
30.5844,-97.4156,36
42.5700,-72.2911,23
60.4889,-145.4511,10
35.0281,-110.7208,16
20.8997,-156.4286,70
45.4622,-69.5953,24
40.9706,-85.2064,50
32.6636,-97.0939,26
33.9486,-81.1186,12
31.2361,-94.7544,26
42.4933,-79.2722,57
40.0781,-83.0781,51
40.1936,-76.7633,27
44.3592,-84.6739,54
31.3072,-95.4508,18
62.1592,-145.4589,16
66.8667,-162.6333,23
36.2667,-93.1567,14
57.7511,-152.4856,27
30.3503,-81.8831,13
40.9656,-105.2186,18
32.3347,-88.7442,33
42.5844,-110.1075,34
60.5797,-151.2392,15
46.2667,-119.1167,54
39.4167,-118.7167,26
42.4700,-71.2894,16
38.2103,-122.2847,32
33.9753,-117.6361,27
44.5228,-114.2150,23
37.4058,-122.0481,22
32.0311,-96.3989,30
40.6386,-73.7622,41
39.1353,-96.6778,16
62.9575,-155.6103,9
33.3633,-84.5658,19
41.6267,-73.8842,19
35.6875,-117.6931,48
34.5183,-109.3792,21
41.1783,-78.8989,48
46.6056,-111.9636,29
37.3169,-79.9742,46
42.0572,-102.8000,43
45.5406,-122.9486,29
38.6892,-75.3592,32
32.4106,-99.6822,13
28.4567,-99.2183,30
40.0972,-92.5433,39
41.3103,-95.8992,50
42.1208,-87.9047,37
38.9833,-76.4667,25
47.4569,-115.6450,34
34.6081,-79.0592,19
25.9156,-97.4186,29
42.8783,-100.5500,55
41.7700,-88.4814,47
38.9503,-95.6639,27
36.2606,-76.1750,39
32.8547,-109.6353,34
27.9619,-82.5403,26
36.9600,-106.6600,6
36.9500,-76.2833,35
36.1306,-80.5481,0
29.5442,-98.4839,33
32.4506,-93.8411,35
31.5883,-110.3442,38
21.3239,-157.9294,50
37.8892,-121.2258,23
41.4653,-90.5233,28
36.7900,-105.2400,0
40.7342,-73.4169,31
41.9381,-72.6825,30
36.7725,-90.3247,17
33.1803,-96.5903,23
43.5950,-118.9564,39
59.5119,-139.6711,37
39.7736,-94.9233,32
40.8600,-102.8031,27
33.4278,-112.0039,29
45.0619,-93.3508,40
34.7411,-118.2117,62
33.2208,-92.8142,26
32.3206,-90.0778,24
40.8206,-76.8642,27
33.9228,-118.3342,26
36.8781,-91.9025,16
30.1250,-93.2158,31
39.2447,-102.2842,47
34.0561,-117.6003,28
19.7356,-156.0489,34
45.4353,-67.7214,9
43.2389,-123.3547,11
29.3331,-89.4075,25
35.6950,-101.3950,28
47.3600,-121.5700,3
44.8889,-116.1017,33
42.1594,-76.8919,27
39.1019,-121.5678,26
41.3325,-122.3328,5
31.5356,-84.1944,15
42.7172,-71.1239,13
34.7500,-111.4100,6
40.0228,-82.4625,41
44.3814,-106.7211,28
43.9042,-92.4917,53
42.1908,-71.1736,13
44.2033,-72.5794,36
39.4300,-120.3100,10
42.7972,-105.3856,29
36.0000,-106.8300,4
66.0689,-162.7639,72
41.2731,-111.0306,48
29.5189,-95.2417,26
39.7078,-77.7297,28
45.6308,-89.4653,31
40.9167,-81.4333,51
35.9461,-112.1547,18
38.3406,-75.5103,33
47.6217,-117.5281,70
31.8111,-106.3758,30
41.3275,-72.0494,34
41.0669,-73.7075,31
41.7872,-111.8533,21
21.1544,-157.0961,52
47.2381,-123.1408,36
37.3592,-121.9239,22
38.7525,-90.3736,28
45.5114,-118.4247,7
42.4272,-73.2892,29
38.0700,-102.6881,26
43.9844,-88.5569,43
34.6525,-86.9453,17
32.8192,-97.3614,27
33.2194,-117.3494,16
40.5300,-106.7800,7
44.9319,-93.0556,42
40.3161,-78.8339,62
42.2314,-83.3308,51
35.6697,-120.6283,21
41.2544,-80.6739,47
38.1311,-91.7683,35
61.5961,-149.0917,19
38.0653,-97.8606,22
43.5667,-116.2406,30
64.5111,-165.4400,5
30.3361,-81.5147,17
35.0419,-106.6156,17
21.9839,-159.3405,73
41.0467,-78.4117,34
36.3100,-115.6800,2
40.6044,-98.4272,43
41.3336,-75.7269,26
42.5708,-77.7133,40
61.1781,-149.9664,6
32.7000,-117.2000,19
37.7836,-81.1231,36
28.1011,-80.6439,30
31.7800,-103.2017,21
39.8000,-106.0300,380
31.9206,-102.3867,24
25.6475,-80.4331,22
42.1997,-75.9850,38
39.9914,-82.8808,50
42.1578,-72.7161,19
32.3847,-94.7117,29
36.9900,-105.2600,3
36.9033,-76.1922,34
33.6186,-114.7142,34
40.3667,-75.9667,18
47.3978,-120.2014,47
45.7881,-111.1608,31
27.7411,-98.0247,34
35.8517,-97.4142,14
32.1300,-81.2100,19
64.8039,-147.8761,16
40.3547,-79.9217,50
35.1967,-81.1558,4
35.0761,-89.7430,0
29.3600,-99.1742,32
36.4486,-103.1539,35
36.1300,-105.5300,2
27.5000,-97.8167,30
33.2061,-97.1989,27
43.7331,-103.6114,26
30.7167,-87.0167,17
38.8500,-94.7392,28
41.1961,-112.0114,26
40.3300,-75.1225,23
30.2333,-81.6667,22
41.3497,-71.7989,28
41.7861,-87.7522,53
44.7978,-68.8186,28
40.2172,-76.8514,30
27.6833,-97.2833,33
48.3042,-114.2636,28
33.6300,-84.4417,30
42.5842,-70.9175,21
30.4119,-89.0808,31
43.3436,-72.5178,24
44.0219,-82.7931,51
44.3206,-69.7972,26
36.4731,-82.4044,19
48.3500,-122.6667,29
40.2964,-78.3203,51
38.7042,-93.1833,34
33.9481,-83.3275,17
9.4833,138.0833,22
37.6197,-122.3647,36
70.2117,-151.0017,15
38.3775,-121.9575,26
33.6883,-112.0817,14
30.4000,-86.4717,20
34.5583,-98.4172,14
32.8667,-117.1333,18
36.5728,-79.3361,19
40.8508,-96.7475,41
37.2847,-120.5128,30
38.5039,-122.8103,17
40.9611,-98.3136,47
43.7667,-98.0333,54
31.4000,-93.2833,18
45.6906,-118.8528,43
45.6208,-122.6572,25
37.7797,-89.2497,23
34.3478,-85.1611,20
48.1739,-103.6367,54
43.2339,-75.4117,44
37.9406,-75.4631,39
44.9258,-89.6256,40
44.3800,-116.3400,18
39.6092,-110.7547,28
32.8986,-80.0403,24
30.4636,-88.5319,21
39.3100,-111.4300,36
42.3606,-71.0106,29
46.4794,-84.3572,63
29.6222,-95.6564,32
42.9600,-121.1800,1
39.2956,-80.2289,38
28.0836,-97.0464,30
42.2347,-85.5519,47
35.6542,-105.1419,29
39.2972,-94.7306,41
36.0719,-115.1633,48
45.5908,-122.6003,41
46.9006,-95.0678,30
36.1336,-80.2222,13
28.7797,-81.2436,20
35.7800,-105.5400,0
43.1072,-78.9453,72
40.7781,-111.9694,37
41.7636,-96.1778,38
34.1231,-84.8486,11
36.3689,-92.4703,11
38.5069,-121.4950,17
44.8664,-91.4878,34
43.0303,-78.1692,76
43.5878,-96.7289,54
24.7258,-81.0517,8
39.2953,-114.8467,40
42.7267,-114.4564,41
39.4494,-74.5672,43
45.2575,-112.5545,51
46.3747,-117.0156,37
39.9061,-84.2186,58
38.1417,-76.4292,22
44.5444,-110.4211,12
34.2486,-82.1592,16
40.7939,-73.1017,38
35.0311,-85.2014,24
41.8031,-78.6403,41
59.6419,-151.4908,18
41.0136,-83.6686,54
46.9728,-123.9303,55
44.9358,-74.8458,55
35.8181,-83.9858,11
31.1522,-81.3908,22
36.0467,-79.4769,10
