40.7264,-122.7947,18
28.0372,-97.8725,41
43.8544,-116.4664,0
36.9969,-119.7072,41
37.1503,-104.5567,43
40.7142,-122.4161,58
26.3769,-98.8117,13
33.6731,-111.1508,56
40.1100,-87.9567,0
29.4822,-95.6314,762
33.2564,-81.2422,20
28.4675,-98.2525,18
32.7547,-104.3836,36
40.6117,-122.5281,3
31.6164,-94.6431,8
34.5822,-119.9817,53
31.8769,-105.2369,0
40.5764,-105.0858,41
36.4622,-116.8669,81
28.4575,-97.7061,5
34.5697,-93.1947,20
30.8408,-89.5453,0
37.5147,-122.0325,36
32.8964,-107.3078,53
33.7542,-99.1442,15
38.4917,-122.1242,28
30.5467,-87.8808,53
33.7092,-93.5564,28
30.0689,-94.2928,38
18.0331,-67.0722,38
18.2583,-65.9922,51
39.0744,-96.8983,18
35.8819,-83.9572,0
35.3886,-106.5439,64
37.7967,-121.5828,71
31.8611,-97.3750,33
36.2403,-106.4278,51
34.9881,-120.3211,46
31.3706,-100.4942,5
26.8400,-81.0872,79
28.7156,-97.1742,15
34.1419,-80.8700,13
36.3444,-88.8636,0
33.4258,-111.9217,64
35.6414,-106.3322,58
32.8242,-95.5275,5
43.5492,-71.4647,0
30.2003,-92.6642,41
38.5350,-121.7761,48
35.7047,-101.5492,46
34.6603,-82.8236,25
38.4931,-122.0047,38
38.0633,-102.9297,53
35.4072,-104.1906,48
32.8522,-95.8864,10
34.3961,-89.7903,0
35.1161,-93.6506,25
32.2822,-106.7597,61
33.0642,-101.0489,10
33.1481,-95.6269,0
34.1647,-88.7239,0
36.5508,-114.4581,79
33.1461,-107.1842,46
31.9611,-96.6881,43
38.2597,-104.7169,56
26.5581,-99.1372,8
32.9506,-97.0553,5
25.8175,-80.2858,66
31.9497,-91.2336,0
34.0828,-106.8831,1295
38.0047,-120.4864,41
30.7053,-104.0233,5
29.6211,-96.3661,20
33.3192,-95.6039,13
32.9203,-94.7225,28
