18.1747,-66.7978,2
31.2022,-93.5725,60
40.7264,-122.7947,26
43.8544,-116.4664,0
36.9969,-119.7072,56
40.7142,-122.4161,55
42.9592,-120.7897,106
40.6117,-122.5281,10
31.6164,-94.6431,72
43.8083,-111.7892,303
34.5822,-119.9817,50
31.8769,-105.2369,56
40.5764,-105.0858,32
36.4622,-116.8669,338
34.5697,-93.1947,0
30.8408,-89.5453,5
37.5147,-122.0325,116
32.8964,-107.3078,77
38.4917,-122.1242,29
47.7283,-104.1467,134
30.0689,-94.2928,103
18.0331,-67.0722,5
40.1550,-103.1417,145
18.2583,-65.9922,5
35.8819,-83.9572,0
35.7197,-86.9653,85
34.6033,-104.3811,47
34.9881,-120.3211,105
31.3706,-100.4942,121
26.8400,-81.0872,132
42.1231,-111.3133,66
37.3822,-102.2986,111
37.7617,-117.5658,97
32.8242,-95.5275,60
43.5492,-71.4647,117
36.0147,-85.1314,85
30.2003,-92.6642,53
39.9614,-86.0586,10
35.7047,-101.5492,55
38.4931,-122.0047,63
42.3806,-96.9575,11
32.8522,-95.8864,93
32.2822,-106.7597,56
34.5989,-103.2161,196
35.2006,-103.6867,34
33.0642,-101.0489,66
33.1481,-95.6269,0
34.1647,-88.7239,0
36.5508,-114.4581,27
33.1461,-107.1842,82
44.8831,-85.6753,180
26.5581,-99.1372,100
25.8175,-80.2858,74
31.9497,-91.2336,18
34.0828,-106.8831,53
44.3089,-85.2050,148
38.0047,-120.4864,42
30.7053,-104.0233,21
36.6897,-108.3086,19
32.4219,-93.6381,71
37.9931,-100.8122,74
29.6211,-96.3661,167
32.3378,-89.0817,56
32.9203,-94.7225,42
