34.3061,-89.9806,0
-19.0074,146.2057,100
-27.5152,153.2492,200
-28.2144,151.9194,440
31.5536,-99.8500,51
44.1756,-72.7961,145
39.4247,-93.1331,18
-28.9012,149.5401,650
39.1569,-93.8906,13
39.0461,-78.9664,30
46.7858,-121.7425,0
21.6369,-158.0536,53
-31.7117,128.8867,4
21.5108,-157.8622,5
38.3833,-81.8344,564
-26.9097,149.9614,280
-41.3994,147.1347,40
35.7783,-106.6872,0
-26.5847,149.1864,72
21.5300,-157.8503,0
-28.2264,152.0661,385
33.0367,-80.2325,0
21.1900,-156.9828,0
34.8242,-106.0344,0
33.1678,-96.0983,74
-27.4193,153.0024,454
-33.7096,151.1730,272
19.4917,-155.9117,48
-28.4147,151.0828,254
21.5214,-157.8375,0
44.1383,-118.9750,25
-32.4945,149.2696,52
