-27.5152,153.2492,200
-31.7117,128.8867,4
44.1383,-118.9750,25
-26.5847,149.1864,72
-19.0074,146.2057,100
31.5536,-99.8500,51
-28.9012,149.5401,650
38.3833,-81.8344,564
-27.4193,153.0024,454
35.7783,-106.6872,0
-26.9097,149.9614,280
39.0461,-78.9664,30
-28.4147,151.0828,254
46.7858,-121.7425,0
33.1678,-96.0983,74
21.1900,-156.9828,0
21.5108,-157.8622,5
39.1569,-93.8906,13
21.6369,-158.0536,53
19.4917,-155.9117,48
-41.3994,147.1347,40
-28.2264,152.0661,385
34.8242,-106.0344,0
44.1756,-72.7961,145
21.5300,-157.8503,0
21.5214,-157.8375,0
39.4247,-93.1331,18
-28.2144,151.9194,440
33.0367,-80.2325,0
-33.7096,151.1730,272
