38.8586,-99.3358,128
43.2828,-123.3536,106
38.9422,-92.3200,72
34.7392,-90.7664,117
34.7986,-96.6692,133
33.8936,-97.2692,150
45.5900,-95.8744,0
36.4231,-99.4167,133
34.2392,-98.7444,156
35.8542,-97.9544,144
36.4711,-86.8414,94
35.3647,-96.9481,117
35.9328,-88.7267,89
35.1228,-99.3600,150
36.1903,-99.0403,139
40.1100,-87.9567,28
41.1453,-85.4897,28
47.0575,-109.9514,33
36.0642,-97.2128,139
34.5872,-99.3381,156
35.8489,-97.4797,139
44.6342,-123.1900,100
36.3842,-98.1114,139
36.1056,-82.8436,89
36.7081,-98.7094,128
34.6892,-86.8819,139
41.8161,-80.4250,56
40.4750,-86.9919,22
34.6089,-96.3331,128
36.1472,-97.2858,133
36.4119,-97.6939,139
34.1864,-90.5572,117
35.2050,-99.8033,144
39.3669,-101.7000,56
34.7675,-106.7611,128
31.8769,-105.2369,189
35.4842,-98.4814,133
42.1397,-87.7853,39
45.6750,-111.1550,56
36.7481,-98.3628,144
34.9678,-97.9519,150
39.7194,-76.8028,44
35.1867,-102.0797,111
40.7833,-81.9167,44
35.5461,-99.7278,144
35.1131,-89.2122,111
33.8103,-91.2778,100
35.5083,-98.7750,133
34.7281,-90.3683,156
40.4719,-74.4364,56
34.7292,-98.5694,133
63.9033,-152.2817,-22
30.5467,-87.8808,167
34.9897,-99.0528,150
33.7092,-93.5564,144
34.0356,-96.9433,128
36.1167,-97.6067,139
42.0208,-93.7742,56
35.5914,-99.2706,144
35.1297,-89.8036,100
33.9208,-96.3203,133
34.9142,-98.2922,133
44.9847,-93.1772,6
39.8058,-90.8236,61
35.6214,-88.8456,100
35.8819,-83.9572,106
35.5419,-97.3414,111
34.8494,-97.0031,117
40.0739,-87.5067,56
39.4833,-83.8500,61
34.5289,-97.7647,144
44.2394,-95.3153,33
36.2872,-88.2958,178
35.1714,-96.6311,122
36.0286,-99.3464,133
44.0708,-93.5264,11
34.9819,-97.5208,139
35.7197,-86.9653,100
35.9986,-97.0481,122
36.8314,-99.6411,128
31.3706,-100.4942,172
32.4714,-87.2314,206
38.7386,-87.4878,44
34.4397,-99.1375,150
41.0267,-86.5867,56
63.9647,-145.1050,-28
34.1678,-97.9883,156
36.3444,-88.8636,89
35.4139,-86.8086,106
31.0383,-85.8708,206
34.6856,-99.8333,156
34.3325,-96.6789,128
36.1208,-97.0953,139
36.0147,-85.1314,78
33.2422,-103.3611,144
35.6872,-90.0964,89
36.0719,-99.9031,133
36.7256,-99.1422,128
35.1489,-98.4658,139
35.8417,-98.5261,139
35.6528,-96.8042,111
34.1936,-97.5881,144
38.5350,-121.7761,156
33.3867,-97.7164,150
35.0708,-96.3561,122
35.2358,-97.4647,133
34.7156,-97.2292,133
35.8989,-98.9603,133
34.3997,-98.3458,139
34.5989,-103.2161,89
35.2006,-103.6867,122
41.4439,-86.9294,39
38.4931,-88.9703,94
36.9869,-99.0108,128
40.9361,-90.7197,17
35.4017,-99.0583,144
36.2633,-98.4975,144
35.5483,-98.0364,122
39.3925,-101.0689,61
34.8083,-98.0233,133
34.2281,-97.2014,139
34.3086,-95.9969,111
40.2539,-85.1483,44
32.8472,-97.4761,161
34.5519,-96.7178,133
36.3558,-97.1531,133
31.2353,-88.9186,194
36.7925,-97.7458,128
36.8981,-96.9103,128
34.1922,-97.0858,150
36.3925,-89.0317,111
35.0322,-97.9144,144
36.6897,-108.3086,94
36.0908,-106.0567,122
34.8358,-99.4239,156
32.4219,-93.6381,189
40.8142,-85.1547,11
29.6211,-96.3661,183
34.5658,-96.9503,150
32.8986,-80.0403,156
31.4269,-94.8942,150
34.1381,-88.9983,144
35.2722,-97.9553,133
35.3736,-83.7006,72
34.1925,-86.7972,128
45.4825,-120.7236,89
36.7542,-97.2544,128
