43.5492,-71.4647,137
34.0828,-106.8831,84
31.3706,-100.4942,127
43.8083,-111.7892,243
39.3925,-101.0689,323
36.6897,-108.3086,35
34.1864,-90.5572,43
30.2003,-92.6642,90
44.1183,-121.2103,50
45.9228,-108.2444,55
35.1131,-89.2122,42
34.1381,-88.9983,18
33.1461,-107.1842,161
35.0489,-97.9158,87
41.9342,-88.7756,153
30.7931,-94.1819,27
26.8400,-81.0872,103
42.3806,-96.9575,14
36.4622,-116.8669,425
44.3089,-85.2050,278
37.3822,-102.2986,385
26.5581,-99.1372,119
32.8964,-107.3078,109
45.7206,-118.6264,71
46.6722,-120.4994,43
47.7283,-104.1467,166
29.6211,-96.3661,153
36.9969,-119.7072,61
32.4219,-93.6381,95
38.4917,-122.1242,47
18.0331,-67.0722,47
30.0689,-94.2928,246
39.0303,-76.9314,196
18.2583,-65.9922,2
30.7053,-104.0233,80
38.8586,-99.3358,436
38.9408,-95.3397,85
36.0147,-85.1314,93
40.6117,-122.5281,5
36.1056,-82.8436,6
42.9592,-120.7897,89
45.4825,-120.7236,119
34.5822,-119.9817,55
39.0172,-92.7558,64
38.4931,-122.0047,121
31.2022,-93.5725,56
33.0642,-101.0489,154
37.9931,-100.8122,298
39.1172,-95.4097,171
31.6164,-94.6431,45
33.8300,-88.5214,0
36.4711,-86.8414,64
34.6033,-104.3811,140
25.8175,-80.2858,50
43.8544,-116.4664,0
35.8819,-83.9572,48
40.1550,-103.1417,164
34.5697,-93.1947,31
33.1481,-95.6269,0
35.6214,-88.8456,71
40.7264,-122.7947,35
31.8769,-105.2369,129
42.1231,-111.3133,137
40.1739,-101.0611,185
35.1297,-89.8036,60
32.2822,-106.7597,93
35.2006,-103.6867,127
40.7142,-122.4161,72
36.5508,-114.4581,60
34.9881,-120.3211,111
32.8242,-95.5275,126
44.8831,-85.6753,105
38.0047,-120.4864,51
38.4661,-101.7758,383
35.6872,-90.0964,113
35.7197,-86.9653,89
39.9614,-86.0586,16
33.7092,-93.5564,0
37.5147,-122.0325,266
34.7281,-90.3683,61
32.8522,-95.8864,124
40.5764,-105.0858,53
34.5989,-103.2161,295
