18.1747,-66.7978,20
40.7264,-122.7947,41
28.0372,-97.8725,124
36.9969,-119.7072,5
37.1503,-104.5567,28
40.7142,-122.4161,18
26.3769,-98.8117,64
33.6731,-111.1508,36
40.1100,-87.9567,0
33.2564,-81.2422,117
28.4675,-98.2525,38
32.7547,-104.3836,71
40.6117,-122.5281,23
31.6164,-94.6431,10
34.5822,-119.9817,33
36.4622,-116.8669,66
34.5697,-93.1947,20
30.8408,-89.5453,0
37.5147,-122.0325,30
32.8964,-107.3078,89
30.7931,-94.1819,13
38.4917,-122.1242,20
30.5467,-87.8808,38
33.7092,-93.5564,0
30.0689,-94.2928,15
18.0331,-67.0722,38
18.2583,-65.9922,25
35.3886,-106.5439,41
37.7967,-121.5828,38
26.2656,-97.8714,69
36.2403,-106.4278,33
34.9881,-120.3211,-18
31.3706,-100.4942,58
26.8400,-81.0872,51
28.7156,-97.1742,20
34.1419,-80.8700,15
33.4258,-111.9217,20
35.6414,-106.3322,38
31.0619,-94.1011,38
32.8242,-95.5275,30
43.5492,-71.4647,0
32.2631,-96.6369,43
30.2003,-92.6642,8
38.5350,-121.7761,46
35.7047,-101.5492,38
34.6603,-82.8236,10
38.4931,-122.0047,28
38.0633,-102.9297,33
21.3153,-157.9992,43
35.4072,-104.1906,38
32.8522,-95.8864,56
35.1161,-93.6506,0
32.2822,-106.7597,58
33.0642,-101.0489,43
33.1481,-95.6269,33
34.1647,-88.7239,0
36.5508,-114.4581,79
33.1461,-107.1842,66
31.9611,-96.6881,48
29.4608,-101.0286,61
26.5581,-99.1372,51
32.9506,-97.0553,30
25.8175,-80.2858,64
31.9497,-91.2336,0
38.0047,-120.4864,5
30.7053,-104.0233,51
32.4219,-93.6381,30
29.6211,-96.3661,20
30.6836,-97.7172,36
32.6475,-97.4439,20
33.3192,-95.6039,33
32.9203,-94.7225,15
30.3367,-96.5403,33
