35.6836,-80.4822,89
-28.9759,152.7101,1110
40.5517,-82.2014,135
57.2178,-134.8770,140
35.8147,-85.4244,277
-15.2869,131.5816,890
38.0544,-85.6242,295
34.6008,-93.7667,152
38.5161,-85.2317,234
35.5044,-82.5967,23
-16.1196,130.4282,314
35.6625,-82.3469,51
32.8642,-91.3800,406
39.0461,-78.9664,86
-33.6165,150.7477,122
35.2028,-85.9172,320
34.8039,-90.0103,665
41.2633,-85.8678,8
-27.5428,152.2817,80
-28.1444,153.2858,758
42.3092,-88.2533,0
44.8611,-71.5400,43
36.8550,-86.8883,363
-28.0621,152.3675,262
-41.9347,147.4931,6
40.5003,-75.2044,155
-28.0775,152.2625,483
43.3306,-75.8417,185
18.3347,-64.7942,516
43.5606,-103.4881,28
31.9381,-108.7689,0
32.5158,-93.7447,206
36.8144,-83.3144,254
18.4736,-67.0289,48
-33.5366,150.4413,148
37.7558,-87.6456,356
36.4933,-87.7947,1107
34.5011,-89.5008,610
33.1678,-96.0983,8
41.3283,-88.9106,0
18.4725,-67.1156,249
46.5372,-92.1186,8
19.4917,-155.9117,0
34.4619,-93.9983,183
36.5761,-88.9356,599
45.1703,-84.4397,10
-33.3588,150.7058,94
