43.9794,-117.0247,50
40.1100,-87.9567,-22
41.1453,-85.4897,-44
33.8083,-79.8567,78
47.0575,-109.9514,39
33.2564,-81.2422,61
34.1944,-79.2472,33
41.8161,-80.4250,6
40.4750,-86.9919,-33
32.7547,-104.3836,67
34.2183,-81.0731,83
42.7831,-71.4147,-6
37.1317,-86.1481,28
37.8194,-85.3847,17
42.1397,-87.7853,11
64.1539,-145.8894,-56
44.4933,-68.4583,0
40.4719,-74.4364,0
62.1925,-150.5033,-11
37.0683,-88.7725,22
46.8706,-68.0172,-6
38.4558,-86.6983,6
40.2233,-86.1086,22
44.9847,-93.1772,-28
34.4719,-81.8839,72
35.6214,-88.8456,44
32.3500,-94.6500,139
37.9311,-98.0297,39
40.0739,-87.5067,-11
39.4833,-83.8500,-17
42.2947,-83.7108,-39
34.7289,-80.0389,72
37.1244,-87.8672,-22
38.4661,-101.7758,56
27.7792,-97.5056,183
38.7003,-82.4736,39
39.4700,-80.8572,6
38.7386,-87.4878,0
28.7156,-97.1742,156
41.0267,-86.5867,-17
34.1419,-80.8700,56
35.6042,-91.2744,72
45.0853,-67.1203,0
34.6603,-82.8236,33
38.8894,-86.5519,33
64.9156,-148.2711,17
42.3806,-96.9575,-28
32.2822,-106.7597,183
41.4439,-86.9294,-6
47.6811,-117.6267,0
33.7775,-81.8467,56
40.9361,-90.7197,-11
36.1306,-80.5481,22
32.5133,-92.3486,122
46.3414,-86.9242,17
38.3139,-81.7186,11
40.8142,-85.1547,-72
37.9931,-100.8122,39
37.1167,-84.6167,100
44.5208,-101.6192,11
36.5914,-101.6181,67
20.7583,-156.3211,217
