43.8544,-116.4664,306
43.9794,-117.0247,189
40.1100,-87.9567,211
41.1453,-85.4897,183
33.8083,-79.8567,272
47.0575,-109.9514,194
33.2564,-81.2422,228
34.1944,-79.2472,222
41.8161,-80.4250,194
40.4750,-86.9919,183
32.7547,-104.3836,211
34.2183,-81.0731,256
42.7831,-71.4147,189
37.1317,-86.1481,233
37.8194,-85.3847,244
42.1397,-87.7853,217
28.4575,-97.7061,344
64.1539,-145.8894,83
44.4933,-68.4583,156
40.4719,-74.4364,172
62.1925,-150.5033,111
37.0683,-88.7725,217
46.8706,-68.0172,172
38.4558,-86.6983,228
40.2233,-86.1086,256
44.9847,-93.1772,194
35.6214,-88.8456,256
32.3500,-94.6500,322
37.9311,-98.0297,228
40.0739,-87.5067,222
39.4833,-83.8500,256
42.2947,-83.7108,189
34.7289,-80.0389,256
37.1244,-87.8672,161
38.4661,-101.7758,239
27.7792,-97.5056,283
38.7003,-82.4736,250
39.4700,-80.8572,239
38.7386,-87.4878,239
28.7156,-97.1742,261
41.0267,-86.5867,206
34.1419,-80.8700,217
35.6042,-91.2744,233
45.0853,-67.1203,172
38.5200,-89.8467,222
38.8894,-86.5519,244
64.9156,-148.2711,28
42.3806,-96.9575,217
32.2822,-106.7597,344
41.4439,-86.9294,222
40.7928,-87.7556,178
47.6811,-117.6267,156
33.7775,-81.8467,244
40.9361,-90.7197,222
36.1306,-80.5481,239
32.5133,-92.3486,261
44.8831,-85.6753,211
40.2539,-85.1483,239
32.9206,-86.6708,256
46.3414,-86.9242,150
38.3139,-81.7186,206
36.7578,-90.4056,211
28.8608,-97.0181,289
40.8142,-85.1547,183
37.9931,-100.8122,244
37.1167,-84.6167,144
44.5208,-101.6192,178
36.5914,-101.6181,306
20.7583,-156.3211,228
