34.1864,-90.5572,2
-43.0156,147.3275,5
35.9675,-88.0458,2
39.8789,-106.3333,6
44.9231,-123.5750,7
17.9556,-66.2222,4
46.5831,-90.9678,14
-12.7121,130.9889,2
21.6031,-157.9022,3
46.1089,-102.9447,15
-33.8507,151.1295,2
45.1111,-87.6117,5
38.9239,-122.5672,4
32.2464,-85.4142,2
44.9733,-97.1494,2
34.6344,-103.8903,2
37.5339,-83.3492,5
46.0681,-93.6664,2
36.7081,-98.7094,2
33.7158,-108.7769,5
35.0381,-108.3492,2
46.7461,-87.8817,2
-32.7886,151.3377,2
39.7033,-102.2939,2
-33.2904,150.9708,2
41.7664,-90.5403,2
40.5517,-82.2014,3
-36.8402,149.5257,4
-42.7283,146.6656,2
41.4167,-83.8667,2
-19.0074,146.2057,3
