38.8586,-99.3358,11
38.9422,-92.3200,0
45.5900,-95.8744,0
40.4750,-86.9919,11
30.5497,-84.5836,67
45.6750,-111.1550,-17
35.1131,-89.2122,28
40.4719,-74.4364,0
42.0208,-93.7742,-11
38.4558,-86.6983,0
35.1297,-89.8036,17
35.6214,-88.8456,33
32.1411,-91.7089,56
44.2394,-95.3153,0
44.0708,-93.5264,0
35.6872,-90.0964,33
41.4439,-86.9294,-11
34.1647,-88.7239,44
40.2472,-93.7158,0
38.8586,-99.3358,11
38.9422,-92.3200,0
45.5900,-95.8744,0
40.4750,-86.9919,11
30.5497,-84.5836,67
45.6750,-111.1550,-17
35.1131,-89.2122,28
40.4719,-74.4364,0
42.0208,-93.7742,-11
38.4558,-86.6983,0
35.1297,-89.8036,17
35.6214,-88.8456,33
32.1411,-91.7089,56
44.2394,-95.3153,0
44.0708,-93.5264,0
35.6872,-90.0964,33
41.4439,-86.9294,-11
34.1647,-88.7239,44
40.2472,-93.7158,0
