40.4750,-86.9919,-17
33.7775,-81.8467,83
42.3806,-96.9575,-6
38.7003,-82.4736,72
37.1244,-87.8672,39
39.4700,-80.8572,33
41.1453,-85.4897,-44
42.6006,-114.7453,22
38.5200,-89.8467,-11
47.6811,-117.6267,-28
38.4558,-86.6983,28
34.4719,-81.8839,83
38.7386,-87.4878,0
33.2564,-81.2422,83
28.4575,-97.7061,156
40.1100,-87.9567,-6
27.7792,-97.5056,150
62.1925,-150.5033,-33
44.5208,-101.6192,33
39.4833,-83.8500,-11
44.8831,-85.6753,-11
40.4719,-74.4364,0
64.1539,-145.8894,-67
34.1419,-80.8700,78
32.9206,-86.6708,122
41.4439,-86.9294,0
38.8894,-86.5519,28
37.0683,-88.7725,39
37.9931,-100.8122,28
20.7583,-156.3211,200
34.6603,-82.8236,83
43.8544,-116.4664,50
36.5914,-101.6181,39
33.0167,-81.3167,106
36.1306,-80.5481,56
37.1317,-86.1481,56
46.3414,-86.9242,11
37.9311,-98.0297,39
41.8161,-80.4250,6
37.1167,-84.6167,50
34.2183,-81.0731,94
38.4661,-101.7758,6
33.8083,-79.8567,111
42.1397,-87.7853,6
32.2822,-106.7597,111
40.9361,-90.7197,0
46.8706,-68.0172,0
40.8142,-85.1547,-39
47.0575,-109.9514,11
40.2539,-85.1483,6
32.3500,-94.6500,122
45.0853,-67.1203,0
38.3139,-81.7186,44
40.7928,-87.7556,-22
36.7578,-90.4056,67
44.9847,-93.1772,0
64.9156,-148.2711,17
28.7156,-97.1742,128
37.8194,-85.3847,67
43.9794,-117.0247,17
41.0267,-86.5867,22
34.1944,-79.2472,111
42.2947,-83.7108,-22
44.4933,-68.4583,0
42.7831,-71.4147,-6
40.2233,-86.1086,44
40.0739,-87.5067,0
35.6214,-88.8456,78
32.7547,-104.3836,44
