45.8981,-86.5483,36
46.2314,-112.1136,76
39.4206,-79.0050,107
47.8344,-120.0006,9
38.6644,-94.8900,45
47.2753,-88.4169,18
40.1100,-87.9567,54
47.6497,-120.0800,45
35.5953,-82.5567,98
30.5347,-94.4456,27
41.8161,-80.4250,36
37.1317,-86.1481,72
39.8814,-77.3506,27
39.7750,-105.1169,58
40.5764,-105.0858,85
39.7194,-76.8028,40
45.6656,-97.0392,63
44.4933,-68.4583,67
34.6242,-106.3103,112
38.5039,-95.7036,89
34.2183,-116.4072,80
34.1206,-115.8500,116
45.4525,-99.3358,94
42.3997,-89.9903,67
61.5889,-149.0992,0
47.0083,-88.4317,36
41.7392,-77.9711,67
39.0733,-93.7075,80
47.8306,-110.6608,58
39.3903,-94.5553,103
40.8250,-92.8925,130
40.9656,-105.2186,143
61.2967,-149.4400,0
61.1025,-149.7169,31
40.8600,-102.8031,107
48.0750,-111.2597,0
48.9981,-110.2158,89
40.6558,-97.2208,156
48.4628,-108.7792,0
34.7994,-109.8850,139
35.0761,-89.7430,49
47.0111,-109.2261,58
41.2847,-105.5319,134
45.8981,-86.5483,36
46.2314,-112.1136,76
39.4206,-79.0050,107
47.8344,-120.0006,9
38.6644,-94.8900,45
47.2753,-88.4169,18
40.1100,-87.9567,54
47.6497,-120.0800,45
35.5953,-82.5567,98
30.5347,-94.4456,27
41.8161,-80.4250,36
37.1317,-86.1481,72
39.8814,-77.3506,27
39.7750,-105.1169,58
40.5764,-105.0858,85
39.7194,-76.8028,40
45.6656,-97.0392,63
44.4933,-68.4583,67
34.6242,-106.3103,112
38.5039,-95.7036,89
34.2183,-116.4072,80
34.1206,-115.8500,116
45.4525,-99.3358,94
42.3997,-89.9903,67
61.5889,-149.0992,0
47.0083,-88.4317,36
41.7392,-77.9711,67
39.0733,-93.7075,80
47.8306,-110.6608,58
39.3903,-94.5553,103
40.8250,-92.8925,130
40.9656,-105.2186,143
61.2967,-149.4400,0
61.1025,-149.7169,31
40.8600,-102.8031,107
48.0750,-111.2597,0
48.9981,-110.2158,89
40.6558,-97.2208,156
48.4628,-108.7792,0
34.7994,-109.8850,139
35.0761,-89.7430,49
47.0111,-109.2261,58
41.2847,-105.5319,134
