43.8544,-116.4664,172
43.9794,-117.0247,156
40.1100,-87.9567,100
41.1453,-85.4897,100
33.8083,-79.8567,228
47.0575,-109.9514,106
33.2564,-81.2422,200
34.1944,-79.2472,244
41.8161,-80.4250,150
40.4750,-86.9919,122
32.7547,-104.3836,156
42.7831,-71.4147,144
37.1317,-86.1481,194
37.8194,-85.3847,200
42.1397,-87.7853,144
28.4575,-97.7061,261
44.4933,-68.4583,106
40.4719,-74.4364,156
62.1925,-150.5033,72
37.0683,-88.7725,194
46.8706,-68.0172,106
38.4558,-86.6983,161
40.2233,-86.1086,194
44.9847,-93.1772,111
35.6214,-88.8456,217
32.3500,-94.6500,244
37.9311,-98.0297,128
40.0739,-87.5067,139
39.4833,-83.8500,144
42.2947,-83.7108,128
37.1244,-87.8672,111
38.4661,-101.7758,128
39.4708,-87.4081,183
27.7792,-97.5056,256
38.7003,-82.4736,228
39.4700,-80.8572,167
38.7386,-87.4878,156
28.7156,-97.1742,256
41.0267,-86.5867,122
34.1419,-80.8700,228
45.0853,-67.1203,117
38.5200,-89.8467,167
34.6603,-82.8236,256
38.8894,-86.5519,161
64.9156,-148.2711,17
42.3806,-96.9575,83
32.2822,-106.7597,228
41.4439,-86.9294,122
40.7928,-87.7556,111
47.6811,-117.6267,128
33.7775,-81.8467,256
40.9361,-90.7197,133
36.1306,-80.5481,200
32.5133,-92.3486,228
44.8831,-85.6753,100
40.2539,-85.1483,156
32.9206,-86.6708,239
46.3414,-86.9242,72
38.3139,-81.7186,189
36.7578,-90.4056,189
28.8608,-97.0181,272
40.8142,-85.1547,111
37.9931,-100.8122,106
37.1167,-84.6167,183
44.5208,-101.6192,111
20.7583,-156.3211,161
