41.7803,-124.2367,40
38.5911,-92.1558,67
46.4267,-105.8825,112
31.3928,-92.2956,76
44.5169,-108.0822,94
35.0564,-89.9864,76
61.1689,-150.0278,89
44.3814,-100.2856,67
42.7431,-73.8092,63
55.3567,-131.7117,63
34.2622,-88.7714,89
38.8100,-104.6883,81
44.7408,-85.5825,94
48.5222,-123.0231,45
41.7806,-122.4717,89
43.3436,-72.5178,72
43.1561,-90.6775,76
39.4900,-121.6183,81
27.7411,-98.0247,112
37.3711,-118.3581,125
37.2839,-98.5528,58
47.6217,-117.5281,72
39.3792,-74.4242,40
37.6703,-95.4842,58
47.2675,-122.5761,45
41.5886,-83.8014,89
38.3406,-75.5103,63
44.8889,-116.1017,81
43.2781,-70.9222,63
40.2342,-85.3936,72
35.9333,-79.0642,63
60.1283,-149.4167,72
43.3906,-99.8422,76
36.6239,-87.4194,76
45.5644,-84.7928,112
41.4131,-81.8600,72
24.7258,-81.0517,40
27.9106,-82.6875,72
41.0467,-78.4117,31
35.6567,-95.3614,63
33.4669,-82.0386,76
35.0169,-80.6206,76
60.4889,-145.4511,63
48.4608,-119.5167,63
41.8678,-84.0794,76
-14.3306,-170.7136,154
29.9506,-94.0206,143
42.4933,-79.2722,89
46.9006,-95.0678,81
38.8483,-77.0342,72
32.7336,-117.1831,72
37.8892,-121.2258,81
41.7861,-87.7522,81
36.6206,-116.0278,116
39.1342,-108.5400,116
42.8783,-100.5500,67
35.9461,-112.1547,98
45.6689,-96.9914,112
44.3592,-84.6739,89
66.0689,-162.7639,130
32.7817,-98.0603,94
44.9319,-93.0556,107
70.6392,-159.9950,67
40.1936,-76.7633,72
32.8547,-109.6353,116
45.6308,-89.4653,94
39.4781,-88.2803,76
47.3864,-92.8389,94
43.1406,-89.3453,67
40.6675,-89.6839,76
34.6517,-112.4208,116
46.4167,-86.6500,98
38.6892,-75.3592,45
37.7461,-97.2211,72
32.3847,-94.7117,81
34.2719,-83.8303,103
39.1019,-121.5678,98
34.2008,-119.2069,98
39.8250,-86.2958,72
41.3931,-70.6150,76
31.3089,-86.3939,72
29.6919,-82.2756,76
47.2078,-119.3192,67
40.7794,-73.8803,67
31.8311,-104.8089,215
44.3206,-69.7972,81
32.6808,-96.8681,94
37.3169,-79.9742,98
41.4525,-87.0058,81
30.4000,-86.4717,72
36.3189,-119.6289,67
37.2353,-93.4003,72
33.4617,-80.8581,89
35.1967,-81.1558,76
47.0492,-109.4578,116
38.0700,-102.6881,94
34.2097,-118.4892,63
32.8167,-115.6833,170
45.0133,-84.7014,112
48.2138,-106.6213,112
30.5892,-96.3647,94
34.8831,-82.2203,81
33.7792,-84.5214,89
33.9381,-118.3889,112
31.4000,-93.2833,98
34.8364,-92.2619,58
34.0561,-117.6003,76
35.5931,-88.9167,76
35.1822,-103.6031,72
43.5164,-112.0672,98
29.5189,-95.2417,76
42.3606,-71.0106,76
38.7525,-90.3736,67
36.7436,-108.2292,125
41.0136,-83.6686,94
31.7800,-103.2017,72
41.0375,-81.4642,81
7.3333,134.4833,36
41.5944,-109.0528,143
30.0375,-91.8839,134
39.7075,-86.2803,81
33.8750,-84.3022,94
41.0731,-71.9233,54
38.8500,-94.7392,67
41.9097,-70.7294,89
35.2372,-120.6414,81
31.3558,-85.7511,76
34.7336,-76.6606,125
13.4836,144.7961,63
31.9514,-85.1289,63
21.9839,-159.3405,54
62.1592,-145.4589,67
55.5800,-133.0750,72
43.9844,-88.5569,76
42.2228,-83.7444,81
25.7906,-80.3164,89
35.5144,-108.7939,143
35.8550,-77.8931,94
30.7797,-86.5225,63
45.2486,-122.7686,45
45.4558,-98.4131,72
41.3714,-73.4828,67
46.7439,-117.1086,58
34.3478,-85.1611,76
43.6497,-70.3003,112
47.4444,-122.3139,63
42.0647,-104.1528,98
35.2325,-75.6219,116
36.0097,-94.1694,58
59.2433,-135.5094,76
46.5683,-120.5428,98
57.7511,-152.4856,63
33.4278,-112.0039,103
42.7172,-71.1239,81
42.6650,-83.4181,98
26.1522,-81.7753,81
34.1231,-84.8486,54
44.3675,-71.5450,72
47.5303,-122.3008,45
28.0836,-97.0464,103
43.5667,-116.2406,63
37.2253,-89.5706,81
37.1431,-107.7597,112
30.7044,-87.0231,72
29.9800,-95.3600,107
39.4494,-74.5672,45
43.1711,-86.2367,89
43.9658,-107.9508,94
62.3200,-150.0950,54
9.4833,138.0833,72
43.7331,-103.6114,72
38.8983,-119.9947,58
39.1258,-123.2008,63
35.7425,-81.3819,94
39.2953,-114.8467,139
45.6194,-121.1661,94
30.1250,-93.2158,148
35.2333,-101.7089,81
34.3622,-98.9761,72
36.0719,-115.1633,98
36.9033,-76.1922,112
31.1828,-90.4708,98
47.4933,-122.2144,63
44.0219,-82.7931,76
39.6092,-110.7547,103
40.2383,-75.5572,36
41.8056,-107.1997,125
41.1389,-75.3794,58
33.5872,-85.8556,76
48.0944,-105.5744,72
39.2775,-120.7103,54
33.5656,-86.7450,72
46.9258,-98.6692,67
42.7461,-86.0967,89
41.8031,-78.6403,63
39.4203,-83.8217,81
40.1764,-80.6472,58
40.0803,-95.5919,58
48.1203,-123.4983,76
43.1167,-77.6767,94
30.2333,-81.6667,98
39.2447,-102.2842,81
42.4819,-114.4869,103
46.7994,-102.7972,58
33.2367,-107.2681,107
37.1319,-76.4930,89
33.4825,-90.9853,89
42.1578,-72.7161,63
45.5406,-122.9486,81
44.7694,-106.9689,98
44.0511,-101.6011,72
41.2544,-80.6739,72
7.0833,171.3833,62
43.4133,-124.2436,45
30.0494,-90.0289,103
39.9061,-84.2186,81
36.0236,-84.2375,58
41.6328,-91.5431,76
42.5417,-113.7661,103
26.9172,-81.9914,81
47.3258,-106.9475,116
26.1839,-98.2539,125
63.9944,-145.7214,103
39.8328,-104.6575,89
43.0206,-102.5183,63
41.5333,-71.2833,76
38.9833,-76.4667,72
46.0947,-118.2869,89
32.1300,-81.2100,103
45.8258,-119.2611,94
64.5500,-149.0717,45
41.3119,-105.6747,125
46.3583,-104.2500,116
46.3747,-117.0156,63
66.9161,-151.5089,72
46.0261,-91.4442,76
26.0719,-80.1536,81
34.9000,-76.8833,107
43.4075,-94.7461,139
18.2550,-65.6408,76
32.5722,-116.9794,76
43.7700,-88.4864,112
34.2486,-82.1592,81
34.7272,-92.2389,67
44.5483,-95.0803,103
45.9647,-112.5006,94
43.5950,-118.9564,72
39.8683,-75.2311,72
62.9575,-155.6103,72
31.3711,-100.4922,89
40.0397,-88.2778,81
39.7078,-77.7297,63
36.1336,-80.2222,94
41.5175,-81.6836,81
33.9519,-117.4386,76
43.7667,-98.0333,81
36.2667,-93.1567,58
31.5883,-110.3442,143
37.7064,-112.1456,116
38.1417,-76.4292,58
30.4844,-81.7019,89
31.5358,-82.5067,63
40.9167,-81.4333,72
48.6033,-112.3753,72
55.2208,-162.7325,72
24.5833,-81.6833,63
37.7797,-89.2497,89
26.2500,-80.1083,81
33.8117,-118.1464,72
42.4167,-87.8667,76
26.2281,-97.6542,134
35.3889,-97.6006,89
30.1831,-97.6800,125
38.0408,-84.6058,63
33.3633,-84.5658,89
41.5092,-74.2650,63
39.5264,-107.7264,125
30.0481,-102.2131,89
36.7414,-104.5022,89
46.8706,-68.0172,94
43.5331,-84.0797,94
33.9481,-83.3275,76
31.2819,-89.2531,72
45.8069,-108.5422,94
33.6883,-112.0817,103
38.2103,-122.2847,98
45.0619,-93.3508,89
32.8192,-97.3614,98
46.1569,-123.8825,58
40.9611,-98.3136,54
36.1189,-86.6892,72
25.6475,-80.4331,107
42.2667,-84.4667,89
40.6386,-73.7622,72
41.6764,-70.9583,94
34.5583,-98.4172,89
44.5444,-110.4211,31
34.1853,-79.7239,98
36.9878,-120.1106,72
29.3389,-98.4719,89
43.1072,-78.9453,112
59.4556,-135.3239,103
35.8181,-83.9858,94
32.7100,-96.2672,107
37.6928,-121.8144,94
43.1111,-76.1039,76
34.1167,-119.1167,98
46.2667,-119.1167,76
32.6636,-97.0939,116
40.9781,-124.1086,40
34.2006,-118.3575,58
40.7789,-73.9692,54
39.5936,-84.2264,72
30.3975,-84.3289,89
26.5850,-81.8614,72
42.8375,-103.0953,81
39.9492,-74.8417,31
38.8000,-97.6500,54
45.5464,-100.4078,58
41.6236,-98.9517,54
41.3497,-71.7989,76
19.7192,-155.0531,63
29.2733,-94.8592,103
44.7978,-68.8186,76
30.4000,-81.4167,63
35.6875,-117.6931,116
33.9706,-80.9958,89
40.4719,-81.4236,54
43.3497,-76.3847,67
25.9069,-80.2803,103
29.6381,-95.2819,98
38.9597,-94.3714,67
40.0681,-118.5692,107
42.8050,-72.0036,72
35.5342,-97.6469,81
40.6161,-83.0636,72
39.2956,-80.2289,63
45.2575,-112.5545,94
28.0622,-81.7542,63
34.1750,-91.9347,89
48.3500,-122.6667,63
38.6956,-121.5897,98
42.5842,-70.9175,72
47.7472,-90.3444,63
45.6478,-68.6925,72
48.7167,-94.6000,81
28.4567,-99.2183,183
30.4781,-87.1869,81
42.3914,-96.3792,94
39.6728,-75.6008,63
40.4122,-86.9369,72
41.6686,-70.2800,89
29.7036,-98.0281,103
24.5550,-81.7522,58
34.6439,-86.7861,81
31.6189,-97.2283,103
42.5519,-71.7558,72
38.6572,-90.6558,54
40.1667,-103.2167,103
32.8519,-96.8556,98
40.2064,-100.5914,58
35.9508,-85.0814,72
33.2208,-92.8142,67
42.7803,-84.5789,103
36.2833,-94.3000,76
39.4019,-77.9844,76
42.1594,-76.8919,63
35.8517,-97.4142,58
44.4983,-88.1111,116
36.2967,-99.7689,63
33.1803,-96.5903,98
35.2236,-80.9553,76
41.2433,-76.9217,54
38.8317,-94.8897,72
38.0653,-97.8606,67
29.3600,-99.1742,139
38.7642,-87.6056,81
58.3567,-134.5639,94
37.6544,-97.4425,67
36.8167,-76.0333,107
42.1997,-75.9850,58
34.5467,-93.5781,36
38.1386,-78.4530,45
32.9733,-97.3181,107
37.4389,-105.8614,143
61.5961,-149.0917,58
41.7219,-71.4325,98
42.5700,-72.2911,81
40.7342,-73.4169,67
35.9403,-89.8308,98
42.1208,-87.9047,72
27.7839,-97.5108,112
26.1658,-97.3458,125
44.0206,-117.0128,45
34.6081,-79.0592,107
39.3450,-81.4392,58
41.1961,-112.0114,112
41.6117,-90.5808,98
36.8781,-91.9025,67
33.1783,-86.7817,72
41.2003,-74.6231,58
43.5878,-96.7289,103
38.8853,-79.8528,63
33.9786,-98.4928,94
6.9667,158.2167,26
44.3853,-74.2067,76
34.9894,-99.0525,76
37.6542,-122.1150,76
40.3547,-79.9217,54
45.5433,-94.0514,81
34.9914,-78.8803,125
47.0339,-120.5303,116
33.8281,-116.5053,139
38.2281,-85.6636,72
30.7439,-95.5861,67
57.1553,-170.2222,112
33.8719,-117.9789,67
37.2847,-120.5128,67
43.1953,-71.5011,76
34.6525,-86.9453,76
41.1583,-73.1289,76
70.2117,-151.0017,98
45.7881,-111.1608,98
36.0167,-102.5500,72
35.0419,-106.6156,161
38.5039,-122.8103,67
35.0028,-105.6628,98
42.3811,-122.8722,103
35.1350,-90.2344,81
39.5703,-104.8489,72
41.8756,-71.0211,72
33.2119,-87.6161,81
42.8939,-85.5447,103
41.7700,-88.4814,98
42.6003,-123.3642,58
61.1781,-149.9664,58
39.9369,-91.1919,72
42.8975,-106.4636,98
39.4519,-87.3089,63
41.4914,-120.5644,98
31.9433,-102.1889,94
8.7333,167.7333,94
32.5161,-84.9422,98
36.9500,-76.2833,116
36.9647,-86.4239,58
15.1167,145.7167,94
67.7317,-164.5483,98
38.8169,-92.2183,72
44.9358,-74.8458,103
34.8536,-116.7858,139
38.3650,-82.5550,58
30.8356,-85.1839,67
44.3814,-106.7211,89
44.8322,-93.4706,94
42.1244,-86.4267,76
47.9742,-117.4283,54
36.1994,-95.8872,63
44.3394,-105.5419,107
30.7825,-83.2767,40
28.8208,-81.8097,67
41.3336,-75.7269,63
40.3667,-75.9667,63
42.2347,-85.5519,94
38.5050,-107.8975,130
37.6197,-122.3647,94
37.9406,-75.4631,81
38.1811,-85.7392,81
56.6000,-169.5650,107
42.5844,-110.1075,125
28.7247,-96.2536,67
29.5622,-91.5256,63
44.5344,-72.6144,63
36.0969,-79.9433,112
43.7694,-87.8506,103
31.9206,-102.3867,94
44.0433,-103.0536,81
32.3347,-88.7442,89
42.0800,-80.1825,72
33.4050,-118.4158,89
34.2900,-93.0600,72
45.6208,-122.6572,45
40.6331,-93.9019,81
34.6719,-82.8864,116
38.9408,-77.4636,67
32.5428,-93.7450,72
36.6817,-101.5053,54
43.9922,-76.0217,89
37.7086,-113.0944,103
26.5361,-81.7550,63
32.8158,-117.1394,76
43.0661,-108.4767,112
40.5100,-101.6200,67
43.9042,-92.4917,107
34.7917,-79.3661,98
41.1078,-92.4467,76
36.2117,-115.1958,134
32.8978,-97.0189,112
43.8339,-111.8045,67
32.3336,-104.2581,67
45.8183,-88.1144,103
42.0572,-102.8000,76
47.4667,-87.8833,116
40.7083,-84.0267,81
64.5111,-165.4400,72
39.5514,-97.6508,54
60.7850,-161.8292,72
42.4272,-73.2892,58
47.3978,-120.2014,116
41.6875,-69.9933,76
35.0281,-110.7208,130
41.7872,-111.8533,125
64.3267,-158.7417,72
44.1278,-123.2206,81
21.4500,-157.7833,40
43.9906,-70.9475,76
27.5000,-97.8167,170
38.5714,-90.1572,72
33.6228,-111.9106,89
41.7419,-72.1836,76
41.6267,-73.8842,58
27.5333,-99.4667,148
39.0725,-95.6261,63
42.4092,-83.0100,76
41.9144,-88.2464,89
46.1236,-67.7928,103
40.1519,-122.2536,81
39.8233,-93.5792,54
42.1908,-71.1736,76
41.3375,-84.4289,76
46.7708,-100.7603,63
34.8822,-95.7831,76
38.7550,-109.7542,116
29.7333,-85.0333,94
41.9950,-87.9336,81
36.5728,-79.3361,63
17.7028,-64.8056,81
48.2553,-101.2733,76
28.1011,-80.6439,67
38.7042,-93.1833,67
36.9261,-111.4478,89
36.4731,-82.4044,94
39.1894,-103.7158,98
35.4319,-82.5375,103
34.7675,-114.6189,98
41.9381,-72.6825,81
42.2314,-83.3308,81
42.9667,-83.7494,89
42.5708,-77.7133,63
39.0431,-84.6717,76
47.6831,-117.3214,81
42.2706,-71.8731,76
38.9503,-95.6639,63
29.6333,-83.1053,72
42.7972,-105.3856,125
39.4167,-118.7167,134
33.6267,-116.1594,112
32.8342,-115.5786,139
37.0683,-88.7719,76
33.3644,-81.9633,98
46.1442,-115.5964,54
32.2997,-86.4075,72
42.1469,-121.7242,76
46.5486,-90.9189,89
35.0678,-77.0481,98
59.5119,-139.6711,63
33.8117,-78.7239,107
27.4981,-80.3767,72
45.6983,-110.4408,103
38.1311,-91.7683,72
37.6242,-120.9506,72
37.5908,-83.3131,58
31.3500,-85.6667,67
30.3361,-81.5147,76
39.3669,-101.7000,72
39.2231,-106.8683,125
28.4736,-82.4544,81
40.6239,-74.6694,54
46.9208,-114.0925,148
38.8761,-98.8092,58
41.2531,-70.0608,72
37.1467,-94.5022,45
41.5272,-85.7922,98
44.5228,-114.2150,72
42.7611,-87.8136,76
38.7667,-104.3000,103
40.9017,-117.8081,134
40.8203,-82.5178,58
40.8436,-72.6322,63
35.4344,-119.0542,81
40.8217,-72.8689,67
42.1928,-89.0931,81
37.2958,-81.2078,72
29.5442,-98.4839,107
40.8731,-81.8867,72
40.8500,-74.0614,67
40.1203,-76.2944,58
43.6264,-72.3047,72
31.4208,-110.8458,134
44.9050,-123.0011,58
40.0819,-75.0111,40
57.0481,-135.3647,94
32.8986,-80.0403,89
38.2900,-104.4983,81
32.6500,-114.6167,94
38.3794,-81.5900,63
32.8667,-117.1333,72
58.6794,-156.6294,45
35.2100,-99.1200,81
33.9753,-117.6361,94
41.4653,-90.5233,81
42.1094,-77.9919,58
44.2558,-121.1392,103
40.7833,-91.1253,67
25.9989,-80.2411,89
45.0717,-83.5644,94
42.6425,-77.0564,72
36.6636,-121.6081,81
34.9869,-81.0575,89
41.1783,-78.8989,45
36.9839,-77.0075,54
47.3078,-119.5153,72
47.9078,-122.2803,45
41.7072,-86.3164,98
45.7728,-122.8611,63
46.9728,-123.9303,67
43.9636,-69.7117,81
41.3461,-82.1794,72
31.0425,-86.3117,54
37.2833,-102.6139,94
34.2675,-77.8997,112
42.9333,-71.4383,76
48.7939,-122.5372,58
42.3978,-90.7036,89
46.4047,-94.1308,94
30.2050,-91.9875,157
31.1500,-92.9667,63
39.9444,-81.8922,63
28.8614,-96.9303,76
30.5108,-99.7664,72
47.2856,-68.3133,130
32.5500,-88.5667,72
33.6542,-101.8136,94
43.1644,-95.2017,130
40.3161,-78.8339,63
39.3756,-99.8297,58
42.5950,-87.9381,103
34.4272,-100.2831,67
34.0511,-118.2353,40
35.3331,-94.3625,72
40.8764,-74.2831,45
34.9883,-117.8647,143
45.5114,-118.4247,36
48.1739,-103.6367,63
32.2622,-107.7206,174
37.3208,-79.2067,67
59.6419,-151.4908,94
33.6300,-84.4417,103
33.4964,-90.0867,63
44.6381,-90.1875,94
39.3644,-84.5247,76
40.4953,-107.5211,112
38.3000,-76.4167,76
60.5797,-151.2392,63
42.6958,-73.1708,63
32.0311,-96.3989,76
34.5183,-109.3792,157
29.1828,-81.0483,63
32.7667,-97.4500,98
41.8706,-103.5931,94
32.4506,-93.8411,103
42.9486,-78.7369,94
40.2769,-74.8158,40
37.2622,-104.3378,94
40.9706,-85.2064,89
34.8461,-82.3461,94
47.1686,-88.4889,107
38.9286,-90.4281,67
38.3306,-96.1897,63
31.5356,-84.1944,81
34.8994,-120.4486,81
42.9550,-87.9044,89
30.6264,-88.0681,67
37.9917,-122.0550,89
40.3300,-75.1225,40
38.5000,-77.3000,76
61.2169,-149.8550,58
48.5428,-109.7633,103
39.1033,-84.4189,63
35.1442,-111.6664,107
42.8153,-108.7261,81
35.8922,-78.7819,76
48.3042,-114.2636,76
42.1128,-92.9175,112
34.7442,-87.5997,63
39.6014,-116.0056,139
42.4700,-71.2894,76
42.9203,-112.5711,107
31.3347,-92.5586,130
36.0394,-95.9844,63
31.3214,-85.4497,81
33.6800,-117.8664,72
46.8369,-92.2097,94
41.9922,-93.6217,112
36.2606,-76.1750,107
37.1681,-97.0369,67
41.6264,-80.2150,54
35.6169,-106.0889,116
30.3433,-89.8222,98
44.2033,-72.5794,67
37.0872,-84.0769,67
41.1519,-104.8061,89
45.4622,-69.5953,54
21.1544,-157.0961,58
44.4683,-73.1500,89
34.2167,-119.0833,103
36.4486,-103.1539,81
30.0675,-95.5561,107
38.0511,-117.0903,143
39.1333,-86.6167,67
34.4978,-82.7097,103
36.3333,-119.9500,89
59.4433,-151.7017,45
34.0500,-94.4008,63
41.0089,-74.7367,54
30.5069,-86.9597,67
36.1625,-97.0894,67
41.9856,-97.4353,63
40.8508,-96.7475,63
35.8311,-90.6464,72
27.7628,-82.6261,67
40.8206,-76.8642,45
32.3367,-90.2214,58
40.0228,-82.4625,67
34.7000,-77.3833,116
29.3331,-89.4075,72
19.7356,-156.0489,67
37.5050,-77.3203,67
41.5631,-83.4764,89
39.2972,-94.7306,54
41.5097,-72.8278,76
41.2639,-72.8872,58
29.9933,-90.2511,148
31.6072,-110.4281,139
26.6847,-80.0994,72
39.7556,-82.6572,63
55.0389,-131.5786,40
38.4167,-113.0167,116
36.7800,-119.7194,76
41.7361,-72.6506,76
43.1544,-93.3269,143
40.0781,-83.0781,76
44.3592,-89.8369,94
38.3083,-75.1239,67
60.7850,-148.8389,58
42.5544,-92.4011,103
33.6186,-114.7142,116
64.8039,-147.8761,76
40.2964,-78.3203,54
36.6950,-76.1356,98
37.0911,-95.5664,81
39.8344,-88.8656,72
44.3981,-98.2231,98
18.3331,-64.9667,76
45.1947,-123.1339,76
40.2172,-76.8514,45
36.9358,-121.7886,63
36.7367,-97.1019,67
32.3542,-95.4025,72
40.7939,-73.1017,67
46.0139,-102.6547,72
35.2578,-113.9331,98
30.3208,-97.7603,67
35.6950,-101.3950,63
7.4500,151.8333,52
28.4339,-81.3250,107
44.1708,-114.9272,67
31.8111,-106.3758,112
30.6794,-88.2397,76
41.8833,-91.7167,98
33.2194,-117.3494,67
29.3783,-100.9269,89
44.9258,-89.6256,112
39.8447,-89.6839,81
46.9253,-96.8111,76
33.4536,-94.0075,72
43.2119,-90.1814,81
37.3278,-95.5042,58
36.7683,-96.0261,67
32.7000,-117.2000,72
41.0669,-73.7075,67
29.6222,-95.6564,89
33.2061,-97.1989,89
38.0494,-103.5122,98
47.9428,-97.1839,76
44.8831,-93.2289,94
47.9375,-124.5550,54
43.2339,-75.4117,76
32.7800,-79.9319,49
41.5339,-93.6531,107
45.8678,-95.3942,94
39.6428,-79.9164,45
40.5175,-122.2986,89
30.7167,-87.0167,54
45.5908,-122.6003,54
34.7436,-118.7242,94
32.4106,-99.6822,76
42.8914,-73.2469,58
39.5781,-85.8033,72
41.1214,-100.6694,45
35.0311,-85.2014,81
33.0375,-116.9158,72
34.6294,-118.0836,139
42.3075,-85.2511,98
36.3689,-92.4703,45
39.1208,-94.5969,54
45.6044,-103.5464,107
40.8097,-124.1603,45
30.7406,-98.2353,81
40.0972,-92.5433,67
37.7081,-77.4344,40
40.6508,-75.4492,58
37.3031,-108.6275,139
32.6261,-116.4681,89
41.3325,-122.3328,40
40.4422,-109.5144,94
32.4833,-80.7167,89
34.4258,-119.8425,98
39.1353,-96.6778,54
44.8664,-91.4878,89
25.9156,-97.4186,107
39.4839,-119.7711,130
71.2833,-156.7814,81
46.9733,-122.9033,58
37.4058,-122.0481,72
31.1522,-81.3908,72
38.0442,-87.5206,67
35.6542,-105.1419,76
31.4583,-109.6061,139
39.1667,-76.6833,54
40.6044,-98.4272,58
59.7494,-154.9089,72
27.6531,-80.2428,72
40.8289,-115.7886,112
27.9619,-82.5403,81
42.5906,-117.8644,103
45.6906,-118.8528,98
30.4636,-88.5319,67
43.2389,-123.3547,63
31.2361,-94.7544,103
39.3667,-75.0667,36
30.4119,-89.0808,94
30.3489,-85.7881,130
39.9914,-82.8808,81
47.4569,-115.6450,58
30.3567,-95.4139,72
35.6575,-109.0614,130
40.4847,-80.2144,72
32.1314,-110.9553,116
70.1917,-148.4772,98
42.7267,-114.4564,94
41.3275,-72.0494,72
41.4333,-99.6333,54
41.1014,-102.9847,89
41.7636,-96.1778,81
27.4014,-82.5586,89
66.8667,-162.6333,148
43.8789,-91.2528,94
32.5156,-92.0406,81
28.7797,-81.2436,72
20.8997,-156.4286,76
37.7608,-99.9683,54
38.1847,-84.9033,67
32.3500,-91.0278,98
33.1281,-117.2794,67
27.6833,-97.2833,161
47.2381,-123.1408,94
46.4794,-84.3572,107
37.9272,-100.7247,63
35.6697,-120.6283,94
30.5372,-91.1469,76
39.2292,-106.3169,134
41.7781,-80.6958,76
29.1097,-95.4619,72
18.4325,-66.0108,94
41.3103,-95.8992,72
44.8428,-117.8086,94
34.7411,-118.2117,143
45.0319,-102.0192,67
39.0083,-95.2117,63
39.9181,-76.8742,36
41.2731,-111.0306,107
40.6825,-74.1694,63
39.7333,-77.4333,36
39.7736,-94.9233,63
21.3167,-158.0667,58
37.7214,-122.2208,81
26.1969,-80.1708,76
62.9614,-141.9292,54
33.9486,-81.1186,98
30.9119,-102.9167,76
36.5881,-121.8453,72
38.3775,-121.9575,89
47.6458,-101.4394,67
40.7781,-111.9694,94
34.0158,-118.4514,63
36.7725,-90.3247,81
38.5069,-121.4950,89
35.2578,-93.0947,63
32.6847,-83.6528,89
40.0489,-107.8853,72
42.2333,-83.5333,98
43.3500,-73.6167,81
45.5511,-122.4089,45
44.5761,-71.1786,67
44.9047,-97.1494,81
46.6056,-111.9636,98
31.4156,-87.0442,63
33.3075,-104.5083,63
33.6361,-91.7556,72
64.7767,-141.1483,58
28.5453,-81.3331,89
44.6500,-73.4667,89
21.3239,-157.9294,67
48.5614,-93.3981,76
47.4733,-111.3822,94
31.8606,-86.0122,76
37.3592,-121.9239,72
37.7836,-81.1231,81
33.9228,-118.3342,94
32.3206,-90.0778,76
