-37.4964,144.5028,2
-37.3811,147.1067,4
-23.9775,120.0108,2
-33.3956,117.0944,3
46.5831,-90.9678,5
39.4931,-96.1758,3
-32.8148,149.0408,3
29.3178,-96.0847,4
38.6944,-119.5453,8
45.9869,-123.9236,2
40.7917,-85.8258,2
39.0056,-114.2206,2
55.4772,-133.1408,2
34.3725,-89.5308,2
35.5325,-90.6872,2
43.5397,-109.6553,3
-32.4266,151.5376,2
34.0661,-86.3069,2
-33.7324,151.0767,2
-29.9691,152.7265,2
38.7978,-99.7231,2
-37.3495,144.7494,2
38.9533,-94.7142,12
44.6247,-124.0469,2
38.4747,-100.9175,2
47.4172,-122.2433,2
38.9239,-122.5672,3
29.3092,-97.4061,9
38.2006,-99.5344,2
-28.9759,152.7101,9
-34.6708,150.8497,4
