37.9931,-100.8122,122
38.4558,-86.6983,139
47.0575,-109.9514,122
41.1453,-85.4897,89
62.1925,-150.5033,78
44.5208,-101.6192,122
33.2564,-81.2422,183
42.1397,-87.7853,144
37.0683,-88.7725,189
40.0739,-87.5067,144
37.1317,-86.1481,178
32.3500,-94.6500,217
41.0267,-86.5867,128
41.4439,-86.9294,128
41.8161,-80.4250,133
40.9361,-90.7197,144
37.8194,-85.3847,194
45.0853,-67.1203,111
36.7578,-90.4056,211
44.4933,-68.4583,106
46.3414,-86.9242,83
44.8831,-85.6753,117
47.6811,-117.6267,150
34.1944,-79.2472,194
42.7831,-71.4147,150
43.9794,-117.0247,167
32.9206,-86.6708,211
39.4708,-87.4081,172
28.8608,-97.0181,272
42.3806,-96.9575,128
40.4719,-74.4364,150
38.7003,-82.4736,94
40.2539,-85.1483,150
39.4833,-83.8500,133
38.7386,-87.4878,128
27.7792,-97.5056,244
40.2233,-86.1086,178
36.1306,-80.5481,161
40.7928,-87.7556,111
35.6214,-88.8456,178
32.2822,-106.7597,211
37.1244,-87.8672,117
35.6042,-91.2744,211
39.4700,-80.8572,144
38.4661,-101.7758,144
38.8894,-86.5519,144
28.7156,-97.1742,256
34.1419,-80.8700,228
37.9311,-98.0297,144
42.2947,-83.7108,117
40.4750,-86.9919,167
32.7547,-104.3836,150
44.9847,-93.1772,122
37.1167,-84.6167,139
34.4719,-81.8839,222
46.8706,-68.0172,100
38.3139,-81.7186,167
32.5133,-92.3486,200
34.7289,-80.0389,211
33.8083,-79.8567,217
40.1100,-87.9567,100
64.9156,-148.2711,17
