45.8981,-86.5483,80
39.4206,-79.0050,139
47.8344,-120.0006,45
38.6644,-94.8900,67
47.2753,-88.4169,67
40.1100,-87.9567,80
47.6497,-120.0800,36
35.5953,-82.5567,94
39.7506,-92.5064,45
30.5347,-94.4456,36
41.8161,-80.4250,112
37.1317,-86.1481,76
39.8814,-77.3506,143
39.7750,-105.1169,58
47.2919,-88.4208,98
40.5764,-105.0858,63
39.7194,-76.8028,125
45.6656,-97.0392,121
44.4933,-68.4583,148
34.6242,-106.3103,139
38.5039,-95.7036,76
35.1375,-77.9892,54
34.2183,-116.4072,98
34.1206,-115.8500,103
45.4525,-99.3358,94
42.3997,-89.9903,89
61.5889,-149.0992,36
47.0083,-88.4317,76
41.7392,-77.9711,134
39.0733,-93.7075,72
47.8306,-110.6608,85
39.3903,-94.5553,54
40.9656,-105.2186,112
61.2967,-149.4400,72
61.1025,-149.7169,54
40.8600,-102.8031,116
48.0750,-111.2597,80
48.9981,-110.2158,107
40.6558,-97.2208,85
45.0961,-112.0856,85
34.7994,-109.8850,201
35.0761,-89.7430,49
47.0111,-109.2261,36
41.2847,-105.5319,98
