46.4747,-85.5925,1
40.2342,-85.3936,1
34.2622,-88.7714,1
32.3367,-90.2214,1
37.0875,-82.9925,1
41.7608,-102.4372,1
35.2372,-120.6414,1
43.0661,-108.4767,1
41.6117,-90.5808,1
43.2117,-91.0986,1
37.2253,-89.5706,1
39.4206,-79.0050,1
38.8169,-92.2183,1
27.4981,-80.3767,1
40.4122,-86.9369,1
38.9286,-90.4281,1
34.8822,-95.7831,1
33.0375,-116.9158,1
32.5722,-116.9794,1
36.0097,-94.1694,1
42.5950,-87.9381,1
47.2856,-68.3133,1
34.1750,-91.9347,1
43.0206,-102.5183,1
39.7333,-77.4333,1
44.4683,-73.1500,1
41.8833,-91.7167,1
36.0394,-95.9844,1
34.4258,-119.8425,1
43.9922,-76.0217,1
36.1308,-81.2275,1
37.8617,-83.9228,1
38.3064,-79.7197,1
38.3794,-81.5900,1
46.9208,-114.0925,1
40.6142,-79.7192,1
41.5272,-85.7922,1
31.3558,-85.7511,1
44.3592,-89.8369,1
42.6858,-103.8842,1
40.1100,-87.9567,1
42.2667,-84.4667,1
40.0397,-88.2778,1
36.9839,-77.0075,1
35.5953,-82.5567,1
30.0675,-95.5561,1
34.0511,-118.2353,1
37.9272,-100.7247,1
39.8447,-89.6839,1
40.4847,-80.2144,1
30.5347,-94.4456,1
30.5892,-96.3647,1
44.7694,-106.9689,1
44.5344,-72.6144,1
39.8958,-105.3847,1
28.4675,-98.2525,1
35.3889,-97.6006,1
33.9786,-98.4928,1
39.0725,-95.6261,1
37.6183,-79.4358,1
42.2417,-83.6933,1
41.3044,-95.3844,1
40.0803,-95.5919,1
27.7839,-97.5108,1
42.9486,-78.7369,1
29.3389,-98.4719,1
42.7431,-73.8092,1
42.0647,-104.1528,1
41.0103,-103.8769,1
44.5847,-85.3653,1
41.1519,-104.8061,1
44.3853,-74.2067,1
34.0500,-94.4008,1
41.1583,-73.1289,1
38.0911,-78.5906,1
33.6361,-91.7556,1
39.4519,-87.3089,1
41.6111,-102.9014,1
42.9550,-87.9044,1
32.3542,-95.4025,1
42.9667,-83.7494,1
39.0542,-96.2367,1
33.1783,-86.7817,1
45.0717,-83.5644,1
42.8939,-85.5447,1
34.2006,-118.3575,1
33.5500,-102.3758,1
41.6328,-91.5431,1
33.2119,-87.6161,1
41.3375,-84.4289,1
39.3669,-101.7000,1
39.9444,-81.8922,1
42.8633,-70.8997,1
31.9694,-89.2889,1
29.7036,-98.0281,1
33.8750,-84.3022,1
47.4597,-111.3847,1
39.7994,-79.3664,1
42.5544,-92.4011,1
36.1189,-86.6892,1
32.6847,-83.6528,1
37.6694,-79.2775,1
36.6239,-87.4194,1
39.2317,-95.6653,1
40.8203,-82.5178,1
44.2667,-71.2994,1
31.3711,-100.4922,1
45.0831,-91.3311,1
35.5931,-88.9167,1
42.7611,-87.8136,1
39.3450,-81.4392,1
32.3500,-91.0278,1
32.9733,-97.3181,1
27.5333,-99.4667,1
44.9467,-69.5456,1
33.9519,-117.4386,1
44.2769,-88.4378,1
41.7372,-87.7775,1
38.8000,-97.6500,1
71.2833,-156.7814,1
31.3347,-92.5586,1
29.6381,-95.2819,1
45.0133,-84.7014,1
42.7461,-86.0967,1
42.1128,-92.9175,1
29.1097,-95.4619,1
44.6381,-90.1875,1
30.6794,-88.2397,1
33.9381,-118.3889,1
38.7642,-87.6056,1
46.4267,-105.8825,1
40.6331,-93.9019,1
33.6800,-117.8664,1
38.8853,-79.8528,1
39.4019,-77.9844,1
44.4933,-68.4583,1
29.1828,-81.0483,1
43.1406,-89.3453,1
32.3336,-104.2581,1
26.9172,-81.9914,1
31.9514,-85.1289,1
34.7442,-87.5997,1
42.5008,-70.8644,1
41.8678,-84.0794,1
41.1078,-92.4467,1
36.1625,-97.0894,1
47.9375,-124.5550,1
43.7700,-88.4864,1
41.1944,-104.7125,1
28.8614,-96.9303,1
32.8519,-96.8556,1
34.1853,-79.7239,1
41.2433,-76.9217,1
47.0492,-109.4578,1
36.7683,-96.0261,1
42.3075,-85.2511,1
43.5331,-84.0797,1
41.1389,-75.3794,1
33.9706,-80.9958,1
34.2167,-119.0833,1
37.0683,-88.7725,1
37.1025,-82.8047,1
26.1522,-81.7753,1
38.6572,-90.6558,1
47.9742,-117.4283,1
31.9433,-102.1889,1
34.2900,-93.0600,1
44.8428,-117.8086,1
35.2578,-93.0947,1
18.4325,-66.0108,1
30.3636,-95.0839,1
40.2769,-74.8158,1
36.2114,-81.6442,1
42.0800,-80.1825,1
46.8706,-68.0172,1
36.9028,-82.0383,1
32.8158,-117.1394,1
30.1831,-97.6800,1
33.3644,-81.9633,1
39.4781,-88.2803,1
43.3500,-73.6167,1
30.9119,-102.9167,1
43.1711,-86.2367,1
31.8606,-86.0122,1
31.6189,-97.2283,1
35.5342,-97.6469,1
43.8789,-91.2528,1
13.4836,144.7961,1
31.8311,-104.8089,1
43.9317,-69.8564,1
39.0597,-87.6625,1
44.6828,-107.0089,1
44.6531,-70.7942,1
40.7833,-91.1253,1
30.3975,-84.3289,1
42.8375,-103.0953,1
28.7247,-96.2536,1
46.0139,-102.6547,1
37.2353,-93.4003,1
38.5311,-79.7714,1
42.8914,-73.2469,1
38.0442,-87.5206,1
19.7192,-155.0531,1
39.7075,-86.2803,1
26.1839,-98.2539,1
44.7408,-85.5825,1
38.3306,-96.1897,1
48.6033,-112.3753,1
36.2967,-99.7689,1
41.8706,-103.5931,1
38.0328,-78.5225,1
36.5764,-92.6767,1
35.5500,-88.7169,1
39.8344,-88.8656,1
39.2728,-79.3683,1
42.1928,-89.0931,1
37.0683,-88.7719,1
39.7197,-105.2472,1
33.4964,-90.0867,1
41.4131,-81.8600,1
37.1467,-94.5022,1
36.1994,-95.8872,1
41.8644,-103.6397,1
44.4536,-71.1853,1
34.8364,-92.2619,1
57.1553,-170.2222,1
35.8036,-82.6658,1
45.3581,-86.8911,1
40.6675,-89.6839,1
43.8567,-70.4664,1
41.6569,-69.9589,1
44.0622,-103.4819,1
40.1764,-80.6472,1
42.2947,-83.7108,1
42.1106,-104.9492,1
30.7044,-87.0231,1
32.7817,-98.0603,1
44.4717,-70.1594,1
34.0697,-118.4428,1
31.5358,-82.5067,1
41.7219,-71.4325,1
35.0564,-89.9864,1
44.4983,-88.1111,1
36.6636,-121.6081,1
55.0389,-131.5786,1
37.0872,-84.0769,1
34.0158,-118.4514,1
29.9506,-94.0206,1
56.2472,-134.6447,1
27.6531,-80.2428,1
38.1386,-78.4530,1
46.4533,-87.3039,1
41.9950,-87.9336,1
26.2281,-97.6542,1
29.3783,-100.9269,1
33.8117,-118.1464,1
39.5781,-85.8033,1
41.3119,-105.6747,1
37.9483,-83.4825,1
37.2039,-80.4144,1
32.5156,-92.0406,1
32.6808,-96.8681,1
37.7608,-99.9683,1
42.7803,-84.5789,1
32.7100,-96.2672,1
35.0678,-77.0481,1
38.2900,-104.4983,1
36.9358,-121.7886,1
38.5911,-92.1558,1
38.4844,-93.2556,1
38.9597,-94.3714,1
39.5514,-97.6508,1
15.1167,145.7167,1
41.7144,-70.4717,1
40.8097,-124.1603,1
32.8339,-97.2975,1
44.7592,-96.6872,1
46.1236,-67.7928,1
40.7083,-84.0267,1
44.3744,-70.3164,1
32.8978,-97.0189,1
33.1281,-117.2794,1
42.9203,-112.5711,1
43.7694,-87.8506,1
43.6497,-70.3003,1
36.5881,-121.8453,1
42.2058,-104.5561,1
31.1828,-90.4708,1
35.9886,-92.7161,1
37.6703,-95.4842,1
45.6478,-68.6925,1
38.9536,-74.9358,1
43.1561,-90.6775,1
30.7064,-95.5422,1
41.9922,-93.6217,1
43.1111,-76.1039,1
35.7425,-81.3819,1
33.3075,-104.5083,1
34.8994,-120.4486,1
41.5339,-93.6531,1
47.4733,-111.3822,1
58.4111,-135.7089,1
38.7956,-105.2003,1
38.5714,-90.1572,1
42.1244,-86.4267,1
43.5697,-76.1164,1
35.4319,-82.5375,1
30.7439,-95.5861,1
39.0083,-95.2117,1
39.8250,-86.2958,1
44.6500,-73.4667,1
55.2208,-162.7325,1
30.3567,-95.4139,1
33.4617,-80.8581,1
38.8317,-94.8897,1
31.2819,-89.2531,1
30.3961,-84.3556,1
29.6919,-82.2756,1
39.1208,-94.5969,1
26.1658,-97.3458,1
35.8311,-90.6464,1
42.3978,-90.7036,1
37.0947,-81.7936,1
27.4014,-82.5586,1
33.4825,-90.9853,1
35.6567,-95.3614,1
45.5644,-84.7928,1
29.9800,-95.3600,1
34.7272,-92.2389,1
36.2833,-94.3000,1
33.5872,-85.8556,1
35.5453,-82.6986,1
30.4844,-81.7019,1
43.2119,-90.1814,1
33.8719,-117.9789,1
41.5886,-83.8014,1
36.7367,-97.1019,1
41.8056,-107.1997,1
43.1167,-77.6767,1
42.8975,-106.4636,1
45.6983,-110.4408,1
41.7072,-86.3164,1
38.8894,-86.5519,1
31.0425,-86.3117,1
30.5372,-91.1469,1
38.0583,-83.9333,1
46.3583,-104.2500,1
41.7803,-124.2367,1
33.4536,-94.0075,1
36.4650,-83.5603,1
40.9706,-85.2064,1
32.6636,-97.0939,1
33.9486,-81.1186,1
31.2361,-94.7544,1
44.3592,-84.6739,1
36.2667,-93.1567,1
32.3347,-88.7442,1
34.2833,-86.9142,1
33.9753,-117.6361,1
32.0311,-96.3989,1
40.6386,-73.7622,1
45.3614,-84.9511,1
31.3089,-86.3939,1
35.8100,-80.8808,1
37.9572,-91.7758,1
37.3169,-79.9742,1
42.0572,-102.8000,1
38.6892,-75.3592,1
32.4106,-99.6822,1
28.4567,-99.2183,1
40.0972,-92.5433,1
41.3103,-95.8992,1
25.9156,-97.4186,1
39.0722,-95.6303,1
47.8642,-112.0222,1
36.2606,-76.1750,1
42.5458,-72.7803,1
27.9619,-82.5403,1
31.8142,-93.0856,1
29.5442,-98.4839,1
32.4506,-93.8411,1
39.7658,-78.2350,1
41.4653,-90.5233,1
41.9381,-72.6825,1
36.7725,-90.3247,1
33.1803,-96.5903,1
39.7736,-94.9233,1
33.2208,-92.8142,1
32.3206,-90.0778,1
33.9228,-118.3342,1
36.8781,-91.9025,1
30.1250,-93.2158,1
39.2447,-102.2842,1
34.0561,-117.6003,1
41.8819,-70.9086,1
39.6419,-78.7561,1
45.4353,-67.7214,1
44.0908,-92.6400,1
41.2664,-102.6586,1
39.8800,-86.0514,1
43.6750,-90.8078,1
44.3814,-106.7211,1
39.5092,-123.7567,1
43.9042,-92.4917,1
44.2033,-72.5794,1
42.7972,-105.3856,1
44.0461,-69.5367,1
29.5189,-95.2417,1
39.7078,-77.7297,1
45.6308,-89.4653,1
40.9167,-81.4333,1
38.3406,-75.5103,1
44.8297,-70.3936,1
47.6217,-117.5281,1
41.0669,-73.7075,1
38.7525,-90.3736,1
42.4272,-73.2892,1
37.8117,-95.4456,1
43.9844,-88.5569,1
34.6525,-86.9453,1
32.8192,-97.3614,1
33.2194,-117.3494,1
42.2122,-71.1136,1
42.2314,-83.3308,1
41.2544,-80.6739,1
38.1311,-91.7683,1
42.0772,-91.3028,1
37.8300,-84.0347,1
30.3361,-81.5147,1
21.9839,-159.3405,1
28.1011,-80.6439,1
31.7800,-103.2017,1
30.7053,-104.0233,1
31.9206,-102.3867,1
42.1997,-75.9850,1
32.3847,-94.7117,1
39.0642,-77.8883,1
33.3169,-79.3228,1
45.7881,-111.1608,1
27.7411,-98.0247,1
43.6478,-70.6750,1
35.8517,-97.4142,1
32.1300,-81.2100,1
29.3600,-99.1742,1
33.2061,-97.1989,1
43.7331,-103.6114,1
42.3114,-78.9083,1
38.8500,-94.7392,1
56.3511,-133.6264,1
44.7978,-68.8186,1
48.3042,-114.2636,1
43.3436,-72.5178,1
44.3206,-69.7972,1
36.4731,-82.4044,1
38.7042,-93.1833,1
38.1872,-80.1336,1
36.1422,-82.4261,1
37.5442,-79.4031,1
38.5039,-122.8103,1
33.3064,-92.4833,1
37.7797,-89.2497,1
34.3478,-85.1611,1
42.4881,-104.1564,1
42.2614,-103.5189,1
40.0417,-78.5278,1
44.9258,-89.6256,1
32.8986,-80.0403,1
46.4794,-84.3572,1
29.6222,-95.6564,1
28.0836,-97.0464,1
42.2347,-85.5519,1
39.2972,-94.7306,1
41.7636,-96.1778,1
37.6411,-80.8831,1
36.3689,-92.4703,1
43.0303,-78.1692,1
24.7258,-81.0517,1
39.4494,-74.5672,1
35.1803,-83.3928,1
40.7939,-73.1017,1
35.0311,-85.2014,1
41.8031,-78.6403,1
44.9358,-74.8458,1
35.8181,-83.9858,1
