40.7264,-122.7947,239
38.8586,-99.3358,200
43.8544,-116.4664,211
40.7142,-122.4161,228
36.4711,-86.8414,217
37.9050,-93.3169,172
33.6731,-111.1508,250
47.0575,-109.9514,144
42.9536,-112.8253,167
28.4675,-98.2525,222
44.7764,-108.7592,172
40.4750,-86.9919,133
42.9592,-120.7897,200
40.2842,-109.8611,211
37.3806,-107.5811,167
39.9000,-98.0256,222
39.0303,-76.9314,194
39.8114,-99.9386,217
40.6117,-122.5281,239
43.0431,-96.9033,150
46.0436,-118.4628,200
43.8083,-111.7892,156
34.5822,-119.9817,178
40.1739,-101.0611,200
34.7675,-106.7611,194
42.1397,-87.7853,150
45.6750,-111.1550,167
36.4622,-116.8669,272
40.7833,-81.9167,167
33.7542,-99.1442,228
42.8767,-77.0308,172
39.2494,-106.3714,89
38.4917,-122.1242,194
47.7283,-104.1467,183
37.0683,-88.7725,200
33.7092,-93.5564,233
45.9228,-108.2444,172
46.8706,-68.0172,161
40.2233,-86.1086,172
40.1550,-103.1417,156
35.6214,-88.8456,239
64.8569,-147.8611,111
44.0622,-103.4819,150
38.4661,-101.7758,200
37.7967,-121.5828,211
46.7603,-117.1861,167
35.7197,-86.9653,217
34.9881,-120.3211,172
26.8400,-81.0872,222
41.9342,-88.7756,122
42.1231,-111.3133,156
40.0892,-99.2133,228
35.4139,-86.8086,206
38.7978,-99.7231,211
37.7617,-117.5658,211
39.0422,-108.4664,211
38.9408,-95.3397,261
47.0022,-118.5658,172
43.5492,-71.4647,167
48.4983,-109.8014,167
44.1183,-121.2103,156
30.2003,-92.6642,233
36.5575,-105.2628,139
38.5350,-121.7761,206
35.7047,-101.5492,183
48.7178,-122.5114,172
38.6450,-95.5661,322
38.4931,-122.0047,200
35.4072,-104.1906,211
40.1167,-76.4333,200
45.6911,-118.8522,189
61.5664,-149.2542,89
32.2822,-106.7597,211
34.5989,-103.2161,189
35.2006,-103.6867,256
41.4439,-86.9294,139
42.7467,-71.0425,161
47.6811,-117.6267,200
36.5508,-114.4581,233
39.3925,-101.0689,206
29.4608,-101.0286,228
41.6661,-111.8914,172
40.2539,-85.1483,189
26.5581,-99.1372,222
37.6967,-93.7722,233
35.0489,-97.9158,228
25.8175,-80.2858,261
39.6619,-99.1228,222
38.0047,-120.4864,239
30.7053,-104.0233,178
39.4031,-99.4192,206
36.6897,-108.3086,206
37.9931,-100.8122,183
40.2458,-111.6508,217
46.7281,-116.9558,172
45.4825,-120.7236,194
41.4903,-71.5431,156
