36.0719,-99.9031,272
36.0286,-99.3464,272
45.4825,-120.7236,294
35.5483,-98.0364,261
31.0383,-85.8708,278
36.9869,-99.0108,272
34.3325,-96.6789,261
34.9819,-97.5208,283
35.9328,-88.7267,233
36.6897,-108.3086,256
36.1208,-97.0953,283
35.8417,-98.5261,272
36.8981,-96.9103,278
36.7081,-98.7094,283
31.1414,-87.0486,239
45.5900,-95.8744,156
35.4017,-99.0583,272
45.6750,-111.1550,228
34.6892,-86.8819,244
34.5872,-99.3381,272
41.0267,-86.5867,200
35.1131,-89.2122,272
31.9461,-90.3775,239
34.8083,-98.0233,278
36.0908,-106.0567,233
34.7986,-96.6692,278
40.2539,-85.1483,189
34.7281,-90.3683,267
35.6214,-88.8456,250
41.6661,-111.8914,244
35.6528,-96.8042,256
31.3625,-85.3397,233
33.2422,-103.3611,267
34.7156,-97.2292,278
39.8058,-90.8236,217
36.4231,-99.4167,267
40.9361,-90.7197,217
36.7925,-97.7458,267
35.0322,-97.9144,300
36.4119,-97.6939,267
35.2006,-103.6867,272
34.8494,-97.0031,278
34.6089,-96.3331,244
41.8161,-80.4250,194
41.4439,-86.9294,172
35.2050,-99.8033,261
36.8314,-99.6411,289
46.7281,-116.9558,206
35.4842,-98.4814,278
34.2392,-98.7444,278
47.0575,-109.9514,211
40.4750,-86.9919,172
40.7833,-81.9167,172
34.8358,-99.4239,250
36.7542,-97.2544,278
34.8219,-89.4347,156
36.7481,-98.3628,294
32.4219,-93.6381,283
38.7386,-87.4878,206
32.8472,-97.4761,250
38.9422,-92.3200,233
63.9033,-152.2817,100
35.1297,-89.8036,267
40.8142,-85.1547,156
31.2353,-88.9186,239
36.3842,-98.1114,283
35.1489,-98.4658,289
44.2394,-95.3153,172
43.0431,-96.9033,189
36.3925,-89.0317,283
39.7194,-76.8028,200
39.3925,-101.0689,244
34.1381,-88.9983,228
38.5200,-89.8467,239
36.5994,-89.9894,211
34.7392,-90.7664,256
34.4397,-99.1375,267
34.1678,-97.9883,283
35.5914,-99.2706,278
35.5461,-99.7278,272
34.9142,-98.2922,256
34.2281,-97.2014,256
32.2061,-90.5133,272
36.4711,-86.8414,239
34.5658,-96.9503,289
34.3086,-95.9969,233
40.4719,-74.4364,211
35.2358,-97.4647,278
29.6211,-96.3661,250
34.4744,-91.4172,256
36.2633,-98.4975,278
34.1864,-90.5572,256
36.1903,-99.0403,272
33.8103,-91.2778,233
43.2828,-123.3536,267
35.2722,-97.9553,244
36.7256,-99.1422,272
35.0708,-96.3561,283
36.1472,-97.2858,278
31.3706,-100.4942,250
34.7675,-106.7611,283
35.5419,-97.3414,283
34.5519,-96.7178,244
34.3997,-98.3458,272
36.0642,-97.2128,294
35.4139,-86.8086,239
36.3444,-88.8636,239
36.0147,-85.1314,206
34.1936,-97.5881,267
34.0356,-96.9433,261
34.7292,-98.5694,267
34.9678,-97.9519,289
36.1056,-82.8436,217
33.4311,-90.9108,289
38.5350,-121.7761,311
33.7092,-93.5564,267
36.1167,-97.6067,283
36.2872,-88.2958,267
34.1647,-88.7239,244
35.7197,-86.9653,239
40.0739,-87.5067,200
32.4714,-87.2314,256
39.3669,-101.7000,244
35.6872,-90.0964,256
34.1922,-97.0858,283
35.1714,-96.6311,294
34.6856,-99.8333,272
30.5467,-87.8808,261
38.4931,-88.9703,244
33.4692,-88.7822,261
44.6342,-123.1900,244
41.1453,-85.4897,172
63.9647,-145.1050,100
34.5989,-103.2161,233
31.8769,-105.2369,311
42.0208,-93.7742,178
34.1925,-86.7972,239
35.8542,-97.9544,278
36.3558,-97.1531,278
44.8831,-85.6753,178
35.8989,-98.9603,278
44.0708,-93.5264,156
42.1397,-87.7853,183
39.4833,-83.8500,183
33.3867,-97.7164,267
32.8978,-90.8853,250
32.8986,-80.0403,267
33.8936,-97.2692,289
35.8819,-83.9572,228
33.9208,-96.3203,278
40.1100,-87.9567,156
34.9897,-99.0528,283
35.5083,-98.7750,267
35.3647,-96.9481,278
40.7928,-87.7556,183
35.9986,-97.0481,283
30.5497,-84.5836,256
44.9847,-93.1772,178
35.1867,-102.0797,244
34.5289,-97.7647,283
