45.8981,-86.5483,98
46.2314,-112.1136,54
39.4206,-79.0050,130
47.8344,-120.0006,54
38.6644,-94.8900,94
47.2753,-88.4169,18
40.1100,-87.9567,76
47.6497,-120.0800,31
35.5953,-82.5567,63
39.7506,-92.5064,72
30.5347,-94.4456,89
41.8161,-80.4250,45
41.0103,-103.8769,170
37.1317,-86.1481,58
39.8814,-77.3506,107
39.7750,-105.1169,121
47.2919,-88.4208,49
40.5764,-105.0858,89
39.7194,-76.8028,67
45.6656,-97.0392,63
44.4933,-68.4583,94
34.6242,-106.3103,103
38.5039,-95.7036,94
34.2183,-116.4072,121
34.1206,-115.8500,67
45.4525,-99.3358,49
42.3997,-89.9903,76
61.5889,-149.0992,18
47.0083,-88.4317,58
41.7392,-77.9711,85
39.0733,-93.7075,121
47.8306,-110.6608,232
39.3903,-94.5553,116
40.8250,-92.8925,67
40.9656,-105.2186,148
61.2967,-149.4400,63
39.1439,-103.4897,130
61.1025,-149.7169,40
40.8600,-102.8031,241
48.0750,-111.2597,170
48.9981,-110.2158,54
40.6558,-97.2208,85
48.4628,-108.7792,40
34.7994,-109.8850,255
35.0761,-89.7430,85
41.2847,-105.5319,121
