40.9781,-124.1086,1
33.0375,-116.9158,1
32.5722,-116.9794,1
42.2667,-84.4667,1
44.3814,-100.2856,1
38.3650,-82.5550,1
58.6794,-156.6294,1
39.9444,-81.8922,1
29.7036,-98.0281,1
40.8203,-82.5178,1
39.3450,-81.4392,1
39.4019,-77.9844,1
37.2958,-81.2078,1
32.8158,-117.1394,1
43.8789,-91.2528,1
46.0139,-102.6547,1
40.1764,-80.6472,1
31.1828,-90.4708,1
43.1561,-90.6775,1
30.3567,-95.4139,1
42.3978,-90.7036,1
43.2119,-90.1814,1
46.3583,-104.2500,1
41.7803,-124.2367,1
44.7978,-68.8186,1
44.3206,-69.7972,1
42.2347,-85.5519,1
39.4494,-74.5672,1
41.8031,-78.6403,1
