18.1747,-66.7978,10
31.2022,-93.5725,41
40.7264,-122.7947,46
38.8586,-99.3358,76
28.0372,-97.8725,28
43.8544,-116.4664,0
36.9969,-119.7072,81
37.1503,-104.5567,102
37.2792,-86.2492,41
40.7142,-122.4161,3
35.9328,-88.7267,36
37.9050,-93.3169,0
26.3769,-98.8117,10
33.6731,-111.1508,117
40.1100,-87.9567,58
47.0575,-109.9514,41
39.7506,-92.5064,0
33.9544,-102.7783,76
44.6342,-123.1900,33
28.4675,-98.2525,33
36.1056,-82.8436,23
40.4750,-86.9919,36
42.9592,-120.7897,53
26.5650,-98.1236,15
26.1781,-97.9708,25
32.7547,-104.3836,86
39.9000,-98.0256,43
39.0303,-76.9314,33
39.8114,-99.9386,71
40.6117,-122.5281,30
31.6164,-94.6431,36
46.0436,-118.4628,38
34.5822,-119.9817,76
40.1739,-101.0611,66
35.3872,-76.7764,20
34.7675,-106.7611,74
45.7206,-118.6264,43
40.5764,-105.0858,20
36.4622,-116.8669,107
28.4575,-97.7061,36
34.5697,-93.1947,30
30.8408,-89.5453,0
39.0172,-92.7558,13
35.1867,-102.0797,84
28.6575,-96.5553,36
37.5147,-122.0325,66
32.8964,-107.3078,145
33.7542,-99.1442,69
35.1131,-89.2122,43
34.7281,-90.3683,28
48.1375,-103.7372,58
33.6772,-93.9903,18
30.7931,-94.1819,36
38.4917,-122.1242,36
38.5039,-95.7036,28
37.0683,-88.7725,33
30.5467,-87.8808,3
33.7092,-93.5564,64
45.9228,-108.2444,0
31.3625,-85.3397,30
39.1172,-95.4097,23
42.0208,-93.7742,3
32.6406,-96.9747,38
35.1297,-89.8036,20
39.2475,-96.5994,43
30.0689,-94.2928,43
18.0331,-67.0722,33
40.1550,-103.1417,102
18.2583,-65.9922,33
39.0744,-96.8983,20
35.6214,-88.8456,56
35.8819,-83.9572,53
38.4661,-101.7758,81
31.6003,-97.2169,53
35.3886,-106.5439,81
37.7967,-121.5828,107
31.8611,-97.3750,56
26.2656,-97.8714,30
36.2403,-106.4278,51
34.6033,-104.3811,114
36.8047,-107.6214,66
34.9881,-120.3211,112
31.0372,-97.5283,66
31.3706,-100.4942,76
33.0353,-96.4861,23
26.8400,-81.0872,0
41.9342,-88.7756,64
28.7156,-97.1742,25
34.1419,-80.8700,25
37.3822,-102.2986,104
40.0892,-99.2133,56
35.4139,-86.8086,33
33.4258,-111.9217,89
38.7978,-99.7231,79
35.6414,-106.3322,66
39.0422,-108.4664,33
38.9408,-95.3397,18
31.0619,-94.1011,46
32.8242,-95.5275,41
43.5492,-71.4647,0
36.0147,-85.1314,10
34.8847,-99.2964,56
48.4983,-109.8014,5207
44.1183,-121.2103,33
32.2631,-96.6369,64
35.6872,-90.0964,30
30.2003,-92.6642,38
39.5039,-98.3150,38
40.8250,-92.8925,74
38.5350,-121.7761,119
46.6722,-120.4994,38
38.6450,-95.5661,23
34.6603,-82.8236,3
36.5928,-106.7300,76
38.4931,-122.0047,104
38.0633,-102.9297,97
34.1981,-101.7461,86
42.3806,-96.9575,38
35.4072,-104.1906,99
32.8522,-95.8864,13
45.6911,-118.8522,51
34.3961,-89.7903,23
35.1161,-93.6506,3
29.8608,-98.1958,51
38.6078,-97.9597,53
32.2822,-106.7597,91
34.5989,-103.2161,102
35.2006,-103.6867,81
33.0642,-101.0489,97
41.4439,-86.9294,81
33.1481,-95.6269,30
18.0258,-66.5253,74
34.1647,-88.7239,56
36.5508,-114.4581,104
33.1461,-107.1842,91
31.9611,-96.6881,66
38.2597,-104.7169,124
39.3925,-101.0689,76
29.4608,-101.0286,48
31.9633,-98.4942,84
40.2539,-85.1483,64
26.5581,-99.1372,10
30.7189,-97.3211,46
37.6967,-93.7722,3
34.8219,-89.4347,592
35.0489,-97.9158,56
32.9206,-86.6708,759
32.9506,-97.0553,58
25.8175,-80.2858,69
34.0828,-106.8831,947
39.6619,-99.1228,71
38.0047,-120.4864,69
30.7053,-104.0233,56
39.4031,-99.4192,61
36.6897,-108.3086,76
32.4219,-93.6381,76
37.9931,-100.8122,114
29.6211,-96.3661,51
30.6836,-97.7172,13
32.6475,-97.4439,48
33.3192,-95.6039,10
27.4272,-80.4053,8
40.3708,-81.7908,74
34.1381,-88.9983,36
45.4825,-120.7236,48
32.2683,-101.4858,91
32.9203,-94.7225,13
30.3367,-96.5403,61
