40.2233,-86.1086,156
38.8894,-86.5519,139
32.7547,-104.3836,139
44.8831,-85.6753,133
46.3414,-86.9242,72
42.3806,-96.9575,161
37.0683,-88.7725,161
28.7156,-97.1742,228
34.6603,-82.8236,194
62.1925,-150.5033,6
36.1306,-80.5481,172
38.5200,-89.8467,144
40.0739,-87.5067,150
42.2947,-83.7108,111
38.3139,-81.7186,144
42.1397,-87.7853,111
44.9847,-93.1772,89
32.5133,-92.3486,228
40.4750,-86.9919,94
40.9361,-90.7197,122
34.1419,-80.8700,189
35.6214,-88.8456,206
33.2564,-81.2422,178
46.8706,-68.0172,0
44.4933,-68.4583,67
32.2822,-106.7597,261
41.1453,-85.4897,83
42.6006,-114.7453,94
40.7928,-87.7556,122
32.3500,-94.6500,233
37.8194,-85.3847,178
39.4708,-87.4081,161
35.6042,-91.2744,150
34.4719,-81.8839,189
41.4439,-86.9294,139
28.4575,-97.7061,267
38.4558,-86.6983,156
37.9931,-100.8122,156
33.8083,-79.8567,200
34.1944,-79.2472,189
34.2183,-81.0731,222
38.7386,-87.4878,150
27.7792,-97.5056,228
37.1244,-87.8672,89
37.9311,-98.0297,161
41.0267,-86.5867,106
32.9206,-86.6708,206
40.1100,-87.9567,139
37.1317,-86.1481,167
41.8161,-80.4250,111
34.7289,-80.0389,194
38.7003,-82.4736,183
64.1539,-145.8894,-11
39.4833,-83.8500,128
36.7578,-90.4056,167
33.7775,-81.8467,200
40.2539,-85.1483,133
33.0167,-81.3167,211
38.4661,-101.7758,167
47.0575,-109.9514,83
39.4700,-80.8572,139
40.8142,-85.1547,72
45.0853,-67.1203,6
40.4719,-74.4364,106
42.7831,-71.4147,111
64.9156,-148.2711,17
43.9794,-117.0247,83
