32.5667,-117.1167,90
40.2342,-85.3936,280
30.0494,-90.0289,110
43.9906,-70.9475,180
45.6194,-121.1661,80
35.2333,-101.7089,50
34.2622,-88.7714,200
32.3367,-90.2214,140
32.6500,-114.6167,350
37.1431,-107.7597,70
37.4389,-105.8614,270
30.0481,-102.2131,40
34.2675,-77.8997,40
45.2486,-122.7686,20
46.7708,-100.7603,320
34.2008,-119.2069,80
35.2372,-120.6414,140
28.8208,-81.8097,130
43.0661,-108.4767,300
60.7850,-161.8292,60
64.7767,-141.1483,300
41.6117,-90.5808,260
37.2253,-89.5706,140
38.8169,-92.2183,320
27.4981,-80.3767,110
40.4122,-86.9369,330
38.9286,-90.4281,290
34.8822,-95.7831,10
35.0169,-80.6206,40
38.3000,-76.4167,140
36.2117,-115.1958,130
41.3461,-82.1794,270
40.9781,-124.1086,320
46.7994,-102.7972,300
37.7461,-97.2211,340
41.7806,-122.4717,350
33.0375,-116.9158,90
42.8153,-108.7261,250
32.5722,-116.9794,120
36.0097,-94.1694,10
42.5950,-87.9381,280
39.6014,-116.0056,150
47.2856,-68.3133,200
34.1750,-91.9347,20
43.0206,-102.5183,290
39.7333,-77.4333,200
44.4683,-73.1500,180
41.8833,-91.7167,310
39.8233,-93.5792,280
43.5164,-112.0672,20
36.0394,-95.9844,20
29.7333,-85.0333,100
34.4258,-119.8425,270
43.9922,-76.0217,210
41.6764,-70.9583,200
44.1278,-123.2206,340
42.2333,-83.5333,270
31.3214,-85.4497,80
38.3794,-81.5900,270
46.9208,-114.0925,120
36.7414,-104.5022,230
41.2531,-70.0608,200
44.2558,-121.1392,150
41.5272,-85.7922,260
31.3558,-85.7511,70
44.3592,-89.8369,240
37.3278,-95.5042,330
41.6264,-80.2150,260
60.1283,-149.4167,40
43.9658,-107.9508,130
42.2667,-84.4667,260
35.1442,-111.6664,210
61.2169,-149.8550,360
40.0397,-88.2778,270
64.5500,-149.0717,70
26.2500,-80.1083,80
36.9839,-77.0075,210
48.4608,-119.5167,150
40.0681,-118.5692,40
21.4500,-157.7833,40
38.8761,-98.8092,340
30.0675,-95.5561,360
44.3394,-105.5419,320
32.7800,-79.9319,20
41.0089,-74.7367,220
34.0511,-118.2353,100
37.9272,-100.7247,350
39.3792,-74.4242,170
26.5361,-81.7550,110
39.8447,-89.6839,310
37.2839,-98.5528,20
39.5703,-104.8489,140
64.3267,-158.7417,60
40.4847,-80.2144,200
30.5892,-96.3647,360
44.7694,-106.9689,330
44.0511,-101.6011,300
40.7789,-73.9692,170
44.5344,-72.6144,160
34.9894,-99.0525,30
35.3889,-97.6006,20
35.4344,-119.0542,180
33.9786,-98.4928,20
39.0725,-95.6261,310
36.3189,-119.6289,50
40.6825,-74.1694,210
40.0803,-95.5919,320
27.7839,-97.5108,360
41.9097,-70.7294,230
46.7439,-117.1086,100
42.9486,-78.7369,240
37.9917,-122.0550,300
42.6958,-73.1708,110
29.3389,-98.4719,40
42.6425,-77.0564,200
42.7431,-73.8092,180
42.0647,-104.1528,310
28.4339,-81.3250,140
44.3814,-100.2856,320
41.1519,-104.8061,200
44.3853,-74.2067,210
33.6267,-116.1594,360
37.6542,-122.1150,40
40.4422,-109.5144,50
34.0500,-94.4008,120
41.6686,-70.2800,190
38.3650,-82.5550,330
33.6228,-111.9106,200
41.1583,-73.1289,270
33.6361,-91.7556,60
59.7494,-154.9089,140
39.4519,-87.3089,310
36.7800,-119.7194,200
37.0911,-95.5664,350
30.0375,-91.8839,170
42.9550,-87.9044,290
42.1469,-121.7242,50
32.3542,-95.4025,10
39.9369,-91.1919,310
41.4525,-87.0058,270
37.7214,-122.2208,290
42.9667,-83.7494,270
37.2833,-102.6139,350
45.7728,-122.8611,340
40.8764,-74.2831,190
34.6517,-112.4208,190
36.0969,-79.9433,250
33.8117,-78.7239,40
33.1783,-86.7817,130
37.5050,-77.3203,200
45.0717,-83.5644,230
45.6689,-96.9914,320
38.9408,-77.4636,210
42.8939,-85.5447,260
42.5519,-71.7558,190
32.5428,-93.7450,10
41.2639,-72.8872,280
34.2006,-118.3575,130
58.6794,-156.6294,20
62.3200,-150.0950,330
47.5303,-122.3008,200
38.5050,-107.8975,140
45.4558,-98.4131,330
45.5511,-122.4089,90
42.1094,-77.9919,280
41.6328,-91.5431,260
33.2119,-87.6161,140
46.9253,-96.8111,330
46.1569,-123.8825,320
34.9869,-81.0575,30
40.8436,-72.6322,200
41.0731,-71.9233,210
41.3375,-84.4289,260
39.3669,-101.7000,20
36.3333,-119.9500,100
39.9444,-81.8922,180
33.4050,-118.4158,130
34.6294,-118.0836,180
34.4272,-100.2831,90
31.4208,-110.8458,180
37.3031,-108.6275,250
39.2292,-106.3169,180
44.5483,-95.0803,290
29.7036,-98.0281,30
33.8750,-84.3022,70
40.8217,-72.8689,210
42.5544,-92.4011,320
36.1189,-86.6892,310
32.6847,-83.6528,60
42.4092,-83.0100,260
36.6239,-87.4194,330
48.5428,-109.7633,210
32.2622,-107.7206,210
40.8203,-82.5178,260
31.3711,-100.4922,20
35.6169,-106.0889,150
30.3208,-97.7603,20
40.0489,-107.8853,270
41.5944,-109.0528,60
35.5931,-88.9167,20
42.7611,-87.8136,230
41.5631,-83.4764,260
47.4444,-122.3139,20
46.0947,-118.2869,110
39.3450,-81.4392,300
32.3500,-91.0278,100
32.9733,-97.3181,360
27.5333,-99.4667,330
30.7797,-86.5225,70
38.6956,-121.5897,320
48.0944,-105.5744,290
33.9519,-117.4386,100
48.2553,-101.2733,290
41.4333,-99.6333,320
7.0833,171.3833,110
38.8000,-97.6500,360
71.2833,-156.7814,270
31.3347,-92.5586,90
29.6381,-95.2819,350
45.0133,-84.7014,250
42.7461,-86.0967,270
40.1519,-122.2536,350
33.5656,-86.7450,120
27.9106,-82.6875,280
42.1128,-92.9175,260
37.3711,-118.3581,170
30.4781,-87.1869,50
29.1097,-95.4619,170
40.1203,-76.2944,190
43.4075,-94.7461,290
44.6381,-90.1875,270
30.6794,-88.2397,120
32.7667,-97.4500,360
38.4167,-113.0167,10
46.4167,-86.6500,210
33.9381,-118.3889,300
47.9078,-122.2803,360
40.7794,-73.8803,180
32.7336,-117.1831,80
38.7642,-87.6056,320
45.8183,-88.1144,200
66.9161,-151.5089,360
37.7086,-113.0944,110
40.2064,-100.5914,360
46.4267,-105.8825,310
35.8922,-78.7819,220
36.0167,-102.5500,30
38.1811,-85.7392,320
26.0719,-80.1536,110
40.6331,-93.9019,290
33.6800,-117.8664,150
41.5333,-71.2833,180
28.4736,-82.4544,90
17.7028,-64.8056,70
48.5222,-123.0231,350
40.6161,-83.0636,280
38.8853,-79.8528,240
39.4019,-77.9844,170
42.4167,-87.8667,220
70.6392,-159.9950,250
29.1828,-81.0483,40
43.1406,-89.3453,230
37.2958,-81.2078,250
32.3336,-104.2581,150
25.7906,-80.3164,100
26.9172,-81.9914,80
32.8342,-115.5786,270
31.9514,-85.1289,70
34.7442,-87.5997,160
33.4669,-82.0386,30
39.1667,-76.6833,170
35.9333,-79.0642,320
45.1947,-123.1339,340
18.3331,-64.9667,100
41.8678,-84.0794,300
44.3675,-71.5450,220
41.1078,-92.4467,300
36.1625,-97.0894,350
47.9375,-124.5550,230
41.1214,-100.6694,320
24.5550,-81.7522,90
43.7700,-88.4864,240
46.0261,-91.4442,240
28.8614,-96.9303,350
45.5433,-94.0514,290
41.5175,-81.6836,250
40.4719,-81.4236,280
24.5833,-81.6833,80
40.6508,-75.4492,200
41.5092,-74.2650,230
32.8519,-96.8556,20
36.8167,-76.0333,300
18.2550,-65.6408,60
38.8100,-104.6883,190
34.1853,-79.7239,40
41.2433,-76.9217,100
25.9069,-80.2803,90
47.0492,-109.4578,290
36.7683,-96.0261,30
31.4156,-87.0442,110
42.3075,-85.2511,280
43.5331,-84.0797,250
36.9878,-120.1106,320
41.1389,-75.3794,190
38.7550,-109.7542,110
40.2383,-75.5572,210
35.5144,-108.7939,230
33.9706,-80.9958,30
34.2167,-119.0833,70
48.2138,-106.6213,120
48.1203,-123.4983,50
35.2236,-80.9553,20
26.1522,-81.7753,90
44.5169,-108.0822,170
38.6572,-90.6558,310
47.9742,-117.4283,170
39.3756,-99.8297,340
38.8983,-119.9947,30
31.9433,-102.1889,60
34.2900,-93.0600,40
28.0622,-81.7542,100
44.8428,-117.8086,100
39.7556,-82.6572,300
30.4000,-81.4167,10
35.2578,-93.0947,330
18.4325,-66.0108,80
34.6439,-86.7861,140
31.6072,-110.4281,230
37.2622,-104.3378,20
40.2769,-74.8158,210
42.0800,-80.1825,260
63.9944,-145.7214,300
47.3258,-106.9475,310
46.5486,-90.9189,270
55.5800,-133.0750,40
46.8706,-68.0172,180
32.8158,-117.1394,90
47.4933,-122.2144,320
30.1831,-97.6800,10
35.1822,-103.6031,50
40.8289,-115.7886,40
33.3644,-81.9633,40
39.4781,-88.2803,310
21.3167,-158.0667,70
43.3500,-73.6167,190
59.4556,-135.3239,40
30.9119,-102.9167,70
39.1258,-123.2008,300
37.7064,-112.1456,350
44.9047,-97.1494,270
45.5464,-100.4078,320
40.1667,-103.2167,160
43.1711,-86.2367,270
33.7792,-84.5214,70
60.7850,-148.8389,290
31.8606,-86.0122,150
45.0319,-102.0192,300
31.6189,-97.2283,10
35.5342,-97.6469,30
43.8789,-91.2528,280
13.4836,144.7961,50
47.2675,-122.5761,360
34.8831,-82.2203,250
44.3981,-98.2231,300
47.6831,-117.3214,20
47.3078,-119.5153,150
39.1333,-86.6167,300
35.8550,-77.8931,30
40.7833,-91.1253,310
35.0028,-105.6628,240
39.9181,-76.8742,190
67.7317,-164.5483,90
39.6428,-79.9164,180
30.6264,-88.0681,90
40.5175,-122.2986,10
36.6206,-116.0278,120
30.3975,-84.3289,40
42.8375,-103.0953,310
28.7247,-96.2536,360
46.0139,-102.6547,290
45.9647,-112.5006,170
37.2353,-93.4003,320
38.3083,-75.1239,360
42.8914,-73.2469,180
38.0442,-87.5206,340
19.7192,-155.0531,90
30.5069,-86.9597,90
39.7075,-86.2803,300
37.1319,-76.4930,230
39.6728,-75.6008,190
26.1839,-98.2539,10
44.7408,-85.5825,280
41.7361,-72.6506,230
38.3306,-96.1897,320
22.0333,-159.7833,360
48.6033,-112.3753,190
43.4133,-124.2436,350
36.2967,-99.7689,30
34.2719,-83.8303,80
41.8706,-103.5931,340
43.8339,-111.8045,50
39.8344,-88.8656,310
39.8328,-104.6575,140
42.2706,-71.8731,220
37.6928,-121.8144,350
42.1928,-89.0931,290
37.0683,-88.7719,360
39.5936,-84.2264,290
44.0433,-103.0536,340
41.2003,-74.6231,180
41.4131,-81.8600,250
37.1467,-94.5022,360
32.6261,-116.4681,300
36.1994,-95.8872,350
39.1033,-84.4189,300
57.1553,-170.2222,140
40.6675,-89.6839,280
46.8369,-92.2097,280
40.1764,-80.6472,200
30.7044,-87.0231,90
37.6544,-97.4425,330
37.7081,-77.4344,190
32.7817,-98.0603,360
39.4900,-121.6183,320
46.9258,-98.6692,320
31.5358,-82.5067,50
34.9000,-76.8833,330
42.8050,-72.0036,200
41.7219,-71.4325,190
35.0564,-89.9864,30
35.3331,-94.3625,270
41.3931,-70.6150,170
44.4983,-88.1111,260
36.6636,-121.6081,270
39.3667,-75.0667,150
55.0389,-131.5786,330
37.0872,-84.0769,210
34.0158,-118.4514,190
29.9506,-94.0206,130
31.3928,-92.2956,120
41.5097,-72.8278,180
42.5906,-117.8644,40
32.4833,-80.7167,360
41.6875,-69.9933,210
27.6531,-80.2428,90
30.8458,-85.6014,70
43.1544,-93.3269,290
37.6242,-120.9506,270
34.7000,-77.3833,320
38.1386,-78.4530,200
41.9950,-87.9336,250
7.3333,134.4833,70
26.2281,-97.6542,310
29.3783,-100.9269,300
35.9403,-89.8308,30
33.8117,-118.1464,170
34.4978,-82.7097,60
39.5781,-85.8033,310
46.1442,-115.5964,350
40.5100,-101.6200,360
70.1917,-148.4772,260
44.1708,-114.9272,150
41.3119,-105.6747,160
43.2781,-70.9222,170
42.4819,-114.4869,70
30.3489,-85.7881,40
59.4433,-151.7017,10
32.5156,-92.0406,360
33.2367,-107.2681,190
32.6808,-96.8681,360
30.3433,-89.8222,110
37.7608,-99.9683,330
42.7803,-84.5789,260
40.6239,-74.6694,180
31.8456,-86.6108,170
32.7100,-96.2672,20
42.5417,-113.7661,80
35.0678,-77.0481,30
38.0494,-103.5122,20
30.8356,-85.1839,80
44.0206,-117.0128,320
38.2900,-104.4983,180
55.3567,-131.7117,320
59.2433,-135.5094,310
41.0375,-81.4642,280
29.9933,-90.2511,80
36.9358,-121.7886,250
39.3644,-84.5247,300
38.5911,-92.1558,280
47.0339,-120.5303,130
45.8258,-119.2611,30
47.4667,-87.8833,350
30.7406,-98.2353,20
31.4583,-109.6061,190
36.7436,-108.2292,80
48.7939,-122.5372,310
38.9597,-94.3714,310
39.5514,-97.6508,280
34.3622,-98.9761,20
39.2231,-106.8683,140
15.1167,145.7167,90
47.2078,-119.3192,160
40.8097,-124.1603,360
41.6236,-98.9517,330
39.8683,-75.2311,200
38.2281,-85.6636,310
41.1014,-102.9847,10
46.1236,-67.7928,220
40.7083,-84.0267,270
40.8500,-74.0614,210
38.5000,-77.3000,200
34.8536,-116.7858,100
32.8978,-97.0189,10
39.1894,-103.7158,360
36.6950,-76.1356,20
33.1281,-117.2794,90
31.1500,-92.9667,30
29.6333,-83.1053,20
42.9203,-112.5711,40
43.7694,-87.8506,280
43.6497,-70.3003,180
36.5881,-121.8453,290
30.5108,-99.7664,70
31.1828,-90.4708,100
41.7781,-80.6958,280
32.5500,-88.5667,120
34.5467,-93.5781,320
37.6703,-95.4842,340
35.9508,-85.0814,180
35.2578,-113.9331,200
45.6478,-68.6925,250
34.7336,-76.6606,320
28.5453,-81.3331,150
43.1561,-90.6775,290
26.5850,-81.8614,120
41.7419,-72.1836,200
56.6000,-169.5650,140
38.7667,-104.3000,350
41.9922,-93.6217,320
43.1111,-76.1039,190
35.7425,-81.3819,180
34.7436,-118.7242,80
33.3075,-104.5083,180
34.8994,-120.4486,80
42.6003,-123.3642,360
33.8281,-116.5053,310
48.7167,-94.6000,270
41.5339,-93.6531,320
42.3811,-122.8722,180
40.4953,-107.5211,80
47.4733,-111.3822,200
39.4839,-119.7711,10
46.9733,-122.9033,230
38.5714,-90.1572,320
47.3864,-92.8389,290
45.8678,-95.3942,300
42.2228,-83.7444,280
42.1244,-86.4267,260
37.3208,-79.2067,200
41.9856,-97.4353,310
39.2775,-120.7103,50
46.5683,-120.5428,160
43.9636,-69.7117,210
35.6575,-109.0614,230
43.3906,-99.8422,330
35.1350,-90.2344,30
35.4319,-82.5375,170
30.7439,-95.5861,360
39.0083,-95.2117,300
34.7675,-114.6189,360
39.8250,-86.2958,310
44.6500,-73.4667,150
55.2208,-162.7325,140
34.2097,-118.4892,170
41.4914,-120.5644,10
30.3567,-95.4139,360
33.4617,-80.8581,40
44.8831,-93.2289,300
47.9428,-97.1839,340
38.8317,-94.8897,280
38.8483,-77.0342,190
31.2819,-89.2531,170
43.6264,-72.3047,180
34.6719,-82.8864,60
44.9050,-123.0011,290
32.5161,-84.9422,90
41.3714,-73.4828,180
36.9647,-86.4239,210
58.3567,-134.5639,240
29.6919,-82.2756,10
39.1208,-94.5969,320
26.1658,-97.3458,310
38.0408,-84.6058,200
36.9261,-111.4478,350
29.2733,-94.8592,350
39.5264,-107.7264,120
35.8311,-90.6464,30
41.9144,-88.2464,290
41.8756,-71.0211,240
46.4047,-94.1308,270
42.3978,-90.7036,280
-14.3306,-170.7136,90
27.4014,-82.5586,110
37.5908,-83.3131,320
34.1167,-119.1167,170
35.2100,-99.1200,40
33.4825,-90.9853,10
35.6567,-95.3614,360
44.8322,-93.4706,300
34.9914,-78.8803,20
35.2325,-75.6219,170
45.5644,-84.7928,290
61.1689,-150.0278,40
47.7472,-90.3444,230
29.9800,-95.3600,360
32.2997,-86.4075,130
34.7272,-92.2389,10
42.6650,-83.4181,280
36.2833,-94.3000,20
39.1342,-108.5400,160
33.5872,-85.8556,90
30.4844,-81.7019,30
38.1847,-84.9033,210
43.2119,-90.1814,280
29.5622,-91.5256,120
40.9017,-117.8081,20
33.8719,-117.9789,180
47.1686,-88.4889,300
40.0819,-75.0111,230
41.5886,-83.8014,260
43.3497,-76.3847,190
40.8731,-81.8867,290
39.0431,-84.6717,310
25.9989,-80.2411,90
36.7367,-97.1019,360
31.3500,-85.6667,80
39.4203,-83.8217,290
41.8056,-107.1997,50
38.0511,-117.0903,160
43.1167,-77.6767,260
34.7917,-79.3661,40
42.8975,-106.4636,250
48.5614,-93.3981,290
32.1314,-110.9553,200
7.4500,151.8333,60
26.1969,-80.1708,90
36.6817,-101.5053,20
34.8461,-82.3461,250
45.6983,-110.4408,260
36.0236,-84.2375,270
41.7072,-86.3164,270
44.5761,-71.1786,140
30.7825,-83.2767,10
27.7628,-82.6261,50
33.6542,-101.8136,70
37.1681,-97.0369,350
40.1606,-113.3508,300
43.1953,-71.5011,180
30.2050,-91.9875,170
26.6847,-80.0994,90
31.0425,-86.3117,70
30.5372,-91.1469,100
43.1644,-95.2017,290
6.9667,158.2167,60
62.9614,-141.9292,320
42.3914,-96.3792,320
57.0481,-135.3647,320
42.9333,-71.4383,170
46.3583,-104.2500,290
45.8069,-108.5422,230
39.9492,-74.8417,170
41.7803,-124.2367,340
33.4536,-94.0075,40
47.6458,-101.4394,310
45.6044,-103.5464,310
8.7333,167.7333,80
42.5700,-72.2911,200
60.4889,-145.4511,290
35.0281,-110.7208,360
20.8997,-156.4286,40
45.4622,-69.5953,180
40.9706,-85.2064,270
32.6636,-97.0939,350
33.9486,-81.1186,20
31.2361,-94.7544,20
42.4933,-79.2722,200
40.0781,-83.0781,300
40.1936,-76.7633,160
44.3592,-84.6739,270
62.1592,-145.4589,340
66.8667,-162.6333,110
36.2667,-93.1567,10
57.7511,-152.4856,90
30.3503,-81.8831,70
32.3347,-88.7442,170
42.5844,-110.1075,50
60.5797,-151.2392,20
46.2667,-119.1167,340
39.4167,-118.7167,360
42.4700,-71.2894,220
38.2103,-122.2847,280
33.9753,-117.6361,110
44.5228,-114.2150,320
37.4058,-122.0481,330
32.0311,-96.3989,10
40.6386,-73.7622,210
39.1353,-96.6778,360
62.9575,-155.6103,290
33.3633,-84.5658,90
41.6267,-73.8842,190
31.3089,-86.3939,120
35.6875,-117.6931,100
34.5183,-109.3792,200
41.1783,-78.8989,250
46.6056,-111.9636,100
37.3169,-79.9742,140
42.0572,-102.8000,330
45.5406,-122.9486,330
38.6892,-75.3592,160
32.4106,-99.6822,360
28.4567,-99.2183,10
40.0972,-92.5433,270
41.3103,-95.8992,330
42.1208,-87.9047,290
38.9833,-76.4667,130
47.4569,-115.6450,140
34.6081,-79.0592,30
25.9156,-97.4186,300
42.8783,-100.5500,300
41.7700,-88.4814,250
38.9503,-95.6639,340
36.2606,-76.1750,300
32.8547,-109.6353,180
27.9619,-82.5403,160
36.9500,-76.2833,360
29.5442,-98.4839,360
32.4506,-93.8411,360
31.5883,-110.3442,180
21.3239,-157.9294,30
37.8892,-121.2258,300
41.4653,-90.5233,270
40.7342,-73.4169,210
41.9381,-72.6825,200
36.7725,-90.3247,10
33.1803,-96.5903,360
43.5950,-118.9564,300
59.5119,-139.6711,260
39.7736,-94.9233,330
33.4278,-112.0039,190
45.0619,-93.3508,300
34.7411,-118.2117,150
33.2208,-92.8142,50
32.3206,-90.0778,140
40.8206,-76.8642,180
33.9228,-118.3342,130
36.8781,-91.9025,20
30.1250,-93.2158,160
39.2447,-102.2842,350
34.0561,-117.6003,150
19.7356,-156.0489,320
43.2389,-123.3547,340
29.3331,-89.4075,110
35.6950,-101.3950,190
44.8889,-116.1017,360
42.1594,-76.8919,220
39.1019,-121.5678,320
41.3325,-122.3328,300
31.5356,-84.1944,50
42.7172,-71.1239,220
40.0228,-82.4625,290
44.3814,-106.7211,160
43.9042,-92.4917,300
42.1908,-71.1736,200
44.2033,-72.5794,170
42.7972,-105.3856,140
66.0689,-162.7639,60
41.2731,-111.0306,80
29.5189,-95.2417,80
39.7078,-77.7297,160
45.6308,-89.4653,260
40.9167,-81.4333,300
35.9461,-112.1547,210
38.3406,-75.5103,160
47.6217,-117.5281,170
31.8111,-106.3758,200
41.3275,-72.0494,200
41.0669,-73.7075,170
41.7872,-111.8533,170
21.1544,-157.0961,30
47.2381,-123.1408,230
37.3592,-121.9239,310
38.7525,-90.3736,330
45.5114,-118.4247,290
42.4272,-73.2892,180
38.0700,-102.6881,30
43.9844,-88.5569,290
34.6525,-86.9453,140
32.8192,-97.3614,350
33.2194,-117.3494,110
44.9319,-93.0556,310
40.3161,-78.8339,250
42.2314,-83.3308,210
35.6697,-120.6283,10
41.2544,-80.6739,280
38.1311,-91.7683,320
61.5961,-149.0917,350
38.0653,-97.8606,350
43.5667,-116.2406,150
64.5111,-165.4400,90
30.3361,-81.5147,10
35.0419,-106.6156,180
21.9839,-159.3405,30
41.0467,-78.4117,240
40.6044,-98.4272,350
41.3336,-75.7269,220
42.5708,-77.7133,320
61.1781,-149.9664,30
32.7000,-117.2000,90
37.7836,-81.1231,150
28.1011,-80.6439,100
31.7800,-103.2017,70
31.9206,-102.3867,80
25.6475,-80.4331,100
42.1997,-75.9850,180
39.9914,-82.8808,300
42.1578,-72.7161,190
32.3847,-94.7117,340
36.9033,-76.1922,350
33.6186,-114.7142,330
40.3667,-75.9667,360
47.3978,-120.2014,130
45.7881,-111.1608,180
27.7411,-98.0247,340
35.8517,-97.4142,10
32.1300,-81.2100,40
64.8039,-147.8761,250
40.3547,-79.9217,200
35.1967,-81.1558,30
29.3600,-99.1742,30
36.4486,-103.1539,40
27.5000,-97.8167,330
33.2061,-97.1989,10
43.7331,-103.6114,280
30.7167,-87.0167,70
38.8500,-94.7392,320
41.1961,-112.0114,160
40.3300,-75.1225,200
30.2333,-81.6667,10
41.3497,-71.7989,200
41.7861,-87.7522,280
44.7978,-68.8186,170
40.2172,-76.8514,100
27.6833,-97.2833,340
48.3042,-114.2636,50
33.6300,-84.4417,80
42.5842,-70.9175,210
30.4119,-89.0808,100
43.3436,-72.5178,150
44.0219,-82.7931,270
44.3206,-69.7972,180
36.4731,-82.4044,270
48.3500,-122.6667,340
40.2964,-78.3203,210
38.7042,-93.1833,320
33.9481,-83.3275,60
9.4833,138.0833,60
37.6197,-122.3647,280
70.2117,-151.0017,270
38.3775,-121.9575,350
33.6883,-112.0817,160
30.4000,-86.4717,80
34.5583,-98.4172,20
32.8667,-117.1333,90
36.5728,-79.3361,230
40.8508,-96.7475,330
37.2847,-120.5128,320
38.5039,-122.8103,250
40.9611,-98.3136,350
43.7667,-98.0333,310
31.4000,-93.2833,360
45.6906,-118.8528,140
45.6208,-122.6572,250
37.7797,-89.2497,130
34.3478,-85.1611,160
48.1739,-103.6367,310
43.2339,-75.4117,140
37.9406,-75.4631,70
44.9258,-89.6256,270
39.6092,-110.7547,170
32.8986,-80.0403,20
30.4636,-88.5319,40
42.3606,-71.0106,210
46.4794,-84.3572,210
29.6222,-95.6564,10
39.2956,-80.2289,250
28.0836,-97.0464,350
42.2347,-85.5519,270
35.6542,-105.1419,210
39.2972,-94.7306,300
36.0719,-115.1633,90
45.5908,-122.6003,110
46.9006,-95.0678,280
36.1336,-80.2222,10
28.7797,-81.2436,90
43.1072,-78.9453,250
40.7781,-111.9694,330
41.7636,-96.1778,320
34.1231,-84.8486,110
36.3689,-92.4703,30
38.5069,-121.4950,360
44.8664,-91.4878,260
43.5878,-96.7289,320
24.7258,-81.0517,90
39.2953,-114.8467,20
42.7267,-114.4564,60
39.4494,-74.5672,170
45.2575,-112.5545,170
46.3747,-117.0156,360
39.9061,-84.2186,290
44.5444,-110.4211,120
34.2486,-82.1592,40
40.7939,-73.1017,220
35.0311,-85.2014,170
41.8031,-78.6403,280
59.6419,-151.4908,70
41.0136,-83.6686,270
46.9728,-123.9303,270
44.9358,-74.8458,220
35.8181,-83.9858,250
31.1522,-81.3908,20
36.0467,-79.4769,220
