36.3200,-115.7000,312
36.7200,-106.2600,203
43.8000,-114.8500,0
43.7600,-116.1000,106
35.7700,-105.7800,166
36.5100,-106.3200,6
40.3000,-111.2600,198
43.7600,-115.2400,161
43.7300,-113.8300,233
39.1900,-120.2600,277
39.3600,-106.0600,13
36.2500,-115.6300,201
39.2900,-117.1100,213
36.8600,-106.2300,11
46.2400,-117.3900,78
44.2100,-110.6700,6
44.7900,-116.0900,221
38.4000,-119.5400,171
35.9200,-106.3900,269
48.7200,-116.4600,96
41.4000,-107.2600,177
36.1900,-105.5600,61
40.8300,-111.7600,87
36.0300,-106.8100,216
36.0700,-105.6300,270
36.9600,-106.6600,198
35.3400,-111.6500,313
36.7900,-105.2400,267
39.4300,-120.3100,304
36.0000,-106.8300,66
40.5300,-106.7800,56
36.3100,-115.6800,164
39.8000,-106.0300,221
36.9900,-105.2600,165
36.1300,-105.5300,250
44.3800,-116.3400,138
39.3100,-111.4300,287
35.7800,-105.5400,134
