40.7264,-122.7947,372
43.8544,-116.4664,-178
36.9969,-119.7072,-178
40.7142,-122.4161,222
38.6644,-94.8900,33
37.9050,-93.3169,56
33.6731,-111.1508,239
28.4675,-98.2525,289
40.6117,-122.5281,189
34.5822,-119.9817,272
33.7542,-99.1442,244
38.4917,-122.1242,206
33.7092,-93.5564,-178
39.1172,-95.4097,11
39.0744,-96.8983,11
37.7967,-121.5828,289
34.9881,-120.3211,278
26.8400,-81.0872,311
43.5492,-71.4647,-178
30.2003,-92.6642,233
38.5350,-121.7761,217
35.7047,-101.5492,211
38.4931,-122.0047,261
21.3153,-157.9992,283
32.2822,-106.7597,211
36.5508,-114.4581,228
26.5581,-99.1372,128
25.8175,-80.2858,328
38.0047,-120.4864,239
30.7053,-104.0233,150
