34.7000,-77.3833,1356
28.4736,-82.4544,1009
43.9906,-70.9475,1328
43.2781,-70.9222,13
47.0339,-120.5303,2322
45.0619,-93.3508,1706
38.3083,-75.1239,914
32.8667,-117.1333,1416
29.3331,-89.4075,552
39.7333,-77.4333,1204
39.4203,-83.8217,1755
18.2550,-65.6408,1309
66.9161,-151.5089,902
41.6264,-80.2150,2018
42.2228,-83.7444,1607
40.8764,-74.2831,1255
36.3333,-119.9500,1154
34.9883,-117.8647,1135
41.6764,-70.9583,1507
36.8167,-76.0333,1208
56.6000,-169.5650,2212
64.7767,-141.1483,839
31.3500,-85.6667,138
32.5428,-93.7450,1039
38.8761,-98.8092,1300
70.1917,-148.4772,1551
42.7172,-71.1239,1421
42.1094,-77.9919,1615
40.1606,-113.3508,1513
34.9869,-81.0575,659
59.4433,-151.7017,210
39.9492,-74.8417,1531
43.3497,-76.3847,1233
44.0219,-82.7931,440
41.3714,-73.4828,1435
41.0375,-81.4642,1413
60.5797,-151.2392,1720
44.5761,-71.1786,1353
42.4167,-87.8667,1212
40.2172,-76.8514,1356
42.5519,-71.7558,1158
37.3278,-95.5042,1337
63.9944,-145.7214,946
41.2531,-70.0608,14
30.5069,-86.9597,1103
30.7167,-87.0167,2000
39.1033,-84.4189,1738
42.6650,-83.4181,1746
41.1961,-112.0114,1431
40.2383,-75.5572,100
7.3333,134.4833,2136
41.8678,-84.0794,1451
31.3928,-92.2956,1414
40.3547,-79.9217,1124
6.9667,158.2167,2011
59.4556,-135.3239,755
22.0333,-159.7833,1447
47.3864,-92.8389,1322
31.3558,-85.7511,527
36.7436,-108.2292,1714
42.8050,-72.0036,2248
41.7781,-80.6958,1149
35.9333,-79.0642,829
37.7064,-112.1456,1133
41.2639,-72.8872,147
42.4092,-83.0100,1638
26.5361,-81.7550,909
38.3000,-76.4167,2131
62.9614,-141.9292,1032
34.9000,-76.8833,854
32.5500,-88.5667,937
41.3931,-70.6150,224
36.9500,-76.2833,1407
40.0681,-118.5692,1517
39.9369,-91.1919,25
42.4933,-79.2722,1945
60.7850,-148.8389,920
41.7419,-72.1836,1611
47.5303,-122.3008,2237
34.2097,-118.4892,1141
46.4167,-86.6500,158
61.1689,-150.0278,2033
42.5700,-72.2911,1640
39.3667,-75.0667,933
61.1781,-149.9664,2045
41.3275,-72.0494,1855
31.9514,-85.1289,26
40.7342,-73.4169,1511
41.9144,-88.2464,1603
40.0781,-83.0781,1507
34.6719,-82.8864,657
41.5333,-71.2833,848
44.9319,-93.0556,1919
41.6686,-70.2800,15
27.6833,-97.2833,2047
42.6003,-123.3642,2045
27.5000,-97.8167,1509
24.5833,-81.6833,134
40.8206,-76.8642,1217
35.1822,-103.6031,1630
31.4000,-93.2833,1217
39.7556,-82.6572,1323
43.9636,-69.7117,954
46.0261,-91.4442,1739
9.4833,138.0833,1330
38.5000,-77.3000,1536
30.4000,-81.4167,1333
41.0136,-83.6686,31
37.0911,-95.5664,1736
70.2117,-151.0017,2215
40.8217,-72.8689,1514
41.5631,-83.4764,2046
40.0819,-75.0111,1051
47.1686,-88.4889,2028
41.6875,-69.9933,1826
42.1208,-87.9047,1621
60.4889,-145.4511,951
57.0481,-135.3647,12
41.7361,-72.6506,1747
42.6958,-73.1708,2004
61.5961,-149.0917,1426
36.7414,-104.5022,1103
41.7700,-88.4814,1401
35.1967,-81.1558,630
41.4525,-87.0058,1436
32.7667,-97.4500,1154
41.3497,-71.7989,1215
41.0731,-71.9233,457
66.0689,-162.7639,950
32.4833,-80.7167,105
46.4047,-94.1308,1257
59.6419,-151.4908,905
58.3567,-134.5639,632
37.7461,-97.2211,1242
41.2003,-74.6231,1352
44.3675,-71.5450,1411
48.3500,-122.6667,2345
39.6092,-110.7547,1205
42.4700,-71.2894,14
41.5097,-72.8278,1525
30.7044,-87.0231,1643
39.4900,-121.6183,1018
37.1319,-76.4930,1351
61.2169,-149.8550,1915
41.9097,-70.7294,30
18.4325,-66.0108,2300
43.2339,-75.4117,1147
30.0494,-90.0289,519
31.5883,-110.3442,1323
32.7000,-117.2000,1347
28.0622,-81.7542,1256
30.2333,-81.6667,1715
31.4156,-87.0442,938
35.6169,-106.0889,1521
18.3331,-64.9667,1503
31.6072,-110.4281,1554
40.6161,-83.0636,1829
30.3503,-81.8831,1627
48.7167,-94.6000,1639
42.1578,-72.7161,1904
35.1350,-90.2344,834
41.3461,-82.1794,957
34.7917,-79.3661,47
40.0228,-82.4625,1430
17.7028,-64.8056,1032
39.2775,-120.7103,1254
38.0653,-97.8606,1818
41.0467,-78.4117,1901
36.6950,-76.1356,1322
39.3644,-84.5247,1236
42.1908,-71.1736,1549
38.6956,-121.5897,1405
39.5936,-84.2264,1343
35.6875,-117.6931,1524
38.7667,-104.3000,1251
31.0425,-86.3117,1036
34.2008,-119.2069,1001
59.7494,-154.9089,1124
35.0028,-105.6628,1024
35.5144,-108.7939,1803
45.8258,-119.2611,1255
38.9833,-76.4667,2136
41.0669,-73.7075,1534
46.1442,-115.5964,1131
47.4569,-115.6450,809
60.1283,-149.4167,814
59.2433,-135.5094,734
7.4500,151.8333,1715
42.9333,-71.4383,2158
35.9403,-89.8308,820
47.9078,-122.2803,2202
39.4167,-118.7167,1237
27.9106,-82.6875,1007
48.1203,-123.4983,1059
45.6194,-121.1661,1404
43.1072,-78.9453,2154
67.7317,-164.5483,452
39.9181,-76.8742,1712
42.1594,-76.8919,1622
42.2333,-83.5333,1710
29.5622,-91.5256,1307
42.6425,-77.0564,1652
38.4167,-113.0167,1404
47.7472,-90.3444,2242
70.6392,-159.9950,1843
41.5092,-74.2650,1341
44.5483,-95.0803,1631
47.2675,-122.5761,2116
30.3433,-89.8222,752
34.2486,-82.1592,1006
41.7861,-87.7522,1636
47.4667,-87.8833,2357
33.4050,-118.4158,858
41.8756,-71.0211,844
40.8436,-72.6322,1351
62.3200,-150.0950,1625
36.9839,-77.0075,1045
41.0089,-74.7367,1509
45.4622,-69.5953,1151
64.3267,-158.7417,1345
30.7797,-86.5225,2121
38.9503,-95.6639,1734
55.3567,-131.7117,44
48.5222,-123.0231,1341
43.6264,-72.3047,1228
34.8461,-82.3461,1245
45.8678,-95.3942,1457
41.7872,-111.8533,1503
38.8983,-119.9947,1416
45.8183,-88.1144,2305
62.1592,-145.4589,2047
41.5175,-81.6836,1057
40.1203,-76.2944,1423
35.0169,-80.6206,1054
43.1644,-95.2017,1455
35.8550,-77.8931,822
40.3300,-75.1225,1147
40.8500,-74.0614,1208
37.1681,-97.0369,1300
55.5800,-133.0750,109
44.8322,-93.4706,1535
42.5708,-77.7133,1550
42.5842,-70.9175,5
37.7081,-77.4344,1413
35.6542,-105.1419,1056
47.4933,-122.2144,711
35.9461,-112.1547,1108
30.4000,-86.4717,1326
46.5486,-90.9189,1541
46.9006,-95.0678,1346
30.4636,-88.5319,917
64.5500,-149.0717,1259
40.8731,-81.8867,1319
39.2956,-80.2289,1042
30.6264,-88.0681,1322
47.2381,-123.1408,2042
