40.7264,-122.7947,333
38.8586,-99.3358,144
37.9050,-93.3169,217
44.7764,-108.7592,117
40.4750,-86.9919,94
42.9592,-120.7897,156
40.2842,-109.8611,106
34.5822,-119.9817,189
40.1739,-101.0611,183
36.4622,-116.8669,239
42.8767,-77.0308,106
39.2494,-106.3714,33
40.2233,-86.1086,94
64.8569,-147.8611,11
38.4661,-101.7758,150
34.9881,-120.3211,183
38.7978,-99.7231,144
37.7617,-117.5658,156
39.0422,-108.4664,139
36.0147,-85.1314,94
36.5575,-105.2628,78
35.4072,-104.1906,156
45.6911,-118.8522,94
36.5508,-114.4581,167
39.3925,-101.0689,156
41.6661,-111.8914,117
40.2539,-85.1483,117
26.5581,-99.1372,200
30.7053,-104.0233,144
37.9931,-100.8122,167
45.4825,-120.7236,94
