34.2675,-77.8997,1
60.7850,-161.8292,1
40.9781,-124.1086,1
46.7994,-102.7972,1
70.4322,-150.4094,1
47.2856,-68.3133,1
44.4683,-73.1500,1
34.4258,-119.8425,1
43.9922,-76.0217,1
38.3794,-81.5900,1
35.1442,-111.6664,1
34.0511,-118.2353,1
37.5339,-83.3492,1
44.5344,-72.6144,1
42.2417,-83.6933,1
41.8161,-80.4250,1
34.7586,-87.6411,1
42.9389,-72.3247,1
44.3853,-74.2067,1
38.3650,-82.5550,1
58.6794,-156.6294,1
45.4558,-98.4131,1
46.1569,-123.8825,1
37.3031,-108.6275,1
36.1189,-86.6892,1
37.6694,-79.2775,1
36.6239,-87.4194,1
44.2667,-71.2994,1
40.0489,-107.8853,1
35.5931,-88.9167,1
39.3450,-81.4392,1
48.2553,-101.2733,1
71.2833,-156.7814,1
29.1097,-95.4619,1
37.7086,-113.0944,1
37.7272,-80.6592,1
38.8853,-79.8528,1
34.7442,-87.5997,1
41.1214,-100.6694,1
44.4169,-71.5008,1
24.5550,-81.7522,1
28.8614,-96.9303,1
63.9033,-152.2817,1
18.2550,-65.6408,1
25.9069,-80.2803,1
36.7683,-96.0261,1
43.2419,-77.3883,1
26.1522,-81.7753,1
44.8428,-117.8086,1
46.8706,-68.0172,1
44.8419,-74.3081,1
33.3644,-81.9633,1
21.3167,-158.0667,1
64.8172,-147.8739,1
31.8606,-86.0122,1
13.4836,144.7961,1
43.9317,-69.8564,1
42.2472,-78.8125,1
28.7247,-96.2536,1
64.8603,-147.8483,1
42.8914,-73.2469,1
38.0442,-87.5206,1
19.7192,-155.0531,1
48.6033,-112.3753,1
36.5764,-92.6767,1
36.1994,-95.8872,1
57.1553,-170.2222,1
35.8036,-82.6658,1
42.2947,-83.7108,1
70.3289,-149.6114,1
36.6636,-121.6081,1
55.0389,-131.5786,1
37.0872,-84.0769,1
44.0206,-117.0128,1
36.9358,-121.7886,1
64.9111,-147.9242,1
39.2231,-106.8683,1
46.1236,-67.7928,1
44.3744,-70.3164,1
42.9203,-112.5711,1
43.6497,-70.3003,1
36.5881,-121.8453,1
35.9508,-85.0814,1
45.6478,-68.6925,1
43.1561,-90.6775,1
26.5850,-81.8614,1
43.1111,-76.1039,1
34.7436,-118.7242,1
34.8994,-120.4486,1
43.3392,-78.3892,1
40.4953,-107.5211,1
35.3117,-83.1747,1
43.5697,-76.1164,1
35.4319,-82.5375,1
44.6500,-73.4667,1
55.2208,-162.7325,1
31.2819,-89.2531,1
36.9647,-86.4239,1
36.9261,-111.4478,1
61.1689,-150.0278,1
35.5453,-82.6986,1
40.9017,-117.8081,1
59.7444,-151.6347,1
25.9989,-80.2411,1
36.0236,-84.2375,1
38.8894,-86.5519,1
37.7889,-80.3083,1
41.7803,-124.2367,1
33.9486,-81.1186,1
62.9575,-155.6103,1
45.5406,-122.9486,1
21.3239,-157.9294,1
42.1717,-100.0106,1
36.7725,-90.3247,1
43.5950,-118.9564,1
59.5119,-139.6711,1
44.8889,-116.1017,1
44.2033,-72.5794,1
29.5189,-95.2417,1
35.9461,-112.1547,1
42.4272,-73.2892,1
34.6525,-86.9453,1
21.9839,-159.3405,1
61.1781,-149.9664,1
42.1997,-75.9850,1
43.6478,-70.6750,1
64.8039,-147.8761,1
44.7978,-68.8186,1
43.3436,-72.5178,1
44.3206,-69.7972,1
36.4731,-82.4044,1
38.5039,-122.8103,1
45.6208,-122.6572,1
46.4794,-84.3572,1
28.0836,-97.0464,1
34.1231,-84.8486,1
24.7258,-81.0517,1
35.1803,-83.3928,1
41.8031,-78.6403,1
44.9358,-74.8458,1
