18.4325,-66.0108,13
13.4836,144.7961,20
43.7600,-115.2400,10
34.7500,-111.4100,310
35.9200,-106.3900,5
36.8600,-106.2300,412
43.8000,-114.8500,7
36.3100,-115.6800,0
42.3200,-120.8300,21
36.2500,-115.6300,14
36.0300,-106.8100,6
47.6800,-121.6100,8
36.1900,-105.5600,5
47.3000,-121.6000,4
36.1300,-105.5300,5
42.7900,-121.9800,0
40.3000,-111.2600,10
39.4300,-120.3100,6
35.7800,-105.5400,4
44.3800,-116.3400,13
18.3331,-64.9667,33
36.9900,-105.2600,8
36.7900,-105.2400,2
39.1900,-120.2600,35
36.0000,-106.8300,4
35.7700,-105.7800,8
48.7200,-116.4600,12
41.4000,-107.2600,12
36.5100,-106.3200,373
36.7200,-106.2600,7
38.4000,-119.5400,10
17.7028,-64.8056,28
36.9600,-106.6600,7
47.3600,-121.5700,1
40.5300,-106.7800,4
39.2900,-117.1100,11
39.8000,-106.0300,6
44.7900,-116.0900,13
42.9600,-121.1800,2
44.2100,-110.6700,17
45.0800,-117.5500,1
39.3100,-111.4300,47
15.1167,145.7167,19
39.3600,-106.0600,8
40.8300,-111.7600,13
