-32.8053,116.4711,100
-38.2550,143.1256,10
-33.8258,151.1556,68
-43.0156,147.3275,24
47.1889,-120.9131,119
-34.0717,118.2628,60
-33.3142,117.7400,215
18.1725,-66.9872,5
-17.1347,145.4281,22
-33.5417,118.1489,68
38.7339,-77.4925,64
30.7394,-94.9256,0
19.2036,-155.4858,0
-34.9044,138.8742,6
-32.0063,151.9597,386
19.7842,-155.0936,5
21.3733,-157.7853,5
-12.4706,130.8455,350
43.0731,-77.3019,15
-38.3291,143.0779,22
-12.4721,130.9924,140
38.7017,-91.4314,46
-17.7667,145.5778,550
43.3442,-73.0522,41
41.3997,-84.1119,0
-30.5006,115.0664,148
39.5253,-91.6450,0
-27.7347,153.3275,6
46.7492,-121.8120,508
-33.3600,116.1467,80
-42.5847,147.7908,18
40.5003,-75.2044,208
37.1244,-82.6339,249
19.5833,-155.4550,178
34.8039,-90.0103,396
37.9050,-93.3169,124
43.9517,-111.6789,0
39.6203,-79.9697,178
-33.9411,118.9200,200
18.1511,-66.9889,13
46.3158,-113.3000,15
41.8500,-74.0500,64
43.7822,-122.9631,264
46.3675,-124.0378,803
-31.8140,116.3410,128
-35.0102,138.7602,4
44.3078,-90.1314,0
38.1792,-84.8992,493
-29.1906,115.4414,102
-34.9617,117.3567,208
36.5994,-89.9894,41
-32.4129,152.2079,360
43.7464,-124.1217,826
20.2250,-155.7933,33
-37.6563,145.4762,24
43.2761,-75.1567,41
19.5361,-155.5767,0
46.7858,-121.7425,909
38.3197,-76.4525,152
-38.1954,143.6399,10
-37.5422,140.8137,12
44.1792,-122.1164,417
46.7461,-87.8817,3
40.9317,-109.4117,0
-17.3436,145.9217,320
43.1003,-72.7836,25
-28.6225,153.0036,62
47.4825,-100.4444,10
44.2333,-85.4217,130
-34.9423,138.7270,4
-34.0111,149.8369,6
44.3022,-120.8081,56
21.5739,-158.0378,0
42.2642,-118.6758,0
34.0967,-87.9914,0
19.6328,-155.0339,0
-31.8622,116.2658,106
-30.3081,115.0311,12
-42.3961,146.4897,76
-35.6984,139.8633,4
47.1414,-121.9356,663
-35.3497,138.6223,14
-31.1936,117.0311,220
46.6539,-68.0089,165
38.6311,-80.0856,541
45.3803,-87.9567,0
-31.6358,116.7961,112
-31.1428,116.0539,68
18.1731,-66.4928,64
38.1253,-82.6936,279
-34.5712,150.7761,8
-34.6250,117.6361,120
40.9467,-123.6364,140
-41.1256,147.8617,20
-33.9797,115.7656,151
44.0725,-72.9736,84
45.5533,-122.3886,660
-28.9231,151.9306,8
41.1183,-75.7278,109
37.2344,-82.3436,183
58.2989,-134.4111,51
41.6000,-122.8478,79
61.6311,-149.8019,25
46.5831,-90.9678,66
-17.2639,145.8536,2750
-34.6339,116.1236,176
37.5339,-83.3492,246
-34.7233,117.3494,224
42.0003,-73.0439,130
42.9014,-76.8642,0
33.8847,-88.9867,0
43.1889,-71.7461,91
44.2842,-121.5486,20
-37.7869,145.2847,80
43.5317,-75.9525,71
-38.0808,146.2139,20
21.4706,-157.8836,0
43.2386,-76.1964,81
36.6139,-83.7897,196
-34.2961,117.5533,110
27.5947,-81.5267,0
-34.4878,117.6278,108
-31.8689,116.0167,142
-38.5304,143.5390,28
-34.9482,138.8071,8
44.0764,-116.9311,30
42.0772,-74.9828,0
-33.3347,116.7425,118
39.5833,-120.3706,0
41.8392,-122.8503,160
-28.0686,153.4241,28
-33.6611,115.3456,268
-33.3956,117.0944,135
-38.5058,145.1503,18
-29.8866,150.8951,14
39.0422,-108.4664,0
-33.3978,115.7536,170
-29.4445,151.5987,30
21.5611,-158.2383,25
-33.5167,116.8028,70
-43.3181,147.2467,30
33.9047,-87.3153,13
-35.0369,138.9130,26
-27.4973,153.4078,38
-34.9761,116.7328,175
39.5228,-79.4131,394
-34.7810,150.6917,3
-38.3427,143.5848,10
19.6158,-155.0839,0
-38.0339,141.9998,18
-37.9535,145.1655,22
-33.8933,151.0346,26
42.9694,-71.9528,107
18.3236,-64.8542,53
41.6444,-72.8167,178
-29.4421,151.8483,8
41.5325,-70.6589,300
36.3661,-85.6553,173
39.4717,-76.1697,307
-31.7317,115.7931,52
21.3389,-157.8581,3
43.9000,-75.0367,64
-33.9372,118.0075,66
43.0114,-84.5542,0
-12.3551,130.8857,400
-42.7572,147.3817,18
18.3347,-64.7942,330
21.1328,-157.2133,0
34.5225,-119.6822,0
47.5089,-99.1211,3
38.1403,-90.5058,244
-26.8408,151.9806,20
-36.3098,140.7400,6
-33.8325,116.3894,170
-31.2994,116.8269,156
39.4506,-74.7469,277
-32.4947,118.2675,86
39.5703,-107.2267,0
37.5108,-86.2892,409
44.9714,-116.2933,170
42.9481,-76.7342,15
44.7281,-75.4442,53
33.7158,-108.7769,0
-28.7769,114.6050,104
40.3803,-76.0275,216
-34.9516,138.8754,4
-12.4126,130.9202,42
-33.6514,118.5517,160
-35.1093,139.0806,12
40.5447,-84.4375,0
35.0781,-89.6653,274
35.6542,-79.0706,107
32.0111,-85.0900,0
32.8100,-93.0625,23
41.5889,-75.3303,58
-26.1206,149.9614,100
39.5108,-87.1242,178
-32.3322,151.4595,66
-28.9883,152.8806,24
-34.7735,139.0501,8
21.5300,-157.8503,15
42.9967,-72.3128,53
36.8047,-107.6214,0
-38.3898,145.0863,32
44.9214,-85.5161,0
-34.0444,117.6419,165
30.7342,-85.0306,58
27.4272,-80.4053,51
42.9453,-72.2369,64
64.0839,-145.6136,23
42.8942,-71.9842,107
41.8128,-88.0728,0
47.1358,-122.2558,523
36.3444,-88.8636,295
31.3625,-85.3397,41
35.5044,-82.5967,71
-17.2700,145.8997,600
21.1900,-156.9828,104
-37.8958,144.4387,8
-32.0533,115.7647,70
-17.0692,145.7742,90
-34.9769,116.7286,150
43.8000,-74.8667,41
43.2097,-75.6453,18
-28.5008,114.7897,590
31.8075,-85.9722,0
-32.1303,116.0053,84
-30.7686,117.1361,120
45.6847,-121.5175,229
40.8619,-75.6428,137
-37.7073,147.8314,12
32.7336,-96.3225,130
-37.8750,142.2895,10
-41.2039,146.2650,18
-35.1890,138.8262,32
44.3200,-70.7567,122
-38.1059,142.3216,18
21.3933,-157.9750,0
20.6486,-156.3983,0
18.0258,-66.5253,8
43.7178,-123.0578,284
34.1864,-90.5572,0
-37.5267,142.0414,4
-29.5339,115.7628,116
-12.4121,130.9669,81
21.6031,-157.9022,58
46.9589,-95.6472,0
41.5394,-75.9269,89
46.6706,-100.2294,0
-41.3356,146.2797,32
21.5108,-157.8622,5
20.2039,-155.7350,213
40.4506,-107.5894,0
33.7392,-88.1275,79
35.3872,-76.7764,234
-33.0269,116.8792,346
42.2906,-104.7625,0
46.1281,-85.5697,3
40.2842,-109.8611,0
