45.0853,-67.1203,0
38.8894,-86.5519,100
27.7792,-97.5056,172
46.8706,-68.0172,-11
32.7547,-104.3836,72
37.8194,-85.3847,111
28.4575,-97.7061,122
39.4700,-80.8572,61
42.3806,-96.9575,22
46.3414,-86.9242,-6
38.5200,-89.8467,39
42.6006,-114.7453,89
33.2564,-81.2422,106
40.2539,-85.1483,17
34.2183,-81.0731,144
37.9931,-100.8122,61
44.4933,-68.4583,0
38.4661,-101.7758,67
40.1100,-87.9567,-6
40.0739,-87.5067,28
33.8083,-79.8567,128
42.2947,-83.7108,0
62.1925,-150.5033,-111
40.9361,-90.7197,0
33.0167,-81.3167,144
42.1397,-87.7853,39
44.5208,-101.6192,89
41.0267,-86.5867,-6
41.8161,-80.4250,6
41.1453,-85.4897,-50
32.2822,-106.7597,139
28.7156,-97.1742,144
34.1944,-79.2472,167
32.5133,-92.3486,128
34.4719,-81.8839,106
36.7578,-90.4056,111
33.7775,-81.8467,122
36.1306,-80.5481,100
40.4750,-86.9919,0
36.5914,-101.6181,83
47.0575,-109.9514,67
44.9847,-93.1772,0
38.7386,-87.4878,61
34.1419,-80.8700,111
37.0683,-88.7725,89
47.6811,-117.6267,39
37.9311,-98.0297,83
32.3500,-94.6500,133
37.1317,-86.1481,89
38.3139,-81.7186,78
37.1167,-84.6167,72
42.7831,-71.4147,-6
37.1244,-87.8672,17
34.7289,-80.0389,111
40.2233,-86.1086,61
38.7003,-82.4736,106
32.9206,-86.6708,144
39.4833,-83.8500,50
38.4558,-86.6983,78
43.9794,-117.0247,83
28.8608,-97.0181,133
40.4719,-74.4364,-6
41.4439,-86.9294,-6
35.6042,-91.2744,89
44.8831,-85.6753,6
35.6214,-88.8456,128
40.8142,-85.1547,-33
64.9156,-148.2711,6
