35.2333,-101.7089,1
37.1431,-107.7597,1
46.7708,-100.7603,1
26.2500,-80.1083,1
45.4558,-98.4131,1
37.3031,-108.6275,1
32.2622,-107.7206,1
36.0167,-102.5500,1
32.3336,-104.2581,1
45.5433,-94.0514,1
38.8100,-104.6883,1
31.9433,-102.1889,1
18.4325,-66.0108,1
37.2622,-104.3378,1
30.9119,-102.9167,1
46.9258,-98.6692,1
37.7608,-99.9683,1
31.4583,-109.6061,1
38.7667,-104.3000,1
33.3075,-104.5083,1
45.8678,-95.3942,1
47.9428,-97.1839,1
36.6817,-101.5053,1
33.6542,-101.8136,1
35.0281,-110.7208,1
34.5183,-109.3792,1
32.8547,-109.6353,1
31.5883,-110.3442,1
31.8111,-106.3758,1
31.7800,-103.2017,1
31.9206,-102.3867,1
36.4486,-103.1539,1
