40.7264,-122.7947,133
38.8586,-99.3358,172
43.8544,-116.4664,156
36.9969,-119.7072,-178
37.1503,-104.5567,144
40.7142,-122.4161,150
36.4711,-86.8414,161
37.9050,-93.3169,117
33.6731,-111.1508,222
47.0575,-109.9514,117
28.4675,-98.2525,222
44.7764,-108.7592,133
40.4750,-86.9919,100
42.9592,-120.7897,100
40.2842,-109.8611,128
37.3806,-107.5811,56
39.9000,-98.0256,156
39.0303,-76.9314,183
39.8114,-99.9386,144
40.6117,-122.5281,172
46.0436,-118.4628,189
34.5822,-119.9817,150
40.1739,-101.0611,156
34.7675,-106.7611,150
42.1397,-87.7853,94
45.6750,-111.1550,83
36.4622,-116.8669,189
40.7833,-81.9167,89
33.7542,-99.1442,189
42.8767,-77.0308,94
39.2494,-106.3714,39
38.4917,-122.1242,111
47.7283,-104.1467,72
37.0683,-88.7725,150
33.7092,-93.5564,156
45.9228,-108.2444,133
46.8706,-68.0172,89
40.2233,-86.1086,100
40.1550,-103.1417,150
39.0744,-96.8983,183
35.6214,-88.8456,200
64.8569,-147.8611,39
44.0622,-103.4819,100
38.4661,-101.7758,167
37.7967,-121.5828,161
46.7603,-117.1861,128
35.7197,-86.9653,178
36.8047,-107.6214,117
34.9881,-120.3211,133
26.8400,-81.0872,250
41.9342,-88.7756,89
38.7403,-104.3994,111
42.1231,-111.3133,100
40.0892,-99.2133,156
35.4139,-86.8086,178
38.7978,-99.7231,144
37.7617,-117.5658,122
39.0422,-108.4664,133
38.9408,-95.3397,178
47.0022,-118.5658,128
43.5492,-71.4647,78
48.4983,-109.8014,133
44.1183,-121.2103,94
30.2003,-92.6642,222
36.5575,-105.2628,78
38.5350,-121.7761,150
35.7047,-101.5492,144
48.7178,-122.5114,128
38.6450,-95.5661,267
38.4931,-122.0047,128
35.4072,-104.1906,189
40.1167,-76.4333,139
45.6911,-118.8522,133
61.5664,-149.2542,106
32.2822,-106.7597,183
34.5989,-103.2161,150
35.2006,-103.6867,189
41.4439,-86.9294,100
42.7467,-71.0425,72
47.6811,-117.6267,133
36.5508,-114.4581,156
39.3925,-101.0689,156
29.4608,-101.0286,211
40.2539,-85.1483,100
26.5581,-99.1372,211
37.6967,-93.7722,161
35.0489,-97.9158,161
25.8175,-80.2858,250
39.6619,-99.1228,156
38.0047,-120.4864,139
30.7053,-104.0233,144
39.4031,-99.4192,150
36.6897,-108.3086,139
40.2458,-111.6508,150
46.7281,-116.9558,139
45.4825,-120.7236,144
41.4903,-71.5431,61
