41.7361,-72.6506,30
45.5644,-84.7928,350
21.4500,-157.7833,60
40.2172,-76.8514,50
37.7086,-113.0944,200
30.3975,-84.3289,200
59.5119,-139.6711,180
44.8322,-93.4706,150
47.3078,-119.5153,310
34.9883,-117.8647,290
43.0206,-102.5183,110
35.3331,-94.3625,80
45.5511,-122.4089,240
39.8233,-93.5792,150
37.1431,-107.7597,250
33.1281,-117.2794,240
47.2856,-68.3133,160
42.8375,-103.0953,340
43.3906,-99.8422,270
41.9144,-88.2464,150
40.3547,-79.9217,350
26.0719,-80.1536,170
41.6328,-91.5431,160
32.4106,-99.6822,150
48.3042,-114.2636,160
34.3622,-98.9761,180
37.2253,-89.5706,50
41.0731,-71.9233,20
31.6189,-97.2283,140
41.5097,-72.8278,360
70.2117,-151.0017,40
30.0675,-95.5561,20
27.9619,-82.5403,250
44.5761,-71.1786,340
32.7336,-117.1831,260
45.5433,-94.0514,160
42.4819,-114.4869,250
39.3669,-101.7000,80
63.9944,-145.7214,330
34.5183,-109.3792,230
44.3981,-98.2231,180
34.2719,-83.8303,260
44.1708,-114.9272,280
46.4047,-94.1308,180
42.5708,-77.7133,310
44.3394,-105.5419,350
39.1333,-86.6167,100
39.2956,-80.2289,360
28.0622,-81.7542,120
32.2622,-107.7206,280
42.6003,-123.3642,310
38.0653,-97.8606,160
39.4494,-74.5672,50
32.3542,-95.4025,150
42.5842,-70.9175,360
30.5892,-96.3647,60
40.5175,-122.2986,330
36.1625,-97.0894,150
39.5781,-85.8033,90
39.4839,-119.7711,290
42.1244,-86.4267,310
40.8436,-72.6322,60
33.2119,-87.6161,320
34.6525,-86.9453,290
32.3847,-94.7117,110
30.4000,-81.4167,140
59.4433,-151.7017,180
45.4558,-98.4131,170
27.7411,-98.0247,140
44.0511,-101.6011,280
42.8050,-72.0036,10
40.1936,-76.7633,40
30.6264,-88.0681,330
43.1406,-89.3453,190
38.7042,-93.1833,130
30.7406,-98.2353,190
41.0375,-81.4642,70
44.7978,-68.8186,60
46.3747,-117.0156,330
46.1442,-115.5964,350
35.8517,-97.4142,170
48.4608,-119.5167,150
47.4444,-122.3139,210
18.4325,-66.0108,80
37.2622,-104.3378,250
31.4156,-87.0442,20
33.8117,-78.7239,290
46.2667,-119.1167,220
41.9922,-93.6217,160
44.9258,-89.6256,200
36.6817,-101.5053,200
31.9514,-85.1289,140
41.9097,-70.7294,30
46.1236,-67.7928,50
35.2372,-120.6414,320
42.1928,-89.0931,150
42.2347,-85.5519,90
42.9486,-78.7369,50
33.6267,-116.1594,330
39.1208,-94.5969,130
30.0375,-91.8839,10
40.0228,-82.4625,90
44.4683,-73.1500,330
41.8678,-84.0794,130
39.9492,-74.8417,30
47.6458,-101.4394,40
41.4333,-99.6333,320
44.8664,-91.4878,150
39.5264,-107.7264,240
31.0425,-86.3117,210
45.8678,-95.3942,150
62.9614,-141.9292,170
44.8889,-116.1017,190
41.0089,-74.7367,30
39.1894,-103.7158,230
32.0311,-96.3989,150
47.2381,-123.1408,230
24.5833,-81.6833,130
47.4569,-115.6450,300
42.4167,-87.8667,100
42.5544,-92.4011,170
41.2531,-70.0608,20
61.5961,-149.0917,160
36.2833,-94.3000,190
32.1300,-81.2100,160
41.3325,-122.3328,330
45.5908,-122.6003,190
45.7728,-122.8611,160
30.7167,-87.0167,110
45.8183,-88.1144,140
27.6833,-97.2833,120
33.4278,-112.0039,260
28.4567,-99.2183,150
42.7431,-73.8092,360
44.2033,-72.5794,310
29.5442,-98.4839,130
46.0947,-118.2869,210
38.7525,-90.3736,100
48.5428,-109.7633,80
35.6950,-101.3950,170
38.2103,-122.2847,210
37.7064,-112.1456,200
31.8606,-86.0122,140
35.6875,-117.6931,160
35.0419,-106.6156,310
35.0028,-105.6628,270
38.6892,-75.3592,40
38.8317,-94.8897,140
32.5161,-84.9422,80
47.4733,-111.3822,340
35.5931,-88.9167,10
35.6697,-120.6283,340
48.7167,-94.6000,160
40.2769,-74.8158,60
41.8833,-91.7167,120
57.7511,-152.4856,110
38.5000,-77.3000,70
46.6056,-111.9636,280
57.0481,-135.3647,190
46.5486,-90.9189,210
42.2333,-83.5333,120
34.2167,-119.0833,220
34.6517,-112.4208,230
40.1667,-103.2167,150
41.2544,-80.6739,90
42.3606,-71.0106,40
40.2342,-85.3936,100
33.3644,-81.9633,170
33.1783,-86.7817,290
33.9228,-118.3342,260
35.9333,-79.0642,260
30.2050,-91.9875,360
40.7833,-91.1253,160
39.3792,-74.4242,40
41.7072,-86.3164,140
33.6883,-112.0817,180
31.6072,-110.4281,250
57.1553,-170.2222,240
34.2486,-82.1592,310
32.7000,-117.2000,260
42.8975,-106.4636,330
35.0281,-110.7208,210
44.3853,-74.2067,350
35.9403,-89.8308,340
44.8428,-117.8086,300
41.1961,-112.0114,320
40.0681,-118.5692,290
39.5936,-84.2264,60
31.8311,-104.8089,40
43.9844,-88.5569,140
33.3075,-104.5083,150
20.8997,-156.4286,40
26.5850,-81.8614,160
37.0911,-95.5664,180
38.1311,-91.7683,230
41.5944,-109.0528,270
46.7994,-102.7972,280
37.7461,-97.2211,150
39.7333,-77.4333,60
39.2292,-106.3169,210
33.4050,-118.4158,250
45.6689,-96.9914,210
40.6386,-73.7622,30
33.7792,-84.5214,320
44.9047,-97.1494,170
32.6847,-83.6528,120
40.7781,-111.9694,320
37.1467,-94.5022,130
40.6239,-74.6694,40
70.1917,-148.4772,70
29.9800,-95.3600,20
33.0375,-116.9158,270
8.7333,167.7333,70
42.3914,-96.3792,170
42.1208,-87.9047,60
28.5453,-81.3331,130
34.2008,-119.2069,230
35.1967,-81.1558,10
42.2667,-84.4667,120
40.8206,-76.8642,30
44.9358,-74.8458,30
37.9917,-122.0550,200
34.7411,-118.2117,270
48.1739,-103.6367,10
41.1078,-92.4467,170
31.3214,-85.4497,190
44.3675,-71.5450,80
40.9781,-124.1086,330
46.9728,-123.9303,230
19.7356,-156.0489,60
44.8831,-93.2289,150
26.2281,-97.6542,120
34.7000,-77.3833,190
38.8000,-97.6500,170
42.4272,-73.2892,60
39.7078,-77.7297,10
45.6194,-121.1661,310
34.3478,-85.1611,90
29.1828,-81.0483,230
18.3331,-64.9667,130
25.9069,-80.2803,140
46.1569,-123.8825,230
34.8536,-116.7858,270
41.1389,-75.3794,60
36.3189,-119.6289,310
40.0397,-88.2778,50
43.7331,-103.6114,300
36.1994,-95.8872,150
40.4122,-86.9369,80
30.4844,-81.7019,10
34.9894,-99.0525,170
40.2383,-75.5572,50
41.8031,-78.6403,90
30.0494,-90.0289,40
37.2839,-98.5528,150
55.0389,-131.5786,130
32.3500,-91.0278,10
33.4825,-90.9853,350
62.3200,-150.0950,190
39.6728,-75.6008,40
42.8914,-73.2469,110
34.4272,-100.2831,180
42.7803,-84.5789,100
46.7708,-100.7603,350
64.5500,-149.0717,340
35.1822,-103.6031,240
29.3389,-98.4719,130
39.8328,-104.6575,200
38.0442,-87.5206,360
34.7442,-87.5997,20
27.9106,-82.6875,220
33.4669,-82.0386,130
25.9989,-80.2411,100
38.3775,-121.9575,220
44.5169,-108.0822,230
32.6261,-116.4681,230
36.7367,-97.1019,150
36.2667,-93.1567,110
41.3103,-95.8992,160
39.8250,-86.2958,70
32.8667,-117.1333,280
36.7436,-108.2292,290
36.6636,-121.6081,270
45.6044,-103.5464,310
38.0511,-117.0903,350
41.2731,-111.0306,270
44.3814,-106.7211,350
44.9050,-123.0011,230
42.3978,-90.7036,100
36.0097,-94.1694,200
42.3075,-85.2511,120
31.3089,-86.3939,210
34.4258,-119.8425,130
40.4953,-107.5211,260
43.0661,-108.4767,280
44.5483,-95.0803,160
60.5797,-151.2392,220
30.7825,-83.2767,180
34.2900,-93.0600,130
30.3361,-81.5147,200
47.0492,-109.4578,90
32.8986,-80.0403,50
42.2228,-83.7444,80
36.2117,-115.1958,200
43.7700,-88.4864,150
41.9950,-87.9336,120
43.3436,-72.5178,60
40.8764,-74.2831,60
41.3336,-75.7269,70
39.3644,-84.5247,100
33.8750,-84.3022,350
47.9375,-124.5550,250
34.2675,-77.8997,290
33.6186,-114.7142,240
44.0206,-117.0128,320
17.7028,-64.8056,120
45.8069,-108.5422,330
39.8344,-88.8656,70
30.4000,-86.4717,90
27.4981,-80.3767,110
39.2775,-120.7103,170
38.6956,-121.5897,200
67.7317,-164.5483,20
40.5100,-101.6200,320
26.1658,-97.3458,110
42.4933,-79.2722,10
39.6428,-79.9164,360
42.1594,-76.8919,30
39.8683,-75.2311,360
43.1167,-77.6767,60
37.7836,-81.1231,10
34.1750,-91.9347,50
31.8111,-106.3758,250
41.3714,-73.4828,10
28.7797,-81.2436,120
32.6636,-97.0939,120
24.7258,-81.0517,150
44.7408,-85.5825,20
39.1258,-123.2008,320
35.8181,-83.9858,90
30.3489,-85.7881,140
32.5156,-92.0406,50
43.1644,-95.2017,160
30.1831,-97.6800,150
43.2781,-70.9222,30
38.9833,-76.4667,50
44.7694,-106.9689,300
37.2958,-81.2078,350
31.3500,-85.6667,200
39.4781,-88.2803,60
38.1847,-84.9033,40
30.8356,-85.1839,200
39.2972,-94.7306,150
55.3567,-131.7117,130
34.7436,-118.7242,330
40.0803,-95.5919,160
41.5175,-81.6836,30
41.3375,-84.4289,80
37.3031,-108.6275,200
42.6425,-77.0564,330
43.6497,-70.3003,50
21.1544,-157.0961,50
32.8519,-96.8556,160
42.0572,-102.8000,350
43.8339,-111.8045,180
39.7736,-94.9233,140
37.6242,-120.9506,340
31.3347,-92.5586,40
30.5069,-86.9597,210
30.7797,-86.5225,150
33.2367,-107.2681,190
46.0139,-102.6547,330
31.5883,-110.3442,240
32.5500,-88.5667,360
38.0700,-102.6881,180
25.7906,-80.3164,120
38.8983,-119.9947,180
64.7767,-141.1483,30
36.2967,-99.7689,200
40.4422,-109.5144,180
35.4344,-119.0542,290
47.2078,-119.3192,230
35.8311,-90.6464,30
37.7081,-77.4344,40
43.1544,-93.3269,150
34.0561,-117.6003,230
27.5333,-99.4667,110
6.9667,158.2167,270
31.1522,-81.3908,230
33.4964,-90.0867,360
40.6825,-74.1694,40
41.2639,-72.8872,10
29.3331,-89.4075,260
26.2500,-80.1083,240
64.3267,-158.7417,50
41.4525,-87.0058,70
42.8153,-108.7261,300
29.6222,-95.6564,130
30.5372,-91.1469,330
34.0511,-118.2353,280
38.9597,-94.3714,120
30.4636,-88.5319,120
38.5714,-90.1572,120
38.6572,-90.6558,90
39.7075,-86.2803,70
47.2675,-122.5761,180
44.3592,-89.8369,180
59.7494,-154.9089,230
38.3306,-96.1897,150
59.6419,-151.4908,230
37.7214,-122.2208,250
42.1997,-75.9850,360
44.3206,-69.7972,50
33.5656,-86.7450,360
61.1689,-150.0278,150
44.3592,-84.6739,190
29.3783,-100.9269,150
47.9428,-97.1839,300
34.5467,-93.5781,120
43.9906,-70.9475,50
21.3167,-158.0667,90
38.7550,-109.7542,210
37.9272,-100.7247,180
39.1353,-96.6778,150
33.5872,-85.8556,290
38.7667,-104.3000,80
43.1953,-71.5011,40
40.9167,-81.4333,60
35.0311,-85.2014,10
27.7839,-97.5108,100
41.0136,-83.6686,50
47.9742,-117.4283,160
58.3567,-134.5639,140
48.0944,-105.5744,50
39.1667,-76.6833,50
38.0494,-103.5122,240
47.3258,-106.9475,10
31.9433,-102.1889,160
27.4014,-82.5586,140
43.1111,-76.1039,340
64.5111,-165.4400,20
34.2097,-118.4892,160
40.7939,-73.1017,40
35.6169,-106.0889,220
46.8369,-92.2097,190
42.5950,-87.9381,100
48.6033,-112.3753,90
43.5950,-118.9564,270
41.3931,-70.6150,360
39.7556,-82.6572,60
31.5356,-84.1944,50
71.2833,-156.7814,20
42.6650,-83.4181,50
40.1764,-80.6472,10
42.3811,-122.8722,310
34.7675,-114.6189,180
36.6206,-116.0278,230
42.5844,-110.1075,330
46.0261,-91.4442,200
34.4978,-82.7097,300
29.5189,-95.2417,160
46.4794,-84.3572,130
34.5583,-98.4172,170
33.9481,-83.3275,170
34.2622,-88.7714,30
41.1214,-100.6694,20
31.2819,-89.2531,330
42.9333,-71.4383,40
35.0678,-77.0481,300
36.7725,-90.3247,30
39.2447,-102.2842,110
37.8892,-121.2258,290
61.2169,-149.8550,290
33.9753,-117.6361,250
34.6719,-82.8864,360
25.6475,-80.4331,140
38.8761,-98.8092,140
60.7850,-148.8389,160
48.1203,-123.4983,310
45.9647,-112.5006,290
7.4500,151.8333,300
30.3567,-95.4139,40
32.5722,-116.9794,310
41.7872,-111.8533,310
31.3558,-85.7511,350
43.2119,-90.1814,120
38.3083,-75.1239,40
36.7800,-119.7194,290
35.6542,-105.1419,240
29.6381,-95.2819,160
37.2353,-93.4003,130
36.8781,-91.9025,60
38.9286,-90.4281,80
47.4933,-122.2144,170
31.4208,-110.8458,220
33.6800,-117.8664,230
33.9786,-98.4928,150
43.9042,-92.4917,150
37.7608,-99.9683,170
35.9461,-112.1547,230
38.8169,-92.2183,240
37.6928,-121.8144,330
40.7083,-84.0267,50
37.3208,-79.2067,50
61.1781,-149.9664,200
46.9733,-122.9033,250
66.9161,-151.5089,50
41.6875,-69.9933,360
38.5050,-107.8975,230
37.3278,-95.5042,180
36.9261,-111.4478,50
30.1250,-93.2158,60
37.6544,-97.4425,160
34.6081,-79.0592,150
41.6117,-90.5808,130
40.7794,-73.8803,50
41.8756,-71.0211,360
38.5039,-122.8103,330
36.4486,-103.1539,250
33.6300,-84.4417,340
34.9000,-76.8833,310
36.9839,-77.0075,250
41.5631,-83.4764,80
31.1828,-90.4708,330
39.1019,-121.5678,150
25.9156,-97.4186,120
32.5428,-93.7450,100
36.6239,-87.4194,340
42.1469,-121.7242,330
41.7781,-80.6958,60
31.3928,-92.2956,70
40.8217,-72.8689,40
45.1947,-123.1339,260
45.6906,-118.8528,280
45.7881,-111.1608,340
35.9508,-85.0814,40
35.1442,-111.6664,220
45.0133,-84.7014,220
66.8667,-162.6333,50
58.6794,-156.6294,190
43.5331,-84.0797,40
36.3333,-119.9500,320
33.9706,-80.9958,170
26.1969,-80.1708,150
36.7683,-96.0261,160
9.4833,138.0833,50
38.1417,-76.4292,10
35.4319,-82.5375,350
29.9506,-94.0206,350
38.2900,-104.4983,110
30.2333,-81.6667,220
33.6361,-91.7556,50
42.1128,-92.9175,160
26.6847,-80.0994,190
40.6675,-89.6839,80
7.3333,134.4833,140
44.5228,-114.2150,330
40.8289,-115.7886,210
42.4700,-71.2894,50
40.6331,-93.9019,150
46.9208,-114.0925,10
37.6542,-122.1150,280
34.7336,-76.6606,200
40.0972,-92.5433,130
40.9706,-85.2064,90
36.7414,-104.5022,200
44.6500,-73.4667,350
47.5303,-122.3008,190
34.7272,-92.2389,80
43.2339,-75.4117,10
35.5144,-108.7939,230
33.4617,-80.8581,360
31.7800,-103.2017,160
42.9550,-87.9044,140
41.8706,-103.5931,20
40.9611,-98.3136,140
37.5050,-77.3203,30
41.4914,-120.5644,270
29.5622,-91.5256,220
42.1578,-72.7161,360
34.1167,-119.1167,190
46.9006,-95.0678,160
32.3367,-90.2214,60
42.7461,-86.0967,240
47.1686,-88.4889,180
44.2667,-71.2994,300
30.0481,-102.2131,160
39.3667,-75.0667,50
32.4506,-93.8411,130
34.1853,-79.7239,160
26.1522,-81.7753,130
32.8547,-109.6353,290
44.1278,-123.2206,220
46.4167,-86.6500,200
34.6439,-86.7861,290
41.6686,-70.2800,10
41.1519,-104.8061,250
35.2325,-75.6219,210
41.5333,-71.2833,30
36.9358,-121.7886,240
45.5464,-100.4078,180
47.9078,-122.2803,200
44.6381,-90.1875,130
43.5878,-96.7289,170
39.9914,-82.8808,110
37.6197,-122.3647,270
38.5911,-92.1558,110
41.6264,-80.2150,50
42.2314,-83.3308,50
41.1783,-78.8989,60
38.9503,-95.6639,140
32.3336,-104.2581,160
42.8939,-85.5447,100
42.9203,-112.5711,260
36.5728,-79.3361,60
44.3814,-100.2856,10
37.3169,-79.9742,320
44.4983,-88.1111,150
43.6264,-72.3047,100
21.9839,-159.3405,50
46.8706,-68.0172,110
48.5614,-93.3981,140
35.0564,-89.9864,60
42.0800,-80.1825,50
30.7044,-87.0231,200
42.5417,-113.7661,290
42.7611,-87.8136,150
30.6794,-88.2397,140
36.9033,-76.1922,310
41.7219,-71.4325,10
41.1583,-73.1289,60
26.9172,-81.9914,150
37.3592,-121.9239,290
36.3689,-92.4703,130
43.3500,-73.6167,40
31.1500,-92.9667,340
45.4622,-69.5953,90
60.1283,-149.4167,160
39.0083,-95.2117,120
64.8039,-147.8761,20
42.2706,-71.8731,50
47.6217,-117.5281,210
43.5667,-116.2406,250
39.5703,-104.8489,260
39.4900,-121.6183,140
48.5222,-123.0231,210
37.3711,-118.3581,150
43.9922,-76.0217,360
33.9381,-118.3889,260
42.7972,-105.3856,270
42.7267,-114.4564,260
39.0431,-84.6717,50
41.7636,-96.1778,160
47.6831,-117.3214,220
36.0394,-95.9844,170
41.7806,-122.4717,10
41.7861,-87.7522,70
44.2558,-121.1392,320
39.1033,-84.4189,50
40.8731,-81.8867,90
32.7667,-97.4500,140
37.2847,-120.5128,320
45.6478,-68.6925,60
60.4889,-145.4511,160
32.1314,-110.9553,260
18.2550,-65.6408,90
32.8192,-97.3614,130
28.4736,-82.4544,270
35.6575,-109.0614,260
42.7172,-71.1239,30
29.2733,-94.8592,180
41.8056,-107.1997,240
13.4836,144.7961,70
62.9575,-155.6103,40
31.4000,-93.2833,20
40.6044,-98.4272,160
46.5683,-120.5428,300
38.3794,-81.5900,340
36.9878,-120.1106,300
30.7439,-95.5861,350
41.2433,-76.9217,350
47.3864,-92.8389,160
44.0219,-82.7931,160
39.3756,-99.8297,150
34.8822,-95.7831,220
38.0408,-84.6058,30
45.0717,-83.5644,130
36.0719,-115.1633,190
46.7439,-117.1086,240
41.5339,-93.6531,160
32.2997,-86.4075,170
28.1011,-80.6439,310
32.6808,-96.8681,140
38.3000,-76.4167,40
35.2578,-113.9331,230
29.7036,-98.0281,190
45.6208,-122.6572,330
41.3497,-71.7989,20
33.8719,-117.9789,210
38.8853,-79.8528,330
34.8461,-82.3461,300
43.8789,-91.2528,170
33.8281,-116.5053,340
42.8783,-100.5500,280
45.8258,-119.2611,280
27.5000,-97.8167,150
27.7628,-82.6261,140
40.0781,-83.0781,50
59.2433,-135.5094,140
45.0319,-102.0192,320
36.9500,-76.2833,280
45.0619,-93.3508,150
27.6531,-80.2428,110
36.6950,-76.1356,270
59.4556,-135.3239,210
47.0339,-120.5303,310
41.3119,-105.6747,260
39.1342,-108.5400,310
39.4203,-83.8217,30
33.9519,-117.4386,270
26.1839,-98.2539,110
31.2361,-94.7544,80
37.0872,-84.0769,10
40.1519,-122.2536,310
30.9119,-102.9167,160
33.3633,-84.5658,330
40.8500,-74.0614,30
33.4536,-94.0075,140
36.0969,-79.9433,100
40.6508,-75.4492,30
43.2389,-123.3547,330
41.9856,-97.4353,160
37.4389,-105.8614,260
43.3497,-76.3847,30
39.4167,-118.7167,320
41.3461,-82.1794,70
42.0647,-104.1528,30
32.4833,-80.7167,310
40.7789,-73.9692,50
33.2194,-117.3494,240
40.0489,-107.8853,240
46.4267,-105.8825,330
29.6919,-82.2756,200
30.3433,-89.8222,320
35.2100,-99.1200,180
39.9369,-91.1919,150
43.7694,-87.8506,180
37.6703,-95.4842,180
38.8100,-104.6883,160
40.3300,-75.1225,30
29.7333,-85.0333,180
34.1231,-84.8486,190
45.2486,-122.7686,180
60.7850,-161.8292,220
35.2236,-80.9553,240
44.5444,-110.4211,290
39.9061,-84.2186,30
39.5514,-97.6508,160
33.8117,-118.1464,210
42.4092,-83.0100,70
56.6000,-169.5650,220
41.6764,-70.9583,20
34.8994,-120.4486,290
43.1561,-90.6775,200
43.4075,-94.7461,170
37.5908,-83.3131,360
32.8978,-97.0189,120
39.2953,-114.8467,250
40.3161,-78.8339,60
34.8831,-82.2203,160
45.5406,-122.9486,160
38.1811,-85.7392,160
47.4667,-87.8833,250
41.3275,-72.0494,20
41.7803,-124.2367,330
35.2333,-101.7089,170
37.4058,-122.0481,350
36.5881,-121.8453,220
41.7419,-72.1836,20
19.7192,-155.0531,30
55.5800,-133.0750,200
43.9636,-69.7117,40
33.9486,-81.1186,310
33.6228,-111.9106,180
43.9658,-107.9508,270
31.4583,-109.6061,280
24.5550,-81.7522,120
40.8508,-96.7475,140
34.6294,-118.0836,280
39.3450,-81.4392,360
46.5311,-87.5483,180
39.2231,-106.8683,200
38.3650,-82.5550,50
30.5108,-99.7664,170
37.7797,-89.2497,30
37.9406,-75.4631,50
48.7939,-122.5372,160
36.2606,-76.1750,280
39.6014,-116.0056,20
29.6333,-83.1053,240
34.0500,-94.4008,130
41.5272,-85.7922,100
48.2553,-101.2733,360
38.2281,-85.6636,80
46.9253,-96.8111,130
31.9206,-102.3867,200
40.2964,-78.3203,10
44.5344,-72.6144,350
36.8167,-76.0333,60
36.0236,-84.2375,280
42.6958,-73.1708,120
28.8208,-81.8097,130
37.0683,-88.7719,30
30.4781,-87.1869,170
38.5069,-121.4950,230
41.6236,-98.9517,310
39.4519,-87.3089,100
41.5886,-83.8014,50
34.2006,-118.3575,190
32.8158,-117.1394,230
37.1681,-97.0369,160
37.2833,-102.6139,180
41.6267,-73.8842,20
36.0167,-102.5500,160
30.4119,-89.0808,100
26.5361,-81.7550,220
45.6983,-110.4408,210
38.7642,-87.6056,50
40.6161,-83.0636,60
38.8500,-94.7392,150
55.2208,-162.7325,170
28.0836,-97.0464,130
36.1189,-86.6892,290
37.1319,-76.4930,150
41.0467,-78.4117,30
62.1592,-145.4589,140
42.5519,-71.7558,360
42.1094,-77.9919,40
40.3667,-75.9667,40
40.2064,-100.5914,10
45.2575,-112.5545,220
47.3978,-120.2014,290
32.3206,-90.0778,10
38.3406,-75.5103,360
35.2578,-93.0947,90
32.7817,-98.0603,170
36.9647,-86.4239,60
35.8550,-77.8931,260
33.2061,-97.1989,160
44.0433,-103.0536,290
41.1014,-102.9847,190
39.9181,-76.8742,50
33.6542,-101.8136,150
39.0725,-95.6261,120
32.3347,-88.7442,320
34.9914,-78.8803,250
29.3600,-99.1742,160
35.8922,-78.7819,240
15.1167,145.7167,80
38.8483,-77.0342,60
43.5164,-112.0672,190
29.1097,-95.4619,190
43.1072,-78.9453,50
41.9381,-72.6825,30
38.1386,-78.4530,50
38.9408,-77.4636,20
43.7667,-98.0333,160
35.5342,-97.6469,190
41.5092,-74.2650,40
32.7800,-79.9319,180
38.4167,-113.0167,210
48.2138,-106.6213,50
41.2003,-74.6231,20
46.3583,-104.2500,310
40.0819,-75.0111,50
34.0158,-118.4514,230
66.0689,-162.7639,360
31.3711,-100.4922,170
32.8342,-115.5786,270
40.1203,-76.2944,40
34.9869,-81.0575,240
43.1711,-86.2367,360
41.4131,-81.8600,30
32.6500,-114.6167,260
47.7472,-90.3444,60
30.3208,-97.7603,160
39.6092,-110.7547,230
40.4847,-80.2144,10
41.7700,-88.4814,170
40.7342,-73.4169,50
41.4653,-90.5233,150
33.1803,-96.5903,150
35.6567,-95.3614,160
40.9017,-117.8081,220
45.6308,-89.4653,220
46.9258,-98.6692,170
33.2208,-92.8142,50
28.4339,-81.3250,100
35.3889,-97.6006,180
28.8614,-96.9303,150
29.9933,-90.2511,20
21.3239,-157.9294,30
48.3500,-122.6667,220
44.9319,-93.0556,160
35.7425,-81.3819,20
42.5700,-72.2911,30
34.7917,-79.3661,320
42.1908,-71.1736,40
39.8447,-89.6839,100
35.0169,-80.6206,250
41.0669,-73.7075,350
36.1336,-80.2222,90
32.9733,-97.3181,160
42.5906,-117.8644,260
39.4019,-77.9844,30
35.1350,-90.2344,20
