45.8981,-86.5483,225
46.2314,-112.1136,330
39.4206,-79.0050,350
47.2753,-88.4169,210
40.1100,-87.9567,45
47.6497,-120.0800,50
39.7506,-92.5064,270
30.5347,-94.4456,20
41.8161,-80.4250,40
41.0103,-103.8769,270
39.7750,-105.1169,210
47.2919,-88.4208,129
40.5764,-105.0858,79
39.7194,-76.8028,50
45.6656,-97.0392,225
44.4933,-68.4583,45
34.6242,-106.3103,260
35.1375,-77.9892,179
34.2183,-116.4072,240
34.1206,-115.8500,203
45.4525,-99.3358,180
47.0083,-88.4317,90
41.7392,-77.9711,30
39.0733,-93.7075,45
39.6442,-74.8072,0
40.9656,-105.2186,320
61.2967,-149.4400,270
39.1439,-103.4897,180
40.8600,-102.8031,270
48.0750,-111.2597,135
48.9981,-110.2158,93
40.6558,-97.2208,150
35.0761,-89.7430,5
41.2847,-105.5319,270
