40.6825,-74.1694,1
44.8664,-91.4878,1
37.6242,-120.9506,1
45.5406,-122.9486,1
39.0431,-84.6717,1
32.5161,-84.9422,1
33.2194,-117.3494,1
34.2622,-88.7714,1
36.4731,-82.4044,1
31.3214,-85.4497,1
35.0564,-89.9864,1
40.7833,-91.1253,1
35.4319,-82.5375,1
38.3794,-81.5900,1
38.7525,-90.3736,1
43.9658,-107.9508,1
33.8750,-84.3022,1
36.1189,-86.6892,1
15.1167,145.7167,1
33.2119,-87.6161,1
41.3119,-105.6747,1
39.7078,-77.7297,1
61.1781,-149.9664,1
31.3089,-86.3939,1
36.7683,-96.0261,1
33.8117,-78.7239,1
39.6428,-79.9164,1
44.5344,-72.6144,1
36.6239,-87.4194,1
44.3394,-105.5419,1
48.6033,-112.3753,1
45.0717,-83.5644,1
37.0683,-88.7719,1
38.8483,-77.0342,1
41.8706,-103.5931,1
37.0872,-84.0769,1
33.4617,-80.8581,1
39.4781,-88.2803,1
38.5050,-107.8975,1
39.3450,-81.4392,1
32.7100,-96.2672,1
46.6056,-111.9636,1
33.5872,-85.8556,1
42.7267,-114.4564,1
30.6794,-88.2397,1
32.5722,-116.9794,1
38.3650,-82.5550,1
44.4683,-73.1500,1
48.5614,-93.3981,1
31.2361,-94.7544,1
36.0719,-115.1633,1
29.9933,-90.2511,1
38.1811,-85.7392,1
38.0442,-87.5206,1
36.0097,-94.1694,1
41.4333,-99.6333,1
43.2119,-90.1814,1
33.1281,-117.2794,1
33.9481,-83.3275,1
26.1839,-98.2539,1
36.9647,-86.4239,1
41.6328,-91.5431,1
38.5714,-90.1572,1
40.4422,-109.5144,1
43.9844,-88.5569,1
32.8342,-115.5786,1
38.6956,-121.5897,1
38.2281,-85.6636,1
47.6217,-117.5281,1
30.0675,-95.5561,1
44.6500,-73.4667,1
32.1314,-110.9553,1
25.9069,-80.2803,1
44.9050,-123.0011,1
34.2167,-119.0833,1
38.1386,-78.4530,1
32.4506,-93.8411,1
33.9753,-117.6361,1
34.0500,-94.4008,1
43.7331,-103.6114,1
34.4272,-100.2831,1
