34.4397,-99.1375,272
44.0708,-93.5264,172
34.5872,-99.3381,261
36.3925,-89.0317,306
34.5289,-97.7647,261
35.1489,-98.4658,267
31.3625,-85.3397,244
44.9847,-93.1772,178
35.8819,-83.9572,228
34.1925,-86.7972,233
31.2353,-88.9186,256
30.7342,-85.0306,-178
45.6750,-111.1550,183
32.8978,-90.8853,294
35.8417,-98.5261,233
36.1903,-99.0403,233
31.3706,-100.4942,256
35.6528,-96.8042,222
35.2358,-97.4647,261
35.5461,-99.7278,222
47.0575,-109.9514,167
35.3736,-83.7006,172
41.8161,-80.4250,178
36.7481,-98.3628,239
35.1228,-99.3600,250
36.5994,-89.9894,178
34.9142,-98.2922,233
46.7281,-116.9558,206
32.4714,-87.2314,261
36.7542,-97.2544,244
33.9208,-96.3203,244
36.4231,-99.4167,217
34.6856,-99.8333,256
40.4750,-86.9919,178
34.1936,-97.5881,239
35.2006,-103.6867,211
33.2422,-103.3611,239
38.9422,-92.3200,233
33.4311,-90.9108,261
36.4119,-97.6939,239
36.1167,-97.6067,250
45.5900,-95.8744,161
36.0908,-106.0567,200
44.2394,-95.3153,167
31.0383,-85.8708,283
34.5519,-96.7178,256
34.1864,-90.5572,261
36.3444,-88.8636,228
34.7392,-90.7664,244
35.2722,-97.9553,244
34.9897,-99.0528,261
35.8542,-97.9544,256
29.6211,-96.3661,278
34.8358,-99.4239,250
36.1472,-97.2858,250
31.9461,-90.3775,222
32.4219,-93.6381,267
45.4825,-120.7236,256
34.5658,-96.9503,272
34.1922,-97.0858,261
36.3842,-98.1114,244
36.0642,-97.2128,261
39.3925,-101.0689,211
35.7197,-86.9653,222
36.8314,-99.6411,222
35.9986,-97.0481,261
36.9869,-99.0108,217
34.3086,-95.9969,228
36.7256,-99.1422,222
40.4719,-74.4364,172
41.4439,-86.9294,183
34.6089,-96.3331,233
39.4708,-87.4081,289
40.0739,-87.5067,206
34.4744,-91.4172,228
34.7156,-97.2292,261
39.4833,-83.8500,183
34.9678,-97.9519,256
38.7386,-87.4878,206
36.0286,-99.3464,222
35.5419,-97.3414,267
33.3867,-97.7164,244
35.9328,-88.7267,211
34.3997,-98.3458,239
33.8936,-97.2692,272
34.7292,-98.5694,239
35.4017,-99.0583,233
40.7833,-81.9167,156
34.9819,-97.5208,250
34.6892,-86.8819,239
34.7986,-96.6692,261
36.1208,-97.0953,261
36.0719,-99.9031,217
32.8986,-80.0403,256
36.1056,-82.8436,239
39.7194,-76.8028,172
39.8058,-90.8236,200
34.7281,-90.3683,256
36.8981,-96.9103,239
63.9647,-145.1050,50
44.6342,-123.1900,194
38.4931,-88.9703,217
42.1397,-87.7853,183
41.6661,-111.8914,144
34.2392,-98.7444,261
35.6872,-90.0964,239
40.7928,-87.7556,139
35.1714,-96.6311,267
34.8083,-98.0233,250
34.0356,-96.9433,239
34.3325,-96.6789,239
35.1867,-102.0797,217
30.5497,-84.5836,250
63.9033,-152.2817,61
39.3669,-101.7000,189
41.1453,-85.4897,156
33.7092,-93.5564,233
35.0322,-97.9144,267
34.1678,-97.9883,261
35.8989,-98.9603,233
40.1100,-87.9567,161
30.5467,-87.8808,261
44.8831,-85.6753,178
35.4842,-98.4814,250
35.0708,-96.3561,267
35.4139,-86.8086,217
42.0208,-93.7742,178
34.8219,-89.4347,156
35.6214,-88.8456,233
35.5083,-98.7750,228
35.5483,-98.0364,217
43.2828,-123.3536,217
31.8769,-105.2369,283
35.3647,-96.9481,239
32.2061,-90.5133,278
36.2633,-98.4975,244
36.6897,-108.3086,144
34.8494,-97.0031,256
35.8489,-97.4797,261
38.5350,-121.7761,272
35.1297,-89.8036,250
34.5989,-103.2161,178
40.8142,-85.1547,156
33.4692,-88.7822,267
35.5914,-99.2706,233
40.2539,-85.1483,183
38.5200,-89.8467,222
34.1647,-88.7239,222
36.3558,-97.1531,244
36.0147,-85.1314,189
33.8103,-91.2778,228
32.0997,-91.7022,267
34.2281,-97.2014,233
41.0267,-86.5867,206
35.2050,-99.8033,239
36.4711,-86.8414,228
36.7925,-97.7458,239
34.7675,-106.7611,222
40.9361,-90.7197,194
36.7081,-98.7094,228
35.1131,-89.2122,267
