43.8544,-116.4664,361
43.9794,-117.0247,206
40.1100,-87.9567,222
41.1453,-85.4897,183
33.8083,-79.8567,311
47.0575,-109.9514,217
33.2564,-81.2422,233
34.1944,-79.2472,256
41.8161,-80.4250,194
40.4750,-86.9919,178
32.7547,-104.3836,217
34.2183,-81.0731,267
42.7831,-71.4147,211
37.1317,-86.1481,267
37.8194,-85.3847,261
42.1397,-87.7853,206
28.4575,-97.7061,350
64.1539,-145.8894,89
44.4933,-68.4583,150
40.4719,-74.4364,183
62.1925,-150.5033,117
37.0683,-88.7725,233
46.8706,-68.0172,189
38.4558,-86.6983,256
40.2233,-86.1086,244
44.9847,-93.1772,217
34.4719,-81.8839,272
35.6214,-88.8456,283
32.3500,-94.6500,317
37.9311,-98.0297,233
40.0739,-87.5067,228
39.4833,-83.8500,256
42.2947,-83.7108,189
34.7289,-80.0389,278
37.1244,-87.8672,172
38.4661,-101.7758,239
39.4708,-87.4081,267
27.7792,-97.5056,283
38.7003,-82.4736,267
39.4700,-80.8572,239
38.7386,-87.4878,256
28.7156,-97.1742,256
41.0267,-86.5867,189
34.1419,-80.8700,250
35.6042,-91.2744,233
45.0853,-67.1203,161
38.5200,-89.8467,233
38.8894,-86.5519,239
64.9156,-148.2711,28
42.3806,-96.9575,228
32.2822,-106.7597,333
41.4439,-86.9294,206
40.7928,-87.7556,189
47.6811,-117.6267,200
33.7775,-81.8467,261
40.9361,-90.7197,217
36.1306,-80.5481,261
32.5133,-92.3486,289
44.8831,-85.6753,194
40.2539,-85.1483,239
32.9206,-86.6708,289
46.3414,-86.9242,161
38.3139,-81.7186,217
36.7578,-90.4056,239
28.8608,-97.0181,294
40.8142,-85.1547,172
37.9931,-100.8122,222
37.1167,-84.6167,206
44.5208,-101.6192,200
36.5914,-101.6181,294
20.7583,-156.3211,250
