32.6500,-114.6167,1
34.8822,-95.7831,1
32.5722,-116.9794,1
39.7333,-77.4333,1
43.5164,-112.0672,1
34.4258,-119.8425,1
34.0511,-118.2353,1
39.5703,-104.8489,1
40.4847,-80.2144,1
44.3853,-74.2067,1
34.0500,-94.4008,1
38.3650,-82.5550,1
38.9408,-77.4636,1
33.2119,-87.6161,1
39.9444,-81.8922,1
34.6294,-118.0836,1
33.8750,-84.3022,1
36.6239,-87.4194,1
35.5931,-88.9167,1
32.9733,-97.3181,1
31.3347,-92.5586,1
44.6381,-90.1875,1
33.9381,-118.3889,1
38.1811,-85.7392,1
26.0719,-80.1536,1
33.6800,-117.8664,1
38.8853,-79.8528,1
32.8342,-115.5786,1
45.5433,-94.0514,1
40.4719,-81.4236,1
40.6508,-75.4492,1
41.2433,-76.9217,1
34.2167,-119.0833,1
34.2900,-93.0600,1
35.2578,-93.0947,1
32.8158,-117.1394,1
21.3167,-158.0667,1
13.4836,144.7961,1
47.6831,-117.3214,1
26.1839,-98.2539,1
37.6928,-121.8144,1
37.0683,-88.7719,1
33.4964,-90.0867,1
35.0564,-89.9864,1
44.4983,-88.1111,1
37.0872,-84.0769,1
34.0158,-118.4514,1
29.9506,-94.0206,1
37.6242,-120.9506,1
33.8117,-118.1464,1
32.5156,-92.0406,1
37.7608,-99.9683,1
32.7100,-96.2672,1
34.3622,-98.9761,1
38.2281,-85.6636,1
33.1281,-117.2794,1
36.5881,-121.8453,1
31.1828,-90.4708,1
34.5467,-93.5781,1
35.9508,-85.0814,1
41.9922,-93.6217,1
35.7425,-81.3819,1
34.8994,-120.4486,1
35.4319,-82.5375,1
39.0083,-95.2117,1
30.3567,-95.4139,1
38.8483,-77.0342,1
36.9647,-86.4239,1
29.6919,-82.2756,1
44.8322,-93.4706,1
38.1847,-84.9033,1
33.8719,-117.9789,1
41.5886,-83.8014,1
48.5614,-93.3981,1
30.2050,-91.9875,1
30.5372,-91.1469,1
41.7803,-124.2367,1
33.4536,-94.0075,1
44.3592,-84.6739,1
33.9753,-117.6361,1
33.3633,-84.5658,1
31.3089,-86.3939,1
41.1783,-78.8989,1
36.2606,-76.1750,1
36.7725,-90.3247,1
36.8781,-91.9025,1
30.1250,-93.2158,1
41.3325,-122.3328,1
39.7078,-77.7297,1
40.9167,-81.4333,1
35.9461,-112.1547,1
47.6217,-117.5281,1
43.9844,-88.5569,1
33.2194,-117.3494,1
40.3161,-78.8339,1
40.6044,-98.4272,1
36.9033,-76.1922,1
32.1300,-81.2100,1
43.7331,-103.6114,1
44.7978,-68.8186,1
43.3436,-72.5178,1
36.4731,-82.4044,1
40.2964,-78.3203,1
32.8667,-117.1333,1
44.9258,-89.6256,1
28.0836,-97.0464,1
36.3689,-92.4703,1
45.2575,-112.5545,1
40.7939,-73.1017,1
