-42.6044,146.7064,3
-35.6724,147.0361,2
48.5011,-92.6444,5
45.6622,-111.0453,2
-37.8631,145.7428,4
33.7392,-88.1275,4
18.1725,-66.9872,3
18.3964,-66.9244,4
-24.2914,131.5488,3
-36.8756,147.2886,4
-18.6508,146.2047,5
21.3933,-157.9750,6
-35.2078,138.6496,2
-31.0164,115.3300,2
35.5325,-90.6872,2
42.2147,-91.5222,3
43.7053,-72.2856,2
-34.4878,117.6278,3
-35.8903,136.8606,4
19.6328,-155.0339,4
-41.9933,145.5725,7
40.7442,-115.4855,4
40.2842,-109.8611,4
41.7967,-92.0708,3
42.2864,-94.1664,3
45.6778,-121.8736,5
40.4175,-84.9925,2
37.5333,-82.5833,2
36.8550,-86.8883,2
39.4931,-96.1758,3
-36.4722,148.6232,3
47.8092,-122.9136,4
44.8667,-111.3392,14
19.5336,-155.9258,3
-41.4406,146.1228,2
35.1086,-103.3283,2
-42.9742,147.2950,3
39.8789,-106.3333,5
32.8339,-108.5047,2
-41.7953,145.4392,2
-35.0266,138.7133,4
34.8814,-82.7189,3
46.1281,-85.5697,4
-35.0960,138.7887,4
45.4339,-108.5361,2
46.0044,-102.6472,5
33.4594,-104.4042,5
-32.8183,117.1800,4
