34.7436,-118.7242,90
40.0228,-82.4625,60
43.5878,-96.7289,150
45.2486,-122.7686,20
41.5886,-83.8014,50
40.0397,-88.2778,300
43.2781,-70.9222,340
36.1189,-86.6892,10
35.2333,-101.7089,290
29.3600,-99.1742,140
25.6475,-80.4331,270
31.2819,-89.2531,320
29.7036,-98.0281,150
48.7939,-122.5372,200
30.4636,-88.5319,170
33.5872,-85.8556,40
36.0097,-94.1694,190
42.8050,-72.0036,10
38.8761,-98.8092,210
40.2383,-75.5572,230
36.0969,-79.9433,170
38.9597,-94.3714,200
30.7167,-87.0167,120
31.8111,-106.3758,10
30.4000,-86.4717,310
35.6567,-95.3614,190
40.5100,-101.6200,340
37.9272,-100.7247,10
38.5050,-107.8975,310
33.6542,-101.8136,360
21.1544,-157.0961,120
38.0653,-97.8606,180
32.1314,-110.9553,350
56.6000,-169.5650,50
41.5333,-71.2833,40
30.7825,-83.2767,40
37.3592,-121.9239,320
30.5892,-96.3647,160
38.7525,-90.3736,120
39.8328,-104.6575,120
39.3792,-74.4242,220
47.4444,-122.3139,40
32.3336,-104.2581,10
43.9906,-70.9475,320
47.7472,-90.3444,60
30.3361,-81.5147,60
32.1300,-81.2100,110
33.4964,-90.0867,200
48.4608,-119.5167,360
33.3644,-81.9633,190
42.3811,-122.8722,350
21.3167,-158.0667,140
47.2078,-119.3192,190
39.1353,-96.6778,40
29.2733,-94.8592,170
32.7800,-79.9319,100
37.7064,-112.1456,310
44.7978,-68.8186,340
33.2367,-107.2681,190
46.3747,-117.0156,80
36.6239,-87.4194,360
43.4075,-94.7461,100
32.5722,-116.9794,270
41.2544,-80.6739,20
36.9500,-76.2833,120
41.7872,-111.8533,340
37.5050,-77.3203,210
35.6875,-117.6931,40
36.2117,-115.1958,110
36.2833,-94.3000,170
36.0167,-102.5500,270
58.6794,-156.6294,210
36.6636,-121.6081,310
42.5544,-92.4011,290
30.4119,-89.0808,160
42.5842,-70.9175,80
33.8281,-116.5053,320
28.4339,-81.3250,240
37.3169,-79.9742,120
62.9614,-141.9292,200
29.7333,-85.0333,200
43.7667,-98.0333,310
40.7939,-73.1017,210
45.8069,-108.5422,270
38.0494,-103.5122,100
42.4933,-79.2722,350
39.9492,-74.8417,230
30.7797,-86.5225,20
40.3667,-75.9667,300
38.8500,-94.7392,170
32.4833,-80.7167,100
47.0339,-120.5303,320
40.0681,-118.5692,30
46.8369,-92.2097,220
44.8428,-117.8086,240
42.7461,-86.0967,150
39.6092,-110.7547,300
37.3208,-79.2067,180
38.8983,-119.9947,40
27.6531,-80.2428,290
37.0911,-95.5664,160
42.8975,-106.4636,270
37.6542,-122.1150,300
27.5333,-99.4667,130
35.2578,-93.0947,120
36.3333,-119.9500,30
33.3633,-84.5658,350
35.8181,-83.9858,320
42.4700,-71.2894,140
31.5356,-84.1944,350
46.9728,-123.9303,270
40.7833,-91.1253,20
41.5097,-72.8278,300
35.0678,-77.0481,130
48.5222,-123.0231,220
45.0717,-83.5644,110
45.5114,-118.4247,10
41.7781,-80.6958,350
40.3547,-79.9217,100
40.4847,-80.2144,80
40.9167,-81.4333,40
31.3928,-92.2956,130
40.0803,-95.5919,310
34.6719,-82.8864,280
35.3331,-94.3625,70
8.7333,167.7333,10
39.1667,-76.6833,110
43.2339,-75.4117,310
34.9883,-117.8647,230
45.5406,-122.9486,340
29.3331,-89.4075,200
33.1281,-117.2794,250
39.8683,-75.2311,190
31.3711,-100.4922,180
36.0719,-115.1633,70
34.0500,-94.4008,200
28.8614,-96.9303,180
30.8356,-85.1839,280
30.3975,-84.3289,20
40.8203,-82.5178,130
38.0408,-84.6058,300
27.5000,-97.8167,140
32.4106,-99.6822,130
39.1333,-86.6167,270
59.4433,-151.7017,180
36.4486,-103.1539,310
33.9706,-80.9958,40
46.5683,-120.5428,320
42.2347,-85.5519,180
41.9381,-72.6825,290
31.9433,-102.1889,140
37.7608,-99.9683,210
41.1214,-100.6694,340
44.5483,-95.0803,220
44.9258,-89.6256,150
35.6697,-120.6283,200
40.4953,-107.5211,260
47.3258,-106.9475,290
70.2117,-151.0017,340
37.7461,-97.2211,180
38.8169,-92.2183,190
36.5728,-79.3361,190
18.4325,-66.0108,70
42.8375,-103.0953,310
44.8664,-91.4878,130
40.7083,-84.0267,130
38.8000,-97.6500,350
40.4719,-81.4236,100
38.0511,-117.0903,20
33.2208,-92.8142,200
39.9061,-84.2186,50
41.7700,-88.4814,270
33.6186,-114.7142,200
30.9119,-102.9167,150
41.9950,-87.9336,140
43.4133,-124.2436,350
41.3325,-122.3328,290
40.6331,-93.9019,350
45.6689,-96.9914,280
43.5950,-118.9564,40
57.7511,-152.4856,40
44.8889,-116.1017,160
32.7100,-96.2672,170
36.0394,-95.9844,170
39.5264,-107.7264,260
32.8167,-115.6833,140
27.9106,-82.6875,270
41.1961,-112.0114,360
33.2194,-117.3494,240
35.6575,-109.0614,170
45.8258,-119.2611,360
41.1519,-104.8061,310
27.4014,-82.5586,230
34.3478,-85.1611,10
37.6544,-97.4425,170
7.3333,134.4833,290
41.1078,-92.4467,330
29.3389,-98.4719,130
42.4167,-87.8667,120
28.4567,-99.2183,130
32.8667,-117.1333,250
66.9161,-151.5089,20
39.1258,-123.2008,280
46.4794,-84.3572,230
57.0481,-135.3647,240
42.1094,-77.9919,330
40.4122,-86.9369,120
43.7694,-87.8506,150
26.5361,-81.7550,240
48.7167,-94.6000,200
33.8719,-117.9789,200
29.1828,-81.0483,260
22.0333,-159.7833,180
34.4978,-82.7097,320
40.2172,-76.8514,220
43.1711,-86.2367,220
33.6800,-117.8664,210
38.3650,-82.5550,100
38.0700,-102.6881,210
41.0467,-78.4117,340
42.7172,-71.1239,90
40.2064,-100.5914,360
35.9403,-89.8308,230
46.8706,-68.0172,250
41.9097,-70.7294,210
29.6381,-95.2819,160
33.4050,-118.4158,240
46.9733,-122.9033,30
41.3119,-105.6747,270
39.2775,-120.7103,270
41.2731,-111.0306,260
67.7317,-164.5483,20
32.4506,-93.8411,190
35.1967,-81.1558,130
32.8158,-117.1394,240
48.1203,-123.4983,280
33.8750,-84.3022,310
33.9786,-98.4928,150
40.8289,-115.7886,40
42.2706,-71.8731,40
45.0619,-93.3508,170
62.9575,-155.6103,50
31.3347,-92.5586,160
39.2231,-106.8683,330
44.0433,-103.0536,290
36.3189,-119.6289,320
71.2833,-156.7814,350
39.8250,-86.2958,290
39.1033,-84.4189,40
26.1969,-80.1708,260
41.9856,-97.4353,170
40.4422,-109.5144,50
39.6014,-116.0056,10
30.7406,-98.2353,180
43.3497,-76.3847,310
41.3461,-82.1794,30
35.2578,-113.9331,250
39.1208,-94.5969,200
40.7794,-73.8803,200
31.7800,-103.2017,130
41.6328,-91.5431,350
43.0661,-108.4767,280
25.9069,-80.2803,160
42.5519,-71.7558,210
30.2333,-81.6667,40
41.0136,-83.6686,80
40.8500,-74.0614,340
33.4278,-112.0039,170
42.3978,-90.7036,150
60.5797,-151.2392,200
41.8031,-78.6403,140
39.9914,-82.8808,50
60.4889,-145.4511,60
43.9042,-92.4917,110
35.0281,-110.7208,170
46.7439,-117.1086,230
34.6517,-112.4208,300
39.4781,-88.2803,350
42.1128,-92.9175,190
45.6983,-110.4408,260
30.3433,-89.8222,200
36.9878,-120.1106,290
39.2953,-114.8467,350
39.8233,-93.5792,20
39.6728,-75.6008,150
43.6497,-70.3003,150
44.8831,-93.2289,280
40.3300,-75.1225,20
42.7431,-73.8092,50
26.2281,-97.6542,150
44.7408,-85.5825,260
35.9508,-85.0814,290
43.1111,-76.1039,270
39.2972,-94.7306,190
42.1578,-72.7161,20
39.3644,-84.5247,350
33.1783,-86.7817,310
38.5000,-77.3000,190
32.8519,-96.8556,170
20.8997,-156.4286,40
42.5700,-72.2911,250
41.8056,-107.1997,250
44.5169,-108.0822,10
59.5119,-139.6711,170
41.9922,-93.6217,150
44.3592,-89.8369,180
64.5111,-165.4400,210
32.8547,-109.6353,330
36.9033,-76.1922,190
40.6825,-74.1694,170
43.5164,-112.0672,20
39.4519,-87.3089,200
47.2856,-68.3133,280
41.8706,-103.5931,340
61.1781,-149.9664,180
46.4167,-86.6500,190
35.6542,-105.1419,80
37.7081,-77.4344,180
42.6958,-73.1708,340
42.1208,-87.9047,110
39.3669,-101.7000,360
29.1097,-95.4619,170
38.2281,-85.6636,250
48.2138,-106.6213,280
45.6194,-121.1661,320
37.5908,-83.3131,320
48.3500,-122.6667,230
47.4667,-87.8833,210
41.9144,-88.2464,170
34.0511,-118.2353,270
66.0689,-162.7639,230
59.6419,-151.4908,260
38.3000,-76.4167,140
44.5444,-110.4211,270
70.6392,-159.9950,360
48.2553,-101.2733,230
44.5228,-114.2150,150
33.9228,-118.3342,260
40.2964,-78.3203,30
31.1500,-92.9667,240
42.7972,-105.3856,280
43.7331,-103.6114,270
39.7075,-86.2803,270
41.5944,-109.0528,260
38.6892,-75.3592,180
32.3347,-88.7442,320
34.0158,-118.4514,230
40.0489,-107.8853,270
41.8756,-71.0211,160
41.4131,-81.8600,30
6.9667,158.2167,250
31.8311,-104.8089,70
35.5931,-88.9167,90
37.3711,-118.3581,190
61.1689,-150.0278,150
42.6003,-123.3642,20
55.5800,-133.0750,180
44.0206,-117.0128,170
35.0564,-89.9864,240
39.2956,-80.2289,110
26.6847,-80.0994,220
38.8100,-104.6883,190
34.7000,-77.3833,110
34.2167,-119.0833,210
38.1386,-78.4530,140
39.7556,-82.6572,170
47.2381,-123.1408,120
41.2639,-72.8872,210
60.1283,-149.4167,170
7.4500,151.8333,260
32.6500,-114.6167,180
30.6794,-88.2397,230
42.5708,-77.7133,340
38.5911,-92.1558,190
42.1244,-86.4267,120
35.6169,-106.0889,130
30.3489,-85.7881,220
37.4389,-105.8614,130
35.1442,-111.6664,220
36.6817,-101.5053,260
38.1311,-91.7683,220
60.7850,-148.8389,140
28.1011,-80.6439,210
28.0622,-81.7542,290
46.9253,-96.8111,240
30.7439,-95.5861,210
38.3406,-75.5103,90
30.5372,-91.1469,250
26.1658,-97.3458,150
38.4167,-113.0167,360
43.9844,-88.5569,190
37.4058,-122.0481,350
36.9261,-111.4478,30
36.4731,-82.4044,230
40.1519,-122.2536,330
40.1203,-76.2944,210
43.9636,-69.7117,180
41.5092,-74.2650,270
35.0028,-105.6628,170
37.8892,-121.2258,290
41.6764,-70.9583,140
39.2292,-106.3169,210
45.0319,-102.0192,270
32.5428,-93.7450,220
41.2433,-76.9217,190
31.4000,-93.2833,240
36.9647,-86.4239,270
43.1953,-71.5011,350
29.9800,-95.3600,140
40.1936,-76.7633,90
28.7247,-96.2536,150
41.4914,-120.5644,20
27.9619,-82.5403,260
32.3542,-95.4025,200
32.2997,-86.4075,360
40.6044,-98.4272,340
28.4736,-82.4544,210
31.6072,-110.4281,170
34.7272,-92.2389,170
43.2389,-123.3547,360
41.6264,-80.2150,60
39.5936,-84.2264,60
36.8781,-91.9025,200
28.0836,-97.0464,150
27.7628,-82.6261,270
26.2500,-80.1083,150
64.8039,-147.8761,190
33.1803,-96.5903,150
70.1917,-148.4772,350
44.9358,-74.8458,240
41.2003,-74.6231,360
30.0675,-95.5561,130
35.5342,-97.6469,180
30.5108,-99.7664,130
32.6636,-97.0939,130
44.3206,-69.7972,330
44.1278,-123.2206,10
38.3083,-75.1239,220
35.9461,-112.1547,200
39.0725,-95.6261,160
42.3606,-71.0106,70
45.8183,-88.1144,150
44.3853,-74.2067,240
41.8833,-91.7167,350
38.2103,-122.2847,200
32.6847,-83.6528,340
42.8783,-100.5500,280
40.9706,-85.2064,110
41.6875,-69.9933,220
60.7850,-161.8292,230
36.2606,-76.1750,130
42.1928,-89.0931,160
35.2372,-120.6414,300
28.7797,-81.2436,220
26.5850,-81.8614,260
41.3931,-70.6150,210
27.7411,-98.0247,130
42.8914,-73.2469,280
42.4819,-114.4869,200
30.4844,-81.7019,50
47.3978,-120.2014,130
9.4833,138.0833,200
44.4983,-88.1111,140
36.7725,-90.3247,210
64.5500,-149.0717,60
37.6928,-121.8144,270
37.7797,-89.2497,100
40.0819,-75.0111,210
34.8831,-82.2203,300
47.9428,-97.1839,150
47.9078,-122.2803,360
39.9181,-76.8742,360
39.7333,-77.4333,210
41.3336,-75.7269,290
30.2050,-91.9875,220
39.4167,-118.7167,340
35.1350,-90.2344,190
34.5467,-93.5781,190
29.3783,-100.9269,110
31.8606,-86.0122,210
34.7411,-118.2117,240
32.3500,-91.0278,180
39.0431,-84.6717,320
39.7736,-94.9233,20
43.0206,-102.5183,280
38.9408,-77.4636,190
33.2061,-97.1989,150
42.0800,-80.1825,30
40.6161,-83.0636,140
40.8217,-72.8689,200
32.8342,-115.5786,160
37.3278,-95.5042,200
18.3331,-64.9667,130
36.6206,-116.0278,40
32.5161,-84.9422,270
32.3367,-90.2214,270
41.2531,-70.0608,220
33.6300,-84.4417,320
62.3200,-150.0950,160
26.1839,-98.2539,140
34.6081,-79.0592,100
45.6208,-122.6572,310
36.7800,-119.7194,300
39.1894,-103.7158,20
47.9742,-117.4283,230
36.1994,-95.8872,180
42.1469,-121.7242,330
13.4836,144.7961,340
34.7442,-87.5997,310
29.5189,-95.2417,140
42.6425,-77.0564,320
33.4825,-90.9853,250
39.5703,-104.8489,110
47.4933,-122.2144,310
46.4267,-105.8825,270
64.7767,-141.1483,260
46.6056,-111.9636,290
36.1625,-97.0894,180
40.9611,-98.3136,350
39.4839,-119.7711,80
37.0683,-88.7719,80
48.5428,-109.7633,300
34.7336,-76.6606,110
35.6950,-101.3950,360
24.5833,-81.6833,330
36.6950,-76.1356,180
44.1708,-114.9272,340
40.1667,-103.2167,360
21.9839,-159.3405,80
35.8311,-90.6464,220
41.4525,-87.0058,130
32.8192,-97.3614,160
29.5442,-98.4839,130
35.7425,-81.3819,200
38.8317,-94.8897,170
40.6508,-75.4492,340
33.9486,-81.1186,100
42.1594,-76.8919,10
26.1522,-81.7753,230
59.7494,-154.9089,250
31.4156,-87.0442,360
34.1750,-91.9347,180
37.2958,-81.2078,300
35.2325,-75.6219,110
35.4344,-119.0542,300
45.7881,-111.1608,260
31.1522,-81.3908,80
35.3889,-97.6006,200
34.7917,-79.3661,140
26.9172,-81.9914,250
39.3756,-99.8297,360
42.0647,-104.1528,290
30.4000,-81.4167,30
40.2769,-74.8158,180
44.2558,-121.1392,330
41.3103,-95.8992,340
44.4683,-73.1500,170
37.2253,-89.5706,220
43.3436,-72.5178,60
59.4556,-135.3239,210
42.5417,-113.7661,360
29.6222,-95.6564,150
61.5961,-149.0917,160
41.7861,-87.7522,160
34.2006,-118.3575,160
43.8789,-91.2528,110
32.7667,-97.4500,170
42.5906,-117.8644,10
38.0442,-87.5206,260
44.2033,-72.5794,300
36.1336,-80.2222,320
41.0669,-73.7075,310
63.9944,-145.7214,310
36.2967,-99.7689,190
28.5453,-81.3331,250
42.7611,-87.8136,130
46.1442,-115.5964,350
21.4500,-157.7833,90
32.9733,-97.3181,150
35.8517,-97.4142,190
31.9206,-102.3867,140
34.8536,-116.7858,50
39.3450,-81.4392,20
45.5644,-84.7928,300
37.0872,-84.0769,310
41.6236,-98.9517,350
39.0083,-95.2117,190
38.2900,-104.4983,100
66.8667,-162.6333,70
45.0133,-84.7014,210
37.7836,-81.1231,290
37.6703,-95.4842,170
45.7728,-122.8611,340
47.0492,-109.4578,300
35.1822,-103.6031,330
41.7803,-124.2367,340
25.7906,-80.3164,160
42.7267,-114.4564,90
36.2667,-93.1567,180
40.8731,-81.8867,60
35.4319,-82.5375,180
42.2333,-83.5333,160
39.9444,-81.8922,30
39.9369,-91.1919,300
41.6117,-90.5808,300
39.3667,-75.0667,70
41.0089,-74.7367,260
36.7414,-104.5022,210
61.2169,-149.8550,200
38.3794,-81.5900,250
46.7708,-100.7603,280
41.5175,-81.6836,30
27.7839,-97.5108,140
19.7356,-156.0489,270
26.0719,-80.1536,180
38.6572,-90.6558,200
62.1592,-145.4589,150
41.0375,-81.4642,60
35.0169,-80.6206,230
27.6833,-97.2833,150
24.5550,-81.7522,310
32.6808,-96.8681,140
39.8344,-88.8656,30
47.3864,-92.8389,120
46.5486,-90.9189,250
47.3078,-119.5153,300
37.6197,-122.3647,290
42.9486,-78.7369,250
45.5433,-94.0514,150
41.4653,-90.5233,320
38.7042,-93.1833,180
39.5514,-97.6508,180
40.0972,-92.5433,360
32.5500,-88.5667,360
41.1783,-78.8989,120
32.7817,-98.0603,150
33.6361,-91.7556,140
29.6919,-82.2756,40
58.3567,-134.5639,130
36.7367,-97.1019,160
40.2342,-85.3936,110
55.2208,-162.7325,280
40.7781,-111.9694,330
48.0944,-105.5744,280
45.5908,-122.6003,320
33.4669,-82.0386,170
30.0494,-90.0289,170
42.3914,-96.3792,360
34.8994,-120.4486,320
47.6217,-117.5281,240
42.2314,-83.3308,160
36.8167,-76.0333,150
40.8764,-74.2831,360
40.3161,-78.8339,50
44.0511,-101.6011,290
-14.3306,-170.7136,120
38.6956,-121.5897,350
37.1467,-94.5022,200
42.0572,-102.8000,320
41.5631,-83.4764,50
37.2833,-102.6139,20
38.5069,-121.4950,340
34.5183,-109.3792,160
36.5881,-121.8453,230
30.0375,-91.8839,170
34.8461,-82.3461,130
47.6831,-117.3214,230
32.6261,-116.4681,220
35.8922,-78.7819,170
34.2486,-82.1592,170
36.7683,-96.0261,160
46.9258,-98.6692,260
47.4569,-115.6450,310
34.9000,-76.8833,110
33.8117,-78.7239,90
45.2575,-112.5545,210
30.5069,-86.9597,180
35.8550,-77.8931,190
39.1019,-121.5678,330
33.9519,-117.4386,270
47.6458,-101.4394,280
34.2719,-83.8303,90
39.8447,-89.6839,80
34.5583,-98.4172,140
41.7361,-72.6506,320
44.3981,-98.2231,270
41.3375,-84.4289,100
15.1167,145.7167,280
33.9753,-117.6361,240
41.6686,-70.2800,230
48.5614,-93.3981,220
46.1569,-123.8825,310
47.4733,-111.3822,270
44.9050,-123.0011,350
34.9869,-81.0575,300
34.2675,-77.8997,70
30.3208,-97.7603,150
38.7642,-87.6056,190
44.3394,-105.5419,310
7.0833,171.3833,120
43.1561,-90.6775,220
34.3622,-98.9761,200
34.7675,-114.6189,110
38.8483,-77.0342,170
37.1681,-97.0369,170
43.1167,-77.6767,350
32.3206,-90.0778,330
33.9481,-83.3275,20
31.5358,-82.5067,110
47.5303,-122.3008,300
34.9894,-99.0525,190
48.3042,-114.2636,270
37.3031,-108.6275,280
55.3567,-131.7117,130
43.1544,-93.3269,250
33.9381,-118.3889,270
41.8678,-84.0794,130
19.7192,-155.0531,120
38.8853,-79.8528,320
43.2119,-90.1814,210
43.1072,-78.9453,330
40.8508,-96.7475,360
45.6044,-103.5464,280
43.5667,-116.2406,270
39.6428,-79.9164,40
33.6267,-116.1594,140
42.5844,-110.1075,340
44.0219,-82.7931,120
42.9667,-83.7494,130
42.9333,-71.4383,20
39.4019,-77.9844,160
35.9333,-79.0642,170
36.7436,-108.2292,310
36.9839,-77.0075,170
44.7694,-106.9689,330
42.6650,-83.4181,130
42.8939,-85.5447,140
39.4900,-121.6183,290
40.6675,-89.6839,40
45.6478,-68.6925,20
40.7342,-73.4169,200
39.4203,-83.8217,40
38.1847,-84.9033,50
46.9006,-95.0678,250
34.4272,-100.2831,140
34.4258,-119.8425,260
34.6294,-118.0836,250
43.6264,-72.3047,350
34.2097,-118.4892,120
42.9203,-112.5711,360
40.6386,-73.7622,190
35.0419,-106.6156,100
32.8978,-97.0189,190
42.2228,-83.7444,150
42.9550,-87.9044,140
36.9358,-121.7886,190
38.9833,-76.4667,180
31.1828,-90.4708,190
46.1236,-67.7928,250
30.1250,-93.2158,80
31.3558,-85.7511,360
41.3497,-71.7989,90
29.6333,-83.1053,350
57.1553,-170.2222,350
31.9514,-85.1289,150
43.5331,-84.0797,220
32.0311,-96.3989,180
41.4333,-99.6333,360
40.8436,-72.6322,240
46.4047,-94.1308,250
45.9647,-112.5006,310
17.7028,-64.8056,100
34.0561,-117.6003,260
38.5039,-122.8103,250
33.4536,-94.0075,170
30.7044,-87.0231,150
45.4622,-69.5953,320
38.7667,-104.3000,130
32.7336,-117.1831,280
37.9406,-75.4631,190
38.3306,-96.1897,190
33.4617,-80.8581,60
35.2236,-80.9553,150
42.3075,-85.2511,170
32.8986,-80.0403,110
45.6906,-118.8528,310
27.4981,-80.3767,220
44.6381,-90.1875,150
39.2447,-102.2842,350
35.2100,-99.1200,200
48.1739,-103.6367,280
31.4208,-110.8458,160
31.6189,-97.2283,180
47.1686,-88.4889,170
38.3775,-121.9575,350
34.1231,-84.8486,340
24.7258,-81.0517,170
42.7803,-84.5789,140
46.0261,-91.4442,210
37.7086,-113.0944,350
36.3689,-92.4703,190
44.3675,-71.5450,290
34.8822,-95.7831,210
44.9047,-97.1494,280
25.9156,-97.4186,160
30.1831,-97.6800,160
32.2622,-107.7206,250
37.2622,-104.3378,190
33.2119,-87.6161,60
32.7000,-117.2000,260
39.4494,-74.5672,350
35.5144,-108.7939,160
25.9989,-80.2411,250
38.7550,-109.7542,270
43.7700,-88.4864,170
48.6033,-112.3753,280
42.5950,-87.9381,140
41.5272,-85.7922,120
31.2361,-94.7544,180
47.2675,-122.5761,350
30.3503,-81.8831,40
40.8206,-76.8642,310
41.7806,-122.4717,20
41.3714,-73.4828,350
44.8322,-93.4706,150
43.1644,-95.2017,60
43.3500,-73.6167,140
37.9917,-122.0550,300
46.0947,-118.2869,180
38.5714,-90.1572,90
42.1908,-71.1736,150
40.5175,-122.2986,10
33.3075,-104.5083,300
45.8678,-95.3942,250
47.9375,-124.5550,340
42.2667,-84.4667,140
55.0389,-131.5786,170
46.2667,-119.1167,360
33.7792,-84.5214,300
45.1947,-123.1339,20
41.1389,-75.3794,50
38.1811,-85.7392,270
30.4781,-87.1869,250
39.7078,-77.7297,160
40.7789,-73.9692,60
43.3906,-99.8422,310
43.9922,-76.0217,260
37.7214,-122.2208,290
41.6267,-73.8842,360
41.1583,-73.1289,210
40.9781,-124.1086,330
44.3592,-84.6739,190
41.7419,-72.1836,280
42.4092,-83.0100,110
29.5622,-91.5256,240
40.1764,-80.6472,70
30.0481,-102.2131,190
41.7219,-71.4325,50
41.0731,-71.9233,220
28.8208,-81.8097,50
46.7994,-102.7972,270
34.2900,-93.0600,200
41.3275,-72.0494,240
44.6500,-73.4667,210
38.1417,-76.4292,190
21.3239,-157.9294,140
34.2008,-119.2069,270
46.3583,-104.2500,270
33.6228,-111.9106,140
34.6525,-86.9453,30
44.5344,-72.6144,360
40.0781,-83.0781,60
32.5156,-92.0406,170
41.5339,-93.6531,360
38.9503,-95.6639,180
42.1997,-75.9850,350
40.8097,-124.1603,10
37.1431,-107.7597,260
33.8117,-118.1464,310
44.5761,-71.1786,300
39.5781,-85.8033,300
30.6264,-88.0681,320
34.6439,-86.7861,40
59.2433,-135.5094,100
43.8339,-111.8045,310
31.3214,-85.4497,240
42.8153,-108.7261,330
33.6883,-112.0817,140
41.7636,-96.1778,160
32.3847,-94.7117,180
33.5656,-86.7450,340
31.3500,-85.6667,320
45.4558,-98.4131,270
43.1406,-89.3453,170
42.4272,-73.2892,280
41.7072,-86.3164,130
37.6242,-120.9506,300
45.6308,-89.4653,160
46.0139,-102.6547,280
34.2622,-88.7714,340
36.0236,-84.2375,270
43.9658,-107.9508,300
40.9017,-117.8081,50
35.0311,-85.2014,280
45.5464,-100.4078,270
37.2353,-93.4003,190
39.1342,-108.5400,330
41.1014,-102.9847,330
45.5511,-122.4089,320
38.9286,-90.4281,120
33.0375,-116.9158,270
29.9933,-90.2511,210
44.9319,-93.0556,260
37.2839,-98.5528,200
46.9208,-114.0925,280
34.1853,-79.7239,80
30.3567,-95.4139,170
64.3267,-158.7417,320
44.3814,-100.2856,280
44.3814,-106.7211,360
29.9506,-94.0206,200
34.9914,-78.8803,140
37.1319,-76.4930,220
