36.3200,-115.7000,277
36.7200,-106.2600,264
43.8000,-114.8500,0
43.7600,-116.1000,134
35.7700,-105.7800,348
36.5100,-106.3200,9
40.3000,-111.2600,178
43.7600,-115.2400,64
43.7300,-113.8300,161
39.1900,-120.2600,299
39.3600,-106.0600,356
36.2500,-115.6300,190
39.2900,-117.1100,192
36.8600,-106.2300,13
46.2400,-117.3900,232
44.2100,-110.6700,249
44.7900,-116.0900,234
38.4000,-119.5400,165
35.9200,-106.3900,251
48.7200,-116.4600,75
41.4000,-107.2600,194
36.1900,-105.5600,59
40.8300,-111.7600,105
36.0300,-106.8100,7
36.0700,-105.6300,252
36.9600,-106.6600,168
35.3400,-111.6500,322
36.7900,-105.2400,253
39.4300,-120.3100,268
36.0000,-106.8300,274
40.5300,-106.7800,58
36.3100,-115.6800,155
39.8000,-106.0300,229
36.9900,-105.2600,157
36.1300,-105.5300,205
44.3800,-116.3400,160
39.3100,-111.4300,281
35.7800,-105.5400,265
36.3200,-115.7000,277
36.7200,-106.2600,264
43.8000,-114.8500,0
43.7600,-116.1000,134
35.7700,-105.7800,348
36.5100,-106.3200,9
40.3000,-111.2600,178
43.7600,-115.2400,64
43.7300,-113.8300,161
39.1900,-120.2600,299
39.3600,-106.0600,356
36.2500,-115.6300,190
39.2900,-117.1100,192
36.8600,-106.2300,13
46.2400,-117.3900,232
44.2100,-110.6700,249
44.7900,-116.0900,234
38.4000,-119.5400,165
35.9200,-106.3900,251
48.7200,-116.4600,75
41.4000,-107.2600,194
36.1900,-105.5600,59
40.8300,-111.7600,105
36.0300,-106.8100,7
36.0700,-105.6300,252
36.9600,-106.6600,168
35.3400,-111.6500,322
36.7900,-105.2400,253
39.4300,-120.3100,268
36.0000,-106.8300,274
40.5300,-106.7800,58
36.3100,-115.6800,155
39.8000,-106.0300,229
36.9900,-105.2600,157
36.1300,-105.5300,205
44.3800,-116.3400,160
39.3100,-111.4300,281
35.7800,-105.5400,265
