40.7781,-111.9694,1
37.8892,-121.2258,1
42.2122,-71.1136,1
40.8839,-73.3722,1
34.0511,-118.2353,1
35.1442,-111.6664,1
47.4733,-111.3822,1
42.9203,-112.5711,1
38.3706,-110.7153,1
31.6189,-97.2283,1
40.0489,-107.8853,1
37.6242,-120.9506,1
27.5333,-99.4667,1
44.2558,-121.1392,1
41.2458,-111.9369,1
35.6575,-109.0614,1
44.0206,-117.0128,1
46.7439,-117.1086,1
44.7408,-85.5825,1
42.8153,-108.7261,1
56.2472,-134.6447,1
37.6303,-104.7956,1
45.4825,-120.7236,1
32.8192,-97.3614,1
46.4922,-115.8006,1
47.4444,-122.3139,1
42.1244,-86.4267,1
40.9781,-124.1086,1
55.2208,-162.7325,1
47.2856,-68.3133,1
38.5039,-122.8103,1
39.1258,-123.2008,1
13.4836,144.7961,1
47.3978,-120.2014,1
44.8428,-117.8086,1
40.1561,-106.9092,1
30.1831,-97.6800,1
42.1469,-121.7242,1
28.8614,-96.9303,1
30.5892,-96.3647,1
46.5683,-120.5428,1
27.7839,-97.5108,1
42.8375,-103.0953,1
41.9064,-111.8100,1
27.7411,-98.0247,1
36.9261,-111.4478,1
42.4819,-114.4869,1
37.9825,-103.5439,1
30.3703,-103.7808,1
45.2325,-120.1817,1
44.9050,-123.0011,1
47.6217,-117.5281,1
33.9519,-117.4386,1
41.6628,-111.1861,1
44.5733,-116.6753,1
55.0389,-131.5786,1
40.5353,-112.3217,1
31.6072,-110.4281,1
57.7511,-152.4856,1
46.0947,-118.2869,1
35.5453,-82.6986,1
46.9208,-114.0925,1
25.7906,-80.3164,1
45.1947,-123.1339,1
47.5303,-122.3008,1
55.6917,-132.5247,1
42.7267,-114.4564,1
34.6517,-112.4208,1
29.7036,-98.0281,1
42.0800,-80.1825,1
39.8328,-104.6575,1
46.9733,-122.9033,1
33.2061,-97.1989,1
39.0292,-104.8017,1
37.7333,-105.5119,1
40.4350,-105.0850,1
56.3831,-134.6497,1
37.4058,-122.0481,1
36.3211,-87.2217,1
39.1019,-121.5678,1
47.8453,-121.9944,1
30.7439,-95.5861,1
37.5300,-110.7203,1
35.4344,-119.0542,1
47.3078,-119.5153,1
45.5908,-122.6003,1
29.3600,-99.1742,1
29.9800,-95.3600,1
32.8519,-96.8556,1
36.3189,-119.6289,1
38.0517,-102.1317,1
34.7436,-118.7242,1
34.2006,-118.3575,1
41.9153,-111.9128,1
48.4608,-119.5167,1
42.2347,-85.5519,1
55.5800,-133.0750,1
32.7817,-98.0603,1
33.1281,-117.2794,1
46.5044,-122.5939,1
29.5442,-98.4839,1
45.5406,-122.9486,1
41.2731,-111.0306,1
47.0492,-109.4578,1
41.5167,-109.4703,1
42.2342,-113.8981,1
42.8939,-85.5447,1
64.5111,-165.4400,1
38.7550,-109.7542,1
57.2178,-134.8770,1
29.1097,-95.4619,1
43.5950,-118.9564,1
33.8117,-118.1464,1
45.8081,-120.8428,1
37.0769,-111.6639,1
36.2994,-103.7408,1
44.3853,-74.2067,1
43.5667,-116.2406,1
44.2206,-114.9342,1
32.3336,-104.2581,1
40.9017,-117.8081,1
38.7658,-102.8031,1
45.6906,-118.8528,1
29.6878,-100.4217,1
36.7800,-119.7194,1
37.6197,-122.3647,1
40.4422,-109.5144,1
24.7258,-81.0517,1
58.6794,-156.6294,1
38.3775,-121.9575,1
59.5119,-139.6711,1
38.0494,-103.5122,1
45.6208,-122.6572,1
33.0375,-116.9158,1
33.1803,-96.5903,1
31.9433,-102.1889,1
32.0311,-96.3989,1
29.2733,-94.8592,1
37.3592,-121.9239,1
48.7939,-122.5372,1
66.8667,-162.6333,1
34.0561,-117.6003,1
58.4111,-135.7089,1
44.8889,-116.1017,1
38.2103,-122.2847,1
15.1167,145.7167,1
42.7803,-84.5789,1
39.8400,-113.3978,1
25.9989,-80.2411,1
40.8289,-115.7886,1
34.6294,-118.0836,1
48.6033,-112.3753,1
37.9806,-105.6897,1
32.8339,-97.2975,1
33.2194,-117.3494,1
37.9917,-122.0550,1
41.1014,-102.9847,1
44.1278,-123.2206,1
37.7214,-122.2208,1
32.8978,-97.0189,1
40.9656,-105.2186,1
47.2078,-119.3192,1
25.6475,-80.4331,1
41.7072,-86.3164,1
48.5428,-109.7633,1
47.9375,-124.5550,1
47.9742,-117.4283,1
35.9461,-112.1547,1
30.5108,-99.7664,1
38.4306,-122.8647,1
42.6650,-83.4181,1
33.9228,-118.3342,1
36.6636,-121.6081,1
32.7336,-117.1831,1
34.2167,-119.0833,1
34.4258,-119.8425,1
39.5703,-104.8489,1
40.1667,-103.2167,1
38.0700,-102.6881,1
46.6056,-111.9636,1
46.1569,-123.8825,1
42.3811,-122.8722,1
30.7053,-104.0233,1
32.9733,-97.3181,1
41.7803,-124.2367,1
39.3450,-81.4392,1
46.4794,-84.3572,1
41.5944,-109.0528,1
44.5344,-72.6144,1
35.0281,-110.7208,1
41.0497,-112.9367,1
42.3703,-106.1050,1
29.4589,-103.4994,1
44.3592,-84.6739,1
29.3783,-100.9269,1
18.4325,-66.0108,1
32.5722,-116.9794,1
41.7806,-122.4717,1
33.9753,-117.6361,1
42.8917,-112.4086,1
56.6000,-169.5650,1
43.5164,-112.0672,1
40.5175,-122.2986,1
30.9119,-102.9167,1
26.0719,-80.1536,1
32.1669,-92.1075,1
25.9069,-80.2803,1
43.6039,-116.5753,1
32.6808,-96.8681,1
32.8158,-117.1394,1
40.3603,-111.8972,1
33.6800,-117.8664,1
45.7728,-122.8611,1
43.2278,-110.4358,1
26.2500,-80.1083,1
43.2389,-123.3547,1
45.2486,-122.7686,1
43.5331,-84.0797,1
45.5644,-84.7928,1
25.5011,-80.5500,1
41.4914,-120.5644,1
36.9358,-121.7886,1
28.4567,-99.2183,1
45.5511,-122.4089,1
44.2033,-72.5794,1
25.5819,-80.4361,1
39.5264,-107.7264,1
46.3747,-117.0156,1
38.5069,-121.4950,1
42.3353,-111.3850,1
45.7881,-111.1608,1
25.9156,-97.4186,1
44.2667,-71.2994,1
32.6636,-97.0939,1
38.8100,-104.6883,1
36.9878,-120.1106,1
45.0133,-84.7014,1
40.7514,-74.1567,1
33.9381,-118.3889,1
26.1658,-97.3458,1
28.0836,-97.0464,1
34.7411,-118.2117,1
26.2281,-97.6542,1
43.0428,-112.4133,1
47.6831,-117.3214,1
46.9728,-123.9303,1
30.9844,-103.7403,1
48.3042,-114.2636,1
29.5189,-95.2417,1
33.8719,-117.9789,1
37.4389,-105.8614,1
37.5811,-106.1869,1
38.4600,-105.2256,1
45.5114,-118.4247,1
38.5778,-110.7078,1
39.7750,-105.1169,1
42.5417,-113.7661,1
34.8994,-120.4486,1
30.7406,-98.2353,1
42.5844,-110.1075,1
37.6542,-122.1150,1
30.3208,-97.7603,1
32.3067,-95.2969,1
38.2900,-104.4983,1
29.6381,-95.2819,1
31.4583,-109.6061,1
28.7247,-96.2536,1
38.6956,-121.5897,1
38.7667,-104.3000,1
57.1553,-170.2222,1
41.8250,-111.3208,1
37.2847,-120.5128,1
33.3075,-104.5083,1
38.9603,-104.7806,1
34.0158,-118.4514,1
41.8722,-112.1489,1
40.4953,-107.5211,1
29.3389,-98.4719,1
39.2447,-102.2842,1
46.0436,-118.4628,1
41.3325,-122.3328,1
58.4003,-134.5694,1
37.6928,-121.8144,1
