36.3200,-115.7000,233
36.7200,-106.2600,280
43.8000,-114.8500,360
43.7600,-116.1000,164
35.7700,-105.7800,17
36.5100,-106.3200,12
40.3000,-111.2600,292
43.7600,-115.2400,43
43.7300,-113.8300,238
39.1900,-120.2600,105
39.3600,-106.0600,334
36.2500,-115.6300,215
39.2900,-117.1100,21
36.8600,-106.2300,19
46.2400,-117.3900,176
44.2100,-110.6700,265
44.7900,-116.0900,222
38.4000,-119.5400,7
35.9200,-106.3900,245
48.7200,-116.4600,29
41.4000,-107.2600,177
36.1900,-105.5600,53
40.8300,-111.7600,140
36.0300,-106.8100,9
36.0700,-105.6300,251
36.9600,-106.6600,169
35.3400,-111.6500,265
36.7900,-105.2400,273
39.4300,-120.3100,87
36.0000,-106.8300,280
40.5300,-106.7800,214
36.3100,-115.6800,171
39.8000,-106.0300,232
36.9900,-105.2600,141
36.1300,-105.5300,262
44.3800,-116.3400,43
39.3100,-111.4300,299
35.7800,-105.5400,316
