42.6922,-120.5403,5
43.7053,-72.2856,2
43.3442,-73.0522,2
36.0686,-115.4603,2
37.2167,-86.8936,2
-16.5260,145.4627,2
-34.9482,138.8071,5
34.1583,-89.6311,2
40.5003,-75.2044,2
43.4703,-71.6536,2
39.9000,-98.0256,5
42.3031,-71.1239,2
31.9194,-108.3442,2
41.7950,-72.2286,2
55.9153,-130.0269,2
-36.8402,149.5257,2
42.0003,-73.0439,2
-12.5723,131.1006,3
33.1361,-85.5869,3
42.9694,-71.9528,2
-42.9272,147.2517,2
42.8942,-71.9842,2
43.8867,-111.7367,2
44.5272,-69.6544,2
-43.0286,147.0544,2
43.1025,-70.7731,2
-36.0767,149.5134,2
43.0428,-112.4133,2
-33.8258,151.1556,2
-36.8756,147.2886,5
42.6992,-71.1658,2
42.2906,-104.7625,7
42.0792,-71.4094,2
42.5008,-70.8644,2
21.5108,-157.8622,2
-29.9691,152.7265,4
18.3236,-64.8542,2
-27.5119,153.0450,5
-43.1456,147.9617,2
39.6619,-99.1228,2
41.6444,-72.8167,4
-27.4983,153.0337,5
39.6250,-100.4233,2
-34.6531,150.3037,2
-42.7283,146.6656,7
43.1889,-71.7461,2
