18.1747,-66.7978,30
31.2022,-93.5725,36
40.7264,-122.7947,10
28.0372,-97.8725,46
43.8544,-116.4664,0
36.9969,-119.7072,0
37.1503,-104.5567,20
40.7142,-122.4161,10
26.3769,-98.8117,43
33.6731,-111.1508,10
40.1100,-87.9567,0
39.7506,-92.5064,0
28.4675,-98.2525,33
32.7547,-104.3836,28
40.6117,-122.5281,0
31.6164,-94.6431,33
34.5822,-119.9817,38
31.8769,-105.2369,0
36.4622,-116.8669,15
28.4575,-97.7061,28
34.5697,-93.1947,5
30.8408,-89.5453,0
28.6575,-96.5553,38
37.5147,-122.0325,28
32.8964,-107.3078,155
33.6772,-93.9903,3
30.7931,-94.1819,38
38.4917,-122.1242,10
30.5467,-87.8808,23
33.7092,-93.5564,0
45.9228,-108.2444,0
31.3625,-85.3397,20
32.6406,-96.9747,20
30.0689,-94.2928,33
18.0331,-67.0722,48
18.3906,-66.0542,38
18.2583,-65.9922,51
39.0744,-96.8983,10
35.8819,-83.9572,0
31.6003,-97.2169,38
35.3886,-106.5439,25
37.7967,-121.5828,20
31.8611,-97.3750,84
26.2656,-97.8714,36
36.2403,-106.4278,20
34.9881,-120.3211,33
31.0372,-97.5283,36
31.3706,-100.4942,25
33.0353,-96.4861,33
26.8400,-81.0872,18
41.9342,-88.7756,3
28.7156,-97.1742,41
33.4258,-111.9217,18
38.7978,-99.7231,0
35.6414,-106.3322,23
37.7617,-117.5658,0
31.0619,-94.1011,18
35.1108,-81.9675,0
32.8242,-95.5275,28
43.5492,-71.4647,0
32.2631,-96.6369,0
30.2003,-92.6642,38
38.5350,-121.7761,10
35.7047,-101.5492,38
34.6603,-82.8236,25
38.4931,-122.0047,8
38.0633,-102.9297,20
21.3153,-157.9992,38
35.4072,-104.1906,25
32.8522,-95.8864,36
35.1161,-93.6506,8
29.8608,-98.1958,23
32.2822,-106.7597,28
33.0642,-101.0489,33
33.1481,-95.6269,38
18.0258,-66.5253,51
34.1647,-88.7239,0
36.5508,-114.4581,13
33.1461,-107.1842,43
31.9611,-96.6881,53
29.4608,-101.0286,38
31.9633,-98.4942,36
26.5581,-99.1372,23
30.7189,-97.3211,36
32.9206,-86.6708,655
32.9506,-97.0553,10
25.8175,-80.2858,46
38.0047,-120.4864,3
30.7053,-104.0233,18
32.4219,-93.6381,23
29.6211,-96.3661,36
30.6836,-97.7172,18
32.6475,-97.4439,25
33.3192,-95.6039,36
32.2683,-101.4858,33
32.9203,-94.7225,127
30.3367,-96.5403,28
