36.3200,-115.7000,243
36.7200,-106.2600,297
43.8000,-114.8500,360
43.7600,-116.1000,80
35.7700,-105.7800,20
36.5100,-106.3200,15
40.3000,-111.2600,319
43.7600,-115.2400,26
43.7300,-113.8300,284
39.1900,-120.2600,107
39.3600,-106.0600,347
36.2500,-115.6300,201
39.2900,-117.1100,82
36.8600,-106.2300,22
46.2400,-117.3900,194
44.2100,-110.6700,277
44.7900,-116.0900,195
38.4000,-119.5400,26
35.9200,-106.3900,180
48.7200,-116.4600,32
41.4000,-107.2600,91
36.1900,-105.5600,58
40.8300,-111.7600,69
36.0300,-106.8100,35
36.0700,-105.6300,244
36.9600,-106.6600,154
35.3400,-111.6500,221
36.7900,-105.2400,254
39.4300,-120.3100,106
36.0000,-106.8300,279
40.5300,-106.7800,187
36.3100,-115.6800,146
39.8000,-106.0300,230
36.9900,-105.2600,161
36.1300,-105.5300,225
44.3800,-116.3400,147
39.3100,-111.4300,296
35.7800,-105.5400,123
