40.7264,-122.7947,367
43.8544,-116.4664,-178
37.1503,-104.5567,200
40.7142,-122.4161,167
38.6644,-94.8900,72
37.9050,-93.3169,67
33.6731,-111.1508,278
28.4675,-98.2525,322
40.6117,-122.5281,156
34.5822,-119.9817,250
36.4622,-116.8669,317
33.7542,-99.1442,289
38.4917,-122.1242,211
33.7092,-93.5564,267
39.1172,-95.4097,44
37.7967,-121.5828,283
34.9881,-120.3211,289
26.8400,-81.0872,311
30.2003,-92.6642,272
38.5350,-121.7761,239
35.7047,-101.5492,233
38.4931,-122.0047,228
35.4072,-104.1906,83
32.2822,-106.7597,272
36.5508,-114.4581,244
26.5581,-99.1372,189
25.8175,-80.2858,333
38.0047,-120.4864,228
30.7053,-104.0233,244
