43.3488,-88.1598,0
49.8361,-100.8767,163
43.8308,-79.0047,0
45.1864,-85.1478,0
49.8599,-97.1128,51
46.3526,-61.0776,0
43.2422,-88.2889,0
46.9438,-98.0358,61
40.5472,-105.0749,0
44.3552,-72.4554,0
44.4991,-63.5264,0
29.5201,-95.0560,0
46.3118,-116.0553,0
42.5973,-74.5931,0
40.7739,-84.0800,0
44.8720,-69.4203,0
38.3401,-107.0943,13
42.9962,-82.4643,0
44.2781,-103.8092,8
39.1607,-77.9885,0
49.6050,-102.0841,150
37.7847,-79.9165,0
40.3038,-103.1114,0
34.6544,-86.5617,0
47.5857,-122.6092,0
40.9763,-106.3942,58
46.4667,-63.9892,0
44.8353,-122.6836,0
46.4393,-95.5887,0
49.8922,-97.0283,99
44.4412,-90.1289,79
51.1240,-104.9917,33
42.4675,-71.4820,0
45.7416,-108.5535,51
41.9286,-74.0195,0
35.5813,-88.8306,0
46.9392,-114.0194,0
37.7892,-120.7518,0
45.4788,-122.7692,0
33.9837,-83.1378,0
40.6308,-91.8051,0
39.5462,-104.9655,0
41.4088,-81.7448,0
42.5110,-76.9155,0
41.8029,-72.7767,0
46.7985,-96.1218,23
43.9917,-79.6778,0
42.8370,-78.7433,0
39.7612,-105.6806,3
41.6225,-86.2163,0
41.7788,-107.1169,3
44.0390,-122.8500,0
39.6450,-106.3953,66
41.2008,-81.3389,0
43.1131,-83.1587,0
40.0781,-88.2537,0
41.0578,-75.0796,0
42.4317,-76.4886,0
45.8608,-84.7197,0
29.5111,-95.0919,0
44.6662,-63.4954,0
42.1739,-88.2993,0
45.5771,-95.8968,0
49.7556,-96.9094,53
38.3299,-97.7787,0
39.9714,-105.3968,8
38.2885,-107.5549,43
45.8002,-108.5553,28
45.4818,-91.1468,38
45.8802,-123.2946,0
46.4698,-63.4920,0
47.2227,-93.4960,0
42.5601,-87.9384,0
39.9575,-78.5638,0
40.6262,-74.6535,0
45.2082,-93.6528,15
44.1583,-108.8705,0
39.5561,-105.3114,3
50.5018,-104.6605,99
40.0015,-105.8725,56
42.7243,-73.7570,0
39.6397,-105.4068,0
43.2115,-71.4143,0
39.7140,-86.4090,0
43.0553,-92.3204,124
40.2124,-105.0426,25
44.7029,-106.3261,0
44.7195,-89.0223,97
44.7825,-108.6879,0
40.4407,-105.0619,0
47.1369,-93.5666,0
42.2469,-83.0804,0
45.5075,-66.0986,0
39.3723,-112.3339,0
44.5179,-92.2237,33
35.5344,-77.3821,0
45.3806,-91.7048,30
45.8596,-91.5771,23
45.3201,-85.2437,0
39.4700,-76.8301,0
44.2400,-119.0900,15
35.5909,-82.5549,0
39.4582,-107.1839,0
42.4717,-79.3336,0
39.3933,-84.4770,0
50.1377,-99.7340,173
42.0043,-87.6697,0
41.9351,-75.0784,0
38.6639,-77.9756,0
40.2001,-82.7732,0
49.8654,-119.6041,0
42.7017,-108.6757,18
41.2986,-104.8278,23
44.0800,-99.1300,0
38.9052,-104.8491,0
35.6345,-117.9782,0
40.7494,-96.5928,0
44.9145,-93.6992,36
46.9589,-95.6472,10
46.3554,-98.9177,0
43.1232,-74.7974,0
42.8167,-106.4108,0
44.9100,-93.2890,38
45.6758,-89.5324,64
40.1848,-105.0820,0
39.2883,-104.4521,0
40.6436,-91.7421,0
47.3714,-102.7606,8
39.9660,-105.5125,8
43.5695,-116.3248,0
37.4123,-107.8284,0
45.4000,-123.1830,0
47.6421,-65.6876,0
47.7130,-118.9412,0
39.4195,-77.2905,0
43.1764,-78.6834,0
51.2522,-106.5403,0
34.6286,-86.5561,0
33.6378,-96.1408,0
42.8264,-106.3988,0
45.4622,-112.1625,8
40.5759,-105.0858,0
43.5570,-91.5130,89
43.3189,-89.0268,74
44.0375,-88.1697,36
45.7148,-108.6473,89
49.8072,-97.1187,36
41.1429,-104.7897,0
41.4644,-81.0652,0
34.7058,-86.7503,0
40.0839,-105.3689,18
40.7623,-74.9719,0
41.5264,-90.5858,0
45.3950,-93.0181,38
39.9420,-83.8051,0
45.4505,-98.5086,0
53.5972,-105.7361,0
39.6249,-75.7861,0
45.0674,-93.2934,28
36.1520,-115.3396,0
42.4650,-92.3410,20
38.3339,-104.7898,0
42.6732,-85.6801,0
42.5918,-85.3161,51
46.9312,-91.9428,13
40.3978,-80.0967,0
34.1649,-95.5431,0
44.8745,-123.0444,0
43.5868,-99.7114,0
47.4021,-79.6765,0
44.4835,-93.1284,46
39.4617,-104.8911,0
43.0420,-89.4682,25
29.4053,-94.9092,0
39.0835,-104.8387,0
40.5998,-105.1151,0
35.1537,-106.2848,0
43.3617,-110.8370,99
44.4560,-92.2907,43
42.1880,-87.9590,0
44.8467,-93.5456,33
40.2843,-105.1608,0
47.6514,-101.4152,15
45.0259,-93.1451,25
39.7811,-78.4334,0
46.0272,-66.6746,0
45.6578,-111.0272,30
40.2077,-75.3522,0
46.5673,-87.6869,0
43.1425,-80.0696,0
41.4996,-87.9603,0
38.5985,-106.5313,25
43.2161,-77.9525,0
41.5067,-87.5248,0
40.5938,-91.1467,0
46.1326,-91.4050,25
44.9846,-93.3744,28
40.5949,-98.4270,0
47.0421,-114.0968,0
47.2602,-96.2577,10
44.8233,-92.9389,56
34.7806,-86.8644,0
42.8972,-85.7791,0
44.7683,-94.1558,10
42.9900,-73.8000,0
44.6053,-72.3094,0
38.6391,-106.9408,10
38.8274,-75.4303,0
41.5558,-104.9128,41
45.4340,-122.5036,0
45.1724,-88.4899,86
43.6037,-70.9867,0
29.7210,-98.1655,0
44.4677,-87.9735,64
39.6552,-75.7619,0
40.0806,-106.8929,76
43.8737,-80.1343,0
42.8403,-84.4197,0
55.4900,-107.9236,3
43.6215,-110.6253,107
45.6208,-109.1040,33
42.8181,-106.3455,10
42.1938,-104.7265,0
32.2918,-85.1893,0
36.0532,-80.6028,0
38.6418,-77.7672,0
44.9663,-93.8489,23
43.6293,-65.7999,0
39.8143,-105.3945,3
40.4657,-106.8035,81
41.0233,-100.3669,0
44.9720,-72.1478,0
47.7657,-122.3001,0
38.1617,-85.8566,0
41.3728,-88.8415,0
37.1306,-80.5720,0
41.9062,-87.7819,0
32.1154,-81.2509,0
38.7462,-77.1386,0
35.1375,-77.9892,0
45.3147,-64.4289,0
45.1702,-91.2361,53
41.7814,-88.0674,0
44.3200,-90.8300,69
43.4394,-71.5373,0
50.4826,-104.6385,117
39.6490,-80.7382,0
34.9867,-101.9550,0
42.6978,-108.6883,0
46.6488,-92.1944,18
46.7138,-93.2885,15
46.4779,-108.4165,0
40.7206,-105.4150,5
41.3315,-88.3141,0
36.0512,-83.9862,0
38.4026,-106.4157,13
43.7440,-70.4890,0
47.6013,-122.6043,0
39.9588,-105.5026,8
39.7237,-104.8568,0
42.8630,-108.8652,0
43.4472,-88.8526,76
43.8110,-90.7629,109
37.6702,-91.8739,0
42.1460,-71.3794,0
41.0483,-93.9496,0
33.1637,-96.6851,0
36.2347,-86.3817,0
50.4546,-104.5403,69
45.6568,-89.4630,64
39.4504,-104.7122,3
46.2258,-109.2577,23
41.5177,-90.6072,0
41.5007,-81.5526,0
42.6353,-85.7611,0
47.5749,-120.5976,0
49.1971,-100.1496,74
49.8996,-97.1875,198
41.2520,-104.7713,0
39.5186,-104.9492,0
47.8771,-97.0581,20
39.9965,-76.7533,0
40.2831,-105.3547,10
44.7914,-93.2304,23
45.1019,-64.4144,0
48.6770,-100.8026,28
39.7109,-74.9679,0
39.9463,-84.4537,0
36.5921,-94.4507,0
32.7904,-105.8204,0
39.2323,-106.0516,0
42.5336,-75.6306,0
38.8319,-107.9670,0
39.4202,-84.1493,0
41.8262,-105.2054,13
46.5189,-66.2667,0
42.8755,-109.8683,13
40.5140,-106.8240,38
41.2939,-111.9580,0
43.7434,-92.3065,69
45.4090,-93.3090,30
43.2648,-90.7557,51
45.4060,-122.8780,0
44.2337,-86.0358,0
42.6536,-85.7597,0
40.1043,-105.1605,0
33.7476,-84.7452,0
39.5865,-86.6333,0
49.8631,-97.2622,43
46.2507,-119.3197,0
39.5936,-75.0692,0
32.9881,-97.3932,0
45.9217,-64.5150,0
29.5139,-95.0919,0
43.6465,-81.7074,0
44.2832,-83.4992,0
49.7791,-124.3371,0
47.5017,-64.9355,0
44.7518,-63.7910,0
44.3425,-92.9792,36
43.8567,-70.4664,0
44.5164,-122.9171,0
41.2144,-85.1242,0
46.2344,-65.8519,0
48.5050,-121.4800,0
39.8869,-89.6117,0
45.7169,-65.4622,0
45.6063,-122.5104,0
39.7332,-106.6806,5
44.7579,-93.2567,41
41.1852,-105.5935,5
46.6046,-90.6492,18
41.0521,-83.5773,79
44.0917,-93.2138,46
42.5088,-72.6973,0
34.7056,-76.9898,0
42.4516,-76.0437,0
45.0043,-65.1169,0
45.9190,-66.6269,0
41.5072,-109.1554,5
45.9290,-66.6283,0
42.7914,-113.0151,3
29.4854,-98.6561,0
50.4158,-96.6091,38
39.7025,-76.5447,0
40.2707,-74.7295,0
29.7409,-97.6802,0
42.0597,-88.2334,0
46.0533,-83.6906,0
45.5416,-122.6401,0
45.7904,-66.1473,0
44.9067,-66.9866,0
47.4727,-101.8795,58
45.7873,-93.4939,46
46.9934,-65.5069,0
40.4661,-87.6854,0
42.7096,-108.6793,18
36.9544,-86.3366,0
45.2213,-109.2124,28
39.4441,-104.8723,0
45.9770,-66.8682,0
43.1551,-99.2584,0
40.5219,-106.9593,43
44.3213,-88.9286,76
48.4535,-89.2239,0
37.5990,-101.2911,0
48.9536,-54.6186,0
44.7910,-75.3822,0
48.2647,-96.8703,36
38.6049,-89.9685,0
39.4745,-83.8361,0
34.6444,-86.5056,0
40.5091,-74.8549,0
34.4972,-87.2300,0
42.8095,-106.3315,8
42.2139,-104.5192,0
41.5417,-87.2715,0
45.1994,-95.0057,13
45.7192,-108.5218,30
40.2835,-78.8901,0
45.4662,-122.8088,0
32.4066,-96.3347,0
44.6826,-63.8602,0
39.0589,-92.4370,0
47.5480,-52.8882,0
34.7981,-86.7047,0
44.2051,-93.6780,28
42.7864,-76.7034,0
41.1977,-80.9721,0
45.1775,-89.8482,64
41.0589,-83.1127,0
34.9842,-83.3917,0
44.5125,-78.3606,0
45.0180,-93.3295,33
43.4794,-80.5354,0
39.4930,-105.3495,5
32.3772,-86.2575,0
40.4069,-105.4063,3
36.1066,-88.0443,0
38.3455,-120.7719,0
46.2348,-114.1563,0
41.2571,-77.0085,0
37.5643,-85.7362,0
37.9018,-88.9341,0
47.5640,-52.7134,0
40.0496,-84.9474,0
39.9223,-104.9554,0
38.6169,-77.9696,0
45.1187,-95.0551,13
50.0786,-98.1029,51
37.2915,-91.8515,0
45.4141,-93.6919,229
40.5358,-94.8879,0
49.5196,-96.6794,69
46.4457,-63.3121,0
39.4712,-118.7915,0
43.5141,-89.5691,18
43.3439,-91.6443,25
43.8324,-70.1200,0
34.8240,-92.2531,0
44.6569,-93.2839,51
33.4387,-88.8695,0
44.8116,-106.9705,10
40.0014,-77.1089,0
39.5996,-104.1751,0
37.9663,-103.5443,0
40.1302,-74.2145,0
49.8917,-97.3055,58
45.0713,-64.4857,0
45.6001,-109.0899,25
45.9220,-116.1260,0
41.0890,-74.5399,0
41.5929,-104.8339,20
45.0406,-93.4195,28
40.0945,-88.1282,0
45.6383,-98.0003,0
38.2872,-81.7874,0
43.9750,-93.9586,58
44.5464,-123.2592,0
40.3922,-105.0539,0
38.2210,-84.8175,0
39.7220,-106.1370,56
39.7903,-119.8947,0
45.1226,-93.4579,10
44.8687,-93.3394,36
45.8006,-108.5947,46
39.1570,-104.5034,0
42.1079,-93.6511,53
40.6872,-74.8575,0
44.0303,-71.1383,0
39.9389,-105.4749,3
39.4688,-106.0109,30
39.5404,-104.9123,0
29.5120,-95.0994,0
49.6725,-96.5814,91
34.0151,-81.1920,0
39.4041,-79.3722,0
48.7094,-118.7214,0
38.1703,-106.6569,13
43.0961,-79.0281,0
27.9855,-81.7902,0
46.2084,-119.1658,0
42.5970,-82.1781,0
37.2492,-93.9439,0
42.2845,-83.0346,0
42.9008,-88.5862,0
49.8144,-100.5535,104
39.3428,-82.0964,0
45.2575,-109.2264,23
42.4927,-72.9454,0
36.1483,-95.8618,0
41.1623,-81.5037,0
38.7873,-82.9779,0
47.5949,-98.7987,18
40.6259,-105.0621,0
39.7517,-104.8543,5
38.9669,-95.2967,0
45.4899,-74.6457,0
45.3608,-63.2682,0
40.5192,-105.1593,0
45.9807,-93.2541,28
39.7674,-78.4844,0
41.9221,-111.8193,0
42.8339,-79.9298,0
41.7084,-87.7539,0
40.7447,-111.8677,0
41.0593,-124.1398,0
45.1613,-109.2911,66
45.0792,-64.2711,0
41.5193,-87.9193,0
44.3320,-70.2685,0
41.2973,-105.5226,10
46.8131,-92.0556,15
41.6874,-87.7911,0
34.2024,-78.0948,0
61.6185,-149.1258,0
29.6849,-95.2197,0
39.4722,-105.3913,0
45.1395,-93.4207,30
36.2184,-81.6720,0
34.6389,-86.5436,0
42.9632,-78.8669,0
44.8382,-92.9359,51
39.0087,-105.0629,0
35.7373,-83.9132,0
36.2528,-81.9136,0
46.5824,-90.8839,18
43.8885,-70.2944,0
44.8122,-106.9763,0
44.9694,-89.6109,66
45.0641,-66.8216,0
43.9614,-72.2978,0
42.5019,-92.4418,124
40.9519,-74.1577,0
40.9142,-91.4293,0
46.2508,-60.6434,0
44.5654,-106.9281,84
38.9433,-119.1916,0
44.7591,-123.2325,0
44.6115,-74.9719,0
39.7948,-105.5730,0
45.7086,-61.9024,0
47.8325,-116.7257,25
42.8532,-90.7086,0
40.5510,-105.0664,0
38.5432,-106.1924,0
44.2885,-94.0764,330
39.1692,-85.2361,0
43.8583,-71.2597,0
41.8991,-106.2002,0
44.5014,-68.2208,0
48.0125,-123.1709,0
39.2142,-84.1716,0
36.1648,-81.6055,0
44.8567,-93.6864,33
43.1951,-76.2883,0
45.7169,-92.9257,33
34.5360,-92.7651,0
40.0815,-104.9459,0
44.7878,-105.2674,0
39.8171,-105.1774,0
44.9247,-93.2494,33
53.3290,-106.1377,0
39.6526,-104.8237,8
49.4005,-97.3142,58
39.6474,-105.4045,0
49.1916,-100.4942,58
41.0413,-93.9805,0
29.4031,-94.8986,0
34.7917,-86.7239,0
38.0450,-85.7155,0
45.6270,-108.9193,41
48.7700,-98.3763,69
45.9896,-66.5918,0
44.9305,-92.9249,41
40.5462,-74.5287,0
43.7370,-116.7327,0
43.3367,-72.0606,0
47.4126,-91.1058,8
39.0267,-104.7478,0
44.6698,-64.8526,0
51.5694,-107.2341,0
41.2812,-84.3454,0
40.9234,-73.3305,0
41.8482,-88.3144,0
48.5544,-58.6185,0
45.6968,-108.7337,5
41.3297,-86.3568,0
42.9042,-105.0635,0
46.1902,-89.4579,48
45.8812,-66.7623,0
41.5401,-90.4492,0
38.6331,-109.4104,0
40.4697,-106.8139,81
41.6470,-73.8970,0
41.7346,-88.2391,0
43.6695,-116.2653,0
44.8829,-93.2583,25
43.9873,-81.1033,0
45.2508,-89.4251,56
49.8299,-99.9746,74
45.5307,-87.6192,76
44.0207,-88.7797,86
31.8142,-93.0856,0
38.7764,-87.3172,0
41.0105,-95.8890,0
41.8183,-86.3423,0
39.6679,-104.9440,0
45.8359,-108.5221,0
45.9631,-65.9694,0
48.8485,-117.6283,0
39.4915,-102.8229,0
35.3620,-85.3797,0
45.6686,-122.6862,0
41.3677,-81.7018,0
40.0488,-76.6948,0
40.4612,-111.2285,8
40.6263,-105.3912,18
29.5110,-95.0898,0
41.6846,-73.7205,0
51.9130,-101.4930,64
44.8492,-88.3472,99
51.3581,-55.5807,0
38.6205,-87.1359,0
30.4144,-97.7664,0
42.9980,-88.0238,0
42.4093,-86.0481,0
40.6328,-91.7848,0
43.7847,-87.7664,122
40.0905,-104.7986,0
39.6011,-105.9773,36
38.8592,-96.1058,0
40.3889,-75.9396,0
37.0169,-94.4925,0
41.7887,-69.9786,0
47.3638,-120.2284,0
46.4238,-94.3033,0
42.9542,-81.4349,0
39.1516,-77.2368,0
34.8050,-86.7619,0
44.8783,-93.3789,43
44.8844,-94.8188,0
44.8344,-93.0358,38
45.2012,-93.6658,25
44.1386,-123.0658,0
48.1810,-117.1712,0
46.8818,-64.1973,0
37.7398,-89.8603,0
44.5738,-106.9022,56
34.9189,-86.7836,0
43.3085,-87.9848,13
39.3929,-74.6248,0
40.4754,-106.8085,94
34.1109,-109.9003,0
42.4970,-71.7750,0
35.4606,-81.3296,0
45.6357,-110.4331,5
42.4310,-83.3819,0
45.5519,-116.3028,0
29.5037,-95.1023,0
40.6413,-91.7434,0
49.5171,-96.7356,919
44.8559,-92.6127,36
39.7866,-77.7253,0
38.9539,-92.3381,0
43.4702,-80.5063,0
38.3042,-104.7440,0
42.9880,-85.8103,0
37.3996,-119.7381,0
42.5148,-82.9042,0
39.3542,-101.6996,0
45.7267,-65.5286,0
39.6596,-104.8760,51
44.6658,-70.0272,0
35.6874,-88.8809,0
44.7246,-63.8192,0
43.7051,-99.3773,0
39.2016,-106.0412,5
45.7595,-108.6133,53
36.1967,-86.6055,0
40.0591,-105.1717,0
33.6239,-117.6275,0
47.1556,-53.4722,0
44.8913,-93.3141,25
62.2272,-150.0731,0
50.5183,-119.2487,0
40.4624,-90.7452,0
47.0412,-91.7528,8
39.0400,-108.5210,0
41.5828,-70.5803,0
44.0866,-103.3701,0
43.4743,-84.6673,0
44.7586,-72.1168,0
44.5667,-106.9221,81
39.3859,-104.8529,0
47.5400,-111.2943,15
44.3541,-66.1026,0
46.2853,-96.0663,8
42.8966,-76.6727,0
45.9654,-94.8916,0
40.5876,-105.1473,0
44.3882,-71.2695,0
40.9436,-74.1523,0
44.7584,-108.7769,0
41.6235,-90.3514,0
45.4943,-110.2250,5
39.1223,-77.8187,0
43.3194,-88.1681,0
39.8626,-74.1410,0
40.3302,-105.5221,10
46.7762,-116.8570,267
47.7446,-122.5097,0
42.8230,-86.0678,0
46.1661,-113.0853,43
42.8918,-88.1423,0
40.2647,-87.6656,0
45.6138,-111.0566,10
39.7197,-105.2472,0
39.9892,-105.4450,10
45.0707,-92.8085,1778
47.4669,-121.6806,0
44.8358,-92.6210,38
47.4450,-104.3454,25
31.8449,-102.4858,0
38.7338,-120.7110,0
39.4109,-104.2391,61
46.2508,-63.3342,0
39.4905,-105.5239,0
46.7544,-117.0005,0
44.0397,-92.4375,61
38.2404,-107.7888,13
42.9864,-78.8706,0
46.1744,-89.3038,56
44.5292,-109.0755,3
46.2583,-95.7147,10
38.3029,-104.7910,0
40.0891,-97.1959,0
39.1125,-104.8590,0
35.0114,-86.8392,0
45.9689,-94.3772,0
37.8339,-87.5840,0
45.0336,-123.4277,0
43.8028,-81.1838,0
34.2917,-83.3236,0
41.7010,-84.9867,0
42.8475,-95.7024,0
44.6209,-106.8029,178
46.9386,-90.8349,20
45.8833,-92.0960,33
39.9752,-104.7909,56
38.7845,-76.0739,0
39.4819,-106.0325,23
50.1784,-100.4396,112
42.4284,-87.8838,0
43.6107,-73.0466,0
44.6877,-94.0384,41
45.7699,-64.2180,0
42.5597,-87.8566,0
41.9950,-75.9650,0
32.2529,-80.7350,0
40.7230,-73.7110,0
36.4590,-81.1525,0
29.4944,-95.1036,0
