18.1747,-66.7978,15
31.2022,-93.5725,66
40.7264,-122.7947,58
38.8586,-99.3358,51
28.0372,-97.8725,107
43.8544,-116.4664,94
36.9969,-119.7072,58
37.1503,-104.5567,46
37.2792,-86.2492,124
40.7142,-122.4161,97
38.6644,-94.8900,51
36.4711,-86.8414,81
35.9328,-88.7267,89
37.9050,-93.3169,66
26.3769,-98.8117,79
33.6731,-111.1508,71
40.1100,-87.9567,33
47.0575,-109.9514,71
33.2564,-81.2422,81
39.7506,-92.5064,74
33.9544,-102.7783,56
44.6342,-123.1900,114
42.9536,-112.8253,76
28.4675,-98.2525,114
44.7764,-108.7592,99
36.1056,-82.8436,69
40.4750,-86.9919,71
42.9592,-120.7897,142
40.2842,-109.8611,104
26.1781,-97.9708,91
37.3806,-107.5811,74
32.7547,-104.3836,97
42.4492,-76.4492,56
39.9000,-98.0256,61
39.0303,-76.9314,46
39.8114,-99.9386,76
40.6117,-122.5281,56
31.6164,-94.6431,122
34.1864,-90.5572,94
46.0436,-118.4628,91
34.5822,-119.9817,114
40.1739,-101.0611,69
35.3872,-76.7764,53
34.7675,-106.7611,46
31.8769,-105.2369,0
42.1397,-87.7853,64
45.6750,-111.1550,76
40.5764,-105.0858,79
28.4575,-97.7061,81
34.5697,-93.1947,69
30.8408,-89.5453,0
39.0172,-92.7558,18
35.1867,-102.0797,61
28.6575,-96.5553,89
37.5147,-122.0325,71
40.7833,-81.9167,86
32.8964,-107.3078,86
33.7542,-99.1442,112
35.1131,-89.2122,86
42.8767,-77.0308,84
33.4311,-90.9108,84
34.7281,-90.3683,91
39.2494,-106.3714,28
40.4719,-74.4364,43
33.6772,-93.9903,48
38.4917,-122.1242,94
47.7283,-104.1467,76
38.5039,-95.7036,41
37.0683,-88.7725,86
30.5467,-87.8808,41
33.7092,-93.5564,86
45.9228,-108.2444,74
39.1172,-95.4097,43
46.8706,-68.0172,28
42.0208,-93.7742,66
32.6406,-96.9747,107
35.1297,-89.8036,91
39.2475,-96.5994,66
30.0689,-94.2928,58
40.2233,-86.1086,71
44.9847,-93.1772,89
40.1550,-103.1417,97
18.2583,-65.9922,94
33.6897,-101.8219,81
35.6214,-88.8456,99
35.8819,-83.9572,51
64.8569,-147.8611,10
44.0622,-103.4819,38
44.2394,-95.3153,74
38.4661,-101.7758,99
44.0708,-93.5264,272
31.6003,-97.2169,64
35.3886,-106.5439,112
37.7967,-121.5828,145
31.8611,-97.3750,86
46.7603,-117.1861,130
26.2656,-97.8714,135
43.4033,-103.2683,76
36.2403,-106.4278,61
35.7197,-86.9653,89
34.6033,-104.3811,84
36.8047,-107.6214,41
34.9881,-120.3211,86
31.0372,-97.5283,91
31.3706,-100.4942,114
33.0353,-96.4861,25
26.8400,-81.0872,69
41.9342,-88.7756,76
33.4692,-88.7822,81
28.7156,-97.1742,51
41.0267,-86.5867,64
38.7403,-104.3994,86
42.1231,-111.3133,71
34.1419,-80.8700,86
36.3444,-88.8636,79
38.9667,-98.4889,64
40.0892,-99.2133,28
35.4139,-86.8086,109
33.4258,-111.9217,84
41.2986,-80.7647,361
38.7978,-99.7231,66
35.6414,-106.3322,25
37.7617,-117.5658,104
39.3903,-94.5553,61
39.0422,-108.4664,104
38.9408,-95.3397,66
31.0619,-94.1011,36
35.1108,-81.9675,64
47.0022,-118.5658,135
32.8242,-95.5275,112
43.5492,-71.4647,450
36.0147,-85.1314,66
34.8847,-99.2964,104
48.4983,-109.8014,6439
44.1183,-121.2103,109
32.2631,-96.6369,173
35.6872,-90.0964,112
30.2003,-92.6642,69
36.5575,-105.2628,455
40.8250,-92.8925,74
38.5200,-89.8467,104
39.0936,-106.3514,41
38.5350,-121.7761,91
35.7047,-101.5492,89
48.7178,-122.5114,30
38.6450,-95.5661,43
34.6603,-82.8236,84
36.5928,-106.7300,48
38.4931,-122.0047,112
38.0633,-102.9297,76
40.7131,-79.5144,61
31.8456,-99.5606,84
34.1981,-101.7461,99
35.4072,-104.1906,94
40.1167,-76.4333,76
32.8522,-95.8864,114
45.6911,-118.8522,99
61.5664,-149.2542,51
34.3961,-89.7903,86
35.1161,-93.6506,64
29.8608,-98.1958,97
32.2822,-106.7597,74
34.5989,-103.2161,0
35.2006,-103.6867,0
33.0642,-101.0489,112
41.9928,-71.1667,20
41.4439,-86.9294,109
42.7467,-71.0425,41
33.1481,-95.6269,104
18.0258,-66.5253,76
47.6811,-117.6267,114
36.5508,-114.4581,155
33.1461,-107.1842,94
31.9611,-96.6881,94
38.2597,-104.7169,84
39.3925,-101.0689,76
29.4608,-101.0286,150
44.8831,-85.6753,114
31.9633,-98.4942,94
41.6661,-111.8914,74
40.2539,-85.1483,81
30.7189,-97.3211,76
37.6967,-93.7722,64
34.8219,-89.4347,99
35.0489,-97.9158,81
32.9206,-86.6708,879
32.9506,-97.0553,124
25.8175,-80.2858,81
31.9497,-91.2336,76
34.0828,-106.8831,1113
39.6619,-99.1228,66
44.3089,-85.2050,53
38.0047,-120.4864,124
30.7053,-104.0233,61
33.4594,-104.4042,584
39.4031,-99.4192,66
36.6897,-108.3086,71
32.4219,-93.6381,107
37.9931,-100.8122,38
29.6211,-96.3661,69
30.6836,-97.7172,36
33.3192,-95.6039,109
46.7047,-92.5253,1806
27.4272,-80.4053,0
40.2458,-111.6508,79
32.3378,-89.0817,46
46.7281,-116.9558,107
40.3708,-81.7908,89
34.1381,-88.9983,99
45.4825,-120.7236,140
44.3253,-96.7686,76
32.2683,-101.4858,127
32.9203,-94.7225,51
30.3367,-96.5403,99
41.4903,-71.5431,48
