40.7264,-122.7947,194
38.8586,-99.3358,217
43.8544,-116.4664,150
37.1503,-104.5567,139
40.7142,-122.4161,200
37.9050,-93.3169,222
33.6731,-111.1508,244
47.0575,-109.9514,117
42.9536,-112.8253,67
28.4675,-98.2525,244
44.7764,-108.7592,139
40.4750,-86.9919,167
42.9592,-120.7897,178
40.2842,-109.8611,133
37.3806,-107.5811,100
39.9000,-98.0256,183
39.0303,-76.9314,194
39.8114,-99.9386,178
40.6117,-122.5281,206
46.0436,-118.4628,189
43.8083,-111.7892,106
34.5822,-119.9817,183
40.1739,-101.0611,206
34.7675,-106.7611,211
42.1397,-87.7853,178
45.6750,-111.1550,122
40.7833,-81.9167,167
33.7542,-99.1442,239
42.8767,-77.0308,194
38.4917,-122.1242,106
47.7283,-104.1467,194
37.0683,-88.7725,200
45.9228,-108.2444,139
39.1172,-95.4097,283
46.8706,-68.0172,200
40.2233,-86.1086,194
40.1550,-103.1417,156
35.6214,-88.8456,211
64.8569,-147.8611,111
44.0622,-103.4819,100
38.4661,-101.7758,194
37.7967,-121.5828,189
46.7603,-117.1861,144
35.7197,-86.9653,211
36.8047,-107.6214,139
34.9881,-120.3211,178
26.8400,-81.0872,244
41.9342,-88.7756,156
42.1231,-111.3133,89
40.0892,-99.2133,178
35.4139,-86.8086,200
38.7978,-99.7231,206
37.7617,-117.5658,161
39.3903,-94.5553,-178
39.0422,-108.4664,161
38.9408,-95.3397,283
47.0022,-118.5658,156
43.5492,-71.4647,178
36.0147,-85.1314,161
48.4983,-109.8014,161
44.1183,-121.2103,117
30.2003,-92.6642,244
36.5575,-105.2628,133
38.5350,-121.7761,183
35.7047,-101.5492,189
48.7178,-122.5114,156
38.6450,-95.5661,317
38.4931,-122.0047,200
35.4072,-104.1906,200
40.1167,-76.4333,200
45.6911,-118.8522,172
61.5664,-149.2542,122
32.2822,-106.7597,206
34.5989,-103.2161,183
35.2006,-103.6867,244
41.4439,-86.9294,172
42.7467,-71.0425,200
47.6811,-117.6267,150
36.5508,-114.4581,211
39.3925,-101.0689,178
29.4608,-101.0286,256
41.6661,-111.8914,128
40.2539,-85.1483,183
37.6967,-93.7722,222
35.0489,-97.9158,256
34.0828,-106.8831,206
39.6619,-99.1228,167
38.0047,-120.4864,211
30.7053,-104.0233,156
39.4031,-99.4192,139
36.6897,-108.3086,178
37.9931,-100.8122,200
40.2458,-111.6508,161
46.7281,-116.9558,150
45.4825,-120.7236,183
41.4903,-71.5431,189
