18.4325,-66.0108,1405
41.7419,-72.1836,1301
32.7000,-117.2000,1654
42.1908,-71.1736,1205
55.5800,-133.0750,1311
46.1442,-115.5964,1716
31.3500,-85.6667,1911
40.3300,-75.1225,1237
59.4433,-151.7017,1009
39.2775,-120.7103,1241
42.1594,-76.8919,1251
61.1689,-150.0278,2301
34.2008,-119.2069,1734
66.9161,-151.5089,1517
64.3267,-158.7417,1507
41.2639,-72.8872,1328
40.6161,-83.0636,1659
60.7850,-148.8389,1043
70.6392,-159.9950,1323
59.6419,-151.4908,1421
40.2172,-76.8514,1141
28.4736,-82.4544,1224
29.3331,-89.4075,2103
41.0731,-71.9233,1514
44.5761,-71.1786,1231
40.0781,-83.0781,1657
38.3083,-75.1239,907
35.0028,-105.6628,1608
7.4500,151.8333,1947
41.7700,-88.4814,1557
41.3714,-73.4828,1142
36.9500,-76.2833,229
43.3497,-76.3847,2113
31.4156,-87.0442,1530
46.5486,-90.9189,1450
67.7317,-164.5483,1202
42.5842,-70.9175,1302
35.6875,-117.6931,1732
58.3567,-134.5639,1823
42.4092,-83.0100,1713
30.4636,-88.5319,843
37.3278,-95.5042,1245
46.4047,-94.1308,1141
39.9369,-91.1919,1130
62.3200,-150.0950,1415
40.2383,-75.5572,1519
30.8356,-85.1839,1402
38.0653,-97.8606,1540
42.7172,-71.1239,1249
30.2333,-81.6667,1740
30.5069,-86.9597,1451
47.4569,-115.6450,1751
41.0136,-83.6686,1622
34.9883,-117.8647,1706
41.3461,-82.1794,1838
39.4203,-83.8217,1459
42.4933,-79.2722,1918
59.4556,-135.3239,1656
30.3503,-81.8831,1811
62.9614,-141.9292,1454
41.2531,-70.0608,1623
32.5428,-93.7450,1639
47.1686,-88.4889,1810
34.8461,-82.3461,748
41.6686,-70.2800,1432
37.7081,-77.4344,1306
43.9906,-70.9475,1228
41.7781,-80.6958,1412
41.7361,-72.6506,1423
34.2486,-82.1592,834
47.7472,-90.3444,1415
37.0911,-95.5664,1257
22.0333,-159.7833,1517
41.0089,-74.7367,1237
39.5936,-84.2264,1949
41.5097,-72.8278,1334
44.0219,-82.7931,1652
30.4000,-81.4167,1626
41.5631,-83.4764,1650
33.4050,-118.4158,1605
32.7667,-97.4500,1912
38.6956,-121.5897,2238
42.6425,-77.0564,1402
48.1203,-123.4983,1829
39.9181,-76.8742,1205
34.7000,-77.3833,1850
41.7872,-111.8533,2040
41.1961,-112.0114,1424
61.2169,-149.8550,1741
30.6264,-88.0681,1758
41.3275,-72.0494,1624
39.7556,-82.6572,1204
44.3675,-71.5450,908
39.1033,-84.4189,1528
42.8050,-72.0036,1319
40.0228,-82.4625,2248
41.2003,-74.6231,1055
42.7611,-87.8136,1306
60.1283,-149.4167,852
7.3333,134.4833,2329
34.1167,-119.1167,2220
32.8667,-117.1333,1315
45.8258,-119.2611,2130
39.4167,-118.7167,848
38.8983,-119.9947,1109
38.9833,-76.4667,1341
31.6072,-110.4281,1612
41.3497,-71.7989,1511
35.6542,-105.1419,1225
56.6000,-169.5650,1625
59.7494,-154.9089,1649
42.4167,-87.8667,1115
41.5175,-81.6836,2358
48.7167,-94.6000,1342
40.1203,-76.2944,1457
40.8217,-72.8689,1329
38.1417,-76.4292,1707
41.7861,-87.7522,1415
43.9636,-69.7117,1056
42.1578,-72.7161,1404
35.5144,-108.7939,1313
43.2781,-70.9222,1301
39.7333,-77.4333,1307
38.7667,-104.3000,2033
35.9403,-89.8308,1045
64.5500,-149.0717,1524
37.1681,-97.0369,1745
28.0622,-81.7542,1111
34.2097,-118.4892,1535
59.2433,-135.5094,1255
43.6264,-72.3047,1300
36.9839,-77.0075,217
43.7694,-87.8506,1103
34.9000,-76.8833,1917
41.8678,-84.0794,1408
42.2333,-83.5333,1834
40.7342,-73.4169,1244
42.1208,-87.9047,1445
48.5222,-123.0231,1440
39.6092,-110.7547,1746
26.5361,-81.7550,1424
45.4622,-69.5953,1637
66.0689,-162.7639,1514
39.5703,-104.8489,1508
46.4167,-86.6500,909
45.8183,-88.1144,1659
30.7797,-86.5225,1506
41.9144,-88.2464,1356
30.7167,-87.0167,1609
32.8167,-115.6833,1505
17.7028,-64.8056,1445
30.4000,-86.4717,1225
35.9333,-79.0642,954
41.0467,-78.4117,1156
42.2228,-83.7444,720
36.8167,-76.0333,301
41.6875,-69.9933,1617
62.1592,-145.4589,1420
36.7436,-108.2292,1327
34.6719,-82.8864,909
40.8206,-76.8642,1136
39.3644,-84.5247,1437
38.3000,-76.4167,113
36.3333,-119.9500,1817
43.1072,-78.9453,1656
35.1350,-90.2344,1035
47.3864,-92.8389,1644
38.4167,-113.0167,2112
47.4667,-87.8833,1620
31.3928,-92.2956,1641
70.1917,-148.4772,2036
24.5833,-81.6833,1339
30.3433,-89.8222,1528
40.8500,-74.0614,1227
63.9944,-145.7214,1248
41.9097,-70.7294,1541
39.4900,-121.6183,2112
30.0494,-90.0289,2321
60.4889,-145.4511,1345
61.5961,-149.0917,2044
30.7044,-87.0231,1610
47.2675,-122.5761,1842
35.0169,-80.6206,912
38.9503,-95.6639,1531
41.4525,-87.0058,1142
31.8456,-86.6108,1533
34.7917,-79.3661,912
6.9667,158.2167,1250
31.1500,-92.9667,1324
46.9006,-95.0678,1423
41.5333,-71.2833,1414
38.8761,-98.8092,1800
31.9514,-85.1289,1649
39.9492,-74.8417,1439
27.5000,-97.8167,1606
57.0481,-135.3647,925
43.7700,-88.4864,1042
47.9078,-122.2803,2010
42.5700,-72.2911,1246
42.6650,-83.4181,1700
42.5950,-87.9381,1158
64.7767,-141.1483,1814
35.1967,-81.1558,832
43.2339,-75.4117,859
37.7461,-97.2211,2307
27.9106,-82.6875,1204
40.0681,-118.5692,1850
40.3547,-79.9217,1646
41.5092,-74.2650,1327
42.5708,-77.7133,1510
48.3500,-122.6667,1435
36.7414,-104.5022,1638
40.8731,-81.8867,1323
60.5797,-151.2392,1434
39.3667,-75.0667,1634
46.0261,-91.4442,1432
41.6764,-70.9583,1335
47.2381,-123.1408,1605
43.1644,-95.2017,123
45.6194,-121.1661,1739
41.8756,-71.0211,1315
37.1319,-76.4930,254
41.3931,-70.6150,1521
37.7064,-112.1456,1346
43.2119,-90.1814,1141
42.1094,-77.9919,1314
42.6958,-73.1708,1202
40.8764,-74.2831,1425
41.6264,-80.2150,1539
39.2956,-80.2289,1636
35.6169,-106.0889,1435
35.8550,-77.8931,903
42.4700,-71.2894,639
41.0375,-81.4642,1436
36.6950,-76.1356,336
55.3567,-131.7117,144
18.3331,-64.9667,1050
42.5519,-71.7558,1412
70.2117,-151.0017,2056
32.4833,-80.7167,157
32.5500,-88.5667,1428
47.4933,-122.2144,1832
42.9333,-71.4383,1345
40.0819,-75.0111,546
41.0669,-73.7075,1242
47.5303,-122.3008,1226
27.6833,-97.2833,1800
47.0339,-120.5303,1818
61.1781,-149.9664,1809
42.6003,-123.3642,2319
35.1822,-103.6031,1658
34.9869,-81.0575,808
