32.5667,-117.1167,1444
30.0494,-90.0289,1942
43.9906,-70.9475,2355
45.6194,-121.1661,5
34.2008,-119.2069,526
64.7767,-141.1483,533
35.0169,-80.6206,1911
38.3000,-76.4167,2118
41.3461,-82.1794,1132
37.7461,-97.2211,58
39.7333,-77.4333,2141
41.6764,-70.9583,2240
42.2333,-83.5333,1848
36.7414,-104.5022,49
41.2531,-70.0608,2300
31.3558,-85.7511,2227
37.3278,-95.5042,102
41.6264,-80.2150,1349
60.1283,-149.4167,1321
61.2169,-149.8550,923
64.5500,-149.0717,1752
36.9839,-77.0075,2147
40.0681,-118.5692,539
38.8761,-98.8092,2
41.0089,-74.7367,2245
26.5361,-81.7550,1309
64.3267,-158.7417,644
41.9097,-70.7294,1410
42.6958,-73.1708,2350
42.6425,-77.0564,2130
41.6686,-70.2800,2312
59.7494,-154.9089,1749
37.0911,-95.5664,118
39.9369,-91.1919,1009
41.4525,-87.0058,1903
40.8764,-74.2831,2301
42.5519,-71.7558,2221
32.5428,-93.7450,944
41.2639,-72.8872,2329
62.3200,-150.0950,223
47.5303,-122.3008,2352
42.1094,-77.9919,2357
34.9869,-81.0575,1244
40.8436,-72.6322,2155
41.0731,-71.9233,1949
36.3333,-119.9500,1207
33.4050,-118.4158,1950
44.5483,-95.0803,42
40.8217,-72.8689,2034
42.4092,-83.0100,2304
35.6169,-106.0889,56
41.5631,-83.4764,1735
30.7797,-86.5225,426
38.6956,-121.5897,1301
27.9106,-82.6875,1325
40.1203,-76.2944,2215
32.7667,-97.4500,423
38.4167,-113.0167,850
46.4167,-86.6500,1543
47.9078,-122.2803,2318
45.8183,-88.1144,1116
66.9161,-151.5089,1155
41.5333,-71.2833,2255
28.4736,-82.4544,1133
17.7028,-64.8056,958
48.5222,-123.0231,1418
40.6161,-83.0636,1122
42.4167,-87.8667,2233
70.6392,-159.9950,858
31.9514,-85.1289,2118
35.9333,-79.0642,2114
18.3331,-64.9667,630
41.8678,-84.0794,2346
44.3675,-71.5450,222
46.0261,-91.4442,426
41.5175,-81.6836,1938
24.5833,-81.6833,100
41.5092,-74.2650,2311
36.8167,-76.0333,2215
18.2550,-65.6408,454
31.4156,-87.0442,55
40.2383,-75.5572,2241
35.5144,-108.7939,1451
48.1203,-123.4983,1725
38.8983,-119.9947,1103
32.8167,-115.6833,1340
28.0622,-81.7542,1017
39.7556,-82.6572,712
30.4000,-81.4167,1710
18.4325,-66.0108,1434
31.6072,-110.4281,1345
63.9944,-145.7214,447
46.5486,-90.9189,212
55.5800,-133.0750,649
47.4933,-122.2144,2330
35.1822,-103.6031,1525
59.4556,-135.3239,2059
37.7064,-112.1456,1440
60.7850,-148.8389,1330
47.2675,-122.5761,2213
35.8550,-77.8931,1616
35.0028,-105.6628,1405
39.9181,-76.8742,2309
67.7317,-164.5483,1002
30.6264,-88.0681,2305
38.3083,-75.1239,1741
30.5069,-86.9597,338
37.1319,-76.4930,1741
41.7361,-72.6506,2212
22.0333,-159.7833,727
39.5936,-84.2264,654
41.2003,-74.6231,2215
39.1033,-84.4189,704
30.7044,-87.0231,2131
37.7081,-77.4344,2027
39.4900,-121.6183,709
34.9000,-76.8833,1952
42.8050,-72.0036,2312
41.3931,-70.6150,2239
39.3667,-75.0667,2052
31.3928,-92.2956,1049
41.5097,-72.8278,2147
32.4833,-80.7167,243
41.6875,-69.9933,2316
30.8458,-85.6014,2256
34.7000,-77.3833,719
7.3333,134.4833,2107
35.9403,-89.8308,1228
46.1442,-115.5964,1921
70.1917,-148.4772,2353
43.2781,-70.9222,538
59.4433,-151.7017,2322
30.3433,-89.8222,1251
40.6239,-74.6694,2334
31.8456,-86.6108,307
55.3567,-131.7117,1110
59.2433,-135.5094,2353
41.0375,-81.4642,1157
39.3644,-84.5247,1820
47.0339,-120.5303,1332
45.8258,-119.2611,1039
47.4667,-87.8833,800
36.7436,-108.2292,243
40.8500,-74.0614,2318
38.5000,-77.3000,1755
36.6950,-76.1356,2328
31.1500,-92.9667,1351
41.7781,-80.6958,1145
32.5500,-88.5667,408
43.1561,-90.6775,317
41.7419,-72.1836,2146
38.7667,-104.3000,1100
42.6003,-123.3642,1611
48.7167,-94.6000,1218
47.3864,-92.8389,1255
45.8678,-95.3942,2040
42.2228,-83.7444,2047
39.2775,-120.7103,857
43.9636,-69.7117,18
35.1350,-90.2344,1254
34.2097,-118.4892,2346
43.6264,-72.3047,2304
34.6719,-82.8864,1938
41.3714,-73.4828,2339
58.3567,-134.5639,459
41.9144,-88.2464,1322
41.8756,-71.0211,1408
46.4047,-94.1308,28
44.8322,-93.4706,20
61.1689,-150.0278,1034
47.7472,-90.3444,28
42.6650,-83.4181,2230
29.5622,-91.5256,1816
47.1686,-88.4889,414
40.0819,-75.0111,2109
43.3497,-76.3847,1941
40.8731,-81.8867,1053
31.3500,-85.6667,618
39.4203,-83.8217,542
34.7917,-79.3661,1536
7.4500,151.8333,414
34.8461,-82.3461,1731
44.5761,-71.1786,401
37.1681,-97.0369,19
40.1606,-113.3508,557
31.0425,-86.3117,257
43.1644,-95.2017,203
62.9614,-141.9292,752
57.0481,-135.3647,231
42.9333,-71.4383,2354
39.9492,-74.8417,2254
42.5700,-72.2911,2145
60.4889,-145.4511,1459
45.4622,-69.5953,418
42.4933,-79.2722,1256
40.0781,-83.0781,758
62.1592,-145.4589,1145
30.3503,-81.8831,1628
60.5797,-151.2392,752
39.4167,-118.7167,2349
42.4700,-71.2894,2350
35.6875,-117.6931,2127
42.1208,-87.9047,1420
38.9833,-76.4667,1943
47.4569,-115.6450,2241
41.7700,-88.4814,915
38.9503,-95.6639,58
36.9500,-76.2833,1733
31.5883,-110.3442,1215
40.7342,-73.4169,2339
45.0619,-93.3508,28
40.8206,-76.8642,2004
29.3331,-89.4075,2351
42.1594,-76.8919,1933
42.7172,-71.1239,2342
40.0228,-82.4625,1122
42.1908,-71.1736,2243
66.0689,-162.7639,700
41.3275,-72.0494,1322
41.0669,-73.7075,2301
41.7872,-111.8533,632
47.2381,-123.1408,2303
43.9844,-88.5569,1720
44.9319,-93.0556,26
61.5961,-149.0917,2234
38.0653,-97.8606,144
41.0467,-78.4117,2047
42.5708,-77.7133,2342
61.1781,-149.9664,2335
32.7000,-117.2000,1215
42.1578,-72.7161,155
40.3547,-79.9217,1949
35.1967,-81.1558,1453
27.5000,-97.8167,1003
30.7167,-87.0167,313
41.1961,-112.0114,714
40.3300,-75.1225,2359
30.2333,-81.6667,1716
41.3497,-71.7989,2231
41.7861,-87.7522,1516
40.2172,-76.8514,2254
27.6833,-97.2833,807
42.5842,-70.9175,2359
44.0219,-82.7931,2127
48.3500,-122.6667,1643
9.4833,138.0833,1215
70.2117,-151.0017,2350
30.4000,-86.4717,556
32.8667,-117.1333,1419
31.4000,-93.2833,1615
43.2339,-75.4117,2115
39.6092,-110.7547,226
30.4636,-88.5319,2258
39.2956,-80.2289,1924
35.6542,-105.1419,1419
46.9006,-95.0678,1645
36.1336,-80.2222,2054
43.1072,-78.9453,1302
38.1417,-76.4292,2113
34.2486,-82.1592,1913
59.6419,-151.4908,1508
41.0136,-83.6686,948
36.0467,-79.4769,2016
32.5667,-117.1167,1444
30.0494,-90.0289,1942
43.9906,-70.9475,2355
45.6194,-121.1661,5
34.2008,-119.2069,526
64.7767,-141.1483,533
35.0169,-80.6206,1911
38.3000,-76.4167,2118
41.3461,-82.1794,1132
37.7461,-97.2211,58
39.7333,-77.4333,2141
41.6764,-70.9583,2240
42.2333,-83.5333,1848
36.7414,-104.5022,49
41.2531,-70.0608,2300
31.3558,-85.7511,2227
37.3278,-95.5042,102
41.6264,-80.2150,1349
60.1283,-149.4167,1321
61.2169,-149.8550,923
64.5500,-149.0717,1752
36.9839,-77.0075,2147
40.0681,-118.5692,539
38.8761,-98.8092,2
41.0089,-74.7367,2245
26.5361,-81.7550,1309
64.3267,-158.7417,644
41.9097,-70.7294,1410
42.6958,-73.1708,2350
42.6425,-77.0564,2130
41.6686,-70.2800,2312
59.7494,-154.9089,1749
37.0911,-95.5664,118
39.9369,-91.1919,1009
41.4525,-87.0058,1903
40.8764,-74.2831,2301
42.5519,-71.7558,2221
32.5428,-93.7450,944
41.2639,-72.8872,2329
62.3200,-150.0950,223
47.5303,-122.3008,2352
42.1094,-77.9919,2357
34.9869,-81.0575,1244
40.8436,-72.6322,2155
41.0731,-71.9233,1949
36.3333,-119.9500,1207
33.4050,-118.4158,1950
44.5483,-95.0803,42
40.8217,-72.8689,2034
42.4092,-83.0100,2304
35.6169,-106.0889,56
41.5631,-83.4764,1735
30.7797,-86.5225,426
38.6956,-121.5897,1301
27.9106,-82.6875,1325
40.1203,-76.2944,2215
32.7667,-97.4500,423
38.4167,-113.0167,850
46.4167,-86.6500,1543
47.9078,-122.2803,2318
45.8183,-88.1144,1116
66.9161,-151.5089,1155
41.5333,-71.2833,2255
28.4736,-82.4544,1133
17.7028,-64.8056,958
48.5222,-123.0231,1418
40.6161,-83.0636,1122
42.4167,-87.8667,2233
70.6392,-159.9950,858
31.9514,-85.1289,2118
35.9333,-79.0642,2114
18.3331,-64.9667,630
41.8678,-84.0794,2346
44.3675,-71.5450,222
46.0261,-91.4442,426
41.5175,-81.6836,1938
24.5833,-81.6833,100
41.5092,-74.2650,2311
36.8167,-76.0333,2215
18.2550,-65.6408,454
31.4156,-87.0442,55
40.2383,-75.5572,2241
35.5144,-108.7939,1451
48.1203,-123.4983,1725
38.8983,-119.9947,1103
32.8167,-115.6833,1340
28.0622,-81.7542,1017
39.7556,-82.6572,712
30.4000,-81.4167,1710
18.4325,-66.0108,1434
31.6072,-110.4281,1345
63.9944,-145.7214,447
46.5486,-90.9189,212
55.5800,-133.0750,649
47.4933,-122.2144,2330
35.1822,-103.6031,1525
59.4556,-135.3239,2059
37.7064,-112.1456,1440
60.7850,-148.8389,1330
47.2675,-122.5761,2213
35.8550,-77.8931,1616
35.0028,-105.6628,1405
39.9181,-76.8742,2309
67.7317,-164.5483,1002
30.6264,-88.0681,2305
38.3083,-75.1239,1741
30.5069,-86.9597,338
37.1319,-76.4930,1741
41.7361,-72.6506,2212
22.0333,-159.7833,727
39.5936,-84.2264,654
41.2003,-74.6231,2215
39.1033,-84.4189,704
30.7044,-87.0231,2131
37.7081,-77.4344,2027
39.4900,-121.6183,709
34.9000,-76.8833,1952
42.8050,-72.0036,2312
41.3931,-70.6150,2239
39.3667,-75.0667,2052
31.3928,-92.2956,1049
41.5097,-72.8278,2147
32.4833,-80.7167,243
41.6875,-69.9933,2316
30.8458,-85.6014,2256
34.7000,-77.3833,719
7.3333,134.4833,2107
35.9403,-89.8308,1228
46.1442,-115.5964,1921
70.1917,-148.4772,2353
43.2781,-70.9222,538
59.4433,-151.7017,2322
30.3433,-89.8222,1251
40.6239,-74.6694,2334
31.8456,-86.6108,307
55.3567,-131.7117,1110
59.2433,-135.5094,2353
41.0375,-81.4642,1157
39.3644,-84.5247,1820
47.0339,-120.5303,1332
45.8258,-119.2611,1039
47.4667,-87.8833,800
36.7436,-108.2292,243
40.8500,-74.0614,2318
38.5000,-77.3000,1755
36.6950,-76.1356,2328
31.1500,-92.9667,1351
41.7781,-80.6958,1145
32.5500,-88.5667,408
43.1561,-90.6775,317
41.7419,-72.1836,2146
38.7667,-104.3000,1100
42.6003,-123.3642,1611
48.7167,-94.6000,1218
47.3864,-92.8389,1255
45.8678,-95.3942,2040
42.2228,-83.7444,2047
39.2775,-120.7103,857
43.9636,-69.7117,18
35.1350,-90.2344,1254
34.2097,-118.4892,2346
43.6264,-72.3047,2304
34.6719,-82.8864,1938
41.3714,-73.4828,2339
58.3567,-134.5639,459
41.9144,-88.2464,1322
41.8756,-71.0211,1408
46.4047,-94.1308,28
44.8322,-93.4706,20
61.1689,-150.0278,1034
47.7472,-90.3444,28
42.6650,-83.4181,2230
29.5622,-91.5256,1816
47.1686,-88.4889,414
40.0819,-75.0111,2109
43.3497,-76.3847,1941
40.8731,-81.8867,1053
31.3500,-85.6667,618
39.4203,-83.8217,542
34.7917,-79.3661,1536
7.4500,151.8333,414
34.8461,-82.3461,1731
44.5761,-71.1786,401
37.1681,-97.0369,19
40.1606,-113.3508,557
31.0425,-86.3117,257
43.1644,-95.2017,203
62.9614,-141.9292,752
57.0481,-135.3647,231
42.9333,-71.4383,2354
39.9492,-74.8417,2254
42.5700,-72.2911,2145
60.4889,-145.4511,1459
45.4622,-69.5953,418
42.4933,-79.2722,1256
40.0781,-83.0781,758
62.1592,-145.4589,1145
30.3503,-81.8831,1628
60.5797,-151.2392,752
39.4167,-118.7167,2349
42.4700,-71.2894,2350
35.6875,-117.6931,2127
42.1208,-87.9047,1420
38.9833,-76.4667,1943
47.4569,-115.6450,2241
41.7700,-88.4814,915
38.9503,-95.6639,58
36.9500,-76.2833,1733
31.5883,-110.3442,1215
40.7342,-73.4169,2339
45.0619,-93.3508,28
40.8206,-76.8642,2004
29.3331,-89.4075,2351
42.1594,-76.8919,1933
42.7172,-71.1239,2342
40.0228,-82.4625,1122
42.1908,-71.1736,2243
66.0689,-162.7639,700
41.3275,-72.0494,1322
41.0669,-73.7075,2301
41.7872,-111.8533,632
47.2381,-123.1408,2303
43.9844,-88.5569,1720
44.9319,-93.0556,26
61.5961,-149.0917,2234
38.0653,-97.8606,144
41.0467,-78.4117,2047
42.5708,-77.7133,2342
61.1781,-149.9664,2335
32.7000,-117.2000,1215
42.1578,-72.7161,155
40.3547,-79.9217,1949
35.1967,-81.1558,1453
27.5000,-97.8167,1003
30.7167,-87.0167,313
41.1961,-112.0114,714
40.3300,-75.1225,2359
30.2333,-81.6667,1716
41.3497,-71.7989,2231
41.7861,-87.7522,1516
40.2172,-76.8514,2254
27.6833,-97.2833,807
42.5842,-70.9175,2359
44.0219,-82.7931,2127
48.3500,-122.6667,1643
9.4833,138.0833,1215
70.2117,-151.0017,2350
30.4000,-86.4717,556
32.8667,-117.1333,1419
31.4000,-93.2833,1615
43.2339,-75.4117,2115
39.6092,-110.7547,226
30.4636,-88.5319,2258
39.2956,-80.2289,1924
35.6542,-105.1419,1419
46.9006,-95.0678,1645
36.1336,-80.2222,2054
43.1072,-78.9453,1302
38.1417,-76.4292,2113
34.2486,-82.1592,1913
59.6419,-151.4908,1508
41.0136,-83.6686,948
36.0467,-79.4769,2016
