43.8544,-116.4664,22
43.9794,-117.0247,0
40.1100,-87.9567,-6
41.1453,-85.4897,-33
33.8083,-79.8567,106
47.0575,-109.9514,22
33.2564,-81.2422,83
34.1944,-79.2472,89
41.8161,-80.4250,6
40.4750,-86.9919,0
32.7547,-104.3836,-11
34.2183,-81.0731,106
42.7831,-71.4147,0
37.1317,-86.1481,72
37.8194,-85.3847,56
42.1397,-87.7853,6
44.4933,-68.4583,0
40.4719,-74.4364,17
62.1925,-150.5033,-6
37.0683,-88.7725,61
46.8706,-68.0172,0
38.4558,-86.6983,33
40.2233,-86.1086,39
44.9847,-93.1772,6
34.4719,-81.8839,94
35.6214,-88.8456,94
32.3500,-94.6500,61
37.9311,-98.0297,11
40.0739,-87.5067,11
39.4833,-83.8500,-6
42.2947,-83.7108,-11
37.1244,-87.8672,33
38.4661,-101.7758,6
27.7792,-97.5056,128
38.7003,-82.4736,83
39.4700,-80.8572,22
38.7386,-87.4878,11
28.7156,-97.1742,144
41.0267,-86.5867,0
34.1419,-80.8700,72
35.6042,-91.2744,100
45.0853,-67.1203,-6
34.6603,-82.8236,89
38.8894,-86.5519,56
64.9156,-148.2711,11
42.3806,-96.9575,-17
32.2822,-106.7597,67
41.4439,-86.9294,-6
47.6811,-117.6267,-22
33.7775,-81.8467,94
40.9361,-90.7197,0
36.1306,-80.5481,72
32.5133,-92.3486,100
40.2539,-85.1483,22
46.3414,-86.9242,6
38.3139,-81.7186,44
36.7578,-90.4056,67
28.8608,-97.0181,172
40.8142,-85.1547,-22
37.9931,-100.8122,28
37.1167,-84.6167,106
36.5914,-101.6181,-6
20.7583,-156.3211,117
43.8544,-116.4664,22
43.9794,-117.0247,0
40.1100,-87.9567,-6
41.1453,-85.4897,-33
33.8083,-79.8567,106
47.0575,-109.9514,22
33.2564,-81.2422,83
34.1944,-79.2472,89
41.8161,-80.4250,6
40.4750,-86.9919,0
32.7547,-104.3836,-11
34.2183,-81.0731,106
42.7831,-71.4147,0
37.1317,-86.1481,72
37.8194,-85.3847,56
42.1397,-87.7853,6
44.4933,-68.4583,0
40.4719,-74.4364,17
62.1925,-150.5033,-6
37.0683,-88.7725,61
46.8706,-68.0172,0
38.4558,-86.6983,33
40.2233,-86.1086,39
44.9847,-93.1772,6
34.4719,-81.8839,94
35.6214,-88.8456,94
32.3500,-94.6500,61
37.9311,-98.0297,11
40.0739,-87.5067,11
39.4833,-83.8500,-6
42.2947,-83.7108,-11
37.1244,-87.8672,33
38.4661,-101.7758,6
27.7792,-97.5056,128
38.7003,-82.4736,83
39.4700,-80.8572,22
38.7386,-87.4878,11
28.7156,-97.1742,144
41.0267,-86.5867,0
34.1419,-80.8700,72
35.6042,-91.2744,100
45.0853,-67.1203,-6
34.6603,-82.8236,89
38.8894,-86.5519,56
64.9156,-148.2711,11
42.3806,-96.9575,-17
32.2822,-106.7597,67
41.4439,-86.9294,-6
47.6811,-117.6267,-22
33.7775,-81.8467,94
40.9361,-90.7197,0
36.1306,-80.5481,72
32.5133,-92.3486,100
40.2539,-85.1483,22
46.3414,-86.9242,6
38.3139,-81.7186,44
36.7578,-90.4056,67
28.8608,-97.0181,172
40.8142,-85.1547,-22
37.9931,-100.8122,28
37.1167,-84.6167,106
36.5914,-101.6181,-6
20.7583,-156.3211,117
