18.1747,-66.7978,8
40.7264,-122.7947,23
43.8544,-116.4664,0
36.9969,-119.7072,134
40.7142,-122.4161,31
47.0575,-109.9514,122
42.9592,-120.7897,113
40.6117,-122.5281,6
31.6164,-94.6431,18
43.8083,-111.7892,373
34.5822,-119.9817,24
31.8769,-105.2369,69
45.7206,-118.6264,32
40.5764,-105.0858,56
36.4622,-116.8669,278
34.5697,-93.1947,6
30.8408,-89.5453,0
37.5147,-122.0325,32
32.8964,-107.3078,56
30.7931,-94.1819,60
38.4917,-122.1242,24
47.7283,-104.1467,51
33.7092,-93.5564,0
18.0331,-67.0722,32
40.1550,-103.1417,137
18.2583,-65.9922,3
35.8819,-83.9572,0
35.7197,-86.9653,159
34.6033,-104.3811,109
34.9881,-120.3211,97
31.3706,-100.4942,140
42.1231,-111.3133,93
37.3822,-102.2986,298
37.7617,-117.5658,34
43.5492,-71.4647,122
36.0147,-85.1314,159
30.2003,-92.6642,74
39.9614,-86.0586,10
35.7047,-101.5492,217
34.6603,-82.8236,6
38.4931,-122.0047,43
42.3806,-96.9575,6
32.8522,-95.8864,109
32.2822,-106.7597,74
34.5989,-103.2161,256
33.0642,-101.0489,84
33.1481,-95.6269,0
34.1647,-88.7239,0
36.5508,-114.4581,24
33.1461,-107.1842,74
44.8831,-85.6753,129
26.5581,-99.1372,50
25.8175,-80.2858,103
44.3089,-85.2050,76
38.0047,-120.4864,10
30.7053,-104.0233,164
32.4219,-93.6381,87
37.9931,-100.8122,259
29.6211,-96.3661,71
32.9203,-94.7225,114
18.1747,-66.7978,8
40.7264,-122.7947,23
43.8544,-116.4664,0
36.9969,-119.7072,134
40.7142,-122.4161,31
47.0575,-109.9514,122
42.9592,-120.7897,113
40.6117,-122.5281,6
31.6164,-94.6431,18
43.8083,-111.7892,373
34.5822,-119.9817,24
31.8769,-105.2369,69
45.7206,-118.6264,32
40.5764,-105.0858,56
36.4622,-116.8669,278
34.5697,-93.1947,6
30.8408,-89.5453,0
37.5147,-122.0325,32
32.8964,-107.3078,56
30.7931,-94.1819,60
38.4917,-122.1242,24
47.7283,-104.1467,51
33.7092,-93.5564,0
18.0331,-67.0722,32
40.1550,-103.1417,137
18.2583,-65.9922,3
35.8819,-83.9572,0
35.7197,-86.9653,159
34.6033,-104.3811,109
34.9881,-120.3211,97
31.3706,-100.4942,140
42.1231,-111.3133,93
37.3822,-102.2986,298
37.7617,-117.5658,34
43.5492,-71.4647,122
36.0147,-85.1314,159
30.2003,-92.6642,74
39.9614,-86.0586,10
35.7047,-101.5492,217
34.6603,-82.8236,6
38.4931,-122.0047,43
42.3806,-96.9575,6
32.8522,-95.8864,109
32.2822,-106.7597,74
34.5989,-103.2161,256
33.0642,-101.0489,84
33.1481,-95.6269,0
34.1647,-88.7239,0
36.5508,-114.4581,24
33.1461,-107.1842,74
44.8831,-85.6753,129
26.5581,-99.1372,50
25.8175,-80.2858,103
44.3089,-85.2050,76
38.0047,-120.4864,10
30.7053,-104.0233,164
32.4219,-93.6381,87
37.9931,-100.8122,259
29.6211,-96.3661,71
32.9203,-94.7225,114
