34.6517,-112.4208,49
36.7436,-108.2292,54
40.8289,-115.7886,40
36.1994,-95.8872,165
35.8311,-90.6464,152
37.1467,-94.5022,148
33.9381,-118.3889,67
29.6919,-82.2756,139
47.3258,-106.9475,81
26.2281,-97.6542,130
34.1750,-91.9347,121
28.1011,-80.6439,121
31.5356,-84.1944,143
33.8719,-117.9789,98
46.1442,-115.5964,22
39.1353,-96.6778,107
59.4433,-151.7017,58
37.3208,-79.2067,143
62.9575,-155.6103,31
34.2097,-118.4892,143
44.8322,-93.4706,139
30.3975,-84.3289,89
43.5667,-116.2406,54
34.7917,-79.3661,161
25.7906,-80.3164,121
44.5483,-95.0803,165
40.9706,-85.2064,152
42.8975,-106.4636,107
64.5111,-165.4400,98
42.6425,-77.0564,192
61.1781,-149.9664,27
30.6264,-88.0681,125
34.4258,-119.8425,63
39.3669,-101.7000,116
34.3622,-98.9761,188
48.3042,-114.2636,139
61.5961,-149.0917,36
42.7267,-114.4564,103
21.1544,-157.0961,103
31.7800,-103.2017,107
40.0681,-118.5692,40
33.6228,-111.9106,36
36.8167,-76.0333,165
48.2553,-101.2733,130
30.0375,-91.8839,98
42.9486,-78.7369,228
38.0700,-102.6881,81
33.9786,-98.4928,179
30.5892,-96.3647,130
33.4617,-80.8581,224
42.9667,-83.7494,143
47.6217,-117.5281,121
35.0678,-77.0481,148
38.8000,-97.6500,165
38.8983,-119.9947,36
59.6419,-151.4908,63
40.2342,-85.3936,174
31.6189,-97.2283,139
66.9161,-151.5089,40
47.3978,-120.2014,49
31.9433,-102.1889,98
30.3361,-81.5147,148
32.0311,-96.3989,148
30.3567,-95.4139,143
33.4536,-94.0075,130
26.1658,-97.3458,143
6.9667,158.2167,112
48.1203,-123.4983,45
41.3931,-70.6150,174
45.6194,-121.1661,49
42.2333,-83.5333,148
39.4494,-74.5672,206
26.5850,-81.8614,98
33.6361,-91.7556,112
45.8258,-119.2611,54
37.0911,-95.5664,161
40.8206,-76.8642,170
41.2531,-70.0608,201
32.5428,-93.7450,112
35.0419,-106.6156,63
43.2119,-90.1814,143
33.2367,-107.2681,58
33.4669,-82.0386,152
42.9203,-112.5711,98
41.0089,-74.7367,116
66.0689,-162.7639,125
35.2325,-75.6219,165
41.3119,-105.6747,224
34.3478,-85.1611,139
46.0261,-91.4442,103
40.0397,-88.2778,174
46.4794,-84.3572,112
41.3325,-122.3328,45
39.8447,-89.6839,161
42.1578,-72.7161,85
45.5406,-122.9486,107
41.2731,-111.0306,139
40.6239,-74.6694,157
38.1386,-78.4530,161
39.6428,-79.9164,152
33.8281,-116.5053,54
38.9503,-95.6639,170
40.0228,-82.4625,183
39.9444,-81.8922,179
32.7667,-97.4500,170
33.4278,-112.0039,54
41.9950,-87.9336,139
33.1783,-86.7817,112
36.7414,-104.5022,63
24.7258,-81.0517,89
35.0169,-80.6206,134
43.6264,-72.3047,157
33.5656,-86.7450,125
41.4333,-99.6333,148
7.4500,151.8333,98
41.7872,-111.8533,63
37.6928,-121.8144,98
64.7767,-141.1483,170
40.3667,-75.9667,179
37.0872,-84.0769,148
37.4389,-105.8614,58
41.5097,-72.8278,174
40.3547,-79.9217,206
42.4933,-79.2722,224
45.6044,-103.5464,130
39.2231,-106.8683,63
34.7442,-87.5997,148
40.1606,-113.3508,94
42.9333,-71.4383,94
47.9742,-117.4283,31
42.1469,-121.7242,58
42.8050,-72.0036,107
64.3267,-158.7417,27
41.4653,-90.5233,161
46.9733,-122.9033,148
27.9106,-82.6875,143
36.0969,-79.9433,161
32.4833,-80.7167,157
45.6983,-110.4408,85
41.7072,-86.3164,157
38.5069,-121.4950,67
38.5050,-107.8975,49
45.0619,-93.3508,148
29.5442,-98.4839,116
38.3306,-96.1897,170
42.5544,-92.4011,165
40.4953,-107.5211,49
42.1128,-92.9175,165
41.4525,-87.0058,134
48.3500,-122.6667,179
43.7694,-87.8506,157
33.2119,-87.6161,125
43.1544,-93.3269,197
43.7331,-103.6114,58
25.9156,-97.4186,130
42.5950,-87.9381,148
41.5886,-83.8014,170
31.1522,-81.3908,112
41.5339,-93.6531,157
44.7694,-106.9689,58
35.8550,-77.8931,139
33.8750,-84.3022,157
41.6328,-91.5431,170
40.2383,-75.5572,139
40.0781,-83.0781,215
31.4000,-93.2833,98
36.7683,-96.0261,116
61.2169,-149.8550,27
24.5833,-81.6833,103
34.2008,-119.2069,116
44.2033,-72.5794,174
44.3592,-84.6739,143
30.7797,-86.5225,143
41.1583,-73.1289,148
31.3711,-100.4922,103
38.0408,-84.6058,165
42.4272,-73.2892,125
44.9319,-93.0556,157
33.1803,-96.5903,152
33.5872,-85.8556,112
31.8111,-106.3758,45
35.3331,-94.3625,157
34.7675,-114.6189,54
32.2622,-107.7206,54
28.7797,-81.2436,130
37.6542,-122.1150,54
41.1014,-102.9847,76
36.3333,-119.9500,67
37.7461,-97.2211,174
47.2078,-119.3192,58
29.9506,-94.0206,112
44.4683,-73.1500,179
30.4000,-86.4717,139
41.1078,-92.4467,174
35.6567,-95.3614,183
33.6300,-84.4417,148
39.1667,-76.6833,210
38.6956,-121.5897,63
40.2964,-78.3203,219
15.1167,145.7167,130
30.8356,-85.1839,134
27.5000,-97.8167,139
47.4569,-115.6450,130
24.5550,-81.7522,107
21.3239,-157.9294,116
42.8914,-73.2469,125
30.4781,-87.1869,161
34.5467,-93.5781,148
42.2228,-83.7444,143
34.2675,-77.8997,165
36.0097,-94.1694,143
46.2667,-119.1167,103
48.2138,-106.6213,85
45.8183,-88.1144,165
37.9272,-100.7247,165
64.5500,-149.0717,22
35.2578,-93.0947,170
40.0972,-92.5433,139
34.2719,-83.8303,143
43.9042,-92.4917,179
46.0947,-118.2869,148
41.0375,-81.4642,197
33.8117,-118.1464,67
45.2575,-112.5545,103
38.0653,-97.8606,165
37.3278,-95.5042,161
31.1500,-92.9667,76
46.1236,-67.7928,94
37.3592,-121.9239,67
35.9461,-112.1547,58
43.5331,-84.0797,130
30.0494,-90.0289,134
43.4075,-94.7461,183
33.6267,-116.1594,40
36.7367,-97.1019,179
38.9597,-94.3714,148
35.2333,-101.7089,161
36.2606,-76.1750,143
41.5944,-109.0528,224
32.3367,-90.2214,116
20.8997,-156.4286,94
47.9428,-97.1839,112
38.6892,-75.3592,183
27.7628,-82.6261,121
39.4900,-121.6183,54
38.3083,-75.1239,188
41.8706,-103.5931,45
33.8117,-78.7239,143
39.2292,-106.3169,139
27.4981,-80.3767,134
38.4167,-113.0167,76
39.4781,-88.2803,161
34.9914,-78.8803,174
43.1561,-90.6775,130
37.6544,-97.4425,219
41.2433,-76.9217,210
45.0319,-102.0192,112
62.1592,-145.4589,36
41.2544,-80.6739,183
33.2061,-97.1989,139
32.6847,-83.6528,134
31.3214,-85.4497,139
37.0683,-88.7719,170
47.4733,-111.3822,67
45.5511,-122.4089,112
36.5881,-121.8453,58
42.5700,-72.2911,157
39.8250,-86.2958,152
39.1333,-86.6167,148
55.3567,-131.7117,98
47.5303,-122.3008,143
26.1969,-80.1708,116
32.6261,-116.4681,112
32.1300,-81.2100,116
40.6044,-98.4272,179
47.0492,-109.4578,76
34.9869,-81.0575,130
43.5950,-118.9564,31
41.3103,-95.8992,170
47.7472,-90.3444,224
37.6197,-122.3647,107
42.1094,-77.9919,179
46.9258,-98.6692,152
36.6206,-116.0278,67
57.7511,-152.4856,72
43.1953,-71.5011,72
35.6169,-106.0889,76
42.6650,-83.4181,192
39.6728,-75.6008,183
38.3000,-76.4167,157
45.8678,-95.3942,139
19.7192,-155.0531,112
43.2389,-123.3547,31
30.3489,-85.7881,201
43.3500,-73.6167,103
40.1764,-80.6472,201
40.4719,-81.4236,170
44.5228,-114.2150,31
33.1281,-117.2794,54
8.7333,167.7333,148
59.5119,-139.6711,161
34.8461,-82.3461,125
33.9481,-83.3275,130
47.3078,-119.5153,49
34.5583,-98.4172,192
39.4167,-118.7167,107
67.7317,-164.5483,157
37.3031,-108.6275,54
42.7803,-84.5789,148
32.8667,-117.1333,63
30.4119,-89.0808,121
41.1783,-78.8989,201
41.8833,-91.7167,170
55.2208,-162.7325,125
44.3592,-89.8369,134
36.6817,-101.5053,134
44.9047,-97.1494,134
36.0719,-115.1633,54
40.8500,-74.0614,183
39.5781,-85.8033,152
39.1019,-121.5678,45
35.9403,-89.8308,165
44.0433,-103.0536,89
19.7356,-156.0489,72
42.0800,-80.1825,201
18.2550,-65.6408,134
48.0944,-105.5744,94
45.9647,-112.5006,36
42.7461,-86.0967,148
31.4583,-109.6061,67
46.0139,-102.6547,125
36.6636,-121.6081,103
32.7817,-98.0603,170
39.7078,-77.7297,188
43.8789,-91.2528,148
40.8508,-96.7475,179
32.8978,-97.0189,161
40.8203,-82.5178,179
17.7028,-64.8056,143
32.8547,-109.6353,85
44.5761,-71.1786,107
42.5417,-113.7661,89
27.7411,-98.0247,148
40.6675,-89.6839,152
34.7411,-118.2117,45
39.3792,-74.4242,152
38.1811,-85.7392,165
29.3600,-99.1742,103
37.2839,-98.5528,206
42.1928,-89.0931,139
35.6542,-105.1419,139
42.8783,-100.5500,72
34.7336,-76.6606,165
40.0489,-107.8853,63
41.0136,-83.6686,183
70.2117,-151.0017,54
35.2372,-120.6414,94
29.5622,-91.5256,89
34.8822,-95.7831,174
45.6478,-68.6925,63
40.7833,-91.1253,157
45.7881,-111.1608,40
60.7850,-148.8389,98
41.1961,-112.0114,63
48.5222,-123.0231,148
41.6117,-90.5808,152
28.4736,-82.4544,116
42.5708,-77.7133,139
39.2953,-114.8467,103
26.1839,-98.2539,112
28.0622,-81.7542,107
41.6264,-80.2150,183
35.6575,-109.0614,63
35.3889,-97.6006,197
29.9933,-90.2511,116
47.6458,-101.4394,134
38.9833,-76.4667,143
43.1111,-76.1039,201
32.8167,-115.6833,45
57.1553,-170.2222,134
42.5519,-71.7558,157
31.8456,-86.6108,148
38.8853,-79.8528,197
39.7556,-82.6572,197
33.6542,-101.8136,143
33.3633,-84.5658,107
39.1258,-123.2008,49
70.6392,-159.9950,76
42.4167,-87.8667,121
39.7736,-94.9233,161
32.3347,-88.7442,107
31.0425,-86.3117,125
36.0394,-95.9844,134
36.9033,-76.1922,174
36.2667,-93.1567,148
38.7667,-104.3000,72
40.1667,-103.2167,76
39.9369,-91.1919,157
44.0206,-117.0128,89
41.6267,-73.8842,116
27.5333,-99.4667,76
44.9050,-123.0011,143
38.9286,-90.4281,157
37.5908,-83.3131,139
40.6331,-93.9019,165
42.2347,-85.5519,148
32.8986,-80.0403,170
41.2639,-72.8872,116
40.1203,-76.2944,179
30.7439,-95.5861,116
47.0339,-120.5303,36
28.4567,-99.2183,107
55.0389,-131.5786,179
48.6033,-112.3753,103
40.8731,-81.8867,179
43.1406,-89.3453,130
32.5156,-92.0406,116
42.2314,-83.3308,192
37.6242,-120.9506,49
32.9733,-97.3181,157
39.2775,-120.7103,40
37.7608,-99.9683,192
39.7075,-86.2803,165
31.3347,-92.5586,107
58.3567,-134.5639,201
36.9358,-121.7886,40
31.5358,-82.5067,143
40.2172,-76.8514,179
62.9614,-141.9292,22
26.2500,-80.1083,116
59.7494,-154.9089,89
36.0236,-84.2375,134
36.1625,-97.0894,179
34.7436,-118.7242,112
39.7333,-77.4333,170
44.5169,-108.0822,54
44.3981,-98.2231,125
30.3433,-89.8222,94
48.5614,-93.3981,103
42.3978,-90.7036,148
32.1314,-110.9553,76
42.1244,-86.4267,148
33.6800,-117.8664,63
34.6439,-86.7861,112
33.9706,-80.9958,148
36.3689,-92.4703,130
30.7406,-98.2353,112
46.9208,-114.0925,63
39.6014,-116.0056,63
32.7336,-117.1831,72
39.9914,-82.8808,192
32.3336,-104.2581,103
38.2900,-104.4983,54
25.9069,-80.2803,121
44.0511,-101.6011,67
32.3500,-91.0278,112
44.2558,-121.1392,103
33.3644,-81.9633,134
46.7439,-117.1086,94
30.5372,-91.1469,85
35.5342,-97.6469,179
37.2958,-81.2078,224
48.1739,-103.6367,107
37.5050,-77.3203,174
36.4731,-82.4044,157
61.1689,-150.0278,54
46.5683,-120.5428,27
39.3644,-84.5247,134
37.6703,-95.4842,161
18.4325,-66.0108,134
47.9078,-122.2803,183
35.2236,-80.9553,130
41.7806,-122.4717,54
40.9781,-124.1086,81
44.8889,-116.1017,72
41.2003,-74.6231,134
30.4844,-81.7019,192
42.1594,-76.8919,179
41.3336,-75.7269,210
45.2486,-122.7686,165
62.3200,-150.0950,36
33.9753,-117.6361,36
32.7800,-79.9319,130
39.4019,-77.9844,228
30.9119,-102.9167,103
37.7797,-89.2497,134
39.9181,-76.8742,183
28.0836,-97.0464,134
39.2956,-80.2289,210
34.2622,-88.7714,116
34.0500,-94.4008,121
35.9333,-79.0642,130
36.6239,-87.4194,134
41.7219,-71.4325,152
43.9636,-69.7117,89
36.2967,-99.7689,165
48.7939,-122.5372,165
35.0281,-110.7208,72
37.7081,-77.4344,174
45.6689,-96.9914,139
32.6808,-96.8681,148
42.8375,-103.0953,40
40.6825,-74.1694,197
36.8781,-91.9025,139
33.9519,-117.4386,67
42.7972,-105.3856,49
35.9508,-85.0814,139
43.8339,-111.8045,36
45.5644,-84.7928,165
41.8678,-84.0794,143
44.1278,-123.2206,85
31.4208,-110.8458,67
44.3853,-74.2067,197
40.9611,-98.3136,174
46.7994,-102.7972,125
37.3169,-79.9742,174
41.0731,-71.9233,134
33.2194,-117.3494,63
40.6161,-83.0636,174
33.2208,-92.8142,121
42.8939,-85.5447,148
32.5500,-88.5667,125
71.2833,-156.7814,72
31.8606,-86.0122,107
44.0219,-82.7931,157
41.9144,-88.2464,143
28.5453,-81.3331,125
41.3461,-82.1794,183
18.3331,-64.9667,157
30.2333,-81.6667,165
41.9097,-70.7294,125
43.5878,-96.7289,174
39.0725,-95.6261,143
35.6875,-117.6931,45
7.3333,134.4833,103
46.4047,-94.1308,125
33.9228,-118.3342,67
43.1711,-86.2367,157
46.4167,-86.6500,192
40.7781,-111.9694,63
46.1569,-123.8825,215
31.3558,-85.7511,94
37.3711,-118.3581,49
46.7708,-100.7603,116
39.8328,-104.6575,85
36.7800,-119.7194,67
36.9839,-77.0075,143
37.1431,-107.7597,54
39.5264,-107.7264,27
44.8664,-91.4878,139
26.0719,-80.1536,125
35.4344,-119.0542,72
44.9258,-89.6256,161
39.1033,-84.4189,152
38.8761,-98.8092,192
46.3583,-104.2500,107
41.6764,-70.9583,192
42.4092,-83.0100,148
40.1519,-122.2536,81
36.0467,-79.4769,130
40.7342,-73.4169,224
38.7042,-93.1833,161
41.3275,-72.0494,94
42.2706,-71.8731,134
32.7000,-117.2000,98
43.7700,-88.4864,139
21.3167,-158.0667,107
35.8181,-83.9858,179
41.5092,-74.2650,139
37.2253,-89.5706,157
30.1831,-97.6800,139
37.2833,-102.6139,130
36.9500,-76.2833,179
9.4833,138.0833,62
37.7086,-113.0944,54
37.7064,-112.1456,63
33.4825,-90.9853,139
30.7044,-87.0231,121
28.8208,-81.8097,107
31.9514,-85.1289,94
33.9486,-81.1186,210
42.6958,-73.1708,152
35.0028,-105.6628,143
32.4106,-99.6822,161
27.4014,-82.5586,143
41.5333,-71.2833,143
47.2856,-68.3133,103
40.8764,-74.2831,197
39.4839,-119.7711,49
42.3075,-85.2511,157
41.1519,-104.8061,134
42.9550,-87.9044,170
43.0206,-102.5183,45
42.1908,-71.1736,81
37.2847,-120.5128,58
30.7167,-87.0167,130
44.3814,-100.2856,94
32.5667,-117.1167,94
38.3775,-121.9575,45
42.7431,-73.8092,148
41.7700,-88.4814,152
46.4267,-105.8825,76
28.4339,-81.3250,121
39.5936,-84.2264,161
46.9006,-95.0678,107
33.4964,-90.0867,107
32.8519,-96.8556,165
36.9878,-120.1106,67
41.6875,-69.9933,139
43.6497,-70.3003,85
41.7361,-72.6506,116
39.2972,-94.7306,148
39.3450,-81.4392,165
37.9406,-75.4631,188
47.2675,-122.5761,165
41.3375,-84.4289,143
43.3436,-72.5178,94
63.9944,-145.7214,174
41.5272,-85.7922,170
34.2486,-82.1592,148
34.5183,-109.3792,31
45.4558,-98.4131,125
32.2997,-86.4075,157
32.8158,-117.1394,72
37.4058,-122.0481,45
38.0511,-117.0903,76
41.9922,-93.6217,183
46.5486,-90.9189,121
29.7333,-85.0333,103
41.8031,-78.6403,179
66.8667,-162.6333,121
30.1250,-93.2158,107
45.5114,-118.4247,31
37.1319,-76.4930,197
38.5000,-77.3000,148
41.1389,-75.3794,224
40.3161,-78.8339,206
39.8344,-88.8656,170
64.8039,-147.8761,22
47.4667,-87.8833,183
42.6003,-123.3642,121
38.9408,-77.4636,161
41.9381,-72.6825,143
34.8994,-120.4486,49
34.8831,-82.2203,125
43.9906,-70.9475,130
38.1417,-76.4292,197
32.3847,-94.7117,125
35.6950,-101.3950,165
35.8517,-97.4142,165
35.2100,-99.1200,197
34.9894,-99.0525,188
44.8428,-117.8086,36
41.9856,-97.4353,192
41.7781,-80.6958,206
43.9922,-76.0217,188
34.4978,-82.7097,134
31.5883,-110.3442,72
40.1936,-76.7633,183
29.6381,-95.2819,130
41.6686,-70.2800,161
29.3331,-89.4075,134
28.8614,-96.9303,125
25.9989,-80.2411,121
37.2622,-104.3378,103
36.7725,-90.3247,130
35.1967,-81.1558,112
44.7408,-85.5825,157
43.9844,-88.5569,143
32.4506,-93.8411,148
45.7728,-122.8611,94
47.1686,-88.4889,152
45.0133,-84.7014,148
41.4131,-81.8600,219
30.3208,-97.7603,116
60.7850,-161.8292,72
40.9167,-81.4333,183
39.0083,-95.2117,170
22.0333,-159.7833,134
55.5800,-133.0750,206
41.7861,-87.7522,143
31.6072,-110.4281,107
39.1342,-108.5400,54
38.0494,-103.5122,67
40.7789,-73.9692,206
25.6475,-80.4331,112
41.7419,-72.1836,125
35.6697,-120.6283,81
35.5144,-108.7939,40
47.6831,-117.3214,67
42.7611,-87.8136,148
38.6572,-90.6558,139
40.2769,-74.8158,148
42.1997,-75.9850,197
46.3747,-117.0156,152
30.5108,-99.7664,89
32.7100,-96.2672,130
40.6386,-73.7622,161
40.8217,-72.8689,121
43.2339,-75.4117,157
44.5344,-72.6144,107
40.0819,-75.0111,139
39.5514,-97.6508,179
35.0311,-85.2014,143
35.5931,-88.9167,134
32.8192,-97.3614,139
30.0675,-95.5561,116
70.1917,-148.4772,58
42.4700,-71.2894,143
30.6794,-88.2397,130
44.4983,-88.1111,152
59.4556,-135.3239,233
38.3794,-81.5900,206
45.6208,-122.6572,94
42.5906,-117.8644,103
41.3497,-71.7989,121
35.8922,-78.7819,174
31.1828,-90.4708,98
36.1189,-86.6892,134
40.4422,-109.5144,36
37.1681,-97.0369,188
38.2103,-122.2847,125
30.0481,-102.2131,112
42.3914,-96.3792,192
38.1311,-91.7683,139
34.4272,-100.2831,174
48.5428,-109.7633,81
39.4203,-83.8217,201
38.7550,-109.7542,72
31.2361,-94.7544,116
26.6847,-80.0994,134
41.7636,-96.1778,179
34.1231,-84.8486,85
39.5703,-104.8489,85
32.3542,-95.4025,143
38.8317,-94.8897,174
30.4636,-88.5319,116
47.3864,-92.8389,130
41.1214,-100.6694,134
30.4000,-81.4167,139
35.1350,-90.2344,121
34.0511,-118.2353,49
33.3075,-104.5083,89
39.6092,-110.7547,49
45.6308,-89.4653,148
39.4519,-87.3089,143
36.5728,-79.3361,157
29.6222,-95.6564,125
44.3814,-106.7211,94
29.9800,-95.3600,125
60.4889,-145.4511,31
34.0158,-118.4514,58
41.8756,-71.0211,107
44.2667,-71.2994,438
35.4319,-82.5375,143
30.5069,-86.9597,121
34.7272,-92.2389,134
42.3606,-71.0106,116
38.0442,-87.5206,139
42.8153,-108.7261,54
31.3928,-92.2956,94
32.5161,-84.9422,130
32.5722,-116.9794,63
38.3650,-82.5550,161
38.7525,-90.3736,179
41.6236,-98.9517,170
44.1708,-114.9272,67
45.5908,-122.6003,134
44.7978,-68.8186,81
38.1847,-84.9033,130
27.6531,-80.2428,107
38.8483,-77.0342,174
38.5714,-90.1572,157
34.9000,-76.8833,165
38.7642,-87.6056,157
26.5361,-81.7550,103
44.3394,-105.5419,58
39.8233,-93.5792,143
47.9375,-124.5550,143
42.3811,-122.8722,40
59.2433,-135.5094,134
40.5100,-101.6200,89
44.3675,-71.5450,188
40.0803,-95.5919,161
36.6950,-76.1356,148
32.6636,-97.0939,143
44.6381,-90.1875,148
29.5189,-95.2417,121
29.2733,-94.8592,157
40.7794,-73.8803,197
37.9917,-122.0550,72
36.1336,-80.2222,112
39.9061,-84.2186,179
40.8097,-124.1603,54
39.3756,-99.8297,174
39.0431,-84.6717,183
30.7825,-83.2767,103
41.0669,-73.7075,170
34.6525,-86.9453,134
43.1167,-77.6767,255
35.1822,-103.6031,76
40.6508,-75.4492,183
45.5433,-94.0514,143
34.6081,-79.0592,143
32.3206,-90.0778,103
39.2447,-102.2842,107
40.7939,-73.1017,165
47.2381,-123.1408,157
60.1283,-149.4167,192
33.0375,-116.9158,63
36.0167,-102.5500,148
43.7667,-98.0333,134
34.1853,-79.7239,157
35.1442,-111.6664,67
31.2819,-89.2531,98
34.0561,-117.6003,40
43.3497,-76.3847,179
42.5842,-70.9175,116
29.7036,-98.0281,130
39.9492,-74.8417,143
35.2578,-113.9331,45
38.8100,-104.6883,76
43.1644,-95.2017,192
57.0481,-135.3647,134
48.7167,-94.6000,89
26.9172,-81.9914,112
36.4486,-103.1539,165
31.3500,-85.6667,139
38.5039,-122.8103,72
45.4622,-69.5953,103
38.8169,-92.2183,148
35.7425,-81.3819,139
41.5175,-81.6836,219
58.6794,-156.6294,85
31.4156,-87.0442,94
42.1208,-87.9047,130
36.9261,-111.4478,36
43.0661,-108.4767,54
48.4608,-119.5167,72
34.6294,-118.0836,49
29.3783,-100.9269,103
44.3206,-69.7972,85
40.8436,-72.6322,134
43.2781,-70.9222,94
41.8056,-107.1997,215
43.4133,-124.2436,94
42.5844,-110.1075,54
39.1894,-103.7158,94
46.8369,-92.2097,165
39.8683,-75.2311,188
42.7172,-71.1239,112
44.5444,-110.4211,94
47.4444,-122.3139,139
44.8831,-93.2289,152
36.3189,-119.6289,81
46.5311,-87.5483,148
29.3389,-98.4719,98
36.2833,-94.3000,139
38.3406,-75.5103,170
40.9017,-117.8081,72
45.5464,-100.4078,116
44.6500,-73.4667,157
33.7792,-84.5214,134
60.5797,-151.2392,36
27.7839,-97.5108,139
41.4914,-120.5644,40
40.4847,-80.2144,174
41.0467,-78.4117,188
34.2900,-93.0600,130
46.9253,-96.8111,112
34.2167,-119.0833,81
46.9728,-123.9303,179
29.6333,-83.1053,130
43.3906,-99.8422,98
34.6719,-82.8864,130
42.0572,-102.8000,54
38.5911,-92.1558,143
46.6056,-111.9636,58
41.5631,-83.4764,165
43.5164,-112.0672,45
26.1522,-81.7753,125
41.3714,-73.4828,139
34.8536,-116.7858,54
34.2006,-118.3575,36
46.8706,-68.0172,67
30.2050,-91.9875,116
44.9358,-74.8458,165
42.2667,-84.4667,143
42.4819,-114.4869,103
37.2353,-93.4003,130
37.7836,-81.1231,170
39.1208,-94.5969,139
40.2064,-100.5914,116
41.7803,-124.2367,85
40.4122,-86.9369,161
30.8458,-85.6014,94
35.0564,-89.9864,139
38.8500,-94.7392,157
21.9839,-159.3405,125
39.3667,-75.0667,219
45.0717,-83.5644,134
34.7000,-77.3833,134
29.1828,-81.0483,116
33.6883,-112.0817,58
28.7247,-96.2536,165
27.9619,-82.5403,103
29.1097,-95.4619,121
47.4933,-122.2144,107
40.7083,-84.0267,174
45.6906,-118.8528,85
40.3300,-75.1225,165
27.6833,-97.2833,174
45.8069,-108.5422,76
33.4050,-118.4158,72
40.5175,-122.2986,98
13.4836,144.7961,125
38.2281,-85.6636,139
43.9658,-107.9508,54
45.1947,-123.1339,130
37.7214,-122.2208,76
36.2117,-115.1958,40
37.8892,-121.2258,63
30.3503,-81.8831,157
43.1072,-78.9453,228
36.9647,-86.4239,161
