39.4206,-79.0050,40
34.1206,-115.8500,27
39.1439,-103.4897,94
40.1100,-87.9567,107
41.8161,-80.4250,107
35.0681,-109.7689,0
61.1025,-149.7169,18
41.7392,-77.9711,125
41.2847,-105.5319,148
40.5764,-105.0858,63
48.4628,-108.7792,31
40.6558,-97.2208,197
47.0083,-88.4317,112
40.8600,-102.8031,174
47.6497,-120.0800,27
34.2183,-116.4072,49
61.5889,-149.0992,4
47.0111,-109.2261,36
47.8306,-110.6608,27
61.2967,-149.4400,0
39.7750,-105.1169,103
44.4933,-68.4583,116
45.8981,-86.5483,130
39.7194,-76.8028,112
35.1375,-77.9892,63
35.0761,-89.7430,121
42.3997,-89.9903,148
48.9981,-110.2158,54
39.8814,-77.3506,27
34.6242,-106.3103,179
47.8344,-120.0006,18
40.9656,-105.2186,152
39.0733,-93.7075,67
47.2753,-88.4169,89
45.6656,-97.0392,139
37.1317,-86.1481,143
45.4525,-99.3358,188
35.5953,-82.5567,148
41.0103,-103.8769,179
48.0750,-111.2597,0
41.1586,-96.1922,165
34.7994,-109.8850,54
30.5347,-94.4456,13
45.0961,-112.0856,58
47.2919,-88.4208,98
