42.2333,-83.5333,85
35.8550,-77.8931,54
42.7172,-71.1239,26
46.1442,-115.5964,5
36.1625,-97.0894,47
40.6239,-74.6694,9
24.5833,-81.6833,60
36.0300,-106.8100,6
39.8328,-104.6575,33
35.1822,-103.6031,58
43.9636,-69.7117,11
39.3100,-111.4300,40
30.3567,-95.4139,12
32.1314,-110.9553,41
33.9753,-117.6361,17
45.5433,-94.0514,57
39.9181,-76.8742,36
41.8756,-71.0211,19
42.7803,-84.5789,72
42.4167,-87.8667,55
46.9208,-114.0925,17
35.1967,-81.1558,34
41.7861,-87.7522,88
41.6264,-80.2150,62
32.4506,-93.8411,12
64.3267,-158.7417,20
44.0206,-117.0128,26
43.4075,-94.7461,88
45.6308,-89.4653,47
31.3500,-85.6667,22
39.1342,-108.5400,25
30.2333,-81.6667,44
32.9733,-97.3181,21
44.6500,-73.4667,32
41.7072,-86.3164,100
35.5931,-88.9167,57
39.2956,-80.2289,71
47.9428,-97.1839,60
42.2314,-83.3308,77
40.3300,-75.1225,22
40.6161,-83.0636,82
40.1667,-103.2167,60
41.3325,-122.3328,14
55.2208,-162.7325,52
31.9206,-102.3867,30
39.6428,-79.9164,44
43.7667,-98.0333,66
56.6000,-169.5650,64
38.1311,-91.7683,60
35.8181,-83.9858,72
30.1831,-97.6800,17
33.6542,-101.8136,44
33.3075,-104.5083,30
33.6267,-116.1594,22
38.8317,-94.8897,59
38.9503,-95.6639,52
42.1128,-92.9175,84
38.8100,-104.6883,30
43.1111,-76.1039,43
44.7900,-116.0900,17
26.2500,-80.1083,40
29.7333,-85.0333,34
42.4100,-121.6800,6
21.3167,-158.0667,87
47.5303,-122.3008,15
42.9203,-112.5711,34
45.0800,-117.5500,3
40.0803,-95.5919,53
30.4119,-89.0808,21
29.3783,-100.9269,31
40.7833,-91.1253,74
36.4486,-103.1539,57
27.9619,-82.5403,36
35.8517,-97.4142,44
33.8719,-117.9789,15
44.5444,-110.4211,6
42.6425,-77.0564,55
39.6014,-116.0056,27
42.4272,-73.2892,15
47.6458,-101.4394,65
44.7978,-68.8186,17
45.5908,-122.6003,19
33.5872,-85.8556,38
36.9600,-106.6600,8
41.5175,-81.6836,91
38.9286,-90.4281,63
32.8547,-109.6353,39
34.7336,-76.6606,67
47.4569,-115.6450,22
25.9069,-80.2803,43
38.1417,-76.4292,65
41.4914,-120.5644,13
33.9481,-83.3275,47
32.3367,-90.2214,21
48.2553,-101.2733,59
39.9061,-84.2186,93
58.6794,-156.6294,27
36.7900,-105.2400,1
34.2167,-119.0833,21
36.2606,-76.1750,55
42.9550,-87.9044,85
41.3375,-84.4289,80
43.7300,-113.8300,8
40.3547,-79.9217,62
39.8233,-93.5792,45
29.5622,-91.5256,15
28.8614,-96.9303,20
27.5000,-97.8167,23
41.0731,-71.9233,31
34.2719,-83.8303,68
37.9406,-75.4631,72
34.8831,-82.2203,61
36.3100,-115.6800,1
43.0661,-108.4767,29
35.6575,-109.0614,5
44.3675,-71.5450,13
37.3031,-108.6275,25
29.1828,-81.0483,42
47.7472,-90.3444,42
40.4422,-109.5144,14
42.6650,-83.4181,71
64.8039,-147.8761,0
40.8206,-76.8642,41
30.3489,-85.7881,30
46.9006,-95.0678,49
30.5108,-99.7664,15
44.3394,-105.5419,36
36.9500,-76.2833,61
46.4794,-84.3572,53
37.2833,-102.6139,42
32.3542,-95.4025,23
31.3928,-92.2956,14
64.5500,-149.0717,0
44.8664,-91.4878,49
27.9106,-82.6875,34
38.0700,-102.6881,45
70.1917,-148.4772,52
34.1750,-91.9347,34
27.7628,-82.6261,35
36.7683,-96.0261,44
39.9492,-74.8417,24
45.5406,-122.9486,16
44.9319,-93.0556,70
39.9369,-91.1919,73
43.9922,-76.0217,47
41.2003,-74.6231,4
37.6542,-122.1150,16
39.4519,-87.3089,74
41.7803,-124.2367,24
38.5714,-90.1572,64
41.3103,-95.8992,64
36.7725,-90.3247,44
41.7781,-80.6958,63
44.2100,-110.6700,19
37.5050,-77.3203,68
41.3275,-72.0494,46
46.9733,-122.9033,14
60.7850,-161.8292,64
41.3119,-105.6747,61
43.2389,-123.3547,10
43.1953,-71.5011,19
37.0683,-88.7719,54
38.5000,-77.3000,65
32.2622,-107.7206,24
35.4344,-119.0542,20
32.3500,-91.0278,13
34.0511,-118.2353,6
45.6906,-118.8528,26
39.8447,-89.6839,75
44.2033,-72.5794,17
66.9161,-151.5089,18
34.6525,-86.9453,44
26.1969,-80.1708,30
61.1781,-149.9664,19
35.2333,-101.7089,60
39.4203,-83.8217,91
40.4122,-86.9369,75
29.1097,-95.4619,17
20.8997,-156.4286,94
44.9047,-97.1494,67
48.6033,-112.3753,57
34.2486,-82.1592,64
37.3208,-79.2067,53
27.7839,-97.5108,27
47.3078,-119.5153,31
36.2833,-94.3000,50
32.7336,-117.1831,14
45.5511,-122.4089,7
38.3306,-96.1897,68
58.3567,-134.5639,47
38.0511,-117.0903,37
29.3600,-99.1742,22
34.7675,-114.6189,17
39.8344,-88.8656,82
30.6794,-88.2397,30
37.7836,-81.1231,67
32.6261,-116.4681,25
42.5906,-117.8644,16
37.7797,-89.2497,57
39.7333,-77.4333,22
46.9728,-123.9303,30
35.0564,-89.9864,46
30.2050,-91.9875,26
28.4339,-81.3250,39
37.6928,-121.8144,16
39.1258,-123.2008,4
29.9800,-95.3600,18
39.9914,-82.8808,85
39.2231,-106.8683,26
36.2667,-93.1567,43
38.3650,-82.5550,60
27.7411,-98.0247,20
41.6117,-90.5808,85
47.6831,-117.3214,10
37.6544,-97.4425,63
57.7511,-152.4856,39
41.2639,-72.8872,24
46.4047,-94.1308,54
32.6500,-114.6167,28
40.4953,-107.5211,16
40.9017,-117.8081,17
40.9167,-81.4333,76
59.7494,-154.9089,31
34.4978,-82.7097,69
32.8978,-97.0189,30
41.8706,-103.5931,51
43.6264,-72.3047,12
32.0311,-96.3989,25
43.7600,-115.2400,12
35.6567,-95.3614,43
41.7219,-71.4325,29
41.7700,-88.4814,93
39.4206,-79.0050,40
34.3622,-98.9761,44
43.1544,-93.3269,82
48.8700,-121.7900,3
36.9261,-111.4478,12
18.2550,-65.6408,16
41.3497,-71.7989,30
48.5222,-123.0231,8
37.9917,-122.0550,17
33.6228,-111.9106,7
43.0303,-78.1692,89
42.0647,-104.1528,42
28.7247,-96.2536,32
45.6689,-96.9914,65
46.5683,-120.5428,21
34.5583,-98.4172,31
39.7556,-82.6572,75
36.0394,-95.9844,41
40.1764,-80.6472,71
33.9228,-118.3342,12
36.0097,-94.1694,39
48.5428,-109.7633,64
36.7414,-104.5022,30
40.5764,-105.0858,4
38.7550,-109.7542,10
45.4622,-69.5953,25
33.9786,-98.4928,39
38.4000,-119.5400,6
35.2372,-120.6414,11
40.1936,-76.7633,41
41.2531,-70.0608,47
36.9900,-105.2600,4
40.8203,-82.5178,76
43.5878,-96.7289,73
34.6517,-112.4208,20
39.4900,-121.6183,12
34.8994,-120.4486,16
39.3450,-81.4392,67
44.5169,-108.0822,22
42.2667,-84.4667,60
36.5100,-106.3200,334
35.4319,-82.5375,52
37.7081,-77.4344,64
36.1900,-105.5600,8
35.0311,-85.2014,40
31.8456,-86.6108,22
41.7806,-122.4717,13
45.6208,-122.6572,12
32.7817,-98.0603,20
41.9381,-72.6825,17
32.5428,-93.7450,12
30.3503,-81.8831,30
37.6242,-120.9506,13
39.8683,-75.2311,44
43.2119,-90.1814,67
32.3206,-90.0778,20
40.8500,-74.0614,17
35.5144,-108.7939,13
41.7361,-72.6506,19
34.4272,-100.2831,45
31.5356,-84.1944,25
47.9742,-117.4283,13
42.3606,-71.0106,43
34.2008,-119.2069,29
34.1167,-119.1167,25
40.2964,-78.3203,74
41.6328,-91.5431,74
44.4683,-73.1500,41
48.1739,-103.6367,68
39.7078,-77.7297,60
38.3775,-121.9575,8
33.6186,-114.7142,11
46.2667,-119.1167,17
44.5761,-71.1786,10
35.0678,-77.0481,41
61.5961,-149.0917,28
31.1828,-90.4708,19
47.6497,-120.0800,13
42.9333,-71.4383,21
34.7442,-87.5997,37
36.1300,-105.5300,3
18.3331,-64.9667,36
42.8050,-72.0036,17
33.2194,-117.3494,16
42.1928,-89.0931,85
35.8311,-90.6464,47
35.7800,-105.5400,3
59.4433,-151.7017,4
35.2236,-80.9553,60
39.7053,-105.6997,9
61.1000,-149.6936,40
30.7797,-86.5225,25
44.0511,-101.6011,65
36.0000,-106.8300,4
40.7342,-73.4169,34
41.0089,-74.7367,7
35.2578,-113.9331,24
43.7694,-87.8506,88
39.8000,-106.0300,378
40.1519,-122.2536,26
46.5486,-90.9189,63
41.1519,-104.8061,34
40.5175,-122.2986,11
59.4556,-135.3239,112
33.4617,-80.8581,56
29.6333,-83.1053,23
31.1522,-81.3908,38
36.3189,-119.6289,14
29.3389,-98.4719,22
43.5950,-118.9564,29
71.2833,-156.7814,49
37.2353,-93.4003,54
42.9600,-121.1800,4
40.1606,-113.3508,30
28.0622,-81.7542,36
40.9339,-72.7394,22
35.5953,-82.5567,27
34.8822,-95.7831,27
34.7917,-79.3661,55
30.8356,-85.1839,33
39.4781,-88.2803,96
32.6636,-97.0939,16
45.4558,-98.4131,60
39.1333,-86.6167,61
29.9933,-90.2511,32
31.3711,-100.4922,31
42.5842,-70.9175,32
35.8922,-78.7819,50
40.2383,-75.5572,21
39.2775,-120.7103,20
40.8300,-111.7600,13
47.4733,-111.3822,43
40.2172,-76.8514,40
41.1961,-112.0114,25
37.2253,-89.5706,50
48.2138,-106.6213,81
38.3794,-81.5900,66
41.1078,-92.4467,87
36.6950,-76.1356,38
57.1553,-170.2222,67
33.4825,-90.9853,35
41.6236,-98.9517,47
42.5544,-92.4011,88
40.6675,-89.6839,51
47.2078,-119.3192,17
32.8667,-117.1333,31
43.8000,-114.8500,5
47.1686,-88.4889,81
48.3042,-114.2636,6
41.4333,-99.6333,55
31.2819,-89.2531,18
40.8508,-96.7475,67
46.7994,-102.7972,86
36.1189,-86.6892,49
35.7425,-81.3819,34
41.7636,-96.1778,72
42.0572,-102.8000,51
29.6222,-95.6564,25
33.7792,-84.5214,43
39.1667,-76.6833,36
43.2339,-75.4117,39
35.0028,-105.6628,58
42.4092,-83.0100,68
32.8167,-115.6833,20
41.1783,-78.8989,65
42.7267,-114.4564,42
35.9200,-106.3900,3
38.3000,-76.4167,66
42.8153,-108.7261,29
41.8031,-78.6403,58
43.7700,-88.4864,85
31.4156,-87.0442,21
34.1853,-79.7239,54
42.2228,-83.7444,72
41.7872,-111.8533,13
45.6983,-110.4408,79
35.9461,-112.1547,10
32.5722,-116.9794,31
39.1900,-120.2600,25
32.7100,-96.2672,13
32.8158,-117.1394,20
31.8111,-106.3758,22
38.8853,-79.8528,68
47.8306,-110.6608,36
21.1544,-157.0961,79
33.9486,-81.1186,56
39.7194,-76.8028,36
34.0561,-117.6003,17
45.2486,-122.7686,11
37.6703,-95.4842,55
39.6728,-75.6008,46
46.1236,-67.7928,19
38.0442,-87.5206,61
45.5644,-84.7928,85
39.2953,-114.8467,42
33.4669,-82.0386,29
33.4278,-112.0039,11
36.7436,-108.2292,29
35.2578,-93.0947,25
27.6833,-97.2833,37
44.3744,-70.3164,0
42.4933,-79.2722,62
30.4844,-81.7019,42
35.4111,-80.5833,0
30.5844,-97.4156,13
39.9444,-81.8922,66
40.6825,-74.1694,26
31.6072,-110.4281,43
36.0167,-102.5500,51
40.5100,-101.6200,56
36.2500,-115.6300,16
30.0481,-102.2131,25
30.7406,-98.2353,12
40.9611,-98.3136,58
70.2117,-151.0017,48
36.3200,-115.7000,8
33.8750,-84.3022,49
43.9658,-107.9508,17
30.3433,-89.8222,14
38.5050,-107.8975,31
24.5550,-81.7522,51
40.8436,-72.6322,31
36.0719,-115.1633,26
21.4500,-157.7833,68
41.0669,-73.7075,15
36.9647,-86.4239,47
45.7728,-122.8611,21
47.3978,-120.2014,27
30.5069,-86.9597,36
38.6892,-75.3592,51
44.3814,-106.7211,41
57.0481,-135.3647,39
33.8281,-116.5053,20
35.9508,-85.0814,55
38.6956,-121.5897,12
41.2544,-80.6739,73
37.3169,-79.9742,68
37.3278,-95.5042,40
39.0725,-95.6261,50
44.3981,-98.2231,60
48.0944,-105.5744,63
44.3814,-100.2856,70
40.9656,-105.2186,4
31.5358,-82.5067,31
38.5069,-121.4950,8
39.4300,-120.3100,6
41.4000,-107.2600,10
35.6697,-120.6283,7
40.0228,-82.4625,78
40.2064,-100.5914,55
66.0689,-162.7639,67
35.0169,-80.6206,58
44.3206,-69.7972,26
36.7200,-106.2600,5
26.1522,-81.7753,33
43.5331,-84.0797,85
41.1014,-102.9847,58
46.7439,-117.1086,18
42.5844,-110.1075,23
36.3333,-119.9500,29
39.5264,-107.7264,13
33.8117,-118.1464,15
39.1033,-84.4189,72
41.4653,-90.5233,75
37.2847,-120.5128,11
31.5883,-110.3442,25
39.0431,-84.6717,88
37.7064,-112.1456,43
28.9844,-95.3808,13
47.3864,-92.8389,60
39.5936,-84.2264,82
33.1783,-86.7817,22
32.8986,-80.0403,42
29.3331,-89.4075,34
46.4267,-105.8825,57
36.2117,-115.1958,15
35.2325,-75.6219,60
33.6883,-112.0817,17
41.0136,-83.6686,86
40.6508,-75.4492,23
39.3669,-101.7000,60
38.7525,-90.3736,63
41.5631,-83.4764,85
42.8375,-103.0953,40
46.6056,-111.9636,26
39.0083,-95.2117,50
33.8117,-78.7239,49
21.9839,-159.3405,48
45.8258,-119.2611,13
44.6381,-90.1875,82
46.6461,-119.9061,13
26.5361,-81.7550,28
44.0219,-82.7931,62
48.4608,-119.5167,17
41.6267,-73.8842,6
37.9272,-100.7247,61
43.3500,-73.6167,17
44.5483,-95.0803,53
36.3689,-92.4703,27
32.7000,-117.2000,20
26.6847,-80.0994,43
41.1200,-73.0800,22
37.1431,-107.7597,19
35.5342,-97.6469,50
30.3361,-81.5147,34
33.5656,-86.7450,35
28.0836,-97.0464,22
32.3336,-104.2581,30
32.6847,-83.6528,36
38.7667,-104.3000,21
13.4836,144.7961,61
34.6294,-118.0836,18
45.0717,-83.5644,82
47.6428,-115.9172,0
41.2433,-76.9217,41
36.9358,-121.7886,16
37.1681,-97.0369,48
29.9506,-94.0206,24
37.7461,-97.2211,64
40.0819,-75.0111,27
38.2103,-122.2847,14
55.5800,-133.0750,16
17.7028,-64.8056,43
41.9097,-70.7294,20
39.6092,-110.7547,17
34.7411,-118.2117,12
41.5886,-83.8014,72
40.8217,-72.8689,29
25.9989,-80.2411,41
47.4667,-87.8833,119
32.5161,-84.9422,30
40.8731,-81.8867,81
62.9614,-141.9292,5
7.4500,151.8333,32
36.6817,-101.5053,46
42.4819,-114.4869,47
30.0675,-95.5561,22
39.2447,-102.2842,62
28.1011,-80.6439,43
7.3333,134.4833,35
30.5892,-96.3647,21
46.9253,-96.8111,59
34.6439,-86.7861,37
42.1244,-86.4267,68
31.3347,-92.5586,15
26.2281,-97.6542,36
31.9433,-102.1889,30
46.4167,-86.6500,117
34.1231,-84.8486,14
42.8783,-100.5500,59
39.7736,-94.9233,61
40.0972,-92.5433,67
31.4208,-110.8458,23
30.4000,-86.4717,25
41.8678,-84.0794,72
40.8097,-124.1603,15
42.5519,-71.7558,18
36.8781,-91.9025,51
32.8192,-97.3614,23
40.0397,-88.2778,98
31.0425,-86.3117,15
32.5500,-88.5667,22
42.1208,-87.9047,73
28.7797,-81.2436,41
30.7167,-87.0167,36
39.1353,-96.6778,60
60.5797,-151.2392,43
31.3214,-85.4497,38
34.7000,-77.3833,43
59.6419,-151.4908,8
32.4106,-99.6822,26
33.3633,-84.5658,30
38.5039,-122.8103,8
36.4731,-82.4044,65
35.0419,-106.6156,23
48.7200,-116.4600,12
34.5183,-109.3792,18
40.7939,-73.1017,30
44.1278,-123.2206,24
59.5119,-139.6711,26
34.2675,-77.8997,46
40.6331,-93.9019,69
46.1569,-123.8825,30
34.8536,-116.7858,30
39.1208,-94.5969,51
37.7214,-122.2208,17
45.0319,-102.0192,79
37.4058,-122.0481,7
45.8678,-95.3942,53
30.7439,-95.5861,24
34.2006,-118.3575,14
42.8939,-85.5447,83
40.8600,-102.8031,31
39.8250,-86.2958,78
41.8833,-91.7167,88
36.8167,-76.0333,69
40.0681,-118.5692,9
38.4167,-113.0167,38
37.6197,-122.3647,13
38.2281,-85.6636,66
42.9486,-78.7369,63
32.6808,-96.8681,21
34.4258,-119.8425,10
26.5850,-81.8614,35
64.7767,-141.1483,3
45.7881,-111.1608,26
40.1550,-103.1417,18
55.0389,-131.5786,23
41.6686,-70.2800,27
44.5344,-72.6144,9
7.0833,171.3833,35
39.4839,-119.7711,15
38.0653,-97.8606,59
45.6478,-68.6925,21
44.3853,-74.2067,14
61.1689,-150.0278,18
41.3714,-73.4828,9
45.5464,-100.4078,68
22.0333,-159.7833,81
32.4833,-80.7167,53
43.1072,-78.9453,80
38.5911,-92.1558,36
44.1708,-114.9272,12
34.2622,-88.7714,40
37.2839,-98.5528,46
31.2361,-94.7544,17
60.4889,-145.4511,35
30.8458,-85.6014,18
46.2400,-117.3900,10
47.4933,-122.2144,15
46.8706,-68.0172,23
38.8761,-98.8092,72
38.8500,-94.7392,58
36.7800,-119.7194,10
47.2381,-123.1408,16
39.4019,-77.9844,52
41.7419,-72.1836,9
47.9375,-124.5550,20
28.8208,-81.8097,32
60.7850,-148.8389,54
41.9922,-93.6217,82
38.9597,-94.3714,60
36.1306,-80.5481,0
19.7192,-155.0531,24
44.7694,-106.9689,22
29.5189,-95.2417,26
45.8069,-108.5422,51
37.1319,-76.4930,69
32.2997,-86.4075,31
31.4583,-109.6061,30
44.4983,-88.1111,74
42.3811,-122.8722,5
41.4131,-81.8600,72
45.8183,-88.1144,83
42.7461,-86.0967,63
35.1350,-90.2344,44
36.9878,-120.1106,15
41.5272,-85.7922,92
42.7900,-121.9800,8
32.8342,-115.5786,18
40.1100,-87.9567,76
42.2706,-71.8731,36
40.9706,-85.2064,87
35.1442,-111.6664,12
32.3847,-94.7117,23
38.6572,-90.6558,53
41.3336,-75.7269,23
39.3903,-94.5553,45
29.6381,-95.2819,27
43.9042,-92.4917,87
42.5417,-113.7661,30
40.0781,-83.0781,88
21.3239,-157.9294,72
44.9258,-89.6256,65
43.0206,-102.5183,47
9.4833,138.0833,52
29.2733,-94.8592,40
30.4781,-87.1869,36
38.1386,-78.4530,48
40.2342,-85.3936,91
44.2667,-71.2994,141
43.1406,-89.3453,69
38.3406,-75.5103,53
44.9358,-74.8458,51
36.2967,-99.7689,55
42.2347,-85.5519,90
28.4567,-99.2183,19
43.3436,-72.5178,12
33.9519,-117.4386,17
45.1947,-123.1339,17
41.6764,-70.9583,26
35.6542,-105.1419,36
42.4700,-71.2894,22
42.7611,-87.8136,79
37.3711,-118.3581,27
40.3000,-111.2600,8
35.0761,-89.7430,45
31.6189,-97.2283,23
35.9333,-79.0642,28
44.3592,-89.8369,73
41.5333,-71.2833,34
29.6919,-82.2756,32
48.5614,-93.3981,43
37.8892,-121.2258,17
35.2100,-99.1200,63
37.7086,-113.0944,26
37.0911,-95.5664,53
42.8914,-73.2469,22
33.1803,-96.5903,21
31.8311,-104.8089,50
40.7794,-73.8803,36
32.8519,-96.8556,17
33.6361,-91.7556,30
38.8000,-97.6500,62
30.0375,-91.8839,27
40.4847,-80.2144,72
42.3200,-120.8300,6
43.8339,-111.8045,15
35.6950,-101.3950,46
31.4000,-93.2833,15
33.2367,-107.2681,23
46.8369,-92.2097,65
43.5164,-112.0672,28
38.3083,-75.1239,64
33.2119,-87.6161,21
40.6386,-73.7622,47
45.4353,-67.7214,9
26.1658,-97.3458,37
28.4736,-82.4544,23
35.0281,-110.7208,16
36.6206,-116.0278,21
32.1300,-81.2100,48
40.8764,-74.2831,3
41.0375,-81.4642,65
45.6194,-121.1661,39
46.0139,-102.6547,76
33.6300,-84.4417,54
33.9706,-80.9958,42
42.3075,-85.2511,77
43.1167,-77.6767,61
31.3072,-95.4508,0
42.6958,-73.1708,27
39.5703,-104.8489,23
46.3583,-104.2500,89
42.1094,-77.9919,62
36.6636,-121.6081,33
33.2208,-92.8142,14
47.6800,-121.6100,7
37.3592,-121.9239,10
37.7608,-99.9683,67
36.5728,-79.3361,58
47.0339,-120.5303,71
45.0133,-84.7014,42
36.9033,-76.1922,70
48.7167,-94.6000,42
36.0700,-105.6300,4
33.1281,-117.2794,14
42.1997,-75.9850,47
34.2900,-93.0600,22
38.0494,-103.5122,50
45.8619,-96.5650,76
15.1167,145.7167,61
33.0375,-116.9158,19
31.7800,-103.2017,30
25.7906,-80.3164,30
24.7258,-81.0517,43
39.7750,-105.1169,0
39.7075,-86.2803,92
44.7408,-85.5825,79
40.1203,-76.2944,40
36.1994,-95.8872,47
42.7972,-105.3856,10
35.3331,-94.3625,35
32.7800,-79.9319,29
36.1336,-80.2222,44
18.4325,-66.0108,17
45.2575,-112.5545,49
30.7825,-83.2767,15
38.8983,-119.9947,12
44.9050,-123.0011,21
44.2558,-121.1392,20
47.3258,-106.9475,63
41.1583,-73.1289,30
40.4719,-81.4236,54
33.2061,-97.1989,27
27.6531,-80.2428,39
39.3756,-99.8297,57
43.9906,-70.9475,11
41.2731,-111.0306,45
37.4389,-105.8614,13
47.4444,-122.3139,29
34.5467,-93.5781,10
42.8975,-106.4636,57
47.2856,-68.3133,23
42.3978,-90.7036,85
41.9144,-88.2464,89
39.3667,-75.0667,41
27.4014,-82.5586,34
61.2169,-149.8550,12
43.7331,-103.6114,21
38.9833,-76.4667,45
48.3500,-122.6667,13
41.3461,-82.1794,81
30.1250,-93.2158,22
43.9844,-88.5569,80
27.5333,-99.4667,25
26.1839,-98.2539,26
41.9950,-87.9336,87
60.1283,-149.4167,46
30.4636,-88.5319,21
33.6800,-117.8664,11
30.6264,-88.0681,25
39.2972,-94.7306,63
47.9078,-122.2803,26
31.1500,-92.9667,5
36.5881,-121.8453,21
45.0619,-93.3508,59
28.5083,-81.5467,9
39.4167,-118.7167,21
41.1214,-100.6694,50
30.4000,-81.4167,34
28.5453,-81.3331,38
29.7036,-98.0281,34
62.9575,-155.6103,1
25.6475,-80.4331,41
38.1811,-85.7392,74
32.5156,-92.0406,15
62.3200,-150.0950,26
41.0467,-78.4117,44
35.6875,-117.6931,20
42.1578,-72.7161,15
-14.3306,-170.7136,30
38.9408,-77.4636,56
40.5300,-106.7800,7
46.0261,-91.4442,36
19.7356,-156.0489,89
40.7781,-111.9694,26
41.5339,-93.6531,72
38.0408,-84.6058,78
70.6392,-159.9950,43
37.5908,-83.3131,41
36.7367,-97.1019,43
45.6044,-103.5464,78
48.7939,-122.5372,8
37.2958,-81.2078,78
42.9667,-83.7494,77
25.9156,-97.4186,32
34.9894,-99.0525,47
30.5372,-91.1469,28
36.6239,-87.4194,57
39.1894,-103.7158,38
42.5950,-87.9381,77
34.6081,-79.0592,53
35.9403,-89.8308,57
44.4911,-71.5725,0
43.3906,-99.8422,61
42.1594,-76.8919,44
43.7600,-116.1000,9
39.2292,-106.3169,30
41.3931,-70.6150,31
27.4981,-80.3767,30
40.6044,-98.4272,62
67.7317,-164.5483,25
39.4494,-74.5672,42
35.6169,-106.0889,36
42.5700,-72.2911,15
35.7700,-105.7800,12
47.6217,-117.5281,22
35.3889,-97.6006,49
38.1847,-84.9033,63
43.5667,-116.2406,18
42.1469,-121.7242,13
30.7044,-87.0231,21
37.0872,-84.0769,64
30.0494,-90.0289,38
46.9258,-98.6692,53
46.7708,-100.7603,64
36.0236,-84.2375,38
36.8600,-106.2300,337
30.3208,-97.7603,13
39.3644,-84.5247,74
41.6875,-69.9933,26
42.7431,-73.8092,39
34.7272,-92.2389,42
42.3914,-96.3792,64
40.7789,-73.9692,24
47.3600,-121.5700,2
41.1389,-75.3794,37
44.8428,-117.8086,45
26.9172,-81.9914,37
36.0969,-79.9433,65
30.3975,-84.3289,30
47.2675,-122.5761,23
44.8831,-93.2289,69
29.5442,-98.4839,27
63.9944,-145.7214,19
40.0489,-107.8853,16
40.2769,-74.8158,31
37.1467,-94.5022,55
34.6719,-82.8864,64
48.1203,-123.4983,25
43.6497,-70.3003,26
44.8322,-93.4706,55
66.8667,-162.6333,28
44.3800,-116.3400,10
31.3089,-86.3939,25
42.6003,-123.3642,36
36.9839,-77.0075,44
38.7042,-93.1833,59
43.2781,-70.9222,19
44.5228,-114.2150,16
34.8461,-82.3461,57
41.4525,-87.0058,72
40.9781,-124.1086,10
44.0433,-103.0536,60
34.9869,-81.0575,53
41.5092,-74.2650,6
46.3747,-117.0156,10
37.2622,-104.3378,36
39.5514,-97.6508,67
39.3792,-74.4242,48
41.5097,-72.8278,10
41.9856,-97.4353,62
41.8056,-107.1997,56
43.1711,-86.2367,86
38.8483,-77.0342,60
59.2433,-135.5094,56
34.2097,-118.4892,16
34.3478,-85.1611,37
40.7083,-84.0267,95
42.0800,-80.1825,70
44.8889,-116.1017,24
47.3000,-121.6000,8
26.0719,-80.1536,32
6.9667,158.2167,27
34.9000,-76.8833,58
39.2900,-117.1100,9
34.0500,-94.4008,16
43.1644,-95.2017,82
46.0947,-118.2869,30
31.9514,-85.1289,21
32.3347,-88.7442,22
38.8169,-92.2183,62
33.4964,-90.0867,23
39.3600,-106.0600,12
39.5781,-85.8033,92
39.1019,-121.5678,12
38.2900,-104.4983,33
33.4536,-94.0075,22
35.7047,-101.5492,22
33.9381,-118.3889,23
45.5114,-118.4247,5
34.6242,-106.3103,0
40.8289,-115.7886,18
62.1592,-145.4589,9
34.0158,-118.4514,17
40.3161,-78.8339,73
42.5708,-77.7133,49
31.8606,-86.0122,22
31.3558,-85.7511,22
41.5944,-109.0528,55
43.4133,-124.2436,30
30.9119,-102.9167,37
43.1561,-90.6775,55
42.1908,-71.1736,18
34.7436,-118.7242,34
43.3497,-76.3847,41
40.3667,-75.9667,29
34.9914,-78.8803,58
47.0492,-109.4578,39
41.8161,-80.4250,40
33.4050,-118.4158,35
33.3644,-81.9633,40
44.3592,-84.6739,72
55.3567,-131.7117,40
38.7642,-87.6056,86
43.8789,-91.2528,72
64.5111,-165.4400,13
45.9647,-112.5006,23
34.7500,-111.4100,5
