32.5667,-117.1167,1458
30.0494,-90.0289,2301
43.9906,-70.9475,2346
45.6194,-121.1661,1441
34.2008,-119.2069,611
64.7767,-141.1483,1754
38.9286,-90.4281,1231
35.0169,-80.6206,2114
38.3000,-76.4167,2212
41.3461,-82.1794,1235
37.7461,-97.2211,1446
39.7333,-77.4333,2104
41.6764,-70.9583,1518
42.2333,-83.5333,1523
36.7414,-104.5022,1452
41.2531,-70.0608,1706
31.3558,-85.7511,1404
37.3278,-95.5042,1542
41.6264,-80.2150,1925
60.1283,-149.4167,555
61.2169,-149.8550,2238
64.5500,-149.0717,1452
36.9839,-77.0075,2116
40.0681,-118.5692,540
38.8761,-98.8092,1320
41.0089,-74.7367,2333
26.5361,-81.7550,1110
64.3267,-158.7417,1306
41.9097,-70.7294,1215
42.6958,-73.1708,921
42.6425,-77.0564,2245
41.6686,-70.2800,1951
59.7494,-154.9089,457
37.0911,-95.5664,2213
39.9369,-91.1919,928
41.4525,-87.0058,837
40.8764,-74.2831,2359
42.5519,-71.7558,2354
32.5428,-93.7450,1319
41.2639,-72.8872,1527
62.3200,-150.0950,1036
47.5303,-122.3008,1535
42.1094,-77.9919,1923
34.9869,-81.0575,2243
40.8436,-72.6322,1329
41.0731,-71.9233,1246
36.3333,-119.9500,1050
33.4050,-118.4158,145
44.5483,-95.0803,431
40.8217,-72.8689,1526
42.4092,-83.0100,1355
35.6169,-106.0889,1154
41.5631,-83.4764,1314
30.7797,-86.5225,1152
38.6956,-121.5897,1426
27.9106,-82.6875,1311
40.1203,-76.2944,2239
32.7667,-97.4500,1556
38.4167,-113.0167,1843
46.4167,-86.6500,1152
47.9078,-122.2803,614
45.8183,-88.1144,804
66.9161,-151.5089,924
41.5333,-71.2833,1425
28.4736,-82.4544,1338
17.7028,-64.8056,944
48.5222,-123.0231,1303
40.6161,-83.0636,1357
42.4167,-87.8667,832
70.6392,-159.9950,2252
31.9514,-85.1289,1112
35.9333,-79.0642,2121
18.3331,-64.9667,125
41.8678,-84.0794,1457
44.3675,-71.5450,2325
46.0261,-91.4442,612
41.5175,-81.6836,1331
24.5833,-81.6833,28
41.5092,-74.2650,1337
36.8167,-76.0333,2150
18.2550,-65.6408,931
31.4156,-87.0442,1314
40.2383,-75.5572,2354
35.5144,-108.7939,1306
48.1203,-123.4983,535
38.8983,-119.9947,1141
32.8167,-115.6833,1320
28.0622,-81.7542,1615
39.7556,-82.6572,1304
30.4000,-81.4167,2324
18.4325,-66.0108,1608
31.6072,-110.4281,1325
63.9944,-145.7214,1503
46.5486,-90.9189,507
55.5800,-133.0750,57
47.4933,-122.2144,1527
35.1822,-103.6031,2344
59.4556,-135.3239,953
37.7064,-112.1456,1155
60.7850,-148.8389,1859
47.2675,-122.5761,2009
35.8550,-77.8931,2146
35.0028,-105.6628,1434
39.9181,-76.8742,1919
67.7317,-164.5483,703
30.6264,-88.0681,1544
38.3083,-75.1239,2341
30.5069,-86.9597,1639
37.1319,-76.4930,2117
41.7361,-72.6506,2356
22.0333,-159.7833,325
39.5936,-84.2264,1218
41.2003,-74.6231,2321
39.1033,-84.4189,1356
30.7044,-87.0231,1135
37.7081,-77.4344,1933
39.4900,-121.6183,740
34.9000,-76.8833,2358
42.8050,-72.0036,1222
41.3931,-70.6150,2056
39.3667,-75.0667,2322
31.3928,-92.2956,1351
41.5097,-72.8278,2355
32.4833,-80.7167,1546
41.6875,-69.9933,2011
30.8458,-85.6014,1734
34.7000,-77.3833,2353
7.3333,134.4833,1323
35.9403,-89.8308,1851
46.1442,-115.5964,1436
70.1917,-148.4772,2046
43.2781,-70.9222,2326
59.4433,-151.7017,2352
30.3433,-89.8222,1440
40.6239,-74.6694,2354
31.8456,-86.6108,1351
55.3567,-131.7117,147
59.2433,-135.5094,952
41.0375,-81.4642,1350
39.3644,-84.5247,1351
47.0339,-120.5303,1050
45.8258,-119.2611,1141
47.4667,-87.8833,717
36.7436,-108.2292,1522
40.8500,-74.0614,1057
38.5000,-77.3000,2151
36.6950,-76.1356,2151
31.1500,-92.9667,1302
41.7781,-80.6958,1459
32.5500,-88.5667,1235
41.7419,-72.1836,1313
56.6000,-169.5650,1735
38.7667,-104.3000,2215
42.6003,-123.3642,1839
48.7167,-94.6000,15
47.3864,-92.8389,52
45.8678,-95.3942,54
42.2228,-83.7444,1324
39.2775,-120.7103,1417
43.9636,-69.7117,2352
35.1350,-90.2344,1915
34.2097,-118.4892,1545
43.6264,-72.3047,1548
34.6719,-82.8864,2053
41.3714,-73.4828,1132
58.3567,-134.5639,3
41.9144,-88.2464,921
41.8756,-71.0211,1303
46.4047,-94.1308,304
33.3000,-117.3500,2338
34.1167,-119.1167,1332
44.8322,-93.4706,510
47.7472,-90.3444,846
42.6650,-83.4181,1411
29.5622,-91.5256,1636
47.1686,-88.4889,810
40.0819,-75.0111,2328
43.3497,-76.3847,2118
40.8731,-81.8867,1256
31.3500,-85.6667,1059
39.4203,-83.8217,1304
34.7917,-79.3661,2317
7.4500,151.8333,1443
34.8461,-82.3461,1723
44.5761,-71.1786,1444
37.1681,-97.0369,1701
40.1606,-113.3508,1518
31.0425,-86.3117,1406
43.1644,-95.2017,430
6.9667,158.2167,1142
62.9614,-141.9292,338
57.0481,-135.3647,1712
42.9333,-71.4383,2325
39.9492,-74.8417,2346
42.5700,-72.2911,2037
60.4889,-145.4511,702
45.4622,-69.5953,114
42.4933,-79.2722,109
40.0781,-83.0781,1429
62.1592,-145.4589,20
30.3503,-81.8831,1411
60.5797,-151.2392,1126
39.4167,-118.7167,127
42.4700,-71.2894,2333
31.3089,-86.3939,1506
35.6875,-117.6931,2252
42.1208,-87.9047,1035
38.9833,-76.4667,2154
47.4569,-115.6450,45
41.7700,-88.4814,942
38.9503,-95.6639,1002
36.9500,-76.2833,2129
31.5883,-110.3442,1447
40.7342,-73.4169,1525
45.0619,-93.3508,140
40.8206,-76.8642,2216
29.3331,-89.4075,1410
42.1594,-76.8919,2214
42.7172,-71.1239,2232
40.0228,-82.4625,1315
42.1908,-71.1736,2304
66.0689,-162.7639,807
41.3275,-72.0494,1424
41.0669,-73.7075,2359
41.7872,-111.8533,1808
47.2381,-123.1408,148
44.9319,-93.0556,116
61.5961,-149.0917,2353
38.0653,-97.8606,1130
41.0467,-78.4117,1549
42.5708,-77.7133,1643
61.1781,-149.9664,724
32.7000,-117.2000,1409
42.1578,-72.7161,2118
40.3547,-79.9217,1639
35.1967,-81.1558,2213
27.5000,-97.8167,1558
30.7167,-87.0167,1134
41.1961,-112.0114,704
40.3300,-75.1225,2314
30.2333,-81.6667,1507
41.3497,-71.7989,1428
41.7861,-87.7522,758
40.2172,-76.8514,2124
27.6833,-97.2833,1313
42.5842,-70.9175,1839
44.0219,-82.7931,2040
48.3500,-122.6667,1301
9.4833,138.0833,1035
70.2117,-151.0017,1948
30.4000,-86.4717,1822
32.8667,-117.1333,1440
31.4000,-93.2833,1359
43.2339,-75.4117,2231
39.6092,-110.7547,1853
30.4636,-88.5319,1359
39.2956,-80.2289,1558
35.6542,-105.1419,1334
46.9006,-95.0678,19
36.1336,-80.2222,2012
43.1072,-78.9453,2201
38.1417,-76.4292,2317
34.2486,-82.1592,2155
59.6419,-151.4908,2117
41.0136,-83.6686,1138
36.0467,-79.4769,2053
