18.1747,-66.7978,5
40.7264,-122.7947,18
36.9969,-119.7072,80
40.7142,-122.4161,40
47.0575,-109.9514,211
42.9592,-120.7897,29
40.6117,-122.5281,2
31.6164,-94.6431,39
43.8083,-111.7892,68
34.5822,-119.9817,40
31.8769,-105.2369,79
40.5764,-105.0858,19
36.4622,-116.8669,111
34.5697,-93.1947,8
30.8408,-89.5453,3
37.5147,-122.0325,72
32.8964,-107.3078,108
30.7931,-94.1819,42
38.4917,-122.1242,24
47.7283,-104.1467,172
33.7092,-93.5564,45
30.0689,-94.2928,82
18.0331,-67.0722,6
40.1550,-103.1417,145
18.2583,-65.9922,3
35.7197,-86.9653,14
34.6033,-104.3811,90
34.9881,-120.3211,100
31.3706,-100.4942,74
26.8400,-81.0872,148
42.1231,-111.3133,51
37.3822,-102.2986,109
37.7617,-117.5658,31
32.8978,-90.8853,93
32.8242,-95.5275,85
43.5492,-71.4647,85
36.0147,-85.1314,32
30.2003,-92.6642,61
39.9614,-86.0586,29
35.7047,-101.5492,39
34.6603,-82.8236,92
38.4931,-122.0047,66
42.3806,-96.9575,19
32.8522,-95.8864,93
32.2822,-106.7597,27
34.5989,-103.2161,103
35.2006,-103.6867,72
33.0642,-101.0489,132
33.1481,-95.6269,0
34.1647,-88.7239,0
36.5508,-114.4581,11
33.1461,-107.1842,100
44.8831,-85.6753,89
26.5581,-99.1372,90
25.8175,-80.2858,97
31.9497,-91.2336,0
44.3089,-85.2050,169
38.0047,-120.4864,35
30.7053,-104.0233,34
37.9931,-100.8122,95
29.6211,-96.3661,26
32.3378,-89.0817,31
32.9203,-94.7225,64
