41.7072,-86.3164,1
44.6500,-73.4667,1
40.7789,-73.9692,1
42.7803,-84.5789,1
39.4019,-77.9844,1
39.9061,-84.2186,1
42.2347,-85.5519,1
48.0944,-105.5744,1
37.2847,-120.5128,1
37.5050,-77.3203,1
29.5442,-98.4839,1
41.3336,-75.7269,1
33.2194,-117.3494,1
43.1561,-90.6775,1
37.2253,-89.5706,1
38.1811,-85.7392,1
30.3489,-85.7881,1
44.5344,-72.6144,1
28.0836,-97.0464,1
36.9878,-120.1106,1
39.0431,-84.6717,1
32.3347,-88.7442,1
28.4567,-99.2183,1
13.4836,144.7961,1
41.1389,-75.3794,1
26.1658,-97.3458,1
37.7214,-122.2208,1
41.8678,-84.0794,1
47.9428,-97.1839,1
46.8706,-68.0172,1
31.1828,-90.4708,1
32.6847,-83.6528,1
46.9253,-96.8111,1
32.8192,-97.3614,1
40.6508,-75.4492,1
41.2433,-76.9217,1
30.0375,-91.8839,1
27.7411,-98.0247,1
44.0206,-117.0128,1
43.9042,-92.4917,1
43.1406,-89.3453,1
40.2769,-74.8158,1
38.1386,-78.4530,1
30.7044,-87.0231,1
44.7978,-68.8186,1
32.7100,-96.2672,1
35.4344,-119.0542,1
20.8997,-156.4286,1
39.6728,-75.6008,1
43.3500,-73.6167,1
43.1953,-71.5011,1
34.8822,-95.7831,1
34.8994,-120.4486,1
44.2033,-72.5794,1
44.3853,-74.2067,1
39.7333,-77.4333,1
45.6308,-89.4653,1
40.2964,-78.3203,1
43.5164,-112.0672,1
37.6242,-120.9506,1
44.3206,-69.7972,1
46.5683,-120.5428,1
47.2856,-68.3133,1
41.4914,-120.5644,1
38.9408,-77.4636,1
43.7700,-88.4864,1
39.9914,-82.8808,1
40.7083,-84.0267,1
43.1167,-77.6767,1
42.3811,-122.8722,1
42.5950,-87.9381,1
44.4983,-88.1111,1
44.3592,-89.8369,1
33.9481,-83.3275,1
29.7036,-98.0281,1
32.0311,-96.3989,1
40.4122,-86.9369,1
31.9433,-102.1889,1
44.8664,-91.4878,1
31.5356,-84.1944,1
42.4272,-73.2892,1
42.8914,-73.2469,1
45.5464,-100.4078,1
43.9922,-76.0217,1
41.5886,-83.8014,1
41.4131,-81.8600,1
41.7803,-124.2367,1
46.7994,-102.7972,1
43.1711,-86.2367,1
46.1236,-67.7928,1
47.5303,-122.3008,1
39.3450,-81.4392,1
46.9258,-98.6692,1
42.2667,-84.4667,1
39.1333,-86.6167,1
41.5272,-85.7922,1
33.9753,-117.6361,1
44.9258,-89.6256,1
42.7611,-87.8136,1
42.9486,-78.7369,1
32.5161,-84.9422,1
47.6831,-117.3214,1
42.9550,-87.9044,1
39.6428,-79.9164,1
32.4506,-93.8411,1
46.0947,-118.2869,1
42.3075,-85.2511,1
41.6267,-73.8842,1
46.1569,-123.8825,1
37.0683,-88.7719,1
40.7781,-111.9694,1
46.8369,-92.2097,1
42.9667,-83.7494,1
41.3375,-84.4289,1
41.1783,-78.8989,1
43.7694,-87.8506,1
33.2119,-87.6161,1
38.0442,-87.5206,1
42.8939,-85.5447,1
41.3325,-122.3328,1
45.4558,-98.4131,1
26.0719,-80.1536,1
36.7725,-90.3247,1
34.2900,-93.0600,1
46.0139,-102.6547,1
27.7839,-97.5108,1
27.5333,-99.4667,1
35.6697,-120.6283,1
42.1244,-86.4267,1
34.5467,-93.5781,1
41.8031,-78.6403,1
41.0669,-73.7075,1
37.6928,-121.8144,1
39.8250,-86.2958,1
30.5892,-96.3647,1
31.2361,-94.7544,1
43.3436,-72.5178,1
41.9950,-87.9336,1
48.1739,-103.6367,1
26.1839,-98.2539,1
34.0500,-94.4008,1
33.4536,-94.0075,1
40.1764,-80.6472,1
43.5331,-84.0797,1
39.9444,-81.8922,1
35.2578,-93.0947,1
37.8892,-121.2258,1
42.1928,-89.0931,1
44.4683,-73.1500,1
28.7247,-96.2536,1
37.7836,-81.1231,1
40.8203,-82.5178,1
33.9706,-80.9958,1
41.8706,-103.5931,1
33.9228,-118.3342,1
33.4825,-90.9853,1
38.8483,-77.0342,1
40.4719,-81.4236,1
30.3567,-95.4139,1
48.5614,-93.3981,1
48.2553,-101.2733,1
43.9844,-88.5569,1
36.9261,-111.4478,1
42.1997,-75.9850,1
39.7078,-77.7297,1
31.5358,-82.5067,1
29.9933,-90.2511,1
42.0800,-80.1825,1
44.1278,-123.2206,1
38.1847,-84.9033,1
44.8831,-93.2289,1
31.3089,-86.3939,1
29.3389,-98.4719,1
40.3161,-78.8339,1
35.3331,-94.3625,1
42.7461,-86.0967,1
36.7800,-119.7194,1
29.9506,-94.0206,1
44.6381,-90.1875,1
36.3189,-119.6289,1
42.8375,-103.0953,1
43.2119,-90.1814,1
