32.5500,-88.5667,1646
39.5936,-84.2264,1519
42.4167,-87.8667,2214
46.0261,-91.4442,1905
22.0333,-159.7833,1516
41.5092,-74.2650,656
34.2486,-82.1592,2222
40.3547,-79.9217,1907
37.1319,-76.4930,811
55.5800,-133.0750,308
41.8678,-84.0794,1525
36.8167,-76.0333,318
43.9636,-69.7117,1253
45.8258,-119.2611,2024
38.0653,-97.8606,919
32.4833,-80.7167,2217
42.5842,-70.9175,1114
36.7436,-108.2292,1523
47.9078,-122.2803,102
47.5303,-122.3008,1513
47.1686,-88.4889,2218
41.2639,-72.8872,233
60.5797,-151.2392,1021
41.7361,-72.6506,29
41.6875,-69.9933,117
40.8206,-76.8642,142
61.2169,-149.8550,2306
70.2117,-151.0017,1600
44.3675,-71.5450,1335
40.8764,-74.2831,50
42.4933,-79.2722,18
40.8436,-72.6322,419
41.3461,-82.1794,1122
34.2008,-119.2069,1134
41.5175,-81.6836,1714
41.0669,-73.7075,138
40.1203,-76.2944,234
47.7472,-90.3444,2143
41.3714,-73.4828,221
41.3497,-71.7989,242
34.8461,-82.3461,2143
40.8500,-74.0614,319
61.1781,-149.9664,2151
38.5000,-77.3000,6
41.5631,-83.4764,1115
31.4156,-87.0442,1151
31.8456,-86.6108,2035
41.7861,-87.7522,23
18.4325,-66.0108,1415
61.5961,-149.0917,1319
44.8322,-93.4706,2348
37.7064,-112.1456,1416
35.1822,-103.6031,4
40.2172,-76.8514,15
46.4047,-94.1308,1534
32.7000,-117.2000,1326
36.7414,-104.5022,13
59.4433,-151.7017,921
56.6000,-169.5650,627
37.7461,-97.2211,1644
40.0228,-82.4625,1624
42.8050,-72.0036,632
60.4889,-145.4511,1107
30.4000,-81.4167,1400
35.0028,-105.6628,1739
18.2550,-65.6408,351
48.7167,-94.6000,2134
41.2531,-70.0608,429
39.6092,-110.7547,1425
38.6956,-121.5897,1403
42.2333,-83.5333,1129
34.2097,-118.4892,1432
27.5000,-97.8167,1302
41.7872,-111.8533,2042
35.6542,-105.1419,1509
31.0425,-86.3117,2059
61.1689,-150.0278,2328
18.3331,-64.9667,635
24.5833,-81.6833,1214
41.7781,-80.6958,1739
58.3567,-134.5639,1952
42.1578,-72.7161,109
42.1094,-77.9919,41
62.3200,-150.0950,1055
38.8983,-119.9947,1357
31.4000,-93.2833,1139
36.9839,-77.0075,824
32.5428,-93.7450,709
42.5700,-72.2911,41
34.7917,-79.3661,2134
32.8167,-115.6833,1420
35.5144,-108.7939,1433
41.2003,-74.6231,455
35.6875,-117.6931,1335
40.0681,-118.5692,1354
33.3000,-117.3500,2228
30.6264,-88.0681,2043
37.0911,-95.5664,117
39.4167,-118.7167,2004
41.3275,-72.0494,502
31.6072,-110.4281,1706
39.4900,-121.6183,1206
35.1350,-90.2344,1401
42.9333,-71.4383,337
28.0622,-81.7542,1054
42.5519,-71.7558,45
70.6392,-159.9950,727
42.1594,-76.8919,823
59.2433,-135.5094,2351
36.6950,-76.1356,358
30.5069,-86.9597,2241
39.2775,-120.7103,2255
41.1961,-112.0114,1605
57.0481,-135.3647,2029
42.4092,-83.0100,1400
36.3333,-119.9500,1427
35.9333,-79.0642,2204
30.3433,-89.8222,2139
44.5483,-95.0803,1329
41.0731,-71.9233,106
41.0467,-78.4117,50
42.6003,-123.3642,932
39.7556,-82.6572,607
46.9006,-95.0678,1918
30.3503,-81.8831,1722
30.7044,-87.0231,1234
30.4636,-88.5319,1039
38.3083,-75.1239,430
40.6161,-83.0636,819
41.5333,-71.2833,545
40.0781,-83.0781,827
59.4556,-135.3239,2342
42.7172,-71.1239,456
41.9097,-70.7294,658
46.1442,-115.5964,1332
29.5622,-91.5256,1745
38.7642,-87.6056,402
37.3278,-95.5042,57
43.6264,-72.3047,929
33.5872,-85.8556,1744
44.0219,-82.7931,1319
66.0689,-162.7639,1108
67.7317,-164.5483,325
38.4167,-113.0167,1126
27.6833,-97.2833,1300
47.4667,-87.8833,2142
70.1917,-148.4772,110
36.9500,-76.2833,313
38.9503,-95.6639,905
45.8183,-88.1144,1127
44.9319,-93.0556,2316
34.1167,-119.1167,1359
34.7000,-77.3833,2312
38.0494,-103.5122,1705
41.6686,-70.2800,155
9.4833,138.0833,1318
38.7667,-104.3000,1701
45.4622,-69.5953,636
47.4933,-122.2144,325
40.1606,-113.3508,1635
30.0494,-90.0289,1851
34.6719,-82.8864,2042
43.2781,-70.9222,1253
36.1336,-80.2222,1035
41.0089,-74.7367,43
43.1644,-95.2017,1928
31.9514,-85.1289,1905
42.6425,-77.0564,15
62.1592,-145.4589,1642
38.9833,-76.4667,451
33.4050,-118.4158,1959
48.5222,-123.0231,1017
35.1967,-81.1558,2221
31.5883,-110.3442,1559
59.6419,-151.4908,525
43.1072,-78.9453,215
64.5500,-149.0717,2343
41.7419,-72.1836,244
42.1208,-87.9047,2114
38.8761,-98.8092,1518
45.8678,-95.3942,1123
46.4167,-86.6500,1509
41.6264,-80.2150,124
41.7700,-88.4814,1718
43.2339,-75.4117,130
42.1908,-71.1736,53
40.8217,-72.8689,27
30.2333,-81.6667,1625
41.9144,-88.2464,2056
48.1203,-123.4983,1209
6.9667,158.2167,1221
41.3931,-70.6150,344
39.3644,-84.5247,1340
40.6239,-74.6694,56
45.0619,-93.3508,2109
42.6650,-83.4181,1317
39.2956,-80.2289,2000
31.3558,-85.7511,2308
55.3567,-131.7117,1653
64.3267,-158.7417,131
39.1033,-84.4189,1508
38.3000,-76.4167,25
47.0339,-120.5303,1255
34.9869,-81.0575,2345
40.8731,-81.8867,1139
42.5708,-77.7133,1409
30.7797,-86.5225,2216
7.3333,134.4833,45
31.3500,-85.6667,2316
39.4203,-83.8217,1508
29.3331,-89.4075,2041
17.7028,-64.8056,1129
47.4569,-115.6450,650
40.7342,-73.4169,55
41.8756,-71.0211,12
35.0169,-80.6206,2301
42.2228,-83.7444,1238
47.3864,-92.8389,2354
59.7494,-154.9089,649
31.1500,-92.9667,1339
32.8667,-117.1333,1418
39.9181,-76.8742,46
39.3667,-75.0667,28
47.2675,-122.5761,120
64.7767,-141.1483,1620
43.3497,-76.3847,3
37.1467,-94.5022,41
41.0375,-81.4642,1749
66.9161,-151.5089,211
39.7333,-77.4333,417
41.6764,-70.9583,12
41.5097,-72.8278,25
60.7850,-148.8389,1829
30.4000,-86.4717,1310
31.3928,-92.2956,1246
35.6169,-106.0889,1832
44.5761,-71.1786,1137
27.9106,-82.6875,1738
37.7081,-77.4344,730
39.9492,-74.8417,127
40.3300,-75.1225,1
48.3500,-122.6667,1532
47.2381,-123.1408,1428
37.1681,-97.0369,1637
41.4525,-87.0058,325
40.0819,-75.0111,41
38.1417,-76.4292,50
46.5486,-90.9189,1916
43.9906,-70.9475,24
30.7167,-87.0167,1205
35.2578,-93.0947,1325
35.9403,-89.8308,1624
62.9614,-141.9292,1134
41.0136,-83.6686,927
35.8550,-77.8931,705
45.6194,-121.1661,1536
42.6958,-73.1708,46
40.2383,-75.5572,112
28.4736,-82.4544,1535
26.5361,-81.7550,1112
63.9944,-145.7214,1610
42.4700,-71.2894,16
60.1283,-149.4167,2057
39.9369,-91.1919,1235
7.4500,151.8333,20
