18.1747,-66.7978,0
31.2022,-93.5725,163
40.7264,-122.7947,23
36.9969,-119.7072,119
40.7142,-122.4161,55
47.0575,-109.9514,188
42.9592,-120.7897,23
40.6117,-122.5281,11
31.6164,-94.6431,32
43.8083,-111.7892,140
34.5822,-119.9817,32
31.8769,-105.2369,95
42.1397,-87.7853,0
40.5764,-105.0858,43
36.4622,-116.8669,195
34.5697,-93.1947,29
30.8408,-89.5453,2
37.5147,-122.0325,58
32.8964,-107.3078,109
30.7931,-94.1819,100
38.4917,-122.1242,16
47.7283,-104.1467,56
45.9228,-108.2444,0
30.0689,-94.2928,211
18.0331,-67.0722,3
40.1550,-103.1417,179
18.2583,-65.9922,2
35.7197,-86.9653,61
34.6033,-104.3811,206
34.9881,-120.3211,90
31.3706,-100.4942,323
26.8400,-81.0872,129
42.1231,-111.3133,140
37.3822,-102.2986,238
39.0422,-108.4664,216
32.8978,-90.8853,55
32.8242,-95.5275,243
43.5492,-71.4647,212
36.0147,-85.1314,97
30.2003,-92.6642,74
35.7047,-101.5492,340
34.6603,-82.8236,14
38.4931,-122.0047,51
42.3806,-96.9575,8
32.8522,-95.8864,174
32.2822,-106.7597,106
34.5989,-103.2161,360
35.2006,-103.6867,95
33.0642,-101.0489,253
41.4439,-86.9294,0
33.1481,-95.6269,0
34.1647,-88.7239,0
36.5508,-114.4581,60
33.1461,-107.1842,100
44.8831,-85.6753,48
26.5581,-99.1372,89
25.8175,-80.2858,53
31.9497,-91.2336,8
39.6619,-99.1228,499
44.3089,-85.2050,47
38.0047,-120.4864,35
30.7053,-104.0233,114
32.4219,-93.6381,175
37.9931,-100.8122,277
29.6211,-96.3661,66
27.4272,-80.4053,76
32.3378,-89.0817,85
32.9203,-94.7225,196
