45.8981,-86.5483,54
46.2314,-112.1136,116
39.4206,-79.0050,103
47.8344,-120.0006,22
47.2753,-88.4169,18
40.1100,-87.9567,85
47.6497,-120.0800,58
35.5953,-82.5567,165
30.5347,-94.4456,49
41.8161,-80.4250,112
37.1317,-86.1481,85
39.8814,-77.3506,215
39.7750,-105.1169,98
47.2919,-88.4208,58
40.5764,-105.0858,94
39.7194,-76.8028,161
45.6656,-97.0392,134
44.4933,-68.4583,228
34.6242,-106.3103,139
35.1375,-77.9892,112
34.2183,-116.4072,85
34.1206,-115.8500,49
45.4525,-99.3358,85
42.3997,-89.9903,49
61.5889,-149.0992,76
47.0083,-88.4317,40
41.7392,-77.9711,89
39.0733,-93.7075,125
47.8306,-110.6608,63
40.9656,-105.2186,125
61.2967,-149.4400,94
39.1439,-103.4897,103
61.1025,-149.7169,197
40.8600,-102.8031,98
48.9981,-110.2158,67
40.6558,-97.2208,89
48.4628,-108.7792,22
45.0961,-112.0856,103
34.7994,-109.8850,232
35.0761,-89.7430,67
47.0111,-109.2261,40
41.2847,-105.5319,85
