36.3200,-115.7000,48
36.7200,-106.2600,46
43.8000,-114.8500,41
43.7600,-116.1000,96
35.7700,-105.7800,30
36.5100,-106.3200,18
40.3000,-111.2600,83
43.7600,-115.2400,43
43.7300,-113.8300,37
39.1900,-120.2600,87
39.3600,-106.0600,53
36.2500,-115.6300,44
39.2900,-117.1100,32
36.8600,-106.2300,24
46.2400,-117.3900,38
44.2100,-110.6700,59
44.7900,-116.0900,40
38.4000,-119.5400,42
35.9200,-106.3900,30
48.7200,-116.4600,38
41.4000,-107.2600,51
36.1900,-105.5600,30
40.8300,-111.7600,52
36.0300,-106.8100,39
36.0700,-105.6300,56
36.9600,-106.6600,46
35.3400,-111.6500,91
36.7900,-105.2400,54
39.4300,-120.3100,24
36.0000,-106.8300,51
40.5300,-106.7800,40
36.3100,-115.6800,42
39.8000,-106.0300,333
36.9900,-105.2600,47
36.1300,-105.5300,43
44.3800,-116.3400,41
39.3100,-111.4300,137
35.7800,-105.5400,28
