43.8083,-111.7892,289
40.2539,-85.1483,356
28.4675,-98.2525,378
37.9050,-93.3169,272
46.0436,-118.4628,317
61.5664,-149.2542,250
44.1183,-121.2103,267
40.2458,-111.6508,350
35.4139,-86.8086,356
40.1739,-101.0611,328
35.7197,-86.9653,356
42.1397,-87.7853,289
36.5508,-114.4581,361
34.7675,-106.7611,317
43.8544,-116.4664,317
64.8569,-147.8611,217
35.4072,-104.1906,167
40.7142,-122.4161,400
26.5581,-99.1372,244
33.6731,-111.1508,356
30.2003,-92.6642,317
42.7467,-71.0425,250
32.2822,-106.7597,367
42.9536,-112.8253,244
38.7403,-104.3994,317
42.8767,-77.0308,328
47.6811,-117.6267,272
45.9228,-108.2444,306
37.7967,-121.5828,389
48.4983,-109.8014,267
47.0022,-118.5658,289
39.1172,-95.4097,194
36.4711,-86.8414,344
38.0047,-120.4864,356
34.9881,-120.3211,317
36.6897,-108.3086,-178
30.7053,-104.0233,278
40.2842,-109.8611,344
40.4750,-86.9919,333
41.9342,-88.7756,283
38.9667,-98.4889,239
45.6750,-111.1550,278
43.5492,-71.4647,311
41.4439,-86.9294,322
34.5822,-119.9817,339
46.7281,-116.9558,294
37.0683,-88.7725,339
47.7283,-104.1467,344
38.8586,-99.3358,289
38.4931,-122.0047,372
39.0303,-76.9314,328
37.7617,-117.5658,361
38.6450,-95.5661,406
38.4917,-122.1242,328
26.8400,-81.0872,333
39.0744,-96.8983,217
35.0489,-97.9158,311
45.6911,-118.8522,283
38.5039,-95.7036,261
39.2494,-106.3714,211
40.2233,-86.1086,328
35.7047,-101.5492,256
38.4661,-101.7758,311
44.0622,-103.4819,283
39.3925,-101.0689,317
37.3806,-107.5811,156
40.7833,-81.9167,344
35.6214,-88.8456,367
36.4622,-116.8669,378
29.4608,-101.0286,350
42.9592,-120.7897,333
40.6117,-122.5281,394
46.8706,-68.0172,239
33.7092,-93.5564,322
25.8175,-80.2858,367
35.2006,-103.6867,344
47.0575,-109.9514,267
42.1231,-111.3133,300
45.4825,-120.7236,283
40.0892,-99.2133,322
37.6967,-93.7722,306
36.5575,-105.2628,222
34.5989,-103.2161,322
38.5350,-121.7761,361
48.7178,-122.5114,267
