43.8544,-116.4664,239
43.9794,-117.0247,178
40.1100,-87.9567,200
41.1453,-85.4897,161
33.8083,-79.8567,250
47.0575,-109.9514,206
33.2564,-81.2422,222
34.1944,-79.2472,250
41.8161,-80.4250,206
40.4750,-86.9919,200
32.7547,-104.3836,211
34.2183,-81.0731,278
42.7831,-71.4147,206
37.1317,-86.1481,239
37.8194,-85.3847,261
42.1397,-87.7853,194
44.4933,-68.4583,161
40.4719,-74.4364,211
62.1925,-150.5033,100
37.0683,-88.7725,233
46.8706,-68.0172,156
38.4558,-86.6983,239
40.2233,-86.1086,272
44.9847,-93.1772,189
34.4719,-81.8839,244
35.6214,-88.8456,261
32.3500,-94.6500,272
37.9311,-98.0297,211
40.0739,-87.5067,239
39.4833,-83.8500,228
42.2947,-83.7108,172
34.7289,-80.0389,250
37.1244,-87.8672,178
38.4661,-101.7758,217
39.4708,-87.4081,206
27.7792,-97.5056,278
38.7003,-82.4736,267
39.4700,-80.8572,217
38.7386,-87.4878,228
28.7156,-97.1742,261
41.0267,-86.5867,206
34.1419,-80.8700,256
35.6042,-91.2744,261
45.0853,-67.1203,189
38.8894,-86.5519,228
64.9156,-148.2711,22
42.3806,-96.9575,189
32.2822,-106.7597,294
41.4439,-86.9294,206
47.6811,-117.6267,150
33.7775,-81.8467,261
40.9361,-90.7197,222
36.1306,-80.5481,250
32.5133,-92.3486,244
44.8831,-85.6753,172
40.2539,-85.1483,239
32.9206,-86.6708,261
46.3414,-86.9242,144
38.3139,-81.7186,217
36.7578,-90.4056,211
28.8608,-97.0181,289
40.8142,-85.1547,156
37.9931,-100.8122,183
37.1167,-84.6167,139
44.5208,-101.6192,156
36.5914,-101.6181,206
20.7583,-156.3211,189
