40.5764,-105.0858,72
40.8600,-102.8031,107
47.8306,-110.6608,58
47.2753,-88.4169,27
45.4525,-99.3358,76
39.7194,-76.8028,107
41.8161,-80.4250,27
35.0761,-89.7430,134
39.4206,-79.0050,98
47.2919,-88.4208,63
48.0750,-111.2597,36
40.6558,-97.2208,63
35.5953,-82.5567,80
39.0733,-93.7075,94
61.1025,-149.7169,85
44.4933,-68.4583,112
35.1375,-77.9892,63
34.7994,-109.8850,121
47.8344,-120.0006,67
34.2183,-116.4072,210
48.9981,-110.2158,36
30.5347,-94.4456,58
39.7750,-105.1169,103
34.1206,-115.8500,58
42.3997,-89.9903,67
34.6242,-106.3103,134
38.5039,-95.7036,72
47.0083,-88.4317,67
61.2967,-149.4400,80
40.1100,-87.9567,121
39.3903,-94.5553,67
37.1317,-86.1481,94
47.6497,-120.0800,27
61.5889,-149.0992,27
41.7392,-77.9711,63
38.6644,-94.8900,54
39.1439,-103.4897,107
45.0961,-112.0856,94
40.9656,-105.2186,116
45.6656,-97.0392,170
39.8814,-77.3506,72
