32.5667,-117.1167,1027
30.0494,-90.0289,1532
43.9906,-70.9475,1831
45.6194,-121.1661,1704
34.2008,-119.2069,1514
64.7767,-141.1483,1748
35.0169,-80.6206,1638
38.3000,-76.4167,1506
41.3461,-82.1794,1139
37.7461,-97.2211,2343
34.9883,-117.8647,1844
39.7333,-77.4333,1245
41.6764,-70.9583,1553
42.2333,-83.5333,1353
36.7414,-104.5022,1457
41.2531,-70.0608,2314
31.3558,-85.7511,1932
37.3278,-95.5042,1542
41.6264,-80.2150,1628
60.1283,-149.4167,1409
42.2667,-84.4667,1043
61.2169,-149.8550,1704
64.5500,-149.0717,1743
36.9839,-77.0075,1344
40.0681,-118.5692,1504
38.8761,-98.8092,1712
41.0089,-74.7367,1232
26.5361,-81.7550,1535
64.3267,-158.7417,1533
41.9097,-70.7294,1128
42.6958,-73.1708,1245
42.6425,-77.0564,1412
41.6686,-70.2800,1346
59.7494,-154.9089,1612
37.0911,-95.5664,1332
39.9369,-91.1919,2300
41.4525,-87.0058,1408
40.8764,-74.2831,1135
42.5519,-71.7558,1348
32.5428,-93.7450,1536
41.2639,-72.8872,1448
62.3200,-150.0950,1525
47.5303,-122.3008,1500
42.1094,-77.9919,1524
34.9869,-81.0575,830
40.8436,-72.6322,1603
41.0731,-71.9233,2308
36.3333,-119.9500,1431
33.4050,-118.4158,1645
40.8217,-72.8689,955
42.4092,-83.0100,102
35.6169,-106.0889,1425
41.5631,-83.4764,1453
30.7797,-86.5225,1527
38.6956,-121.5897,1612
40.1519,-122.2536,1310
27.9106,-82.6875,1148
40.1203,-76.2944,1641
32.7667,-97.4500,512
38.4167,-113.0167,1627
46.4167,-86.6500,1114
47.9078,-122.2803,1938
45.8183,-88.1144,702
66.9161,-151.5089,1112
41.5333,-71.2833,1431
28.4736,-82.4544,1345
17.7028,-64.8056,1713
48.5222,-123.0231,2120
40.6161,-83.0636,1353
42.4167,-87.8667,351
70.6392,-159.9950,1829
31.9514,-85.1289,1349
35.9333,-79.0642,2023
18.3331,-64.9667,1731
41.8678,-84.0794,1800
44.3675,-71.5450,1654
46.0261,-91.4442,1100
41.5175,-81.6836,1028
24.5833,-81.6833,2049
41.5092,-74.2650,1505
36.8167,-76.0333,1112
18.2550,-65.6408,1147
31.4156,-87.0442,1246
40.2383,-75.5572,1509
35.5144,-108.7939,1650
48.1203,-123.4983,1607
38.8983,-119.9947,1423
32.8167,-115.6833,1506
28.0622,-81.7542,1846
39.7556,-82.6572,1507
30.4000,-81.4167,1737
18.4325,-66.0108,1407
31.6072,-110.4281,1604
63.9944,-145.7214,950
46.5486,-90.9189,1137
55.5800,-133.0750,1146
47.4933,-122.2144,1159
35.1822,-103.6031,153
59.4556,-135.3239,2025
37.7064,-112.1456,1126
60.7850,-148.8389,1139
47.2675,-122.5761,1817
35.8550,-77.8931,1922
35.0028,-105.6628,610
39.9181,-76.8742,1724
67.7317,-164.5483,1120
30.6264,-88.0681,1157
38.3083,-75.1239,1419
30.5069,-86.9597,1335
37.1319,-76.4930,1418
41.7361,-72.6506,1526
22.0333,-159.7833,1919
39.5936,-84.2264,1448
41.2003,-74.6231,1140
39.1033,-84.4189,1340
30.7044,-87.0231,1147
37.7081,-77.4344,1603
39.4900,-121.6183,1609
34.9000,-76.8833,706
42.8050,-72.0036,1559
41.3931,-70.6150,1501
39.3667,-75.0667,1614
31.3928,-92.2956,1426
41.5097,-72.8278,1506
32.4833,-80.7167,1245
41.6875,-69.9933,2248
30.8458,-85.6014,1658
34.7000,-77.3833,1821
7.3333,134.4833,920
35.9403,-89.8308,455
46.1442,-115.5964,1410
70.1917,-148.4772,1654
43.2781,-70.9222,1939
59.4433,-151.7017,1408
30.3433,-89.8222,1322
40.6239,-74.6694,1227
31.8456,-86.6108,1220
55.3567,-131.7117,344
59.2433,-135.5094,2002
41.0375,-81.4642,1333
39.3644,-84.5247,1414
47.0339,-120.5303,2357
45.8258,-119.2611,1109
47.4667,-87.8833,339
36.7436,-108.2292,1552
40.8500,-74.0614,1721
38.5000,-77.3000,1823
36.6950,-76.1356,1052
31.1500,-92.9667,1107
41.7781,-80.6958,1551
32.5500,-88.5667,1308
41.7419,-72.1836,1222
56.6000,-169.5650,1146
38.7667,-104.3000,13
42.6003,-123.3642,2002
48.7167,-94.6000,1527
47.3864,-92.8389,1217
42.2228,-83.7444,1216
39.2775,-120.7103,1324
43.9636,-69.7117,2121
35.1350,-90.2344,1239
34.2097,-118.4892,1506
43.6264,-72.3047,1732
34.6719,-82.8864,918
41.3714,-73.4828,1405
58.3567,-134.5639,1319
41.9144,-88.2464,628
41.8756,-71.0211,1620
46.4047,-94.1308,1211
34.1167,-119.1167,1132
44.8322,-93.4706,815
61.1689,-150.0278,58
47.7472,-90.3444,2244
42.6650,-83.4181,1513
47.1686,-88.4889,1418
40.0819,-75.0111,1711
43.3497,-76.3847,17
40.8731,-81.8867,1710
31.3500,-85.6667,1930
39.4203,-83.8217,1119
34.7917,-79.3661,1034
7.4500,151.8333,914
34.8461,-82.3461,903
44.5761,-71.1786,1656
37.1681,-97.0369,1313
31.0425,-86.3117,1710
43.1644,-95.2017,1420
6.9667,158.2167,2338
62.9614,-141.9292,1546
57.0481,-135.3647,1427
42.9333,-71.4383,1651
39.9492,-74.8417,1636
42.5700,-72.2911,1001
60.4889,-145.4511,1225
45.4622,-69.5953,2333
42.4933,-79.2722,709
40.0781,-83.0781,1538
62.1592,-145.4589,1606
30.3503,-81.8831,1830
60.5797,-151.2392,1300
39.4167,-118.7167,2031
42.4700,-71.2894,1453
35.6875,-117.6931,1715
42.1208,-87.9047,456
38.9833,-76.4667,1606
47.4569,-115.6450,1940
41.7700,-88.4814,500
38.9503,-95.6639,2156
36.9500,-76.2833,1403
31.5883,-110.3442,1523
40.7342,-73.4169,1646
40.8206,-76.8642,1222
29.3331,-89.4075,832
42.1594,-76.8919,1648
42.7172,-71.1239,1415
40.0228,-82.4625,1653
42.1908,-71.1736,1349
66.0689,-162.7639,1500
41.3275,-72.0494,1208
41.0669,-73.7075,1331
41.7872,-111.8533,1625
47.2381,-123.1408,1734
61.5961,-149.0917,1325
38.0653,-97.8606,32
41.0467,-78.4117,1628
42.5708,-77.7133,1511
61.1781,-149.9664,1630
32.7000,-117.2000,1152
42.1578,-72.7161,1406
40.3547,-79.9217,1433
35.1967,-81.1558,946
27.5000,-97.8167,1041
30.7167,-87.0167,1149
41.1961,-112.0114,1344
40.3300,-75.1225,1802
30.2333,-81.6667,1720
41.3497,-71.7989,1440
41.7861,-87.7522,239
40.2172,-76.8514,1740
27.6833,-97.2833,327
42.5842,-70.9175,1952
44.0219,-82.7931,814
48.3500,-122.6667,2000
9.4833,138.0833,1551
70.2117,-151.0017,1503
30.4000,-86.4717,1455
32.8667,-117.1333,1012
43.2339,-75.4117,1739
39.6092,-110.7547,1518
30.4636,-88.5319,914
39.2956,-80.2289,1838
35.6542,-105.1419,1420
46.9006,-95.0678,2219
36.1336,-80.2222,930
43.1072,-78.9453,1231
38.1417,-76.4292,1341
34.2486,-82.1592,823
59.6419,-151.4908,1041
41.0136,-83.6686,1409
36.0467,-79.4769,921
