43.8544,-116.4664,283
40.1100,-87.9567,211
41.1453,-85.4897,150
47.0575,-109.9514,117
33.2564,-81.2422,194
34.1944,-79.2472,239
41.8161,-80.4250,211
40.4750,-86.9919,156
32.7547,-104.3836,161
34.2183,-81.0731,233
42.7831,-71.4147,178
37.1317,-86.1481,228
37.8194,-85.3847,256
42.1397,-87.7853,172
64.1539,-145.8894,39
44.4933,-68.4583,133
40.4719,-74.4364,150
62.1925,-150.5033,56
37.0683,-88.7725,194
46.8706,-68.0172,100
38.4558,-86.6983,228
44.9847,-93.1772,161
34.4719,-81.8839,206
35.6214,-88.8456,244
32.3500,-94.6500,272
37.9311,-98.0297,183
40.0739,-87.5067,200
39.4833,-83.8500,261
42.2947,-83.7108,172
34.7289,-80.0389,222
37.1244,-87.8672,122
38.4661,-101.7758,172
39.4708,-87.4081,217
27.7792,-97.5056,272
38.7003,-82.4736,244
39.4700,-80.8572,239
38.7386,-87.4878,217
28.7156,-97.1742,233
41.0267,-86.5867,178
34.1419,-80.8700,222
35.6042,-91.2744,211
45.0853,-67.1203,144
34.6603,-82.8236,267
38.8894,-86.5519,194
64.9156,-148.2711,22
42.3806,-96.9575,172
32.2822,-106.7597,294
41.4439,-86.9294,183
47.6811,-117.6267,122
33.7775,-81.8467,239
40.9361,-90.7197,200
36.1306,-80.5481,233
32.5133,-92.3486,250
44.8831,-85.6753,178
40.2539,-85.1483,228
46.3414,-86.9242,128
38.3139,-81.7186,211
36.7578,-90.4056,189
28.8608,-97.0181,272
40.8142,-85.1547,172
37.9931,-100.8122,167
37.1167,-84.6167,144
44.5208,-101.6192,89
20.7583,-156.3211,228
