32.5667,-117.1167,290
40.2342,-85.3936,240
30.0494,-90.0289,110
43.9906,-70.9475,160
45.6194,-121.1661,60
47.2767,-121.3372,60
35.2333,-101.7089,330
34.2622,-88.7714,130
32.3367,-90.2214,150
32.6500,-114.6167,350
37.1431,-107.7597,260
37.4389,-105.8614,100
30.0481,-102.2131,340
34.2675,-77.8997,110
45.2486,-122.7686,110
46.7708,-100.7603,340
34.2008,-119.2069,270
35.2372,-120.6414,320
28.8208,-81.8097,90
43.0661,-108.4767,50
60.7850,-161.8292,30
64.7767,-141.1483,100
41.6117,-90.5808,230
37.2253,-89.5706,330
38.8169,-92.2183,340
27.4981,-80.3767,70
40.4122,-86.9369,240
38.9286,-90.4281,230
34.8822,-95.7831,220
35.0169,-80.6206,240
38.3000,-76.4167,180
36.2117,-115.1958,330
41.3461,-82.1794,200
40.9781,-124.1086,300
46.7994,-102.7972,320
37.7461,-97.2211,310
41.7806,-122.4717,40
33.0375,-116.9158,270
42.8153,-108.7261,330
34.9883,-117.8647,30
32.5722,-116.9794,280
36.0097,-94.1694,210
42.5950,-87.9381,240
39.6014,-116.0056,200
47.2856,-68.3133,310
34.1750,-91.9347,330
43.0206,-102.5183,10
39.7333,-77.4333,260
44.4683,-73.1500,10
41.8833,-91.7167,240
39.8233,-93.5792,300
43.5164,-112.0672,200
36.0394,-95.9844,210
29.7333,-85.0333,120
34.4258,-119.8425,340
43.9922,-76.0217,30
41.6764,-70.9583,140
44.1278,-123.2206,20
42.2333,-83.5333,150
31.3214,-85.4497,60
38.3794,-81.5900,320
46.9208,-114.0925,150
36.7414,-104.5022,230
41.2531,-70.0608,20
44.2558,-121.1392,330
41.5272,-85.7922,200
31.3558,-85.7511,40
44.3592,-89.8369,340
37.3278,-95.5042,350
41.6264,-80.2150,270
60.1283,-149.4167,350
43.9658,-107.9508,360
42.2667,-84.4667,190
35.1442,-111.6664,40
61.2169,-149.8550,340
40.0397,-88.2778,230
64.5500,-149.0717,70
26.2500,-80.1083,100
36.9839,-77.0075,270
48.4608,-119.5167,140
40.0681,-118.5692,160
21.4500,-157.7833,30
38.8761,-98.8092,60
30.0675,-95.5561,80
44.3394,-105.5419,180
41.0089,-74.7367,230
34.0511,-118.2353,270
37.9272,-100.7247,30
39.3792,-74.4242,120
26.5361,-81.7550,80
39.8447,-89.6839,270
37.2839,-98.5528,30
39.5703,-104.8489,360
64.3267,-158.7417,30
40.4847,-80.2144,200
30.5892,-96.3647,150
44.7694,-106.9689,350
44.0511,-101.6011,310
40.7789,-73.9692,150
44.5344,-72.6144,340
34.9894,-99.0525,80
35.3889,-97.6006,120
35.4344,-119.0542,300
33.9786,-98.4928,140
39.0725,-95.6261,280
36.3189,-119.6289,330
40.6825,-74.1694,150
40.0803,-95.5919,250
27.7839,-97.5108,120
41.9097,-70.7294,70
46.7439,-117.1086,100
42.9486,-78.7369,100
37.9917,-122.0550,320
42.6958,-73.1708,340
29.3389,-98.4719,140
42.6425,-77.0564,170
42.7431,-73.8092,10
42.0647,-104.1528,60
28.4339,-81.3250,110
44.3814,-100.2856,330
41.1519,-104.8061,10
44.3853,-74.2067,220
33.6267,-116.1594,320
37.6542,-122.1150,200
40.4422,-109.5144,160
34.0500,-94.4008,320
41.6686,-70.2800,10
38.3650,-82.5550,220
33.6228,-111.9106,210
41.1583,-73.1289,190
33.6361,-91.7556,360
59.7494,-154.9089,120
39.4519,-87.3089,240
36.7800,-119.7194,320
37.0911,-95.5664,30
30.0375,-91.8839,90
42.9550,-87.9044,220
42.1469,-121.7242,170
32.3542,-95.4025,150
39.9369,-91.1919,240
41.4525,-87.0058,260
37.7214,-122.2208,300
42.9667,-83.7494,310
37.2833,-102.6139,40
45.7728,-122.8611,80
40.8764,-74.2831,160
34.6517,-112.4208,40
36.0969,-79.9433,270
33.8117,-78.7239,170
33.1783,-86.7817,150
37.5050,-77.3203,150
45.0717,-83.5644,150
45.6689,-96.9914,330
38.9408,-77.4636,200
42.8939,-85.5447,230
42.5519,-71.7558,280
32.5428,-93.7450,130
41.2639,-72.8872,180
58.6794,-156.6294,20
62.3200,-150.0950,30
47.5303,-122.3008,140
38.5050,-107.8975,300
45.4558,-98.4131,350
45.5511,-122.4089,110
42.1094,-77.9919,180
41.6328,-91.5431,340
33.2119,-87.6161,200
46.9253,-96.8111,340
46.1569,-123.8825,240
34.9869,-81.0575,220
40.8436,-72.6322,40
41.0731,-71.9233,340
41.3375,-84.4289,220
39.3669,-101.7000,50
36.3333,-119.9500,10
39.9444,-81.8922,200
33.4050,-118.4158,300
34.6294,-118.0836,60
34.4272,-100.2831,130
31.4208,-110.8458,120
37.3031,-108.6275,200
39.2292,-106.3169,350
44.5483,-95.0803,300
29.7036,-98.0281,150
33.8750,-84.3022,150
40.8217,-72.8689,150
42.5544,-92.4011,340
36.1189,-86.6892,180
32.6847,-83.6528,80
42.4092,-83.0100,210
36.6239,-87.4194,280
48.5428,-109.7633,300
32.2622,-107.7206,40
40.8203,-82.5178,180
31.3711,-100.4922,210
35.6169,-106.0889,170
30.3208,-97.7603,150
40.0489,-107.8853,30
41.5944,-109.0528,260
35.5931,-88.9167,320
42.7611,-87.8136,220
41.5631,-83.4764,220
47.4444,-122.3139,230
46.0947,-118.2869,190
39.3450,-81.4392,230
32.3500,-91.0278,160
32.9733,-97.3181,80
27.5333,-99.4667,120
30.7797,-86.5225,70
38.6956,-121.5897,280
48.0944,-105.5744,260
33.9519,-117.4386,360
48.2553,-101.2733,310
41.4333,-99.6333,360
38.8000,-97.6500,360
71.2833,-156.7814,70
31.3347,-92.5586,100
29.6381,-95.2819,80
45.0133,-84.7014,150
42.7461,-86.0967,220
40.1519,-122.2536,280
33.5656,-86.7450,150
27.9106,-82.6875,140
42.1128,-92.9175,350
37.3711,-118.3581,320
30.4781,-87.1869,140
29.1097,-95.4619,120
40.1203,-76.2944,240
43.4075,-94.7461,10
44.6381,-90.1875,170
30.6794,-88.2397,120
32.7667,-97.4500,100
38.4167,-113.0167,30
46.4167,-86.6500,10
33.9381,-118.3889,260
47.9078,-122.2803,260
40.7794,-73.8803,160
32.7336,-117.1831,310
38.7642,-87.6056,230
45.8183,-88.1144,330
66.9161,-151.5089,40
37.7086,-113.0944,360
40.2064,-100.5914,30
46.4267,-105.8825,310
35.8922,-78.7819,250
36.0167,-102.5500,180
38.1811,-85.7392,200
26.0719,-80.1536,60
40.6331,-93.9019,250
33.6800,-117.8664,200
41.5333,-71.2833,10
28.4736,-82.4544,80
17.7028,-64.8056,90
48.5222,-123.0231,60
40.6161,-83.0636,220
38.8853,-79.8528,290
39.4019,-77.9844,150
42.4167,-87.8667,210
70.6392,-159.9950,60
29.1828,-81.0483,80
43.1406,-89.3453,330
37.2958,-81.2078,240
32.3336,-104.2581,10
25.7906,-80.3164,90
26.9172,-81.9914,110
32.8342,-115.5786,360
31.9514,-85.1289,50
34.7442,-87.5997,240
33.4669,-82.0386,90
39.1667,-76.6833,150
35.9333,-79.0642,160
45.1947,-123.1339,100
18.3331,-64.9667,120
41.8678,-84.0794,210
44.3675,-71.5450,350
41.1078,-92.4467,340
36.1625,-97.0894,200
47.9375,-124.5550,220
41.1214,-100.6694,10
24.5550,-81.7522,120
43.7700,-88.4864,340
46.0261,-91.4442,150
28.8614,-96.9303,140
45.5433,-94.0514,310
41.5175,-81.6836,210
40.4719,-81.4236,170
24.5833,-81.6833,130
40.6508,-75.4492,250
41.5092,-74.2650,30
32.8519,-96.8556,110
36.8167,-76.0333,100
18.2550,-65.6408,40
38.8100,-104.6883,30
34.1853,-79.7239,160
41.2433,-76.9217,260
25.9069,-80.2803,140
47.0492,-109.4578,280
36.7683,-96.0261,140
31.4156,-87.0442,70
42.3075,-85.2511,200
43.5331,-84.0797,180
36.9878,-120.1106,330
41.1389,-75.3794,270
38.7550,-109.7542,310
40.2383,-75.5572,210
35.5144,-108.7939,20
33.9706,-80.9958,170
34.2167,-119.0833,260
48.2138,-106.6213,100
48.1203,-123.4983,120
35.2236,-80.9553,220
26.1522,-81.7753,270
44.5169,-108.0822,340
38.6572,-90.6558,260
47.9742,-117.4283,30
39.3756,-99.8297,20
38.8983,-119.9947,40
31.9433,-102.1889,350
34.2900,-93.0600,70
32.8167,-115.6833,340
28.0622,-81.7542,80
44.8428,-117.8086,250
39.7556,-82.6572,190
30.4000,-81.4167,70
35.2578,-93.0947,310
18.4325,-66.0108,70
34.6439,-86.7861,300
31.6072,-110.4281,60
37.2622,-104.3378,20
40.2769,-74.8158,130
42.0800,-80.1825,190
63.9944,-145.7214,110
47.3258,-106.9475,300
46.5486,-90.9189,330
55.5800,-133.0750,160
46.8706,-68.0172,300
32.8158,-117.1394,310
47.4933,-122.2144,200
30.1831,-97.6800,80
35.1822,-103.6031,80
40.8289,-115.7886,90
33.3644,-81.9633,140
39.4781,-88.2803,200
21.3167,-158.0667,150
43.3500,-73.6167,40
59.4556,-135.3239,40
30.9119,-102.9167,330
39.1258,-123.2008,300
37.7064,-112.1456,10
44.9047,-97.1494,320
45.5464,-100.4078,320
40.1667,-103.2167,50
43.1711,-86.2367,190
33.7792,-84.5214,150
60.7850,-148.8389,120
31.8606,-86.0122,130
45.0319,-102.0192,320
31.6189,-97.2283,140
35.5342,-97.6469,90
43.8789,-91.2528,330
13.4836,144.7961,290
47.2675,-122.5761,230
34.8831,-82.2203,160
44.3981,-98.2231,350
31.8311,-104.8089,70
47.6831,-117.3214,80
47.3078,-119.5153,20
39.1333,-86.6167,230
35.8550,-77.8931,90
40.7833,-91.1253,330
35.0028,-105.6628,90
39.9181,-76.8742,210
67.7317,-164.5483,60
39.6428,-79.9164,220
30.6264,-88.0681,150
40.5175,-122.2986,350
36.6206,-116.0278,60
30.3975,-84.3289,100
42.8375,-103.0953,70
28.7247,-96.2536,110
46.0139,-102.6547,330
45.9647,-112.5006,290
37.2353,-93.4003,270
38.3083,-75.1239,120
42.8914,-73.2469,350
38.0442,-87.5206,210
19.7192,-155.0531,50
30.5069,-86.9597,220
39.7075,-86.2803,230
37.1319,-76.4930,130
39.6728,-75.6008,170
26.1839,-98.2539,120
44.7408,-85.5825,290
41.7361,-72.6506,10
38.3306,-96.1897,330
22.0333,-159.7833,210
48.6033,-112.3753,260
36.2967,-99.7689,180
34.2719,-83.8303,120
41.8706,-103.5931,40
43.8339,-111.8045,230
39.8344,-88.8656,240
39.8328,-104.6575,30
42.2706,-71.8731,280
37.6928,-121.8144,40
42.1928,-89.0931,210
37.0683,-88.7719,260
39.5936,-84.2264,230
44.0433,-103.0536,330
41.2003,-74.6231,50
33.4964,-90.0867,110
41.4131,-81.8600,200
37.1467,-94.5022,340
32.6261,-116.4681,60
36.1994,-95.8872,200
39.1033,-84.4189,210
57.1553,-170.2222,350
40.6675,-89.6839,220
46.8369,-92.2097,150
40.1764,-80.6472,190
30.7044,-87.0231,110
37.6544,-97.4425,40
37.7081,-77.4344,270
32.7817,-98.0603,120
39.4900,-121.6183,70
46.9258,-98.6692,330
31.5358,-82.5067,100
34.9000,-76.8833,30
42.8050,-72.0036,340
41.7219,-71.4325,10
35.0564,-89.9864,300
35.3331,-94.3625,300
41.3931,-70.6150,20
44.4983,-88.1111,330
36.6636,-121.6081,270
39.3667,-75.0667,150
55.0389,-131.5786,140
37.0872,-84.0769,250
34.0158,-118.4514,230
29.9506,-94.0206,330
31.3928,-92.2956,130
41.5097,-72.8278,190
42.5906,-117.8644,130
32.4833,-80.7167,100
41.6875,-69.9933,60
27.6531,-80.2428,80
30.8458,-85.6014,20
43.1544,-93.3269,320
37.6242,-120.9506,340
34.7000,-77.3833,170
38.1386,-78.4530,190
41.9950,-87.9336,220
26.2281,-97.6542,130
29.3783,-100.9269,270
35.9403,-89.8308,290
33.8117,-118.1464,300
34.4978,-82.7097,210
39.5781,-85.8033,220
46.1442,-115.5964,320
40.5100,-101.6200,30
70.1917,-148.4772,60
44.1708,-114.9272,330
41.3119,-105.6747,70
43.2781,-70.9222,310
42.4819,-114.4869,210
30.3489,-85.7881,30
59.4433,-151.7017,40
32.5156,-92.0406,50
33.2367,-107.2681,40
32.6808,-96.8681,110
30.3433,-89.8222,170
37.7608,-99.9683,30
42.7803,-84.5789,330
40.6239,-74.6694,150
31.8456,-86.6108,100
32.7100,-96.2672,150
42.5417,-113.7661,260
35.0678,-77.0481,50
38.0494,-103.5122,60
30.8356,-85.1839,60
44.0206,-117.0128,60
38.2900,-104.4983,30
55.3567,-131.7117,150
59.2433,-135.5094,290
41.0375,-81.4642,210
29.9933,-90.2511,40
36.9358,-121.7886,140
39.3644,-84.5247,210
38.5911,-92.1558,260
47.0339,-120.5303,130
45.8258,-119.2611,30
47.4667,-87.8833,80
30.7406,-98.2353,140
31.4583,-109.6061,90
36.7436,-108.2292,290
48.7939,-122.5372,20
38.9597,-94.3714,230
39.5514,-97.6508,20
34.3622,-98.9761,120
39.2231,-106.8683,340
15.1167,145.7167,290
47.2078,-119.3192,350
40.8097,-124.1603,290
41.6236,-98.9517,350
39.8683,-75.2311,200
38.2281,-85.6636,210
41.1014,-102.9847,30
46.1236,-67.7928,330
40.7083,-84.0267,240
40.8500,-74.0614,170
38.5000,-77.3000,300
34.8536,-116.7858,30
32.8978,-97.0189,80
39.1894,-103.7158,50
36.6950,-76.1356,110
33.1281,-117.2794,260
31.1500,-92.9667,30
29.6333,-83.1053,30
42.9203,-112.5711,230
43.7694,-87.8506,190
43.6497,-70.3003,350
36.5881,-121.8453,280
30.5108,-99.7664,10
31.1828,-90.4708,170
41.7781,-80.6958,210
32.5500,-88.5667,160
34.5467,-93.5781,210
37.6703,-95.4842,30
35.9508,-85.0814,270
35.2578,-113.9331,340
45.6478,-68.6925,320
34.7336,-76.6606,110
28.5453,-81.3331,70
43.1561,-90.6775,330
26.5850,-81.8614,90
41.7419,-72.1836,320
56.6000,-169.5650,340
38.7667,-104.3000,70
41.9922,-93.6217,350
43.1111,-76.1039,10
35.7425,-81.3819,200
34.7436,-118.7242,340
33.3075,-104.5083,50
34.8994,-120.4486,300
42.6003,-123.3642,180
33.8281,-116.5053,60
48.7167,-94.6000,100
41.5339,-93.6531,320
42.3811,-122.8722,300
40.4953,-107.5211,310
47.4733,-111.3822,230
39.4839,-119.7711,130
46.9733,-122.9033,90
38.5714,-90.1572,270
47.3864,-92.8389,330
45.8678,-95.3942,310
42.2228,-83.7444,210
42.1244,-86.4267,250
37.3208,-79.2067,190
41.9856,-97.4353,340
39.2775,-120.7103,280
46.5683,-120.5428,280
43.9636,-69.7117,300
35.6575,-109.0614,40
43.3906,-99.8422,320
35.1350,-90.2344,310
35.4319,-82.5375,180
30.7439,-95.5861,160
39.0083,-95.2117,10
34.7675,-114.6189,20
39.8250,-86.2958,220
44.6500,-73.4667,40
55.2208,-162.7325,330
34.2097,-118.4892,360
41.4914,-120.5644,190
30.3567,-95.4139,140
33.4617,-80.8581,120
44.8831,-93.2289,300
47.9428,-97.1839,350
38.8317,-94.8897,360
38.8483,-77.0342,180
31.2819,-89.2531,110
43.6264,-72.3047,290
34.6719,-82.8864,140
44.9050,-123.0011,80
32.5161,-84.9422,80
41.3714,-73.4828,170
36.9647,-86.4239,230
58.3567,-134.5639,80
29.6919,-82.2756,100
39.1208,-94.5969,350
26.1658,-97.3458,120
38.0408,-84.6058,220
36.9261,-111.4478,70
29.2733,-94.8592,110
39.5264,-107.7264,300
35.8311,-90.6464,280
41.9144,-88.2464,220
41.8756,-71.0211,120
46.4047,-94.1308,340
42.3978,-90.7036,250
33.3000,-117.3500,180
27.4014,-82.5586,170
37.5908,-83.3131,300
35.2100,-99.1200,150
33.4825,-90.9853,320
35.6567,-95.3614,230
44.8322,-93.4706,310
34.9914,-78.8803,160
35.2325,-75.6219,30
45.5644,-84.7928,330
61.1689,-150.0278,350
47.7472,-90.3444,340
29.9800,-95.3600,130
32.2997,-86.4075,90
34.7272,-92.2389,90
42.6650,-83.4181,320
36.2833,-94.3000,260
39.1342,-108.5400,110
33.5872,-85.8556,60
30.4844,-81.7019,70
38.1847,-84.9033,220
43.2119,-90.1814,340
40.9017,-117.8081,20
33.8719,-117.9789,190
47.1686,-88.4889,10
40.0819,-75.0111,130
41.5886,-83.8014,230
43.3497,-76.3847,20
40.8731,-81.8867,240
39.0431,-84.6717,190
25.9989,-80.2411,110
36.7367,-97.1019,260
31.3500,-85.6667,90
39.4203,-83.8217,220
41.8056,-107.1997,250
38.0511,-117.0903,360
43.1167,-77.6767,40
34.7917,-79.3661,220
42.8975,-106.4636,70
48.5614,-93.3981,340
32.1314,-110.9553,340
26.1969,-80.1708,100
36.6817,-101.5053,200
34.8461,-82.3461,180
45.6983,-110.4408,260
36.0236,-84.2375,230
41.7072,-86.3164,240
44.5761,-71.1786,220
30.7825,-83.2767,50
27.7628,-82.6261,160
33.6542,-101.8136,320
37.1681,-97.0369,10
40.1606,-113.3508,70
43.1953,-71.5011,300
30.2050,-91.9875,60
26.6847,-80.0994,90
30.5372,-91.1469,170
43.1644,-95.2017,310
62.9614,-141.9292,310
42.3914,-96.3792,340
57.0481,-135.3647,190
42.9333,-71.4383,350
46.3583,-104.2500,340
45.8069,-108.5422,240
39.9492,-74.8417,110
41.7803,-124.2367,170
33.4536,-94.0075,360
47.6458,-101.4394,340
45.6044,-103.5464,310
42.5700,-72.2911,320
60.4889,-145.4511,110
35.0281,-110.7208,280
20.8997,-156.4286,30
45.4622,-69.5953,330
40.9706,-85.2064,220
32.6636,-97.0939,120
33.9486,-81.1186,100
31.2361,-94.7544,80
42.4933,-79.2722,190
40.0781,-83.0781,230
40.1936,-76.7633,130
44.3592,-84.6739,310
62.1592,-145.4589,310
66.8667,-162.6333,10
36.2667,-93.1567,250
57.7511,-152.4856,70
32.3347,-88.7442,150
42.5844,-110.1075,340
60.5797,-151.2392,20
46.2667,-119.1167,320
39.4167,-118.7167,150
42.4700,-71.2894,300
38.2103,-122.2847,220
33.9753,-117.6361,260
44.5228,-114.2150,130
37.4058,-122.0481,330
32.0311,-96.3989,130
40.6386,-73.7622,140
39.1353,-96.6778,20
62.9575,-155.6103,20
33.3633,-84.5658,120
41.6267,-73.8842,260
31.3089,-86.3939,120
35.6875,-117.6931,220
34.5183,-109.3792,300
41.1783,-78.8989,240
46.6056,-111.9636,270
37.3169,-79.9742,120
42.0572,-102.8000,10
45.5406,-122.9486,170
38.6892,-75.3592,140
32.4106,-99.6822,130
28.4567,-99.2183,140
40.0972,-92.5433,270
41.3103,-95.8992,320
42.1208,-87.9047,200
38.9833,-76.4667,140
47.4569,-115.6450,170
34.6081,-79.0592,230
25.9156,-97.4186,150
42.8783,-100.5500,320
41.7700,-88.4814,200
38.9503,-95.6639,360
36.2606,-76.1750,130
32.8547,-109.6353,150
27.9619,-82.5403,270
36.9500,-76.2833,320
29.5442,-98.4839,150
32.4506,-93.8411,50
31.5883,-110.3442,30
21.3239,-157.9294,40
37.8892,-121.2258,240
41.4653,-90.5233,310
40.7342,-73.4169,160
41.9381,-72.6825,10
36.7725,-90.3247,300
33.1803,-96.5903,70
43.5950,-118.9564,40
59.5119,-139.6711,140
39.7736,-94.9233,350
33.4278,-112.0039,200
45.0619,-93.3508,310
34.7411,-118.2117,50
33.2208,-92.8142,70
32.3206,-90.0778,160
40.8206,-76.8642,180
33.9228,-118.3342,270
36.8781,-91.9025,260
30.1250,-93.2158,180
39.2447,-102.2842,40
34.0561,-117.6003,270
19.7356,-156.0489,330
43.2389,-123.3547,10
29.3331,-89.4075,40
35.6950,-101.3950,210
44.8889,-116.1017,60
42.1594,-76.8919,250
39.1019,-121.5678,300
41.3325,-122.3328,70
31.5356,-84.1944,60
42.7172,-71.1239,360
40.0228,-82.4625,200
44.3814,-106.7211,350
43.9042,-92.4917,310
42.1908,-71.1736,280
44.2033,-72.5794,350
42.7972,-105.3856,20
66.0689,-162.7639,20
41.2731,-111.0306,360
29.5189,-95.2417,80
39.7078,-77.7297,180
45.6308,-89.4653,150
40.9167,-81.4333,210
35.9461,-112.1547,50
38.3406,-75.5103,140
47.6217,-117.5281,40
31.8111,-106.3758,40
41.3275,-72.0494,190
41.0669,-73.7075,150
41.7872,-111.8533,350
21.1544,-157.0961,50
47.2381,-123.1408,40
37.3592,-121.9239,300
38.7525,-90.3736,230
45.5114,-118.4247,100
42.4272,-73.2892,280
38.0700,-102.6881,60
43.9844,-88.5569,180
34.6525,-86.9453,280
32.8192,-97.3614,70
33.2194,-117.3494,270
44.9319,-93.0556,320
40.3161,-78.8339,290
42.2314,-83.3308,210
35.6697,-120.6283,310
41.2544,-80.6739,190
38.1311,-91.7683,290
61.5961,-149.0917,30
38.0653,-97.8606,360
43.5667,-116.2406,270
64.5111,-165.4400,20
30.3361,-81.5147,90
35.0419,-106.6156,80
21.9839,-159.3405,40
41.0467,-78.4117,220
40.6044,-98.4272,10
41.3336,-75.7269,240
42.5708,-77.7133,150
61.1781,-149.9664,20
37.7836,-81.1231,260
28.1011,-80.6439,70
31.7800,-103.2017,50
31.9206,-102.3867,360
25.6475,-80.4331,100
42.1997,-75.9850,270
39.9914,-82.8808,230
42.1578,-72.7161,200
32.3847,-94.7117,60
36.9033,-76.1922,40
33.6186,-114.7142,330
40.3667,-75.9667,210
47.3978,-120.2014,300
45.7881,-111.1608,160
27.7411,-98.0247,130
35.8517,-97.4142,280
32.1300,-81.2100,120
64.8039,-147.8761,50
40.3547,-79.9217,220
35.1967,-81.1558,160
29.3600,-99.1742,150
36.4486,-103.1539,210
27.5000,-97.8167,130
33.2061,-97.1989,120
43.7331,-103.6114,330
30.7167,-87.0167,70
38.8500,-94.7392,360
41.1961,-112.0114,160
40.3300,-75.1225,190
30.2333,-81.6667,90
41.3497,-71.7989,150
41.7861,-87.7522,240
44.7978,-68.8186,330
40.2172,-76.8514,210
27.6833,-97.2833,120
48.3042,-114.2636,160
33.6300,-84.4417,170
42.5842,-70.9175,170
30.4119,-89.0808,150
43.3436,-72.5178,270
44.0219,-82.7931,120
44.3206,-69.7972,320
36.4731,-82.4044,230
40.2964,-78.3203,190
38.7042,-93.1833,350
33.9481,-83.3275,70
37.6197,-122.3647,280
70.2117,-151.0017,60
38.3775,-121.9575,120
33.6883,-112.0817,220
30.4000,-86.4717,100
34.5583,-98.4172,100
32.8667,-117.1333,310
36.5728,-79.3361,230
40.8508,-96.7475,350
37.2847,-120.5128,330
38.5039,-122.8103,180
40.9611,-98.3136,350
43.7667,-98.0333,340
31.4000,-93.2833,10
45.6906,-118.8528,290
45.6208,-122.6572,130
37.7797,-89.2497,230
34.3478,-85.1611,190
48.1739,-103.6367,330
43.2339,-75.4117,290
37.9406,-75.4631,170
44.9258,-89.6256,330
39.6092,-110.7547,20
32.8986,-80.0403,140
30.4636,-88.5319,140
42.3606,-71.0106,140
46.4794,-84.3572,130
29.6222,-95.6564,130
39.2956,-80.2289,250
28.0836,-97.0464,110
42.2347,-85.5519,230
35.6542,-105.1419,50
39.2972,-94.7306,360
36.0719,-115.1633,360
45.5908,-122.6003,110
46.9006,-95.0678,350
36.1336,-80.2222,230
28.7797,-81.2436,100
43.1072,-78.9453,110
40.7781,-111.9694,10
41.7636,-96.1778,340
34.1231,-84.8486,160
36.3689,-92.4703,310
38.5069,-121.4950,230
44.8664,-91.4878,310
43.5878,-96.7289,340
24.7258,-81.0517,100
39.2953,-114.8467,360
42.7267,-114.4564,240
39.4494,-74.5672,170
45.2575,-112.5545,240
46.3747,-117.0156,120
39.9061,-84.2186,210
38.1417,-76.4292,140
44.5444,-110.4211,280
34.2486,-82.1592,160
40.7939,-73.1017,170
35.0311,-85.2014,180
41.8031,-78.6403,290
59.6419,-151.4908,20
41.0136,-83.6686,220
46.9728,-123.9303,50
44.9358,-74.8458,340
35.8181,-83.9858,250
31.1522,-81.3908,50
36.0467,-79.4769,240
