39.3100,-111.4300,84
39.4300,-120.3100,25
36.5100,-106.3200,18
36.9900,-105.2600,31
35.7700,-105.7800,28
36.7200,-106.2600,66
44.3800,-116.3400,31
40.3000,-111.2600,86
36.3100,-115.6800,37
36.0700,-105.6300,51
40.5300,-106.7800,32
44.2100,-110.6700,74
35.3400,-111.6500,49
44.7900,-116.0900,32
38.4000,-119.5400,39
36.0000,-106.8300,28
36.2500,-115.6300,59
36.1900,-105.5600,42
35.9200,-106.3900,45
36.1300,-105.5300,47
39.8000,-106.0300,63
39.2900,-117.1100,63
36.9600,-106.6600,75
39.1900,-120.2600,75
39.3600,-106.0600,34
41.4000,-107.2600,40
48.7200,-116.4600,47
43.7600,-115.2400,29
41.2300,-105.3800,8
40.8300,-111.7600,47
36.7900,-105.2400,59
36.8600,-106.2300,17
36.0300,-106.8100,34
43.8000,-114.8500,31
