34.6603,-82.8236,5
27.4272,-80.4053,0
36.9969,-119.7072,8
31.0619,-94.1011,18
30.5467,-87.8808,20
40.1100,-87.9567,0
32.9506,-97.0553,102
21.3153,-157.9992,38
32.7547,-104.3836,5
36.2403,-106.4278,20
29.4608,-101.0286,41
25.8175,-80.2858,0
33.0642,-101.0489,0
37.5147,-122.0325,13
26.5581,-99.1372,20
32.6475,-97.4439,10
35.3886,-106.5439,25
26.2656,-97.8714,33
31.9611,-96.6881,18
39.7506,-92.5064,0
37.7967,-121.5828,25
31.6164,-94.6431,8
26.8400,-81.0872,5
32.8964,-107.3078,8
40.6117,-122.5281,3
38.4931,-122.0047,18
38.7978,-99.7231,0
31.0372,-97.5283,8
28.4675,-98.2525,28
43.5492,-71.4647,0
18.2583,-65.9922,18
32.8242,-95.5275,5
33.6772,-93.9903,3
26.3769,-98.8117,10
33.6731,-111.1508,0
31.8769,-105.2369,0
31.3625,-85.3397,3
30.2003,-92.6642,15
31.8611,-97.3750,10
32.2822,-106.7597,13
34.1647,-88.7239,0
32.4219,-93.6381,8
31.9633,-98.4942,18
35.8819,-83.9572,0
40.4719,-74.4364,0
29.8608,-98.1958,0
28.4575,-97.7061,0
28.0372,-97.8725,20
18.0331,-67.0722,0
30.7053,-104.0233,18
38.0047,-120.4864,13
28.6575,-96.5553,8
37.1503,-104.5567,20
31.2022,-93.5725,10
35.6414,-106.3322,23
39.1172,-95.4097,0
39.0744,-96.8983,10
30.3367,-96.5403,8
38.5350,-121.7761,20
35.3872,-76.7764,28
40.7264,-122.7947,3
30.0689,-94.2928,8
34.1419,-80.8700,3
43.8544,-116.4664,0
18.3906,-66.0542,208
32.6406,-96.9747,8
30.8408,-89.5453,13
31.6003,-97.2169,13
38.0633,-102.9297,20
37.9050,-93.3169,0
32.2631,-96.6369,10
28.7156,-97.1742,8
35.1161,-93.6506,0
18.1747,-66.7978,28
32.9206,-86.6708,719
26.1781,-97.9708,0
33.3192,-95.6039,79
29.6211,-96.3661,8
32.9203,-94.7225,3
34.5822,-119.9817,33
33.4258,-111.9217,10
34.9881,-120.3211,38
36.4622,-116.8669,8
33.1461,-107.1842,10
38.4917,-122.1242,8
40.7142,-122.4161,13
33.0353,-96.4861,5
30.6836,-97.7172,5
30.7189,-97.3211,10
35.4072,-104.1906,25
32.8522,-95.8864,0
33.1481,-95.6269,5
30.7931,-94.1819,10
36.5508,-114.4581,20
