43.4075,-94.7461,180
37.8892,-121.2258,100
34.8831,-82.2203,50
28.4736,-82.4544,40
48.7167,-94.6000,240
35.4344,-119.0542,310
30.9119,-102.9167,70
31.1500,-92.9667,360
43.9042,-92.4917,200
31.3558,-85.7511,360
41.0375,-81.4642,360
37.2353,-93.4003,20
47.6831,-117.3214,330
35.2578,-113.9331,340
46.1442,-115.5964,350
45.1947,-123.1339,30
45.8678,-95.3942,170
63.9944,-145.7214,110
37.2253,-89.5706,10
43.1561,-90.6775,200
39.9492,-74.8417,10
37.7797,-89.2497,30
47.2381,-123.1408,40
40.0819,-75.0111,350
30.1831,-97.6800,340
33.6800,-117.8664,60
57.0481,-135.3647,180
32.7000,-117.2000,320
44.5228,-114.2150,330
26.1839,-98.2539,360
44.3814,-106.7211,350
62.1592,-145.4589,170
29.9506,-94.0206,10
40.2064,-100.5914,170
44.5761,-71.1786,320
39.1353,-96.6778,40
31.3089,-86.3939,10
70.1917,-148.4772,50
27.5000,-97.8167,10
41.3931,-70.6150,20
41.6264,-80.2150,360
43.1953,-71.5011,310
45.7881,-111.1608,210
43.1711,-86.2367,50
42.5708,-77.7133,330
40.4422,-109.5144,10
32.5161,-84.9422,350
44.3853,-74.2067,350
40.9167,-81.4333,40
17.7028,-64.8056,90
31.5883,-110.3442,250
30.4636,-88.5319,10
36.9358,-121.7886,220
38.1847,-84.9033,30
36.0467,-79.4769,40
42.8050,-72.0036,340
34.3478,-85.1611,360
30.2333,-81.6667,10
40.4719,-81.4236,350
19.7192,-155.0531,70
37.9406,-75.4631,30
41.5092,-74.2650,30
31.4156,-87.0442,330
25.9069,-80.2803,90
35.2325,-75.6219,30
36.6817,-101.5053,200
39.6014,-116.0056,330
30.3567,-95.4139,330
37.4058,-122.0481,20
64.3267,-158.7417,50
43.1167,-77.6767,20
45.2486,-122.7686,20
42.8153,-108.7261,150
26.0719,-80.1536,140
42.3075,-85.2511,30
22.0333,-159.7833,180
39.9444,-81.8922,30
37.5050,-77.3203,30
30.0494,-90.0289,360
35.8311,-90.6464,30
47.4733,-111.3822,200
41.1583,-73.1289,350
37.3711,-118.3581,10
64.8039,-147.8761,30
29.2733,-94.8592,20
38.5069,-121.4950,220
46.8706,-68.0172,330
40.3300,-75.1225,330
37.3169,-79.9742,40
34.2719,-83.8303,100
30.8356,-85.1839,360
59.4433,-151.7017,170
47.9742,-117.4283,300
40.5100,-101.6200,170
41.6328,-91.5431,20
32.6500,-114.6167,10
46.7708,-100.7603,290
46.2667,-119.1167,360
45.9647,-112.5006,280
29.7036,-98.0281,360
40.6044,-98.4272,150
44.9319,-93.0556,150
39.3792,-74.4242,70
41.7419,-72.1836,330
43.3436,-72.5178,30
46.5311,-87.5483,225
31.9514,-85.1289,20
31.7800,-103.2017,70
39.2292,-106.3169,170
38.7042,-93.1833,80
43.0206,-102.5183,190
71.2833,-156.7814,50
47.5303,-122.3008,330
26.1522,-81.7753,310
24.5833,-81.6833,30
18.2550,-65.6408,90
33.5872,-85.8556,20
44.6381,-90.1875,210
34.0561,-117.6003,50
44.9258,-89.6256,170
34.2622,-88.7714,40
41.7872,-111.8533,360
46.9208,-114.0925,340
33.1783,-86.7817,340
46.0139,-102.6547,300
35.6542,-105.1419,200
42.5906,-117.8644,130
26.5850,-81.8614,100
40.6161,-83.0636,20
36.2117,-115.1958,340
25.9156,-97.4186,360
37.6242,-120.9506,110
41.7803,-124.2367,100
34.7917,-79.3661,50
30.7825,-83.2767,30
30.6264,-88.0681,340
33.4050,-118.4158,90
44.3592,-84.6739,150
36.7725,-90.3247,20
39.0725,-95.6261,30
44.3814,-100.2856,140
40.8203,-82.5178,360
39.1333,-86.6167,80
59.6419,-151.4908,140
27.7628,-82.6261,30
34.4258,-119.8425,260
60.7850,-148.8389,120
31.5358,-82.5067,30
37.0872,-84.0769,30
46.3747,-117.0156,30
41.3375,-84.4289,20
46.5683,-120.5428,90
42.2667,-84.4667,30
29.9800,-95.3600,20
36.5881,-121.8453,20
41.4525,-87.0058,90
33.7792,-84.5214,320
34.2900,-93.0600,50
35.9461,-112.1547,60
60.5797,-151.2392,30
47.4933,-122.2144,290
36.9261,-111.4478,320
42.9486,-78.7369,360
39.8250,-86.2958,50
39.0083,-95.2117,30
39.8447,-89.6839,50
36.9839,-77.0075,30
42.1997,-75.9850,360
26.2500,-80.1083,90
66.8667,-162.6333,80
32.1300,-81.2100,30
32.6261,-116.4681,70
45.0133,-84.7014,190
32.3500,-91.0278,360
31.3214,-85.4497,350
33.6228,-111.9106,30
26.5361,-81.7550,60
31.0425,-86.3117,10
38.0408,-84.6058,40
35.9333,-79.0642,30
39.5781,-85.8033,40
31.5356,-84.1944,30
30.5069,-86.9597,360
30.0481,-102.2131,40
32.7667,-97.4500,10
45.5908,-122.6003,100
29.3600,-99.1742,20
36.1336,-80.2222,60
56.6000,-169.5650,40
45.5433,-94.0514,180
41.3497,-71.7989,350
41.9097,-70.7294,340
40.7794,-73.8803,350
33.9519,-117.4386,30
36.9500,-76.2833,10
47.3864,-92.8389,210
41.7781,-80.6958,80
40.8764,-74.2831,30
43.8339,-111.8045,20
46.4794,-84.3572,200
41.6875,-69.9933,30
61.1689,-150.0278,160
18.4325,-66.0108,80
44.3394,-105.5419,340
40.8289,-115.7886,210
38.3794,-81.5900,350
30.5372,-91.1469,50
39.1033,-84.4189,60
26.1969,-80.1708,80
61.2169,-149.8550,320
39.4900,-121.6183,310
31.8111,-106.3758,80
37.7214,-122.2208,20
62.9614,-141.9292,110
47.3978,-120.2014,330
39.2953,-114.8467,350
40.8731,-81.8867,20
46.7994,-102.7972,290
40.9706,-85.2064,70
30.3433,-89.8222,360
42.4167,-87.8667,50
40.7781,-111.9694,320
46.4047,-94.1308,210
45.6478,-68.6925,360
37.3208,-79.2067,50
13.4836,144.7961,80
37.1467,-94.5022,30
38.3775,-121.9575,340
39.8233,-93.5792,350
45.2575,-112.5545,200
32.8167,-115.6833,20
33.9481,-83.3275,80
44.9050,-123.0011,350
33.3633,-84.5658,340
64.7767,-141.1483,110
45.5464,-100.4078,160
37.1319,-76.4930,20
43.2781,-70.9222,320
33.8750,-84.3022,70
39.7556,-82.6572,30
45.8258,-119.2611,50
44.9047,-97.1494,210
38.8983,-119.9947,90
44.8831,-93.2289,170
48.1739,-103.6367,270
44.1708,-114.9272,130
27.5333,-99.4667,30
44.5169,-108.0822,300
38.9286,-90.4281,30
39.4839,-119.7711,90
45.5114,-118.4247,30
40.8206,-76.8642,30
40.6675,-89.6839,90
43.9906,-70.9475,340
21.3239,-157.9294,220
43.1644,-95.2017,200
33.2119,-87.6161,360
29.5622,-91.5256,360
41.4333,-99.6333,210
29.1097,-95.4619,30
41.3336,-75.7269,360
43.9922,-76.0217,10
37.2958,-81.2078,130
48.3500,-122.6667,100
42.1928,-89.0931,10
35.6567,-95.3614,10
35.7425,-81.3819,60
46.8369,-92.2097,220
19.7356,-156.0489,240
45.7728,-122.8611,270
43.2339,-75.4117,340
41.6764,-70.9583,20
37.6197,-122.3647,270
43.3500,-73.6167,40
58.6794,-156.6294,80
34.6439,-86.7861,20
57.1553,-170.2222,110
42.7431,-73.8092,10
41.1389,-75.3794,340
28.5453,-81.3331,10
27.7839,-97.5108,30
37.2839,-98.5528,50
42.9550,-87.9044,80
39.4494,-74.5672,350
42.9333,-71.4383,350
42.4819,-114.4869,240
34.4978,-82.7097,70
32.6847,-83.6528,70
32.4506,-93.8411,40
33.3644,-81.9633,50
34.6517,-112.4208,360
41.1014,-102.9847,180
38.8100,-104.6883,320
45.5406,-122.9486,50
35.1442,-111.6664,310
34.0500,-94.4008,50
41.3103,-95.8992,160
28.1011,-80.6439,360
36.5728,-79.3361,50
38.0653,-97.8606,40
38.3000,-76.4167,360
40.6508,-75.4492,340
31.1522,-81.3908,40
35.0281,-110.7208,310
32.9733,-97.3181,360
42.7267,-114.4564,230
43.1544,-93.3269,180
30.7797,-86.5225,330
29.7333,-85.0333,30
31.2819,-89.2531,10
41.3714,-73.4828,10
41.2531,-70.0608,360
42.6650,-83.4181,340
35.2333,-101.7089,200
62.9575,-155.6103,360
40.2342,-85.3936,80
48.3042,-114.2636,220
39.8683,-75.2311,10
36.0394,-95.9844,30
47.6217,-117.5281,190
32.8519,-96.8556,20
44.2558,-121.1392,330
35.8181,-83.9858,20
39.7078,-77.7297,330
37.2833,-102.6139,170
40.6825,-74.1694,340
35.4319,-82.5375,340
35.9508,-85.0814,20
35.2578,-93.0947,80
35.0419,-106.6156,80
38.8500,-94.7392,50
42.0647,-104.1528,350
32.0311,-96.3989,350
28.0836,-97.0464,30
27.4014,-82.5586,80
47.6458,-101.4394,280
41.6117,-90.5808,40
32.8342,-115.5786,10
35.6575,-109.0614,230
38.7667,-104.3000,10
36.2833,-94.3000,20
30.3975,-84.3289,350
38.3406,-75.5103,350
35.6169,-106.0889,140
27.6833,-97.2833,20
34.5183,-109.3792,280
37.3592,-121.9239,300
42.1244,-86.4267,110
41.5175,-81.6836,20
47.4444,-122.3139,20
36.1189,-86.6892,70
43.1111,-76.1039,320
30.3489,-85.7881,80
39.9061,-84.2186,20
45.5511,-122.4089,90
39.1208,-94.5969,70
67.7317,-164.5483,70
42.7803,-84.5789,10
34.8822,-95.7831,10
43.2119,-90.1814,290
43.6264,-72.3047,360
36.3333,-119.9500,30
30.3208,-97.7603,350
42.5417,-113.7661,270
39.1894,-103.7158,340
62.3200,-150.0950,40
32.5500,-88.5667,360
42.5700,-72.2911,330
33.2208,-92.8142,360
40.8500,-74.0614,30
39.5264,-107.7264,150
46.1569,-123.8825,350
47.4569,-115.6450,320
27.7411,-98.0247,20
25.7906,-80.3164,140
46.4167,-86.6500,180
44.7694,-106.9689,290
47.0492,-109.4578,220
32.3336,-104.2581,130
38.2900,-104.4983,310
45.6194,-121.1661,70
38.9833,-76.4667,350
31.9206,-102.3867,50
33.3075,-104.5083,170
47.9078,-122.2803,10
40.8217,-72.8689,340
61.5961,-149.0917,360
31.4000,-93.2833,40
32.7100,-96.2672,350
39.7333,-77.4333,50
41.0136,-83.6686,30
41.0669,-73.7075,350
55.5800,-133.0750,170
43.7331,-103.6114,320
42.5842,-70.9175,350
33.0375,-116.9158,330
41.5944,-109.0528,60
33.9228,-118.3342,300
35.5342,-97.6469,20
36.7367,-97.1019,40
32.3367,-90.2214,10
42.7611,-87.8136,50
41.8031,-78.6403,350
46.0947,-118.2869,20
40.4953,-107.5211,320
46.9728,-123.9303,50
27.9106,-82.6875,340
34.6525,-86.9453,10
33.9706,-80.9958,80
28.7247,-96.2536,10
30.4000,-81.4167,360
32.4833,-80.7167,30
31.6072,-110.4281,250
42.2228,-83.7444,50
40.2964,-78.3203,10
37.6544,-97.4425,40
45.6308,-89.4653,220
34.5467,-93.5781,40
41.3325,-122.3328,280
36.7800,-119.7194,230
34.8994,-120.4486,330
45.6208,-122.6572,120
41.4131,-81.8600,40
28.7797,-81.2436,10
46.9733,-122.9033,30
29.6919,-82.2756,30
39.3667,-75.0667,340
32.3847,-94.7117,30
41.9144,-88.2464,10
37.7064,-112.1456,300
47.3078,-119.5153,30
42.5950,-87.9381,60
42.3978,-90.7036,30
38.9503,-95.6639,30
41.8056,-107.1997,70
30.4844,-81.7019,360
38.1311,-91.7683,50
33.4825,-90.9853,20
42.6958,-73.1708,280
34.2008,-119.2069,260
41.7072,-86.3164,40
42.1594,-76.8919,20
39.2956,-80.2289,30
39.7075,-86.2803,50
44.9358,-74.8458,330
39.2972,-94.7306,40
39.1667,-76.6833,360
42.1578,-72.7161,20
45.4622,-69.5953,320
41.5339,-93.6531,120
34.1853,-79.7239,40
32.8192,-97.3614,360
40.3547,-79.9217,340
42.5519,-71.7558,320
38.8761,-98.8092,70
30.7044,-87.0231,350
40.1667,-103.2167,170
38.5039,-122.8103,340
61.1781,-149.9664,300
36.1994,-95.8872,10
28.4567,-99.2183,20
38.6956,-121.5897,200
33.6361,-91.7556,30
34.7436,-118.7242,80
41.1519,-104.8061,360
32.6808,-96.8681,350
7.4500,151.8333,50
43.2389,-123.3547,360
6.9667,158.2167,50
34.8461,-82.3461,40
30.4000,-86.4717,10
45.6044,-103.5464,300
38.0442,-87.5206,30
39.7736,-94.9233,130
48.5222,-123.0231,340
44.3981,-98.2231,150
55.2208,-162.7325,150
33.1803,-96.5903,360
40.1936,-76.7633,340
39.9914,-82.8808,10
37.7608,-99.9683,190
44.6500,-73.4667,360
27.4981,-80.3767,340
31.8606,-86.0122,340
29.5442,-98.4839,360
38.8483,-77.0342,10
33.8117,-118.1464,310
33.9486,-81.1186,50
41.5333,-71.2833,10
60.1283,-149.4167,220
41.7700,-88.4814,90
24.7258,-81.0517,30
44.5344,-72.6144,320
35.1822,-103.6031,200
37.7461,-97.2211,330
42.1094,-77.9919,350
42.6003,-123.3642,120
42.1469,-121.7242,80
44.8664,-91.4878,210
38.0700,-102.6881,160
34.5583,-98.4172,30
33.4278,-112.0039,330
37.4389,-105.8614,120
20.8997,-156.4286,190
34.9000,-76.8833,20
42.6425,-77.0564,350
35.3889,-97.6006,10
43.7700,-88.4864,20
30.1250,-93.2158,20
42.3811,-122.8722,20
41.7861,-87.7522,30
37.7836,-81.1231,120
55.3567,-131.7117,150
43.1406,-89.3453,160
36.0719,-115.1633,290
39.0431,-84.6717,30
41.1078,-92.4467,360
43.7694,-87.8506,340
30.7406,-98.2353,350
36.3689,-92.4703,350
41.8756,-71.0211,350
39.2775,-120.7103,40
36.9647,-86.4239,40
41.0731,-71.9233,340
37.5908,-83.3131,50
15.1167,145.7167,60
41.7636,-96.1778,180
38.8317,-94.8897,40
34.2006,-118.3575,90
35.5931,-88.9167,20
64.5500,-149.0717,60
38.9408,-77.4636,340
42.5844,-110.1075,100
41.7219,-71.4325,340
41.7806,-122.4717,20
48.4608,-119.5167,360
31.3928,-92.2956,50
45.6983,-110.4408,280
35.6875,-117.6931,330
25.6475,-80.4331,60
40.2383,-75.5572,340
47.7472,-90.3444,220
41.1783,-78.8989,10
40.7833,-91.1253,50
32.5667,-117.1167,330
40.1764,-80.6472,340
44.3206,-69.7972,340
32.8978,-97.0189,360
47.2078,-119.3192,20
41.3119,-105.6747,360
39.1342,-108.5400,120
40.8508,-96.7475,170
31.8456,-86.6108,330
41.3275,-72.0494,340
33.9753,-117.6361,100
38.1386,-78.4530,50
39.3450,-81.4392,30
37.0911,-95.5664,50
38.1811,-85.7392,30
42.2314,-83.3308,50
30.7167,-87.0167,340
38.9597,-94.3714,40
40.0397,-88.2778,60
40.1203,-76.2944,350
45.5644,-84.7928,220
40.7939,-73.1017,360
38.0494,-103.5122,90
38.2281,-85.6636,30
28.8614,-96.9303,10
42.4092,-83.0100,60
39.1258,-123.2008,260
35.1967,-81.1558,40
37.7081,-77.4344,40
34.3622,-98.9761,40
37.1431,-107.7597,90
35.5144,-108.7939,190
35.1350,-90.2344,10
32.8667,-117.1333,300
42.0800,-80.1825,40
35.2236,-80.9553,60
43.9636,-69.7117,320
34.0511,-118.2353,280
64.5111,-165.4400,40
32.2622,-107.7206,70
48.2138,-106.6213,290
36.2667,-93.1567,50
41.5272,-85.7922,30
36.6239,-87.4194,30
44.2033,-72.5794,310
26.2281,-97.6542,10
38.5050,-107.8975,10
29.3783,-100.9269,340
47.9375,-124.5550,40
39.2447,-102.2842,190
31.3347,-92.5586,20
36.7683,-96.0261,30
30.4781,-87.1869,360
41.8833,-91.7167,100
42.1908,-71.1736,340
34.7442,-87.5997,10
59.4556,-135.3239,210
40.7789,-73.9692,40
48.5614,-93.3981,220
30.5892,-96.3647,10
60.4889,-145.4511,110
31.3711,-100.4922,20
44.7978,-68.8186,360
36.6950,-76.1356,20
31.3500,-85.6667,360
33.6883,-112.0817,30
46.4267,-105.8825,270
34.6719,-82.8864,110
60.7850,-161.8292,40
36.1625,-97.0894,30
35.6697,-120.6283,70
44.3675,-71.5450,350
42.3606,-71.0106,330
41.8678,-84.0794,40
29.6381,-95.2819,20
43.9844,-88.5569,340
38.3306,-96.1897,100
43.9658,-107.9508,190
44.2667,-71.2994,330
58.3567,-134.5639,120
39.4019,-77.9844,330
34.6081,-79.0592,30
37.3278,-95.5042,50
44.8428,-117.8086,300
41.2639,-72.8872,360
21.9839,-159.3405,190
35.6950,-101.3950,210
70.6392,-159.9950,60
33.9786,-98.4928,10
33.4617,-80.8581,30
39.2231,-106.8683,180
39.4167,-118.7167,10
32.8547,-109.6353,80
26.9172,-81.9914,80
45.8069,-108.5422,230
40.6331,-93.9019,30
38.0511,-117.0903,320
36.4731,-82.4044,30
35.2372,-120.6414,320
46.9006,-95.0678,170
39.3756,-99.8297,190
45.6906,-118.8528,20
36.0167,-102.5500,200
47.1686,-88.4889,260
57.7511,-152.4856,150
34.1231,-84.8486,340
40.0803,-95.5919,120
40.0972,-92.5433,40
37.9272,-100.7247,180
39.9181,-76.8742,360
39.3669,-101.7000,190
38.6892,-75.3592,360
44.4983,-88.1111,210
42.5544,-92.4011,190
46.9253,-96.8111,170
34.7272,-92.2389,20
48.0944,-105.5744,250
42.4272,-73.2892,360
30.6794,-88.2397,340
33.8719,-117.9789,290
32.7336,-117.1831,320
45.0319,-102.0192,310
36.2967,-99.7689,50
42.4933,-79.2722,110
39.6728,-75.6008,360
33.6542,-101.8136,50
40.2172,-76.8514,360
36.6206,-116.0278,30
34.8536,-116.7858,20
42.8375,-103.0953,270
39.5514,-97.6508,80
42.8975,-106.4636,220
35.0564,-89.9864,20
29.5189,-95.2417,40
41.9381,-72.6825,20
46.7439,-117.1086,120
31.4208,-110.8458,280
46.9258,-98.6692,180
43.5667,-116.2406,130
38.5000,-77.3000,30
32.7817,-98.0603,350
38.8000,-97.6500,40
66.0689,-162.7639,70
35.0311,-85.2014,10
32.3206,-90.0778,20
41.3461,-82.1794,50
40.0228,-82.4625,30
44.1278,-123.2206,30
30.2050,-91.9875,20
39.6092,-110.7547,360
34.7000,-77.3833,40
48.5428,-109.7633,230
38.3650,-82.5550,20
29.6222,-95.6564,10
31.2361,-94.7544,10
42.1208,-87.9047,70
27.6531,-80.2428,360
36.2606,-76.1750,10
21.1544,-157.0961,140
34.7675,-114.6189,30
44.8322,-93.4706,220
40.5175,-122.2986,320
42.3914,-96.3792,200
59.2433,-135.5094,120
34.2097,-118.4892,10
41.5631,-83.4764,30
38.6572,-90.6558,50
32.3347,-88.7442,10
35.2100,-99.1200,30
43.8789,-91.2528,170
21.3167,-158.0667,190
47.3258,-106.9475,270
46.6056,-111.9636,320
28.8208,-81.8097,30
41.9856,-97.4353,190
32.5156,-92.0406,20
9.4833,138.0833,50
31.1828,-90.4708,360
41.6267,-73.8842,10
38.8169,-92.2183,60
33.2194,-117.3494,290
29.9933,-90.2511,50
37.6703,-95.4842,40
36.0236,-84.2375,70
48.6033,-112.3753,260
43.5164,-112.0672,200
39.4203,-83.8217,30
36.9878,-120.1106,90
32.6636,-97.0939,360
40.7342,-73.4169,10
41.6236,-98.9517,200
41.6686,-70.2800,10
39.8344,-88.8656,10
36.3189,-119.6289,40
36.9033,-76.1922,20
36.8167,-76.0333,30
32.3542,-95.4025,30
41.2003,-74.6231,10
39.5936,-84.2264,50
40.0489,-107.8853,30
46.1236,-67.7928,360
37.0683,-88.7719,10
41.9950,-87.9336,50
29.1828,-81.0483,350
43.5878,-96.7289,170
41.4653,-90.5233,120
31.4583,-109.6061,210
35.8922,-78.7819,50
30.0375,-91.8839,20
34.9869,-81.0575,60
40.9017,-117.8081,330
32.5722,-116.9794,280
32.2997,-86.4075,330
40.3161,-78.8339,360
36.7414,-104.5022,20
29.3331,-89.4075,330
33.1281,-117.2794,330
34.9914,-78.8803,30
39.9369,-91.1919,50
38.2103,-122.2847,80
33.5656,-86.7450,340
39.6428,-79.9164,360
59.7494,-154.9089,70
40.0681,-118.5692,40
24.5550,-81.7522,20
41.0467,-78.4117,360
41.1214,-100.6694,220
59.5119,-139.6711,150
43.3906,-99.8422,200
39.1019,-121.5678,340
32.8986,-80.0403,30
35.0028,-105.6628,90
44.8889,-116.1017,310
33.2061,-97.1989,20
40.1519,-122.2536,360
38.7550,-109.7542,310
33.2367,-107.2681,180
37.6928,-121.8144,60
42.7461,-86.0967,30
40.4122,-86.9369,70
43.0661,-108.4767,260
33.6267,-116.1594,360
7.3333,134.4833,50
35.3331,-94.3625,90
47.2675,-122.5761,10
43.5950,-118.9564,300
34.7336,-76.6606,20
40.2769,-74.8158,340
37.7086,-113.0944,360
27.9619,-82.5403,350
26.1658,-97.3458,350
34.6294,-118.0836,70
45.6689,-96.9914,160
42.7172,-71.1239,320
44.3592,-89.8369,210
46.0261,-91.4442,210
42.8939,-85.5447,100
44.4683,-73.1500,10
30.7439,-95.5861,330
35.0169,-80.6206,40
38.5714,-90.1572,30
36.4486,-103.1539,210
37.1681,-97.0369,20
34.1750,-91.9347,360
41.4914,-120.5644,60
34.7411,-118.2117,70
47.0339,-120.5303,100
70.2117,-151.0017,20
40.9781,-124.1086,300
42.0572,-102.8000,170
36.6636,-121.6081,120
66.9161,-151.5089,360
36.0097,-94.1694,70
45.0717,-83.5644,200
44.7408,-85.5825,170
37.2622,-104.3378,60
39.8328,-104.6575,320
48.2553,-101.2733,280
43.1072,-78.9453,10
41.1961,-112.0114,330
47.2856,-68.3133,330
26.6847,-80.0994,110
41.8706,-103.5931,270
36.8781,-91.9025,10
25.9989,-80.2411,100
46.3583,-104.2500,280
40.4847,-80.2144,360
40.9611,-98.3136,210
40.6386,-73.7622,360
42.1128,-92.9175,160
28.0622,-81.7542,20
40.8436,-72.6322,340
38.4167,-113.0167,20
43.5331,-84.0797,70
33.8117,-78.7239,40
32.8158,-117.1394,310
41.2544,-80.6739,10
45.0619,-93.3508,190
32.7800,-79.9319,50
8.7333,167.7333,50
30.4119,-89.0808,340
42.9667,-83.7494,90
38.1417,-76.4292,40
33.8281,-116.5053,20
48.7939,-122.5372,10
37.2847,-120.5128,230
40.6239,-74.6694,350
43.3497,-76.3847,360
33.4669,-82.0386,60
47.4667,-87.8833,260
38.7642,-87.6056,20
37.9917,-122.0550,70
40.7083,-84.0267,40
39.4519,-87.3089,10
42.4700,-71.2894,330
41.5886,-83.8014,60
33.6186,-114.7142,350
38.7525,-90.3736,40
35.8517,-97.4142,40
44.5444,-110.4211,120
31.6189,-97.2283,360
46.5486,-90.9189,200
33.9381,-118.3889,290
38.8853,-79.8528,330
30.5108,-99.7664,20
34.4272,-100.2831,40
45.8183,-88.1144,190
30.0675,-95.5561,20
34.9894,-99.0525,40
33.4536,-94.0075,20
44.0511,-101.6011,290
30.3361,-81.5147,20
41.7361,-72.6506,330
28.4339,-81.3250,20
37.3031,-108.6275,230
36.0969,-79.9433,60
32.4106,-99.6822,10
35.8550,-77.8931,30
43.6497,-70.3003,330
41.2433,-76.9217,350
41.2731,-111.0306,350
34.2675,-77.8997,30
44.0206,-117.0128,320
39.3644,-84.5247,80
33.4964,-90.0867,20
37.6542,-122.1150,10
40.8097,-124.1603,290
31.9433,-102.1889,40
44.0219,-82.7931,20
44.5483,-95.0803,170
47.9428,-97.1839,190
39.5703,-104.8489,340
48.1203,-123.4983,100
42.9203,-112.5711,240
32.5428,-93.7450,60
42.2333,-83.5333,60
33.6300,-84.4417,70
40.3667,-75.9667,350
39.4781,-88.2803,60
40.0781,-83.0781,10
34.2486,-82.1592,70
42.2706,-71.8731,320
36.7436,-108.2292,130
55.0389,-131.5786,140
38.3083,-75.1239,10
42.2347,-85.5519,100
35.0678,-77.0481,40
41.0089,-74.7367,360
32.1314,-110.9553,350
42.8783,-100.5500,220
38.5911,-92.1558,80
44.0433,-103.0536,350
34.0158,-118.4514,210
18.3331,-64.9667,110
42.8914,-73.2469,340
35.9403,-89.8308,20
34.2167,-119.0833,70
41.5097,-72.8278,350
29.6333,-83.1053,20
41.9922,-93.6217,150
29.3389,-98.4719,20
42.7972,-105.3856,310
