30.3703,-103.7808,1
41.6767,-78.8036,1
34.2639,-110.0075,1
42.0025,-76.6383,1
42.2122,-71.1136,1
40.7742,-77.1575,1
39.4889,-86.0731,1
41.9300,-79.2969,1
41.9067,-78.6500,1
39.9964,-79.0833,1
35.6950,-101.3950,1
41.8158,-78.2872,1
41.8017,-74.7400,1
32.7131,-102.6597,1
41.6961,-78.4878,1
41.7003,-77.3872,1
37.3208,-79.2067,1
40.0506,-86.5744,1
42.7831,-71.4147,1
38.9286,-104.8661,1
40.2914,-82.6547,1
39.0483,-79.4406,1
37.9483,-83.4825,1
40.9475,-76.8786,1
35.2333,-101.7089,1
30.5997,-103.8869,1
36.6817,-101.5053,1
41.3300,-77.7381,1
41.8975,-78.7144,1
41.7144,-70.4717,1
37.5658,-76.8000,1
41.5631,-78.6014,1
