34.4719,-81.8839,278
47.6811,-117.6267,194
28.7156,-97.1742,267
35.6214,-88.8456,289
27.7792,-97.5056,272
33.7775,-81.8467,333
38.7386,-87.4878,272
46.3414,-86.9242,194
34.2183,-81.0731,306
38.4661,-101.7758,256
40.9361,-90.7197,244
38.4558,-86.6983,272
34.1944,-79.2472,300
38.8894,-86.5519,244
44.9847,-93.1772,233
38.5200,-89.8467,244
32.3500,-94.6500,289
32.7547,-104.3836,233
41.4439,-86.9294,244
42.7831,-71.4147,228
37.8194,-85.3847,278
37.0683,-88.7725,244
35.6042,-91.2744,267
33.2564,-81.2422,261
42.1397,-87.7853,228
39.4833,-83.8500,256
37.1244,-87.8672,194
33.8083,-79.8567,356
64.9156,-148.2711,33
32.2822,-106.7597,378
37.9311,-98.0297,250
47.0575,-109.9514,206
42.2947,-83.7108,206
28.4575,-97.7061,289
43.9794,-117.0247,200
37.1317,-86.1481,272
36.5914,-101.6181,328
40.2233,-86.1086,272
38.3139,-81.7186,239
34.7289,-80.0389,317
40.2539,-85.1483,272
44.4933,-68.4583,189
34.1419,-80.8700,306
32.9206,-86.6708,300
38.7003,-82.4736,294
41.0267,-86.5867,222
42.3806,-96.9575,206
40.1100,-87.9567,228
37.1167,-84.6167,228
40.7928,-87.7556,200
41.8161,-80.4250,217
36.7578,-90.4056,267
62.1925,-150.5033,189
41.1453,-85.4897,206
46.8706,-68.0172,211
44.8831,-85.6753,222
40.4750,-86.9919,217
45.0853,-67.1203,200
40.4719,-74.4364,211
37.9931,-100.8122,256
39.4700,-80.8572,256
32.5133,-92.3486,300
40.0739,-87.5067,233
36.1306,-80.5481,283
39.4708,-87.4081,244
64.1539,-145.8894,144
40.8142,-85.1547,211
