18.1747,-66.7978,31
31.2022,-93.5725,172
40.7264,-122.7947,37
38.8586,-99.3358,212
43.8544,-116.4664,24
36.9969,-119.7072,51
40.7142,-122.4161,77
36.4711,-86.8414,72
40.0839,-88.2403,42
42.9536,-112.8253,132
36.1056,-82.8436,55
42.9592,-120.7897,97
40.2842,-109.8611,90
37.3806,-107.5811,32
39.9000,-98.0256,127
39.0303,-76.9314,48
39.8114,-99.9386,227
40.6117,-122.5281,6
31.6164,-94.6431,34
34.1864,-90.5572,167
46.0436,-118.4628,82
43.8083,-111.7892,14
34.5822,-119.9817,69
40.1739,-101.0611,129
35.3872,-76.7764,116
31.8769,-105.2369,159
42.1397,-87.7853,64
40.5764,-105.0858,34
36.4622,-116.8669,192
34.5697,-93.1947,51
30.8408,-89.5453,0
39.0172,-92.7558,50
37.5147,-122.0325,188
40.7833,-81.9167,148
32.8964,-107.3078,90
35.1131,-89.2122,31
34.7281,-90.3683,180
30.7931,-94.1819,60
38.4917,-122.1242,66
47.7283,-104.1467,39
33.7092,-93.5564,0
45.9228,-108.2444,89
39.1172,-95.4097,145
46.8706,-68.0172,198
35.1297,-89.8036,55
39.2475,-96.5994,27
30.0689,-94.2928,172
40.2233,-86.1086,60
40.1550,-103.1417,241
18.2583,-65.9922,6
35.6214,-88.8456,87
35.8819,-83.9572,26
64.8569,-147.8611,48
44.0622,-103.4819,60
38.4661,-101.7758,190
43.4033,-103.2683,39
35.7197,-86.9653,0
34.6033,-104.3811,140
36.8047,-107.6214,58
34.9881,-120.3211,108
31.3706,-100.4942,80
26.8400,-81.0872,58
41.9342,-88.7756,93
33.4692,-88.7822,103
41.0267,-86.5867,45
42.1231,-111.3133,76
37.3822,-102.2986,219
36.3444,-88.8636,56
40.0892,-99.2133,84
35.4139,-86.8086,40
38.7978,-99.7231,100
37.7617,-117.5658,142
39.0422,-108.4664,82
38.9408,-95.3397,63
32.8242,-95.5275,172
43.5492,-71.4647,124
36.0147,-85.1314,42
44.1183,-121.2103,51
35.6872,-90.0964,264
30.2003,-92.6642,77
39.5039,-98.3150,77
39.9614,-86.0586,60
38.5200,-89.8467,31
35.7047,-101.5492,166
38.4931,-122.0047,97
42.3806,-96.9575,10
32.8522,-95.8864,196
45.6911,-118.8522,212
61.5664,-149.2542,80
32.2822,-106.7597,82
34.5989,-103.2161,163
35.2006,-103.6867,229
33.0642,-101.0489,93
41.4439,-86.9294,138
42.7467,-71.0425,43
33.1481,-95.6269,0
47.6811,-117.6267,219
34.1647,-88.7239,50
36.5508,-114.4581,101
33.1461,-107.1842,127
39.3925,-101.0689,158
44.8831,-85.6753,68
40.2539,-85.1483,93
26.5581,-99.1372,0
34.8219,-89.4347,69
35.0489,-97.9158,98
25.8175,-80.2858,69
31.9497,-91.2336,39
34.0828,-106.8831,34
39.6619,-99.1228,138
38.0047,-120.4864,68
30.7053,-104.0233,39
39.4031,-99.4192,127
36.6897,-108.3086,71
32.4219,-93.6381,576
37.9931,-100.8122,185
29.6211,-96.3661,24
46.7047,-92.5253,111
32.3378,-89.0817,93
46.7281,-116.9558,80
34.1381,-88.9983,124
45.4825,-120.7236,349
44.3253,-96.7686,82
32.9203,-94.7225,183
41.4903,-71.5431,82
