35.7975,-96.6658,102
33.2206,-98.1561,279
38.9239,-122.5672,0
32.5111,-94.5889,602
34.2392,-98.7444,196
42.4689,-104.9658,124
35.1228,-99.3600,46
32.0853,-88.5297,343
34.9044,-90.2119,191
34.5872,-99.3381,229
34.5011,-97.9592,165
-17.6925,122.7128,147
31.2208,-99.8494,89
-27.3694,152.8746,620
36.2706,-92.1922,790
-29.8673,150.5715,110
35.2050,-99.8033,5
20.7603,-156.2469,1549
34.9678,-97.9519,114
40.7042,-93.3697,0
34.7292,-98.5694,152
33.1203,-98.5669,99
-28.9883,152.8806,40
-16.9806,122.6667,80
34.9142,-98.2922,160
47.8611,-123.9319,36
40.7442,-115.4855,33
34.6097,-98.4572,165
-17.4694,145.7311,410
35.5419,-97.3414,81
34.8494,-97.0031,175
34.5289,-97.7647,221
34.9819,-97.5208,127
34.4397,-99.1375,180
34.1678,-97.9883,239
37.5669,-95.2456,33
44.5833,-104.7147,33
36.5994,-89.9894,411
34.6856,-99.8333,89
-43.0433,147.8667,0
34.6508,-93.5350,1143
35.6528,-96.8042,122
36.4819,-121.1822,0
34.1936,-97.5881,221
42.7753,-91.4536,3
29.0361,-80.9181,157
36.8144,-83.3144,3
43.1158,-85.5642,5
35.2358,-97.4647,81
32.0819,-101.4842,152
34.7156,-97.2292,188
32.5683,-98.0819,325
34.3997,-98.3458,132
42.5711,-100.6931,124
38.6278,-92.5545,76
34.8083,-98.0233,130
34.5519,-96.7178,224
30.3703,-103.7808,267
34.1492,-105.6975,97
35.0322,-97.9144,112
32.6100,-110.7317,51
34.8358,-99.4239,168
35.7975,-96.6658,102
33.2206,-98.1561,279
38.9239,-122.5672,0
32.5111,-94.5889,602
34.2392,-98.7444,196
42.4689,-104.9658,124
35.1228,-99.3600,46
32.0853,-88.5297,343
34.9044,-90.2119,191
34.5872,-99.3381,229
34.5011,-97.9592,165
-17.6925,122.7128,147
31.2208,-99.8494,89
-27.3694,152.8746,620
36.2706,-92.1922,790
-29.8673,150.5715,110
35.2050,-99.8033,5
20.7603,-156.2469,1549
34.9678,-97.9519,114
40.7042,-93.3697,0
34.7292,-98.5694,152
33.1203,-98.5669,99
-28.9883,152.8806,40
-16.9806,122.6667,80
34.9142,-98.2922,160
47.8611,-123.9319,36
40.7442,-115.4855,33
34.6097,-98.4572,165
-17.4694,145.7311,410
35.5419,-97.3414,81
34.8494,-97.0031,175
34.5289,-97.7647,221
34.9819,-97.5208,127
34.4397,-99.1375,180
34.1678,-97.9883,239
37.5669,-95.2456,33
44.5833,-104.7147,33
36.5994,-89.9894,411
34.6856,-99.8333,89
-43.0433,147.8667,0
34.6508,-93.5350,1143
35.6528,-96.8042,122
36.4819,-121.1822,0
34.1936,-97.5881,221
42.7753,-91.4536,3
29.0361,-80.9181,157
36.8144,-83.3144,3
43.1158,-85.5642,5
35.2358,-97.4647,81
32.0819,-101.4842,152
34.7156,-97.2292,188
32.5683,-98.0819,325
34.3997,-98.3458,132
42.5711,-100.6931,124
38.6278,-92.5545,76
34.8083,-98.0233,130
34.5519,-96.7178,224
30.3703,-103.7808,267
34.1492,-105.6975,97
35.0322,-97.9144,112
32.6100,-110.7317,51
34.8358,-99.4239,168
