18.1747,-66.7978,13
40.7264,-122.7947,26
43.8544,-116.4664,0
36.9969,-119.7072,69
40.7142,-122.4161,37
47.0575,-109.9514,475
42.9592,-120.7897,18
40.6117,-122.5281,5
31.6164,-94.6431,6
46.0436,-118.4628,13
43.8083,-111.7892,119
34.5822,-119.9817,19
31.8769,-105.2369,76
45.7206,-118.6264,14
40.5764,-105.0858,29
36.4622,-116.8669,257
34.5697,-93.1947,2
30.8408,-89.5453,0
37.5147,-122.0325,23
32.8964,-107.3078,48
30.7931,-94.1819,64
38.4917,-122.1242,24
47.7283,-104.1467,85
33.7092,-93.5564,0
18.0331,-67.0722,40
40.1550,-103.1417,219
18.2583,-65.9922,2
35.8819,-83.9572,0
35.7197,-86.9653,47
34.6033,-104.3811,63
34.9881,-120.3211,93
31.3706,-100.4942,14
42.1231,-111.3133,50
37.3822,-102.2986,43
37.7617,-117.5658,21
43.5492,-71.4647,138
36.0147,-85.1314,108
30.2003,-92.6642,79
39.9614,-86.0586,3
35.7047,-101.5492,37
34.6603,-82.8236,2
38.4931,-122.0047,40
42.3806,-96.9575,10
32.8522,-95.8864,121
32.2822,-106.7597,82
34.5989,-103.2161,158
35.2006,-103.6867,51
33.0642,-101.0489,0
33.1481,-95.6269,0
34.1647,-88.7239,0
36.5508,-114.4581,26
33.1461,-107.1842,74
44.8831,-85.6753,129
26.5581,-99.1372,50
25.8175,-80.2858,80
44.3089,-85.2050,58
38.0047,-120.4864,21
32.4219,-93.6381,169
37.9931,-100.8122,24
29.6211,-96.3661,156
32.9203,-94.7225,89
18.1747,-66.7978,13
40.7264,-122.7947,26
43.8544,-116.4664,0
36.9969,-119.7072,69
40.7142,-122.4161,37
47.0575,-109.9514,475
42.9592,-120.7897,18
40.6117,-122.5281,5
31.6164,-94.6431,6
46.0436,-118.4628,13
43.8083,-111.7892,119
34.5822,-119.9817,19
31.8769,-105.2369,76
45.7206,-118.6264,14
40.5764,-105.0858,29
36.4622,-116.8669,257
34.5697,-93.1947,2
30.8408,-89.5453,0
37.5147,-122.0325,23
32.8964,-107.3078,48
30.7931,-94.1819,64
38.4917,-122.1242,24
47.7283,-104.1467,85
33.7092,-93.5564,0
18.0331,-67.0722,40
40.1550,-103.1417,219
18.2583,-65.9922,2
35.8819,-83.9572,0
35.7197,-86.9653,47
34.6033,-104.3811,63
34.9881,-120.3211,93
31.3706,-100.4942,14
42.1231,-111.3133,50
37.3822,-102.2986,43
37.7617,-117.5658,21
43.5492,-71.4647,138
36.0147,-85.1314,108
30.2003,-92.6642,79
39.9614,-86.0586,3
35.7047,-101.5492,37
34.6603,-82.8236,2
38.4931,-122.0047,40
42.3806,-96.9575,10
32.8522,-95.8864,121
32.2822,-106.7597,82
34.5989,-103.2161,158
35.2006,-103.6867,51
33.0642,-101.0489,0
33.1481,-95.6269,0
34.1647,-88.7239,0
36.5508,-114.4581,26
33.1461,-107.1842,74
44.8831,-85.6753,129
26.5581,-99.1372,50
25.8175,-80.2858,80
44.3089,-85.2050,58
38.0047,-120.4864,21
32.4219,-93.6381,169
37.9931,-100.8122,24
29.6211,-96.3661,156
32.9203,-94.7225,89
