43.3488,-88.1598,38
34.1128,-103.3812,282
49.8361,-100.8767,132
46.5631,-119.6060,0
45.1864,-85.1478,8
46.3526,-61.0776,20
38.7575,-120.6046,0
43.2422,-88.2889,30
40.5472,-105.0749,0
32.7741,-108.3450,79
44.3552,-72.4554,8
35.4049,-78.6810,0
40.1526,-84.4613,0
33.9151,-106.8670,91
44.4991,-63.5264,0
46.3118,-116.0553,13
47.3963,-120.2800,0
39.6025,-104.9762,0
42.5973,-74.5931,0
40.7739,-84.0800,0
44.8720,-69.4203,0
38.3401,-107.0943,0
44.2781,-103.8092,23
44.0826,-123.4309,0
37.7847,-79.9165,0
36.1502,-86.5738,0
42.1587,-78.4905,5
47.0570,-67.7263,3
46.4997,-116.3355,30
40.3038,-103.1114,0
34.6544,-86.5617,0
47.8101,-118.1101,0
47.7738,-120.6641,3
47.5857,-122.6092,0
46.4667,-63.9892,0
44.8353,-122.6836,0
46.4393,-95.5887,0
49.8922,-97.0283,69
50.3007,-97.3524,33
51.1240,-104.9917,58
42.4675,-71.4820,0
45.7416,-108.5535,76
41.9286,-74.0195,0
35.5813,-88.8306,0
46.9392,-114.0194,28
37.7892,-120.7518,0
46.4325,-63.8215,0
44.4171,-72.2350,13
42.4000,-88.7424,23
35.6263,-82.6763,0
41.8026,-75.6972,0
42.0044,-87.8460,38
45.6325,-110.5836,130
45.4788,-122.7692,0
33.9837,-83.1378,0
39.5462,-104.9655,0
41.4088,-81.7448,0
42.5110,-76.9155,13
32.3119,-106.7361,38
40.2970,-74.0015,0
46.7985,-96.1218,0
33.8129,-103.6470,241
45.4681,-122.6813,0
41.6225,-86.2163,0
41.7788,-107.1169,0
44.0390,-122.8500,0
39.6450,-106.3953,5
41.2008,-81.3389,0
46.2728,-106.6471,10
44.5179,-103.6698,0
40.0781,-88.2537,0
41.0578,-75.0796,0
32.8963,-104.4133,117
45.8608,-84.7197,8
52.9100,-109.7267,56
44.6662,-63.4954,0
43.8981,-72.1377,0
45.7139,-89.4215,0
49.7556,-96.9094,76
38.3299,-97.7787,0
42.0478,-91.5743,0
41.2949,-75.8682,0
44.2559,-117.5293,0
45.8002,-108.5553,112
45.4818,-91.1468,0
41.4681,-87.9378,0
36.7207,-86.0349,0
45.8802,-123.2946,0
46.4698,-63.4920,0
47.2227,-93.4960,0
34.6614,-86.5575,0
47.9533,-117.4769,10
34.7065,-103.8400,152
30.8176,-83.8965,0
42.5601,-87.9384,28
42.6396,-83.0272,0
34.6250,-86.5367,0
39.9575,-78.5638,8
50.5018,-104.6605,38
40.0015,-105.8725,0
43.0520,-77.2570,0
33.4414,-102.0177,25
42.7243,-73.7570,0
35.2470,-83.4140,0
43.2115,-71.4143,0
44.5187,-72.3028,3
39.7140,-86.4090,0
34.3589,-103.1740,191
43.0553,-92.3204,5
40.2124,-105.0426,0
46.8658,-117.0899,13
39.0720,-106.4673,30
47.3720,-122.2230,0
39.0889,-76.6492,0
42.8480,-88.7542,25
39.9844,-104.8134,0
44.7029,-106.3261,30
41.2017,-90.7417,36
44.7825,-108.6879,0
43.5375,-81.3964,0
40.4407,-105.0619,0
46.2170,-67.8589,0
39.0171,-95.6113,0
43.9887,-84.7023,25
36.4843,-80.9996,0
45.2753,-62.7127,0
42.2469,-83.0804,0
45.5075,-66.0986,0
39.3723,-112.3339,0
43.1848,-71.5186,0
47.7746,-116.7996,30
45.3201,-85.2437,3
39.4700,-76.8301,0
41.8939,-88.4761,38
37.9885,-101.1249,0
42.9409,-87.9823,30
39.0205,-105.4940,5
39.4582,-107.1839,0
42.4717,-79.3336,0
34.4386,-103.1819,335
33.1214,-108.9733,66
39.3933,-84.4770,0
50.1377,-99.7340,74
47.9461,-117.2509,28
41.9351,-75.0784,5
38.6639,-77.9756,0
46.5894,-107.7488,8
40.2001,-82.7732,0
41.4900,-82.0874,0
32.9319,-105.7602,86
45.8330,-109.9450,56
41.2986,-104.8278,0
44.0800,-99.1300,0
45.0886,-67.0609,0
38.9052,-104.8491,0
35.6345,-117.9782,0
40.7494,-96.5928,0
35.1114,-106.5416,3
43.1232,-74.7974,10
42.8167,-106.4108,0
48.6354,-112.3249,58
34.6509,-106.7194,152
45.5589,-106.7507,33
38.7835,-104.8293,0
47.3714,-102.7606,13
44.4932,-71.7045,0
39.9660,-105.5125,0
43.5695,-116.3248,0
39.7647,-84.6338,0
41.5832,-88.1911,30
43.4557,-83.9846,15
34.7411,-86.7697,0
52.2915,-104.5762,13
44.6520,-103.8461,8
45.4000,-123.1830,0
35.1833,-97.4028,0
41.8644,-88.3232,33
32.8213,-108.3164,89
48.3844,-116.2578,38
47.6421,-65.6876,0
47.7130,-118.9412,3
47.2956,-101.6301,28
41.4896,-87.0580,0
32.4322,-104.2302,122
40.8656,-74.3851,0
41.6189,-87.0825,51
39.4195,-77.2905,0
34.3406,-106.4392,86
43.1764,-78.6834,0
51.2522,-106.5403,56
32.0336,-107.7706,3
34.6286,-86.5561,0
42.8264,-106.3988,3
39.7041,-102.7080,0
40.5759,-105.0858,0
34.7842,-86.7544,0
43.5570,-91.5130,15
43.0453,-91.1821,0
43.3189,-89.0268,23
44.6310,-72.2800,0
49.8072,-97.1187,58
43.1923,-123.4387,0
45.9973,-110.6622,25
34.7058,-86.7503,0
42.6532,-85.4405,5
40.7623,-74.9719,0
41.5264,-90.5858,13
43.5370,-110.8250,48
44.9354,-68.6584,0
39.3838,-87.7743,0
41.1779,-89.6493,33
45.4505,-98.5086,0
53.5972,-105.7361,0
41.5641,-89.1235,64
39.6249,-75.7861,0
42.0125,-91.7099,3
43.4201,-81.4956,0
36.1520,-115.3396,0
42.4650,-92.3410,0
38.3339,-104.7898,0
42.5918,-85.3161,8
34.8057,-86.2483,0
40.3978,-80.0967,15
41.7304,-88.2376,46
50.1475,-95.8902,23
34.1649,-95.5431,0
44.8745,-123.0444,0
43.5868,-99.7114,0
43.8580,-108.1640,0
32.7226,-108.2669,79
43.0420,-89.4682,15
40.5998,-105.1151,0
44.1756,-72.7961,8
35.1537,-106.2848,18
41.3569,-88.7883,0
45.7942,-65.5907,0
44.2964,-99.2597,0
34.5860,-103.0732,305
45.6989,-87.5153,25
42.1726,-87.8884,38
37.7636,-106.0933,0
40.2843,-105.1608,0
46.8904,-103.0886,5
46.0272,-66.6746,0
45.6578,-111.0272,76
40.2077,-75.3522,0
46.5673,-87.6869,3
48.0007,-117.3755,18
43.1425,-80.0696,0
41.2084,-124.1027,0
48.8511,-97.7775,152
43.8637,-81.1523,0
31.7691,-105.6188,5
41.4996,-87.9603,102
43.2161,-77.9525,0
41.5067,-87.5248,13
40.5938,-91.1467,0
43.1269,-86.2431,25
46.8293,-97.2617,8
48.0324,-116.8062,38
46.1326,-91.4050,0
44.9846,-93.3744,0
40.5949,-98.4270,0
47.0421,-114.0968,43
47.2602,-96.2577,3
34.7806,-86.8644,0
42.8972,-85.7791,3
42.9900,-73.8000,0
36.3336,-102.0668,130
44.6053,-72.3094,5
38.6391,-106.9408,0
38.8274,-75.4303,0
48.2619,-114.1556,114
45.4340,-122.5036,0
38.9939,-105.0483,53
45.1724,-88.4899,23
43.6037,-70.9867,0
29.7210,-98.1655,0
44.4677,-87.9735,28
40.0806,-106.8929,0
32.7592,-108.2311,86
39.8446,-75.6386,0
43.1549,-81.7021,0
34.0867,-106.8925,140
42.9021,-87.9666,30
45.2900,-109.0400,58
40.8398,-74.5432,0
43.2574,-81.1915,0
43.8737,-80.1343,0
42.8403,-84.4197,0
41.4370,-82.0477,0
55.4900,-107.9236,0
34.8567,-86.6850,0
43.6215,-110.6253,43
45.6208,-109.1040,86
40.7571,-74.5384,0
32.2918,-85.1893,0
38.6418,-77.7672,0
44.9663,-93.8489,0
49.0157,-97.3055,97
39.6082,-99.9979,1270
42.6089,-122.8189,0
42.4113,-84.5276,25
41.0233,-100.3669,8
47.7657,-122.3001,0
43.8057,-71.9168,18
41.8163,-88.3068,36
38.1617,-85.8566,0
44.4750,-105.5962,33
41.3728,-88.8415,58
37.1306,-80.5720,0
41.7136,-89.3247,36
38.0288,-84.8988,0
32.1154,-81.2509,0
38.7462,-77.1386,0
35.1375,-77.9892,0
45.3147,-64.4289,0
45.1702,-91.2361,0
34.5434,-112.3764,0
41.7814,-88.0674,33
44.3200,-90.8300,33
43.4394,-71.5373,0
50.4826,-104.6385,58
41.3221,-105.5837,0
39.6490,-80.7382,0
42.6978,-108.6883,0
41.8074,-91.9650,8
46.4779,-108.4165,0
41.3315,-88.3141,0
36.0512,-83.9862,0
45.2583,-120.1645,5
42.3663,-87.8356,53
43.7440,-70.4890,0
35.1342,-106.5193,8
44.3608,-72.9640,3
47.6013,-122.6043,0
48.9576,-119.4432,3
46.4274,-62.7087,8
43.4472,-88.8526,1778
38.6655,-96.8934,0
37.6702,-91.8739,0
41.0483,-93.9496,0
47.9597,-116.7939,28
46.8201,-109.7935,56
36.2347,-86.3817,0
45.6568,-89.4630,3
34.5061,-106.2423,127
46.2258,-109.2577,0
47.1257,-118.3728,0
32.3019,-106.6594,13
44.8064,-108.4131,33
41.5177,-90.6072,13
42.6353,-85.7611,15
47.5749,-120.5976,0
42.1573,-77.0600,0
49.1971,-100.1496,76
49.8996,-97.1875,69
39.5186,-104.9492,0
47.8771,-97.0581,38
46.7288,-116.9729,5
39.9965,-76.7533,0
32.1694,-107.4995,30
35.0981,-106.2846,46
48.6770,-100.8026,89
39.7109,-74.9679,0
31.1200,-81.9300,0
41.2313,-90.4354,0
35.0908,-106.2212,43
32.7904,-105.8204,79
32.9204,-105.7470,61
39.2323,-106.0516,0
42.5336,-75.6306,0
38.8319,-107.9670,0
42.3326,-76.7581,15
39.4202,-84.1493,0
46.5189,-66.2667,10
42.8755,-109.8683,10
45.6018,-94.1991,0
35.1126,-106.4900,13
32.9465,-105.6714,43
44.9250,-102.7628,0
47.7152,-117.4547,13
42.5455,-74.1475,0
33.8614,-84.0280,0
46.4157,-108.4885,8
45.4060,-122.8780,0
42.0019,-87.6985,36
44.2337,-86.0358,25
40.1043,-105.1605,0
33.7476,-84.7452,0
41.9174,-88.6891,33
46.8822,-113.9044,43
39.5865,-86.6333,0
45.2943,-91.6247,0
49.8631,-97.2622,76
41.3037,-105.5732,0
42.0726,-87.8288,8
45.1940,-67.3225,0
32.4539,-104.2378,119
46.2507,-119.3197,0
34.4344,-86.9153,0
39.5936,-75.0692,0
42.1913,-87.9403,41
48.8576,-117.3738,15
41.9692,-88.1873,51
44.3606,-72.8077,3
43.6312,-84.1943,0
32.9881,-97.3932,0
43.2471,-75.2775,23
47.0724,-114.0798,10
37.3875,-107.8455,0
45.9217,-64.5150,0
44.2832,-83.4992,3
49.7791,-124.3371,0
47.5017,-64.9355,0
41.5508,-71.6346,0
35.2116,-103.7730,127
44.7518,-63.7910,0
43.8567,-70.4664,0
44.5164,-122.9171,0
41.2144,-85.1242,0
47.1172,-117.3857,8
48.5050,-121.4800,0
42.3223,-76.5899,20
45.7169,-65.4622,0
45.6063,-122.5104,0
33.4922,-102.1883,36
34.4669,-108.2986,97
34.7911,-86.9092,0
39.7332,-106.6806,0
46.6046,-90.6492,0
47.0880,-91.6241,8
41.0521,-83.5773,15
44.0917,-93.2138,0
42.5088,-72.6973,0
46.2287,-60.3034,140
47.4845,-122.1272,0
42.6918,-73.8311,0
34.7056,-76.9898,0
42.4516,-76.0437,8
47.3934,-120.3018,3
32.3456,-106.7220,36
45.0043,-65.1169,0
42.9726,-110.9605,28
45.9190,-66.6269,0
34.7756,-86.7803,0
45.9290,-66.6283,0
33.7667,-101.8752,112
29.4854,-98.6561,0
34.8183,-86.5050,0
39.3712,-76.6633,0
50.4158,-96.6091,56
40.2707,-74.7295,0
29.7409,-97.6802,0
40.5035,-88.9682,0
42.0597,-88.2334,36
48.0757,-117.1926,13
46.0533,-83.6906,30
49.0230,-98.1110,196
45.5416,-122.6401,0
45.7904,-66.1473,0
52.1381,-106.5720,18
39.7444,-99.2155,0
46.9934,-65.5069,0
40.4661,-87.6854,0
36.9544,-86.3366,0
42.0609,-80.1526,0
44.6414,-84.2383,0
45.2213,-109.2124,79
48.2798,-101.4262,8
44.2659,-85.2553,0
35.1156,-106.5521,3
45.9770,-66.8682,0
44.3213,-88.9286,20
37.5990,-101.2911,0
48.9536,-54.6186,18
44.7910,-75.3822,0
48.2647,-96.8703,51
38.6049,-89.9685,0
39.4745,-83.8361,0
41.5324,-84.8853,0
42.0944,-71.3776,0
34.6444,-86.5056,0
40.5091,-74.8549,0
34.4972,-87.2300,0
42.8095,-106.3315,0
45.7192,-108.5218,89
44.0487,-103.2173,0
45.4662,-122.8088,0
32.4066,-96.3347,0
44.6826,-63.8602,0
39.0589,-92.4370,0
32.3643,-106.8241,5
34.7981,-86.7047,0
32.9734,-108.5197,86
42.7112,-87.8457,38
36.5869,-93.2692,0
41.1977,-80.9721,0
41.1344,-100.7916,0
41.0589,-83.1127,0
46.4490,-96.7280,0
34.9842,-83.3917,0
41.6293,-88.2991,13
43.0449,-80.9346,0
44.5125,-78.3606,0
41.7550,-87.8173,0
44.6532,-85.6640,13
40.1152,-86.4551,0
43.4794,-80.5354,0
34.9178,-86.8317,0
39.3343,-94.7642,0
32.3772,-86.2575,0
37.9542,-87.3741,0
48.7748,-104.5670,33
36.1066,-88.0443,0
38.3455,-120.7719,0
43.4301,-110.7976,13
46.2348,-114.1563,5
41.2571,-77.0085,0
37.9018,-88.9341,0
32.8374,-108.2018,86
40.0496,-84.9474,0
34.1550,-103.3849,163
38.6208,-95.6848,0
39.9223,-104.9554,0
38.6169,-77.9696,0
35.3592,-103.4576,147
50.0786,-98.1029,81
37.2915,-91.8515,0
32.3191,-90.0806,0
38.7387,-84.8496,0
44.6833,-70.2642,0
44.0412,-80.6893,0
40.5358,-94.8879,0
46.2358,-63.0821,0
49.5196,-96.6794,102
41.8339,-90.5439,51
46.4457,-63.3121,0
39.4712,-118.7915,0
43.5141,-89.5691,10
44.5455,-69.3543,0
47.6720,-65.0911,0
43.3439,-91.6443,0
43.8324,-70.1200,0
34.8240,-92.2531,0
33.4387,-88.8695,0
44.8116,-106.9705,48
35.3621,-103.4708,203
40.0014,-77.1089,0
37.9663,-103.5443,0
49.8917,-97.3055,173
45.0713,-64.4857,30
41.3235,-89.5047,10
42.9300,-74.6264,3
34.6137,-103.0910,236
33.5172,-101.9681,18
45.6001,-109.0899,102
45.9220,-116.1260,3
48.5751,-116.3985,13
40.4666,-105.4275,0
29.7305,-98.0938,0
38.2872,-81.7874,0
37.9221,-78.2519,0
38.2210,-84.8175,0
41.9766,-88.0598,69
40.7535,-74.4428,0
33.0162,-105.8539,114
39.7220,-106.1370,8
41.3179,-88.6065,0
34.9968,-101.9307,64
45.1226,-93.4579,0
44.9326,-69.5608,0
37.4378,-87.4418,0
48.7501,-108.6002,18
46.8153,-92.0637,0
41.1575,-104.8840,0
44.0303,-71.1383,0
35.1296,-106.3204,18
39.4688,-106.0109,8
39.5404,-104.9123,0
29.5120,-95.0994,0
49.6725,-96.5814,104
34.0151,-81.1920,0
39.4041,-79.3722,0
43.0961,-79.0281,0
27.9855,-81.7902,0
47.5734,-114.0436,38
42.9897,-83.8166,0
33.0767,-106.0017,74
46.2084,-119.1658,0
42.5970,-82.1781,0
42.2845,-83.0346,0
42.9008,-88.5862,30
49.8144,-100.5535,122
39.3428,-82.0964,0
44.0385,-100.2656,0
45.2575,-109.2264,51
39.6113,-104.0438,30
42.4927,-72.9454,0
35.0952,-106.3131,20
43.5629,-79.7347,0
37.5748,-101.3522,3
35.1614,-83.3078,0
45.6036,-109.0339,109
41.1623,-81.5037,0
38.7873,-82.9779,0
32.9424,-105.8262,33
42.4334,-122.9869,0
43.0072,-81.5849,0
40.6259,-105.0621,0
38.9669,-95.2967,0
34.4230,-103.1598,445
45.4899,-74.6457,0
45.3608,-63.2682,0
40.7413,-74.4395,0
43.5073,-65.6096,0
39.7674,-78.4844,0
41.9221,-111.8193,0
41.4673,-90.1818,25
41.7084,-87.7539,28
40.7447,-111.8677,0
44.0308,-107.4509,0
45.1613,-109.2911,48
45.0792,-64.2711,0
41.5193,-87.9193,36
44.3320,-70.2685,0
46.4168,-98.7875,28
41.6874,-87.7911,23
34.2024,-78.0948,0
61.6185,-149.1258,0
29.6849,-95.2197,0
44.7045,-64.4566,0
47.2983,-101.6178,23
39.9417,-104.9353,0
39.4722,-105.3913,0
41.3053,-73.1635,0
34.2432,-106.9131,114
36.2184,-81.6720,0
42.9632,-78.8669,0
44.8382,-92.9359,0
35.7373,-83.9132,0
36.2528,-81.9136,0
44.9769,-106.8475,15
46.5824,-90.8839,0
36.3188,-85.5019,0
43.8885,-70.2944,0
44.8122,-106.9763,56
42.8316,-74.1152,3
38.5871,-96.8950,0
35.2293,-103.7264,157
44.9694,-89.6109,13
42.5019,-92.4418,0
40.9519,-74.1577,0
40.9142,-91.4293,28
46.2508,-60.6434,33
44.1964,-88.3307,15
44.5654,-106.9281,86
41.9864,-91.6339,0
38.9433,-119.1916,0
44.7591,-123.2325,0
44.6115,-74.9719,0
45.7086,-61.9024,10
47.8325,-116.7257,28
42.8532,-90.7086,0
46.6218,-112.0420,36
40.5510,-105.0664,0
42.2778,-89.0359,15
39.1692,-85.2361,0
43.8583,-71.2597,0
43.2957,-123.0787,0
44.5014,-68.2208,0
48.0125,-123.1709,0
42.3560,-107.4506,114
45.6907,-109.7173,89
49.9092,-97.0199,76
36.1648,-81.6055,0
44.8567,-93.6864,0
43.1951,-76.2883,30
42.2658,-85.8619,10
34.5360,-92.7651,0
40.0815,-104.9459,0
39.9714,-104.8683,0
53.3290,-106.1377,0
49.4005,-97.3142,112
35.2006,-103.6867,180
41.0413,-93.9805,0
37.5640,-97.5150,76
38.0450,-85.7155,0
45.4400,-105.6100,5
45.6270,-108.9193,66
35.1641,-106.3038,13
32.9502,-105.7337,48
33.9554,-86.5439,0
40.5462,-74.5287,0
44.5859,-76.3048,0
43.7370,-116.7327,0
43.3367,-72.0606,0
42.1139,-88.0178,41
41.9279,-88.4562,28
47.4126,-91.1058,13
33.4958,-101.8935,51
51.5694,-107.2341,51
41.2812,-84.3454,0
40.9234,-73.3305,0
46.2870,-119.3050,0
44.1511,-94.7852,0
41.3719,-92.4975,5
46.9162,-60.4946,53
47.9026,-114.2078,20
42.8538,-88.4355,41
41.8482,-88.3144,0
48.5544,-58.6185,61
45.6968,-108.7337,89
38.1030,-97.8691,28
41.3297,-86.3568,0
48.5629,-110.5596,69
44.0098,-92.9856,0
45.8812,-66.7623,0
41.5401,-90.4492,15
38.6331,-109.4104,0
41.5247,-89.0906,38
40.4697,-106.8139,0
43.0186,-89.2785,18
34.8695,-106.7015,610
38.4193,-107.9422,0
41.7346,-88.2391,23
43.6695,-116.2653,0
43.9873,-81.1033,0
49.8299,-99.9746,76
45.5307,-87.6192,36
41.2855,-104.9058,0
44.0207,-88.7797,25
43.3472,-72.6968,3
31.8142,-93.0856,0
41.8183,-86.3423,28
39.6679,-104.9440,0
45.8359,-108.5221,66
45.9631,-65.9694,0
42.0826,-75.9912,13
35.3620,-85.3797,0
45.6686,-122.6862,0
41.3677,-81.7018,0
41.8040,-91.4891,3
35.1011,-106.2559,33
34.7700,-86.4750,0
40.0488,-76.6948,0
34.4054,-103.2830,325
43.9930,-66.1468,0
44.8492,-88.3472,74
44.8000,-69.1684,0
44.6066,-87.8118,81
42.5430,-114.5525,0
39.2533,-119.8457,0
41.5819,-88.1937,25
30.4144,-97.7664,0
42.4093,-86.0481,18
43.4783,-75.1696,8
40.0905,-104.7986,0
32.7093,-108.2999,51
39.6011,-105.9773,10
38.8592,-96.1058,0
40.3889,-75.9396,0
37.0169,-94.4925,0
39.8926,-86.0824,0
47.3638,-120.2284,0
46.4238,-94.3033,0
42.9542,-81.4349,0
47.9214,-118.9409,0
39.1516,-77.2368,0
34.8050,-86.7619,0
39.9873,-105.1703,0
46.5153,-111.9170,64
44.8344,-93.0358,0
44.7150,-106.7180,36
44.1386,-123.0658,0
48.1810,-117.1712,18
35.3344,-106.4014,0
35.0761,-106.3846,13
49.4587,-97.0062,97
40.0395,-105.3275,0
29.2650,-81.0472,0
46.8818,-64.1973,0
44.5738,-106.9022,74
45.6697,-109.4724,66
34.2456,-102.7247,89
34.9189,-86.7836,0
44.1128,-71.1396,0
34.9619,-106.7084,13
43.3085,-87.9848,33
40.4754,-106.8085,0
34.1109,-109.9003,3
42.4970,-71.7750,0
35.4606,-81.3296,0
45.6357,-110.4331,102
42.4310,-83.3819,3
45.5519,-116.3028,0
48.7176,-118.2049,0
47.7084,-116.8367,38
41.5904,-86.7343,28
41.3139,-105.5774,0
46.9095,-104.0050,10
32.8230,-108.0040,114
39.7866,-77.7253,0
38.9539,-92.3381,0
43.6231,-116.2963,0
42.9880,-85.8103,10
37.3996,-119.7381,0
39.3542,-101.6996,0
24.5695,-81.7559,0
39.6596,-104.8760,0
44.4142,-75.7565,25
44.6658,-70.0272,0
35.6874,-88.8809,0
44.7246,-63.8192,0
35.6283,-108.7928,0
43.7051,-99.3773,0
40.0591,-105.1717,0
44.8126,-106.9580,64
33.6239,-117.6275,0
47.1556,-53.4722,5
44.8913,-93.3141,0
44.2354,-71.7388,0
47.1656,-91.6195,0
62.2272,-150.0731,0
44.2933,-83.6841,41
40.4624,-90.7452,0
41.5090,-71.1590,0
47.0412,-91.7528,5
39.0400,-108.5210,0
41.5828,-70.5803,0
47.9752,-117.6061,8
41.9778,-88.1036,46
45.3825,-63.2281,0
44.0866,-103.3701,0
45.4174,-83.8106,3
44.7586,-72.1168,0
34.8084,-106.6766,127
47.5400,-111.2943,53
44.3541,-66.1026,0
42.8966,-76.6727,0
42.8623,-80.8949,0
48.1077,-114.0643,38
43.5000,-86.4700,5
44.3882,-71.2695,3
44.7584,-108.7769,0
41.6235,-90.3514,15
45.4943,-110.2250,71
40.0177,-105.1288,0
39.1223,-77.8187,0
39.5768,-78.8498,0
43.3194,-88.1681,10
43.8977,-78.8744,0
47.5939,-52.7288,25
44.1138,-115.4306,13
34.8648,-103.2107,168
39.0894,-108.1042,0
45.7360,-107.6020,64
42.3778,-87.9674,23
45.4232,-76.0453,0
46.8849,-60.4629,58
47.7446,-122.5097,0
42.8230,-86.0678,5
36.3783,-103.0243,5
46.1661,-113.0853,41
42.8918,-88.1423,33
40.2647,-87.6656,0
45.6138,-111.0566,71
39.7197,-105.2472,0
47.4669,-121.6806,0
34.1415,-107.8792,0
44.8358,-92.6210,0
42.6602,-73.8103,0
42.1874,-90.0219,13
31.8449,-102.4858,0
38.7338,-120.7110,0
39.4109,-104.2391,23
46.2508,-63.3342,0
46.4877,-108.5135,3
39.4905,-105.5239,0
46.7544,-117.0005,8
44.0397,-92.4375,0
42.9864,-78.8706,0
46.1744,-89.3038,0
37.5960,-107.8144,0
48.5520,-120.1905,0
40.0891,-97.1959,0
39.9513,-105.0329,0
35.0114,-86.8392,0
32.0063,-102.1463,0
45.9689,-94.3772,0
44.9047,-107.1687,23
36.5960,-100.1739,28
37.8339,-87.5840,0
45.0336,-123.4277,0
43.8028,-81.1838,0
41.1877,-89.7728,0
42.8475,-95.7024,0
46.3147,-107.0794,8
35.0685,-106.5956,0
38.0614,-108.9101,0
44.6209,-106.8029,28
46.9386,-90.8349,0
38.7845,-76.0739,0
28.1669,-81.8219,0
39.4819,-106.0325,0
50.1784,-100.4396,69
42.4284,-87.8838,23
40.7134,-74.5785,0
35.8314,-86.4451,0
42.5597,-87.8566,30
41.9950,-75.9650,0
43.5658,-70.9430,0
35.1463,-106.4906,18
32.2529,-80.7350,0
47.0653,-91.6761,8
40.7798,-74.5854,0
46.6068,-114.0124,10
35.1693,-106.4921,76
36.4590,-81.1525,0
43.3488,-88.1598,38
34.1128,-103.3812,282
49.8361,-100.8767,132
46.5631,-119.6060,0
45.1864,-85.1478,8
46.3526,-61.0776,20
38.7575,-120.6046,0
43.2422,-88.2889,30
40.5472,-105.0749,0
32.7741,-108.3450,79
44.3552,-72.4554,8
35.4049,-78.6810,0
40.1526,-84.4613,0
33.9151,-106.8670,91
44.4991,-63.5264,0
46.3118,-116.0553,13
47.3963,-120.2800,0
39.6025,-104.9762,0
42.5973,-74.5931,0
40.7739,-84.0800,0
44.8720,-69.4203,0
38.3401,-107.0943,0
44.2781,-103.8092,23
44.0826,-123.4309,0
37.7847,-79.9165,0
36.1502,-86.5738,0
42.1587,-78.4905,5
47.0570,-67.7263,3
46.4997,-116.3355,30
40.3038,-103.1114,0
34.6544,-86.5617,0
47.8101,-118.1101,0
47.7738,-120.6641,3
47.5857,-122.6092,0
46.4667,-63.9892,0
44.8353,-122.6836,0
46.4393,-95.5887,0
49.8922,-97.0283,69
50.3007,-97.3524,33
51.1240,-104.9917,58
42.4675,-71.4820,0
45.7416,-108.5535,76
41.9286,-74.0195,0
35.5813,-88.8306,0
46.9392,-114.0194,28
37.7892,-120.7518,0
46.4325,-63.8215,0
44.4171,-72.2350,13
42.4000,-88.7424,23
35.6263,-82.6763,0
41.8026,-75.6972,0
42.0044,-87.8460,38
45.6325,-110.5836,130
45.4788,-122.7692,0
33.9837,-83.1378,0
39.5462,-104.9655,0
41.4088,-81.7448,0
42.5110,-76.9155,13
32.3119,-106.7361,38
40.2970,-74.0015,0
46.7985,-96.1218,0
33.8129,-103.6470,241
45.4681,-122.6813,0
41.6225,-86.2163,0
41.7788,-107.1169,0
44.0390,-122.8500,0
39.6450,-106.3953,5
41.2008,-81.3389,0
46.2728,-106.6471,10
44.5179,-103.6698,0
40.0781,-88.2537,0
41.0578,-75.0796,0
32.8963,-104.4133,117
45.8608,-84.7197,8
52.9100,-109.7267,56
44.6662,-63.4954,0
43.8981,-72.1377,0
45.7139,-89.4215,0
49.7556,-96.9094,76
38.3299,-97.7787,0
42.0478,-91.5743,0
41.2949,-75.8682,0
44.2559,-117.5293,0
45.8002,-108.5553,112
45.4818,-91.1468,0
41.4681,-87.9378,0
36.7207,-86.0349,0
45.8802,-123.2946,0
46.4698,-63.4920,0
47.2227,-93.4960,0
34.6614,-86.5575,0
47.9533,-117.4769,10
34.7065,-103.8400,152
30.8176,-83.8965,0
42.5601,-87.9384,28
42.6396,-83.0272,0
34.6250,-86.5367,0
39.9575,-78.5638,8
50.5018,-104.6605,38
40.0015,-105.8725,0
43.0520,-77.2570,0
33.4414,-102.0177,25
42.7243,-73.7570,0
35.2470,-83.4140,0
43.2115,-71.4143,0
44.5187,-72.3028,3
39.7140,-86.4090,0
34.3589,-103.1740,191
43.0553,-92.3204,5
40.2124,-105.0426,0
46.8658,-117.0899,13
39.0720,-106.4673,30
47.3720,-122.2230,0
39.0889,-76.6492,0
42.8480,-88.7542,25
39.9844,-104.8134,0
44.7029,-106.3261,30
41.2017,-90.7417,36
44.7825,-108.6879,0
43.5375,-81.3964,0
40.4407,-105.0619,0
46.2170,-67.8589,0
39.0171,-95.6113,0
43.9887,-84.7023,25
36.4843,-80.9996,0
45.2753,-62.7127,0
42.2469,-83.0804,0
45.5075,-66.0986,0
39.3723,-112.3339,0
43.1848,-71.5186,0
47.7746,-116.7996,30
45.3201,-85.2437,3
39.4700,-76.8301,0
41.8939,-88.4761,38
37.9885,-101.1249,0
42.9409,-87.9823,30
39.0205,-105.4940,5
39.4582,-107.1839,0
42.4717,-79.3336,0
34.4386,-103.1819,335
33.1214,-108.9733,66
39.3933,-84.4770,0
50.1377,-99.7340,74
47.9461,-117.2509,28
41.9351,-75.0784,5
38.6639,-77.9756,0
46.5894,-107.7488,8
40.2001,-82.7732,0
41.4900,-82.0874,0
32.9319,-105.7602,86
45.8330,-109.9450,56
41.2986,-104.8278,0
44.0800,-99.1300,0
45.0886,-67.0609,0
38.9052,-104.8491,0
35.6345,-117.9782,0
40.7494,-96.5928,0
35.1114,-106.5416,3
43.1232,-74.7974,10
42.8167,-106.4108,0
48.6354,-112.3249,58
34.6509,-106.7194,152
45.5589,-106.7507,33
38.7835,-104.8293,0
47.3714,-102.7606,13
44.4932,-71.7045,0
39.9660,-105.5125,0
43.5695,-116.3248,0
39.7647,-84.6338,0
41.5832,-88.1911,30
43.4557,-83.9846,15
34.7411,-86.7697,0
52.2915,-104.5762,13
44.6520,-103.8461,8
45.4000,-123.1830,0
35.1833,-97.4028,0
41.8644,-88.3232,33
32.8213,-108.3164,89
48.3844,-116.2578,38
47.6421,-65.6876,0
47.7130,-118.9412,3
47.2956,-101.6301,28
41.4896,-87.0580,0
32.4322,-104.2302,122
40.8656,-74.3851,0
41.6189,-87.0825,51
39.4195,-77.2905,0
34.3406,-106.4392,86
43.1764,-78.6834,0
51.2522,-106.5403,56
32.0336,-107.7706,3
34.6286,-86.5561,0
42.8264,-106.3988,3
39.7041,-102.7080,0
40.5759,-105.0858,0
34.7842,-86.7544,0
43.5570,-91.5130,15
43.0453,-91.1821,0
43.3189,-89.0268,23
44.6310,-72.2800,0
49.8072,-97.1187,58
43.1923,-123.4387,0
45.9973,-110.6622,25
34.7058,-86.7503,0
42.6532,-85.4405,5
40.7623,-74.9719,0
41.5264,-90.5858,13
43.5370,-110.8250,48
44.9354,-68.6584,0
39.3838,-87.7743,0
41.1779,-89.6493,33
45.4505,-98.5086,0
53.5972,-105.7361,0
41.5641,-89.1235,64
39.6249,-75.7861,0
42.0125,-91.7099,3
43.4201,-81.4956,0
36.1520,-115.3396,0
42.4650,-92.3410,0
38.3339,-104.7898,0
42.5918,-85.3161,8
34.8057,-86.2483,0
40.3978,-80.0967,15
41.7304,-88.2376,46
50.1475,-95.8902,23
34.1649,-95.5431,0
44.8745,-123.0444,0
43.5868,-99.7114,0
43.8580,-108.1640,0
32.7226,-108.2669,79
43.0420,-89.4682,15
40.5998,-105.1151,0
44.1756,-72.7961,8
35.1537,-106.2848,18
41.3569,-88.7883,0
45.7942,-65.5907,0
44.2964,-99.2597,0
34.5860,-103.0732,305
45.6989,-87.5153,25
42.1726,-87.8884,38
37.7636,-106.0933,0
40.2843,-105.1608,0
46.8904,-103.0886,5
46.0272,-66.6746,0
45.6578,-111.0272,76
40.2077,-75.3522,0
46.5673,-87.6869,3
48.0007,-117.3755,18
43.1425,-80.0696,0
41.2084,-124.1027,0
48.8511,-97.7775,152
43.8637,-81.1523,0
31.7691,-105.6188,5
41.4996,-87.9603,102
43.2161,-77.9525,0
41.5067,-87.5248,13
40.5938,-91.1467,0
43.1269,-86.2431,25
46.8293,-97.2617,8
48.0324,-116.8062,38
46.1326,-91.4050,0
44.9846,-93.3744,0
40.5949,-98.4270,0
47.0421,-114.0968,43
47.2602,-96.2577,3
34.7806,-86.8644,0
42.8972,-85.7791,3
42.9900,-73.8000,0
36.3336,-102.0668,130
44.6053,-72.3094,5
38.6391,-106.9408,0
38.8274,-75.4303,0
48.2619,-114.1556,114
45.4340,-122.5036,0
38.9939,-105.0483,53
45.1724,-88.4899,23
43.6037,-70.9867,0
29.7210,-98.1655,0
44.4677,-87.9735,28
40.0806,-106.8929,0
32.7592,-108.2311,86
39.8446,-75.6386,0
43.1549,-81.7021,0
34.0867,-106.8925,140
42.9021,-87.9666,30
45.2900,-109.0400,58
40.8398,-74.5432,0
43.2574,-81.1915,0
43.8737,-80.1343,0
42.8403,-84.4197,0
41.4370,-82.0477,0
55.4900,-107.9236,0
34.8567,-86.6850,0
43.6215,-110.6253,43
45.6208,-109.1040,86
40.7571,-74.5384,0
32.2918,-85.1893,0
38.6418,-77.7672,0
44.9663,-93.8489,0
49.0157,-97.3055,97
39.6082,-99.9979,1270
42.6089,-122.8189,0
42.4113,-84.5276,25
41.0233,-100.3669,8
47.7657,-122.3001,0
43.8057,-71.9168,18
41.8163,-88.3068,36
38.1617,-85.8566,0
44.4750,-105.5962,33
41.3728,-88.8415,58
37.1306,-80.5720,0
41.7136,-89.3247,36
38.0288,-84.8988,0
32.1154,-81.2509,0
38.7462,-77.1386,0
35.1375,-77.9892,0
45.3147,-64.4289,0
45.1702,-91.2361,0
34.5434,-112.3764,0
41.7814,-88.0674,33
44.3200,-90.8300,33
43.4394,-71.5373,0
50.4826,-104.6385,58
41.3221,-105.5837,0
39.6490,-80.7382,0
42.6978,-108.6883,0
41.8074,-91.9650,8
46.4779,-108.4165,0
41.3315,-88.3141,0
36.0512,-83.9862,0
45.2583,-120.1645,5
42.3663,-87.8356,53
43.7440,-70.4890,0
35.1342,-106.5193,8
44.3608,-72.9640,3
47.6013,-122.6043,0
48.9576,-119.4432,3
46.4274,-62.7087,8
43.4472,-88.8526,1778
38.6655,-96.8934,0
37.6702,-91.8739,0
41.0483,-93.9496,0
47.9597,-116.7939,28
46.8201,-109.7935,56
36.2347,-86.3817,0
45.6568,-89.4630,3
34.5061,-106.2423,127
46.2258,-109.2577,0
47.1257,-118.3728,0
32.3019,-106.6594,13
44.8064,-108.4131,33
41.5177,-90.6072,13
42.6353,-85.7611,15
47.5749,-120.5976,0
42.1573,-77.0600,0
49.1971,-100.1496,76
49.8996,-97.1875,69
39.5186,-104.9492,0
47.8771,-97.0581,38
46.7288,-116.9729,5
39.9965,-76.7533,0
32.1694,-107.4995,30
35.0981,-106.2846,46
48.6770,-100.8026,89
39.7109,-74.9679,0
31.1200,-81.9300,0
41.2313,-90.4354,0
35.0908,-106.2212,43
32.7904,-105.8204,79
32.9204,-105.7470,61
39.2323,-106.0516,0
42.5336,-75.6306,0
38.8319,-107.9670,0
42.3326,-76.7581,15
39.4202,-84.1493,0
46.5189,-66.2667,10
42.8755,-109.8683,10
45.6018,-94.1991,0
35.1126,-106.4900,13
32.9465,-105.6714,43
44.9250,-102.7628,0
47.7152,-117.4547,13
42.5455,-74.1475,0
33.8614,-84.0280,0
46.4157,-108.4885,8
45.4060,-122.8780,0
42.0019,-87.6985,36
44.2337,-86.0358,25
40.1043,-105.1605,0
33.7476,-84.7452,0
41.9174,-88.6891,33
46.8822,-113.9044,43
39.5865,-86.6333,0
45.2943,-91.6247,0
49.8631,-97.2622,76
41.3037,-105.5732,0
42.0726,-87.8288,8
45.1940,-67.3225,0
32.4539,-104.2378,119
46.2507,-119.3197,0
34.4344,-86.9153,0
39.5936,-75.0692,0
42.1913,-87.9403,41
48.8576,-117.3738,15
41.9692,-88.1873,51
44.3606,-72.8077,3
43.6312,-84.1943,0
32.9881,-97.3932,0
43.2471,-75.2775,23
47.0724,-114.0798,10
37.3875,-107.8455,0
45.9217,-64.5150,0
44.2832,-83.4992,3
49.7791,-124.3371,0
47.5017,-64.9355,0
41.5508,-71.6346,0
35.2116,-103.7730,127
44.7518,-63.7910,0
43.8567,-70.4664,0
44.5164,-122.9171,0
41.2144,-85.1242,0
47.1172,-117.3857,8
48.5050,-121.4800,0
42.3223,-76.5899,20
45.7169,-65.4622,0
45.6063,-122.5104,0
33.4922,-102.1883,36
34.4669,-108.2986,97
34.7911,-86.9092,0
39.7332,-106.6806,0
46.6046,-90.6492,0
47.0880,-91.6241,8
41.0521,-83.5773,15
44.0917,-93.2138,0
42.5088,-72.6973,0
46.2287,-60.3034,140
47.4845,-122.1272,0
42.6918,-73.8311,0
34.7056,-76.9898,0
42.4516,-76.0437,8
47.3934,-120.3018,3
32.3456,-106.7220,36
45.0043,-65.1169,0
42.9726,-110.9605,28
45.9190,-66.6269,0
34.7756,-86.7803,0
45.9290,-66.6283,0
33.7667,-101.8752,112
29.4854,-98.6561,0
34.8183,-86.5050,0
39.3712,-76.6633,0
50.4158,-96.6091,56
40.2707,-74.7295,0
29.7409,-97.6802,0
40.5035,-88.9682,0
42.0597,-88.2334,36
48.0757,-117.1926,13
46.0533,-83.6906,30
49.0230,-98.1110,196
45.5416,-122.6401,0
45.7904,-66.1473,0
52.1381,-106.5720,18
39.7444,-99.2155,0
46.9934,-65.5069,0
40.4661,-87.6854,0
36.9544,-86.3366,0
42.0609,-80.1526,0
44.6414,-84.2383,0
45.2213,-109.2124,79
48.2798,-101.4262,8
44.2659,-85.2553,0
35.1156,-106.5521,3
45.9770,-66.8682,0
44.3213,-88.9286,20
37.5990,-101.2911,0
48.9536,-54.6186,18
44.7910,-75.3822,0
48.2647,-96.8703,51
38.6049,-89.9685,0
39.4745,-83.8361,0
41.5324,-84.8853,0
42.0944,-71.3776,0
34.6444,-86.5056,0
40.5091,-74.8549,0
34.4972,-87.2300,0
42.8095,-106.3315,0
45.7192,-108.5218,89
44.0487,-103.2173,0
45.4662,-122.8088,0
32.4066,-96.3347,0
44.6826,-63.8602,0
39.0589,-92.4370,0
32.3643,-106.8241,5
34.7981,-86.7047,0
32.9734,-108.5197,86
42.7112,-87.8457,38
36.5869,-93.2692,0
41.1977,-80.9721,0
41.1344,-100.7916,0
41.0589,-83.1127,0
46.4490,-96.7280,0
34.9842,-83.3917,0
41.6293,-88.2991,13
43.0449,-80.9346,0
44.5125,-78.3606,0
41.7550,-87.8173,0
44.6532,-85.6640,13
40.1152,-86.4551,0
43.4794,-80.5354,0
34.9178,-86.8317,0
39.3343,-94.7642,0
32.3772,-86.2575,0
37.9542,-87.3741,0
48.7748,-104.5670,33
36.1066,-88.0443,0
38.3455,-120.7719,0
43.4301,-110.7976,13
46.2348,-114.1563,5
41.2571,-77.0085,0
37.9018,-88.9341,0
32.8374,-108.2018,86
40.0496,-84.9474,0
34.1550,-103.3849,163
38.6208,-95.6848,0
39.9223,-104.9554,0
38.6169,-77.9696,0
35.3592,-103.4576,147
50.0786,-98.1029,81
37.2915,-91.8515,0
32.3191,-90.0806,0
38.7387,-84.8496,0
44.6833,-70.2642,0
44.0412,-80.6893,0
40.5358,-94.8879,0
46.2358,-63.0821,0
49.5196,-96.6794,102
41.8339,-90.5439,51
46.4457,-63.3121,0
39.4712,-118.7915,0
43.5141,-89.5691,10
44.5455,-69.3543,0
47.6720,-65.0911,0
43.3439,-91.6443,0
43.8324,-70.1200,0
34.8240,-92.2531,0
33.4387,-88.8695,0
44.8116,-106.9705,48
35.3621,-103.4708,203
40.0014,-77.1089,0
37.9663,-103.5443,0
49.8917,-97.3055,173
45.0713,-64.4857,30
41.3235,-89.5047,10
42.9300,-74.6264,3
34.6137,-103.0910,236
33.5172,-101.9681,18
45.6001,-109.0899,102
45.9220,-116.1260,3
48.5751,-116.3985,13
40.4666,-105.4275,0
29.7305,-98.0938,0
38.2872,-81.7874,0
37.9221,-78.2519,0
38.2210,-84.8175,0
41.9766,-88.0598,69
40.7535,-74.4428,0
33.0162,-105.8539,114
39.7220,-106.1370,8
41.3179,-88.6065,0
34.9968,-101.9307,64
45.1226,-93.4579,0
44.9326,-69.5608,0
37.4378,-87.4418,0
48.7501,-108.6002,18
46.8153,-92.0637,0
41.1575,-104.8840,0
44.0303,-71.1383,0
35.1296,-106.3204,18
39.4688,-106.0109,8
39.5404,-104.9123,0
29.5120,-95.0994,0
49.6725,-96.5814,104
34.0151,-81.1920,0
39.4041,-79.3722,0
43.0961,-79.0281,0
27.9855,-81.7902,0
47.5734,-114.0436,38
42.9897,-83.8166,0
33.0767,-106.0017,74
46.2084,-119.1658,0
42.5970,-82.1781,0
42.2845,-83.0346,0
42.9008,-88.5862,30
49.8144,-100.5535,122
39.3428,-82.0964,0
44.0385,-100.2656,0
45.2575,-109.2264,51
39.6113,-104.0438,30
42.4927,-72.9454,0
35.0952,-106.3131,20
43.5629,-79.7347,0
37.5748,-101.3522,3
35.1614,-83.3078,0
45.6036,-109.0339,109
41.1623,-81.5037,0
38.7873,-82.9779,0
32.9424,-105.8262,33
42.4334,-122.9869,0
43.0072,-81.5849,0
40.6259,-105.0621,0
38.9669,-95.2967,0
34.4230,-103.1598,445
45.4899,-74.6457,0
45.3608,-63.2682,0
40.7413,-74.4395,0
43.5073,-65.6096,0
39.7674,-78.4844,0
41.9221,-111.8193,0
41.4673,-90.1818,25
41.7084,-87.7539,28
40.7447,-111.8677,0
44.0308,-107.4509,0
45.1613,-109.2911,48
45.0792,-64.2711,0
41.5193,-87.9193,36
44.3320,-70.2685,0
46.4168,-98.7875,28
41.6874,-87.7911,23
34.2024,-78.0948,0
61.6185,-149.1258,0
29.6849,-95.2197,0
44.7045,-64.4566,0
47.2983,-101.6178,23
39.9417,-104.9353,0
39.4722,-105.3913,0
41.3053,-73.1635,0
34.2432,-106.9131,114
36.2184,-81.6720,0
42.9632,-78.8669,0
44.8382,-92.9359,0
35.7373,-83.9132,0
36.2528,-81.9136,0
44.9769,-106.8475,15
46.5824,-90.8839,0
36.3188,-85.5019,0
43.8885,-70.2944,0
44.8122,-106.9763,56
42.8316,-74.1152,3
38.5871,-96.8950,0
35.2293,-103.7264,157
44.9694,-89.6109,13
42.5019,-92.4418,0
40.9519,-74.1577,0
40.9142,-91.4293,28
46.2508,-60.6434,33
44.1964,-88.3307,15
44.5654,-106.9281,86
41.9864,-91.6339,0
38.9433,-119.1916,0
44.7591,-123.2325,0
44.6115,-74.9719,0
45.7086,-61.9024,10
47.8325,-116.7257,28
42.8532,-90.7086,0
46.6218,-112.0420,36
40.5510,-105.0664,0
42.2778,-89.0359,15
39.1692,-85.2361,0
43.8583,-71.2597,0
43.2957,-123.0787,0
44.5014,-68.2208,0
48.0125,-123.1709,0
42.3560,-107.4506,114
45.6907,-109.7173,89
49.9092,-97.0199,76
36.1648,-81.6055,0
44.8567,-93.6864,0
43.1951,-76.2883,30
42.2658,-85.8619,10
34.5360,-92.7651,0
40.0815,-104.9459,0
39.9714,-104.8683,0
53.3290,-106.1377,0
49.4005,-97.3142,112
35.2006,-103.6867,180
41.0413,-93.9805,0
37.5640,-97.5150,76
38.0450,-85.7155,0
45.4400,-105.6100,5
45.6270,-108.9193,66
35.1641,-106.3038,13
32.9502,-105.7337,48
33.9554,-86.5439,0
40.5462,-74.5287,0
44.5859,-76.3048,0
43.7370,-116.7327,0
43.3367,-72.0606,0
42.1139,-88.0178,41
41.9279,-88.4562,28
47.4126,-91.1058,13
33.4958,-101.8935,51
51.5694,-107.2341,51
41.2812,-84.3454,0
40.9234,-73.3305,0
46.2870,-119.3050,0
44.1511,-94.7852,0
41.3719,-92.4975,5
46.9162,-60.4946,53
47.9026,-114.2078,20
42.8538,-88.4355,41
41.8482,-88.3144,0
48.5544,-58.6185,61
45.6968,-108.7337,89
38.1030,-97.8691,28
41.3297,-86.3568,0
48.5629,-110.5596,69
44.0098,-92.9856,0
45.8812,-66.7623,0
41.5401,-90.4492,15
38.6331,-109.4104,0
41.5247,-89.0906,38
40.4697,-106.8139,0
43.0186,-89.2785,18
34.8695,-106.7015,610
38.4193,-107.9422,0
41.7346,-88.2391,23
43.6695,-116.2653,0
43.9873,-81.1033,0
49.8299,-99.9746,76
45.5307,-87.6192,36
41.2855,-104.9058,0
44.0207,-88.7797,25
43.3472,-72.6968,3
31.8142,-93.0856,0
41.8183,-86.3423,28
39.6679,-104.9440,0
45.8359,-108.5221,66
45.9631,-65.9694,0
42.0826,-75.9912,13
35.3620,-85.3797,0
45.6686,-122.6862,0
41.3677,-81.7018,0
41.8040,-91.4891,3
35.1011,-106.2559,33
34.7700,-86.4750,0
40.0488,-76.6948,0
34.4054,-103.2830,325
43.9930,-66.1468,0
44.8492,-88.3472,74
44.8000,-69.1684,0
44.6066,-87.8118,81
42.5430,-114.5525,0
39.2533,-119.8457,0
41.5819,-88.1937,25
30.4144,-97.7664,0
42.4093,-86.0481,18
43.4783,-75.1696,8
40.0905,-104.7986,0
32.7093,-108.2999,51
39.6011,-105.9773,10
38.8592,-96.1058,0
40.3889,-75.9396,0
37.0169,-94.4925,0
39.8926,-86.0824,0
47.3638,-120.2284,0
46.4238,-94.3033,0
42.9542,-81.4349,0
47.9214,-118.9409,0
39.1516,-77.2368,0
34.8050,-86.7619,0
39.9873,-105.1703,0
46.5153,-111.9170,64
44.8344,-93.0358,0
44.7150,-106.7180,36
44.1386,-123.0658,0
48.1810,-117.1712,18
35.3344,-106.4014,0
35.0761,-106.3846,13
49.4587,-97.0062,97
40.0395,-105.3275,0
29.2650,-81.0472,0
46.8818,-64.1973,0
44.5738,-106.9022,74
45.6697,-109.4724,66
34.2456,-102.7247,89
34.9189,-86.7836,0
44.1128,-71.1396,0
34.9619,-106.7084,13
43.3085,-87.9848,33
40.4754,-106.8085,0
34.1109,-109.9003,3
42.4970,-71.7750,0
35.4606,-81.3296,0
45.6357,-110.4331,102
42.4310,-83.3819,3
45.5519,-116.3028,0
48.7176,-118.2049,0
47.7084,-116.8367,38
41.5904,-86.7343,28
41.3139,-105.5774,0
46.9095,-104.0050,10
32.8230,-108.0040,114
39.7866,-77.7253,0
38.9539,-92.3381,0
43.6231,-116.2963,0
42.9880,-85.8103,10
37.3996,-119.7381,0
39.3542,-101.6996,0
24.5695,-81.7559,0
39.6596,-104.8760,0
44.4142,-75.7565,25
44.6658,-70.0272,0
35.6874,-88.8809,0
44.7246,-63.8192,0
35.6283,-108.7928,0
43.7051,-99.3773,0
40.0591,-105.1717,0
44.8126,-106.9580,64
33.6239,-117.6275,0
47.1556,-53.4722,5
44.8913,-93.3141,0
44.2354,-71.7388,0
47.1656,-91.6195,0
62.2272,-150.0731,0
44.2933,-83.6841,41
40.4624,-90.7452,0
41.5090,-71.1590,0
47.0412,-91.7528,5
39.0400,-108.5210,0
41.5828,-70.5803,0
47.9752,-117.6061,8
41.9778,-88.1036,46
45.3825,-63.2281,0
44.0866,-103.3701,0
45.4174,-83.8106,3
44.7586,-72.1168,0
34.8084,-106.6766,127
47.5400,-111.2943,53
44.3541,-66.1026,0
42.8966,-76.6727,0
42.8623,-80.8949,0
48.1077,-114.0643,38
43.5000,-86.4700,5
44.3882,-71.2695,3
44.7584,-108.7769,0
41.6235,-90.3514,15
45.4943,-110.2250,71
40.0177,-105.1288,0
39.1223,-77.8187,0
39.5768,-78.8498,0
43.3194,-88.1681,10
43.8977,-78.8744,0
47.5939,-52.7288,25
44.1138,-115.4306,13
34.8648,-103.2107,168
39.0894,-108.1042,0
45.7360,-107.6020,64
42.3778,-87.9674,23
45.4232,-76.0453,0
46.8849,-60.4629,58
47.7446,-122.5097,0
42.8230,-86.0678,5
36.3783,-103.0243,5
46.1661,-113.0853,41
42.8918,-88.1423,33
40.2647,-87.6656,0
45.6138,-111.0566,71
39.7197,-105.2472,0
47.4669,-121.6806,0
34.1415,-107.8792,0
44.8358,-92.6210,0
42.6602,-73.8103,0
42.1874,-90.0219,13
31.8449,-102.4858,0
38.7338,-120.7110,0
39.4109,-104.2391,23
46.2508,-63.3342,0
46.4877,-108.5135,3
39.4905,-105.5239,0
46.7544,-117.0005,8
44.0397,-92.4375,0
42.9864,-78.8706,0
46.1744,-89.3038,0
37.5960,-107.8144,0
48.5520,-120.1905,0
40.0891,-97.1959,0
39.9513,-105.0329,0
35.0114,-86.8392,0
32.0063,-102.1463,0
45.9689,-94.3772,0
44.9047,-107.1687,23
36.5960,-100.1739,28
37.8339,-87.5840,0
45.0336,-123.4277,0
43.8028,-81.1838,0
41.1877,-89.7728,0
42.8475,-95.7024,0
46.3147,-107.0794,8
35.0685,-106.5956,0
38.0614,-108.9101,0
44.6209,-106.8029,28
46.9386,-90.8349,0
38.7845,-76.0739,0
28.1669,-81.8219,0
39.4819,-106.0325,0
50.1784,-100.4396,69
42.4284,-87.8838,23
40.7134,-74.5785,0
35.8314,-86.4451,0
42.5597,-87.8566,30
41.9950,-75.9650,0
43.5658,-70.9430,0
35.1463,-106.4906,18
32.2529,-80.7350,0
47.0653,-91.6761,8
40.7798,-74.5854,0
46.6068,-114.0124,10
35.1693,-106.4921,76
36.4590,-81.1525,0
