46.7708,-100.7603,1
39.5703,-104.8489,1
44.0511,-101.6011,1
42.0647,-104.1528,1
44.3814,-100.2856,1
41.1519,-104.8061,1
39.3669,-101.7000,1
41.4333,-99.6333,1
44.5169,-108.0822,1
45.5464,-100.4078,1
40.1667,-103.2167,1
44.3981,-98.2231,1
41.8706,-103.5931,1
44.0433,-103.0536,1
46.8369,-92.2097,1
37.6544,-97.4425,1
46.9258,-98.6692,1
40.5100,-101.6200,1
41.6236,-98.9517,1
41.1014,-102.9847,1
39.1894,-103.7158,1
41.9856,-97.4353,1
43.3906,-99.8422,1
44.8831,-93.2289,1
47.9428,-97.1839,1
36.6817,-101.5053,1
45.8069,-108.5422,1
42.0572,-102.8000,1
39.2447,-102.2842,1
44.3814,-106.7211,1
40.6044,-98.4272,1
48.3042,-114.2636,1
40.9611,-98.3136,1
43.7667,-98.0333,1
43.5878,-96.7289,1
46.7708,-100.7603,1
39.5703,-104.8489,1
44.0511,-101.6011,1
42.0647,-104.1528,1
44.3814,-100.2856,1
41.1519,-104.8061,1
39.3669,-101.7000,1
41.4333,-99.6333,1
44.5169,-108.0822,1
45.5464,-100.4078,1
40.1667,-103.2167,1
44.3981,-98.2231,1
41.8706,-103.5931,1
44.0433,-103.0536,1
46.8369,-92.2097,1
37.6544,-97.4425,1
46.9258,-98.6692,1
40.5100,-101.6200,1
41.6236,-98.9517,1
41.1014,-102.9847,1
39.1894,-103.7158,1
41.9856,-97.4353,1
43.3906,-99.8422,1
44.8831,-93.2289,1
47.9428,-97.1839,1
36.6817,-101.5053,1
45.8069,-108.5422,1
42.0572,-102.8000,1
39.2447,-102.2842,1
44.3814,-106.7211,1
40.6044,-98.4272,1
48.3042,-114.2636,1
40.9611,-98.3136,1
43.7667,-98.0333,1
43.5878,-96.7289,1
