33.9228,-118.3342,270
37.6703,-95.4842,220
41.1783,-78.8989,240
36.3189,-119.6289,210
45.0133,-84.7014,250
21.1544,-157.0961,50
44.8889,-116.1017,300
46.1236,-67.7928,330
33.9519,-117.4386,360
38.1417,-76.4292,150
39.2775,-120.7103,50
38.9597,-94.3714,220
47.4667,-87.8833,350
33.4669,-82.0386,150
41.1014,-102.9847,40
42.7461,-86.0967,210
43.5331,-84.0797,220
47.2078,-119.3192,10
42.1908,-71.1736,40
42.5708,-77.7133,130
40.8206,-76.8642,160
38.1847,-84.9033,190
45.6308,-89.4653,260
32.9733,-97.3181,160
64.5500,-149.0717,330
27.4981,-80.3767,90
34.2486,-82.1592,220
26.9172,-81.9914,80
34.0500,-94.4008,150
34.7336,-76.6606,20
29.6222,-95.6564,80
35.5144,-108.7939,190
35.1442,-111.6664,60
30.8356,-85.1839,60
31.5883,-110.3442,330
32.3367,-90.2214,140
25.6475,-80.4331,100
31.3214,-85.4497,100
40.0972,-92.5433,210
39.1333,-86.6167,210
44.8664,-91.4878,300
31.2361,-94.7544,100
40.3300,-75.1225,150
43.9636,-69.7117,180
28.0622,-81.7542,60
42.1578,-72.7161,20
34.6294,-118.0836,80
28.4567,-99.2183,130
42.6650,-83.4181,220
35.8311,-90.6464,210
44.7408,-85.5825,290
34.7000,-77.3833,110
26.2500,-80.1083,60
43.1072,-78.9453,210
35.6950,-101.3950,290
44.5483,-95.0803,310
43.7700,-88.4864,210
44.3394,-105.5419,150
35.2100,-99.1200,160
40.0489,-107.8853,140
40.6239,-74.6694,210
35.8550,-77.8931,210
61.1781,-149.9664,10
44.6500,-73.4667,10
36.8781,-91.9025,220
35.1350,-90.2344,190
45.6689,-96.9914,330
45.5644,-84.7928,250
30.0481,-102.2131,130
39.1019,-121.5678,280
30.7406,-98.2353,100
37.2847,-120.5128,310
46.3583,-104.2500,280
45.1947,-123.1339,120
31.3089,-86.3939,110
27.4014,-82.5586,80
46.1442,-115.5964,350
45.6478,-68.6925,310
41.6264,-80.2150,190
33.6267,-116.1594,340
36.9358,-121.7886,250
41.3275,-72.0494,180
35.6575,-109.0614,170
44.9258,-89.6256,300
29.7333,-85.0333,100
46.4167,-86.6500,340
32.8667,-117.1333,230
35.2325,-75.6219,20
35.1822,-103.6031,270
42.5844,-110.1075,200
33.8281,-116.5053,80
42.5519,-71.7558,140
39.5936,-84.2264,210
38.3306,-96.1897,220
41.4525,-87.0058,210
34.1167,-119.1167,290
41.2731,-111.0306,70
34.7436,-118.7242,80
40.4122,-86.9369,200
32.7667,-97.4500,130
32.7100,-96.2672,150
33.6800,-117.8664,190
36.9878,-120.1106,240
38.3000,-76.4167,220
30.3489,-85.7881,30
37.3031,-108.6275,130
36.3333,-119.9500,80
39.1258,-123.2008,320
44.0219,-82.7931,260
18.4325,-66.0108,70
43.3497,-76.3847,120
39.6428,-79.9164,190
44.6381,-90.1875,320
46.9258,-98.6692,300
46.4267,-105.8825,150
36.7414,-104.5022,30
57.0481,-135.3647,160
42.5842,-70.9175,30
39.3792,-74.4242,210
32.0311,-96.3989,150
34.1853,-79.7239,10
70.1917,-148.4772,60
47.2675,-122.5761,230
39.2956,-80.2289,210
30.0375,-91.8839,100
40.2172,-76.8514,160
34.3478,-85.1611,60
31.4156,-87.0442,120
39.2292,-106.3169,170
41.2531,-70.0608,250
42.8050,-72.0036,200
39.4900,-121.6183,310
33.2061,-97.1989,160
44.2033,-72.5794,40
40.4953,-107.5211,240
41.8031,-78.6403,200
44.3814,-106.7211,160
33.1281,-117.2794,260
45.6208,-122.6572,320
37.4058,-122.0481,360
31.3500,-85.6667,110
44.0511,-101.6011,350
35.8517,-97.4142,180
44.9358,-74.8458,40
39.4167,-118.7167,10
34.6525,-86.9453,140
43.7667,-98.0333,330
33.2194,-117.3494,240
42.2333,-83.5333,210
64.3267,-158.7417,40
34.9869,-81.0575,240
34.8831,-82.2203,210
43.6264,-72.3047,30
45.0319,-102.0192,330
30.4636,-88.5319,140
47.4933,-122.2144,260
36.9839,-77.0075,250
30.4000,-86.4717,80
35.9403,-89.8308,230
28.0836,-97.0464,100
40.0781,-83.0781,180
44.5344,-72.6144,30
35.0678,-77.0481,90
33.9706,-80.9958,310
30.4781,-87.1869,190
39.9444,-81.8922,190
41.7872,-111.8533,140
36.3689,-92.4703,190
27.5333,-99.4667,100
28.4736,-82.4544,60
33.9753,-117.6361,250
43.9658,-107.9508,170
41.7419,-72.1836,190
44.0206,-117.0128,250
41.3375,-84.4289,220
36.7436,-108.2292,80
26.2281,-97.6542,80
40.8289,-115.7886,250
61.5961,-149.0917,350
41.7700,-88.4814,230
30.7825,-83.2767,60
42.5417,-113.7661,240
41.0136,-83.6686,200
43.7331,-103.6114,200
40.3547,-79.9217,190
36.9500,-76.2833,220
34.6081,-79.0592,260
31.1828,-90.4708,140
41.7781,-80.6958,210
41.5333,-71.2833,150
38.6892,-75.3592,230
32.6808,-96.8681,140
41.5175,-81.6836,180
27.5000,-97.8167,80
26.1839,-98.2539,90
38.9286,-90.4281,220
39.8250,-86.2958,220
44.3206,-69.7972,20
46.7439,-117.1086,90
41.4333,-99.6333,10
35.5931,-88.9167,220
45.8258,-119.2611,190
34.5467,-93.5781,180
43.0206,-102.5183,10
40.5100,-101.6200,30
41.3714,-73.4828,180
30.5069,-86.9597,170
38.7550,-109.7542,310
59.4556,-135.3239,310
35.6697,-120.6283,90
36.7683,-96.0261,220
38.4167,-113.0167,340
29.3331,-89.4075,100
38.8317,-94.8897,210
24.7258,-81.0517,60
43.3436,-72.5178,120
13.4836,144.7961,240
41.6236,-98.9517,350
37.2622,-104.3378,270
41.2003,-74.6231,160
45.0619,-93.3508,330
40.3161,-78.8339,200
70.2117,-151.0017,40
36.6817,-101.5053,80
47.6831,-117.3214,70
34.2097,-118.4892,30
47.7472,-90.3444,80
42.1244,-86.4267,250
42.4167,-87.8667,220
32.5161,-84.9422,90
60.5797,-151.2392,40
28.5453,-81.3331,110
41.7361,-72.6506,160
29.5189,-95.2417,110
60.1283,-149.4167,360
36.9261,-111.4478,70
29.3600,-99.1742,130
35.2578,-93.0947,90
43.9906,-70.9475,110
39.2231,-106.8683,160
45.8183,-88.1144,290
34.9894,-99.0525,150
55.3567,-131.7117,140
42.6958,-73.1708,250
34.0561,-117.6003,220
40.1606,-113.3508,70
39.3667,-75.0667,260
34.2008,-119.2069,230
40.2769,-74.8158,210
33.6361,-91.7556,110
60.7850,-148.8389,280
32.7817,-98.0603,130
42.6425,-77.0564,210
39.5264,-107.7264,260
59.7494,-154.9089,350
41.5097,-72.8278,170
35.9333,-79.0642,160
30.7797,-86.5225,70
44.5444,-110.4211,300
41.6686,-70.2800,340
46.9728,-123.9303,280
37.3208,-79.2067,200
41.7803,-124.2367,340
24.5833,-81.6833,80
45.5114,-118.4247,30
36.6206,-116.0278,20
38.3083,-75.1239,190
46.5486,-90.9189,250
41.8756,-71.0211,360
29.7036,-98.0281,130
42.2228,-83.7444,230
62.9614,-141.9292,150
40.1667,-103.2167,20
39.1353,-96.6778,220
18.2550,-65.6408,160
26.5361,-81.7550,90
26.5850,-81.8614,80
34.8536,-116.7858,10
70.6392,-159.9950,70
30.0675,-95.5561,120
30.7044,-87.0231,140
34.7675,-114.6189,360
44.9047,-97.1494,320
27.6833,-97.2833,100
42.8914,-73.2469,220
41.5631,-83.4764,220
33.6186,-114.7142,340
46.2667,-119.1167,10
38.0494,-103.5122,60
30.3433,-89.8222,140
42.1128,-92.9175,260
36.0097,-94.1694,210
33.7792,-84.5214,330
29.1097,-95.4619,90
37.7797,-89.2497,210
34.4258,-119.8425,260
37.7081,-77.4344,200
35.6169,-106.0889,250
31.1500,-92.9667,30
46.4047,-94.1308,290
46.0139,-102.6547,300
39.8344,-88.8656,220
39.7333,-77.4333,280
48.7167,-94.6000,320
38.9503,-95.6639,220
42.2347,-85.5519,210
34.0511,-118.2353,270
39.1894,-103.7158,30
37.1431,-107.7597,140
37.7086,-113.0944,60
37.0872,-84.0769,240
43.8339,-111.8045,40
45.8678,-95.3942,300
41.1078,-92.4467,220
35.6875,-117.6931,320
67.7317,-164.5483,70
38.1386,-78.4530,30
28.1011,-80.6439,70
47.3864,-92.8389,290
47.5303,-122.3008,270
45.6983,-110.4408,240
40.1203,-76.2944,160
43.9922,-76.0217,50
39.6092,-110.7547,30
45.5464,-100.4078,320
37.0911,-95.5664,190
31.4000,-93.2833,180
31.8456,-86.6108,110
30.6264,-88.0681,70
38.2281,-85.6636,230
36.0394,-95.9844,200
35.0169,-80.6206,230
44.9319,-93.0556,310
37.2839,-98.5528,320
34.1750,-91.9347,110
40.0819,-75.0111,240
28.8208,-81.8097,50
35.2578,-113.9331,330
41.7636,-96.1778,330
34.9914,-78.8803,230
64.7767,-141.1483,360
38.8500,-94.7392,210
31.5356,-84.1944,90
30.2333,-81.6667,40
40.8764,-74.2831,190
31.8311,-104.8089,250
43.2339,-75.4117,110
34.8822,-95.7831,210
42.1094,-77.9919,240
47.1686,-88.4889,280
43.4075,-94.7461,320
31.3347,-92.5586,120
47.2856,-68.3133,290
47.2767,-121.3372,310
48.5222,-123.0231,200
42.7972,-105.3856,130
30.0494,-90.0289,90
42.4092,-83.0100,220
34.7272,-92.2389,250
47.6458,-101.4394,320
40.0228,-82.4625,170
31.0425,-86.3117,50
31.9514,-85.1289,80
34.0158,-118.4514,220
47.2381,-123.1408,240
33.4617,-80.8581,40
37.3278,-95.5042,210
21.4500,-157.7833,50
30.9119,-102.9167,150
43.7694,-87.8506,240
34.7411,-118.2117,60
46.5311,-87.5483,270
41.3119,-105.6747,150
40.8500,-74.0614,170
40.2064,-100.5914,30
39.5703,-104.8489,350
56.6000,-169.5650,320
35.2372,-120.6414,310
43.0661,-108.4767,360
37.1319,-76.4930,240
37.3592,-121.9239,330
43.1644,-95.2017,330
35.6567,-95.3614,190
40.7342,-73.4169,190
47.9078,-122.2803,240
36.5881,-121.8453,300
30.4000,-81.4167,30
31.4208,-110.8458,220
39.3644,-84.5247,190
41.0669,-73.7075,160
31.1522,-81.3908,50
41.3931,-70.6150,290
27.9106,-82.6875,70
34.1231,-84.8486,10
41.2639,-72.8872,140
41.1389,-75.3794,270
35.5342,-97.6469,170
41.3325,-122.3328,280
45.6044,-103.5464,310
42.3075,-85.2511,220
31.3558,-85.7511,40
36.5728,-79.3361,210
37.2833,-102.6139,190
42.7172,-71.1239,80
35.6542,-105.1419,10
30.2050,-91.9875,140
34.2719,-83.8303,290
41.6117,-90.5808,240
34.2900,-93.0600,190
42.4272,-73.2892,280
31.9206,-102.3867,150
37.6928,-121.8144,260
33.5872,-85.8556,50
34.5583,-98.4172,160
40.3667,-75.9667,240
30.3208,-97.7603,100
38.5039,-122.8103,260
48.2553,-101.2733,300
45.6194,-121.1661,320
39.4203,-83.8217,220
42.4700,-71.2894,100
41.1961,-112.0114,60
35.1967,-81.1558,260
40.2964,-78.3203,200
32.3500,-91.0278,70
26.1522,-81.7753,70
34.9000,-76.8833,30
38.6956,-121.5897,250
36.8167,-76.0333,140
30.8458,-85.6014,40
28.7797,-81.2436,60
38.5050,-107.8975,100
36.0236,-84.2375,250
47.3258,-106.9475,210
33.2367,-107.2681,10
41.3497,-71.7989,180
26.1658,-97.3458,100
44.3675,-71.5450,160
38.2103,-122.2847,210
42.5950,-87.9381,250
44.5761,-71.1786,320
37.1681,-97.0369,210
41.4914,-120.5644,130
19.7356,-156.0489,80
41.1519,-104.8061,30
32.2622,-107.7206,170
43.9844,-88.5569,220
43.5164,-112.0672,20
38.9833,-76.4667,90
42.4819,-114.4869,180
31.8606,-86.0122,50
36.1625,-97.0894,190
25.9989,-80.2411,70
48.7939,-122.5372,180
18.3331,-64.9667,130
38.5911,-92.1558,250
45.2486,-122.7686,350
38.5000,-77.3000,300
46.0261,-91.4442,280
48.1203,-123.4983,240
40.9781,-124.1086,330
41.0467,-78.4117,210
44.1708,-114.9272,340
33.6228,-111.9106,10
39.4519,-87.3089,220
43.1561,-90.6775,230
42.0647,-104.1528,340
41.6267,-73.8842,260
41.9922,-93.6217,250
33.0375,-116.9158,270
44.5228,-114.2150,160
43.4133,-124.2436,360
43.3906,-99.8422,320
39.0083,-95.2117,210
39.1208,-94.5969,210
33.6883,-112.0817,360
40.7789,-73.9692,240
21.3167,-158.0667,340
40.4719,-81.4236,170
38.5714,-90.1572,220
37.2253,-89.5706,220
42.5700,-72.2911,330
44.4983,-88.1111,280
39.9492,-74.8417,240
34.6719,-82.8864,190
38.8761,-98.8092,20
39.3450,-81.4392,200
33.8117,-78.7239,30
37.7064,-112.1456,40
42.0572,-102.8000,10
37.2958,-81.2078,280
38.0653,-97.8606,20
55.5800,-133.0750,170
33.8750,-84.3022,360
32.5500,-88.5667,70
33.1803,-96.5903,170
41.7806,-122.4717,140
42.4933,-79.2722,200
15.1167,145.7167,260
33.2208,-92.8142,100
39.1033,-84.4189,200
29.3783,-100.9269,100
44.5169,-108.0822,160
45.4622,-69.5953,320
45.7728,-122.8611,300
41.5944,-109.0528,60
35.9461,-112.1547,30
39.9181,-76.8742,150
40.8731,-81.8867,210
38.7642,-87.6056,240
46.9006,-95.0678,290
36.7725,-90.3247,240
44.8322,-93.4706,300
42.7267,-114.4564,90
47.0339,-120.5303,320
38.8000,-97.6500,190
28.7247,-96.2536,190
40.4422,-109.5144,40
42.1594,-76.8919,210
30.5108,-99.7664,180
43.2389,-123.3547,10
44.8428,-117.8086,100
29.6333,-83.1053,60
41.7861,-87.7522,250
34.5183,-109.3792,250
37.7461,-97.2211,200
36.2833,-94.3000,230
30.5372,-91.1469,100
38.7042,-93.1833,240
39.5781,-85.8033,210
32.6500,-114.6167,360
27.7628,-82.6261,70
37.9272,-100.7247,70
41.8678,-84.0794,230
47.3978,-120.2014,310
39.2447,-102.2842,40
42.6003,-123.3642,350
41.3461,-82.1794,230
37.1467,-94.5022,220
60.4889,-145.4511,70
40.6161,-83.0636,200
42.2667,-84.4667,210
48.4608,-119.5167,180
40.2383,-75.5572,170
31.7800,-103.2017,120
31.6072,-110.4281,320
41.5092,-74.2650,210
42.1469,-121.7242,220
41.6328,-91.5431,250
34.4978,-82.7097,250
41.0731,-71.9233,230
34.2675,-77.8997,30
43.1544,-93.3269,320
45.5511,-122.4089,320
42.1208,-87.9047,260
39.4781,-88.2803,210
36.1336,-80.2222,240
30.3567,-95.4139,150
42.9333,-71.4383,100
59.2433,-135.5094,60
31.3928,-92.2956,120
32.6636,-97.0939,100
34.6517,-112.4208,80
42.5906,-117.8644,140
41.9097,-70.7294,350
35.0028,-105.6628,250
44.3592,-89.8369,330
33.2119,-87.6161,60
40.7083,-84.0267,240
33.3633,-84.5658,130
33.8719,-117.9789,200
32.3336,-104.2581,80
45.5406,-122.9486,320
30.7439,-95.5861,110
32.7000,-117.2000,240
40.6044,-98.4272,20
25.9069,-80.2803,60
34.2006,-118.3575,10
39.4019,-77.9844,170
47.0492,-109.4578,190
41.6764,-70.9583,140
43.2119,-90.1814,220
40.1764,-80.6472,180
32.6261,-116.4681,230
32.5428,-93.7450,160
29.3389,-98.4719,120
38.0700,-102.6881,50
32.4833,-80.7167,30
34.3622,-98.9761,130
39.7556,-82.6572,190
32.8167,-115.6833,350
32.5156,-92.0406,70
40.2342,-85.3936,240
46.0947,-118.2869,280
39.8233,-93.5792,200
40.0397,-88.2778,200
34.7442,-87.5997,50
45.7881,-111.1608,180
38.3775,-121.9575,340
41.9144,-88.2464,240
32.3542,-95.4025,130
34.2167,-119.0833,90
59.4433,-151.7017,20
40.0681,-118.5692,20
38.0511,-117.0903,280
32.8342,-115.5786,350
34.7917,-79.3661,240
61.2169,-149.8550,340
40.0803,-95.5919,270
36.2117,-115.1958,340
40.8436,-72.6322,210
41.0089,-74.7367,220
17.7028,-64.8056,110
32.8192,-97.3614,120
47.4569,-115.6450,240
44.3853,-74.2067,70
39.7078,-77.7297,270
48.0944,-105.5744,230
33.4050,-118.4158,260
41.6875,-69.9933,240
38.6572,-90.6558,220
40.6331,-93.9019,230
42.8375,-103.0953,190
33.4536,-94.0075,130
32.5722,-116.9794,290
37.7214,-122.2208,270
36.9647,-86.4239,220
42.7611,-87.8136,220
66.0689,-162.7639,40
27.7411,-98.0247,120
41.5272,-85.7922,200
41.0375,-81.4642,200
37.6242,-120.9506,80
43.2781,-70.9222,110
38.7667,-104.3000,10
32.8158,-117.1394,250
26.1969,-80.1708,50
40.8217,-72.8689,190
30.7167,-87.0167,70
