32.5667,-117.1167,63
40.2342,-85.3936,89
30.0494,-90.0289,94
43.9906,-70.9475,54
45.6194,-121.1661,72
47.2767,-121.3372,40
32.3367,-90.2214,67
32.6500,-114.6167,94
37.1431,-107.7597,103
30.0481,-102.2131,103
34.2675,-77.8997,45
45.2486,-122.7686,36
34.2008,-119.2069,76
35.2372,-120.6414,94
28.8208,-81.8097,94
43.0661,-108.4767,54
64.7767,-141.1483,27
41.6117,-90.5808,107
37.2253,-89.5706,67
27.4981,-80.3767,103
40.4122,-86.9369,89
38.9286,-90.4281,72
34.8822,-95.7831,63
35.0169,-80.6206,40
38.3000,-76.4167,58
36.2117,-115.1958,94
41.3461,-82.1794,89
40.9781,-124.1086,76
37.7461,-97.2211,76
41.7806,-122.4717,36
33.0375,-116.9158,76
32.5722,-116.9794,63
36.0097,-94.1694,81
42.5950,-87.9381,107
47.2856,-68.3133,94
34.1750,-91.9347,67
43.0206,-102.5183,76
39.7333,-77.4333,31
39.8233,-93.5792,63
43.5164,-112.0672,45
36.0394,-95.9844,72
29.7333,-85.0333,72
34.4258,-119.8425,58
43.9922,-76.0217,63
41.6764,-70.9583,54
42.2333,-83.5333,103
31.3214,-85.4497,58
36.7414,-104.5022,81
41.2531,-70.0608,67
41.5272,-85.7922,103
31.3558,-85.7511,45
44.3592,-89.8369,94
37.3278,-95.5042,63
41.6264,-80.2150,63
60.1283,-149.4167,98
43.9658,-107.9508,63
42.2667,-84.4667,98
35.1442,-111.6664,67
61.2169,-149.8550,31
40.0397,-88.2778,103
64.5500,-149.0717,31
26.2500,-80.1083,94
36.9839,-77.0075,45
48.4608,-119.5167,58
40.0681,-118.5692,40
21.4500,-157.7833,76
38.8761,-98.8092,98
30.0675,-95.5561,76
44.3394,-105.5419,72
41.0089,-74.7367,54
34.0511,-118.2353,40
37.9272,-100.7247,94
39.3792,-74.4242,49
26.5361,-81.7550,98
37.2839,-98.5528,58
39.5703,-104.8489,76
64.3267,-158.7417,63
44.0511,-101.6011,76
40.7789,-73.9692,54
44.5344,-72.6144,36
34.9894,-99.0525,116
36.3189,-119.6289,36
40.0803,-95.5919,76
41.9097,-70.7294,54
46.7439,-117.1086,72
42.6958,-73.1708,58
29.3389,-98.4719,103
42.6425,-77.0564,45
42.0647,-104.1528,67
41.1519,-104.8061,76
44.3853,-74.2067,36
33.6267,-116.1594,76
40.4422,-109.5144,63
34.0500,-94.4008,40
41.6686,-70.2800,58
33.6228,-111.9106,54
33.6361,-91.7556,54
59.7494,-154.9089,54
39.4519,-87.3089,81
37.0911,-95.5664,67
30.0375,-91.8839,76
42.1469,-121.7242,31
32.3542,-95.4025,67
41.4525,-87.0058,103
37.7214,-122.2208,72
37.2833,-102.6139,98
45.7728,-122.8611,31
40.8764,-74.2831,45
34.6517,-112.4208,72
33.8117,-78.7239,45
45.6689,-96.9914,139
42.5519,-71.7558,31
32.5428,-93.7450,76
41.2639,-72.8872,45
34.2006,-118.3575,81
47.5303,-122.3008,40
38.5050,-107.8975,81
45.5511,-122.4089,36
42.1094,-77.9919,67
41.6328,-91.5431,81
33.2119,-87.6161,45
34.9869,-81.0575,36
40.8436,-72.6322,58
41.0731,-71.9233,45
41.3375,-84.4289,98
36.3333,-119.9500,45
39.9444,-81.8922,72
33.4050,-118.4158,63
34.6294,-118.0836,81
31.4208,-110.8458,67
37.3031,-108.6275,81
39.2292,-106.3169,89
44.5483,-95.0803,94
29.7036,-98.0281,112
33.8750,-84.3022,31
40.8217,-72.8689,45
42.4092,-83.0100,89
32.2622,-107.7206,94
35.6169,-106.0889,139
30.3208,-97.7603,72
40.0489,-107.8853,76
41.5944,-109.0528,116
35.5931,-88.9167,67
42.7611,-87.8136,103
41.5631,-83.4764,112
46.0947,-118.2869,36
39.3450,-81.4392,67
32.3500,-91.0278,58
32.9733,-97.3181,76
27.5333,-99.4667,112
30.7797,-86.5225,58
38.6956,-121.5897,58
48.0944,-105.5744,72
33.9519,-117.4386,72
48.2553,-101.2733,103
41.4333,-99.6333,116
38.8000,-97.6500,76
31.3347,-92.5586,72
45.0133,-84.7014,103
42.7461,-86.0967,116
27.9106,-82.6875,67
42.1128,-92.9175,157
30.4781,-87.1869,67
29.1097,-95.4619,89
40.1203,-76.2944,40
43.4075,-94.7461,89
44.6381,-90.1875,103
32.7667,-97.4500,76
38.4167,-113.0167,94
46.4167,-86.6500,107
47.9078,-122.2803,54
38.7642,-87.6056,89
45.8183,-88.1144,116
37.7086,-113.0944,72
40.2064,-100.5914,107
46.4267,-105.8825,72
40.6331,-93.9019,67
33.6800,-117.8664,58
41.5333,-71.2833,40
28.4736,-82.4544,81
17.7028,-64.8056,45
48.5222,-123.0231,31
40.6161,-83.0636,94
39.4019,-77.9844,36
42.4167,-87.8667,107
70.6392,-159.9950,107
37.2958,-81.2078,54
32.3336,-104.2581,143
26.9172,-81.9914,89
32.8342,-115.5786,58
31.9514,-85.1289,58
34.7442,-87.5997,40
33.4669,-82.0386,36
35.9333,-79.0642,31
45.1947,-123.1339,36
18.3331,-64.9667,54
41.8678,-84.0794,103
44.3675,-71.5450,45
41.1078,-92.4467,72
36.1625,-97.0894,67
43.7700,-88.4864,81
46.0261,-91.4442,72
41.5175,-81.6836,98
40.4719,-81.4236,63
24.5833,-81.6833,94
41.5092,-74.2650,63
36.8167,-76.0333,67
18.2550,-65.6408,58
34.1853,-79.7239,31
25.9069,-80.2803,94
47.0492,-109.4578,40
36.7683,-96.0261,63
31.4156,-87.0442,58
42.3075,-85.2511,98
43.5331,-84.0797,94
36.9878,-120.1106,45
41.1389,-75.3794,63
38.7550,-109.7542,40
40.2383,-75.5572,40
35.5144,-108.7939,134
33.9706,-80.9958,27
34.2167,-119.0833,81
48.1203,-123.4983,63
26.1522,-81.7753,89
44.5169,-108.0822,54
38.6572,-90.6558,72
34.2900,-93.0600,40
32.8167,-115.6833,67
28.0622,-81.7542,103
44.8428,-117.8086,63
39.7556,-82.6572,81
30.4000,-81.4167,94
35.2578,-93.0947,40
18.4325,-66.0108,76
31.6072,-110.4281,72
37.2622,-104.3378,76
40.2769,-74.8158,40
47.3258,-106.9475,94
46.5486,-90.9189,107
55.5800,-133.0750,76
32.8158,-117.1394,63
47.4933,-122.2144,45
35.1822,-103.6031,103
40.8289,-115.7886,63
39.4781,-88.2803,76
21.3167,-158.0667,54
59.4556,-135.3239,27
30.9119,-102.9167,98
39.1258,-123.2008,54
37.7064,-112.1456,72
44.9047,-97.1494,112
45.5464,-100.4078,116
40.1667,-103.2167,98
33.7792,-84.5214,27
60.7850,-148.8389,40
31.8606,-86.0122,54
45.0319,-102.0192,98
35.5342,-97.6469,94
13.4836,144.7961,76
47.2675,-122.5761,40
34.8831,-82.2203,40
31.8311,-104.8089,157
47.6831,-117.3214,27
39.1333,-86.6167,72
35.8550,-77.8931,45
35.0028,-105.6628,130
39.9181,-76.8742,36
67.7317,-164.5483,107
39.6428,-79.9164,45
30.6264,-88.0681,72
36.6206,-116.0278,98
42.8375,-103.0953,54
28.7247,-96.2536,107
46.0139,-102.6547,63
38.3083,-75.1239,45
42.8914,-73.2469,40
30.5069,-86.9597,67
37.1319,-76.4930,45
26.1839,-98.2539,103
44.7408,-85.5825,103
41.7361,-72.6506,45
38.3306,-96.1897,89
43.4133,-124.2436,72
34.2719,-83.8303,36
41.8706,-103.5931,45
43.8339,-111.8045,31
39.8344,-88.8656,94
37.6928,-121.8144,63
39.5936,-84.2264,81
41.2003,-74.6231,45
37.1467,-94.5022,89
32.6261,-116.4681,76
39.1033,-84.4189,72
40.1764,-80.6472,67
30.7044,-87.0231,63
37.7081,-77.4344,45
32.7817,-98.0603,94
39.4900,-121.6183,76
46.9258,-98.6692,130
34.9000,-76.8833,40
42.8050,-72.0036,36
41.3931,-70.6150,54
44.4983,-88.1111,107
39.3667,-75.0667,40
37.0872,-84.0769,40
34.0158,-118.4514,67
31.3928,-92.2956,63
41.5097,-72.8278,63
42.5906,-117.8644,45
32.4833,-80.7167,63
41.6875,-69.9933,36
30.8458,-85.6014,54
43.1544,-93.3269,103
37.6242,-120.9506,67
34.7000,-77.3833,45
38.1386,-78.4530,45
26.2281,-97.6542,116
29.3783,-100.9269,112
35.9403,-89.8308,81
34.4978,-82.7097,36
39.5781,-85.8033,81
46.1442,-115.5964,22
40.5100,-101.6200,98
70.1917,-148.4772,134
44.1708,-114.9272,31
41.3119,-105.6747,107
43.2781,-70.9222,45
42.4819,-114.4869,54
30.3489,-85.7881,63
59.4433,-151.7017,31
32.5156,-92.0406,58
33.2367,-107.2681,81
32.6808,-96.8681,72
30.3433,-89.8222,72
40.6239,-74.6694,36
31.8456,-86.6108,58
32.7100,-96.2672,67
42.5417,-113.7661,40
35.0678,-77.0481,31
38.0494,-103.5122,98
30.8356,-85.1839,67
44.0206,-117.0128,36
55.3567,-131.7117,94
59.2433,-135.5094,103
41.0375,-81.4642,72
36.9358,-121.7886,45
39.3644,-84.5247,58
38.5911,-92.1558,63
47.0339,-120.5303,98
45.8258,-119.2611,36
47.4667,-87.8833,170
30.7406,-98.2353,89
36.7436,-108.2292,107
48.7939,-122.5372,31
38.9597,-94.3714,81
34.3622,-98.9761,98
39.2231,-106.8683,89
15.1167,145.7167,112
47.2078,-119.3192,40
40.8097,-124.1603,45
41.6236,-98.9517,98
38.2281,-85.6636,58
41.1014,-102.9847,98
46.1236,-67.7928,72
40.7083,-84.0267,98
40.8500,-74.0614,58
38.5000,-77.3000,36
34.8536,-116.7858,98
39.1894,-103.7158,81
33.1281,-117.2794,58
31.1500,-92.9667,36
29.6333,-83.1053,58
43.7694,-87.8506,89
36.5881,-121.8453,58
30.5108,-99.7664,125
31.1828,-90.4708,58
41.7781,-80.6958,72
32.5500,-88.5667,63
34.5467,-93.5781,40
37.6703,-95.4842,72
35.2578,-113.9331,112
45.6478,-68.6925,72
34.7336,-76.6606,54
28.5453,-81.3331,107
43.1561,-90.6775,94
26.5850,-81.8614,81
41.7419,-72.1836,58
56.6000,-169.5650,76
38.7667,-104.3000,103
41.9922,-93.6217,143
34.7436,-118.7242,94
42.6003,-123.3642,89
33.8281,-116.5053,58
48.7167,-94.6000,98
40.4953,-107.5211,63
38.5714,-90.1572,54
47.3864,-92.8389,94
45.8678,-95.3942,107
42.2228,-83.7444,81
42.1244,-86.4267,98
37.3208,-79.2067,40
39.2775,-120.7103,76
43.9636,-69.7117,40
35.6575,-109.0614,134
43.3906,-99.8422,98
35.1350,-90.2344,76
30.7439,-95.5861,45
39.0083,-95.2117,89
34.7675,-114.6189,67
39.8250,-86.2958,67
44.6500,-73.4667,58
34.2097,-118.4892,81
41.4914,-120.5644,40
30.3567,-95.4139,72
33.4617,-80.8581,36
38.8317,-94.8897,81
43.6264,-72.3047,27
34.6719,-82.8864,27
32.5161,-84.9422,54
41.3714,-73.4828,63
36.9647,-86.4239,58
39.1208,-94.5969,76
26.1658,-97.3458,112
36.9261,-111.4478,67
39.5264,-107.7264,76
35.8311,-90.6464,76
41.9144,-88.2464,103
41.8756,-71.0211,31
46.4047,-94.1308,94
27.4014,-82.5586,89
34.1167,-119.1167,76
35.2100,-99.1200,103
35.6567,-95.3614,72
44.8322,-93.4706,98
34.9914,-78.8803,36
35.2325,-75.6219,45
45.5644,-84.7928,125
47.7472,-90.3444,112
34.7272,-92.2389,54
42.6650,-83.4181,72
36.2833,-94.3000,72
33.5872,-85.8556,45
38.1847,-84.9033,67
43.2119,-90.1814,76
33.8719,-117.9789,45
47.1686,-88.4889,161
40.0819,-75.0111,40
43.3497,-76.3847,27
40.8731,-81.8867,67
25.9989,-80.2411,98
31.3500,-85.6667,54
39.4203,-83.8217,89
38.0511,-117.0903,94
34.7917,-79.3661,36
26.1969,-80.1708,103
36.6817,-101.5053,89
45.6983,-110.4408,98
36.0236,-84.2375,27
44.5761,-71.1786,45
30.7825,-83.2767,63
27.7628,-82.6261,89
37.1681,-97.0369,81
40.1606,-113.3508,103
30.2050,-91.9875,54
31.0425,-86.3117,54
30.5372,-91.1469,76
43.1644,-95.2017,94
62.9614,-141.9292,13
57.0481,-135.3647,112
42.9333,-71.4383,45
46.3583,-104.2500,67
39.9492,-74.8417,40
41.7803,-124.2367,94
33.4536,-94.0075,63
47.6458,-101.4394,112
45.6044,-103.5464,72
42.5700,-72.2911,22
60.4889,-145.4511,40
45.4622,-69.5953,58
32.6636,-97.0939,72
31.2361,-94.7544,72
42.4933,-79.2722,89
40.0781,-83.0781,89
42.5844,-110.1075,40
60.5797,-151.2392,27
46.2667,-119.1167,36
39.4167,-118.7167,54
42.4700,-71.2894,45
38.2103,-122.2847,67
33.9753,-117.6361,76
44.5228,-114.2150,36
37.4058,-122.0481,81
32.0311,-96.3989,76
39.1353,-96.6778,72
33.3633,-84.5658,40
41.6267,-73.8842,45
31.3089,-86.3939,58
35.6875,-117.6931,98
34.5183,-109.3792,98
41.1783,-78.8989,63
42.0572,-102.8000,81
45.5406,-122.9486,63
38.6892,-75.3592,58
28.4567,-99.2183,116
40.0972,-92.5433,76
42.1208,-87.9047,94
38.9833,-76.4667,54
47.4569,-115.6450,40
34.6081,-79.0592,31
41.7700,-88.4814,98
38.9503,-95.6639,72
32.8547,-109.6353,45
36.9500,-76.2833,40
31.5883,-110.3442,89
40.7342,-73.4169,54
36.7725,-90.3247,58
33.1803,-96.5903,67
45.0619,-93.3508,103
34.7411,-118.2117,72
33.2208,-92.8142,63
40.8206,-76.8642,40
33.9228,-118.3342,72
36.8781,-91.9025,63
39.2447,-102.2842,89
34.0561,-117.6003,76
19.7356,-156.0489,63
43.2389,-123.3547,40
29.3331,-89.4075,81
35.6950,-101.3950,81
44.8889,-116.1017,40
42.1594,-76.8919,40
39.1019,-121.5678,58
41.3325,-122.3328,40
31.5356,-84.1944,58
42.7172,-71.1239,45
40.0228,-82.4625,76
44.3814,-106.7211,103
42.1908,-71.1736,36
44.2033,-72.5794,36
42.7972,-105.3856,89
66.0689,-162.7639,72
41.2731,-111.0306,76
29.5189,-95.2417,89
39.7078,-77.7297,36
45.6308,-89.4653,125
35.9461,-112.1547,63
41.3275,-72.0494,40
41.0669,-73.7075,45
41.7872,-111.8533,72
21.1544,-157.0961,76
47.2381,-123.1408,89
37.3592,-121.9239,67
45.5114,-118.4247,36
42.4272,-73.2892,36
38.0700,-102.6881,98
43.9844,-88.5569,81
34.6525,-86.9453,45
32.8192,-97.3614,81
33.2194,-117.3494,63
44.9319,-93.0556,103
40.3161,-78.8339,58
35.6697,-120.6283,58
61.5961,-149.0917,40
38.0653,-97.8606,67
41.0467,-78.4117,58
40.6044,-98.4272,107
42.5708,-77.7133,54
61.1781,-149.9664,40
32.7000,-117.2000,58
28.1011,-80.6439,103
31.7800,-103.2017,103
31.9206,-102.3867,125
25.6475,-80.4331,107
42.1578,-72.7161,31
33.6186,-114.7142,45
40.3667,-75.9667,40
47.3978,-120.2014,54
45.7881,-111.1608,45
27.7411,-98.0247,107
35.8517,-97.4142,67
40.3547,-79.9217,72
35.1967,-81.1558,36
29.3600,-99.1742,112
27.5000,-97.8167,112
33.2061,-97.1989,76
43.7331,-103.6114,45
30.7167,-87.0167,58
38.8500,-94.7392,72
41.1961,-112.0114,81
40.3300,-75.1225,31
30.2333,-81.6667,98
41.3497,-71.7989,63
41.7861,-87.7522,98
40.2172,-76.8514,36
27.6833,-97.2833,107
42.5842,-70.9175,45
43.3436,-72.5178,31
44.0219,-82.7931,63
44.3206,-69.7972,58
40.2964,-78.3203,54
38.7042,-93.1833,98
70.2117,-151.0017,116
38.3775,-121.9575,89
33.6883,-112.0817,76
30.4000,-86.4717,58
34.5583,-98.4172,89
32.8667,-117.1333,58
36.5728,-79.3361,31
37.2847,-120.5128,45
38.5039,-122.8103,67
43.7667,-98.0333,107
31.4000,-93.2833,45
45.6208,-122.6572,40
37.7797,-89.2497,72
34.3478,-85.1611,36
43.2339,-75.4117,36
44.9258,-89.6256,116
39.6092,-110.7547,72
30.4636,-88.5319,58
29.6222,-95.6564,58
39.2956,-80.2289,54
28.0836,-97.0464,103
42.2347,-85.5519,98
35.6542,-105.1419,107
46.9006,-95.0678,125
36.1336,-80.2222,36
28.7797,-81.2436,89
43.1072,-78.9453,72
41.7636,-96.1778,103
34.1231,-84.8486,31
36.3689,-92.4703,45
44.8664,-91.4878,103
24.7258,-81.0517,94
42.7267,-114.4564,45
38.1417,-76.4292,36
44.5444,-110.4211,27
34.2486,-82.1592,36
41.8031,-78.6403,63
41.0136,-83.6686,112
46.9728,-123.9303,54
44.9358,-74.8458,67
31.1522,-81.3908,94
36.0467,-79.4769,40
