44.3981,-98.2231,340
48.1739,-103.6367,330
64.3267,-158.7417,50
37.3208,-79.2067,300
43.1406,-89.3453,340
45.0619,-93.3508,330
32.0311,-96.3989,160
60.5797,-151.2392,40
42.8050,-72.0036,270
37.2847,-120.5128,310
36.0969,-79.9433,290
61.2169,-149.8550,10
41.4653,-90.5233,310
45.5433,-94.0514,310
33.0375,-116.9158,70
28.7797,-81.2436,310
31.6189,-97.2283,190
33.6186,-114.7142,360
36.6206,-116.0278,120
25.7906,-80.3164,140
40.1936,-76.7633,180
34.3622,-98.9761,50
45.7881,-111.1608,230
40.6161,-83.0636,270
36.7414,-104.5022,10
47.6458,-101.4394,320
30.4000,-86.4717,330
33.4964,-90.0867,360
40.7781,-111.9694,300
34.6439,-86.7861,290
45.4622,-69.5953,300
39.2231,-106.8683,200
40.8097,-124.1603,20
41.5333,-71.2833,310
41.9381,-72.6825,230
37.0911,-95.5664,360
57.1553,-170.2222,10
40.3161,-78.8339,270
19.7192,-155.0531,20
45.5644,-84.7928,310
38.1847,-84.9033,280
33.3075,-104.5083,20
28.8208,-81.8097,290
42.8153,-108.7261,240
44.3394,-105.5419,360
32.7667,-97.4500,10
47.6217,-117.5281,160
34.5467,-93.5781,350
43.2389,-123.3547,160
33.9753,-117.6361,130
35.2325,-75.6219,360
26.9172,-81.9914,360
47.0339,-120.5303,60
37.0872,-84.0769,270
40.4953,-107.5211,210
45.0133,-84.7014,250
43.7700,-88.4864,310
41.7781,-80.6958,240
39.8233,-93.5792,340
42.4819,-114.4869,210
31.3558,-85.7511,310
37.2958,-81.2078,270
27.6531,-80.2428,50
41.2731,-111.0306,240
30.2050,-91.9875,300
39.0725,-95.6261,320
46.0139,-102.6547,310
38.6572,-90.6558,320
15.1167,145.7167,70
38.2281,-85.6636,290
34.7442,-87.5997,290
66.0689,-162.7639,190
32.3847,-94.7117,190
33.8281,-116.5053,330
39.9181,-76.8742,200
42.9486,-78.7369,280
43.1167,-77.6767,250
42.9667,-83.7494,270
55.3567,-131.7117,160
46.5683,-120.5428,310
46.8369,-92.2097,320
44.8428,-117.8086,320
30.0481,-102.2131,240
30.5372,-91.1469,280
36.2117,-115.1958,330
41.9097,-70.7294,270
35.9461,-112.1547,40
30.4119,-89.0808,30
33.5872,-85.8556,260
32.8986,-80.0403,270
40.2172,-76.8514,320
37.7086,-113.0944,130
30.3503,-81.8831,290
39.3644,-84.5247,290
38.8500,-94.7392,330
36.5728,-79.3361,300
34.7272,-92.2389,40
33.2119,-87.6161,300
29.6919,-82.2756,250
43.3500,-73.6167,190
38.0408,-84.6058,300
29.3331,-89.4075,350
38.0442,-87.5206,350
30.4636,-88.5319,350
39.8447,-89.6839,300
32.8167,-115.6833,270
41.8706,-103.5931,30
29.1097,-95.4619,120
29.7036,-98.0281,210
45.0717,-83.5644,230
47.4733,-111.3822,20
60.4889,-145.4511,100
44.2667,-71.2994,300
45.6983,-110.4408,240
32.5500,-88.5667,310
32.7336,-117.1831,330
34.4978,-82.7097,270
33.2367,-107.2681,360
42.5417,-113.7661,60
42.8375,-103.0953,40
45.8258,-119.2611,50
21.4500,-157.7833,20
46.9006,-95.0678,320
36.1336,-80.2222,290
39.1667,-76.6833,310
37.7797,-89.2497,340
21.9839,-159.3405,20
41.1214,-100.6694,30
45.6906,-118.8528,300
31.2361,-94.7544,210
38.3775,-121.9575,360
40.0681,-118.5692,120
36.0236,-84.2375,210
37.6197,-122.3647,300
45.6044,-103.5464,310
28.4567,-99.2183,170
29.3783,-100.9269,130
41.8678,-84.0794,290
38.8317,-94.8897,320
35.6575,-109.0614,80
37.1319,-76.4930,270
30.5108,-99.7664,80
41.5339,-93.6531,320
39.8683,-75.2311,300
64.5500,-149.0717,80
46.1569,-123.8825,100
42.1908,-71.1736,280
31.3500,-85.6667,310
39.2953,-114.8467,170
33.5656,-86.7450,300
35.9333,-79.0642,260
41.6236,-98.9517,360
30.5892,-96.3647,230
41.1583,-73.1289,290
35.2578,-93.0947,310
18.2550,-65.6408,60
42.1208,-87.9047,280
47.9375,-124.5550,180
33.2194,-117.3494,290
35.4319,-82.5375,330
30.8356,-85.1839,300
36.6950,-76.1356,250
37.2833,-102.6139,180
30.6264,-88.0681,330
42.8975,-106.4636,210
59.5119,-139.6711,30
35.1967,-81.1558,250
33.4825,-90.9853,30
39.4019,-77.9844,280
43.9042,-92.4917,310
42.1094,-77.9919,230
30.9119,-102.9167,230
40.6044,-98.4272,350
39.5264,-107.7264,210
21.3239,-157.9294,40
38.8000,-97.6500,360
47.9078,-122.2803,150
31.3347,-92.5586,310
32.8192,-97.3614,10
39.6014,-116.0056,220
41.8031,-78.6403,230
32.6636,-97.0939,160
42.1997,-75.9850,260
27.6833,-97.2833,70
42.2314,-83.3308,250
37.4058,-122.0481,330
35.2333,-101.7089,360
43.5878,-96.7289,320
13.4836,144.7961,60
41.0669,-73.7075,290
31.1828,-90.4708,300
35.7425,-81.3819,290
36.3333,-119.9500,340
36.1625,-97.0894,20
37.6544,-97.4425,360
44.4683,-73.1500,180
33.6228,-111.9106,160
30.4000,-81.4167,40
30.0375,-91.8839,20
46.3747,-117.0156,70
46.9253,-96.8111,330
42.2706,-71.8731,250
34.1167,-119.1167,70
37.7836,-81.1231,210
39.3756,-99.8297,40
31.5883,-110.3442,90
66.8667,-162.6333,360
36.6817,-101.5053,20
44.3592,-84.6739,280
42.0572,-102.8000,20
32.8978,-97.0189,190
44.9258,-89.6256,310
44.3853,-74.2067,220
42.3978,-90.7036,310
30.3433,-89.8222,330
41.1078,-92.4467,320
41.9856,-97.4353,340
41.7361,-72.6506,150
38.9408,-77.4636,320
38.9597,-94.3714,300
41.5092,-74.2650,270
30.3975,-84.3289,30
40.4719,-81.4236,240
32.5722,-116.9794,140
18.3331,-64.9667,110
34.7675,-114.6189,30
34.0511,-118.2353,50
41.3336,-75.7269,250
44.6500,-73.4667,150
28.4339,-81.3250,310
44.0511,-101.6011,340
55.5800,-133.0750,50
30.7825,-83.2767,290
40.8731,-81.8867,270
47.5303,-122.3008,260
41.5886,-83.8014,280
44.9047,-97.1494,340
41.7700,-88.4814,280
45.2486,-122.7686,250
46.4047,-94.1308,330
42.3606,-71.0106,290
42.7803,-84.5789,260
33.9486,-81.1186,260
42.3914,-96.3792,330
36.9647,-86.4239,300
40.1764,-80.6472,250
38.1311,-91.7683,320
41.6117,-90.5808,320
36.0394,-95.9844,30
37.7608,-99.9683,20
61.1689,-150.0278,360
45.9647,-112.5006,280
27.4981,-80.3767,100
41.3103,-95.8992,350
33.9228,-118.3342,270
36.2967,-99.7689,30
39.9492,-74.8417,300
41.3497,-71.7989,300
43.2339,-75.4117,90
34.9894,-99.0525,60
31.8606,-86.0122,330
41.9922,-93.6217,340
37.9406,-75.4631,10
27.5000,-97.8167,90
41.5272,-85.7922,250
21.1544,-157.0961,350
39.1353,-96.6778,330
41.6264,-80.2150,220
42.5844,-110.1075,70
29.1828,-81.0483,280
40.2383,-75.5572,300
41.0136,-83.6686,260
39.5936,-84.2264,290
35.8311,-90.6464,360
39.6728,-75.6008,330
32.2622,-107.7206,60
37.2839,-98.5528,10
31.5356,-84.1944,250
34.2622,-88.7714,40
41.7636,-96.1778,330
41.3325,-122.3328,150
29.9800,-95.3600,210
41.1389,-75.3794,300
33.9519,-117.4386,40
34.8536,-116.7858,260
41.5097,-72.8278,170
40.0819,-75.0111,300
43.1072,-78.9453,280
37.5050,-77.3203,20
34.5183,-109.3792,330
39.5781,-85.8033,280
42.4272,-73.2892,280
43.1544,-93.3269,320
33.6883,-112.0817,30
36.7725,-90.3247,360
39.4494,-74.5672,360
62.3200,-150.0950,20
29.5442,-98.4839,210
26.2281,-97.6542,70
32.8158,-117.1394,350
46.7708,-100.7603,320
38.5911,-92.1558,310
42.9333,-71.4383,280
42.6958,-73.1708,260
34.0561,-117.6003,330
41.4525,-87.0058,290
38.5000,-77.3000,50
32.8342,-115.5786,330
34.3478,-85.1611,290
33.3633,-84.5658,290
48.3042,-114.2636,20
19.7356,-156.0489,360
26.1522,-81.7753,40
41.1961,-112.0114,170
35.6567,-95.3614,340
37.6242,-120.9506,280
43.8789,-91.2528,320
29.5189,-95.2417,160
40.8217,-72.8689,320
26.2500,-80.1083,80
41.6267,-73.8842,250
34.1750,-91.9347,30
39.2292,-106.3169,300
30.1831,-97.6800,190
37.8892,-121.2258,290
39.1019,-121.5678,320
41.4333,-99.6333,350
26.0719,-80.1536,120
41.3275,-72.0494,320
34.0158,-118.4514,350
39.4203,-83.8217,270
8.7333,167.7333,50
35.0678,-77.0481,230
41.3931,-70.6150,300
42.0647,-104.1528,30
39.8328,-104.6575,50
40.0397,-88.2778,280
41.6328,-91.5431,320
70.6392,-159.9950,110
44.5228,-114.2150,310
41.7219,-71.4325,290
48.7167,-94.6000,310
45.6308,-89.4653,320
48.2138,-106.6213,340
39.1333,-86.6167,290
42.2347,-85.5519,280
33.4050,-118.4158,130
56.6000,-169.5650,330
40.2342,-85.3936,270
44.7694,-106.9689,310
41.6686,-70.2800,290
37.2622,-104.3378,240
44.0219,-82.7931,270
48.5222,-123.0231,310
42.2228,-83.7444,260
36.7800,-119.7194,360
42.3811,-122.8722,280
40.9781,-124.1086,300
31.6072,-110.4281,60
64.7767,-141.1483,130
47.2381,-123.1408,200
31.4156,-87.0442,350
36.7367,-97.1019,20
42.7172,-71.1239,270
38.3794,-81.5900,250
34.2008,-119.2069,100
48.4608,-119.5167,10
38.7042,-93.1833,300
44.3814,-106.7211,350
36.2833,-94.3000,10
30.7797,-86.5225,300
24.5833,-81.6833,40
32.1300,-81.2100,270
35.0311,-85.2014,270
44.9319,-93.0556,320
42.9550,-87.9044,320
31.3711,-100.4922,250
43.2781,-70.9222,300
44.8322,-93.4706,330
37.3711,-118.3581,320
34.8822,-95.7831,20
35.0419,-106.6156,350
36.2606,-76.1750,350
39.4900,-121.6183,330
34.7411,-118.2117,40
29.2733,-94.8592,130
40.4122,-86.9369,270
32.4833,-80.7167,260
34.2900,-93.0600,140
37.7064,-112.1456,280
43.6497,-70.3003,300
30.2333,-81.6667,310
42.5519,-71.7558,280
37.7214,-122.2208,240
29.6381,-95.2819,160
39.5514,-97.6508,10
47.3864,-92.8389,320
44.8831,-93.2289,320
40.8508,-96.7475,340
30.0494,-90.0289,360
43.4075,-94.7461,330
35.5144,-108.7939,10
44.7978,-68.8186,290
38.8483,-77.0342,350
44.3206,-69.7972,300
39.9061,-84.2186,260
32.5156,-92.0406,20
47.4667,-87.8833,20
43.6264,-72.3047,270
38.9503,-95.6639,320
48.3500,-122.6667,130
44.1278,-123.2206,10
29.3600,-99.1742,240
34.8461,-82.3461,230
42.8914,-73.2469,270
41.0731,-71.9233,300
44.6381,-90.1875,320
33.6267,-116.1594,130
44.3675,-71.5450,240
45.5464,-100.4078,330
41.7419,-72.1836,270
36.0719,-115.1633,200
39.3667,-75.0667,320
46.0261,-91.4442,320
40.6508,-75.4492,300
46.9733,-122.9033,190
37.1431,-107.7597,50
32.3500,-91.0278,30
35.8517,-97.4142,20
30.3567,-95.4139,170
39.9369,-91.1919,300
39.1208,-94.5969,310
32.5161,-84.9422,310
33.8117,-118.1464,210
42.5700,-72.2911,260
45.8678,-95.3942,330
35.2100,-99.1200,40
34.2006,-118.3575,330
36.9261,-111.4478,170
30.7406,-98.2353,280
33.9706,-80.9958,270
58.6794,-156.6294,10
26.1658,-97.3458,360
47.4933,-122.2144,170
38.6956,-121.5897,350
44.2033,-72.5794,300
38.7667,-104.3000,110
39.6428,-79.9164,280
48.1203,-123.4983,230
38.5039,-122.8103,330
36.7436,-108.2292,270
32.6261,-116.4681,70
36.9839,-77.0075,240
17.7028,-64.8056,70
35.6875,-117.6931,220
57.7511,-152.4856,60
32.3367,-90.2214,320
30.4781,-87.1869,330
36.9500,-76.2833,270
38.3406,-75.5103,330
44.3592,-89.8369,320
41.0467,-78.4117,260
35.2372,-120.6414,350
36.3689,-92.4703,320
41.7872,-111.8533,360
33.8117,-78.7239,270
36.4486,-103.1539,200
36.1994,-95.8872,20
45.6208,-122.6572,330
40.3667,-75.9667,290
40.8764,-74.2831,290
60.7850,-161.8292,30
34.2167,-119.0833,50
35.6950,-101.3950,30
38.5069,-121.4950,350
41.3714,-73.4828,280
28.4736,-82.4544,310
47.0492,-109.4578,360
48.6033,-112.3753,350
31.9206,-102.3867,10
61.5961,-149.0917,290
30.5069,-86.9597,330
48.0944,-105.5744,320
43.5164,-112.0672,10
44.9358,-74.8458,200
38.7525,-90.3736,320
45.2575,-112.5545,220
38.3000,-76.4167,110
34.6081,-79.0592,270
46.4167,-86.6500,330
38.9286,-90.4281,330
39.1258,-123.2008,270
39.0431,-84.6717,270
44.3814,-100.2856,330
41.5631,-83.4764,240
24.7258,-81.0517,40
31.0425,-86.3117,30
44.5483,-95.0803,340
25.9156,-97.4186,70
62.9575,-155.6103,270
7.3333,134.4833,90
62.9614,-141.9292,20
40.7939,-73.1017,300
43.1953,-71.5011,300
32.7100,-96.2672,190
66.9161,-151.5089,20
32.4506,-93.8411,200
44.2558,-121.1392,160
42.7431,-73.8092,300
30.7439,-95.5861,220
34.7436,-118.7242,90
36.7683,-96.0261,10
42.1469,-121.7242,10
40.4847,-80.2144,250
41.5944,-109.0528,270
42.2667,-84.4667,260
28.0836,-97.0464,150
33.6800,-117.8664,220
57.0481,-135.3647,100
28.1011,-80.6439,360
45.6194,-121.1661,120
42.7972,-105.3856,20
40.5175,-122.2986,230
37.3278,-95.5042,360
41.8756,-71.0211,290
60.1283,-149.4167,360
35.8922,-78.7819,230
46.5486,-90.9189,340
40.8203,-82.5178,220
40.9017,-117.8081,30
64.5111,-165.4400,30
39.3669,-101.7000,40
36.8781,-91.9025,320
45.6478,-68.6925,300
45.1947,-123.1339,340
44.1708,-114.9272,330
44.0206,-117.0128,260
39.3450,-81.4392,290
46.7994,-102.7972,320
61.1781,-149.9664,20
46.3583,-104.2500,310
32.1314,-110.9553,130
42.8939,-85.5447,250
43.9906,-70.9475,280
36.6636,-121.6081,100
40.7833,-91.1253,310
34.9869,-81.0575,230
34.7000,-77.3833,250
41.0089,-74.7367,230
37.6928,-121.8144,60
45.5511,-122.4089,80
36.0467,-79.4769,240
39.6092,-110.7547,20
38.8853,-79.8528,290
48.2553,-101.2733,300
43.9636,-69.7117,280
37.3169,-79.9742,310
43.9922,-76.0217,260
25.6475,-80.4331,100
42.5950,-87.9381,260
35.1350,-90.2344,20
34.4258,-119.8425,260
46.6056,-111.9636,350
39.4519,-87.3089,330
39.1342,-108.5400,120
47.9742,-117.4283,330
27.5333,-99.4667,190
41.6764,-70.9583,300
34.9914,-78.8803,240
31.7800,-103.2017,10
35.6542,-105.1419,180
32.3206,-90.0778,330
48.5614,-93.3981,320
41.8833,-91.7167,320
35.3331,-94.3625,290
44.0433,-103.0536,340
39.2956,-80.2289,240
32.7800,-79.9319,280
43.5950,-118.9564,260
40.1203,-76.2944,320
46.1442,-115.5964,330
43.7667,-98.0333,330
32.6808,-96.8681,190
35.9508,-85.0814,260
31.3928,-92.2956,270
43.1644,-95.2017,340
35.5342,-97.6469,30
48.7939,-122.5372,150
29.6222,-95.6564,220
32.8519,-96.8556,20
31.4000,-93.2833,270
33.8750,-84.3022,320
32.9733,-97.3181,20
42.5544,-92.4011,320
25.9989,-80.2411,100
38.8761,-98.8092,20
40.9167,-81.4333,250
46.4794,-84.3572,260
34.1231,-84.8486,220
36.0097,-94.1694,350
41.2003,-74.6231,210
30.0675,-95.5561,200
42.4700,-71.2894,280
35.6697,-120.6283,100
47.1686,-88.4889,290
42.4933,-79.2722,210
34.2719,-83.8303,270
35.0028,-105.6628,310
33.6361,-91.7556,40
45.0319,-102.0192,330
46.1236,-67.7928,280
34.8831,-82.2203,230
31.9514,-85.1289,300
41.5175,-81.6836,220
34.2097,-118.4892,350
38.4167,-113.0167,350
46.7439,-117.1086,120
42.5842,-70.9175,270
43.3436,-72.5178,230
34.2486,-82.1592,250
42.4167,-87.8667,230
30.3208,-97.7603,160
38.3650,-82.5550,300
40.4422,-109.5144,90
27.9619,-82.5403,330
47.4569,-115.6450,280
32.3336,-104.2581,350
47.4444,-122.3139,140
42.2333,-83.5333,260
26.1839,-98.2539,90
34.6525,-86.9453,290
47.2856,-68.3133,280
39.9914,-82.8808,290
55.2208,-162.7325,350
35.3889,-97.6006,30
39.7075,-86.2803,260
36.4731,-82.4044,280
38.6892,-75.3592,30
42.7461,-86.0967,270
30.7044,-87.0231,310
33.2061,-97.1989,40
40.1667,-103.2167,30
41.9950,-87.9336,280
36.1189,-86.6892,200
41.1519,-104.8061,20
39.5703,-104.8489,330
35.1822,-103.6031,350
35.2578,-113.9331,40
35.8181,-83.9858,250
20.8997,-156.4286,360
42.5708,-77.7133,150
38.1386,-78.4530,300
43.5331,-84.0797,240
40.1606,-113.3508,190
40.3547,-79.9217,240
47.3258,-106.9475,320
40.8206,-76.8642,280
34.9000,-76.8833,260
35.0169,-80.6206,240
33.6300,-84.4417,310
45.6689,-96.9914,330
38.9833,-76.4667,140
41.3461,-82.1794,270
40.8500,-74.0614,320
39.7736,-94.9233,360
9.4833,138.0833,90
39.4839,-119.7711,10
42.5906,-117.8644,150
35.8550,-77.8931,210
45.4558,-98.4131,330
43.3906,-99.8422,320
41.7806,-122.4717,190
42.1928,-89.0931,270
37.0683,-88.7719,320
33.9381,-118.3889,20
55.0389,-131.5786,130
38.2900,-104.4983,50
39.8344,-88.8656,300
37.7081,-77.4344,280
39.2972,-94.7306,280
33.3000,-117.3500,210
37.6703,-95.4842,340
41.0375,-81.4642,280
40.2964,-78.3203,280
29.3389,-98.4719,260
39.2775,-120.7103,60
33.4278,-112.0039,70
41.7072,-86.3164,240
38.3083,-75.1239,360
41.6875,-69.9933,310
40.6825,-74.1694,290
34.2675,-77.8997,260
36.6239,-87.4194,290
38.2103,-122.2847,90
28.5453,-81.3331,290
40.8436,-72.6322,280
36.0167,-102.5500,40
24.5550,-81.7522,50
40.8289,-115.7886,80
37.1681,-97.0369,10
40.6675,-89.6839,300
40.7342,-73.4169,300
30.7167,-87.0167,310
38.8983,-119.9947,30
30.6794,-88.2397,340
38.1417,-76.4292,90
44.5344,-72.6144,300
43.1111,-76.1039,220
59.4433,-151.7017,360
39.4167,-118.7167,70
27.9106,-82.6875,50
45.8183,-88.1144,330
39.3792,-74.4242,10
43.9844,-88.5569,310
32.8667,-117.1333,310
41.7861,-87.7522,260
38.8169,-92.2183,280
26.1969,-80.1708,100
44.5761,-71.1786,320
40.0228,-82.4625,270
41.9144,-88.2464,290
47.6831,-117.3214,170
35.0564,-89.9864,290
27.7411,-98.0247,340
47.9428,-97.1839,330
42.1594,-76.8919,240
32.7000,-117.2000,330
35.0281,-110.7208,260
28.7247,-96.2536,200
29.7333,-85.0333,300
45.5406,-122.9486,300
33.1783,-86.7817,290
39.2447,-102.2842,350
21.3167,-158.0667,360
31.3214,-85.4497,320
32.6847,-83.6528,270
39.8250,-86.2958,270
29.5622,-91.5256,290
43.7331,-103.6114,50
41.8056,-107.1997,250
26.5361,-81.7550,320
39.7333,-77.4333,230
40.0781,-83.0781,280
34.7917,-79.3661,260
31.2819,-89.2531,320
59.6419,-151.4908,60
42.4092,-83.0100,270
37.7461,-97.2211,350
35.9403,-89.8308,330
36.8167,-76.0333,270
34.6719,-82.8864,250
33.1281,-117.2794,260
33.1803,-96.5903,190
34.7336,-76.6606,230
42.6650,-83.4181,240
42.7267,-114.4564,40
32.7817,-98.0603,350
43.1711,-86.2367,290
38.0700,-102.6881,60
41.3375,-84.4289,260
33.9481,-83.3275,300
34.0500,-94.4008,120
31.1522,-81.3908,290
32.3542,-95.4025,190
40.0972,-92.5433,300
43.3497,-76.3847,230
37.3592,-121.9239,250
45.8069,-108.5422,40
42.6003,-123.3642,110
26.6847,-80.0994,100
34.4272,-100.2831,50
41.7803,-124.2367,80
38.0653,-97.8606,340
28.0622,-81.7542,280
67.7317,-164.5483,20
33.4536,-94.0075,50
29.6333,-83.1053,270
44.8889,-116.1017,330
42.3075,-85.2511,260
36.5881,-121.8453,90
44.5169,-108.0822,310
43.2119,-90.1814,320
37.1467,-94.5022,210
40.7789,-73.9692,280
41.2433,-76.9217,250
34.1853,-79.7239,250
41.4914,-120.5644,150
41.3119,-105.6747,250
39.7078,-77.7297,280
70.1917,-148.4772,320
46.9728,-123.9303,80
40.6239,-74.6694,320
44.5444,-110.4211,260
22.0333,-159.7833,10
35.4344,-119.0542,10
41.1783,-78.8989,260
38.0511,-117.0903,10
40.9706,-85.2064,270
30.4844,-81.7019,280
31.8111,-106.3758,190
40.5100,-101.6200,30
39.1894,-103.7158,40
41.4131,-81.8600,250
39.1033,-84.4189,280
41.2544,-80.6739,250
39.7556,-82.6572,270
38.1811,-85.7392,300
25.9069,-80.2803,70
46.9258,-98.6692,330
42.1578,-72.7161,290
45.5114,-118.4247,190
38.8100,-104.6883,60
33.8719,-117.9789,70
31.1500,-92.9667,240
62.1592,-145.4589,360
46.8706,-68.0172,290
59.4556,-135.3239,40
36.9878,-120.1106,290
43.5667,-116.2406,300
36.9033,-76.1922,220
59.2433,-135.5094,310
32.2997,-86.4075,280
37.9272,-100.7247,40
37.2353,-93.4003,340
30.3361,-81.5147,340
41.2639,-72.8872,320
37.9917,-122.0550,20
43.8339,-111.8045,210
33.3644,-81.9633,280
35.6169,-106.0889,350
40.0803,-95.5919,330
38.7642,-87.6056,360
40.6331,-93.9019,320
27.7839,-97.5108,90
42.0800,-80.1825,200
33.6542,-101.8136,40
39.4781,-88.2803,300
44.8664,-91.4878,340
42.8783,-100.5500,360
44.7408,-85.5825,290
41.1014,-102.9847,30
32.3347,-88.7442,320
28.8614,-96.9303,200
37.6542,-122.1150,70
37.2253,-89.5706,330
43.9658,-107.9508,350
18.4325,-66.0108,60
43.7694,-87.8506,310
58.3567,-134.5639,90
35.1442,-111.6664,110
40.2769,-74.8158,310
42.7611,-87.8136,300
33.9786,-98.4928,40
34.6517,-112.4208,190
30.1250,-93.2158,230
39.9444,-81.8922,260
46.0947,-118.2869,110
42.9203,-112.5711,210
46.5311,-87.5483,270
46.4267,-105.8825,340
41.2531,-70.0608,330
27.7628,-82.6261,90
32.8547,-109.6353,140
32.4106,-99.6822,200
40.7794,-73.8803,310
40.0489,-107.8853,40
40.6386,-73.7622,310
32.5428,-93.7450,180
71.2833,-156.7814,320
38.3306,-96.1897,320
29.9933,-90.2511,40
36.2667,-93.1567,280
70.2117,-151.0017,330
33.4669,-82.0386,210
40.2064,-100.5914,20
46.9208,-114.0925,210
47.7472,-90.3444,330
26.5850,-81.8614,60
40.1519,-122.2536,320
33.4617,-80.8581,270
60.7850,-148.8389,280
42.1244,-86.4267,260
63.9944,-145.7214,120
36.3189,-119.6289,280
59.7494,-154.9089,360
36.9358,-121.7886,100
44.9050,-123.0011,290
35.2236,-80.9553,220
33.7792,-84.5214,290
46.2667,-119.1167,340
42.1128,-92.9175,320
33.2208,-92.8142,10
32.5667,-117.1167,100
64.8039,-147.8761,20
31.9433,-102.1889,360
48.5428,-109.7633,40
31.4583,-109.6061,20
38.5050,-107.8975,170
34.6294,-118.0836,200
38.7550,-109.7542,330
43.0661,-108.4767,50
47.3078,-119.5153,310
27.4014,-82.5586,320
39.0083,-95.2117,360
43.1561,-90.6775,320
47.3978,-120.2014,290
47.2078,-119.3192,340
43.0206,-102.5183,10
31.4208,-110.8458,40
44.4983,-88.1111,270
34.5583,-98.4172,40
45.7728,-122.8611,360
6.9667,158.2167,40
40.3300,-75.1225,290
31.5358,-82.5067,290
38.5714,-90.1572,330
40.7083,-84.0267,270
40.9611,-98.3136,360
42.6425,-77.0564,220
47.2675,-122.5761,210
7.4500,151.8333,50
37.5908,-83.3131,260
37.3031,-108.6275,270
