38.6700,-119.6100,559
34.2917,-83.3236,0
42.5300,-122.1800,559
39.2900,-106.5500,2184
38.4800,-109.2700,1473
44.2100,-118.6400,1651
44.7029,-106.3261,84
37.5200,-107.3200,1905
38.3029,-104.7910,0
35.6345,-117.9782,0
39.3200,-86.7300,18
42.6900,-121.4300,0
42.7000,-120.8000,1346
41.1487,-81.4307,28
42.8181,-106.3455,483
40.3889,-75.9396,15
46.2600,-122.1800,559
39.1911,-77.0069,762
38.6804,-77.4206,3
47.2700,-113.7600,5893
42.6602,-73.8103,0
39.9918,-86.0789,79
48.3700,-116.6400,3556
51.1240,-104.9917,244
45.6200,-121.7000,152
44.0300,-109.1800,813
48.7600,-121.7000,1905
42.2930,-81.9734,3
38.8800,-112.2500,2692
40.5319,-80.2172,25
43.6063,-85.6419,168
40.2800,-111.6100,2134
36.0700,-105.6300,1854
37.6000,-112.9200,686
48.4400,-120.9200,3302
47.6800,-113.9600,6375
42.4400,-105.8600,914
38.9004,-104.7836,48
40.5321,-105.0253,180
41.9300,-79.2969,51
34.7500,-111.4100,533
34.1649,-95.5431,0
42.4516,-76.0437,0
37.8500,-105.4400,787
36.0300,-106.8100,1016
42.9600,-110.6100,3988
39.4486,-77.8905,15
42.9328,-76.5447,0
63.2000,-145.6300,1092
40.5665,-75.9862,5
41.1100,-107.1700,1270
32.2918,-85.1893,0
44.3000,-109.2400,813
40.4562,-74.2413,0
40.5800,-110.5900,1626
44.4900,-104.4100,686
39.0000,-120.1300,762
39.2940,-82.0793,56
39.3600,-106.0600,2235
32.9424,-105.8262,0
46.2400,-117.3900,25
37.9700,-111.8300,1422
39.0326,-75.5169,0
41.3800,-106.3500,4140
39.0201,-84.7281,5
43.9500,-110.4500,2565
46.4700,-113.3900,838
43.9300,-115.6700,3835
39.8000,-105.7800,2413
45.5500,-122.0000,610
41.9692,-88.1873,91
39.3544,-77.8552,38
41.2418,-88.4149,64
39.5515,-84.5840,64
47.8600,-117.0400,1803
39.2836,-86.7703,25
40.8600,-115.1200,1727
48.9100,-114.8600,4369
38.2900,-105.8500,1397
44.7591,-123.2325,0
40.7400,-109.6700,584
40.5800,-105.6300,1219
31.1200,-81.9300,0
40.4400,-112.2400,1778
40.4300,-111.6200,2311
47.8800,-117.0900,1880
38.6049,-89.9685,0
41.2400,-120.7900,584
33.4000,-105.7900,686
44.1300,-110.8300,4623
44.5100,-111.1300,4572
37.2100,-105.1200,1041
40.6800,-110.9500,2438
37.4800,-106.8000,2057
48.8900,-116.7600,3505
38.6639,-77.9756,23
42.2469,-83.0804,28
44.5900,-111.1200,2870
44.4200,-121.8600,737
43.2900,-116.8500,432
36.9600,-106.6600,660
38.6100,-119.9200,1549
29.7210,-98.1655,0
41.3600,-111.4900,2083
39.6800,-111.3200,2235
41.5877,-91.7451,69
47.9200,-112.8200,2870
39.3300,-120.3700,1727
40.1152,-86.4551,89
36.1648,-81.6055,0
39.7261,-82.2045,61
40.8500,-111.0500,2007
40.7535,-74.4428,0
37.4900,-113.8500,76
43.1100,-109.9500,1956
41.9900,-120.1800,2769
46.7900,-109.5100,1524
39.1300,-111.4400,2413
43.9500,-115.2700,1880
65.1200,-146.7300,610
38.7845,-76.0739,3
38.6700,-119.8200,76
46.5700,-115.7400,2210
45.6001,-109.0899,325
44.7900,-107.5300,1372
46.6400,-121.8300,1016
38.4200,-108.3800,1143
38.9167,-77.1822,25
38.7840,-76.5362,5
39.7256,-75.6488,5
42.0044,-87.8460,76
34.9400,-111.5200,432
45.1900,-119.2500,1727
42.6500,-109.2600,1702
40.7157,-89.4123,76
40.9100,-109.9600,965
38.2900,-106.3700,1930
42.0478,-91.5743,99
38.7003,-88.0817,0
41.6600,-115.3200,1397
40.1498,-87.6267,84
39.8183,-74.9956,0
41.1174,-84.9063,41
36.2184,-81.6720,0
47.4845,-122.1272,0
40.2970,-74.0015,0
39.9300,-111.6300,1778
48.9100,-114.7700,2362
38.6900,-119.9900,1880
40.5764,-105.0858,127
43.3900,-110.1300,2159
43.6100,-113.9300,1194
41.8700,-115.2500,2591
37.0169,-94.4925,0
39.0500,-107.8700,1930
38.8900,-106.9500,1676
39.6490,-80.7382,58
42.3600,-111.5600,2159
44.4400,-113.3200,1930
46.1800,-117.5400,1321
37.6600,-107.8000,864
34.5061,-106.2423,20
38.7462,-77.1386,0
40.5100,-105.7700,2108
42.5088,-72.6973,0
48.3600,-119.0800,965
43.7100,-114.1600,1626
43.8800,-114.6700,2362
35.1375,-77.9892,0
47.0400,-121.9400,838
39.0284,-88.5659,0
32.3772,-86.2575,0
47.3800,-121.0600,2083
45.3200,-121.7200,3200
40.0014,-77.1089,20
48.9300,-121.2000,6833
42.1300,-120.8400,0
36.1800,-108.9500,406
42.5100,-110.9100,1829
48.0700,-120.8500,2997
41.6360,-93.6063,86
52.2915,-104.5762,480
38.8394,-80.3963,36
39.6000,-106.5100,1778
46.7600,-115.3000,5080
44.1100,-103.9800,940
43.3439,-91.6443,25
40.2507,-76.6245,15
38.3100,-119.6000,1016
40.9600,-110.5800,813
39.2619,-86.5936,13
43.3194,-88.1681,53
40.5500,-110.3500,533
48.5050,-121.4800,0
44.7900,-111.7100,1727
37.2915,-91.8515,0
39.6811,-77.2914,0
48.3100,-116.0700,3912
39.1600,-119.9000,1016
38.7264,-77.0289,10
43.6600,-122.2100,0
45.9900,-120.6800,381
42.7600,-110.5900,4064
40.3000,-111.2600,1829
44.0500,-115.4400,3607
36.1900,-105.5600,1321
40.8800,-106.0500,1448
39.9150,-75.7032,18
40.7700,-110.0100,1321
49.8654,-119.6041,381
47.7500,-121.0900,2184
42.7200,-123.2000,76
43.6600,-109.0100,711
47.1556,-53.4722,0
43.9378,-69.4636,79
45.9800,-117.9500,3150
39.4041,-79.3722,79
44.0390,-122.8500,0
43.5200,-110.9100,3632
42.2600,-112.1300,1321
44.3800,-116.3400,965
38.7387,-84.8496,0
40.8600,-115.2200,229
40.4235,-87.0049,89
44.9047,-107.1687,81
41.3200,-116.3400,1854
39.9400,-105.5900,1575
41.1157,-88.8529,97
39.0942,-77.6372,53
34.9842,-83.3917,0
37.8400,-111.8800,991
43.5900,-122.0600,1397
40.5633,-105.0872,185
42.5110,-76.9155,3
48.7200,-120.6600,6706
37.4378,-87.4418,0
44.5400,-115.5600,4547
48.1300,-115.6200,2997
39.8378,-83.2321,64
46.9100,-121.4800,3480
40.4900,-112.6100,1575
29.5110,-95.0898,0
44.2600,-106.9800,1168
44.4700,-114.4900,2388
39.7373,-84.3955,61
46.2084,-119.1658,0
40.0228,-86.1485,81
39.2269,-96.9622,0
46.5500,-121.1700,1829
41.0000,-106.9100,3429
35.7800,-105.5400,991
49.7791,-124.3371,0
41.2300,-105.3800,1067
43.5239,-96.7921,114
45.0400,-121.9300,559
30.4144,-97.7664,0
39.7013,-86.4079,30
40.8400,-111.7100,2845
46.1800,-113.8500,1880
44.6100,-116.9800,2464
39.2533,-119.8457,0
38.9000,-77.2664,508
39.4600,-114.6500,0
38.0341,-97.9229,18
41.1344,-100.7916,51
40.1100,-107.2900,3048
45.1100,-119.5000,533
60.2600,-149.3400,178
40.9400,-115.1000,2337
41.1500,-106.9700,3226
34.8057,-86.2483,0
47.2800,-121.4700,889
37.7892,-120.7518,0
38.6331,-109.4104,66
42.6500,-110.8100,3505
43.6304,-96.9442,170
40.5876,-105.1473,0
45.1900,-121.6900,508
41.4068,-85.6952,33
39.6615,-104.9207,53
46.4800,-110.7100,3124
43.6000,-114.6700,3378
47.4300,-113.7800,2007
42.0726,-87.8288,51
38.8977,-99.2758,0
45.2700,-111.4300,1981
38.4800,-109.2900,940
41.2300,-116.0300,76
44.7584,-108.7769,3
40.7200,-109.5400,432
38.9811,-76.7811,64
43.0420,-89.4682,97
40.1890,-88.5584,30
39.5044,-76.5187,15
39.4200,-111.2500,1575
45.9220,-116.1260,0
46.2348,-114.1563,0
45.8006,-108.5947,310
42.5700,-108.8400,1549
44.8687,-93.3394,107
45.1900,-115.9700,3886
48.1900,-118.4600,559
39.3154,-77.8304,48
44.2143,-70.5405,147
39.1758,-75.6325,0
40.3500,-106.3800,2337
42.5700,-106.0900,1245
39.6879,-104.7063,53
43.0300,-109.1700,610
38.6982,-76.0161,0
40.4600,-112.2500,889
35.0908,-106.2212,71
41.1207,-85.0895,36
40.1700,-107.0600,1753
29.5139,-95.0919,0
45.9770,-66.8682,0
45.4000,-110.9600,2667
43.7061,-106.2982,64
45.7000,-118.1100,2413
41.7800,-116.0300,1067
67.2500,-150.1800,584
39.4500,-120.2900,432
46.0952,-96.4064,8
48.0600,-112.7600,991
43.9000,-122.0300,711
38.7338,-120.7110,0
46.1000,-113.1300,1905
40.2286,-74.6472,0
37.7900,-108.1800,2159
43.0961,-79.0281,25
40.5759,-105.0858,165
40.4256,-105.0218,147
43.9500,-119.5400,1499
42.7000,-108.9000,864
40.3457,-84.9459,66
33.9800,-109.5000,330
46.4100,-113.4300,2108
40.3728,-88.4911,79
34.0867,-106.8925,114
36.7000,-105.3400,686
44.5014,-68.2208,0
39.9575,-78.5638,25
41.7944,-72.9319,0
35.3620,-85.3797,0
47.9400,-123.4300,1448
40.5462,-74.5287,0
41.9000,-111.6300,4597
38.8978,-76.5965,25
46.9800,-115.0300,4242
38.6280,-77.8080,38
46.3500,-121.5100,1930
61.7900,-149.2800,1397
61.3800,-149.0000,279
36.0000,-106.8300,457
42.0125,-91.7099,132
37.4400,-108.0200,2184
46.2400,-113.7700,3353
44.0866,-103.3701,89
41.3401,-89.0959,81
36.2347,-86.3817,0
43.7440,-70.4890,203
44.8000,-109.6600,2413
46.1300,-113.3100,1803
43.7500,-110.0600,3531
42.2800,-105.5800,838
42.2100,-121.1300,0
62.0700,-142.0500,356
39.0425,-74.8940,0
36.9544,-86.3366,0
37.8700,-109.4500,1219
39.5700,-105.8000,1549
44.9600,-111.2900,3175
60.9800,-153.9200,559
36.3350,-96.0975,0
43.2386,-76.1964,0
39.0044,-80.4744,25
60.6100,-149.0600,406
40.3569,-84.3736,56
45.1226,-93.4579,81
33.4387,-88.8695,0
48.8000,-113.6700,1219
41.9200,-111.4700,2134
47.3700,-121.4400,2007
36.3300,-109.0600,406
39.3712,-76.6633,18
44.5900,-111.8200,813
40.1600,-111.2100,1905
47.7657,-122.3001,0
44.5700,-107.3000,1499
41.4764,-75.1653,0
40.0000,-107.2400,1397
42.2200,-122.3700,152
47.3714,-102.7606,762
40.5949,-98.4270,0
46.6700,-110.3300,1600
36.2528,-81.9136,0
46.8400,-112.5100,2540
44.9500,-111.3600,2210
39.0100,-111.5800,2261
43.5100,-121.9800,330
44.7200,-110.5100,1956
39.6100,-111.3000,2667
40.5246,-89.4213,79
48.5700,-120.7800,2464
39.3200,-106.6100,1295
48.6600,-119.8400,1397
46.2507,-119.3197,0
44.5400,-107.1800,1168
38.8274,-75.4303,0
40.4000,-105.8500,1143
40.0731,-86.2761,1448
40.7200,-110.4700,1753
46.7800,-121.7500,3937
32.9881,-97.3932,0
39.2600,-106.6300,1854
38.8200,-106.5900,1168
40.9982,-96.9093,8
45.1900,-118.5500,356
39.8800,-107.6000,1930
40.7413,-74.4395,0
39.8900,-111.2500,1448
39.5502,-107.7680,254
62.6300,-150.7800,1626
44.1500,-110.2200,4140
39.9463,-84.4537,61
44.4600,-110.1400,2108
48.0125,-123.1709,0
41.4100,-111.5400,1499
44.5847,-85.3653,0
42.5973,-74.5931,10
40.3134,-76.7578,33
48.6900,-121.9100,914
41.7900,-111.5500,2235
40.1642,-83.1687,51
43.8600,-114.2100,1041
38.5100,-112.0200,737
38.9433,-119.1916,0
32.7904,-105.8204,152
39.1400,-120.2200,1397
42.7600,-116.9000,1473
38.9900,-106.7500,1676
41.1523,-104.8052,25
42.0038,-89.9389,107
39.3428,-82.0964,74
41.8200,-116.1000,1981
41.1600,-106.9300,2311
45.2900,-109.0400,325
41.2571,-77.0085,0
39.4610,-76.8085,43
46.3147,-107.0794,221
39.6700,-105.9000,2464
45.0800,-117.5500,2388
46.3600,-121.0800,686
40.2300,-105.9200,1143
40.8900,-111.0700,1245
47.3300,-121.4700,889
42.5719,-72.5975,0
47.7800,-121.7000,1295
31.8449,-102.4858,0
38.3339,-104.7898,0
40.0300,-105.5800,1676
38.4669,-78.3167,20
39.7275,-79.9131,0
37.6100,-105.3700,914
43.8000,-114.8500,4166
37.4300,-108.1700,1245
38.0450,-85.7155,0
44.8000,-107.8400,2438
43.5700,-111.2100,2489
40.2647,-87.6656,86
37.9700,-106.5600,914
39.9965,-76.7533,8
45.2700,-110.2500,1575
39.1600,-114.6100,1245
46.4700,-114.6300,3404
41.0164,-93.2792,0
47.0700,-115.9600,5334
64.9500,-145.5200,610
38.2100,-111.4800,1143
34.4600,-111.4100,457
37.9900,-107.2000,1981
39.1125,-104.8590,191
35.2600,-112.0600,279
45.4500,-122.0300,203
39.9712,-74.9345,0
44.7300,-109.9100,3632
40.6500,-115.3800,1346
40.5500,-110.6900,711
41.8900,-120.7500,0
42.9600,-121.1800,584
41.5800,-120.3000,1245
38.7200,-119.8900,1549
43.1025,-94.6833,76
40.4831,-86.8923,89
42.7100,-109.4100,1499
40.2124,-105.0426,173
36.4590,-81.1525,0
46.2728,-106.6471,259
44.5900,-121.9700,127
39.7169,-86.2417,33
41.0500,-107.2700,1118
44.2964,-99.2597,10
36.9900,-105.2600,584
43.8600,-109.3200,1727
44.3300,-122.0900,1422
39.7849,-86.3939,56
39.8700,-105.8700,2540
43.1700,-110.1400,2667
37.9018,-88.9341,0
35.7000,-105.8100,356
40.5460,-105.0731,221
42.0734,-91.6663,117
41.8600,-111.5100,3073
45.2200,-110.2400,2946
36.8600,-106.2300,813
41.1654,-85.4808,56
37.8039,-96.8601,64
43.3400,-110.4300,3023
44.9500,-116.1400,1981
34.9700,-111.5100,483
45.8000,-112.5200,1321
43.8900,-107.0600,1016
40.8300,-111.7600,2438
44.4500,-119.9300,1727
41.2949,-75.8682,0
46.1400,-114.4500,2667
43.5073,-65.6096,10
40.0638,-85.6916,89
39.2669,-103.6952,51
39.2741,-78.2963,43
45.3201,-85.2437,0
36.7900,-105.2400,686
44.4991,-63.5264,0
47.9200,-112.7900,1422
43.8200,-114.2600,2261
46.8100,-116.8500,1448
38.9200,-119.9200,1041
41.4900,-119.0000,1092
39.2142,-84.1716,20
40.0800,-106.6700,1600
44.9900,-113.4400,1702
39.4700,-76.8301,64
41.3100,-111.4500,2311
39.4854,-79.3183,38
45.2700,-117.1700,2311
37.8800,-107.3600,1702
42.3800,-122.3500,330
48.8000,-113.8600,5258
41.3190,-82.3773,41
43.0100,-109.7600,1778
46.1100,-110.4700,813
41.9700,-118.1900,660
44.5646,-73.4539,0
48.8200,-121.9300,2565
37.6800,-112.8600,1651
44.7045,-64.4566,0
37.7200,-107.2600,787
38.7873,-82.9779,3
45.6697,-109.4724,318
40.0634,-76.4072,203
40.6100,-109.8900,559
42.1500,-110.6800,1676
40.8142,-85.1547,51
41.0105,-95.8890,28
39.8900,-110.7500,1168
44.0100,-118.8400,381
48.9700,-115.9500,2692
38.0700,-112.1700,1092
44.6800,-107.5800,2032
45.4060,-122.8780,0
40.7606,-86.7599,76
39.1993,-96.6329,13
44.3800,-109.7900,3277
43.4800,-114.8300,1143
46.3118,-116.0553,71
42.1938,-104.7265,38
40.9900,-111.8200,3150
40.0177,-105.1288,51
47.9026,-114.2078,439
38.3064,-79.7197,0
37.7900,-108.0200,1092
38.9386,-77.1133,0
33.6239,-117.6275,0
39.4400,-105.9100,1346
61.1561,-149.9847,178
47.4669,-121.6806,0
47.7600,-123.0300,533
39.0916,-76.5112,203
24.5695,-81.7559,0
38.7820,-76.2115,0
43.7051,-99.3773,76
33.3700,-108.7100,813
37.6200,-107.0300,1829
40.4079,-74.6199,3
45.4788,-122.7692,0
42.4100,-111.1700,1295
43.2100,-111.6900,1753
46.1500,-122.1500,813
40.6600,-111.6400,2362
37.6702,-91.8739,0
40.9519,-74.1577,0
40.3800,-115.5300,1880
37.6825,-97.2789,0
43.7600,-115.2400,4013
47.1500,-116.2700,2362
47.0600,-112.6000,1194
44.9769,-106.8475,191
39.1223,-77.8187,0
44.8100,-107.4100,838
45.1700,-113.5000,2007
40.7131,-79.5144,0
39.1570,-104.5034,312
43.5100,-115.5700,533
43.1923,-123.4387,0
39.1300,-111.3500,1397
39.3100,-111.4300,1753
40.8500,-106.9700,1981
41.5500,-116.0100,2083
35.0761,-106.3846,0
41.3800,-111.9400,3048
39.7729,-86.2799,48
44.3320,-70.2685,0
45.2400,-109.4600,1092
47.0800,-112.7300,6477
60.6200,-149.5300,584
43.0219,-78.8467,0
37.5700,-112.8400,1473
44.7200,-107.4000,1524
45.2500,-121.7400,1194
33.6500,-109.3100,533
48.3000,-113.3300,1041
40.7134,-74.5785,0
41.6598,-87.5529,119
38.7000,-106.3700,1118
38.0700,-119.2300,457
48.7200,-116.4600,787
48.9576,-119.4432,130
38.5000,-112.0100,1118
48.5700,-115.4500,1829
39.6552,-75.7619,18
40.3131,-88.1594,508
44.6209,-106.8029,79
45.5000,-110.9700,1397
35.3400,-111.6500,1067
41.2098,-81.3548,36
35.5344,-77.3821,0
45.2943,-91.6247,112
45.6745,-118.8079,0
40.8800,-110.5400,991
39.8600,-106.4200,2057
40.3189,-79.3894,30
48.8600,-118.4000,711
29.5111,-95.0919,0
47.3720,-122.2230,0
61.1100,-149.6700,508
43.2500,-110.0200,2083
44.6600,-111.0900,1422
38.4709,-107.8911,43
42.2700,-110.8100,2083
29.5037,-95.1023,0
47.7100,-123.4600,1651
37.8100,-109.4900,737
40.6700,-111.2200,1549
44.3500,-107.0100,965
38.4400,-119.3700,559
39.7140,-86.4090,48
34.8695,-106.7015,25
40.5998,-105.1151,152
45.3600,-118.4700,737
38.6800,-119.9600,1880
39.7600,-105.9100,2007
45.9000,-122.2200,0
45.2700,-118.8500,1016
45.1703,-84.4397,0
39.6800,-110.4300,686
38.0500,-111.3400,1118
39.3000,-120.1800,711
42.4816,-84.0033,33
48.5900,-119.8700,1270
39.9757,-78.4087,36
40.2001,-82.7732,36
43.6300,-107.1800,1397
45.1900,-109.3500,1626
39.8939,-86.2806,71
40.6872,-74.8575,18
43.2471,-75.2775,127
42.0944,-71.3776,0
37.9700,-105.5400,1676
39.0896,-108.5351,36
39.5186,-104.9492,183
43.6700,-122.5700,584
39.3838,-87.7743,15
39.2293,-99.2968,48
35.9200,-106.3900,483
38.9539,-92.3381,0
45.4000,-123.1830,0
42.5192,-76.3311,0
28.1669,-81.8219,0
43.6293,-65.7999,15
33.9837,-83.1378,0
40.3417,-80.1229,25
36.1520,-115.3396,0
41.8163,-88.3068,51
43.7400,-113.9400,1575
46.4900,-115.8000,787
47.1600,-121.4200,1600
40.8900,-115.2000,1651
42.8200,-110.8400,3785
45.8700,-110.9300,2540
44.4700,-112.9800,1092
37.5800,-112.9000,686
45.4340,-122.5036,0
42.5300,-110.6600,4140
29.4031,-94.8986,0
41.0700,-106.9400,3124
47.2800,-120.4900,1422
44.5200,-122.0900,584
60.3900,-149.6900,330
39.6000,-106.5400,1956
40.0496,-84.9474,74
44.2100,-103.7900,1118
40.1385,-89.3456,46
39.0642,-77.8883,508
37.9663,-103.5443,0
40.8600,-110.8000,1168
29.6849,-95.2197,0
37.4000,-113.4600,965
43.0553,-92.3204,46
46.5600,-115.2900,6477
39.3800,-106.2000,2667
44.4400,-111.9900,1194
44.2100,-121.8700,1727
48.4300,-113.9400,2413
42.7989,-86.2050,0
42.2122,-71.1136,0
43.6107,-73.0466,0
45.6578,-111.0272,394
44.3900,-122.1700,635
43.1158,-85.5642,127
47.4500,-112.8100,1499
37.5200,-112.2700,635
45.4681,-122.6813,0
44.3579,-100.3721,175
45.3608,-63.2682,0
43.8885,-70.2944,0
39.5000,-111.7300,1245
38.4547,-78.9353,178
39.1400,-111.5100,3124
40.0400,-105.5400,1245
42.8167,-106.4108,147
64.8172,-147.8739,483
41.6425,-86.0415,36
39.0800,-107.1400,1575
43.6695,-116.2653,33
43.4700,-107.2400,940
39.7600,-107.3600,2489
47.5600,-115.8200,2464
37.9240,-108.6841,0
45.0400,-116.1300,3912
42.4100,-122.2700,610
47.6013,-122.6043,0
39.0100,-114.3100,737
44.0200,-113.4700,1575
60.7800,-149.1800,2464
48.0600,-116.2300,3454
38.7339,-77.4925,254
43.3314,-76.2694,356
32.2529,-80.7350,0
39.4761,-88.1653,0
39.2500,-119.8800,127
39.1300,-107.2900,1829
45.4662,-122.8088,0
41.8074,-91.9650,119
38.2872,-81.7874,0
42.8630,-108.8652,485
40.1467,-79.8986,0
38.9902,-77.0081,23
37.7000,-107.7800,2210
40.2100,-105.5700,940
37.3500,-105.2300,940
45.6686,-122.6862,0
36.3783,-103.0243,38
39.6537,-75.5182,10
41.7621,-92.0847,145
40.2800,-115.5300,1702
40.3978,-80.0967,23
42.4400,-122.2300,1143
39.9844,-104.8134,175
38.0800,-110.7700,737
38.1617,-85.8566,0
42.0500,-111.6000,3277
61.6185,-149.1258,41
41.3000,-107.1500,1295
44.5358,-69.6029,132
39.4600,-119.9400,1321
39.2900,-117.1100,1194
47.7446,-122.5097,0
39.3500,-112.3300,1168
39.2400,-111.5200,1753
33.0100,-107.8700,432
46.8100,-121.3300,1067
34.5360,-92.7651,0
39.4900,-120.2800,203
39.8000,-106.0300,1524
39.3200,-119.8900,2134
39.7866,-77.7253,23
44.2100,-110.6700,3962
41.6800,-111.4200,1956
42.4334,-122.9869,0
45.1000,-121.7500,432
40.8800,-117.5900,51
44.9400,-109.5700,3505
40.7230,-73.7110,0
35.2700,-111.7400,76
44.8745,-123.0444,0
46.0900,-110.4300,2134
38.0614,-108.9101,0
47.6800,-114.0000,2007
43.9930,-66.1468,0
45.9900,-120.8100,965
41.2084,-124.1027,0
37.5000,-113.9400,635
39.7674,-78.4844,43
41.9279,-88.4562,33
37.9300,-107.6800,2057
41.5800,-115.9300,203
40.2505,-84.4053,71
44.8700,-118.1100,787
44.4300,-120.3300,457
37.5990,-101.2911,61
41.1623,-81.5037,33
43.7700,-114.4200,1448
42.0315,-93.9619,114
47.0700,-121.5900,229
39.3000,-106.1100,1346
38.5100,-119.6300,584
45.0200,-111.8500,1626
39.4500,-115.9800,762
44.6414,-84.2383,203
45.8800,-113.3300,1702
39.7647,-84.6338,74
40.1865,-85.4897,79
44.2900,-115.6600,1321
41.9286,-74.0195,0
42.4900,-110.5300,2337
40.3500,-106.0900,1295
45.2100,-117.1900,2184
40.5035,-88.9682,81
38.4729,-107.8574,79
40.6200,-111.5300,1956
45.7300,-114.4800,2108
41.6066,-93.6956,178
32.9200,-108.1500,483
39.6292,-79.9282,38
59.3500,-151.8500,0
40.0488,-76.6948,36
42.4000,-88.7424,140
40.7798,-74.5854,0
42.8230,-86.0678,89
39.6200,-106.3800,2210
48.8600,-121.4400,4521
39.3000,-106.6100,1168
41.8633,-89.2257,94
40.6142,-79.7192,0
40.9645,-79.1989,15
39.0589,-92.4370,0
42.6000,-116.5600,305
46.8700,-121.5300,2997
66.9200,-151.5300,635
42.4647,-79.0031,76
41.2233,-85.0570,23
40.7100,-106.0100,1549
40.8400,-110.6600,1524
36.2500,-115.6300,229
42.3200,-113.6200,4140
42.5600,-111.3000,2845
47.2900,-120.3700,1295
42.8700,-109.0900,1422
40.0781,-88.2537,74
39.8795,-84.1278,71
41.5200,-117.6300,406
43.7300,-113.8300,2007
40.3600,-116.8600,610
46.1200,-117.8500,2311
41.4000,-107.2600,1245
36.0512,-83.9862,0
36.1066,-88.0443,0
43.0051,-78.8660,0
40.3175,-88.3503,51
41.3315,-88.3141,84
61.7500,-150.8900,762
30.8176,-83.8965,0
39.5600,-114.6300,483
41.8300,-115.4500,2438
42.1600,-114.1900,2362
38.8500,-120.0800,1778
34.8240,-92.2531,0
38.7700,-111.6800,2794
40.9300,-111.8100,2438
38.3833,-81.8344,0
45.4600,-121.7000,1346
39.0900,-106.5400,2032
36.5800,-105.4600,1651
38.8500,-119.9400,737
39.6646,-83.9707,79
44.4100,-113.4000,1803
43.2700,-115.3500,1270
45.8802,-123.2946,0
44.5164,-122.9171,0
42.1800,-114.2900,2972
41.5193,-87.9193,91
46.4400,-112.1900,1473
36.3100,-115.6800,457
41.2492,-85.7967,48
44.2500,-118.5200,1930
46.9300,-121.9500,0
40.5700,-112.1700,1575
32.4066,-96.3347,0
41.4700,-111.5000,2870
42.0500,-122.8500,1016
37.9542,-87.3741,0
40.8656,-74.3851,0
40.7623,-74.9719,0
33.9000,-109.1600,76
45.7192,-108.5218,391
46.3200,-121.9400,1270
39.5768,-78.8498,23
45.8900,-110.9400,3607
46.0900,-121.7600,2337
51.5694,-107.2341,152
38.6800,-111.6000,1727
42.8972,-85.7791,117
46.1000,-121.9600,0
41.3800,-111.9200,1422
37.3480,-108.5596,81
48.8800,-121.2600,2388
41.2400,-106.2300,2261
40.9800,-110.8500,584
32.3191,-90.0806,0
40.4407,-105.0619,216
45.6063,-122.5104,0
41.8939,-88.4761,86
40.8000,-110.8800,1270
41.9211,-72.9636,0
40.8700,-111.7200,2083
45.1500,-118.2200,787
43.7000,-109.6700,2184
41.3300,-106.3800,3226
44.3000,-122.0400,229
44.5800,-107.2000,1143
39.6249,-75.7861,5
41.0072,-76.4483,0
61.0700,-149.4800,1702
43.7600,-116.1000,2616
38.9302,-84.1420,3
45.6968,-108.7337,381
61.1900,-145.6500,1880
41.4089,-87.3899,127
38.2800,-119.6100,4216
40.0815,-104.9459,28
64.8500,-147.8000,305
36.4700,-105.1900,965
42.0800,-123.3400,25
42.5933,-71.0186,76
49.7556,-96.9094,328
42.7100,-118.6300,4089
39.1900,-120.2600,3200
45.4300,-121.8600,1168
42.7300,-106.3200,1168
43.3800,-109.8800,1930
48.1300,-113.0200,4648
36.3200,-115.7000,559
38.4800,-112.3900,1372
46.6200,-121.3900,3505
41.9900,-120.7200,0
42.7000,-122.1400,584
48.9500,-118.9900,1016
38.3139,-81.7186,0
40.9500,-110.4800,864
38.8000,-111.6800,1295
48.0757,-117.1926,406
37.7847,-79.9165,0
35.7373,-83.9132,0
40.9100,-110.5000,1422
40.2104,-74.6204,5
45.6911,-118.8522,0
40.3700,-106.7400,2769
35.2300,-108.2700,406
45.4200,-110.0900,2311
40.8900,-110.8300,838
44.6600,-118.4300,1372
40.0400,-105.7500,2235
44.8400,-114.2700,1600
39.3000,-111.4500,2591
43.2300,-121.8100,254
39.4300,-120.3100,2997
46.3958,-108.5489,102
46.5800,-111.2700,1676
46.7800,-110.6200,3505
37.6600,-112.7400,737
39.4900,-106.1700,2184
40.1519,-89.3386,51
44.7600,-118.3100,1321
45.2700,-117.6900,2794
40.3600,-111.0900,1270
48.1600,-113.9500,6502
46.8700,-113.2800,2007
40.8200,-106.7500,2642
42.7500,-73.6833,0
35.1400,-112.1500,432
42.8700,-122.1700,2134
39.0800,-106.6100,2388
38.7900,-111.6900,1702
47.3500,-120.6800,1067
27.9855,-81.7902,0
31.8142,-93.0856,0
47.5939,-52.7288,0
41.5828,-70.5803,0
37.7100,-107.5100,2261
38.1600,-106.6000,813
38.6811,-77.7678,686
45.5400,-123.3700,0
38.7575,-120.6046,0
48.6900,-117.1800,2184
40.6100,-111.1000,1524
43.8000,-121.9500,2134
39.7400,-113.9800,1143
40.6262,-74.6535,0
59.7400,-151.2500,254
46.5600,-111.2900,2591
60.1900,-149.6200,508
44.7900,-112.0600,1041
45.2500,-123.2800,0
47.0000,-113.9300,5182
46.3500,-111.8500,1499
34.7056,-76.9898,0
46.7281,-116.9558,0
42.5900,-108.9000,1473
37.3996,-119.7381,0
41.8900,-111.5700,1651
44.2600,-119.0200,813
47.5400,-121.0900,2108
33.9554,-86.5439,0
37.6500,-107.8100,965
39.7200,-106.1600,1422
47.2700,-121.3400,1829
46.6300,-114.5800,3581
40.8100,-105.7700,2083
62.1300,-150.0400,584
37.9221,-78.2519,0
39.3677,-96.3883,10
41.6498,-83.6203,18
44.6825,-91.1358,152
39.6186,-87.6672,25
47.6800,-121.6100,889
41.7392,-77.9711,0
41.4082,-83.6716,25
45.6700,-113.9500,2972
37.4900,-112.5800,305
40.7683,-89.6672,114
40.7900,-106.6000,3632
42.4100,-121.6800,1854
43.6300,-115.4400,4674
47.3934,-120.3018,124
46.3600,-112.2600,2261
60.5500,-145.7500,711
47.5300,-115.7800,1956
46.4157,-108.4885,442
39.4745,-83.8361,61
42.3778,-87.9674,81
46.6400,-121.3800,1295
40.7301,-85.1607,51
33.8100,-110.9200,610
44.6300,-115.7900,3708
41.9766,-88.0598,69
40.0600,-107.0100,1448
29.7409,-97.6802,0
39.1661,-85.9228,0
41.9950,-75.9650,0
43.6300,-113.9700,1676
32.0063,-102.1463,0
35.7700,-105.7800,1499
41.3300,-106.5000,1118
42.7600,-112.4800,1676
38.9300,-120.0500,0
40.6831,-74.5524,0
39.0981,-79.4322,102
40.9700,-111.8100,2235
42.4650,-92.3410,76
40.9136,-90.2935,46
40.4586,-79.4503,254
45.7000,-115.2300,4242
39.9734,-76.9178,5
44.9800,-111.9500,584
44.3539,-75.5122,254
41.9200,-113.4100,2438
39.6600,-110.3800,737
44.1600,-107.1300,1626
40.4300,-105.7300,2286
47.2800,-121.6700,178
41.2144,-85.1242,43
48.7748,-104.5670,196
44.8500,-113.8400,1346
35.5813,-88.8306,0
44.6826,-63.8602,0
65.0800,-145.8700,559
44.4560,-92.2907,102
38.6169,-77.9696,36
44.6481,-86.2100,0
44.7700,-116.2500,1702
40.5600,-111.6600,3810
37.7398,-89.8603,0
41.4600,-106.2800,3099
37.4800,-107.6300,1575
43.1900,-122.1400,330
39.5247,-104.5229,28
42.3611,-82.2443,10
41.6228,-86.0127,48
37.7500,-112.7800,1143
43.6100,-122.1200,1067
29.5120,-95.0994,0
42.0609,-80.1526,48
34.8600,-111.6100,279
44.1400,-121.6400,1041
41.5417,-87.2715,117
41.4644,-81.0652,66
37.8900,-107.7100,2565
38.8400,-119.8900,1143
42.3489,-77.7044,0
44.5103,-109.0994,3
39.1700,-120.1500,279
39.6561,-75.3338,5
42.2845,-83.0346,30
40.5300,-105.8900,2362
45.0500,-109.9100,3988
39.1300,-114.9600,787
38.5500,-119.8000,1930
63.9400,-145.4000,635
38.3000,-119.5500,76
39.7194,-76.8028,51
47.1800,-114.3300,2388
45.4100,-112.9600,2438
37.0200,-106.4500,2159
44.1386,-123.0658,0
43.0789,-85.6282,119
39.3100,-109.5300,584
39.7714,-89.7828,15
39.8826,-105.1056,74
44.6500,-109.7800,4191
44.0412,-80.6893,0
41.4405,-93.6883,107
36.7200,-106.2600,1600
42.3000,-110.6800,3023
43.6700,-109.3800,1346
40.7819,-79.2375,0
41.7400,-115.4700,1372
67.9300,-162.2800,152
39.7006,-85.8950,66
39.0171,-95.6113,0
44.5000,-107.4300,1905
43.8700,-114.7100,2972
45.0700,-116.4500,2388
42.3200,-120.8300,0
45.0700,-118.1500,1372
37.1306,-80.5720,0
42.7900,-121.9800,559
38.3455,-120.7719,0
44.1300,-110.6700,2870
38.5458,-78.0981,0
33.9200,-109.4600,381
41.3569,-88.7883,46
40.2835,-78.8901,25
34.3700,-111.0100,660
40.4000,-105.9600,2235
47.2000,-121.7800,914
36.5869,-93.2692,0
29.4944,-95.1036,0
39.0900,-107.6300,1295
41.6931,-73.0600,0
40.9733,-87.2905,66
42.6400,-120.9500,1016
39.6513,-75.8856,5
47.8700,-123.0800,229
29.5201,-95.0560,0
38.6661,-78.3728,584
41.9700,-111.6000,2896
45.0600,-109.9400,4928
42.5800,-109.0900,1092
42.8095,-106.3315,213
40.8900,-105.6600,1270
39.5865,-86.6333,20
39.1147,-76.6989,15
45.5519,-116.3028,0
43.8977,-78.8744,0
45.1395,-93.4207,46
44.6100,-122.2300,940
40.7739,-84.0800,61
42.0100,-115.0000,1981
43.1631,-93.1953,127
46.9300,-110.9000,1753
41.7600,-115.6900,991
41.4100,-111.8300,1372
43.7800,-110.9300,6020
42.8532,-90.7086,51
40.7400,-110.6200,2057
37.4900,-112.5100,279
39.0419,-85.0363,5
46.9100,-110.8500,2210
41.5090,-71.1590,0
39.1002,-78.1802,3
41.1599,-81.2321,13
38.9669,-95.2967,0
47.0200,-121.4600,2743
39.9600,-110.9900,1422
45.5000,-110.0800,787
41.0167,-93.8175,46
40.1275,-79.4058,25
41.3600,-106.2300,2718
45.6000,-111.9600,2184
39.6500,-105.8700,2464
42.7243,-73.7570,0
47.9900,-120.5700,1880
48.8700,-121.7900,1448
39.8785,-85.6849,76
40.1400,-105.5900,2515
37.8500,-107.7300,1549
40.9142,-91.4293,114
59.8600,-151.3200,1067
46.9500,-116.3400,889
39.7725,-88.8655,25
44.4400,-121.9500,457
38.3000,-112.3600,1321
40.9200,-110.1900,787
46.1900,-122.2500,1067
39.1516,-77.2368,64
33.6900,-109.2200,229
34.2024,-78.0948,0
44.3700,-110.5800,1829
40.0668,-93.4576,20
40.5083,-74.8152,5
47.5857,-122.6092,0
42.5430,-114.5525,0
47.3600,-121.5700,330
46.7900,-110.6800,2083
37.8000,-107.9200,1676
40.5300,-106.7800,2464
39.8994,-86.1283,76
39.7148,-105.3551,0
40.8784,-87.8462,76
39.0172,-92.7558,0
39.3200,-114.6200,1143
38.2429,-83.3449,0
39.3933,-84.4770,36
48.3100,-114.8400,1499
64.7900,-141.2300,559
33.3600,-107.8300,254
44.5300,-111.4100,3048
35.0700,-111.8400,559
39.6490,-104.7758,61
43.7003,-71.4664,0
43.5000,-109.7500,1499
45.1700,-113.5800,5029
41.5508,-71.6346,0
47.4600,-115.7100,2540
37.5000,-108.1100,1499
41.2500,-111.4100,1372
40.8400,-110.0100,1118
38.1044,-103.5460,0
33.7476,-84.7452,0
40.3100,-105.6400,2083
39.0600,-108.0600,1321
61.3900,-150.0300,356
44.8300,-118.1900,1880
48.2000,-120.9200,6680
40.1597,-89.4532,33
40.5355,-82.5628,48
48.9800,-115.8200,1194
40.6000,-111.5800,2159
44.0487,-103.2173,20
41.2800,-85.4729,61
34.9968,-101.9307,13
40.2000,-105.6000,1676
39.1448,-86.0467,10
40.0403,-82.7980,56
48.5300,-120.9900,2591
39.0300,-106.0800,610
61.3500,-142.7100,508
40.7900,-111.1200,1219
46.1600,-122.1800,1930
40.5358,-94.8879,18
40.0679,-105.0293,0
38.6418,-77.7672,28
40.7571,-74.5384,0
37.7000,-112.6500,483
40.3900,-106.6000,2769
37.7996,-98.2826,10
36.3188,-85.5019,0
41.6700,-117.5700,1880
38.9964,-76.8444,66
40.5400,-106.6800,4445
40.4100,-105.8200,2896
36.5100,-106.3200,1067
37.7500,-107.6900,1626
34.2650,-88.7658,0
44.7597,-92.8689,76
45.5300,-123.3000,0
40.9556,-88.8009,81
38.4900,-106.3400,2083
36.4100,-105.3300,838
60.7300,-150.4800,203
32.1154,-81.2509,0
37.5100,-113.4000,610
39.9400,-112.4100,584
44.6100,-111.1500,1880
44.0250,-66.1030,0
39.8700,-111.2800,1880
40.6834,-74.5731,0
39.0500,-111.4700,1930
38.5000,-111.7700,1321
39.0701,-76.8658,13
44.4000,-107.0600,1829
45.8165,-100.0070,69
45.8619,-96.5650,127
40.6702,-76.2308,8
33.8000,-109.1500,127
39.6600,-105.5900,610
41.6293,-88.2991,71
39.6919,-77.1171,0
29.4854,-98.6561,0
40.6233,-93.9508,25
37.6500,-108.0100,1168
39.2499,-81.8694,1346
38.9036,-76.7259,18
40.9234,-73.3305,0
40.0610,-87.9638,69
46.4800,-115.6300,4851
39.4500,-111.2700,2032
47.9800,-114.3500,1778
38.8800,-105.0700,584
44.4200,-111.3900,1981
64.8500,-146.2100,1092
39.4206,-79.0050,0
40.3503,-86.4867,81
45.1187,-95.0551,38
39.6025,-104.9762,170
41.7500,-117.5300,406
44.3000,-115.2300,2896
45.5600,-118.4500,483
40.1358,-84.2476,71
41.3719,-92.4975,104
39.6920,-86.5299,38
42.9864,-78.8706,0
41.7981,-89.6414,0
36.1300,-105.5300,432
34.4972,-87.2300,0
40.1282,-82.5158,58
43.2800,-109.4500,1168
38.8423,-80.2723,13
41.8482,-88.3144,0
37.3300,-105.0700,381
43.4500,-122.1400,1956
40.1526,-84.4613,53
34.0151,-81.1920,0
43.1300,-110.2000,2261
34.3100,-110.7500,432
46.1800,-121.9300,559
38.7853,-76.9947,18
46.8400,-116.1200,3607
37.5300,-113.0500,1270
39.9226,-79.7140,71
37.4900,-107.5100,1372
38.0288,-84.8988,0
40.2469,-75.9981,3
39.3200,-111.4900,1905
44.4800,-110.1600,2616
39.0974,-77.0487,23
38.8592,-96.1058,0
42.7500,-118.6900,1194
48.1700,-109.6500,991
37.4700,-106.5400,914
40.1838,-74.2448,13
43.2300,-122.4300,25
39.5280,-104.9532,94
40.8398,-74.5432,0
39.1607,-77.9885,58
42.6617,-71.9358,0
45.0100,-110.0100,1829
38.3000,-112.4400,991
39.7667,-105.1142,160
38.8011,-76.5147,3
41.2200,-111.3600,254
33.7600,-109.4800,152
47.2300,-120.2900,1118
44.4200,-84.0233,0
46.2700,-113.1600,3658
39.3092,-82.2328,81
44.7900,-116.0900,533
39.0200,-107.0500,3200
37.3800,-106.5500,914
40.2300,-106.6000,2159
48.5200,-120.7400,4928
65.2500,-146.1500,711
47.3000,-121.6000,965
42.9500,-111.3600,1829
41.0600,-106.7100,3023
42.5200,-111.9600,1981
45.5100,-111.9200,2388
39.1400,-111.5600,1626
40.6000,-110.4300,1448
44.8353,-122.6836,0
42.5336,-75.6306,0
42.1103,-72.1269,0
39.5600,-115.8400,610
39.9810,-83.0401,61
46.2700,-121.9600,1372
45.6900,-113.9700,4216
40.1951,-105.1323,119
29.4053,-94.9092,0
38.2210,-84.8175,0
41.7136,-89.3247,155
40.7600,-111.6300,1930
46.3526,-61.0776,142
38.4000,-119.5400,1118
37.2100,-105.2000,1600
58.1900,-133.8300,2997
40.2707,-74.7295,0
39.2849,-85.9526,10
40.8524,-74.8282,3
43.0768,-98.9466,137
40.1900,-111.3600,1422
37.8900,-108.2000,1549
36.1502,-86.5738,0
40.8250,-92.8925,102
33.7400,-108.9500,203
46.1400,-114.5100,6452
37.4900,-106.8400,1905
41.8183,-86.3423,97
40.8990,-85.7872,69
45.0000,-117.1700,3378
42.4093,-86.0481,119
46.8800,-113.3200,1372
