35.4017,-99.0583,39
31.8769,-105.2369,44
40.8142,-85.1547,-22
34.9142,-98.2922,17
35.1489,-98.4658,22
34.1678,-97.9883,50
44.2394,-95.3153,-6
35.1867,-102.0797,22
34.3325,-96.6789,28
35.3736,-83.7006,6
39.3925,-101.0689,-6
35.5461,-99.7278,39
36.7256,-99.1422,28
41.1453,-85.4897,-33
35.5083,-98.7750,22
38.9422,-92.3200,-6
36.7081,-98.7094,22
45.4825,-120.7236,28
35.8542,-97.9544,28
35.1131,-89.2122,39
35.8489,-97.4797,39
34.7292,-98.5694,33
35.6214,-88.8456,11
36.0286,-99.3464,17
35.1228,-99.3600,39
42.1397,-87.7853,-6
35.1297,-89.8036,6
45.6750,-111.1550,-11
36.8314,-99.6411,17
29.6211,-96.3661,44
34.7156,-97.2292,28
35.5419,-97.3414,44
34.5519,-96.7178,39
34.9819,-97.5208,33
35.4139,-86.8086,28
43.2828,-123.3536,50
42.0208,-93.7742,-33
34.7986,-96.6692,50
36.4119,-97.6939,28
34.9678,-97.9519,39
33.3867,-97.7164,17
36.1903,-99.0403,28
31.2353,-88.9186,56
46.7281,-116.9558,6
34.2392,-98.7444,44
33.9208,-96.3203,33
35.7197,-86.9653,28
35.4842,-98.4814,17
34.3086,-95.9969,17
30.5467,-87.8808,67
38.8586,-99.3358,39
40.0739,-87.5067,-11
40.4719,-74.4364,0
32.4219,-93.6381,111
34.1936,-97.5881,39
36.1472,-97.2858,22
32.8472,-97.4761,50
34.5658,-96.9503,56
33.2422,-103.3611,22
36.5994,-89.9894,-44
36.1056,-82.8436,17
33.8936,-97.2692,39
36.0642,-97.2128,33
38.7386,-87.4878,-22
36.1208,-97.0953,39
35.8989,-98.9603,33
33.1772,-90.4919,72
38.5350,-121.7761,94
35.2050,-99.8033,22
34.5872,-99.3381,39
34.6892,-86.8819,28
31.9461,-90.3775,33
35.0708,-96.3561,33
36.8981,-96.9103,11
35.6872,-90.0964,17
40.7833,-81.9167,-11
36.0719,-99.9031,17
31.4269,-94.8942,44
33.7092,-93.5564,28
34.4397,-99.1375,39
63.9647,-145.1050,-56
34.6089,-96.3331,39
34.8358,-99.4239,17
34.1381,-88.9983,44
35.2006,-103.6867,6
40.1100,-87.9567,-39
34.1647,-88.7239,11
36.3558,-97.1531,22
36.3925,-89.0317,28
34.2281,-97.2014,50
34.3997,-98.3458,33
36.9869,-99.0108,28
36.7542,-97.2544,22
35.9328,-88.7267,0
44.9847,-93.1772,-6
39.7194,-76.8028,0
35.9986,-97.0481,17
34.7281,-90.3683,22
35.8417,-98.5261,44
41.4439,-86.9294,0
36.7925,-97.7458,11
36.4231,-99.4167,33
39.4833,-83.8500,-17
34.8494,-97.0031,39
34.5289,-97.7647,44
34.6856,-99.8333,39
36.1167,-97.6067,22
35.1714,-96.6311,44
39.8058,-90.8236,-44
40.4750,-86.9919,-33
36.0908,-106.0567,11
40.7928,-87.7556,-39
35.5914,-99.2706,22
32.4714,-87.2314,111
31.0383,-85.8708,72
36.2633,-98.4975,33
34.1922,-97.0858,44
35.3647,-96.9481,28
34.5989,-103.2161,-6
34.1864,-90.5572,6
34.7675,-106.7611,0
41.6661,-111.8914,-22
34.7392,-90.7664,0
36.3444,-88.8636,33
40.2539,-85.1483,-11
36.6897,-108.3086,-11
36.7481,-98.3628,17
35.6528,-96.8042,28
32.0997,-91.7022,39
34.9897,-99.0528,33
34.8083,-98.0233,33
41.8161,-80.4250,6
47.0575,-109.9514,11
39.3669,-101.7000,-6
34.0356,-96.9433,33
41.0267,-86.5867,17
35.0322,-97.9144,22
35.2722,-97.9553,39
40.9361,-90.7197,-28
36.3842,-98.1114,28
45.5900,-95.8744,-39
44.0708,-93.5264,-44
35.5483,-98.0364,22
31.3706,-100.4942,56
35.8819,-83.9572,33
36.0147,-85.1314,-6
36.4711,-86.8414,39
34.1925,-86.7972,39
35.2358,-97.4647,33
32.8986,-80.0403,94
