43.8544,-116.4664,11
43.9794,-117.0247,17
40.1100,-87.9567,-6
41.1453,-85.4897,-50
33.8083,-79.8567,56
47.0575,-109.9514,11
33.2564,-81.2422,39
34.1944,-79.2472,33
41.8161,-80.4250,6
40.4750,-86.9919,-17
32.7547,-104.3836,6
34.2183,-81.0731,72
42.7831,-71.4147,-28
37.1317,-86.1481,28
37.8194,-85.3847,6
42.1397,-87.7853,6
44.4933,-68.4583,0
40.4719,-74.4364,0
62.1925,-150.5033,-6
37.0683,-88.7725,17
46.8706,-68.0172,-6
38.4558,-86.6983,-6
40.2233,-86.1086,39
44.9847,-93.1772,-6
34.4719,-81.8839,61
35.6214,-88.8456,50
32.3500,-94.6500,56
37.9311,-98.0297,0
40.0739,-87.5067,-6
39.4833,-83.8500,-17
42.2947,-83.7108,-28
37.1244,-87.8672,0
38.4661,-101.7758,-11
27.7792,-97.5056,100
38.7003,-82.4736,39
39.4700,-80.8572,11
38.7386,-87.4878,-22
28.7156,-97.1742,106
41.0267,-86.5867,-6
42.6006,-114.7453,17
34.1419,-80.8700,56
35.6042,-91.2744,67
45.0853,-67.1203,-6
34.6603,-82.8236,61
38.8894,-86.5519,22
64.9156,-148.2711,11
42.3806,-96.9575,-11
32.2822,-106.7597,39
41.4439,-86.9294,-11
40.7928,-87.7556,-22
47.6811,-117.6267,-28
33.7775,-81.8467,67
40.9361,-90.7197,-6
36.1306,-80.5481,33
32.5133,-92.3486,44
40.2539,-85.1483,6
46.3414,-86.9242,0
38.3139,-81.7186,17
36.7578,-90.4056,39
28.8608,-97.0181,128
40.8142,-85.1547,-44
37.9931,-100.8122,17
37.1167,-84.6167,100
36.5914,-101.6181,6
20.7583,-156.3211,128
43.8544,-116.4664,11
43.9794,-117.0247,17
40.1100,-87.9567,-6
41.1453,-85.4897,-50
33.8083,-79.8567,56
47.0575,-109.9514,11
33.2564,-81.2422,39
34.1944,-79.2472,33
41.8161,-80.4250,6
40.4750,-86.9919,-17
32.7547,-104.3836,6
34.2183,-81.0731,72
42.7831,-71.4147,-28
37.1317,-86.1481,28
37.8194,-85.3847,6
42.1397,-87.7853,6
44.4933,-68.4583,0
40.4719,-74.4364,0
62.1925,-150.5033,-6
37.0683,-88.7725,17
46.8706,-68.0172,-6
38.4558,-86.6983,-6
40.2233,-86.1086,39
44.9847,-93.1772,-6
34.4719,-81.8839,61
35.6214,-88.8456,50
32.3500,-94.6500,56
37.9311,-98.0297,0
40.0739,-87.5067,-6
39.4833,-83.8500,-17
42.2947,-83.7108,-28
37.1244,-87.8672,0
38.4661,-101.7758,-11
27.7792,-97.5056,100
38.7003,-82.4736,39
39.4700,-80.8572,11
38.7386,-87.4878,-22
28.7156,-97.1742,106
41.0267,-86.5867,-6
42.6006,-114.7453,17
34.1419,-80.8700,56
35.6042,-91.2744,67
45.0853,-67.1203,-6
34.6603,-82.8236,61
38.8894,-86.5519,22
64.9156,-148.2711,11
42.3806,-96.9575,-11
32.2822,-106.7597,39
41.4439,-86.9294,-11
40.7928,-87.7556,-22
47.6811,-117.6267,-28
33.7775,-81.8467,67
40.9361,-90.7197,-6
36.1306,-80.5481,33
32.5133,-92.3486,44
40.2539,-85.1483,6
46.3414,-86.9242,0
38.3139,-81.7186,17
36.7578,-90.4056,39
28.8608,-97.0181,128
40.8142,-85.1547,-44
37.9931,-100.8122,17
37.1167,-84.6167,100
36.5914,-101.6181,6
20.7583,-156.3211,128
