44.2100,-110.6700,76
35.7700,-105.7800,49
36.9600,-106.6600,33
36.0700,-105.6300,39
46.2400,-117.3900,72
36.7900,-105.2400,46
35.3400,-111.6500,55
39.3100,-111.4300,132
35.7800,-105.5400,28
36.5100,-106.3200,10
43.7600,-116.1000,68
38.4000,-119.5400,61
43.7300,-113.8300,63
36.9900,-105.2600,45
35.9200,-106.3900,32
43.8000,-114.8500,69
44.7900,-116.0900,42
39.2900,-117.1100,28
40.3000,-111.2600,58
36.3200,-115.7000,34
39.3600,-106.0600,84
36.8600,-106.2300,15
36.0000,-106.8300,25
39.8000,-106.0300,333
43.7600,-115.2400,75
40.8300,-111.7600,35
36.7200,-106.2600,50
36.2500,-115.6300,25
36.1900,-105.5600,30
48.7200,-116.4600,33
36.0300,-106.8100,53
39.4300,-120.3100,42
40.5300,-106.7800,56
44.3800,-116.3400,64
41.4000,-107.2600,46
36.3100,-115.6800,35
39.1900,-120.2600,140
36.1300,-105.5300,28
