40.5300,-106.7800,23
36.1900,-105.5600,57
40.3000,-111.2600,311
44.3800,-116.3400,353
36.0000,-106.8300,298
39.1900,-120.2600,304
43.8000,-114.8500,0
36.7200,-106.2600,228
46.2400,-117.3900,324
35.3400,-111.6500,227
36.9900,-105.2600,247
39.2900,-117.1100,164
36.3100,-115.6800,157
38.4000,-119.5400,212
48.7200,-116.4600,60
39.3100,-111.4300,297
35.9200,-106.3900,174
39.4300,-120.3100,313
41.4000,-107.2600,150
39.8000,-106.0300,223
44.2100,-110.6700,297
44.7900,-116.0900,223
36.8600,-106.2300,14
36.5100,-106.3200,12
35.7700,-105.7800,28
39.3600,-106.0600,107
36.2500,-115.6300,204
40.8300,-111.7600,94
36.7900,-105.2400,4
43.7300,-113.8300,288
36.0700,-105.6300,177
36.1300,-105.5300,152
43.7600,-116.1000,44
43.7600,-115.2400,50
36.0300,-106.8100,70
36.9600,-106.6600,130
