43.8544,-116.4664,311
43.9794,-117.0247,233
40.1100,-87.9567,167
41.1453,-85.4897,117
33.8083,-79.8567,250
47.0575,-109.9514,228
33.2564,-81.2422,222
34.1944,-79.2472,222
41.8161,-80.4250,189
40.4750,-86.9919,183
32.7547,-104.3836,239
34.2183,-81.0731,278
42.7831,-71.4147,189
37.1317,-86.1481,244
37.8194,-85.3847,250
42.1397,-87.7853,211
28.4575,-97.7061,283
44.4933,-68.4583,167
40.4719,-74.4364,172
62.1925,-150.5033,156
37.0683,-88.7725,250
46.8706,-68.0172,183
38.4558,-86.6983,217
40.2233,-86.1086,244
44.9847,-93.1772,200
34.4719,-81.8839,261
35.6214,-88.8456,272
32.3500,-94.6500,289
37.9311,-98.0297,233
40.0739,-87.5067,217
39.4833,-83.8500,189
42.2947,-83.7108,183
34.7289,-80.0389,272
37.1244,-87.8672,211
38.4661,-101.7758,233
27.7792,-97.5056,267
38.7003,-82.4736,256
39.4700,-80.8572,206
38.7386,-87.4878,211
28.7156,-97.1742,278
41.0267,-86.5867,189
34.1419,-80.8700,256
35.6042,-91.2744,272
45.0853,-67.1203,189
38.5200,-89.8467,244
34.6603,-82.8236,278
38.8894,-86.5519,217
64.9156,-148.2711,61
42.3806,-96.9575,194
32.2822,-106.7597,311
41.4439,-86.9294,206
47.6811,-117.6267,206
33.7775,-81.8467,283
40.9361,-90.7197,222
36.1306,-80.5481,244
32.5133,-92.3486,256
44.8831,-85.6753,200
40.2539,-85.1483,211
32.9206,-86.6708,222
46.3414,-86.9242,150
38.3139,-81.7186,206
36.7578,-90.4056,261
28.8608,-97.0181,306
40.8142,-85.1547,161
37.9931,-100.8122,239
37.1167,-84.6167,222
44.5208,-101.6192,156
36.5914,-101.6181,256
20.7583,-156.3211,206
