38.8586,-99.3358,411
38.9422,-92.3200,272
34.7392,-90.7664,306
34.7986,-96.6692,378
33.8936,-97.2692,383
45.5900,-95.8744,256
36.4231,-99.4167,361
34.2392,-98.7444,322
35.8542,-97.9544,361
36.4711,-86.8414,289
35.3647,-96.9481,367
35.9328,-88.7267,289
36.1903,-99.0403,344
40.1100,-87.9567,239
41.1453,-85.4897,222
47.0575,-109.9514,272
36.0642,-97.2128,367
34.5872,-99.3381,339
44.6342,-123.1900,328
36.3842,-98.1114,350
36.1056,-82.8436,250
36.7081,-98.7094,350
34.6892,-86.8819,261
41.8161,-80.4250,200
40.4750,-86.9919,261
34.6089,-96.3331,306
30.5497,-84.5836,278
36.1472,-97.2858,361
36.4119,-97.6939,356
43.0431,-96.9033,222
34.1864,-90.5572,289
35.2050,-99.8033,378
39.3669,-101.7000,289
32.2061,-90.5133,294
34.7675,-106.7611,383
31.8769,-105.2369,383
35.4842,-98.4814,350
42.1397,-87.7853,256
45.6750,-111.1550,272
36.7481,-98.3628,361
34.9678,-97.9519,389
39.7194,-76.8028,283
35.1867,-102.0797,317
40.7833,-81.9167,194
35.5461,-99.7278,350
35.1131,-89.2122,333
33.8103,-91.2778,261
35.5083,-98.7750,356
33.4311,-90.9108,322
34.7281,-90.3683,333
40.4719,-74.4364,278
34.7292,-98.5694,400
63.9033,-152.2817,111
30.5467,-87.8808,322
34.9897,-99.0528,356
33.7092,-93.5564,356
34.0356,-96.9433,356
31.3625,-85.3397,328
36.1167,-97.6067,356
42.0208,-93.7742,228
35.5914,-99.2706,344
35.1297,-89.8036,294
33.9208,-96.3203,367
34.9142,-98.2922,361
44.9847,-93.1772,250
39.8058,-90.8236,267
35.6214,-88.8456,283
35.8819,-83.9572,272
35.5419,-97.3414,383
34.8494,-97.0031,378
40.0739,-87.5067,261
39.4833,-83.8500,206
34.5289,-97.7647,350
44.2394,-95.3153,228
36.2872,-88.2958,294
35.1714,-96.6311,378
36.0286,-99.3464,367
44.0708,-93.5264,278
34.9819,-97.5208,350
35.7197,-86.9653,261
35.9986,-97.0481,400
36.8314,-99.6411,378
31.3706,-100.4942,294
32.4714,-87.2314,278
33.4692,-88.7822,278
38.7386,-87.4878,261
34.4397,-99.1375,339
41.0267,-86.5867,272
63.9647,-145.1050,122
34.1678,-97.9883,361
37.3822,-102.2986,256
36.3444,-88.8636,283
35.4139,-86.8086,244
31.0383,-85.8708,339
32.8978,-90.8853,333
36.5994,-89.9894,261
34.6856,-99.8333,317
34.3325,-96.6789,356
36.1208,-97.0953,356
36.0147,-85.1314,222
33.2422,-103.3611,289
35.6872,-90.0964,339
36.0719,-99.9031,367
36.7256,-99.1422,322
35.1489,-98.4658,361
35.8417,-98.5261,344
35.6528,-96.8042,356
34.1936,-97.5881,339
38.5200,-89.8467,289
38.5350,-121.7761,378
33.3867,-97.7164,322
35.0708,-96.3561,350
35.2358,-97.4647,344
34.7156,-97.2292,361
35.8989,-98.9603,350
34.3997,-98.3458,372
34.5989,-103.2161,328
35.2006,-103.6867,350
41.4439,-86.9294,267
34.1647,-88.7239,317
36.9869,-99.0108,361
40.9361,-90.7197,278
35.4017,-99.0583,361
36.2633,-98.4975,367
35.5483,-98.0364,344
39.3925,-101.0689,289
34.8083,-98.0233,356
34.2281,-97.2014,356
44.8831,-85.6753,239
41.6661,-111.8914,322
34.3086,-95.9969,328
40.2539,-85.1483,278
30.7342,-85.0306,-178
32.8472,-97.4761,322
31.1414,-87.0486,294
34.5519,-96.7178,306
36.3558,-97.1531,372
31.2353,-88.9186,294
36.7925,-97.7458,356
36.8981,-96.9103,333
34.8219,-89.4347,156
34.1922,-97.0858,344
36.3925,-89.0317,322
34.4744,-91.4172,300
35.0322,-97.9144,389
31.9461,-90.3775,322
36.6897,-108.3086,350
36.0908,-106.0567,250
34.8358,-99.4239,356
32.4219,-93.6381,300
40.8142,-85.1547,233
29.6211,-96.3661,378
34.5658,-96.9503,361
32.8986,-80.0403,289
31.4269,-94.8942,256
46.7281,-116.9558,256
34.1381,-88.9983,322
35.2722,-97.9553,317
34.1925,-86.7972,278
45.4825,-120.7236,344
36.7542,-97.2544,333
33.1772,-90.4919,300
