36.3200,-115.7000,42
36.7200,-106.2600,49
43.8000,-114.8500,53
43.7600,-116.1000,59
35.7700,-105.7800,35
36.5100,-106.3200,29
40.3000,-111.2600,62
43.7600,-115.2400,59
43.7300,-113.8300,38
39.1900,-120.2600,96
39.3600,-106.0600,43
36.2500,-115.6300,62
39.2900,-117.1100,61
36.8600,-106.2300,8
46.2400,-117.3900,62
44.2100,-110.6700,94
44.7900,-116.0900,55
38.4000,-119.5400,64
35.9200,-106.3900,30
48.7200,-116.4600,64
41.4000,-107.2600,44
36.1900,-105.5600,25
40.8300,-111.7600,48
36.0300,-106.8100,33
36.0700,-105.6300,26
36.9600,-106.6600,66
35.3400,-111.6500,38
36.7900,-105.2400,81
39.4300,-120.3100,38
36.0000,-106.8300,22
40.5300,-106.7800,38
36.3100,-115.6800,40
39.8000,-106.0300,334
36.9900,-105.2600,35
36.1300,-105.5300,42
44.3800,-116.3400,41
39.3100,-111.4300,84
35.7800,-105.5400,15
