-37.6901,142.7253,70
-33.0955,151.5506,624
37.2344,-82.3436,0
36.4528,-89.3028,0
-34.9267,117.8731,226
39.7506,-92.5064,13
40.2575,-94.0269,218
38.1272,-100.5078,386
-37.8376,145.0048,12
38.5328,-106.0158,284
-37.5422,140.8137,131
40.4150,-102.6267,0
41.6211,-88.4356,213
-41.7953,145.4392,160
41.3997,-84.1119,64
-41.5211,146.7158,290
35.9675,-88.0458,0
-43.0286,147.0544,20
-38.4191,146.9656,2
-34.2971,138.0014,40
56.2472,-134.6447,3284
35.9308,-91.0547,0
-35.0266,138.7133,466
-34.5318,138.7489,24
-33.9781,116.3336,118
21.3933,-157.9750,15
41.8781,-92.7786,33
43.1889,-71.7461,0
29.0361,-80.9181,28
42.2906,-104.7625,0
-27.4361,153.5456,282
40.1167,-76.4333,0
38.0969,-83.1189,0
37.4200,-97.0497,0
29.3178,-96.0847,0
41.8497,-91.6764,277
36.2253,-90.0750,0
-33.9161,122.2083,162
-43.4086,146.9567,124
42.2147,-91.5222,483
56.3511,-133.6264,0
-34.9464,138.6519,22
