35.8489,-97.4797,2
36.3842,-98.1114,2
36.1903,-99.0403,2
36.0642,-97.2128,2
35.3647,-96.9481,2
34.0356,-96.9433,2
42.4292,-71.4425,2
-11.7508,142.5822,5
34.9678,-97.9519,2
-37.6901,142.7253,3
33.4661,-97.5797,2
34.9142,-98.2922,2
34.6375,-86.7269,3
35.8989,-98.9603,2
36.9861,-94.3553,2
36.2633,-98.4975,2
35.1714,-96.6311,2
31.8614,-95.2619,2
36.4231,-99.4167,2
35.6672,-82.1236,5
35.1261,-91.4533,5
36.6139,-83.7897,2
36.8981,-96.9103,2
36.3558,-97.1531,2
34.3325,-96.6789,2
35.5461,-99.7278,2
35.1228,-99.3600,2
34.5872,-99.3381,2
36.1472,-97.2858,2
-43.0286,147.0544,3
35.2722,-97.9553,2
37.3169,-104.9503,4
34.6089,-96.3331,2
34.2281,-97.2014,2
36.7925,-97.7458,2
36.0719,-99.9031,2
35.1314,-96.5389,10
34.7156,-97.2292,2
42.9361,-73.4325,2
19.6158,-155.0839,2
36.1167,-97.6067,2
35.2050,-99.8033,2
-35.3678,141.0625,4
35.9986,-97.0481,2
34.8083,-98.0233,2
-37.8376,145.0048,3
37.3186,-91.9625,2
34.7986,-96.6692,2
39.5108,-87.1242,2
43.2386,-76.1964,2
36.9869,-99.0108,9
35.5083,-98.7750,2
35.1489,-98.4658,2
38.1253,-82.6936,2
34.4397,-99.1375,2
35.4017,-99.0583,2
39.6731,-98.1556,5
37.6731,-82.2761,2
30.5225,-89.8742,4
57.2178,-134.8770,2
36.0286,-99.3464,2
36.8314,-99.6411,2
31.1681,-84.7664,2
35.5419,-97.3414,2
34.7292,-98.5694,2
18.4356,-66.1678,2
46.1458,-98.0919,2
34.1678,-97.9883,2
34.2392,-98.7444,2
35.8417,-98.5261,2
34.8494,-97.0031,2
35.0322,-97.9144,2
35.5483,-98.0364,2
36.1208,-97.0953,2
33.5544,-111.4425,5
35.4842,-98.4814,2
-17.4694,145.7311,2
34.6856,-99.8333,2
-42.7681,146.0461,2
34.9819,-97.5208,2
40.7747,-91.1164,7
36.4119,-97.6939,2
34.5658,-96.9503,2
34.5519,-96.7178,2
34.8358,-99.4239,2
35.5914,-99.2706,2
35.2358,-97.4647,2
35.6528,-96.8042,2
35.8542,-97.9544,2
34.9897,-99.0528,2
34.3997,-98.3458,2
-16.9806,122.6667,2
42.7392,-78.5878,2
36.7481,-98.3628,2
