32.7019,-87.5814,13
42.7392,-78.5878,79
-37.6901,142.7253,4
34.7986,-96.6692,122
36.4231,-99.4167,3
34.2392,-98.7444,51
35.8542,-97.9544,28
39.6731,-98.1556,0
35.3647,-96.9481,43
35.1228,-99.3600,36
36.1903,-99.0403,15
57.2178,-134.8770,127
36.0642,-97.2128,10
34.5872,-99.3381,30
35.8489,-97.4797,15
36.3842,-98.1114,5
-35.3678,141.0625,6
34.6089,-96.3331,178
36.1472,-97.2858,15
36.4119,-97.6939,18
31.8614,-95.2619,198
-37.8376,145.0048,4
35.2050,-99.8033,69
30.5225,-89.8742,323
35.4842,-98.4814,18
36.7481,-98.3628,3
34.9678,-97.9519,20
35.5461,-99.7278,20
35.5083,-98.7750,8
34.7292,-98.5694,3
42.4292,-71.4425,79
33.4661,-97.5797,119
34.9897,-99.0528,8
34.0356,-96.9433,124
-16.9806,122.6667,150
36.1167,-97.6067,18
46.1458,-98.0919,0
35.5914,-99.2706,28
37.6731,-82.2761,635
34.9142,-98.2922,38
-17.4694,145.7311,180
34.6375,-86.7269,264
18.4356,-66.1678,13
35.5419,-97.3414,33
34.8494,-97.0031,89
-43.0286,147.0544,90
39.5108,-87.1242,102
35.1314,-96.5389,234
35.1714,-96.6311,109
36.0286,-99.3464,5
31.1681,-84.7664,0
40.7747,-91.1164,38
34.9819,-97.5208,61
35.9986,-97.0481,8
36.8314,-99.6411,8
35.6672,-82.1236,71
34.4397,-99.1375,56
-11.7508,142.5822,568
34.1678,-97.9883,107
42.9361,-73.4325,33
35.1261,-91.4533,762
34.6856,-99.8333,33
34.3325,-96.6789,114
36.1208,-97.0953,5
36.0719,-99.9031,5
35.1489,-98.4658,18
35.8417,-98.5261,20
35.6528,-96.8042,18
43.2386,-76.1964,99
35.2358,-97.4647,20
34.7156,-97.2292,99
35.8989,-98.9603,13
34.3997,-98.3458,51
37.3186,-91.9625,178
38.1253,-82.6936,472
37.3169,-104.9503,53
33.5544,-111.4425,0
36.9869,-99.0108,91
35.4017,-99.0583,38
36.6139,-83.7897,635
36.2633,-98.4975,13
35.5483,-98.0364,23
34.8083,-98.0233,38
34.2281,-97.2014,163
34.5519,-96.7178,137
36.3558,-97.1531,10
-42.7681,146.0461,413
36.7925,-97.7458,8
36.8981,-96.9103,5
35.0322,-97.9144,33
34.8358,-99.4239,61
36.9861,-94.3553,36
34.5658,-96.9503,102
19.6158,-155.0839,968
35.2722,-97.9553,13
36.7542,-97.2544,8
