43.8544,-116.4664,100
43.9794,-117.0247,39
40.1100,-87.9567,-6
41.1453,-85.4897,-61
33.8083,-79.8567,144
47.0575,-109.9514,22
33.2564,-81.2422,111
34.1944,-79.2472,144
41.8161,-80.4250,6
40.4750,-86.9919,-28
32.7547,-104.3836,56
34.2183,-81.0731,139
42.7831,-71.4147,-6
37.1317,-86.1481,67
37.8194,-85.3847,33
42.1397,-87.7853,0
28.4575,-97.7061,161
64.1539,-145.8894,-56
44.4933,-68.4583,0
40.4719,-74.4364,-6
62.1925,-150.5033,-11
37.0683,-88.7725,28
46.8706,-68.0172,-11
38.4558,-86.6983,6
40.2233,-86.1086,22
44.9847,-93.1772,-28
35.6214,-88.8456,94
32.3500,-94.6500,128
37.9311,-98.0297,17
40.0739,-87.5067,-6
39.4833,-83.8500,-11
42.2947,-83.7108,-33
34.7289,-80.0389,111
37.1244,-87.8672,-22
38.4661,-101.7758,0
27.7792,-97.5056,172
38.7003,-82.4736,61
39.4700,-80.8572,6
38.7386,-87.4878,-6
28.7156,-97.1742,150
41.0267,-86.5867,-11
42.6006,-114.7453,56
34.1419,-80.8700,106
33.0167,-81.3167,139
35.6042,-91.2744,72
45.0853,-67.1203,0
38.5200,-89.8467,-11
34.6603,-82.8236,122
38.8894,-86.5519,28
64.9156,-148.2711,17
42.3806,-96.9575,-22
32.2822,-106.7597,161
41.4439,-86.9294,0
40.7928,-87.7556,-39
47.6811,-117.6267,-17
33.7775,-81.8467,128
40.9361,-90.7197,-6
36.1306,-80.5481,94
32.5133,-92.3486,183
44.8831,-85.6753,-44
40.2539,-85.1483,6
32.9206,-86.6708,172
46.3414,-86.9242,11
38.3139,-81.7186,56
28.8608,-97.0181,194
40.8142,-85.1547,-44
37.9931,-100.8122,28
37.1167,-84.6167,50
44.5208,-101.6192,11
36.5914,-101.6181,39
20.7583,-156.3211,194
