34.2622,-88.7714,1
32.3367,-90.2214,1
34.2675,-77.8997,1
45.2486,-122.7686,1
60.7850,-161.8292,1
39.4206,-79.0050,1
35.1767,-105.9439,1
34.8822,-95.7831,1
35.4606,-81.3289,1
42.8153,-108.7261,1
36.0097,-94.1694,1
34.1750,-91.9347,1
39.7333,-77.4333,1
29.7333,-85.0333,1
59.2381,-135.4494,1
38.3064,-79.7197,1
30.7586,-98.2339,1
44.1278,-123.2206,1
31.3214,-85.4497,1
38.3794,-81.5900,1
31.3558,-85.7511,1
40.0397,-88.2778,1
30.0675,-95.5561,1
44.6103,-92.6100,1
30.5347,-94.4456,1
30.5892,-96.3647,1
40.7789,-73.9692,1
39.3983,-77.7211,1
40.0083,-88.7267,1
40.0750,-76.0717,1
36.3189,-119.6289,1
34.9833,-76.3000,1
37.6183,-79.4358,1
40.6825,-74.1694,1
27.7839,-97.5108,1
42.9486,-78.7369,1
42.6425,-77.0564,1
28.4339,-81.3250,1
34.0500,-94.4008,1
38.3650,-82.5550,1
34.6747,-82.2267,1
41.1583,-73.1289,1
33.6361,-91.7556,1
30.0375,-91.8839,1
32.3542,-95.4025,1
40.8839,-73.3722,1
38.7853,-76.9947,1
36.0969,-79.9433,1
33.8117,-78.7239,1
30.8428,-93.2869,1
33.1783,-86.7817,1
37.5050,-77.3203,1
38.9408,-77.4636,1
38.4617,-76.6992,1
58.6794,-156.6294,1
33.5500,-102.3758,1
33.2119,-87.6161,1
35.7072,-82.0289,1
39.9444,-81.8922,1
29.7036,-98.0281,1
33.8750,-84.3022,1
36.1189,-86.6892,1
37.7433,-77.0400,1
32.6847,-83.6528,1
37.6694,-79.2775,1
36.6239,-87.4194,1
39.7750,-105.1169,1
44.2667,-71.2994,1
30.3208,-97.7603,1
35.5931,-88.9167,1
39.3450,-81.4392,1
32.3500,-91.0278,1
32.9733,-97.3181,1
27.5333,-99.4667,1
39.8256,-78.8300,1
39.7194,-76.8028,1
71.2833,-156.7814,1
35.1867,-102.0797,1
31.3347,-92.5586,1
29.6381,-95.2819,1
33.5656,-86.7450,1
37.3711,-118.3581,1
30.4781,-87.1869,1
29.1097,-95.4619,1
37.5319,-87.2669,1
30.6794,-88.2397,1
40.7794,-73.8803,1
35.8922,-78.7819,1
38.1811,-85.7392,1
38.8853,-79.8528,1
39.4019,-77.9844,1
29.1828,-81.0483,1
37.2958,-81.2078,1
26.9172,-81.9914,1
31.9514,-85.1289,1
34.7442,-87.5997,1
33.4669,-82.0386,1
61.9772,-151.2169,1
39.1667,-76.6833,1
28.8614,-96.9303,1
63.9033,-152.2817,1
30.3764,-103.6600,1
40.6508,-75.4492,1
39.3933,-81.2192,1
35.1075,-75.9872,1
32.8519,-96.8556,1
38.8100,-104.6883,1
34.1853,-79.7239,1
35.1375,-77.9892,1
36.9878,-120.1106,1
41.1389,-75.3794,1
33.9706,-80.9958,1
37.0683,-88.7725,1
35.2236,-80.9553,1
26.1522,-81.7753,1
34.2900,-93.0600,1
35.2578,-93.0947,1
34.6439,-86.7861,1
40.2769,-74.8158,1
34.8172,-102.4003,1
55.5800,-133.0750,1
33.3644,-81.9633,1
30.9119,-102.9167,1
33.7792,-84.5214,1
36.7458,-86.2258,1
31.8606,-86.0122,1
31.6189,-97.2283,1
35.5342,-97.6469,1
13.4836,144.7961,1
34.8831,-82.2203,1
29.4589,-103.4994,1
39.6428,-79.9164,1
30.3975,-84.3289,1
28.7247,-96.2536,1
39.3506,-76.6508,1
19.7192,-155.0531,1
39.6728,-75.6008,1
26.1839,-98.2539,1
34.2719,-83.8303,1
38.0328,-78.5225,1
35.5500,-88.7169,1
37.0683,-88.7719,1
33.4964,-90.0867,1
38.4547,-78.9353,1
57.1553,-170.2222,1
41.6569,-69.9589,1
40.1764,-80.6472,1
32.3919,-93.7803,1
42.1106,-104.9492,1
32.7817,-98.0603,1
37.7767,-79.4386,1
31.5358,-82.5067,1
41.7219,-71.4325,1
35.0564,-89.9864,1
35.3331,-94.3625,1
55.0389,-131.5786,1
37.0872,-84.0769,1
29.9506,-94.0206,1
36.0606,-102.5211,1
42.1608,-71.2461,1
56.2472,-134.6447,1
37.6242,-120.9506,1
38.1386,-78.4530,1
26.2281,-97.6542,1
34.4978,-82.7097,1
30.3489,-85.7881,1
30.4922,-83.7833,1
32.5156,-92.0406,1
37.6303,-104.7956,1
26.8400,-81.0872,1
32.6808,-96.8681,1
31.8456,-86.6108,1
38.3833,-81.8344,1
32.7100,-96.2672,1
35.0678,-77.0481,1
38.2900,-104.4983,1
29.9933,-90.2511,1
30.7406,-98.2353,1
15.1167,145.7167,1
35.1072,-82.6256,1
32.8339,-97.2975,1
39.8683,-75.2311,1
38.2281,-85.6636,1
40.8500,-74.0614,1
32.8978,-97.0189,1
35.0097,-85.3444,1
40.1394,-83.9289,1
31.1828,-90.4708,1
34.5467,-93.5781,1
35.9886,-92.7161,1
35.9508,-85.0814,1
34.7336,-76.6606,1
38.9536,-74.9358,1
43.1561,-90.6775,1
26.5850,-81.8614,1
38.7667,-104.3000,1
43.1111,-76.1039,1
35.7425,-81.3819,1
40.0961,-75.7514,1
37.5658,-76.8000,1
58.4111,-135.7089,1
39.2647,-77.2319,1
36.7297,-76.6014,1
42.1244,-86.4267,1
37.3208,-79.2067,1
38.9000,-77.2664,1
35.4319,-82.5375,1
30.7439,-95.5861,1
37.3261,-78.8275,1
55.2208,-162.7325,1
33.2422,-103.3611,1
41.4914,-120.5644,1
30.3567,-95.4139,1
33.4617,-80.8581,1
38.8483,-77.0342,1
31.2819,-89.2531,1
32.5161,-84.9422,1
36.9647,-86.4239,1
30.3961,-84.3556,1
29.6919,-82.2756,1
26.1658,-97.3458,1
38.0408,-84.6058,1
37.6336,-83.7161,1
29.2733,-94.8592,1
35.8311,-90.6464,1
27.4014,-82.5586,1
37.5908,-83.3131,1
33.4825,-90.9853,1
34.9914,-78.8803,1
35.2325,-75.6219,1
61.1689,-150.0278,1
36.0956,-81.8311,1
29.9800,-95.3600,1
32.2997,-86.4075,1
34.7272,-92.2389,1
33.5872,-85.8556,1
30.4844,-81.7019,1
38.1847,-84.9033,1
39.0431,-84.6717,1
40.4681,-78.7289,1
35.7636,-86.9322,1
36.0236,-84.2375,1
30.7825,-83.2767,1
27.7628,-82.6261,1
30.2050,-91.9875,1
30.5372,-91.1469,1
64.9156,-148.2711,1
29.8833,-97.9494,1
33.4536,-94.0075,1
35.2244,-85.8417,1
20.8997,-156.4286,1
32.6636,-97.0939,1
33.9486,-81.1186,1
31.2361,-94.7544,1
40.1936,-76.7633,1
66.8667,-162.6333,1
57.7511,-152.4856,1
32.3347,-88.7442,1
34.2833,-86.9142,1
33.0642,-101.0489,1
39.9964,-79.0833,1
32.0311,-96.3989,1
40.6386,-73.7622,1
62.9575,-155.6103,1
33.3633,-84.5658,1
41.6267,-73.8842,1
41.1783,-78.8989,1
37.3169,-79.9742,1
36.1878,-81.8736,1
45.5406,-122.9486,1
38.6892,-75.3592,1
28.4567,-99.2183,1
34.6081,-79.0592,1
25.9156,-97.4186,1
36.2606,-76.1750,1
27.9619,-82.5403,1
32.4506,-93.8411,1
38.8050,-83.4356,1
36.7725,-90.3247,1
33.1803,-96.5903,1
59.5119,-139.6711,1
32.3206,-90.0778,1
30.1250,-93.2158,1
19.7356,-156.0489,1
43.2389,-123.3547,1
31.5356,-84.1944,1
33.4367,-101.6472,1
29.5189,-95.2417,1
39.7078,-77.7297,1
38.3406,-75.5103,1
41.0669,-73.7075,1
35.8550,-94.0203,1
21.1544,-157.0961,1
30.3703,-103.7808,1
34.6525,-86.9453,1
32.8192,-97.3614,1
31.6419,-89.5572,1
40.3161,-78.8339,1
40.0136,-74.8178,1
59.4547,-135.3136,1
64.5111,-165.4400,1
30.3361,-81.5147,1
21.9839,-159.3405,1
41.3336,-75.7269,1
61.1781,-149.9664,1
37.7836,-81.1231,1
30.7053,-104.0233,1
42.1997,-75.9850,1
38.0264,-107.6725,1
32.3847,-94.7117,1
39.0642,-77.8883,1
36.9033,-76.1922,1
40.3667,-75.9667,1
27.7411,-98.0247,1
35.8517,-97.4142,1
32.1300,-81.2100,1
64.8039,-147.8761,1
56.8056,-132.9372,1
33.2061,-97.1989,1
56.3511,-133.6264,1
36.1617,-81.8742,1
33.6300,-84.4417,1
30.4119,-89.0808,1
36.4731,-82.4044,1
40.2964,-78.3203,1
33.9481,-83.3275,1
37.3875,-75.9744,1
36.5728,-79.3361,1
37.5442,-79.4031,1
33.3064,-92.4833,1
34.3478,-85.1611,1
37.9406,-75.4631,1
32.8986,-80.0403,1
29.6222,-95.6564,1
28.0836,-97.0464,1
28.7797,-81.2436,1
34.1231,-84.8486,1
39.4494,-74.5672,1
38.1417,-76.4292,1
40.7939,-73.1017,1
35.0311,-85.2014,1
46.9728,-123.9303,1
35.8181,-83.9858,1
31.1522,-81.3908,1
