36.3200,-115.7000,46
36.7200,-106.2600,38
43.8000,-114.8500,50
43.7600,-116.1000,63
35.7700,-105.7800,39
36.5100,-106.3200,5
40.3000,-111.2600,56
43.7600,-115.2400,54
43.7300,-113.8300,55
39.1900,-120.2600,110
39.3600,-106.0600,32
36.2500,-115.6300,55
39.2900,-117.1100,84
36.8600,-106.2300,20
46.2400,-117.3900,41
44.2100,-110.6700,74
44.7900,-116.0900,27
38.4000,-119.5400,40
35.9200,-106.3900,23
48.7200,-116.4600,26
41.4000,-107.2600,43
36.1900,-105.5600,25
40.8300,-111.7600,55
36.0300,-106.8100,27
36.0700,-105.6300,34
36.9600,-106.6600,29
35.3400,-111.6500,64
36.7900,-105.2400,49
39.4300,-120.3100,31
36.0000,-106.8300,19
40.5300,-106.7800,26
36.3100,-115.6800,45
39.8000,-106.0300,333
36.9900,-105.2600,49
36.1300,-105.5300,21
44.3800,-116.3400,36
39.3100,-111.4300,84
35.7800,-105.5400,25
