45.5406,-122.9486,1
40.7794,-73.8803,1
42.2706,-71.8731,1
40.7789,-73.9692,1
47.9742,-117.4283,1
42.7267,-114.4564,1
44.3206,-69.7972,1
46.9733,-122.9033,1
41.9381,-72.6825,1
42.3914,-96.3792,1
44.9050,-123.0011,1
41.7219,-71.4325,1
43.4075,-94.7461,1
46.1569,-123.8825,1
47.9428,-97.1839,1
45.5908,-122.6003,1
45.1947,-123.1339,1
46.0947,-118.2869,1
33.0375,-116.9158,1
44.2033,-72.5794,1
34.7436,-118.7242,1
47.2078,-119.3192,1
42.3606,-71.0106,1
48.7939,-122.5372,1
32.8342,-115.5786,1
45.6906,-118.8528,1
41.0669,-73.7075,1
47.3078,-119.5153,1
43.5667,-116.2406,1
45.7728,-122.8611,1
44.0206,-117.0128,1
48.3042,-114.2636,1
44.1278,-123.2206,1
37.2847,-120.5128,1
43.6497,-70.3003,1
46.9258,-98.6692,1
46.8706,-68.0172,1
40.8500,-74.0614,1
43.1953,-71.5011,1
43.2389,-123.3547,1
48.4608,-119.5167,1
46.5683,-120.5428,1
39.7736,-94.9233,1
47.3978,-120.2014,1
45.6478,-68.6925,1
43.5950,-118.9564,1
47.6217,-117.5281,1
43.5878,-96.7289,1
46.9253,-96.8111,1
46.1236,-67.7928,1
42.3811,-122.8722,1
