40.6006,-89.4653,1
38.7853,-76.9947,1
39.1483,-89.1022,1
41.6653,-88.9781,1
44.5378,-90.5350,1
44.2667,-71.2994,1
41.3661,-89.4519,1
38.1150,-85.6444,1
36.9647,-86.4239,1
39.7947,-88.2908,1
42.3994,-90.3861,1
41.9950,-87.9336,1
30.7342,-85.0306,1
41.5514,-88.9147,1
41.8267,-88.0581,1
46.4314,-95.5464,1
38.9000,-77.2664,1
44.2964,-112.4094,1
42.2611,-88.3953,1
43.5753,-90.6417,1
41.1733,-86.7572,1
40.4961,-88.9994,1
43.5594,-90.8761,1
38.4617,-76.6992,1
40.5492,-88.9500,1
43.8669,-91.2725,1
42.3628,-88.5314,1
42.0744,-88.7075,1
44.9800,-90.5545,1
40.0839,-88.2403,1
43.6750,-90.8078,1
40.0083,-88.7267,1
38.3217,-83.6642,1
