36.3200,-115.7000,253
36.7200,-106.2600,181
43.8000,-114.8500,360
43.7600,-116.1000,117
35.7700,-105.7800,104
36.5100,-106.3200,11
40.3000,-111.2600,182
43.7600,-115.2400,145
43.7300,-113.8300,155
39.1900,-120.2600,135
39.3600,-106.0600,165
36.2500,-115.6300,214
39.2900,-117.1100,177
36.8600,-106.2300,14
46.2400,-117.3900,177
44.2100,-110.6700,43
44.7900,-116.0900,255
38.4000,-119.5400,168
35.9200,-106.3900,147
48.7200,-116.4600,53
41.4000,-107.2600,91
36.1900,-105.5600,52
40.8300,-111.7600,80
36.0300,-106.8100,131
36.0700,-105.6300,250
36.9600,-106.6600,212
35.3400,-111.6500,301
36.7900,-105.2400,88
39.4300,-120.3100,133
36.0000,-106.8300,49
40.5300,-106.7800,44
36.3100,-115.6800,162
39.8000,-106.0300,231
36.9900,-105.2600,196
36.1300,-105.5300,39
44.3800,-116.3400,57
39.3100,-111.4300,108
35.7800,-105.5400,103
