42.7989,-86.2050,2
-12.7121,130.9889,2
-33.8136,150.9392,2
-42.9264,147.5203,7
43.1878,-91.8719,2
41.5325,-70.6589,3
41.9478,-75.6047,3
-28.9883,152.8806,4
39.0461,-78.9664,2
36.3042,-107.0542,2
38.9031,-103.0192,2
35.9647,-87.9639,2
46.6447,-88.4811,2
46.7858,-121.7425,4
-34.8484,150.1353,2
-11.7508,142.5822,2
-25.4025,149.1044,3
42.2667,-84.9667,2
-30.9963,151.2292,4
38.6311,-80.0856,3
21.3933,-157.9750,9
47.3706,-123.1600,2
42.8519,-106.2842,2
44.5767,-106.9061,2
46.7461,-87.8817,2
44.9231,-123.5750,2
34.1492,-105.6975,2
39.2000,-84.7000,2
-36.1935,149.4735,2
42.7828,-71.7986,3
