43.8544,-116.4664,83
43.9794,-117.0247,22
40.1100,-87.9567,0
41.1453,-85.4897,-28
33.8083,-79.8567,83
47.0575,-109.9514,17
33.2564,-81.2422,61
34.1944,-79.2472,44
41.8161,-80.4250,6
40.4750,-86.9919,-17
32.7547,-104.3836,50
34.2183,-81.0731,78
42.7831,-71.4147,-11
37.1317,-86.1481,50
37.8194,-85.3847,33
42.1397,-87.7853,11
28.4575,-97.7061,150
64.1539,-145.8894,-89
44.4933,-68.4583,0
40.4719,-74.4364,0
62.1925,-150.5033,-39
37.0683,-88.7725,44
46.8706,-68.0172,0
38.4558,-86.6983,33
40.2233,-86.1086,39
44.9847,-93.1772,0
34.4719,-81.8839,39
35.6214,-88.8456,78
32.3500,-94.6500,133
37.9311,-98.0297,67
40.0739,-87.5067,6
39.4833,-83.8500,-6
42.2947,-83.7108,-22
34.7289,-80.0389,72
37.1244,-87.8672,28
38.4661,-101.7758,72
27.7792,-97.5056,150
38.7003,-82.4736,56
39.4700,-80.8572,22
38.7386,-87.4878,17
28.7156,-97.1742,128
41.0267,-86.5867,-6
42.6006,-114.7453,50
34.1419,-80.8700,61
33.0167,-81.3167,100
35.6042,-91.2744,61
45.0853,-67.1203,0
38.5200,-89.8467,17
34.6603,-82.8236,72
38.8894,-86.5519,39
64.9156,-148.2711,17
42.3806,-96.9575,0
32.2822,-106.7597,183
41.4439,-86.9294,0
40.7928,-87.7556,-17
47.6811,-117.6267,-22
33.7775,-81.8467,72
40.9361,-90.7197,6
36.1306,-80.5481,39
32.5133,-92.3486,122
44.8831,-85.6753,-28
40.2539,-85.1483,6
32.9206,-86.6708,111
46.3414,-86.9242,17
38.3139,-81.7186,28
36.7578,-90.4056,72
40.8142,-85.1547,-33
37.9931,-100.8122,44
37.1167,-84.6167,56
44.5208,-101.6192,44
36.5914,-101.6181,100
20.7583,-156.3211,189
