32.5667,-117.1167,220
40.2342,-85.3936,190
30.0494,-90.0289,250
43.9906,-70.9475,190
45.6194,-121.1661,70
35.2333,-101.7089,20
34.2622,-88.7714,30
32.3367,-90.2214,270
32.6500,-114.6167,350
37.1431,-107.7597,40
37.4389,-105.8614,170
30.0481,-102.2131,30
34.2675,-77.8997,230
45.2486,-122.7686,10
46.7708,-100.7603,340
34.2008,-119.2069,290
35.2372,-120.6414,310
28.8208,-81.8097,310
43.0661,-108.4767,230
60.7850,-161.8292,10
64.7767,-141.1483,100
41.6117,-90.5808,320
37.2253,-89.5706,340
38.8169,-92.2183,310
27.4981,-80.3767,70
40.4122,-86.9369,300
38.9286,-90.4281,310
34.8822,-95.7831,330
35.0169,-80.6206,230
38.3000,-76.4167,200
36.2117,-115.1958,330
41.3461,-82.1794,190
40.9781,-124.1086,330
46.7994,-102.7972,320
37.7461,-97.2211,350
41.7806,-122.4717,250
33.0375,-116.9158,300
42.8153,-108.7261,250
32.5722,-116.9794,160
36.0097,-94.1694,320
42.5950,-87.9381,330
39.6014,-116.0056,130
47.2856,-68.3133,130
34.1750,-91.9347,360
43.0206,-102.5183,20
39.7333,-77.4333,240
44.4683,-73.1500,170
41.8833,-91.7167,320
39.8233,-93.5792,330
43.5164,-112.0672,30
36.0394,-95.9844,20
29.7333,-85.0333,140
34.4258,-119.8425,250
43.9922,-76.0217,200
41.6764,-70.9583,140
44.1278,-123.2206,40
42.2333,-83.5333,320
31.3214,-85.4497,220
38.3794,-81.5900,210
46.9208,-114.0925,90
36.7414,-104.5022,360
41.2531,-70.0608,330
44.2558,-121.1392,330
41.5272,-85.7922,320
31.3558,-85.7511,220
44.3592,-89.8369,330
37.3278,-95.5042,360
41.6264,-80.2150,290
60.1283,-149.4167,10
43.9658,-107.9508,130
42.2667,-84.4667,350
35.1442,-111.6664,40
61.2169,-149.8550,60
40.0397,-88.2778,290
64.5500,-149.0717,90
26.2500,-80.1083,70
36.9839,-77.0075,170
48.4608,-119.5167,330
40.0681,-118.5692,20
21.4500,-157.7833,220
38.8761,-98.8092,350
30.0675,-95.5561,360
44.3394,-105.5419,170
32.7800,-79.9319,180
41.0089,-74.7367,180
34.0511,-118.2353,110
37.9272,-100.7247,360
39.3792,-74.4242,210
26.5361,-81.7550,80
39.8447,-89.6839,310
37.2839,-98.5528,360
39.5703,-104.8489,180
64.3267,-158.7417,230
40.4847,-80.2144,280
30.5892,-96.3647,10
44.7694,-106.9689,140
44.0511,-101.6011,330
40.7789,-73.9692,190
44.5344,-72.6144,170
34.9894,-99.0525,20
35.3889,-97.6006,360
35.4344,-119.0542,360
33.9786,-98.4928,20
39.0725,-95.6261,350
36.3189,-119.6289,310
40.6825,-74.1694,150
40.0803,-95.5919,330
27.7839,-97.5108,170
41.9097,-70.7294,30
46.7439,-117.1086,90
42.9486,-78.7369,210
37.9917,-122.0550,350
42.6958,-73.1708,110
29.3389,-98.4719,40
42.6425,-77.0564,180
42.7431,-73.8092,170
42.0647,-104.1528,320
28.4339,-81.3250,150
44.3814,-100.2856,320
41.1519,-104.8061,180
44.3853,-74.2067,210
33.6267,-116.1594,140
37.6542,-122.1150,280
40.4422,-109.5144,230
34.0500,-94.4008,340
41.6686,-70.2800,340
38.3650,-82.5550,280
33.6228,-111.9106,70
41.1583,-73.1289,120
33.6361,-91.7556,260
59.7494,-154.9089,360
39.4519,-87.3089,280
36.7800,-119.7194,300
37.0911,-95.5664,340
30.0375,-91.8839,240
42.9550,-87.9044,330
42.1469,-121.7242,340
32.3542,-95.4025,360
39.9369,-91.1919,320
41.4525,-87.0058,310
37.7214,-122.2208,290
42.9667,-83.7494,310
37.2833,-102.6139,360
45.7728,-122.8611,140
40.8764,-74.2831,190
34.6517,-112.4208,170
36.0969,-79.9433,230
33.8117,-78.7239,240
33.1783,-86.7817,330
37.5050,-77.3203,180
45.0717,-83.5644,320
45.6689,-96.9914,350
38.9408,-77.4636,150
42.8939,-85.5447,330
42.5519,-71.7558,150
32.5428,-93.7450,360
41.2639,-72.8872,360
34.2006,-118.3575,330
58.6794,-156.6294,360
62.3200,-150.0950,30
47.5303,-122.3008,300
38.5050,-107.8975,150
45.4558,-98.4131,330
45.5511,-122.4089,90
42.1094,-77.9919,170
41.6328,-91.5431,320
33.2119,-87.6161,350
46.9253,-96.8111,340
46.1569,-123.8825,60
34.9869,-81.0575,220
40.8436,-72.6322,360
41.0731,-71.9233,10
41.3375,-84.4289,320
39.3669,-101.7000,350
36.3333,-119.9500,310
39.9444,-81.8922,280
33.4050,-118.4158,230
34.6294,-118.0836,30
34.4272,-100.2831,20
31.4208,-110.8458,150
37.3031,-108.6275,130
39.2292,-106.3169,180
44.5483,-95.0803,330
29.7036,-98.0281,40
33.8750,-84.3022,200
40.8217,-72.8689,350
42.5544,-92.4011,340
36.1189,-86.6892,190
32.6847,-83.6528,190
42.4092,-83.0100,320
36.6239,-87.4194,330
48.5428,-109.7633,240
32.2622,-107.7206,50
40.8203,-82.5178,190
31.3711,-100.4922,40
35.6169,-106.0889,120
30.3208,-97.7603,20
40.0489,-107.8853,120
41.5944,-109.0528,80
35.5931,-88.9167,10
42.7611,-87.8136,360
41.5631,-83.4764,310
47.4444,-122.3139,20
46.0947,-118.2869,220
39.3450,-81.4392,290
32.3500,-91.0278,10
32.9733,-97.3181,360
27.5333,-99.4667,80
30.7797,-86.5225,200
38.6956,-121.5897,330
48.0944,-105.5744,60
33.9519,-117.4386,120
48.2553,-101.2733,310
41.4333,-99.6333,350
7.0833,171.3833,70
38.8000,-97.6500,340
71.2833,-156.7814,160
31.3347,-92.5586,360
29.6381,-95.2819,20
45.0133,-84.7014,310
42.7461,-86.0967,330
40.1519,-122.2536,350
33.5656,-86.7450,340
27.9106,-82.6875,60
42.1128,-92.9175,320
37.3711,-118.3581,190
30.4781,-87.1869,190
29.1097,-95.4619,180
40.1203,-76.2944,150
43.4075,-94.7461,340
44.6381,-90.1875,320
30.6794,-88.2397,160
32.7667,-97.4500,20
38.4167,-113.0167,350
46.4167,-86.6500,330
33.9381,-118.3889,270
47.9078,-122.2803,360
40.7794,-73.8803,210
32.7336,-117.1831,190
38.7642,-87.6056,290
45.8183,-88.1144,320
66.9161,-151.5089,80
37.7086,-113.0944,220
40.2064,-100.5914,330
46.4267,-105.8825,170
35.8922,-78.7819,220
36.0167,-102.5500,20
38.1811,-85.7392,260
26.0719,-80.1536,100
40.6331,-93.9019,330
33.6800,-117.8664,210
41.5333,-71.2833,180
28.4736,-82.4544,290
17.7028,-64.8056,90
48.5222,-123.0231,10
40.6161,-83.0636,190
38.8853,-79.8528,310
39.4019,-77.9844,150
42.4167,-87.8667,340
29.1828,-81.0483,100
43.1406,-89.3453,340
37.2958,-81.2078,250
32.3336,-104.2581,350
25.7906,-80.3164,80
26.9172,-81.9914,110
32.8342,-115.5786,340
31.9514,-85.1289,160
34.7442,-87.5997,320
33.4669,-82.0386,180
39.1667,-76.6833,140
35.9333,-79.0642,170
45.1947,-123.1339,350
18.3331,-64.9667,140
41.8678,-84.0794,340
44.3675,-71.5450,180
41.1078,-92.4467,330
36.1625,-97.0894,360
47.9375,-124.5550,330
41.1214,-100.6694,350
24.5550,-81.7522,90
43.7700,-88.4864,360
46.0261,-91.4442,340
28.8614,-96.9303,160
45.5433,-94.0514,330
41.5175,-81.6836,160
40.4719,-81.4236,290
24.5833,-81.6833,60
40.6508,-75.4492,180
41.5092,-74.2650,180
32.8519,-96.8556,360
36.8167,-76.0333,200
18.2550,-65.6408,110
38.8100,-104.6883,170
34.1853,-79.7239,210
41.2433,-76.9217,160
25.9069,-80.2803,80
47.0492,-109.4578,160
36.7683,-96.0261,10
31.4156,-87.0442,210
42.3075,-85.2511,330
43.5331,-84.0797,320
36.9878,-120.1106,280
41.1389,-75.3794,170
38.7550,-109.7542,270
40.2383,-75.5572,210
35.5144,-108.7939,70
33.9706,-80.9958,180
34.2167,-119.0833,70
48.2138,-106.6213,110
48.1203,-123.4983,80
35.2236,-80.9553,180
26.1522,-81.7753,60
44.5169,-108.0822,320
38.6572,-90.6558,300
47.9742,-117.4283,150
39.3756,-99.8297,360
38.8983,-119.9947,40
31.9433,-102.1889,50
34.2900,-93.0600,340
32.8167,-115.6833,340
28.0622,-81.7542,80
44.8428,-117.8086,100
39.7556,-82.6572,260
30.4000,-81.4167,50
35.2578,-93.0947,350
18.4325,-66.0108,40
34.6439,-86.7861,220
31.6072,-110.4281,80
37.2622,-104.3378,110
40.2769,-74.8158,170
42.0800,-80.1825,150
63.9944,-145.7214,210
47.3258,-106.9475,170
46.5486,-90.9189,330
55.5800,-133.0750,210
46.8706,-68.0172,330
32.8158,-117.1394,220
47.4933,-122.2144,310
30.1831,-97.6800,10
35.1822,-103.6031,50
40.8289,-115.7886,60
33.3644,-81.9633,200
39.4781,-88.2803,300
21.3167,-158.0667,300
43.3500,-73.6167,200
59.4556,-135.3239,40
30.9119,-102.9167,40
39.1258,-123.2008,300
37.7064,-112.1456,160
44.9047,-97.1494,340
45.5464,-100.4078,340
40.1667,-103.2167,360
43.1711,-86.2367,350
33.7792,-84.5214,220
60.7850,-148.8389,290
31.8606,-86.0122,220
45.0319,-102.0192,340
31.6189,-97.2283,360
35.5342,-97.6469,360
43.8789,-91.2528,340
13.4836,144.7961,90
47.2675,-122.5761,360
34.8831,-82.2203,240
44.3981,-98.2231,330
31.8311,-104.8089,50
47.6831,-117.3214,110
47.3078,-119.5153,350
39.1333,-86.6167,290
35.8550,-77.8931,200
40.7833,-91.1253,330
35.0028,-105.6628,90
39.9181,-76.8742,150
67.7317,-164.5483,160
39.6428,-79.9164,280
30.6264,-88.0681,150
40.5175,-122.2986,30
36.6206,-116.0278,30
30.3975,-84.3289,160
42.8375,-103.0953,310
28.7247,-96.2536,160
46.0139,-102.6547,330
45.9647,-112.5006,160
37.2353,-93.4003,340
38.3083,-75.1239,220
42.8914,-73.2469,170
38.0442,-87.5206,270
19.7192,-155.0531,360
30.5069,-86.9597,160
39.7075,-86.2803,260
37.1319,-76.4930,180
39.6728,-75.6008,200
26.1839,-98.2539,150
44.7408,-85.5825,320
41.7361,-72.6506,160
38.3306,-96.1897,350
22.0333,-159.7833,300
48.6033,-112.3753,280
43.4133,-124.2436,350
36.2967,-99.7689,360
34.2719,-83.8303,240
41.8706,-103.5931,300
43.8339,-111.8045,60
39.8344,-88.8656,280
39.8328,-104.6575,190
42.2706,-71.8731,310
37.6928,-121.8144,90
42.1928,-89.0931,340
37.0683,-88.7719,330
39.5936,-84.2264,280
44.0433,-103.0536,340
41.2003,-74.6231,210
33.4964,-90.0867,350
41.4131,-81.8600,180
37.1467,-94.5022,340
32.6261,-116.4681,60
36.1994,-95.8872,360
39.1033,-84.4189,240
57.1553,-170.2222,10
40.6675,-89.6839,320
46.8369,-92.2097,330
40.1764,-80.6472,250
30.7044,-87.0231,170
37.6544,-97.4425,350
37.7081,-77.4344,180
32.7817,-98.0603,340
39.4900,-121.6183,70
46.9258,-98.6692,330
31.5358,-82.5067,180
34.9000,-76.8833,190
42.8050,-72.0036,160
41.7219,-71.4325,170
35.0564,-89.9864,360
35.3331,-94.3625,350
41.3931,-70.6150,340
44.4983,-88.1111,350
36.6636,-121.6081,250
39.3667,-75.0667,150
55.0389,-131.5786,140
37.0872,-84.0769,210
34.0158,-118.4514,210
29.9506,-94.0206,270
31.3928,-92.2956,240
41.5097,-72.8278,160
42.5906,-117.8644,350
32.4833,-80.7167,190
41.6875,-69.9933,40
27.6531,-80.2428,50
30.8458,-85.6014,210
43.1544,-93.3269,330
37.6242,-120.9506,290
34.7000,-77.3833,140
38.1386,-78.4530,200
41.9950,-87.9336,320
7.3333,134.4833,40
26.2281,-97.6542,160
29.3783,-100.9269,40
35.9403,-89.8308,340
33.8117,-118.1464,190
34.4978,-82.7097,210
39.5781,-85.8033,270
46.1442,-115.5964,300
40.5100,-101.6200,350
70.1917,-148.4772,250
44.1708,-114.9272,170
41.3119,-105.6747,150
43.2781,-70.9222,320
42.4819,-114.4869,70
30.3489,-85.7881,150
59.4433,-151.7017,10
32.5156,-92.0406,20
33.2367,-107.2681,20
32.6808,-96.8681,350
30.3433,-89.8222,190
37.7608,-99.9683,350
42.7803,-84.5789,330
40.6239,-74.6694,150
32.7100,-96.2672,10
42.5417,-113.7661,90
35.0678,-77.0481,200
38.0494,-103.5122,20
30.8356,-85.1839,220
44.0206,-117.0128,340
38.2900,-104.4983,160
55.3567,-131.7117,140
59.2433,-135.5094,300
41.0375,-81.4642,180
29.9933,-90.2511,260
36.9358,-121.7886,240
39.3644,-84.5247,270
38.5911,-92.1558,310
47.0339,-120.5303,270
45.8258,-119.2611,20
47.4667,-87.8833,30
30.7406,-98.2353,30
31.4583,-109.6061,90
36.7436,-108.2292,130
48.7939,-122.5372,360
38.9597,-94.3714,320
39.5514,-97.6508,330
34.3622,-98.9761,10
39.2231,-106.8683,210
15.1167,145.7167,160
47.2078,-119.3192,10
40.8097,-124.1603,330
41.6236,-98.9517,330
39.8683,-75.2311,180
38.2281,-85.6636,280
41.1014,-102.9847,350
46.1236,-67.7928,150
40.7083,-84.0267,170
40.8500,-74.0614,180
38.5000,-77.3000,190
34.8536,-116.7858,270
32.8978,-97.0189,360
39.1894,-103.7158,340
36.6950,-76.1356,170
33.1281,-117.2794,200
31.1500,-92.9667,360
29.6333,-83.1053,270
42.9203,-112.5711,20
43.7694,-87.8506,340
43.6497,-70.3003,280
36.5881,-121.8453,290
30.5108,-99.7664,30
31.1828,-90.4708,360
41.7781,-80.6958,160
32.5500,-88.5667,360
34.5467,-93.5781,340
37.6703,-95.4842,340
35.9508,-85.0814,340
35.2578,-113.9331,30
45.6478,-68.6925,310
34.7336,-76.6606,230
28.5453,-81.3331,100
43.1561,-90.6775,330
26.5850,-81.8614,120
41.7419,-72.1836,180
56.6000,-169.5650,30
38.7667,-104.3000,10
41.9922,-93.6217,330
43.1111,-76.1039,180
35.7425,-81.3819,200
34.7436,-118.7242,80
33.3075,-104.5083,360
34.8994,-120.4486,320
42.6003,-123.3642,360
33.8281,-116.5053,330
48.7167,-94.6000,320
41.5339,-93.6531,350
42.3811,-122.8722,180
40.4953,-107.5211,210
47.4733,-111.3822,220
39.4839,-119.7711,110
46.9733,-122.9033,20
38.5714,-90.1572,320
47.3864,-92.8389,330
45.8678,-95.3942,330
42.2228,-83.7444,340
42.1244,-86.4267,160
37.3208,-79.2067,180
41.9856,-97.4353,330
39.2775,-120.7103,260
46.5683,-120.5428,250
43.9636,-69.7117,220
35.6575,-109.0614,130
43.3906,-99.8422,320
35.1350,-90.2344,190
35.4319,-82.5375,200
30.7439,-95.5861,190
39.0083,-95.2117,340
34.7675,-114.6189,20
39.8250,-86.2958,280
44.6500,-73.4667,150
55.2208,-162.7325,20
34.2097,-118.4892,360
41.4914,-120.5644,20
30.3567,-95.4139,210
33.4617,-80.8581,190
44.8831,-93.2289,320
47.9428,-97.1839,340
38.8317,-94.8897,330
38.8483,-77.0342,190
31.2819,-89.2531,210
43.6264,-72.3047,210
34.6719,-82.8864,260
44.9050,-123.0011,360
32.5161,-84.9422,190
41.3714,-73.4828,190
36.9647,-86.4239,230
58.3567,-134.5639,110
29.6919,-82.2756,160
39.1208,-94.5969,320
26.1658,-97.3458,160
38.0408,-84.6058,280
36.9261,-111.4478,30
29.2733,-94.8592,190
39.5264,-107.7264,140
35.8311,-90.6464,210
41.9144,-88.2464,330
41.8756,-71.0211,130
46.4047,-94.1308,330
42.3978,-90.7036,330
-14.3306,-170.7136,330
27.4014,-82.5586,100
37.5908,-83.3131,300
34.1167,-119.1167,70
35.2100,-99.1200,10
33.4825,-90.9853,10
35.6567,-95.3614,360
44.8322,-93.4706,320
34.9914,-78.8803,190
35.2325,-75.6219,230
45.5644,-84.7928,320
61.1689,-150.0278,10
47.7472,-90.3444,330
29.9800,-95.3600,10
32.2997,-86.4075,200
34.7272,-92.2389,350
42.6650,-83.4181,300
36.2833,-94.3000,340
39.1342,-108.5400,120
33.5872,-85.8556,220
30.4844,-81.7019,190
38.1847,-84.9033,230
43.2119,-90.1814,310
40.9017,-117.8081,50
33.8719,-117.9789,100
47.1686,-88.4889,340
40.0819,-75.0111,130
41.5886,-83.8014,330
43.3497,-76.3847,180
40.8731,-81.8867,310
39.0431,-84.6717,280
25.9989,-80.2411,90
36.7367,-97.1019,350
31.3500,-85.6667,190
39.4203,-83.8217,260
41.8056,-107.1997,60
38.0511,-117.0903,10
43.1167,-77.6767,220
34.7917,-79.3661,210
42.8975,-106.4636,190
48.5614,-93.3981,330
32.1314,-110.9553,150
7.4500,151.8333,300
26.1969,-80.1708,80
36.6817,-101.5053,10
34.8461,-82.3461,220
45.6983,-110.4408,250
36.0236,-84.2375,200
41.7072,-86.3164,340
44.5761,-71.1786,140
30.7825,-83.2767,170
27.7628,-82.6261,90
33.6542,-101.8136,30
37.1681,-97.0369,360
40.1606,-113.3508,40
43.1953,-71.5011,170
30.2050,-91.9875,240
26.6847,-80.0994,100
31.0425,-86.3117,210
30.5372,-91.1469,240
43.1644,-95.2017,330
6.9667,158.2167,70
62.9614,-141.9292,360
42.3914,-96.3792,330
57.0481,-135.3647,270
42.9333,-71.4383,130
46.3583,-104.2500,320
45.8069,-108.5422,240
39.9492,-74.8417,170
41.7803,-124.2367,330
33.4536,-94.0075,360
47.6458,-101.4394,330
45.6044,-103.5464,320
8.7333,167.7333,60
42.5700,-72.2911,200
60.4889,-145.4511,60
35.0281,-110.7208,290
20.8997,-156.4286,210
45.4622,-69.5953,340
40.9706,-85.2064,320
32.6636,-97.0939,340
33.9486,-81.1186,200
31.2361,-94.7544,10
42.4933,-79.2722,170
40.0781,-83.0781,280
40.1936,-76.7633,200
44.3592,-84.6739,330
62.1592,-145.4589,330
66.8667,-162.6333,120
36.2667,-93.1567,310
57.7511,-152.4856,290
30.3503,-81.8831,180
32.3347,-88.7442,10
42.5844,-110.1075,10
60.5797,-151.2392,50
46.2667,-119.1167,320
39.4167,-118.7167,20
42.4700,-71.2894,150
38.2103,-122.2847,230
33.9753,-117.6361,150
44.5228,-114.2150,360
37.4058,-122.0481,360
32.0311,-96.3989,10
40.6386,-73.7622,200
39.1353,-96.6778,20
62.9575,-155.6103,280
33.3633,-84.5658,170
41.6267,-73.8842,150
35.6875,-117.6931,260
34.5183,-109.3792,80
41.1783,-78.8989,290
46.6056,-111.9636,20
37.3169,-79.9742,170
42.0572,-102.8000,340
45.5406,-122.9486,50
38.6892,-75.3592,190
32.4106,-99.6822,10
28.4567,-99.2183,50
40.0972,-92.5433,310
41.3103,-95.8992,340
42.1208,-87.9047,340
38.9833,-76.4667,140
47.4569,-115.6450,160
34.6081,-79.0592,200
25.9156,-97.4186,170
42.8783,-100.5500,330
41.7700,-88.4814,320
38.9503,-95.6639,320
36.2606,-76.1750,340
32.8547,-109.6353,110
27.9619,-82.5403,290
36.9500,-76.2833,200
29.5442,-98.4839,20
32.4506,-93.8411,360
31.5883,-110.3442,140
21.3239,-157.9294,230
37.8892,-121.2258,300
41.4653,-90.5233,320
40.7342,-73.4169,350
41.9381,-72.6825,160
36.7725,-90.3247,340
33.1803,-96.5903,10
43.5950,-118.9564,40
59.5119,-139.6711,80
39.7736,-94.9233,340
33.4278,-112.0039,40
45.0619,-93.3508,310
34.7411,-118.2117,320
33.2208,-92.8142,20
32.3206,-90.0778,340
40.8206,-76.8642,180
33.9228,-118.3342,260
36.8781,-91.9025,320
30.1250,-93.2158,250
39.2447,-102.2842,360
34.0561,-117.6003,150
19.7356,-156.0489,170
43.2389,-123.3547,10
29.3331,-89.4075,150
35.6950,-101.3950,20
44.8889,-116.1017,260
42.1594,-76.8919,220
39.1019,-121.5678,130
41.3325,-122.3328,300
31.5356,-84.1944,210
42.7172,-71.1239,170
40.0228,-82.4625,260
44.3814,-106.7211,170
43.9042,-92.4917,330
42.1908,-71.1736,170
44.2033,-72.5794,170
42.7972,-105.3856,130
41.2731,-111.0306,80
29.5189,-95.2417,40
39.7078,-77.7297,170
45.6308,-89.4653,330
40.9167,-81.4333,310
35.9461,-112.1547,70
38.3406,-75.5103,190
47.6217,-117.5281,40
31.8111,-106.3758,70
41.3275,-72.0494,150
41.0669,-73.7075,330
41.7872,-111.8533,230
21.1544,-157.0961,170
47.2381,-123.1408,100
37.3592,-121.9239,310
38.7525,-90.3736,310
45.5114,-118.4247,100
42.4272,-73.2892,140
38.0700,-102.6881,20
43.9844,-88.5569,360
34.6525,-86.9453,340
32.8192,-97.3614,360
33.2194,-117.3494,240
44.9319,-93.0556,310
40.3161,-78.8339,290
42.2314,-83.3308,300
35.6697,-120.6283,80
41.2544,-80.6739,280
38.1311,-91.7683,310
61.5961,-149.0917,160
38.0653,-97.8606,360
43.5667,-116.2406,130
64.5111,-165.4400,80
30.3361,-81.5147,80
35.0419,-106.6156,110
21.9839,-159.3405,230
41.0467,-78.4117,290
40.6044,-98.4272,340
41.3336,-75.7269,220
42.5708,-77.7133,160
61.1781,-149.9664,40
32.7000,-117.2000,210
37.7836,-81.1231,210
28.1011,-80.6439,60
31.7800,-103.2017,60
31.9206,-102.3867,60
25.6475,-80.4331,100
42.1997,-75.9850,190
39.9914,-82.8808,290
42.1578,-72.7161,170
32.3847,-94.7117,350
36.9033,-76.1922,210
33.6186,-114.7142,350
40.3667,-75.9667,180
47.3978,-120.2014,290
45.7881,-111.1608,160
27.7411,-98.0247,110
35.8517,-97.4142,360
32.1300,-81.2100,190
64.8039,-147.8761,30
40.3547,-79.9217,260
35.1967,-81.1558,210
29.3600,-99.1742,40
36.4486,-103.1539,360
27.5000,-97.8167,100
33.2061,-97.1989,10
43.7331,-103.6114,30
30.7167,-87.0167,170
38.8500,-94.7392,330
41.1961,-112.0114,220
40.3300,-75.1225,210
30.2333,-81.6667,240
41.3497,-71.7989,160
41.7861,-87.7522,330
44.7978,-68.8186,330
40.2172,-76.8514,170
27.6833,-97.2833,150
48.3042,-114.2636,30
33.6300,-84.4417,200
42.5842,-70.9175,210
30.4119,-89.0808,190
43.3436,-72.5178,170
44.0219,-82.7931,320
44.3206,-69.7972,340
36.4731,-82.4044,300
48.3500,-122.6667,280
40.2964,-78.3203,180
38.7042,-93.1833,320
33.9481,-83.3275,220
9.4833,138.0833,50
37.6197,-122.3647,280
70.2117,-151.0017,180
38.3775,-121.9575,240
33.6883,-112.0817,210
30.4000,-86.4717,140
34.5583,-98.4172,10
32.8667,-117.1333,220
36.5728,-79.3361,200
40.8508,-96.7475,340
37.2847,-120.5128,240
38.5039,-122.8103,170
40.9611,-98.3136,330
43.7667,-98.0333,330
31.4000,-93.2833,10
45.6906,-118.8528,80
45.6208,-122.6572,250
37.7797,-89.2497,320
34.3478,-85.1611,330
48.1739,-103.6367,310
43.2339,-75.4117,160
37.9406,-75.4631,220
44.9258,-89.6256,320
39.6092,-110.7547,170
32.8986,-80.0403,180
30.4636,-88.5319,170
42.3606,-71.0106,310
46.4794,-84.3572,310
29.6222,-95.6564,20
39.2956,-80.2289,270
28.0836,-97.0464,150
42.2347,-85.5519,350
35.6542,-105.1419,50
39.2972,-94.7306,330
36.0719,-115.1633,190
45.5908,-122.6003,120
46.9006,-95.0678,340
36.1336,-80.2222,200
28.7797,-81.2436,110
43.1072,-78.9453,290
40.7781,-111.9694,330
41.7636,-96.1778,340
34.1231,-84.8486,180
36.3689,-92.4703,320
38.5069,-121.4950,280
44.8664,-91.4878,310
43.5878,-96.7289,340
24.7258,-81.0517,50
39.2953,-114.8467,180
42.7267,-114.4564,70
39.4494,-74.5672,200
45.2575,-112.5545,210
46.3747,-117.0156,40
39.9061,-84.2186,260
38.1417,-76.4292,180
44.5444,-110.4211,120
34.2486,-82.1592,220
40.7939,-73.1017,360
35.0311,-85.2014,340
41.8031,-78.6403,300
59.6419,-151.4908,60
41.0136,-83.6686,190
46.9728,-123.9303,80
44.9358,-74.8458,60
35.8181,-83.9858,230
31.1522,-81.3908,220
36.0467,-79.4769,180
