39.1900,-120.2600,125
39.3100,-111.4300,277
36.1300,-105.5300,284
36.0000,-106.8300,285
36.2500,-115.6300,203
35.3400,-111.6500,244
39.2900,-117.1100,192
44.2100,-110.6700,305
38.4000,-119.5400,253
39.4300,-120.3100,130
36.9600,-106.6600,123
36.7900,-105.2400,260
41.4000,-107.2600,179
35.7700,-105.7800,277
39.8000,-106.0300,230
36.0300,-106.8100,54
40.5300,-106.7800,38
36.9900,-105.2600,224
39.3600,-106.0600,340
36.8600,-106.2300,12
36.0700,-105.6300,239
36.1900,-105.5600,57
36.7200,-106.2600,234
43.8000,-114.8500,360
43.7600,-115.2400,81
40.3000,-111.2600,226
43.7300,-113.8300,243
48.7200,-116.4600,5
36.3100,-115.6800,173
46.2400,-117.3900,287
44.3800,-116.3400,296
43.7600,-116.1000,56
40.8300,-111.7600,108
44.7900,-116.0900,184
35.9200,-106.3900,287
36.5100,-106.3200,10
