37.2308,-108.0514,251
38.3217,-83.6642,419
-34.4878,117.6278,14
33.7392,-88.1275,787
-37.3495,144.7494,34
34.5128,-93.0486,945
33.8997,-88.1325,617
39.2850,-94.9500,0
34.6008,-93.7667,157
38.6661,-78.3728,28
40.7917,-85.8258,3
31.2975,-85.8997,213
35.2803,-85.2414,84
-35.9887,146.3574,2
32.1003,-87.3983,493
-43.0286,147.0544,30
37.1186,-82.8281,224
37.5333,-82.5833,610
-40.8453,145.1231,42
35.9308,-91.0547,51
35.8214,-81.1919,112
-33.3197,116.6464,14
43.2358,-77.0842,46
27.5969,-98.4161,41
44.5833,-104.7147,0
34.7975,-83.2678,368
-31.0164,115.3300,6
34.0464,-94.3481,706
39.6633,-77.5828,51
-37.3811,147.1067,16
-33.5343,150.6338,650
34.6719,-93.0747,1153
-41.8444,145.5419,576
39.3667,-94.3294,0
34.8878,-83.3967,704
-30.7092,116.7744,4
-34.7772,117.6508,56
-34.3121,139.0077,4
