42.5519,-71.7558,32
45.4353,-67.7214,9
30.3361,-81.5147,20
37.9406,-75.4631,24
47.0339,-120.5303,104
48.3042,-114.2636,44
36.1625,-97.0894,32
47.8306,-110.6608,13
25.7906,-80.3164,30
30.7825,-83.2767,10
43.8339,-111.8045,32
42.8914,-73.2469,25
40.8600,-102.8031,22
43.9906,-70.9475,17
38.8169,-92.2183,24
46.9253,-96.8111,45
40.1936,-76.7633,31
38.1311,-91.7683,22
47.3258,-106.9475,17
31.6072,-110.4281,38
43.7700,-88.4864,27
44.0206,-117.0128,29
46.2400,-117.3900,12
32.1314,-110.9553,29
7.0833,171.3833,29
48.1203,-123.4983,43
41.2639,-72.8872,20
40.7781,-111.9694,62
45.6689,-96.9914,30
47.4733,-111.3822,38
39.7075,-86.2803,29
43.4075,-94.7461,24
37.2622,-104.3378,42
37.2253,-89.5706,13
36.9647,-86.4239,23
38.9503,-95.6639,26
35.9200,-106.3900,3
41.9144,-88.2464,18
41.5333,-71.2833,20
45.8678,-95.3942,34
39.1333,-86.6167,16
41.9856,-97.4353,28
40.8508,-96.7475,28
42.8153,-108.7261,22
32.4833,-80.7167,31
34.3478,-85.1611,18
38.1847,-84.9033,13
41.0136,-83.6686,15
29.3389,-98.4719,36
40.3000,-111.2600,12
42.9486,-78.7369,42
39.9444,-81.8922,12
59.2433,-135.5094,28
34.7442,-87.5997,22
42.1997,-75.9850,35
33.8117,-118.1464,26
30.0494,-90.0289,51
31.1522,-81.3908,37
48.6033,-112.3753,49
40.7342,-73.4169,30
60.1283,-149.4167,20
33.9706,-80.9958,16
36.6950,-76.1356,16
39.6092,-110.7547,35
43.5950,-118.9564,47
41.2544,-80.6739,30
32.0311,-96.3989,51
39.1019,-121.5678,16
44.9050,-123.0011,34
44.5228,-114.2150,22
33.4536,-94.0075,42
37.7064,-112.1456,42
34.6525,-86.9453,21
39.3669,-101.7000,38
21.9839,-159.3405,66
37.3278,-95.5042,18
34.2486,-82.1592,21
34.2900,-93.0600,31
41.7803,-124.2367,23
33.6800,-117.8664,22
39.6014,-116.0056,35
31.9206,-102.3867,47
35.8517,-97.4142,31
44.2100,-110.6700,14
32.6808,-96.8681,34
37.9272,-100.7247,43
34.3622,-98.9761,46
42.1128,-92.9175,26
43.4133,-124.2436,47
47.2381,-123.1408,51
36.5881,-121.8453,22
40.0397,-88.2778,26
32.8519,-96.8556,49
36.9900,-105.2600,6
43.7331,-103.6114,23
27.5000,-97.8167,57
37.2833,-102.6139,50
46.5486,-90.9189,14
48.7167,-94.6000,26
30.3567,-95.4139,33
34.7436,-118.7242,45
64.5500,-149.0717,9
33.8719,-117.9789,15
42.7900,-121.9800,0
32.6847,-83.6528,22
21.1544,-157.0961,50
35.2333,-101.7089,38
40.8500,-74.0614,29
40.8436,-72.6322,30
36.0394,-95.9844,21
43.2389,-123.3547,18
38.3406,-75.5103,17
42.8375,-103.0953,27
40.0681,-118.5692,37
13.4836,144.7961,37
36.1994,-95.8872,32
43.0206,-102.5183,31
31.9514,-85.1289,13
27.6833,-97.2833,68
44.3744,-70.3164,0
41.2531,-70.0608,36
36.9878,-120.1106,29
36.1900,-105.5600,8
18.3331,-64.9667,49
62.9614,-141.9292,16
40.2964,-78.3203,29
31.1500,-92.9667,16
36.2833,-94.3000,27
46.2667,-119.1167,38
38.9408,-77.4636,22
41.3931,-70.6150,25
45.0619,-93.3508,13
42.1578,-72.7161,32
31.9433,-102.1889,45
30.4000,-81.4167,26
30.4844,-81.7019,20
38.4167,-113.0167,74
37.5908,-83.3131,2
38.0511,-117.0903,32
39.4206,-79.0050,9
42.0572,-102.8000,38
32.7000,-117.2000,35
36.6817,-101.5053,38
26.1839,-98.2539,62
38.6572,-90.6558,23
45.5433,-94.0514,17
41.8756,-71.0211,19
38.3306,-96.1897,30
44.5444,-110.4211,8
42.3914,-96.3792,25
26.2500,-80.1083,28
41.5272,-85.7922,9
40.4719,-81.4236,14
45.6983,-110.4408,46
30.6264,-88.0681,21
42.8050,-72.0036,21
26.0719,-80.1536,34
30.3433,-89.8222,24
30.3975,-84.3289,16
27.4981,-80.3767,17
42.6425,-77.0564,27
37.2847,-120.5128,30
41.4653,-90.5233,24
30.1831,-97.6800,48
44.5761,-71.1786,11
40.0489,-107.8853,41
37.6197,-122.3647,53
41.4131,-81.8600,35
42.8939,-85.5447,8
41.2731,-111.0306,57
44.3675,-71.5450,17
43.5164,-112.0672,38
39.4519,-87.3089,20
24.7258,-81.0517,29
41.9950,-87.9336,27
34.8831,-82.2203,15
34.4978,-82.7097,21
40.2342,-85.3936,19
34.6439,-86.7861,22
31.3214,-85.4497,33
31.8311,-104.8089,43
38.1811,-85.7392,18
39.7194,-76.8028,54
41.3275,-72.0494,30
39.4203,-83.8217,17
43.9658,-107.9508,30
41.3714,-73.4828,21
47.7472,-90.3444,12
40.2769,-74.8158,28
44.2558,-121.1392,35
40.1550,-103.1417,45
42.9333,-71.4383,28
41.8161,-80.4250,0
27.7628,-82.6261,16
37.7797,-89.2497,19
35.8311,-90.6464,30
41.3461,-82.1794,24
29.3331,-89.4075,44
46.7439,-117.1086,49
45.8183,-88.1144,9
38.7042,-93.1833,24
42.3811,-122.8722,25
45.4558,-98.4131,38
46.6056,-111.9636,29
42.7972,-105.3856,26
38.8761,-98.8092,33
55.0389,-131.5786,13
45.5908,-122.6003,34
35.6575,-109.0614,16
30.2333,-81.6667,21
44.3981,-98.2231,46
37.8892,-121.2258,22
39.1900,-120.2600,25
39.1033,-84.4189,12
47.3078,-119.5153,54
39.8344,-88.8656,32
35.2236,-80.9553,20
28.8208,-81.8097,16
33.3633,-84.5658,13
36.3333,-119.9500,33
32.1300,-81.2100,33
33.6228,-111.9106,16
46.7994,-102.7972,30
33.2061,-97.1989,48
40.6161,-83.0636,20
36.7900,-105.2400,1
42.8975,-106.4636,31
32.5156,-92.0406,30
41.4333,-99.6333,29
66.9161,-151.5089,19
37.0911,-95.5664,28
41.1583,-73.1289,34
39.3100,-111.4300,48
28.8614,-96.9303,47
35.0281,-110.7208,42
30.3208,-97.7603,30
34.0500,-94.4008,23
48.2553,-101.2733,38
36.3200,-115.7000,10
29.5189,-95.2417,27
32.7800,-79.9319,30
56.6000,-169.5650,47
40.5100,-101.6200,31
40.7789,-73.9692,13
45.8258,-119.2611,59
44.8322,-93.4706,15
32.8342,-115.5786,30
39.0431,-84.6717,18
34.7272,-92.2389,26
34.6081,-79.0592,16
28.4567,-99.2183,51
32.3847,-94.7117,46
33.9753,-117.6361,26
41.1783,-78.8989,28
36.7414,-104.5022,36
37.5050,-77.3203,21
36.0000,-106.8300,4
36.0167,-102.5500,41
31.4583,-109.6061,26
42.2347,-85.5519,9
33.0375,-116.9158,21
32.8167,-115.6833,31
30.0375,-91.8839,26
34.7500,-111.4100,536
47.9428,-97.1839,39
38.9597,-94.3714,29
47.0492,-109.4578,33
67.7317,-164.5483,87
40.7939,-73.1017,34
44.6381,-90.1875,26
38.8983,-119.9947,24
33.4825,-90.9853,33
45.0717,-83.5644,33
45.5644,-84.7928,20
48.5428,-109.7633,25
45.5464,-100.4078,54
26.1658,-97.3458,64
37.4389,-105.8614,28
44.7978,-68.8186,20
34.0561,-117.6003,25
31.3558,-85.7511,19
42.5842,-70.9175,32
34.8461,-82.3461,23
36.0969,-79.9433,26
41.2433,-76.9217,24
32.5722,-116.9794,19
41.6236,-98.9517,26
40.8097,-124.1603,19
42.6650,-83.4181,30
33.3075,-104.5083,25
28.7247,-96.2536,57
70.2117,-151.0017,34
40.6044,-98.4272,24
41.6686,-70.2800,31
33.4669,-82.0386,24
43.9636,-69.7117,8
47.4569,-115.6450,26
41.7072,-86.3164,18
37.3711,-118.3581,23
42.5544,-92.4011,23
39.5264,-107.7264,27
39.2231,-106.8683,33
45.0133,-84.7014,15
25.9989,-80.2411,30
39.1342,-108.5400,38
37.0683,-88.7719,18
32.3206,-90.0778,31
41.5631,-83.4764,16
40.4847,-80.2144,33
36.5728,-79.3361,23
47.2675,-122.5761,32
30.7167,-87.0167,35
43.2119,-90.1814,8
46.0139,-102.6547,30
17.7028,-64.8056,48
39.4900,-121.6183,14
60.7850,-148.8389,34
33.4617,-80.8581,30
38.3775,-121.9575,14
42.1908,-71.1736,31
46.5683,-120.5428,34
43.7600,-115.2400,10
47.1686,-88.4889,33
32.5428,-93.7450,45
30.6794,-88.2397,30
44.6500,-73.4667,22
35.5342,-97.6469,39
43.0303,-78.1692,22
41.1078,-92.4467,31
41.5097,-72.8278,16
40.3161,-78.8339,43
39.8328,-104.6575,46
60.4889,-145.4511,13
34.7000,-77.3833,19
25.9156,-97.4186,64
42.6003,-123.3642,37
40.0819,-75.0111,29
34.6242,-106.3103,0
38.0408,-84.6058,16
44.0219,-82.7931,26
42.9550,-87.9044,31
59.5119,-139.6711,22
41.8833,-91.7167,30
36.2667,-93.1567,26
34.2097,-118.4892,19
57.1553,-170.2222,48
32.7100,-96.2672,39
39.9508,-119.5986,27
48.7939,-122.5372,42
44.3592,-84.6739,23
34.9883,-117.8647,36
31.1828,-90.4708,22
28.7797,-81.2436,17
44.3800,-116.3400,10
32.7667,-97.4500,58
33.4050,-118.4158,25
39.2775,-120.7103,20
36.2500,-115.6300,13
46.9258,-98.6692,43
32.3336,-104.2581,28
45.7881,-111.1608,30
30.4119,-89.0808,26
44.5169,-108.0822,34
38.0653,-97.8606,33
46.7708,-100.7603,41
47.4933,-122.2144,22
37.9917,-122.0550,33
38.7550,-109.7542,39
40.9167,-81.4333,34
31.3711,-100.4922,44
70.1917,-148.4772,20
42.5708,-77.7133,24
34.6719,-82.8864,17
46.1442,-115.5964,4
42.4933,-79.2722,34
36.4731,-82.4044,6
42.4700,-71.2894,27
22.0333,-159.7833,26
37.7081,-77.4344,17
29.9506,-94.0206,37
44.1708,-114.9272,22
47.2078,-119.3192,49
40.0972,-92.5433,19
39.7750,-105.1169,0
35.4319,-82.5375,14
42.0800,-80.1825,33
33.1783,-86.7817,15
40.2064,-100.5914,23
39.1667,-76.6833,24
62.1592,-145.4589,38
37.1681,-97.0369,31
35.4111,-80.5833,0
37.6544,-97.4425,36
40.7833,-91.1253,30
43.2339,-75.4117,35
39.5514,-97.6508,26
30.5069,-86.9597,44
36.6206,-116.0278,54
43.9042,-92.4917,16
38.3650,-82.5550,16
48.1739,-103.6367,24
39.7078,-77.7297,27
58.6794,-156.6294,17
24.5550,-81.7522,42
33.9519,-117.4386,21
38.2900,-104.4983,35
34.2719,-83.8303,18
47.3000,-121.6000,18
37.1467,-94.5022,17
40.7083,-84.0267,13
31.2819,-89.2531,21
44.9319,-93.0556,20
38.0442,-87.5206,21
36.8167,-76.0333,34
31.6189,-97.2283,60
29.7036,-98.0281,42
29.5442,-98.4839,52
42.4092,-83.0100,26
45.9647,-112.5006,19
61.5961,-149.0917,18
35.2578,-113.9331,54
21.4500,-157.7833,42
45.6044,-103.5464,37
66.0689,-162.7639,73
36.5100,-106.3200,354
43.7694,-87.8506,24
45.5511,-122.4089,18
32.8547,-109.6353,46
39.0083,-95.2117,24
39.9181,-76.8742,17
34.1167,-119.1167,35
40.8289,-115.7886,37
30.7439,-95.5861,39
29.6333,-83.1053,24
44.7694,-106.9689,26
46.8706,-68.0172,26
35.6875,-117.6931,46
44.4983,-88.1111,24
35.2100,-99.1200,42
36.0300,-106.8100,8
39.3903,-94.5553,31
38.8483,-77.0342,28
47.6458,-101.4394,37
29.9933,-90.2511,33
33.9786,-98.4928,56
64.7767,-141.1483,17
45.0319,-102.0192,48
59.4556,-135.3239,8
38.8500,-94.7392,30
15.1167,145.7167,34
32.7817,-98.0603,39
36.0097,-94.1694,23
35.9508,-85.0814,11
38.6956,-121.5897,18
42.3075,-85.2511,20
45.2486,-122.7686,25
43.8000,-114.8500,7
61.1000,-149.6936,36
48.7200,-116.4600,19
41.9381,-72.6825,30
40.0781,-83.0781,20
40.1203,-76.2944,30
42.9667,-83.7494,21
43.1167,-77.6767,42
48.5614,-93.3981,19
34.2006,-118.3575,25
71.2833,-156.7814,38
41.4914,-120.5644,31
33.7792,-84.5214,22
42.7803,-84.5789,13
42.9600,-121.1800,4
62.9575,-155.6103,19
39.5936,-84.2264,21
43.1644,-95.2017,36
44.7900,-116.0900,13
44.3394,-105.5419,34
46.9733,-122.9033,36
46.9208,-114.0925,39
34.6294,-118.0836,42
41.7781,-80.6958,20
39.7556,-82.6572,1
43.1544,-93.3269,21
34.4258,-119.8425,27
36.3100,-115.6800,5
33.9381,-118.3889,32
39.8000,-106.0300,9
41.8678,-84.0794,16
38.6892,-75.3592,16
35.4344,-119.0542,25
34.9000,-76.8833,14
39.4167,-118.7167,38
37.4058,-122.0481,26
34.7917,-79.3661,17
36.7683,-96.0261,18
39.7333,-77.4333,7
32.7336,-117.1831,27
39.4717,-76.1697,0
63.9944,-145.7214,24
41.6328,-91.5431,25
47.6217,-117.5281,63
7.4500,151.8333,18
40.2383,-75.5572,14
40.5300,-106.7800,5
34.5183,-109.3792,33
28.5453,-81.3331,15
33.4964,-90.0867,25
33.6361,-91.7556,27
59.6419,-151.4908,28
35.7800,-105.5400,3
38.8853,-79.8528,15
41.6764,-70.9583,23
27.5333,-99.4667,61
47.5303,-122.3008,21
37.3592,-121.9239,24
46.3747,-117.0156,39
34.0158,-118.4514,24
41.3497,-71.7989,22
38.2103,-122.2847,28
43.3497,-76.3847,35
42.5417,-113.7661,34
26.5361,-81.7550,17
42.1094,-77.9919,37
33.8750,-84.3022,20
42.5950,-87.9381,30
33.5656,-86.7450,23
33.2367,-107.2681,31
39.8250,-86.2958,20
43.1561,-90.6775,5
18.4325,-66.0108,54
35.8550,-77.8931,22
36.0719,-115.1633,43
40.8250,-92.8925,18
32.8978,-97.0189,56
33.5872,-85.8556,27
45.7728,-122.8611,22
43.2781,-70.9222,23
41.7700,-88.4814,16
30.4636,-88.5319,22
46.1236,-67.7928,28
35.0564,-89.9864,33
35.7047,-101.5492,22
36.7800,-119.7194,27
37.7214,-122.2208,36
36.1306,-80.5481,0
70.6392,-159.9950,36
43.5878,-96.7289,41
45.0800,-117.5500,9
39.9492,-74.8417,17
38.3794,-81.5900,14
43.6497,-70.3003,34
40.9781,-124.1086,36
30.0481,-102.2131,33
36.9500,-76.2833,30
41.1389,-75.3794,30
44.2667,-71.2994,164
37.6542,-122.1150,26
41.0731,-71.9233,21
40.9706,-85.2064,12
34.1231,-84.8486,8
44.1278,-123.2206,31
35.7700,-105.7800,5
29.6222,-95.6564,36
33.1281,-117.2794,17
41.5339,-93.6531,31
31.3928,-92.2956,25
47.2856,-68.3133,32
39.2956,-80.2289,13
32.8667,-117.1333,22
44.2033,-72.5794,19
39.3667,-75.0667,25
34.7675,-114.6189,37
31.2361,-94.7544,33
33.6267,-116.1594,29
40.1100,-87.9567,0
39.8683,-75.2311,40
27.7839,-97.5108,63
43.3500,-73.6167,32
37.1319,-76.4930,28
37.7608,-99.9683,35
34.7336,-76.6606,49
41.4000,-107.2600,7
38.3000,-76.4167,28
44.3853,-74.2067,31
36.9839,-77.0075,10
36.8600,-106.2300,390
43.8789,-91.2528,18
38.5039,-122.8103,17
40.9017,-117.8081,34
43.1953,-71.5011,19
41.7806,-122.4717,32
32.3347,-88.7442,21
36.9033,-76.1922,26
36.1336,-80.2222,23
34.2675,-77.8997,37
35.1822,-103.6031,27
31.3347,-92.5586,27
39.2900,-117.1100,7
31.5358,-82.5067,23
40.0803,-95.5919,25
33.6186,-114.7142,42
32.4106,-99.6822,47
44.8428,-117.8086,35
26.9172,-81.9914,21
26.6847,-80.0994,21
38.2281,-85.6636,13
42.3978,-90.7036,15
34.5583,-98.4172,34
33.8117,-78.7239,50
39.7506,-92.5064,9
35.5953,-82.5567,4
34.8822,-95.7831,31
45.1947,-123.1339,21
30.5844,-97.4156,36
32.9733,-97.3181,40
37.2958,-81.2078,30
41.5886,-83.8014,13
40.2172,-76.8514,27
24.5833,-81.6833,42
48.5222,-123.0231,41
39.8447,-89.6839,30
30.9119,-102.9167,52
32.2622,-107.7206,22
44.3814,-100.2856,52
31.4156,-87.0442,17
44.5483,-95.0803,23
44.3206,-69.7972,21
40.8206,-76.8642,9
38.8100,-104.6883,43
41.7219,-71.4325,34
39.1353,-96.6778,21
27.4014,-82.5586,22
36.7367,-97.1019,30
41.3336,-75.7269,23
33.2119,-87.6161,20
35.0169,-80.6206,18
60.5797,-151.2392,46
42.3606,-71.0106,47
39.4494,-74.5672,33
35.8181,-83.9858,24
30.4000,-86.4717,29
32.8986,-80.0403,38
30.8458,-85.6014,12
39.6428,-79.9164,17
30.7044,-87.0231,22
6.9667,158.2167,17
36.0700,-105.6300,7
46.0947,-118.2869,55
40.3667,-75.9667,25
41.2003,-74.6231,13
33.9486,-81.1186,25
41.0089,-74.7367,5
57.7511,-152.4856,35
40.8731,-81.8867,21
38.7667,-104.3000,40
38.8000,-97.6500,31
33.4278,-112.0039,30
30.5372,-91.1469,34
37.1431,-107.7597,26
36.4486,-103.1539,41
34.0511,-118.2353,6
45.2575,-112.5545,38
35.0761,-89.7430,18
42.3200,-120.8300,16
35.0028,-105.6628,39
41.7872,-111.8533,36
28.0836,-97.0464,53
35.7425,-81.3819,13
37.0872,-84.0769,14
45.6208,-122.6572,22
35.1442,-111.6664,29
41.1214,-100.6694,21
35.5144,-108.7939,30
47.9375,-124.5550,17
32.2997,-86.4075,22
39.4019,-77.9844,24
37.6703,-95.4842,27
27.9106,-82.6875,16
44.9047,-97.1494,38
39.8233,-93.5792,10
44.3814,-106.7211,38
37.3208,-79.2067,15
55.5800,-133.0750,14
47.3600,-121.5700,1
38.1386,-78.4530,13
30.1250,-93.2158,27
35.6567,-95.3614,35
45.6906,-118.8528,67
43.7667,-98.0333,39
41.5092,-74.2650,26
44.3592,-89.8369,21
41.8706,-103.5931,28
36.8781,-91.9025,21
61.1781,-149.9664,21
35.6169,-106.0889,41
40.5175,-122.2986,11
43.1072,-78.9453,47
42.5844,-110.1075,44
46.4794,-84.3572,38
36.2606,-76.1750,29
26.1969,-80.1708,29
38.8317,-94.8897,28
39.9369,-91.1919,27
30.0675,-95.5561,34
39.2447,-102.2842,47
40.6386,-73.7622,47
38.7525,-90.3736,41
43.9844,-88.5569,28
44.4911,-71.5725,0
21.3167,-158.0667,18
48.8700,-121.7900,0
44.7408,-85.5825,16
47.9742,-117.4283,48
34.1853,-79.7239,29
47.4444,-122.3139,35
38.5000,-77.3000,31
39.2953,-114.8467,56
46.0261,-91.4442,15
40.3547,-79.9217,30
19.7356,-156.0489,30
44.0433,-103.0536,20
42.1594,-76.8919,26
31.8111,-106.3758,26
31.3500,-85.6667,17
42.1244,-86.4267,13
29.2733,-94.8592,65
45.5114,-118.4247,12
-14.3306,-170.7136,93
32.3542,-95.4025,45
38.5069,-121.4950,17
33.6542,-101.8136,48
27.6531,-80.2428,22
39.1208,-94.5969,31
28.0622,-81.7542,15
42.2314,-83.3308,25
38.0700,-102.6881,42
36.9600,-106.6600,7
40.8300,-111.7600,13
40.6675,-89.6839,31
40.9611,-98.3136,23
30.8356,-85.1839,27
44.8889,-116.1017,22
39.3644,-84.5247,10
39.4839,-119.7711,40
26.5850,-81.8614,13
42.2333,-83.5333,30
26.1522,-81.7753,25
36.9358,-121.7886,22
35.6697,-120.6283,29
48.0944,-105.5744,16
45.8069,-108.5422,37
34.9914,-78.8803,26
40.6825,-74.1694,40
40.9656,-105.2186,27
32.6500,-114.6167,40
42.9203,-112.5711,38
38.9286,-90.4281,38
37.9050,-93.3169,13
35.5931,-88.9167,22
30.2050,-91.9875,37
40.6239,-74.6694,16
39.4781,-88.2803,23
42.7461,-86.0967,14
29.1828,-81.0483,19
25.6475,-80.4331,26
33.9228,-118.3342,26
35.0678,-77.0481,26
41.4525,-87.0058,10
35.2325,-75.6219,37
40.3300,-75.1225,18
41.5175,-81.6836,43
41.0669,-73.7075,30
40.8764,-74.2831,18
40.7794,-73.8803,35
40.6331,-93.9019,20
48.2138,-106.6213,34
34.2167,-119.0833,27
27.9619,-82.5403,16
30.5108,-99.7664,39
46.3583,-104.2500,41
34.5467,-93.5781,18
40.0228,-82.4625,9
35.6950,-101.3950,32
39.9914,-82.8808,19
44.8831,-93.2289,24
48.3500,-122.6667,53
41.1014,-102.9847,44
43.1406,-89.3453,13
39.3756,-99.8297,27
34.9869,-81.0575,21
35.3889,-97.6006,31
42.4272,-73.2892,28
38.9833,-76.4667,20
47.3978,-120.2014,61
36.3689,-92.4703,13
40.1519,-122.2536,15
29.6919,-82.2756,19
45.6194,-121.1661,77
29.3600,-99.1742,41
36.7436,-108.2292,30
43.9922,-76.0217,38
30.7406,-98.2353,35
35.2372,-120.6414,45
33.2194,-117.3494,22
30.3503,-81.8831,17
46.1569,-123.8825,26
31.8606,-86.0122,17
42.4167,-87.8667,26
29.3783,-100.9269,48
33.6300,-84.4417,30
33.1803,-96.5903,47
45.6478,-68.6925,13
42.2706,-71.8731,44
31.7800,-103.2017,40
41.3325,-122.3328,2
29.1097,-95.4619,41
39.4300,-120.3100,7
41.9097,-70.7294,30
39.9061,-84.2186,24
46.9006,-95.0678,28
9.4833,138.0833,53
36.0236,-84.2375,9
61.1689,-150.0278,25
36.6239,-87.4194,23
30.7797,-86.5225,21
46.4047,-94.1308,21
42.1928,-89.0931,21
32.8192,-97.3614,53
21.3239,-157.9294,49
37.7461,-97.2211,32
40.8203,-82.5178,26
37.6928,-121.8144,19
28.4339,-81.3250,12
36.7725,-90.3247,22
39.7736,-94.9233,22
47.4667,-87.8833,32
40.6508,-75.4492,22
26.2281,-97.6542,60
43.3436,-72.5178,16
34.6517,-112.4208,40
41.6264,-80.2150,22
29.9800,-95.3600,36
32.5161,-84.9422,33
34.8536,-116.7858,67
37.7086,-113.0944,56
36.2117,-115.1958,60
33.6883,-112.0817,26
41.3119,-105.6747,36
38.7642,-87.6056,24
64.3267,-158.7417,17
59.7494,-154.9089,30
40.1764,-80.6472,26
39.2292,-106.3169,19
31.3072,-95.4508,0
41.6267,-73.8842,23
31.5356,-84.1944,26
34.8994,-120.4486,34
37.2839,-98.5528,30
47.6831,-117.3214,47
35.1967,-81.1558,11
42.2228,-83.7444,21
41.1519,-104.8061,30
35.6542,-105.1419,29
40.4122,-86.9369,22
41.6117,-90.5808,27
7.3333,134.4833,48
25.9069,-80.2803,31
34.4272,-100.2831,40
42.7611,-87.8136,28
41.0467,-78.4117,27
28.9844,-95.3808,31
19.7192,-155.0531,37
45.5406,-122.9486,30
42.1469,-121.7242,29
43.3906,-99.8422,44
38.4000,-119.5400,18
43.5667,-116.2406,30
39.6728,-75.6008,37
55.3567,-131.7117,24
38.1417,-76.4292,15
46.4267,-105.8825,33
44.0511,-101.6011,30
42.5906,-117.8644,26
32.4506,-93.8411,39
34.1750,-91.9347,30
37.3169,-79.9742,35
32.3500,-91.0278,22
34.9894,-99.0525,48
41.9922,-93.6217,18
42.7267,-114.4564,34
57.0481,-135.3647,28
59.4433,-151.7017,12
61.2169,-149.8550,24
42.7172,-71.1239,34
41.7636,-96.1778,16
39.5781,-85.8033,15
39.5703,-104.8489,43
28.1011,-80.6439,30
32.8158,-117.1394,23
41.0375,-81.4642,28
36.3189,-119.6289,26
40.8217,-72.8689,26
64.5111,-165.4400,28
40.1667,-103.2167,62
39.3450,-81.4392,13
46.9728,-123.9303,50
36.1189,-86.6892,26
35.0311,-85.2014,26
32.3367,-90.2214,29
35.1350,-90.2344,17
43.5331,-84.0797,23
41.6875,-69.9933,21
29.6381,-95.2819,33
55.2208,-162.7325,64
39.3792,-74.4242,32
32.6261,-116.4681,31
34.2622,-88.7714,26
66.8667,-162.6333,64
39.2972,-94.7306,37
32.5500,-88.5667,14
44.4683,-73.1500,25
32.6636,-97.0939,43
34.3447,-108.4922,0
38.5714,-90.1572,30
34.7411,-118.2117,53
41.3375,-84.4289,10
43.1711,-86.2367,23
36.2967,-99.7689,31
39.1894,-103.7158,41
42.4819,-114.4869,33
20.8997,-156.4286,62
47.9078,-122.2803,30
33.3644,-81.9633,18
40.4953,-107.5211,38
35.8922,-78.7819,14
39.0725,-95.6261,25
48.4608,-119.5167,40
41.5944,-109.0528,45
41.8056,-107.1997,47
42.7431,-73.8092,36
30.5892,-96.3647,43
35.9333,-79.0642,16
34.2008,-119.2069,36
46.4167,-86.6500,30
42.1208,-87.9047,17
37.7836,-81.1231,20
42.6958,-73.1708,16
29.7333,-85.0333,36
33.2208,-92.8142,28
30.3489,-85.7881,33
41.8031,-78.6403,26
42.5700,-72.2911,28
44.9258,-89.6256,19
39.1258,-123.2008,12
37.6242,-120.9506,26
42.8783,-100.5500,35
36.7200,-106.2600,6
41.7861,-87.7522,30
44.9358,-74.8458,41
38.5911,-92.1558,12
35.3331,-94.3625,26
28.4736,-82.4544,15
43.6264,-72.3047,25
43.1111,-76.1039,46
33.8281,-116.5053,26
41.7419,-72.1836,19
39.3600,-106.0600,6
58.3567,-134.5639,43
35.0419,-106.6156,21
44.8664,-91.4878,21
41.3103,-95.8992,26
35.9403,-89.8308,32
31.4208,-110.8458,21
37.3031,-108.6275,29
37.2353,-93.4003,26
64.8039,-147.8761,13
45.6308,-89.4653,10
38.0494,-103.5122,49
45.4622,-69.5953,10
42.0647,-104.1528,34
43.0661,-108.4767,40
33.9481,-83.3275,10
60.7850,-161.8292,51
44.5344,-72.6144,15
41.1961,-112.0114,36
38.5050,-107.8975,37
43.7600,-116.1000,14
36.6636,-121.6081,28
27.7411,-98.0247,54
40.4422,-109.5144,23
46.8369,-92.2097,24
30.4781,-87.1869,40
47.3864,-92.8389,13
41.7361,-72.6506,26
35.2578,-93.0947,12
62.3200,-150.0950,22
36.9261,-111.4478,25
42.2667,-84.4667,17
