36.4231,-99.4167,267
36.5994,-89.9894,250
34.9678,-97.9519,250
40.2539,-85.1483,211
35.4139,-86.8086,244
36.3444,-88.8636,289
36.0908,-106.0567,228
35.1867,-102.0797,239
34.1925,-86.7972,261
29.6211,-96.3661,311
36.0719,-99.9031,233
36.4711,-86.8414,261
33.3867,-97.7164,300
33.7092,-93.5564,289
47.0575,-109.9514,178
36.0642,-97.2128,272
38.5200,-89.8467,244
31.3706,-100.4942,311
36.1472,-97.2858,261
36.4119,-97.6939,267
34.2281,-97.2014,244
30.5497,-84.5836,289
31.1414,-87.0486,300
34.6089,-96.3331,267
30.7342,-85.0306,-178
40.8142,-85.1547,178
33.8936,-97.2692,294
35.0708,-96.3561,267
34.1936,-97.5881,250
35.5083,-98.7750,233
42.0208,-93.7742,228
34.5872,-99.3381,256
35.2358,-97.4647,244
35.9986,-97.0481,256
35.2006,-103.6867,222
32.4714,-87.2314,283
34.9142,-98.2922,233
41.4439,-86.9294,206
34.8219,-89.4347,156
34.1678,-97.9883,261
44.8831,-85.6753,189
41.1453,-85.4897,206
41.0267,-86.5867,228
40.1100,-87.9567,189
34.8083,-98.0233,244
35.3736,-83.7006,200
44.6342,-123.1900,233
34.7675,-106.7611,239
36.7925,-97.7458,244
34.3997,-98.3458,239
35.0322,-97.9144,250
36.0147,-85.1314,217
31.3625,-85.3397,272
34.7986,-96.6692,261
35.1297,-89.8036,294
35.8417,-98.5261,239
34.0356,-96.9433,283
44.2394,-95.3153,211
34.6892,-86.8819,272
31.8769,-105.2369,261
45.6750,-111.1550,211
35.2722,-97.9553,233
33.9208,-96.3203,300
35.4017,-99.0583,239
36.2633,-98.4975,256
35.6528,-96.8042,244
35.1131,-89.2122,306
35.5461,-99.7278,239
34.5658,-96.9503,272
44.0708,-93.5264,211
36.7481,-98.3628,267
34.5289,-97.7647,250
36.1056,-82.8436,250
36.3558,-97.1531,256
34.2392,-98.7444,250
34.9819,-97.5208,256
36.1903,-99.0403,250
36.8314,-99.6411,261
38.9422,-92.3200,239
44.9847,-93.1772,217
34.6856,-99.8333,272
35.6872,-90.0964,294
34.7156,-97.2292,261
40.7833,-81.9167,206
63.9647,-145.1050,128
39.8058,-90.8236,222
35.1714,-96.6311,267
34.7392,-90.7664,289
40.4750,-86.9919,211
38.7386,-87.4878,261
35.5483,-98.0364,239
38.5350,-121.7761,272
35.5419,-97.3414,267
35.8989,-98.9603,239
45.4825,-120.7236,250
32.8986,-80.0403,283
45.5900,-95.8744,100
34.8358,-99.4239,244
35.4842,-98.4814,239
38.4931,-88.9703,256
35.6214,-88.8456,267
31.2353,-88.9186,278
31.0383,-85.8708,317
36.7256,-99.1422,256
36.1208,-97.0953,272
34.3325,-96.6789,261
33.2422,-103.3611,244
40.7928,-87.7556,194
34.5519,-96.7178,261
36.7081,-98.7094,256
39.3669,-101.7000,228
40.0739,-87.5067,233
34.1864,-90.5572,272
40.9361,-90.7197,261
35.8542,-97.9544,250
36.3842,-98.1114,261
35.8819,-83.9572,267
41.8161,-80.4250,206
32.4219,-93.6381,294
36.8981,-96.9103,244
34.8494,-97.0031,250
43.2828,-123.3536,256
39.3925,-101.0689,250
36.6897,-108.3086,239
36.7542,-97.2544,244
42.1397,-87.7853,217
35.2050,-99.8033,233
35.5914,-99.2706,239
34.4397,-99.1375,244
43.0431,-96.9033,222
39.4708,-87.4081,267
32.8472,-97.4761,267
40.4719,-74.4364,233
35.3647,-96.9481,244
34.7292,-98.5694,233
34.7281,-90.3683,300
34.4744,-91.4172,283
34.1922,-97.0858,272
34.9897,-99.0528,244
31.4269,-94.8942,244
41.6661,-111.8914,167
39.4833,-83.8500,217
34.1647,-88.7239,239
36.9869,-99.0108,239
36.1167,-97.6067,272
35.1489,-98.4658,244
39.7194,-76.8028,228
30.5467,-87.8808,272
35.7197,-86.9653,250
36.0286,-99.3464,233
35.9328,-88.7267,272
34.5989,-103.2161,211
35.8489,-97.4797,272
34.1381,-88.9983,294
