38.8586,-99.3358,356
43.2828,-123.3536,267
38.9422,-92.3200,294
34.7392,-90.7664,372
34.7986,-96.6692,400
33.8936,-97.2692,411
45.5900,-95.8744,294
36.4231,-99.4167,339
34.2392,-98.7444,356
35.8542,-97.9544,344
36.4711,-86.8414,317
35.9328,-88.7267,356
36.1903,-99.0403,339
40.1100,-87.9567,222
41.1453,-85.4897,250
47.0575,-109.9514,267
36.0642,-97.2128,344
34.5872,-99.3381,350
35.8489,-97.4797,350
44.6342,-123.1900,333
36.3842,-98.1114,339
36.1056,-82.8436,294
36.7081,-98.7094,339
34.6892,-86.8819,283
41.8161,-80.4250,239
40.4750,-86.9919,250
34.6089,-96.3331,394
30.5497,-84.5836,311
36.1472,-97.2858,333
36.4119,-97.6939,356
43.0431,-96.9033,278
34.1864,-90.5572,367
35.2050,-99.8033,311
39.3669,-101.7000,300
34.7675,-106.7611,361
31.8769,-105.2369,356
35.4842,-98.4814,333
42.1397,-87.7853,256
45.6750,-111.1550,228
36.7481,-98.3628,361
34.9678,-97.9519,361
39.7194,-76.8028,278
35.1867,-102.0797,306
40.7833,-81.9167,256
35.5461,-99.7278,328
35.1131,-89.2122,350
35.5083,-98.7750,317
34.7281,-90.3683,350
40.4719,-74.4364,328
34.7292,-98.5694,400
63.9033,-152.2817,128
30.5467,-87.8808,344
34.9897,-99.0528,333
33.7092,-93.5564,400
34.0356,-96.9433,417
31.3625,-85.3397,356
36.1167,-97.6067,333
42.0208,-93.7742,256
35.5914,-99.2706,328
35.1297,-89.8036,333
33.9208,-96.3203,411
34.9142,-98.2922,344
44.9847,-93.1772,272
39.8058,-90.8236,272
35.6214,-88.8456,328
35.8819,-83.9572,367
35.5419,-97.3414,344
34.8494,-97.0031,389
40.0739,-87.5067,250
39.4833,-83.8500,244
34.5289,-97.7647,367
44.2394,-95.3153,256
39.4708,-87.4081,256
36.2872,-88.2958,300
35.1714,-96.6311,394
36.0286,-99.3464,322
44.0708,-93.5264,283
34.9819,-97.5208,339
35.7197,-86.9653,267
35.9986,-97.0481,344
36.8314,-99.6411,356
31.3706,-100.4942,350
32.4714,-87.2314,317
38.7386,-87.4878,267
34.4397,-99.1375,383
41.0267,-86.5867,272
63.9647,-145.1050,144
34.1678,-97.9883,394
37.3822,-102.2986,261
36.3444,-88.8636,283
35.4139,-86.8086,267
31.0383,-85.8708,378
36.5994,-89.9894,278
34.6856,-99.8333,344
34.3325,-96.6789,406
36.1208,-97.0953,339
36.0147,-85.1314,222
33.2422,-103.3611,294
35.6872,-90.0964,372
36.0719,-99.9031,344
36.7256,-99.1422,328
35.1489,-98.4658,333
35.8417,-98.5261,317
35.6528,-96.8042,350
34.1936,-97.5881,394
38.5200,-89.8467,294
38.5350,-121.7761,356
33.3867,-97.7164,350
35.0708,-96.3561,367
35.2358,-97.4647,333
34.7156,-97.2292,378
35.8989,-98.9603,328
34.3997,-98.3458,394
34.5989,-103.2161,261
35.2006,-103.6867,361
41.4439,-86.9294,283
40.7928,-87.7556,244
38.4931,-88.9703,278
34.1647,-88.7239,233
36.9869,-99.0108,361
40.9361,-90.7197,289
35.4017,-99.0583,328
36.2633,-98.4975,356
35.5483,-98.0364,311
39.3925,-101.0689,278
34.8083,-98.0233,367
34.2281,-97.2014,383
44.8831,-85.6753,267
41.6661,-111.8914,244
40.2539,-85.1483,383
30.7342,-85.0306,-178
32.8472,-97.4761,394
34.5519,-96.7178,378
36.3558,-97.1531,356
31.2353,-88.9186,328
36.7925,-97.7458,350
36.8981,-96.9103,322
34.8219,-89.4347,156
34.1922,-97.0858,378
36.3925,-89.0317,339
34.4744,-91.4172,367
35.0322,-97.9144,372
36.6897,-108.3086,322
36.0908,-106.0567,228
34.8358,-99.4239,344
32.4219,-93.6381,322
40.8142,-85.1547,239
29.6211,-96.3661,444
34.5658,-96.9503,383
32.8986,-80.0403,306
31.4269,-94.8942,278
34.1381,-88.9983,322
35.2722,-97.9553,328
35.3736,-83.7006,222
34.1925,-86.7972,317
45.4825,-120.7236,289
36.7542,-97.2544,344
33.1772,-90.4919,339
