40.7264,-122.7947,233
38.8586,-99.3358,211
43.8544,-116.4664,289
40.7142,-122.4161,361
36.4711,-86.8414,317
37.9050,-93.3169,206
33.6731,-111.1508,289
47.0575,-109.9514,161
28.4675,-98.2525,344
40.4750,-86.9919,278
42.9592,-120.7897,306
37.3806,-107.5811,100
39.0303,-76.9314,306
40.6117,-122.5281,350
46.0436,-118.4628,339
34.5822,-119.9817,294
40.1739,-101.0611,256
34.7675,-106.7611,272
42.1397,-87.7853,222
45.6750,-111.1550,278
36.4622,-116.8669,367
40.7833,-81.9167,300
33.7542,-99.1442,294
42.8767,-77.0308,283
39.2494,-106.3714,128
38.4917,-122.1242,278
47.7283,-104.1467,378
38.5039,-95.7036,172
37.0683,-88.7725,294
33.7092,-93.5564,256
45.9228,-108.2444,222
46.8706,-68.0172,244
40.2233,-86.1086,294
39.0744,-96.8983,161
35.6214,-88.8456,333
44.0622,-103.4819,122
38.4661,-101.7758,267
37.7967,-121.5828,300
35.7197,-86.9653,317
34.9881,-120.3211,289
26.8400,-81.0872,344
41.9342,-88.7756,222
38.7403,-104.3994,211
42.1231,-111.3133,156
40.0892,-99.2133,211
37.7617,-117.5658,283
39.0422,-108.4664,228
47.0022,-118.5658,306
43.5492,-71.4647,267
48.4983,-109.8014,256
44.1183,-121.2103,278
30.2003,-92.6642,306
36.5575,-105.2628,161
38.5350,-121.7761,300
46.6722,-120.4994,322
48.7178,-122.5114,228
38.6450,-95.5661,350
38.4931,-122.0047,322
35.4072,-104.1906,144
45.6911,-118.8522,306
61.5664,-149.2542,167
32.2822,-106.7597,289
34.5989,-103.2161,272
35.2006,-103.6867,311
41.4439,-86.9294,250
42.7467,-71.0425,250
47.6811,-117.6267,278
36.5508,-114.4581,256
39.3925,-101.0689,289
29.4608,-101.0286,294
40.2539,-85.1483,322
26.5581,-99.1372,256
35.0489,-97.9158,239
25.8175,-80.2858,389
34.0828,-106.8831,289
38.0047,-120.4864,311
30.7053,-104.0233,261
36.6897,-108.3086,228
40.2458,-111.6508,267
46.7281,-116.9558,278
45.4825,-120.7236,244
41.4903,-71.5431,256
