30.7797,-86.5225,915
41.2003,-74.6231,1449
48.7167,-94.6000,1901
18.3331,-64.9667,1747
28.4736,-82.4544,1214
47.1686,-88.4889,845
39.2956,-80.2289,1326
41.6875,-69.9933,19
42.4700,-71.2894,1645
31.3500,-85.6667,1439
59.4556,-135.3239,1557
41.5097,-72.8278,1523
44.0219,-82.7931,1726
38.7667,-104.3000,2236
47.9078,-122.2803,1339
61.1781,-149.9664,749
31.4000,-93.2833,1346
47.4667,-87.8833,1340
43.1644,-95.2017,1621
41.0136,-83.6686,1509
41.3461,-82.1794,1809
30.0494,-90.0289,1356
41.7361,-72.6506,1556
29.3331,-89.4075,1052
38.8761,-98.8092,2126
31.6072,-110.4281,1559
41.2531,-70.0608,2333
39.5936,-84.2264,856
24.5833,-81.6833,1529
32.5500,-88.5667,403
42.1908,-71.1736,1646
43.9906,-70.9475,1314
41.0375,-81.4642,1423
40.6161,-83.0636,1205
41.2639,-72.8872,2015
41.5333,-71.2833,2058
34.2008,-119.2069,1046
66.0689,-162.7639,1743
40.0819,-75.0111,1610
41.3931,-70.6150,2358
42.6650,-83.4181,1318
39.4203,-83.8217,1046
30.4636,-88.5319,513
40.8764,-74.2831,1425
31.8456,-86.6108,1159
18.4325,-66.0108,1632
40.0681,-118.5692,1444
39.7333,-77.4333,1602
61.2169,-149.8550,1536
36.3333,-119.9500,2208
39.9181,-76.8742,1504
36.7414,-104.5022,1241
35.0028,-105.6628,1237
30.3433,-89.8222,1218
41.6264,-80.2150,1423
30.4000,-86.4717,233
64.7767,-141.1483,1709
33.4050,-118.4158,1358
35.5144,-108.7939,1231
60.7850,-148.8389,1358
41.5175,-81.6836,1551
39.9492,-74.8417,1500
36.9500,-76.2833,1530
55.5800,-133.0750,1505
47.5303,-122.3008,912
31.1500,-92.9667,2128
60.5797,-151.2392,1433
46.1442,-115.5964,1107
32.4833,-80.7167,1556
32.5428,-93.7450,1915
42.1578,-72.7161,1656
43.1072,-78.9453,1328
9.4833,138.0833,410
34.7917,-79.3661,955
37.7064,-112.1456,1722
42.1594,-76.8919,1505
31.4156,-87.0442,1034
41.7419,-72.1836,1614
43.2339,-75.4117,1538
41.5631,-83.4764,1117
42.1094,-77.9919,1827
42.5700,-72.2911,1534
42.6425,-77.0564,1321
32.8667,-117.1333,1554
42.6003,-123.3642,1756
34.7000,-77.3833,1319
32.7667,-97.4500,1321
42.5708,-77.7133,1316
26.2281,-97.6542,919
64.5500,-149.0717,1420
37.1681,-97.0369,1101
46.0261,-91.4442,1442
45.6194,-121.1661,1434
46.9006,-95.0678,1433
42.2228,-83.7444,1454
7.3333,134.4833,1341
43.3497,-76.3847,1450
27.5000,-97.8167,1426
35.6169,-106.0889,1727
41.5092,-74.2650,1140
40.8436,-72.6322,1815
30.5069,-86.9597,957
31.3558,-85.7511,1449
41.0089,-74.7367,1551
36.6950,-76.1356,1247
38.9503,-95.6639,1404
39.4900,-121.6183,1522
66.9161,-151.5089,1505
38.3000,-76.4167,2303
41.7872,-111.8533,1338
70.1917,-148.4772,445
46.4047,-94.1308,1928
59.7494,-154.9089,206
41.8756,-71.0211,1253
43.2781,-70.9222,1026
39.1033,-84.4189,806
55.3567,-131.7117,1243
26.5361,-81.7550,1455
37.0911,-95.5664,1837
46.5486,-90.9189,603
40.2383,-75.5572,1437
60.1283,-149.4167,1801
42.4933,-79.2722,1432
46.4167,-86.6500,1530
57.0481,-135.3647,1553
34.2097,-118.4892,1404
40.8731,-81.8867,1338
7.4500,151.8333,1752
41.1961,-112.0114,1556
42.6958,-73.1708,1549
47.7472,-90.3444,1013
35.9403,-89.8308,34
59.2433,-135.5094,1812
40.7342,-73.4169,1748
38.6956,-121.5897,1802
29.5622,-91.5256,259
40.8217,-72.8689,2044
39.6092,-110.7547,855
47.4569,-115.6450,1149
40.6239,-74.6694,1707
41.0669,-73.7075,1343
35.1822,-103.6031,2037
62.3200,-150.0950,1520
39.3644,-84.5247,807
27.9106,-82.6875,2322
41.0731,-71.9233,2150
45.8183,-88.1144,1705
39.3667,-75.0667,1203
61.5961,-149.0917,1302
36.8167,-76.0333,1609
47.2675,-122.5761,802
40.3300,-75.1225,1437
42.4167,-87.8667,832
37.7081,-77.4344,1303
39.2775,-120.7103,1444
35.8517,-97.4142,1504
41.7861,-87.7522,901
39.7556,-82.6572,1740
37.3278,-95.5042,1904
34.9883,-117.8647,1723
41.6764,-70.9583,2354
36.9839,-77.0075,1308
40.0228,-82.4625,1117
42.7172,-71.1239,2220
6.9667,158.2167,1419
18.2550,-65.6408,1046
41.7700,-88.4814,1121
62.9614,-141.9292,1306
43.9636,-69.7117,1500
38.8983,-119.9947,1608
40.1203,-76.2944,1429
38.1417,-76.4292,1716
60.4889,-145.4511,1432
32.8167,-115.6833,1554
30.4000,-81.4167,1609
35.1350,-90.2344,2315
42.8050,-72.0036,1703
40.0781,-83.0781,1205
41.3714,-73.4828,1546
62.1592,-145.4589,1902
27.6833,-97.2833,1457
63.9944,-145.7214,438
40.8500,-74.0614,1746
35.0169,-80.6206,901
47.4933,-122.2144,857
64.3267,-158.7417,741
45.8258,-119.2611,1905
42.4092,-83.0100,1842
41.8678,-84.0794,1517
41.9097,-70.7294,1308
28.0622,-81.7542,1718
31.3928,-92.2956,2222
30.2333,-81.6667,1405
42.1208,-87.9047,805
42.2333,-83.5333,1612
44.5761,-71.1786,1343
34.9000,-76.8833,1337
30.6264,-88.0681,1028
47.3864,-92.8389,1327
38.4167,-113.0167,2330
39.9369,-91.1919,1441
17.7028,-64.8056,1028
38.9833,-76.4667,1858
70.2117,-151.0017,1
39.4167,-118.7167,1453
47.0339,-120.5303,1614
35.8550,-77.8931,1242
48.5222,-123.0231,247
47.2381,-123.1408,1335
40.8206,-76.8642,1700
31.9514,-85.1289,1456
48.3500,-122.6667,1532
34.9869,-81.0575,850
38.5000,-77.3000,1158
67.7317,-164.5483,1847
34.2486,-82.1592,1416
41.3497,-71.7989,2259
38.3083,-75.1239,1439
41.4525,-87.0058,1039
40.3547,-79.9217,1650
42.9333,-71.4383,1848
34.8461,-82.3461,2310
36.7436,-108.2292,1524
35.9333,-79.0642,1151
61.1689,-150.0278,38
31.0425,-86.3117,1228
41.6686,-70.2800,1045
34.6719,-82.8864,2351
43.6264,-72.3047,2254
30.7167,-87.0167,1059
41.9144,-88.2464,735
41.3275,-72.0494,2152
59.4433,-151.7017,1031
56.6000,-169.5650,1400
44.3675,-71.5450,1231
42.5519,-71.7558,1721
40.2172,-76.8514,1427
35.6542,-105.1419,1324
41.0467,-78.4117,1316
48.1203,-123.4983,1316
37.1319,-76.4930,2236
35.6875,-117.6931,1743
32.7000,-117.2000,1256
59.6419,-151.4908,1601
45.4622,-69.5953,1108
37.7461,-97.2211,1116
41.7781,-80.6958,1248
36.1336,-80.2222,1157
31.5883,-110.3442,1528
38.0653,-97.8606,1500
42.5842,-70.9175,1558
58.3567,-134.5639,1137
35.1967,-81.1558,1317
