36.3200,-115.7000,36
36.7200,-106.2600,56
43.8000,-114.8500,45
43.7600,-116.1000,63
35.7700,-105.7800,38
36.5100,-106.3200,20
40.3000,-111.2600,75
43.7600,-115.2400,49
43.7300,-113.8300,45
39.1900,-120.2600,89
39.3600,-106.0600,42
36.2500,-115.6300,59
39.2900,-117.1100,40
36.8600,-106.2300,26
46.2400,-117.3900,40
44.2100,-110.6700,63
44.7900,-116.0900,84
38.4000,-119.5400,53
35.9200,-106.3900,26
48.7200,-116.4600,80
41.4000,-107.2600,34
36.1900,-105.5600,26
40.8300,-111.7600,61
36.0300,-106.8100,36
36.0700,-105.6300,44
36.9600,-106.6600,62
35.3400,-111.6500,65
36.7900,-105.2400,51
39.4300,-120.3100,23
36.0000,-106.8300,25
40.5300,-106.7800,24
36.3100,-115.6800,34
39.8000,-106.0300,334
36.9900,-105.2600,69
36.1300,-105.5300,28
44.3800,-116.3400,55
39.3100,-111.4300,99
35.7800,-105.5400,26
