34.2622,-88.7714,1
32.3367,-90.2214,1
37.1431,-107.7597,1
37.0875,-82.9925,1
43.2422,-88.2889,1
46.7708,-100.7603,1
60.7850,-161.8292,1
41.6117,-90.5808,1
43.2117,-91.0986,1
38.8169,-92.2183,1
27.4981,-80.3767,1
55.4772,-133.1408,1
34.8822,-95.7831,1
44.6825,-91.1358,1
40.9781,-124.1086,1
46.7994,-102.7972,1
33.0375,-116.9158,1
42.8153,-108.7261,1
32.5722,-116.9794,1
70.4322,-150.4094,1
36.0097,-94.1694,1
37.5433,-99.6383,1
42.5950,-87.9381,1
34.1750,-91.9347,1
43.0206,-102.5183,1
47.2753,-88.4169,1
44.4683,-73.1500,1
41.8833,-91.7167,1
43.5164,-112.0672,1
36.0394,-95.9844,1
39.9367,-120.9475,1
43.9922,-76.0217,1
45.1322,-85.6472,1
38.3064,-79.7197,1
44.1278,-123.2206,1
45.8608,-84.7197,1
31.3214,-85.4497,1
31.3558,-85.7511,1
44.3592,-89.8369,1
42.6858,-103.8842,1
40.1100,-87.9567,1
39.3181,-120.1450,1
43.9658,-107.9508,1
42.2667,-84.4667,1
35.1442,-111.6664,1
30.9594,-92.1786,1
45.9353,-107.1375,1
30.0675,-95.5561,1
44.3394,-105.5419,1
37.9272,-100.7247,1
39.5703,-104.8489,1
30.5347,-94.4456,1
30.5892,-96.3647,1
43.3817,-92.9233,1
44.7694,-106.9689,1
44.0511,-101.6011,1
39.8958,-105.3847,1
34.9894,-99.0525,1
35.3889,-97.6006,1
33.9786,-98.4928,1
39.0725,-95.6261,1
37.6183,-79.4358,1
41.3044,-95.3844,1
40.0803,-95.5919,1
27.7839,-97.5108,1
42.9486,-78.7369,1
42.0647,-104.1528,1
41.0103,-103.8769,1
28.4339,-81.3250,1
44.3814,-100.2856,1
41.1519,-104.8061,1
44.3853,-74.2067,1
33.6361,-91.7556,1
39.4519,-87.3089,1
44.8131,-93.6311,1
30.0375,-91.8839,1
42.9550,-87.9044,1
42.1469,-121.7242,1
32.3542,-95.4025,1
30.8428,-93.2869,1
33.1783,-86.7817,1
45.0717,-83.5644,1
42.8939,-85.5447,1
58.6794,-156.6294,1
38.5050,-107.8975,1
45.4558,-98.4131,1
41.6328,-91.5431,1
41.4086,-102.9661,1
33.2119,-87.6161,1
46.9253,-96.8111,1
46.1569,-123.8825,1
44.1600,-91.8122,1
39.9444,-81.8922,1
45.5119,-88.7594,1
34.4272,-100.2831,1
37.3031,-108.6275,1
39.2292,-106.3169,1
44.5483,-95.0803,1
29.7036,-98.0281,1
33.8750,-84.3022,1
42.5544,-92.4011,1
36.1189,-86.6892,1
36.6239,-87.4194,1
39.2317,-95.6653,1
39.7750,-105.1169,1
44.2667,-71.2994,1
45.0831,-91.3311,1
30.3208,-97.7603,1
40.0489,-107.8853,1
41.5944,-109.0528,1
42.7611,-87.8136,1
32.3500,-91.0278,1
32.9733,-97.3181,1
27.5333,-99.4667,1
48.0944,-105.5744,1
33.9519,-117.4386,1
44.2769,-88.4378,1
41.4333,-99.6333,1
38.8000,-97.6500,1
71.2833,-156.7814,1
31.3347,-92.5586,1
29.6381,-95.2819,1
45.0133,-84.7014,1
38.3650,-98.5844,1
33.5656,-86.7450,1
42.1128,-92.9175,1
43.4075,-94.7461,1
44.6381,-90.1875,1
30.6794,-88.2397,1
33.9381,-118.3889,1
38.7642,-87.6056,1
45.5397,-106.9597,1
40.2064,-100.5914,1
38.1811,-85.7392,1
34.9047,-83.4128,1
38.8853,-79.8528,1
44.4933,-68.4583,1
47.0239,-92.0700,1
43.1406,-89.3453,1
41.8700,-98.5494,1
26.9172,-81.9914,1
31.9514,-85.1289,1
34.7442,-87.5997,1
41.1522,-104.8056,1
41.1078,-92.4467,1
36.1625,-97.0894,1
47.9375,-124.5550,1
43.7700,-88.4864,1
28.8614,-96.9303,1
45.5433,-94.0514,1
32.8519,-96.8556,1
41.6331,-103.9542,1
36.7683,-96.0261,1
43.5331,-84.0797,1
34.2167,-119.0833,1
37.0683,-88.7725,1
44.8797,-87.3356,1
26.1522,-81.7753,1
47.9742,-117.4283,1
39.3756,-99.8297,1
31.9433,-102.1889,1
34.2900,-93.0600,1
35.2578,-93.0947,1
34.6439,-86.7861,1
30.3636,-95.0839,1
37.2622,-104.3378,1
55.5800,-133.0750,1
32.8158,-117.1394,1
46.1864,-84.3239,1
30.1831,-97.6800,1
44.4628,-87.5050,1
33.3644,-81.9633,1
42.7364,-97.4969,1
44.9047,-97.1494,1
46.6447,-88.4811,1
45.5464,-100.4078,1
40.1667,-103.2167,1
33.7792,-84.5214,1
31.8606,-86.0122,1
31.6189,-97.2283,1
43.8789,-91.2528,1
13.4836,144.7961,1
44.0761,-108.9547,1
44.3981,-98.2231,1
47.6831,-117.3214,1
42.1619,-95.7836,1
39.1333,-86.6167,1
40.7833,-91.1253,1
35.1183,-97.6700,1
30.3975,-84.3289,1
42.8375,-103.0953,1
28.7247,-96.2536,1
46.0139,-102.6547,1
45.9647,-112.5006,1
37.2353,-93.4003,1
38.0442,-87.5206,1
43.1114,-100.6083,1
44.7408,-85.5825,1
38.3306,-96.1897,1
34.2719,-83.8303,1
41.8706,-103.5931,1
36.5764,-92.6767,1
42.1928,-89.0931,1
37.0683,-88.7719,1
44.0433,-103.0536,1
37.3133,-122.1850,1
36.1994,-95.8872,1
57.1553,-170.2222,1
45.3581,-86.8911,1
40.6675,-89.6839,1
46.8369,-92.2097,1
44.0622,-103.4819,1
42.1106,-104.9492,1
45.4108,-84.2233,1
37.6544,-97.4425,1
32.7817,-98.0603,1
47.0083,-88.4317,1
46.9258,-98.6692,1
31.5358,-82.5067,1
35.0564,-89.9864,1
35.3331,-94.3625,1
44.4983,-88.1111,1
36.6636,-121.6081,1
29.9506,-94.0206,1
43.1544,-93.3269,1
46.4533,-87.3039,1
41.9950,-87.9336,1
29.3783,-100.9269,1
39.5781,-85.8033,1
41.3119,-105.6747,1
45.3036,-97.0625,1
32.5156,-92.0406,1
32.6808,-96.8681,1
37.7608,-99.9683,1
42.7803,-84.5789,1
31.8456,-86.6108,1
32.7100,-96.2672,1
29.9933,-90.2511,1
36.9358,-121.7886,1
38.5911,-92.1558,1
30.7406,-98.2353,1
48.7939,-122.5372,1
38.9597,-94.3714,1
39.5514,-97.6508,1
34.3622,-98.9761,1
39.2231,-106.8683,1
35.1072,-82.6256,1
40.8097,-124.1603,1
41.6236,-98.9517,1
32.8339,-97.2975,1
38.2281,-85.6636,1
41.1014,-102.9847,1
32.8978,-97.0189,1
33.1281,-117.2794,1
42.9919,-97.8703,1
41.0756,-97.7872,1
47.0258,-91.6653,1
37.3781,-89.6678,1
37.8792,-121.9303,1
43.7694,-87.8506,1
42.0364,-95.3289,1
36.5881,-121.8453,1
30.5108,-99.7664,1
31.1828,-90.4708,1
34.5467,-93.5781,1
37.6703,-95.4842,1
35.9508,-85.0814,1
45.6478,-68.6925,1
28.5453,-81.3331,1
43.1561,-90.6775,1
26.5850,-81.8614,1
44.4122,-104.3567,1
41.9922,-93.6217,1
34.7436,-118.7242,1
34.8994,-120.4486,1
41.1839,-97.5500,1
41.5339,-93.6531,1
40.4953,-107.5211,1
47.4733,-111.3822,1
45.0908,-91.4864,1
46.9733,-122.9033,1
38.7956,-105.2003,1
35.6464,-93.4347,1
45.8678,-95.3942,1
42.1244,-86.4267,1
41.9856,-97.4353,1
43.5697,-76.1164,1
35.6575,-109.0614,1
43.3906,-99.8422,1
30.7439,-95.5861,1
39.0083,-95.2117,1
39.8250,-86.2958,1
44.6500,-73.4667,1
30.3567,-95.4139,1
44.8831,-93.2289,1
43.4386,-93.2253,1
38.8317,-94.8897,1
31.2819,-89.2531,1
32.5161,-84.9422,1
36.9647,-86.4239,1
29.6919,-82.2756,1
39.1208,-94.5969,1
26.1658,-97.3458,1
38.0408,-84.6058,1
39.5264,-107.7264,1
35.8311,-90.6464,1
42.3978,-90.7036,1
27.4014,-82.5586,1
35.2100,-99.1200,1
33.4825,-90.9853,1
35.6567,-95.3614,1
44.8322,-93.4706,1
34.9914,-78.8803,1
45.5644,-84.7928,1
29.9800,-95.3600,1
32.2997,-86.4075,1
34.7272,-92.2389,1
36.2833,-94.3000,1
39.1342,-108.5400,1
30.4844,-81.7019,1
43.2119,-90.1814,1
42.9131,-98.8511,1
39.0431,-84.6717,1
36.7367,-97.1019,1
43.8225,-91.1914,1
41.8056,-107.1997,1
43.1167,-77.6767,1
41.8264,-96.0506,1
37.9806,-105.6897,1
26.1969,-80.1708,1
44.3850,-92.0486,1
45.6983,-110.4408,1
36.0236,-84.2375,1
41.7072,-86.3164,1
27.7628,-82.6261,1
33.6542,-101.8136,1
30.2050,-91.9875,1
42.2031,-98.7467,1
31.0425,-86.3117,1
30.5372,-91.1469,1
42.3914,-96.3792,1
46.3583,-104.2500,1
41.7803,-124.2367,1
33.4536,-94.0075,1
43.7022,-95.1519,1
32.6636,-97.0939,1
31.2361,-94.7544,1
44.3592,-84.6739,1
36.2667,-93.1567,1
57.7511,-152.4856,1
32.3347,-88.7442,1
42.5844,-110.1075,1
41.0469,-102.1467,1
34.2833,-86.9142,1
33.9753,-117.6361,1
32.0311,-96.3989,1
39.1353,-96.6778,1
62.9575,-155.6103,1
33.3633,-84.5658,1
39.1439,-103.4897,1
42.0572,-102.8000,1
44.9342,-95.7461,1
32.4106,-99.6822,1
40.0972,-92.5433,1
41.3103,-95.8992,1
34.6081,-79.0592,1
25.9156,-97.4186,1
42.8783,-100.5500,1
31.8142,-93.0856,1
32.4506,-93.8411,1
45.3172,-85.2672,1
41.4653,-90.5233,1
42.1717,-100.0106,1
36.7725,-90.3247,1
33.1803,-96.5903,1
59.5119,-139.6711,1
39.7736,-94.9233,1
45.0619,-93.3508,1
33.2208,-92.8142,1
32.3206,-90.0778,1
42.5136,-99.0303,1
42.8222,-99.7467,1
36.8781,-91.9025,1
30.1250,-93.2158,1
34.0561,-117.6003,1
45.6528,-89.3075,1
43.2389,-123.3547,1
44.0908,-92.6400,1
44.8889,-116.1017,1
45.8864,-104.5478,1
43.6750,-90.8078,1
44.3814,-106.7211,1
43.9042,-92.4917,1
44.2033,-72.5794,1
42.7972,-105.3856,1
41.2731,-111.0306,1
29.5189,-95.2417,1
45.6308,-89.4653,1
35.9461,-112.1547,1
47.6217,-117.5281,1
43.9844,-88.5569,1
34.6525,-86.9453,1
32.8192,-97.3614,1
33.2194,-117.3494,1
44.9319,-93.0556,1
42.0772,-91.3028,1
38.0264,-107.6725,1
32.3847,-94.7117,1
45.7881,-111.1608,1
27.7411,-98.0247,1
29.3600,-99.1742,1
33.2061,-97.1989,1
43.7331,-103.6114,1
38.8500,-94.7392,1
56.3511,-133.6264,1
44.7978,-68.8186,1
33.6300,-84.4417,1
30.4119,-89.0808,1
38.7042,-93.1833,1
33.9481,-83.3275,1
34.5583,-98.4172,1
38.1872,-80.1336,1
40.8508,-96.7475,1
38.5039,-122.8103,1
40.9611,-98.3136,1
43.7667,-98.0333,1
41.9872,-98.0747,1
44.3272,-91.9194,1
37.7797,-89.2497,1
34.3478,-85.1611,1
44.7597,-92.8689,1
44.9258,-89.6256,1
35.7214,-92.6961,1
46.4794,-84.3572,1
29.6222,-95.6564,1
28.0836,-97.0464,1
39.2972,-94.7306,1
40.7781,-111.9694,1
41.7636,-96.1778,1
39.7033,-102.2939,1
34.1231,-84.8486,1
36.3689,-92.4703,1
44.8664,-91.4878,1
43.5878,-96.7289,1
45.2575,-112.5545,1
35.0311,-85.2014,1
46.9728,-123.9303,1
44.9358,-74.8458,1
42.6333,-91.8633,1
