43.5164,-112.0672,1
36.0394,-95.9844,1
37.9272,-100.7247,1
42.1469,-121.7242,1
30.3208,-97.7603,1
39.3756,-99.8297,1
31.6189,-97.2283,1
46.0139,-102.6547,1
46.8369,-92.2097,1
32.7817,-98.0603,1
35.3331,-94.3625,1
37.7608,-99.9683,1
30.7406,-98.2353,1
41.6236,-98.9517,1
32.8978,-97.0189,1
43.7694,-87.8506,1
41.9856,-97.4353,1
43.3906,-99.8422,1
29.6919,-82.2756,1
35.6567,-95.3614,1
44.8322,-93.4706,1
32.2997,-86.4075,1
36.2833,-94.3000,1
42.3914,-96.3792,1
45.7881,-111.1608,1
43.7667,-98.0333,1
34.1231,-84.8486,1
