42.5950,-87.9381,1
36.0394,-95.9844,1
35.1442,-111.6664,1
37.9272,-100.7247,1
44.5344,-72.6144,1
42.9486,-78.7369,1
42.9667,-83.7494,1
42.8939,-85.5447,1
46.1569,-123.8825,1
33.8750,-84.3022,1
42.7611,-87.8136,1
32.9733,-97.3181,1
33.9519,-117.4386,1
30.6794,-88.2397,1
33.9381,-118.3889,1
32.7336,-117.1831,1
26.0719,-80.1536,1
28.8614,-96.9303,1
43.5331,-84.0797,1
41.1389,-75.3794,1
26.1522,-81.7753,1
32.8158,-117.1394,1
43.8789,-91.2528,1
67.7317,-164.5483,1
42.2706,-71.8731,1
37.1467,-94.5022,1
57.1553,-170.2222,1
40.6675,-89.6839,1
37.6544,-97.4425,1
36.6636,-121.6081,1
43.1544,-93.3269,1
42.7803,-84.5789,1
29.9933,-90.2511,1
33.1281,-117.2794,1
36.5881,-121.8453,1
30.5108,-99.7664,1
31.1828,-90.4708,1
45.6478,-68.6925,1
36.9647,-86.4239,1
26.1658,-97.3458,1
27.4014,-82.5586,1
32.2997,-86.4075,1
41.7072,-86.3164,1
30.2050,-91.9875,1
31.0425,-86.3117,1
33.9753,-117.6361,1
32.0311,-96.3989,1
33.3633,-84.5658,1
34.6081,-79.0592,1
25.9156,-97.4186,1
33.2208,-92.8142,1
34.0561,-117.6003,1
43.2389,-123.3547,1
47.6217,-117.5281,1
35.0419,-106.6156,1
43.7331,-103.6114,1
38.8500,-94.7392,1
38.7042,-93.1833,1
32.8667,-117.1333,1
28.0836,-97.0464,1
