32.5667,-117.1167,1316
30.0494,-90.0289,1558
43.9906,-70.9475,1328
45.6194,-121.1661,807
34.2008,-119.2069,1704
64.7767,-141.1483,1856
35.0169,-80.6206,1416
38.3000,-76.4167,122
41.3461,-82.1794,1427
37.7461,-97.2211,2015
34.9883,-117.8647,1524
39.7333,-77.4333,1445
41.6764,-70.9583,1339
42.2333,-83.5333,1733
36.7414,-104.5022,1430
41.2531,-70.0608,911
31.3558,-85.7511,940
37.3278,-95.5042,1036
41.6264,-80.2150,1603
60.1283,-149.4167,1554
61.2169,-149.8550,1544
64.5500,-149.0717,1435
36.9839,-77.0075,1645
40.0681,-118.5692,1939
38.8761,-98.8092,1337
41.0089,-74.7367,734
26.5361,-81.7550,1648
64.3267,-158.7417,1500
41.9097,-70.7294,1634
42.6958,-73.1708,1010
42.6425,-77.0564,1142
41.6686,-70.2800,1348
59.7494,-154.9089,1412
37.0911,-95.5664,1631
39.9369,-91.1919,1217
41.4525,-87.0058,1307
40.8764,-74.2831,811
42.5519,-71.7558,1422
32.5428,-93.7450,1417
41.2639,-72.8872,410
62.3200,-150.0950,1938
47.5303,-122.3008,1623
42.1094,-77.9919,1054
34.9869,-81.0575,1340
40.8436,-72.6322,1419
41.0731,-71.9233,1016
36.3333,-119.9500,1719
33.4050,-118.4158,2249
40.8217,-72.8689,1444
42.4092,-83.0100,1031
35.6169,-106.0889,1539
41.5631,-83.4764,1525
30.7797,-86.5225,1512
38.6956,-121.5897,121
27.9106,-82.6875,1847
40.1203,-76.2944,1532
32.7667,-97.4500,14
38.4167,-113.0167,1601
46.4167,-86.6500,1411
47.9078,-122.2803,1441
45.8183,-88.1144,1554
66.9161,-151.5089,1625
41.5333,-71.2833,920
28.4736,-82.4544,1718
17.7028,-64.8056,910
48.5222,-123.0231,1431
40.6161,-83.0636,1641
42.4167,-87.8667,1355
70.6392,-159.9950,2008
31.9514,-85.1289,1356
35.9333,-79.0642,1321
18.3331,-64.9667,843
41.8678,-84.0794,1905
44.3675,-71.5450,1424
46.0261,-91.4442,1704
41.5175,-81.6836,621
24.5833,-81.6833,1310
41.5092,-74.2650,459
36.8167,-76.0333,1424
18.2550,-65.6408,1455
31.4156,-87.0442,1024
40.2383,-75.5572,1026
35.5144,-108.7939,1553
48.1203,-123.4983,2322
38.8983,-119.9947,1052
32.8167,-115.6833,1901
28.0622,-81.7542,1554
39.7556,-82.6572,1119
30.4000,-81.4167,1035
18.4325,-66.0108,1300
31.6072,-110.4281,1249
63.9944,-145.7214,1644
46.5486,-90.9189,1617
55.5800,-133.0750,1123
47.4933,-122.2144,1112
35.1822,-103.6031,1002
59.4556,-135.3239,1550
37.7064,-112.1456,1441
60.7850,-148.8389,1547
47.2675,-122.5761,1529
35.8550,-77.8931,1503
35.0028,-105.6628,1404
39.9181,-76.8742,1044
67.7317,-164.5483,224
30.6264,-88.0681,1409
38.3083,-75.1239,1919
30.5069,-86.9597,1247
37.1319,-76.4930,1732
41.7361,-72.6506,1757
22.0333,-159.7833,1013
39.5936,-84.2264,1426
41.2003,-74.6231,700
39.1033,-84.4189,1256
30.7044,-87.0231,1447
37.7081,-77.4344,1534
39.4900,-121.6183,1423
34.9000,-76.8833,1327
42.8050,-72.0036,1603
41.3931,-70.6150,955
39.3667,-75.0667,1005
31.3928,-92.2956,930
41.5097,-72.8278,337
32.4833,-80.7167,1703
41.6875,-69.9933,807
34.7000,-77.3833,1358
7.3333,134.4833,854
35.9403,-89.8308,1248
46.1442,-115.5964,1108
70.1917,-148.4772,2326
43.2781,-70.9222,1401
59.4433,-151.7017,1424
30.3433,-89.8222,1546
40.6239,-74.6694,1103
31.8456,-86.6108,1629
55.3567,-131.7117,1358
59.2433,-135.5094,1344
41.0375,-81.4642,1452
39.3644,-84.5247,1336
47.0339,-120.5303,1447
45.8258,-119.2611,1815
47.4667,-87.8833,6
36.7436,-108.2292,1409
40.8500,-74.0614,813
38.5000,-77.3000,2144
36.6950,-76.1356,1554
31.1500,-92.9667,1318
41.7781,-80.6958,1422
32.5500,-88.5667,1121
41.7419,-72.1836,1813
56.6000,-169.5650,1855
38.7667,-104.3000,1539
48.7167,-94.6000,1129
47.3864,-92.8389,1653
42.2228,-83.7444,1011
39.2775,-120.7103,1426
43.9636,-69.7117,1443
35.1350,-90.2344,1151
55.2208,-162.7325,1535
34.2097,-118.4892,1433
43.6264,-72.3047,1602
34.6719,-82.8864,1516
41.3714,-73.4828,458
58.3567,-134.5639,1316
41.9144,-88.2464,1717
41.8756,-71.0211,1607
46.4047,-94.1308,1531
61.1689,-150.0278,1517
47.7472,-90.3444,702
42.6650,-83.4181,1533
29.5622,-91.5256,1313
47.1686,-88.4889,1320
40.0819,-75.0111,950
43.3497,-76.3847,1028
40.8731,-81.8867,1517
31.3500,-85.6667,1354
39.4203,-83.8217,1510
34.7917,-79.3661,1349
7.4500,151.8333,1613
34.8461,-82.3461,1213
44.5761,-71.1786,1326
37.1681,-97.0369,2300
31.0425,-86.3117,1618
43.1644,-95.2017,1517
6.9667,158.2167,1203
62.9614,-141.9292,1616
57.0481,-135.3647,705
42.9333,-71.4383,1339
39.9492,-74.8417,1004
42.5700,-72.2911,1435
60.4889,-145.4511,1330
45.4622,-69.5953,1323
42.4933,-79.2722,906
40.0781,-83.0781,1502
62.1592,-145.4589,1435
30.3503,-81.8831,1241
60.5797,-151.2392,1546
39.4167,-118.7167,1449
42.4700,-71.2894,1953
35.6875,-117.6931,1800
42.1208,-87.9047,1327
38.9833,-76.4667,1920
47.4569,-115.6450,2129
41.7700,-88.4814,1421
38.9503,-95.6639,1326
36.9500,-76.2833,33
31.5883,-110.3442,1421
40.7342,-73.4169,1709
40.8206,-76.8642,1438
29.3331,-89.4075,1107
42.1594,-76.8919,1220
42.7172,-71.1239,1508
40.0228,-82.4625,1134
42.1908,-71.1736,1812
66.0689,-162.7639,1932
41.3275,-72.0494,1751
41.0669,-73.7075,1420
41.7872,-111.8533,1130
47.2381,-123.1408,1734
61.5961,-149.0917,1509
38.0653,-97.8606,1649
41.0467,-78.4117,1507
42.5708,-77.7133,1153
61.1781,-149.9664,1617
32.7000,-117.2000,1240
42.1578,-72.7161,1742
40.3547,-79.9217,1233
35.1967,-81.1558,1552
27.5000,-97.8167,901
30.7167,-87.0167,1640
41.1961,-112.0114,1238
40.3300,-75.1225,1034
30.2333,-81.6667,1105
41.3497,-71.7989,1034
41.7861,-87.7522,1449
40.2172,-76.8514,935
27.6833,-97.2833,951
42.5842,-70.9175,1306
44.0219,-82.7931,1922
48.3500,-122.6667,1411
9.4833,138.0833,251
70.2117,-151.0017,2135
30.4000,-86.4717,612
32.8667,-117.1333,1402
31.4000,-93.2833,825
43.2339,-75.4117,1127
39.6092,-110.7547,1746
30.4636,-88.5319,1403
39.2956,-80.2289,1942
35.6542,-105.1419,957
46.9006,-95.0678,1804
36.1336,-80.2222,1617
43.1072,-78.9453,958
38.1417,-76.4292,1543
34.2486,-82.1592,1337
59.6419,-151.4908,1300
41.0136,-83.6686,1617
36.0467,-79.4769,1406
