40.2342,-85.3936,1
32.6500,-114.6167,1
46.7708,-100.7603,1
41.6117,-90.5808,1
40.4122,-86.9369,1
40.9781,-124.1086,1
42.5950,-87.9381,1
39.7333,-77.4333,1
41.8833,-91.7167,1
41.5272,-85.7922,1
31.3558,-85.7511,1
42.2667,-84.4667,1
21.4500,-157.7833,1
34.0511,-118.2353,1
40.4847,-80.2144,1
36.3189,-119.6289,1
29.3389,-98.4719,1
42.7431,-73.8092,1
33.6267,-116.1594,1
42.9550,-87.9044,1
42.9667,-83.7494,1
33.8117,-78.7239,1
37.5050,-77.3203,1
42.8939,-85.5447,1
45.4558,-98.4131,1
41.6328,-91.5431,1
33.2119,-87.6161,1
46.9253,-96.8111,1
41.3375,-84.4289,1
39.9444,-81.8922,1
44.5483,-95.0803,1
33.8750,-84.3022,1
42.5544,-92.4011,1
48.5428,-109.7633,1
40.8203,-82.5178,1
42.7611,-87.8136,1
27.5333,-99.4667,1
48.2553,-101.2733,1
42.1128,-92.9175,1
43.4075,-94.7461,1
44.6381,-90.1875,1
33.6800,-117.8664,1
39.4019,-77.9844,1
43.1406,-89.3453,1
39.1667,-76.6833,1
41.8678,-84.0794,1
43.7700,-88.4864,1
45.5433,-94.0514,1
40.4719,-81.4236,1
42.3075,-85.2511,1
26.1522,-81.7753,1
39.3756,-99.8297,1
31.9433,-102.1889,1
42.0800,-80.1825,1
32.8158,-117.1394,1
44.9047,-97.1494,1
40.1667,-103.2167,1
43.1711,-86.2367,1
43.8789,-91.2528,1
47.6831,-117.3214,1
40.7833,-91.1253,1
39.6428,-79.9164,1
30.3975,-84.3289,1
38.0442,-87.5206,1
39.6728,-75.6008,1
41.8706,-103.5931,1
42.1928,-89.0931,1
41.4131,-81.8600,1
40.6675,-89.6839,1
40.1764,-80.6472,1
44.4983,-88.1111,1
37.0872,-84.0769,1
43.1544,-93.3269,1
41.9950,-87.9336,1
42.7803,-84.5789,1
38.5911,-92.1558,1
39.5514,-97.6508,1
34.3622,-98.9761,1
39.2231,-106.8683,1
40.7083,-84.0267,1
43.7694,-87.8506,1
35.9508,-85.0814,1
43.1561,-90.6775,1
38.7667,-104.3000,1
41.9922,-93.6217,1
43.1111,-76.1039,1
34.7436,-118.7242,1
34.8994,-120.4486,1
41.5339,-93.6531,1
45.8678,-95.3942,1
42.1244,-86.4267,1
41.4914,-120.5644,1
44.8831,-93.2289,1
39.1208,-94.5969,1
26.1658,-97.3458,1
29.2733,-94.8592,1
39.5264,-107.7264,1
42.3978,-90.7036,1
44.8322,-93.4706,1
39.1342,-108.5400,1
43.2119,-90.1814,1
41.5886,-83.8014,1
41.7072,-86.3164,1
27.7628,-82.6261,1
33.6542,-101.8136,1
26.6847,-80.0994,1
40.9706,-85.2064,1
40.1936,-76.7633,1
33.9753,-117.6361,1
41.1783,-78.8989,1
45.5406,-122.9486,1
32.4106,-99.6822,1
28.4567,-99.2183,1
41.4653,-90.5233,1
36.7725,-90.3247,1
45.0619,-93.3508,1
39.1019,-121.5678,1
43.9042,-92.4917,1
42.7972,-105.3856,1
39.7078,-77.7297,1
40.9167,-81.4333,1
43.9844,-88.5569,1
34.6525,-86.9453,1
40.3161,-78.8339,1
42.2314,-83.3308,1
31.9206,-102.3867,1
39.9914,-82.8808,1
29.3600,-99.1742,1
44.7978,-68.8186,1
40.2964,-78.3203,1
33.9481,-83.3275,1
40.9611,-98.3136,1
45.6906,-118.8528,1
42.2347,-85.5519,1
40.7781,-111.9694,1
39.4494,-74.5672,1
39.9061,-84.2186,1
