43.5492,-71.4647,-178
28.4675,-98.2525,44
36.5508,-114.4581,44
38.6644,-94.8900,22
38.0047,-120.4864,111
39.1172,-95.4097,6
38.5350,-121.7761,106
39.0744,-96.8983,6
38.4931,-122.0047,100
25.8175,-80.2858,178
26.5581,-99.1372,100
34.9881,-120.3211,122
34.5822,-119.9817,122
33.7092,-93.5564,-178
26.8400,-81.0872,156
32.2822,-106.7597,39
37.7967,-121.5828,94
40.7142,-122.4161,89
36.4622,-116.8669,128
37.9050,-93.3169,28
38.4917,-122.1242,83
33.6731,-111.1508,117
30.2003,-92.6642,22
41.4439,-86.9294,-178
40.6117,-122.5281,78
29.4608,-101.0286,44
21.3153,-157.9992,167
