32.1300,-81.2100,30
37.5050,-77.3203,23
35.6697,-120.6283,34
34.7442,-87.5997,17
24.5550,-81.7522,44
40.0781,-83.0781,37
30.7406,-98.2353,31
47.3078,-119.5153,34
32.5428,-93.7450,38
39.5703,-104.8489,42
33.3000,-117.3500,22
33.6186,-114.7142,53
30.4636,-88.5319,13
21.3167,-158.0667,20
41.7861,-87.7522,55
45.6208,-122.6572,21
39.8250,-86.2958,33
9.4833,138.0833,31
19.7192,-155.0531,30
32.6847,-83.6528,24
45.5114,-118.4247,8
44.7408,-85.5825,22
32.8342,-115.5786,35
35.0678,-77.0481,23
35.0281,-110.7208,36
45.5433,-94.0514,51
47.3000,-121.6000,7
37.3208,-79.2067,17
43.5950,-118.9564,23
34.2097,-118.4892,23
34.2900,-93.0600,23
41.1014,-102.9847,60
41.3714,-73.4828,22
33.3633,-84.5658,13
45.5464,-100.4078,55
42.5519,-71.7558,28
35.3331,-94.3625,41
35.0761,-89.7430,22
29.9506,-94.0206,26
44.7694,-106.9689,21
42.1578,-72.7161,41
37.3592,-121.9239,31
39.7078,-77.7297,26
38.7042,-93.1833,68
40.2064,-100.5914,66
34.9914,-78.8803,24
24.7258,-81.0517,30
47.9428,-97.1839,46
37.3031,-108.6275,28
48.6033,-112.3753,25
44.9047,-97.1494,66
60.4889,-145.4511,12
34.8994,-120.4486,40
43.2339,-75.4117,32
35.9403,-89.8308,44
41.7700,-88.4814,48
15.1167,145.7167,56
34.7675,-114.6189,32
25.9156,-97.4186,47
44.3981,-98.2231,66
29.2733,-94.8592,46
46.5683,-120.5428,32
40.7083,-84.0267,45
33.2119,-87.6161,9
40.9706,-85.2064,55
18.3331,-64.9667,52
35.2372,-120.6414,49
47.6458,-101.4394,54
28.7247,-96.2536,43
34.2008,-119.2069,33
35.0169,-80.6206,10
36.5881,-121.8453,32
48.7167,-94.6000,41
28.8614,-96.9303,37
41.1961,-112.0114,18
40.1667,-103.2167,39
36.9358,-121.7886,24
41.3336,-75.7269,18
39.3667,-75.0667,29
36.8600,-106.2300,454
55.3567,-131.7117,41
34.5183,-109.3792,24
39.7750,-105.1169,4
34.0561,-117.6003,28
34.2167,-119.0833,26
42.1908,-71.1736,21
35.7047,-101.5492,40
44.3800,-116.3400,7
47.6217,-117.5281,36
30.7167,-87.0167,22
34.6525,-86.9453,16
36.3333,-119.9500,36
34.2622,-88.7714,21
30.3489,-85.7881,16
37.9917,-122.0550,55
44.3394,-105.5419,29
59.4556,-135.3239,41
37.7836,-81.1231,24
64.3267,-158.7417,23
43.9042,-92.4917,72
33.9228,-118.3342,26
43.7700,-88.4864,49
38.0494,-103.5122,65
32.3347,-88.7442,11
39.4900,-121.6183,17
46.1236,-67.7928,33
42.8914,-73.2469,24
37.2353,-93.4003,67
46.4794,-84.3572,25
43.9906,-70.9475,17
41.1389,-75.3794,39
40.4953,-107.5211,26
40.8731,-81.8867,38
31.2361,-94.7544,25
38.9286,-90.4281,47
33.2061,-97.1989,50
29.6222,-95.6564,36
39.3450,-81.4392,23
42.9486,-78.7369,40
30.5892,-96.3647,40
40.6386,-73.7622,51
64.5111,-165.4400,49
35.0564,-89.9864,31
48.8700,-121.7900,1
35.5342,-97.6469,81
25.6475,-80.4331,34
33.6300,-84.4417,36
40.0681,-118.5692,16
62.9575,-155.6103,26
36.0719,-115.1633,64
38.9833,-76.4667,28
35.1967,-81.1558,10
55.0389,-131.5786,19
47.9375,-124.5550,18
42.0647,-104.1528,51
26.5850,-81.8614,17
37.1319,-76.4930,28
31.6072,-110.4281,59
31.3072,-95.4508,22
47.3864,-92.8389,43
39.7556,-82.6572,27
39.9061,-84.2186,49
31.4583,-109.6061,44
41.3275,-72.0494,32
38.0408,-84.6058,35
41.1519,-104.8061,61
21.4500,-157.7833,43
33.6800,-117.8664,28
43.0661,-108.4767,34
41.2731,-111.0306,47
29.3331,-89.4075,13
39.0725,-95.6261,58
37.2847,-120.5128,37
36.0700,-105.6300,8
26.2500,-80.1083,40
29.6381,-95.2819,21
36.3689,-92.4703,29
27.4981,-80.3767,34
46.9258,-98.6692,64
42.5417,-113.7661,27
29.9800,-95.3600,24
37.2839,-98.5528,63
43.1561,-90.6775,30
41.0467,-78.4117,30
55.2208,-162.7325,33
31.2819,-89.2531,10
34.9894,-99.0525,83
39.6728,-75.6008,33
34.9000,-76.8833,19
38.7525,-90.3736,51
43.9658,-107.9508,27
55.5800,-133.0750,21
39.3644,-84.5247,19
33.8117,-78.7239,36
34.7917,-79.3661,15
31.8606,-86.0122,15
36.2967,-99.7689,86
28.4339,-81.3250,23
30.7825,-83.2767,18
42.7972,-105.3856,39
38.8853,-79.8528,14
39.2231,-106.8683,31
42.1244,-86.4267,41
36.1336,-80.2222,16
46.8706,-68.0172,22
45.2486,-122.7686,12
60.7850,-161.8292,41
37.4058,-122.0481,38
43.8000,-114.8500,6
39.5514,-97.6508,76
44.7978,-68.8186,31
39.4203,-83.8217,37
70.2117,-151.0017,47
40.8289,-115.7886,25
39.5264,-107.7264,32
38.7667,-104.3000,49
44.9358,-74.8458,22
31.3558,-85.7511,15
40.0819,-75.0111,38
38.8169,-92.2183,60
36.8167,-76.0333,32
40.3161,-78.8339,39
40.6825,-74.1694,43
39.4167,-118.7167,23
36.7725,-90.3247,46
40.2342,-85.3936,44
41.5631,-83.4764,47
38.3794,-81.5900,22
33.2208,-92.8142,22
40.1936,-76.7633,27
46.4267,-105.8825,48
34.9883,-117.8647,63
41.6875,-69.9933,18
41.0669,-73.7075,37
45.7728,-122.8611,19
46.4167,-86.6500,39
30.3503,-81.8831,20
40.8203,-82.5178,51
47.4444,-122.3139,24
30.4844,-81.7019,39
40.9781,-124.1086,26
35.0311,-85.2014,14
36.9647,-86.4239,32
40.8764,-74.2831,24
43.3906,-99.8422,78
39.0431,-84.6717,29
42.2333,-83.5333,47
46.2667,-119.1167,23
43.8339,-111.8045,38
42.3811,-122.8722,28
35.1822,-103.6031,60
39.5781,-85.8033,48
31.5883,-110.3442,57
41.5339,-93.6531,54
37.6542,-122.1150,38
35.2325,-75.6219,38
37.3169,-79.9742,19
40.2383,-75.5572,17
36.3200,-115.7000,11
40.7342,-73.4169,34
45.0319,-102.0192,61
41.6264,-80.2150,28
44.5483,-95.0803,62
34.4272,-100.2831,81
27.5333,-99.4667,53
25.9989,-80.2411,36
29.3600,-99.1742,46
29.5189,-95.2417,25
34.8461,-82.3461,14
32.4833,-80.7167,24
39.1333,-86.6167,40
39.3669,-101.7000,68
13.4836,144.7961,53
30.3567,-95.4139,25
32.8167,-115.6833,37
39.2900,-117.1100,6
35.2236,-80.9553,21
47.2381,-123.1408,63
40.4122,-86.9369,36
35.2333,-101.7089,80
36.5100,-106.3200,380
41.8031,-78.6403,21
33.9486,-81.1186,23
47.5303,-122.3008,23
64.7767,-141.1483,10
41.5333,-71.2833,24
40.6161,-83.0636,50
41.9381,-72.6825,34
40.8300,-111.7600,14
34.5467,-93.5781,9
42.3914,-96.3792,55
41.3931,-70.6150,26
34.4258,-119.8425,21
43.7331,-103.6114,36
33.9753,-117.6361,30
39.8447,-89.6839,55
39.3756,-99.8297,66
32.8547,-109.6353,74
39.2775,-120.7103,25
34.2006,-118.3575,27
37.2253,-89.5706,45
42.1928,-89.0931,45
46.9253,-96.8111,49
32.3542,-95.4025,42
36.1625,-97.0894,62
34.8822,-95.7831,51
41.5272,-85.7922,60
38.2281,-85.6636,31
35.6950,-101.3950,60
37.7081,-77.4344,13
36.7436,-108.2292,33
42.5708,-77.7133,18
43.1544,-93.3269,65
33.4536,-94.0075,36
35.7800,-105.5400,3
28.0622,-81.7542,20
46.9208,-114.0925,19
44.2100,-110.6700,22
37.3278,-95.5042,55
39.1019,-121.5678,26
43.8789,-91.2528,56
43.1167,-77.6767,27
31.9514,-85.1289,11
31.4208,-110.8458,39
40.8500,-74.0614,35
41.7636,-96.1778,63
41.0136,-83.6686,48
34.4978,-82.7097,13
36.0097,-94.1694,61
41.8833,-91.7167,39
46.9728,-123.9303,40
45.6983,-110.4408,20
40.8600,-102.8031,49
39.2447,-102.2842,71
32.2622,-107.7206,20
39.1353,-96.6778,64
38.2103,-122.2847,44
31.3089,-86.3939,13
38.3083,-75.1239,29
34.6242,-106.3103,13
36.4486,-103.1539,64
47.6831,-117.3214,23
29.6919,-82.2756,20
36.7200,-106.2600,7
38.3650,-82.5550,21
33.7792,-84.5214,21
44.6500,-73.4667,17
43.1644,-95.2017,56
57.7511,-152.4856,38
29.1097,-95.4619,26
46.0947,-118.2869,38
48.3042,-114.2636,21
38.3000,-76.4167,29
43.0303,-78.1692,31
32.8667,-117.1333,18
33.8281,-116.5053,36
39.2292,-106.3169,36
36.1189,-86.6892,19
40.1550,-103.1417,67
37.6703,-95.4842,73
41.7781,-80.6958,34
33.6883,-112.0817,20
24.5833,-81.6833,42
41.1783,-78.8989,37
28.0836,-97.0464,60
39.5936,-84.2264,34
7.4500,151.8333,30
41.5944,-109.0528,39
35.8311,-90.6464,54
38.3775,-121.9575,34
38.4000,-119.5400,19
45.0133,-84.7014,35
35.1442,-111.6664,26
30.0494,-90.0289,32
33.1783,-86.7817,6
36.9500,-76.2833,34
42.4272,-73.2892,34
67.7317,-164.5483,41
30.3433,-89.8222,13
29.5622,-91.5256,5
33.9481,-83.3275,15
42.4933,-79.2722,39
47.9742,-117.4283,19
41.9950,-87.9336,47
37.9406,-75.4631,38
32.7336,-117.1831,22
37.6242,-120.9506,34
56.6000,-169.5650,34
34.7436,-118.7242,87
27.7839,-97.5108,47
38.3306,-96.1897,82
36.9900,-105.2600,7
38.5000,-77.3000,22
42.8975,-106.4636,43
42.9203,-112.5711,43
32.4506,-93.8411,29
26.6847,-80.0994,36
41.8056,-107.1997,38
32.7817,-98.0603,46
38.6956,-121.5897,34
36.2833,-94.3000,58
30.4119,-89.0808,15
40.8206,-76.8642,11
44.8664,-91.4878,50
35.9200,-106.3900,4
26.0719,-80.1536,40
30.7044,-87.0231,21
32.8192,-97.3614,55
45.6906,-118.8528,41
40.0228,-82.4625,28
45.8619,-96.5650,72
48.0944,-105.5744,31
33.4617,-80.8581,22
35.6575,-109.0614,17
27.5000,-97.8167,40
37.6544,-97.4425,86
57.0481,-135.3647,17
26.5361,-81.7550,25
42.8375,-103.0953,38
33.9706,-80.9958,12
41.7872,-111.8533,20
40.0397,-88.2778,59
47.9078,-122.2803,31
37.6197,-122.3647,59
43.1111,-76.1039,30
35.8550,-77.8931,13
47.3600,-121.5700,5
41.7419,-72.1836,26
27.7411,-98.0247,40
37.9272,-100.7247,72
25.9069,-80.2803,31
39.3600,-106.0600,10
28.4736,-82.4544,19
41.3461,-82.1794,44
36.0394,-95.9844,52
36.6636,-121.6081,41
33.2194,-117.3494,17
44.8831,-93.2289,56
41.0731,-71.9233,29
46.0139,-102.6547,42
34.7500,-111.4100,536
44.0511,-101.6011,4
17.7028,-64.8056,63
44.8322,-93.4706,53
35.6875,-117.6931,36
35.0028,-105.6628,50
31.1522,-81.3908,39
43.9922,-76.0217,31
42.2667,-84.4667,38
26.1658,-97.3458,55
39.8328,-104.6575,44
47.0492,-109.4578,20
60.7850,-148.8389,27
48.5222,-123.0231,32
39.1258,-123.2008,14
47.3978,-120.2014,41
39.7333,-77.4333,9
44.9319,-93.0556,56
60.5797,-151.2392,36
28.4567,-99.2183,45
59.2433,-135.5094,25
41.4525,-87.0058,58
43.5331,-84.0797,34
29.6333,-83.1053,19
26.2281,-97.6542,49
37.7214,-122.2208,43
34.6439,-86.7861,20
40.9167,-81.4333,46
31.9206,-102.3867,75
44.7900,-116.0900,9
45.6478,-68.6925,20
38.5911,-92.1558,47
43.6264,-72.3047,15
30.2333,-81.6667,41
33.6542,-101.8136,72
29.1828,-81.0483,26
36.6206,-116.0278,50
42.4092,-83.0100,43
39.7194,-76.8028,40
41.1583,-73.1289,34
47.4667,-87.8833,45
40.3547,-79.9217,32
36.7800,-119.7194,35
36.0236,-84.2375,11
41.3497,-71.7989,23
43.9636,-69.7117,11
43.7300,-113.8300,8
32.0311,-96.3989,38
34.7336,-76.6606,45
44.2667,-71.2994,130
45.8678,-95.3942,60
35.4319,-82.5375,17
45.8183,-88.1144,31
39.8344,-88.8656,60
41.6117,-90.5808,45
29.9933,-90.2511,22
30.5372,-91.1469,11
43.1406,-89.3453,37
41.7072,-86.3164,52
41.9922,-93.6217,53
36.9600,-106.6600,8
39.4519,-87.3089,49
31.3214,-85.4497,20
44.3675,-71.5450,19
33.3644,-81.9633,17
45.0619,-93.3508,49
46.2400,-117.3900,11
39.4494,-74.5672,38
43.3497,-76.3847,25
41.9856,-97.4353,62
35.9333,-79.0642,15
38.9503,-95.6639,76
39.4206,-79.0050,22
39.2953,-114.8467,43
31.4000,-93.2833,13
44.9050,-123.0011,18
41.2003,-74.6231,13
34.8364,-92.2619,29
40.9611,-98.3136,72
39.6014,-116.0056,27
31.3500,-85.6667,14
46.7994,-102.7972,45
33.2367,-107.2681,30
44.3814,-100.2856,66
42.4167,-87.8667,36
42.7900,-121.9800,1
31.6189,-97.2283,46
44.0206,-117.0128,17
45.4622,-69.5953,31
32.4106,-99.6822,67
33.3075,-104.5083,54
32.8986,-80.0403,33
46.7708,-100.7603,45
40.7794,-73.8803,50
35.9461,-112.1547,25
43.5878,-96.7289,73
44.1278,-123.2206,14
44.2033,-72.5794,23
30.4000,-86.4717,21
32.8158,-117.1394,21
42.9550,-87.9044,52
42.6425,-77.0564,12
48.1739,-103.6367,50
44.4983,-88.1111,46
30.5069,-86.9597,26
44.1708,-114.9272,22
41.2544,-80.6739,30
43.2389,-123.3547,24
44.5228,-114.2150,22
33.8117,-118.1464,25
41.7219,-71.4325,37
36.1306,-80.5481,0
21.9839,-159.3405,54
29.5442,-98.4839,40
40.8508,-96.7475,67
45.9647,-112.5006,21
42.2228,-83.7444,34
36.5728,-79.3361,16
35.6542,-105.1419,48
34.6294,-118.0836,51
7.3333,134.4833,25
34.2486,-82.1592,17
42.1094,-77.9919,34
43.9844,-88.5569,42
45.6194,-121.1661,64
40.3000,-111.2600,12
30.0375,-91.8839,13
42.5844,-110.1075,37
39.2972,-94.7306,74
35.8181,-83.9858,15
32.5161,-84.9422,21
38.8000,-97.6500,85
37.2622,-104.3378,53
40.6508,-75.4492,30
39.9914,-82.8808,34
59.6419,-151.4908,35
41.3375,-84.4289,42
33.8719,-117.9789,17
38.3406,-75.5103,25
36.0167,-102.5500,65
61.1689,-150.0278,16
41.2531,-70.0608,35
32.5722,-116.9794,19
42.3978,-90.7036,53
41.8706,-103.5931,45
41.3103,-95.8992,60
35.5953,-82.5567,4
31.5356,-84.1944,20
31.0425,-86.3117,11
30.3361,-81.5147,38
38.1311,-91.7683,53
41.4333,-99.6333,55
42.5842,-70.9175,19
32.7800,-79.9319,29
34.1167,-119.1167,28
42.3075,-85.2511,51
37.1681,-97.0369,83
36.2667,-93.1567,37
45.5511,-122.4089,17
38.4167,-113.0167,71
40.3300,-75.1225,22
32.3367,-90.2214,19
45.8069,-108.5422,32
36.1994,-95.8872,68
41.9097,-70.7294,14
47.4569,-115.6450,16
42.9333,-71.4383,30
41.4914,-120.5644,25
34.9869,-81.0575,12
44.4911,-71.5725,0
34.1750,-91.9347,29
46.8369,-92.2097,47
31.8456,-86.6108,13
40.1203,-76.2944,35
36.2117,-115.1958,45
40.1100,-87.9567,36
47.8344,-120.0006,4
42.0572,-102.8000,53
41.9144,-88.2464,45
38.5050,-107.8975,40
42.7431,-73.8092,40
44.9258,-89.6256,49
42.4819,-114.4869,39
38.6644,-94.8900,63
42.1469,-121.7242,27
35.4111,-80.5833,0
30.1831,-97.6800,31
38.9408,-77.4636,22
43.7694,-87.8506,51
36.9033,-76.1922,30
39.9181,-76.8742,22
32.8519,-96.8556,48
40.7789,-73.9692,22
40.0489,-107.8853,25
57.1553,-170.2222,31
66.0689,-162.7639,25
36.9839,-77.0075,12
41.6328,-91.5431,34
61.1000,-149.6936,13
40.2172,-76.8514,30
30.2050,-91.9875,14
40.8217,-72.8689,31
39.7053,-105.6997,13
32.1314,-110.9553,32
34.8536,-116.7858,79
28.1011,-80.6439,38
31.1828,-90.4708,12
39.7736,-94.9233,62
40.6675,-89.6839,58
37.2833,-102.6139,62
36.9261,-111.4478,24
37.1431,-107.7597,30
45.5908,-122.6003,28
62.9614,-141.9292,15
44.0433,-103.0536,55
32.3500,-91.0278,10
58.3567,-134.5639,20
35.6567,-95.3614,53
31.3711,-100.4922,52
34.7411,-118.2117,88
32.7667,-97.4500,59
37.2958,-81.2078,28
40.5300,-106.7800,5
35.5144,-108.7939,26
39.2956,-80.2289,20
47.4933,-122.2144,24
35.6169,-106.0889,41
34.2719,-83.8303,26
45.5644,-84.7928,26
39.6428,-79.9164,20
34.5583,-98.4172,60
32.6808,-96.8681,33
32.3847,-94.7117,31
34.1231,-84.8486,6
36.7367,-97.1019,49
25.7906,-80.3164,38
38.0511,-117.0903,31
37.7797,-89.2497,49
62.1592,-145.4589,18
34.1853,-79.7239,21
36.7414,-104.5022,27
47.2078,-119.3192,25
43.7667,-98.0333,70
44.5444,-110.4211,14
41.8756,-71.0211,16
33.5656,-86.7450,15
43.6497,-70.3003,22
41.3325,-122.3328,8
46.9733,-122.9033,31
36.2606,-76.1750,36
33.1803,-96.5903,52
40.4422,-109.5144,34
40.0803,-95.5919,59
46.7439,-117.1086,8
40.3667,-75.9667,28
38.7550,-109.7542,26
45.6689,-96.9914,65
41.5175,-81.6836,46
45.6308,-89.4653,45
34.0511,-118.2353,6
39.4839,-119.7711,30
29.3389,-98.4719,37
42.9667,-83.7494,40
62.3200,-150.0950,8
39.0083,-95.2117,63
38.7642,-87.6056,47
35.5931,-88.9167,28
35.2578,-93.0947,18
48.2553,-101.2733,56
35.3889,-97.6006,76
43.4075,-94.7461,72
45.2575,-112.5545,25
45.0717,-83.5644,26
41.2639,-72.8872,18
34.0158,-118.4514,22
39.7075,-86.2803,56
40.8436,-72.6322,31
31.3928,-92.2956,13
38.1847,-84.9033,26
41.4653,-90.5233,38
40.5764,-105.0858,31
45.4353,-67.7214,18
45.7881,-111.1608,19
33.4669,-82.0386,23
38.2900,-104.4983,49
64.5500,-149.0717,20
33.9519,-117.4386,21
43.3436,-72.5178,21
33.0375,-116.9158,23
33.6267,-116.1594,26
42.5906,-117.8644,22
47.1686,-88.4889,44
35.8517,-97.4142,66
40.0972,-92.5433,53
38.5069,-121.4950,26
35.8922,-78.7819,10
30.1250,-93.2158,17
34.2675,-77.8997,34
43.3500,-73.6167,17
39.8233,-93.5792,43
35.7700,-105.7800,5
20.8997,-156.4286,53
59.5119,-139.6711,12
37.9050,-93.3169,45
30.7797,-86.5225,17
37.8892,-121.2258,36
61.1781,-149.9664,17
30.9119,-102.9167,69
38.9597,-94.3714,65
40.6044,-98.4272,69
35.9508,-85.0814,19
48.7200,-116.4600,17
40.9656,-105.2186,36
37.6928,-121.8144,39
42.7267,-114.4564,27
38.1386,-78.4530,13
36.0300,-106.8100,7
44.2558,-121.1392,37
30.3975,-84.3289,19
37.7461,-97.2211,88
45.5406,-122.9486,18
40.5175,-122.2986,21
36.6239,-87.4194,31
42.0800,-80.1825,44
47.7472,-90.3444,23
32.5156,-92.0406,16
31.3347,-92.5586,16
31.8111,-106.3758,38
41.5092,-74.2650,23
26.1839,-98.2539,47
28.7797,-81.2436,30
44.6381,-90.1875,52
44.5169,-108.0822,41
32.3206,-90.0778,12
44.4683,-73.1500,18
41.6686,-70.2800,24
29.7036,-98.0281,40
32.6261,-116.4681,37
42.7803,-84.5789,44
63.9944,-145.7214,26
42.3200,-120.8300,19
35.1350,-90.2344,29
32.2997,-86.4075,15
19.7356,-156.0489,35
29.3783,-100.9269,49
35.0419,-106.6156,34
33.4278,-112.0039,30
38.8500,-94.7392,60
46.1442,-115.5964,6
41.2433,-76.9217,26
39.9444,-81.8922,29
27.7628,-82.6261,36
42.7172,-71.1239,20
30.7439,-95.5861,24
39.9492,-74.8417,24
41.6764,-70.9583,25
30.5108,-99.7664,41
61.5961,-149.0917,13
32.8978,-97.0189,60
44.8428,-117.8086,15
33.4050,-118.4158,26
45.1947,-123.1339,22
41.7361,-72.6506,33
32.9733,-97.3181,43
40.6239,-74.6694,10
35.2578,-113.9331,57
26.1522,-81.7753,25
26.9172,-81.9914,26
40.8097,-124.1603,22
35.4344,-119.0542,24
44.3744,-70.3164,0
43.1953,-71.5011,29
42.8153,-108.7261,29
40.1764,-80.6472,34
28.8208,-81.8097,22
41.5886,-83.8014,36
36.1900,-105.5600,7
46.1569,-123.8825,28
42.9600,-121.1800,5
36.3189,-119.6289,36
37.5908,-83.3131,6
42.4700,-71.2894,18
41.8678,-84.0794,43
44.8889,-116.1017,15
37.3711,-118.3581,31
42.6958,-73.1708,17
42.1594,-76.8919,16
45.4558,-98.4131,69
44.5761,-71.1786,17
59.7494,-154.9089,25
37.0683,-88.7719,41
21.1544,-157.0961,56
30.4000,-81.4167,35
41.1078,-92.4467,54
30.4781,-87.1869,26
38.5039,-122.8103,25
41.3119,-105.6747,58
32.6500,-114.6167,42
38.8761,-98.8092,87
39.1342,-108.5400,32
41.6267,-73.8842,13
32.3336,-104.2581,53
48.4608,-119.5167,36
39.1900,-120.2600,26
45.8258,-119.2611,33
48.5614,-93.3981,34
33.6228,-111.9106,14
41.7806,-122.4717,31
32.5500,-88.5667,10
40.2769,-74.8158,26
30.5844,-97.4156,27
41.8161,-80.4250,13
48.2138,-106.6213,38
30.3208,-97.7603,22
34.6517,-112.4208,37
39.1208,-94.5969,73
38.1811,-85.7392,39
47.4733,-111.3822,20
37.7608,-99.9683,55
59.4433,-151.7017,14
42.8783,-100.5500,61
34.0500,-94.4008,20
43.5667,-116.2406,22
38.0442,-87.5206,45
33.5872,-85.8556,15
43.2781,-70.9222,19
36.3100,-115.6800,3
30.6794,-88.2397,17
38.0700,-102.6881,65
41.4131,-81.8600,42
61.2169,-149.8550,20
34.7272,-92.2389,38
29.7333,-85.0333,22
34.6081,-79.0592,17
39.1667,-76.6833,21
46.3583,-104.2500,38
41.0375,-81.4642,42
40.4847,-80.2144,29
71.2833,-156.7814,43
27.4014,-82.5586,27
40.2964,-78.3203,25
42.7611,-87.8136,40
39.4717,-76.1697,0
41.5097,-72.8278,19
37.4389,-105.8614,36
-14.3306,-170.7136,47
38.6572,-90.6558,34
40.4719,-81.4236,26
42.7461,-86.0967,41
40.7939,-73.1017,37
33.4964,-90.0867,21
42.2314,-83.3308,47
60.1283,-149.4167,33
34.3478,-85.1611,13
42.5950,-87.9381,47
35.7425,-81.3819,13
18.2550,-65.6408,45
28.5453,-81.3331,32
58.6794,-156.6294,24
36.0000,-106.8300,5
43.4133,-124.2436,35
38.8983,-119.9947,26
36.4731,-82.4044,15
40.7781,-111.9694,29
42.5544,-92.4011,64
39.8000,-106.0300,367
27.6833,-97.2833,59
36.2500,-115.6300,15
44.3853,-74.2067,17
34.8831,-82.2203,9
42.1208,-87.9047,47
41.6236,-98.9517,59
39.4300,-120.3100,7
46.3747,-117.0156,20
47.0339,-120.5303,55
38.5714,-90.1572,32
33.8750,-84.3022,26
48.3500,-122.6667,50
38.8100,-104.6883,46
41.0089,-74.7367,11
43.7600,-116.1000,11
47.2675,-122.5761,28
46.4047,-94.1308,51
39.4019,-77.9844,24
43.0206,-102.5183,45
44.3592,-84.6739,35
44.5344,-72.6144,9
39.1894,-103.7158,55
40.5100,-101.6200,59
41.4000,-107.2600,7
39.9369,-91.1919,62
37.7086,-113.0944,43
36.6817,-101.5053,72
7.0833,171.3833,34
34.3622,-98.9761,74
32.7000,-117.2000,24
34.7000,-77.3833,27
30.0481,-102.2131,45
36.8781,-91.9025,40
33.6361,-91.7556,28
31.5358,-82.5067,16
33.9381,-118.3889,33
42.5700,-72.2911,23
42.8939,-85.5447,45
41.7803,-124.2367,22
42.2706,-71.8731,47
40.6331,-93.9019,55
18.4325,-66.0108,41
46.5486,-90.9189,25
27.9106,-82.6875,31
42.6650,-83.4181,39
44.3206,-69.7972,12
70.1917,-148.4772,58
43.2119,-90.1814,40
31.4156,-87.0442,10
40.1519,-122.2536,25
38.6892,-75.3592,24
37.1467,-94.5022,79
30.0675,-95.5561,19
66.9161,-151.5089,26
32.6636,-97.0939,43
31.1500,-92.9667,6
33.4825,-90.9853,32
44.3814,-106.7211,26
64.8039,-147.8761,19
39.6092,-110.7547,34
31.7800,-103.2017,65
37.7064,-112.1456,40
31.9433,-102.1889,78
48.1203,-123.4983,50
66.8667,-162.6333,48
45.0800,-117.5500,8
39.3100,-111.4300,44
44.0219,-82.7931,32
48.7939,-122.5372,46
38.8483,-77.0342,34
36.7900,-105.2400,4
30.8356,-85.1839,21
41.1214,-100.6694,54
44.3592,-89.8369,43
46.9006,-95.0678,53
27.9619,-82.5403,21
47.3258,-106.9475,28
32.7100,-96.2672,36
42.3606,-71.0106,26
6.9667,158.2167,23
43.7600,-115.2400,15
39.3792,-74.4242,33
38.0653,-97.8606,86
47.2856,-68.3133,29
26.1969,-80.1708,39
37.0872,-84.0769,24
33.9786,-98.4928,75
33.1281,-117.2794,22
47.6428,-115.9172,0
30.6264,-88.0681,24
27.6531,-80.2428,33
46.0261,-91.4442,30
38.8317,-94.8897,77
36.1300,-105.5300,5
47.8306,-110.6608,9
35.2100,-99.1200,93
43.1072,-78.9453,34
42.1997,-75.9850,27
43.5164,-112.0672,47
42.6003,-123.3642,20
31.8311,-104.8089,101
43.1711,-86.2367,47
39.8683,-75.2311,43
46.6056,-111.9636,34
42.8050,-72.0036,20
48.5428,-109.7633,30
34.6719,-82.8864,13
36.9878,-120.1106,37
45.6044,-103.5464,54
39.1033,-84.4189,27
21.3239,-157.9294,47
40.7833,-91.1253,51
36.0969,-79.9433,16
42.1128,-92.9175,61
37.0911,-95.5664,68
