45.8981,-86.5483,72
39.4206,-79.0050,170
47.8344,-120.0006,27
38.6644,-94.8900,112
47.2753,-88.4169,22
40.1100,-87.9567,85
47.6497,-120.0800,31
35.5953,-82.5567,107
30.5347,-94.4456,45
41.8161,-80.4250,80
41.0103,-103.8769,165
37.1317,-86.1481,125
39.8814,-77.3506,139
39.7750,-105.1169,31
47.2919,-88.4208,67
40.5764,-105.0858,89
39.7194,-76.8028,76
45.6656,-97.0392,174
44.4933,-68.4583,94
34.6242,-106.3103,103
38.5039,-95.7036,116
34.2183,-116.4072,89
45.4525,-99.3358,206
42.3997,-89.9903,174
61.5889,-149.0992,18
42.2947,-83.7108,148
47.0083,-88.4317,49
41.7392,-77.9711,98
39.0733,-93.7075,282
47.8306,-110.6608,103
40.9656,-105.2186,112
61.2967,-149.4400,40
39.1439,-103.4897,143
61.1025,-149.7169,58
40.8600,-102.8031,201
48.0750,-111.2597,80
48.9981,-110.2158,85
40.6558,-97.2208,130
45.0961,-112.0856,76
34.7994,-109.8850,125
35.0761,-89.7430,85
41.2847,-105.5319,161
