44.4983,-88.1111,1
39.7994,-79.3664,1
29.6919,-82.2756,1
26.1658,-97.3458,1
43.6497,-70.3003,1
46.9253,-96.8111,1
42.1014,-77.2344,1
46.1281,-85.5697,1
44.4933,-68.4583,1
44.9319,-93.0556,1
32.7336,-117.1831,1
42.9486,-78.7369,1
41.8833,-91.7167,1
35.8181,-83.9858,1
39.4700,-80.8572,1
40.4719,-81.4236,1
43.6478,-70.6750,1
44.9258,-89.6256,1
45.6308,-89.4653,1
39.9914,-82.8808,1
38.0408,-84.6058,1
46.6803,-92.9542,1
25.9156,-97.4186,1
42.3978,-90.7036,1
41.7803,-124.2367,1
40.7083,-84.0267,1
44.0303,-71.1383,1
41.6569,-69.9589,1
42.8206,-78.1481,1
43.4075,-94.7461,1
38.1847,-84.9033,1
62.9575,-155.6103,1
43.1406,-89.3453,1
32.4506,-93.8411,1
27.7411,-98.0247,1
43.7667,-98.0333,1
40.8483,-84.9300,1
26.5850,-81.8614,1
30.3208,-97.7603,1
29.3783,-100.9269,1
35.5931,-88.9167,1
42.7611,-87.8136,1
39.9061,-84.2186,1
41.2486,-76.9833,1
45.5644,-84.7928,1
43.5331,-84.0797,1
41.0489,-77.9411,1
37.7214,-122.2208,1
32.0311,-96.3989,1
41.9950,-87.9336,1
46.1864,-84.3239,1
35.0678,-77.0481,1
38.7978,-99.7231,1
43.5697,-76.1164,1
40.8203,-82.5178,1
31.1828,-90.4708,1
41.6117,-90.5808,1
33.9753,-117.6361,1
45.1519,-85.1322,1
44.5647,-91.6719,1
41.7392,-77.9711,1
41.9922,-93.6217,1
42.4272,-73.2892,1
30.1831,-97.6800,1
41.6767,-78.8036,1
44.9358,-74.8458,1
33.6800,-117.8664,1
42.5950,-87.9381,1
41.9244,-78.0072,1
40.1100,-87.9567,1
42.2472,-78.8125,1
41.8031,-78.6403,1
42.9550,-87.9044,1
42.6472,-78.7111,1
18.4325,-66.0108,1
40.2914,-82.6547,1
27.6531,-80.2428,1
64.5111,-165.4400,1
31.8311,-104.8089,1
38.2281,-85.6636,1
40.9781,-124.1086,1
41.9903,-77.1567,1
43.3772,-72.1811,1
34.5467,-93.5781,1
34.1231,-84.8486,1
45.0717,-83.5644,1
35.4319,-82.5375,1
46.8875,-96.7483,1
55.0389,-131.5786,1
44.3592,-89.8369,1
40.9167,-81.4333,1
44.2033,-72.5794,1
45.4558,-98.4131,1
42.7803,-84.5789,1
43.0989,-71.7572,1
34.6081,-79.0592,1
44.8322,-93.4706,1
43.8789,-91.2528,1
41.7144,-70.4717,1
36.4731,-82.4044,1
42.4050,-88.9794,1
43.9042,-92.4917,1
41.1758,-91.8183,1
44.3981,-98.2231,1
40.9706,-85.2064,1
26.9172,-81.9914,1
39.4019,-77.9844,1
47.2856,-68.3133,1
26.1522,-81.7753,1
41.8158,-78.2872,1
43.0514,-91.1350,1
15.1167,145.7167,1
38.6572,-90.6558,1
42.7461,-86.0967,1
44.8664,-91.4878,1
42.5544,-92.4011,1
37.9483,-83.4825,1
42.2122,-71.1136,1
39.8544,-84.8778,1
44.7408,-85.5825,1
41.7072,-86.3164,1
26.2281,-97.6542,1
33.4964,-90.0867,1
42.3075,-85.2511,1
38.1811,-85.7392,1
37.8175,-82.7883,1
37.8725,-82.5194,1
40.4122,-86.9369,1
47.9428,-97.1839,1
43.1544,-93.3269,1
41.1078,-92.4467,1
38.2103,-122.2847,1
39.0431,-84.6717,1
27.9619,-82.5403,1
41.1783,-78.8989,1
41.6961,-78.4878,1
19.7192,-155.0531,1
41.6267,-73.8842,1
35.0311,-85.2014,1
55.5800,-133.0750,1
29.3600,-99.1742,1
42.1128,-92.9175,1
42.0025,-76.6383,1
33.1281,-117.2794,1
40.9247,-79.2825,1
36.0167,-102.5500,1
42.8089,-72.0053,1
43.1167,-77.6767,1
32.6847,-83.6528,1
31.2361,-94.7544,1
42.2667,-84.4667,1
21.9839,-159.3405,1
32.5722,-116.9794,1
44.6500,-73.4667,1
27.7839,-97.5108,1
41.6300,-79.6931,1
40.2964,-78.3203,1
45.0133,-84.7014,1
46.1817,-84.6014,1
39.8250,-86.2958,1
41.6328,-91.5431,1
26.8400,-81.0872,1
43.1561,-90.6775,1
45.3803,-87.9567,1
45.5433,-94.0514,1
37.5339,-83.3492,1
42.1244,-86.4267,1
41.4014,-102.3464,1
43.3500,-73.6167,1
29.3389,-98.4719,1
44.3853,-74.2067,1
30.3361,-81.5147,1
42.3161,-90.2269,1
46.9258,-98.6692,1
30.3567,-95.4139,1
42.9667,-83.7494,1
38.8853,-79.8528,1
31.8606,-86.0122,1
44.3814,-100.2856,1
32.3206,-90.0778,1
43.1953,-71.5011,1
37.7836,-81.1231,1
45.8678,-95.3942,1
44.8831,-93.2289,1
33.4536,-94.0075,1
33.1783,-86.7817,1
44.9714,-116.2933,1
47.2919,-88.4208,1
30.5347,-94.4456,1
29.1097,-95.4619,1
40.0972,-92.5433,1
36.9358,-121.7886,1
41.5272,-85.7922,1
34.0511,-118.2353,1
44.3744,-70.3164,1
31.3347,-92.5586,1
31.5358,-82.5067,1
57.1553,-170.2222,1
28.8208,-81.8097,1
41.4333,-99.6333,1
45.5464,-100.4078,1
41.4131,-81.8600,1
42.6333,-91.8633,1
43.2119,-90.1814,1
44.5483,-95.0803,1
41.2544,-80.6739,1
37.6542,-122.1150,1
42.7831,-71.4147,1
31.9514,-85.1289,1
42.7467,-71.0425,1
41.4653,-90.5233,1
33.8719,-117.9789,1
36.3689,-92.4703,1
39.8692,-76.8636,1
43.1711,-86.2367,1
44.3592,-84.6739,1
26.1839,-98.2539,1
43.7700,-88.4864,1
33.3644,-81.9633,1
37.0872,-84.0769,1
45.8608,-84.7197,1
42.9108,-71.2008,1
46.8706,-68.0172,1
41.5889,-75.3303,1
38.5039,-122.8103,1
40.4397,-82.3039,1
36.6636,-121.6081,1
35.5453,-82.6986,1
40.1667,-103.2167,1
41.3336,-75.7269,1
27.7628,-82.6261,1
31.3558,-85.7511,1
30.7406,-98.2353,1
41.5886,-83.8014,1
44.9047,-97.1494,1
36.6239,-87.4194,1
41.4792,-79.4433,1
39.9444,-81.8922,1
27.4981,-80.3767,1
48.5614,-93.3981,1
33.3633,-84.5658,1
31.6189,-97.2283,1
28.4567,-99.2183,1
32.5156,-92.0406,1
32.3500,-91.0278,1
44.8428,-117.8086,1
44.5344,-72.6144,1
42.3606,-71.0106,1
33.2119,-87.6161,1
44.3206,-69.7972,1
40.6142,-79.7192,1
42.9389,-72.3247,1
44.2667,-71.2994,1
41.2433,-76.9217,1
32.1300,-81.2100,1
42.1928,-89.0931,1
43.7694,-87.8506,1
33.2194,-117.3494,1
41.0103,-103.8769,1
34.0500,-94.4008,1
43.9844,-88.5569,1
40.3161,-78.8339,1
41.9300,-79.2969,1
44.2822,-70.2561,1
32.8667,-117.1333,1
39.5781,-85.8033,1
46.5311,-87.5483,1
30.1250,-93.2158,1
38.7642,-87.6056,1
36.2606,-76.1750,1
30.6036,-92.7739,1
34.6525,-86.9453,1
39.6428,-79.9164,1
45.6478,-68.6925,1
44.6381,-90.1875,1
38.0442,-87.5206,1
37.4000,-82.2333,1
41.3375,-84.4289,1
40.8483,-75.9994,1
46.4794,-84.3572,1
60.7850,-161.8292,1
46.8369,-92.2097,1
45.0619,-93.3508,1
29.5442,-98.4839,1
43.3436,-72.5178,1
26.7897,-81.3045,1
39.6667,-80.8667,1
43.5878,-96.7289,1
37.5658,-76.8000,1
45.3581,-86.8911,1
27.5333,-99.4667,1
29.7036,-98.0281,1
43.8583,-71.2597,1
33.8083,-79.8567,1
71.2833,-156.7814,1
13.4836,144.7961,1
44.7978,-68.8186,1
58.4111,-135.7089,1
47.9375,-124.5550,1
37.0947,-81.7936,1
36.1189,-86.6892,1
34.8994,-120.4486,1
32.8158,-117.1394,1
40.5711,-75.2781,1
42.8939,-85.5447,1
30.5892,-96.3647,1
32.7100,-96.2672,1
30.4844,-81.7019,1
41.8136,-89.0239,1
