18.1747,-66.7978,51
31.2022,-93.5725,36
40.7264,-122.7947,38
38.8586,-99.3358,84
28.0372,-97.8725,25
43.8544,-116.4664,0
37.1503,-104.5567,66
37.2792,-86.2492,79
40.7142,-122.4161,30
36.4711,-86.8414,81
35.9328,-88.7267,28
26.3769,-98.8117,30
33.6731,-111.1508,97
40.1100,-87.9567,0
47.0575,-109.9514,0
33.2564,-81.2422,51
39.7506,-92.5064,0
33.9544,-102.7783,102
44.6342,-123.1900,0
28.4675,-98.2525,18
36.1056,-82.8436,742
40.4750,-86.9919,74
42.9592,-120.7897,30
26.5650,-98.1236,28
26.1781,-97.9708,38
32.7547,-104.3836,94
39.9000,-98.0256,140
39.0303,-76.9314,46
39.8114,-99.9386,114
40.6117,-122.5281,30
31.6164,-94.6431,46
34.1864,-90.5572,43
34.5822,-119.9817,91
40.1739,-101.0611,79
35.3872,-76.7764,51
45.7206,-118.6264,46
40.5764,-105.0858,10
36.4622,-116.8669,124
28.4575,-97.7061,18
34.5697,-93.1947,13
30.8408,-89.5453,0
39.0172,-92.7558,66
35.1867,-102.0797,104
28.6575,-96.5553,48
37.5147,-122.0325,51
32.8964,-107.3078,137
33.7542,-99.1442,112
35.1131,-89.2122,41
34.7281,-90.3683,61
33.6772,-93.9903,36
30.7931,-94.1819,15
38.4917,-122.1242,28
38.5039,-95.7036,71
37.0683,-88.7725,64
30.5467,-87.8808,43
33.7092,-93.5564,46
45.9228,-108.2444,104
31.3625,-85.3397,58
39.1172,-95.4097,81
42.0208,-93.7742,79
32.6406,-96.9747,38
35.1297,-89.8036,38
39.2475,-96.5994,107
30.0689,-94.2928,33
18.0331,-67.0722,74
40.1550,-103.1417,71
18.2583,-65.9922,51
39.0744,-96.8983,53
35.6214,-88.8456,64
35.8819,-83.9572,48
38.4661,-101.7758,107
31.6003,-97.2169,46
35.3886,-106.5439,81
37.7967,-121.5828,89
31.8611,-97.3750,38
26.2656,-97.8714,74
36.2403,-106.4278,89
35.7197,-86.9653,53
34.6033,-104.3811,140
36.8047,-107.6214,28
34.9881,-120.3211,86
31.0372,-97.5283,51
31.3706,-100.4942,86
33.0353,-96.4861,36
26.8400,-81.0872,71
41.9342,-88.7756,84
28.7156,-97.1742,20
34.1419,-80.8700,41
35.4139,-86.8086,33
33.4258,-111.9217,71
38.7978,-99.7231,107
35.6414,-106.3322,69
39.0422,-108.4664,69
38.9408,-95.3397,64
35.1108,-81.9675,64
32.8242,-95.5275,46
43.5492,-71.4647,0
36.0147,-85.1314,53
34.8847,-99.2964,104
32.2631,-96.6369,20
35.6872,-90.0964,48
30.2003,-92.6642,38
39.5039,-98.3150,114
38.5350,-121.7761,86
46.6722,-120.4994,38
34.6603,-82.8236,69
36.5928,-106.7300,61
38.4931,-122.0047,74
38.0633,-102.9297,89
34.1981,-101.7461,86
42.3806,-96.9575,38
35.4072,-104.1906,660
32.8522,-95.8864,46
34.3961,-89.7903,33
35.1161,-93.6506,28
38.6078,-97.9597,102
32.2822,-106.7597,86
34.5989,-103.2161,64
35.2006,-103.6867,198
33.0642,-101.0489,107
33.1481,-95.6269,25
36.5508,-114.4581,107
33.1461,-107.1842,91
31.9611,-96.6881,71
38.2597,-104.7169,74
39.3925,-101.0689,99
29.4608,-101.0286,58
31.9633,-98.4942,56
26.5581,-99.1372,48
30.7189,-97.3211,46
37.6967,-93.7722,36
34.8219,-89.4347,737
35.0489,-97.9158,71
32.9206,-86.6708,762
32.9506,-97.0553,43
25.8175,-80.2858,107
39.6619,-99.1228,124
38.0047,-120.4864,48
30.7053,-104.0233,71
39.4031,-99.4192,91
36.6897,-108.3086,99
32.4219,-93.6381,56
37.9931,-100.8122,76
29.6211,-96.3661,25
30.6836,-97.7172,23
32.6475,-97.4439,58
33.3192,-95.6039,18
27.4272,-80.4053,10
34.1381,-88.9983,41
45.4825,-120.7236,56
32.2683,-101.4858,114
32.9203,-94.7225,41
30.3367,-96.5403,25
