44.8831,-85.6753,67
42.3806,-96.9575,128
62.1925,-150.5033,-6
41.4439,-86.9294,100
43.9794,-117.0247,83
32.3500,-94.6500,206
38.7386,-87.4878,150
44.4933,-68.4583,6
47.0575,-109.9514,100
42.1397,-87.7853,89
34.1944,-79.2472,194
33.0167,-81.3167,178
32.5133,-92.3486,228
40.2233,-86.1086,128
37.0683,-88.7725,117
40.7928,-87.7556,83
38.7003,-82.4736,144
45.0853,-67.1203,0
42.2947,-83.7108,72
39.4833,-83.8500,122
46.3414,-86.9242,11
28.4575,-97.7061,228
40.8142,-85.1547,39
40.4719,-74.4364,50
38.8894,-86.5519,111
37.8194,-85.3847,139
32.9206,-86.6708,217
27.7792,-97.5056,217
28.8608,-97.0181,233
39.4708,-87.4081,128
32.2822,-106.7597,261
40.2539,-85.1483,106
42.6006,-114.7453,111
41.1453,-85.4897,56
40.1100,-87.9567,100
33.2564,-81.2422,156
46.8706,-68.0172,-6
44.9847,-93.1772,56
28.7156,-97.1742,256
38.4661,-101.7758,189
34.7289,-80.0389,167
37.1167,-84.6167,100
33.7775,-81.8467,167
37.1244,-87.8672,72
34.1419,-80.8700,167
32.7547,-104.3836,139
37.9931,-100.8122,150
40.9361,-90.7197,100
37.1317,-86.1481,139
35.6214,-88.8456,167
41.8161,-80.4250,44
36.1306,-80.5481,139
64.9156,-148.2711,17
64.1539,-145.8894,-17
34.6603,-82.8236,183
36.7578,-90.4056,144
33.8083,-79.8567,211
38.5200,-89.8467,106
38.4558,-86.6983,133
35.6042,-91.2744,150
40.4750,-86.9919,56
40.0739,-87.5067,139
41.0267,-86.5867,72
38.3139,-81.7186,106
34.2183,-81.0731,183
37.9311,-98.0297,156
42.7831,-71.4147,0
34.4719,-81.8839,261
39.4700,-80.8572,122
