40.6331,-93.9019,27
39.6014,-116.0056,41
43.9658,-107.9508,34
33.9381,-118.3889,40
41.3461,-82.1794,23
61.1689,-150.0278,15
41.8161,-80.4250,0
42.1094,-77.9919,15
45.2486,-122.7686,14
33.5656,-86.7450,22
44.2100,-110.6700,16
43.1167,-77.6767,22
47.6831,-117.3214,13
41.0731,-71.9233,22
44.3394,-105.5419,26
40.9706,-85.2064,21
47.9375,-124.5550,16
35.9403,-89.8308,17
34.2097,-118.4892,32
38.1811,-85.7392,23
32.2622,-107.7206,44
27.9619,-82.5403,41
29.3389,-98.4719,37
29.5622,-91.5256,30
43.6264,-72.3047,10
36.7725,-90.3247,13
43.9042,-92.4917,49
33.8281,-116.5053,48
38.3000,-76.4167,48
42.3914,-96.3792,17
43.7331,-103.6114,13
40.6161,-83.0636,28
19.7192,-155.0531,35
42.0800,-80.1825,39
28.5453,-81.3331,47
40.3667,-75.9667,20
33.7792,-84.5214,29
38.2281,-85.6636,16
44.7408,-85.5825,18
41.1519,-104.8061,31
44.2033,-72.5794,12
38.4167,-113.0167,64
32.5161,-84.9422,32
41.1783,-78.8989,24
40.1203,-76.2944,21
35.0678,-77.0481,26
42.9550,-87.9044,40
33.6800,-117.8664,35
35.1350,-90.2344,19
35.1822,-103.6031,43
36.1994,-95.8872,26
37.4058,-122.0481,36
33.6186,-114.7142,45
6.9667,158.2167,15
41.8833,-91.7167,34
40.0228,-82.4625,12
47.9428,-97.1839,28
28.1011,-80.6439,42
43.5950,-118.9564,30
36.2117,-115.1958,35
57.1553,-170.2222,43
41.3275,-72.0494,37
37.6197,-122.3647,33
41.7781,-80.6958,20
34.9000,-76.8833,29
30.5892,-96.3647,44
33.4825,-90.9853,31
46.7994,-102.7972,43
44.5444,-110.4211,10
61.1781,-149.9664,12
44.3800,-116.3400,8
41.9381,-72.6825,19
34.7272,-92.2389,28
40.9611,-98.3136,30
31.1828,-90.4708,27
33.8750,-84.3022,36
38.8853,-79.8528,9
43.8789,-91.2528,44
48.1203,-123.4983,33
45.5464,-100.4078,27
47.2078,-119.3192,23
17.7028,-64.8056,48
38.9833,-76.4667,27
43.1711,-86.2367,30
41.5097,-72.8278,14
41.9097,-70.7294,29
29.7036,-98.0281,44
34.7336,-76.6606,34
39.3792,-74.4242,40
20.8997,-156.4286,49
41.6686,-70.2800,28
43.7600,-116.1000,10
39.4717,-76.1697,27
31.4208,-110.8458,29
32.7100,-96.2672,40
36.6817,-101.5053,47
39.8000,-106.0300,8
26.2500,-80.1083,34
47.3000,-121.6000,7
39.0725,-95.6261,15
64.3267,-158.7417,34
43.7700,-88.4864,38
42.5708,-77.7133,20
40.8289,-115.7886,28
13.4836,144.7961,34
38.5714,-90.1572,15
34.0561,-117.6003,38
35.6169,-106.0889,44
35.2236,-80.9553,30
42.9203,-112.5711,25
44.7900,-116.0900,10
41.7872,-111.8533,24
39.1894,-103.7158,37
41.5333,-71.2833,28
42.5519,-71.7558,16
41.4914,-120.5644,25
30.4781,-87.1869,47
35.0028,-105.6628,52
38.7042,-93.1833,18
31.8111,-106.3758,34
29.1097,-95.4619,34
33.2119,-87.6161,14
43.5331,-84.0797,15
31.3711,-100.4922,47
30.2333,-81.6667,54
44.5344,-72.6144,10
42.2667,-84.4667,21
38.1417,-76.4292,36
37.2253,-89.5706,13
38.2900,-104.4983,27
33.3633,-84.5658,26
26.6847,-80.0994,31
38.8500,-94.7392,21
41.9856,-97.4353,20
31.5356,-84.1944,37
34.2719,-83.8303,40
36.4486,-103.1539,51
42.1928,-89.0931,45
30.5069,-86.9597,48
39.7556,-82.6572,15
44.3592,-89.8369,34
35.0169,-80.6206,31
42.1594,-76.8919,19
44.5483,-95.0803,31
43.4133,-124.2436,43
26.1839,-98.2539,76
33.6228,-111.9106,21
34.6439,-86.7861,17
39.3756,-99.8297,41
47.4667,-87.8833,32
38.3650,-82.5550,15
34.6242,-106.3103,0
30.6794,-88.2397,30
35.0564,-89.9864,20
37.7081,-77.4344,13
30.0675,-95.5561,31
47.3258,-106.9475,38
31.9433,-102.1889,56
38.8000,-97.6500,33
40.9781,-124.1086,21
42.7972,-105.3856,26
35.2333,-101.7089,53
28.7247,-96.2536,57
44.3814,-106.7211,35
35.1967,-81.1558,26
40.0781,-83.0781,26
36.0300,-106.8100,5
35.3331,-94.3625,24
39.7750,-105.1169,0
33.4536,-94.0075,41
37.3169,-79.9742,32
34.0158,-118.4514,22
45.2575,-112.5545,27
35.0761,-89.7430,0
36.9900,-105.2600,8
45.6906,-118.8528,30
47.4733,-111.3822,43
29.1828,-81.0483,43
39.2900,-117.1100,6
40.2064,-100.5914,34
30.5844,-97.4156,40
41.3931,-70.6150,40
43.8000,-114.8500,5
34.7500,-111.4100,514
40.9167,-81.4333,36
42.8975,-106.4636,21
30.3433,-89.8222,17
37.6928,-121.8144,47
25.9069,-80.2803,22
42.4167,-87.8667,30
46.4047,-94.1308,19
42.4272,-73.2892,11
32.4106,-99.6822,47
35.2325,-75.6219,26
41.1389,-75.3794,28
39.4019,-77.9844,13
43.1953,-71.5011,13
24.5550,-81.7522,29
41.5944,-109.0528,41
35.4344,-119.0542,37
32.7000,-117.2000,31
44.8889,-116.1017,16
39.2775,-120.7103,24
33.1783,-86.7817,12
36.7367,-97.1019,36
55.3567,-131.7117,30
42.6425,-77.0564,10
34.1853,-79.7239,33
30.7406,-98.2353,38
30.2050,-91.9875,34
37.2958,-81.2078,11
37.9406,-75.4631,68
39.7333,-77.4333,3
38.9597,-94.3714,22
35.4319,-82.5375,37
40.7083,-84.0267,25
38.9503,-95.6639,19
61.2169,-149.8550,21
26.1658,-97.3458,66
40.5175,-122.2986,28
31.3500,-85.6667,25
44.7978,-68.8186,17
27.7411,-98.0247,50
42.6958,-73.1708,8
30.4636,-88.5319,22
37.1681,-97.0369,34
36.0097,-94.1694,16
29.9800,-95.3600,30
43.1644,-95.2017,31
38.4000,-119.5400,8
43.3906,-99.8422,51
40.9656,-105.2186,9
39.4206,-79.0050,13
40.7789,-73.9692,24
36.9261,-111.4478,24
33.9228,-118.3342,30
63.9944,-145.7214,17
25.7906,-80.3164,27
48.4608,-119.5167,35
27.6531,-80.2428,36
43.2119,-90.1814,34
32.5722,-116.9794,24
33.6361,-91.7556,29
35.6697,-120.6283,41
47.2675,-122.5761,20
59.7494,-154.9089,38
35.6950,-101.3950,34
43.1561,-90.6775,21
29.3600,-99.1742,50
43.1544,-93.3269,35
41.0136,-83.6686,36
34.7442,-87.5997,11
46.3583,-104.2500,35
34.7000,-77.3833,27
30.1831,-97.6800,48
34.0500,-94.4008,18
39.3669,-101.7000,51
36.6950,-76.1356,22
33.2194,-117.3494,21
37.2833,-102.6139,57
41.1014,-102.9847,54
32.9733,-97.3181,38
22.0333,-159.7833,33
47.5303,-122.3008,17
38.9408,-77.4636,24
47.2856,-68.3133,27
45.5908,-122.6003,35
41.4131,-81.8600,40
47.3864,-92.8389,22
40.8097,-124.1603,15
47.3600,-121.5700,3
41.7419,-72.1836,21
41.9950,-87.9336,38
34.8994,-120.4486,28
36.4731,-82.4044,10
42.8783,-100.5500,38
39.6092,-110.7547,33
34.2622,-88.7714,10
41.8706,-103.5931,29
39.1900,-120.2600,24
46.0947,-118.2869,29
46.8706,-68.0172,17
45.9647,-112.5006,25
30.4119,-89.0808,26
48.2138,-106.6213,48
41.7861,-87.7522,39
7.3333,134.4833,34
31.2361,-94.7544,30
32.8192,-97.3614,47
43.9922,-76.0217,23
44.8428,-117.8086,26
36.5728,-79.3361,39
41.1078,-92.4467,36
45.7728,-122.8611,30
44.8831,-93.2289,42
39.4900,-121.6183,30
34.4258,-119.8425,28
38.6956,-121.5897,44
36.3100,-115.6800,5
35.2578,-93.0947,18
33.6267,-116.1594,51
36.8781,-91.9025,18
34.2008,-119.2069,38
40.3547,-79.9217,22
48.7200,-116.4600,18
41.4653,-90.5233,30
40.8600,-102.8031,13
39.4300,-120.3100,6
38.0408,-84.6058,18
62.3200,-150.0950,15
34.3478,-85.1611,23
43.1406,-89.3453,37
42.9600,-121.1800,5
41.6117,-90.5808,34
25.9156,-97.4186,67
32.7667,-97.4500,49
39.2972,-94.7306,26
40.6508,-75.4492,23
36.0969,-79.9433,36
39.4519,-87.3089,10
39.2956,-80.2289,21
39.3667,-75.0667,38
45.4353,-67.7214,9
44.2558,-121.1392,23
42.2314,-83.3308,22
62.1592,-145.4589,8
40.3161,-78.8339,18
60.1283,-149.4167,27
46.5486,-90.9189,20
38.0700,-102.6881,44
44.3592,-84.6739,16
66.0689,-162.7639,34
44.9047,-97.1494,25
38.2103,-122.2847,62
34.7436,-118.7242,53
34.6517,-112.4208,40
38.8983,-119.9947,17
37.1319,-76.4930,31
42.3811,-122.8722,14
44.8664,-91.4878,33
48.0944,-105.5744,47
36.9358,-121.7886,23
43.9844,-88.5569,44
29.5442,-98.4839,51
42.5906,-117.8644,56
40.1550,-103.1417,45
32.8547,-109.6353,42
34.5183,-109.3792,24
18.3331,-64.9667,51
30.6264,-88.0681,28
36.9839,-77.0075,15
35.5953,-82.5567,9
35.8311,-90.6464,22
42.2228,-83.7444,17
46.1442,-115.5964,11
38.9286,-90.4281,18
29.9933,-90.2511,42
39.4839,-119.7711,28
43.5667,-116.2406,28
45.0319,-102.0192,38
44.4683,-73.1500,20
36.0000,-106.8300,4
62.9575,-155.6103,23
31.6189,-97.2283,55
43.5164,-112.0672,41
47.0339,-120.5303,35
41.9922,-93.6217,23
42.3075,-85.2511,19
46.8369,-92.2097,30
30.0375,-91.8839,27
40.0819,-75.0111,38
45.8069,-108.5422,31
32.3367,-90.2214,36
36.6239,-87.4194,13
60.7850,-148.8389,26
44.9319,-93.0556,40
31.2819,-89.2531,27
33.6883,-112.0817,41
48.2553,-101.2733,45
37.1431,-107.7597,31
34.2006,-118.3575,30
37.7797,-89.2497,9
36.1625,-97.0894,26
32.2997,-86.4075,36
64.5500,-149.0717,17
30.7825,-83.2767,18
34.2486,-82.1592,23
38.0511,-117.0903,70
45.8678,-95.3942,26
35.7800,-105.5400,2
38.8100,-104.6883,37
43.1111,-76.1039,16
45.5511,-122.4089,21
35.4111,-80.5833,0
40.2769,-74.8158,31
33.1803,-96.5903,42
55.0389,-131.5786,27
30.7797,-86.5225,25
35.6875,-117.6931,58
25.6475,-80.4331,20
44.3206,-69.7972,21
36.7436,-108.2292,37
21.3167,-158.0667,25
44.0433,-103.0536,33
39.8683,-75.2311,41
38.1311,-91.7683,26
37.5908,-83.3131,5
34.7675,-114.6189,38
32.6808,-96.8681,32
42.8153,-108.7261,47
41.3119,-105.6747,35
66.9161,-151.5089,17
44.1708,-114.9272,15
37.8892,-121.2258,38
39.8447,-89.6839,25
32.1300,-81.2100,43
43.0206,-102.5183,22
39.1033,-84.4189,17
38.3306,-96.1897,21
39.1208,-94.5969,22
45.8619,-96.5650,9
34.8822,-95.7831,36
35.8181,-83.9858,20
30.5372,-91.1469,40
42.1469,-121.7242,26
34.8461,-82.3461,22
42.3978,-90.7036,44
28.4339,-81.3250,39
48.1739,-103.6367,53
46.0139,-102.6547,28
34.8831,-82.2203,15
36.9878,-120.1106,32
42.3606,-71.0106,35
44.9050,-123.0011,30
34.1750,-91.9347,30
40.9017,-117.8081,36
36.2606,-76.1750,24
31.7800,-103.2017,49
26.5361,-81.7550,22
45.5114,-118.4247,6
57.7511,-152.4856,21
59.5119,-139.6711,14
33.9481,-83.3275,28
31.3928,-92.2956,31
40.7833,-91.1253,23
7.0833,171.3833,20
36.3689,-92.4703,22
39.5703,-104.8489,41
44.8322,-93.4706,33
44.6381,-90.1875,44
43.3500,-73.6167,16
55.2208,-162.7325,74
38.1386,-78.4530,22
47.4569,-115.6450,18
42.2706,-71.8731,26
42.9333,-71.4383,21
35.2578,-113.9331,45
27.4014,-82.5586,45
47.6458,-101.4394,36
34.5583,-98.4172,30
40.1667,-103.2167,66
39.1333,-86.6167,10
40.8731,-81.8867,23
32.8158,-117.1394,23
41.4525,-87.0058,19
30.4000,-86.4717,35
40.6386,-73.7622,36
27.5000,-97.8167,61
41.0669,-73.7075,26
36.8167,-76.0333,36
48.5614,-93.3981,27
37.6242,-120.9506,40
39.1353,-96.6778,16
46.4267,-105.8825,34
47.4444,-122.3139,37
41.6875,-69.9933,31
40.7939,-73.1017,37
32.6500,-114.6167,34
41.3103,-95.8992,27
48.6033,-112.3753,38
37.7461,-97.2211,35
38.5911,-92.1558,18
36.7900,-105.2400,1
42.4819,-114.4869,37
33.2367,-107.2681,41
38.0494,-103.5122,35
28.0836,-97.0464,52
40.0803,-95.5919,13
44.0219,-82.7931,43
31.4156,-87.0442,21
35.2372,-120.6414,29
33.8117,-78.7239,29
39.3600,-106.0600,9
32.7336,-117.1831,27
33.2061,-97.1989,43
43.0303,-78.1692,40
29.7333,-85.0333,53
40.6044,-98.4272,30
40.1100,-87.9567,13
39.0431,-84.6717,26
38.0442,-87.5206,13
61.5961,-149.0917,19
39.4203,-83.8217,26
35.5144,-108.7939,42
37.4389,-105.8614,42
33.8117,-118.1464,32
34.7411,-118.2117,64
37.3278,-95.5042,10
39.1667,-76.6833,30
40.3300,-75.1225,13
37.2839,-98.5528,37
45.6308,-89.4653,47
27.6833,-97.2833,71
45.6208,-122.6572,26
36.9600,-106.6600,6
35.9508,-85.0814,22
31.0425,-86.3117,16
33.6300,-84.4417,43
40.7781,-111.9694,61
38.1847,-84.9033,13
38.7642,-87.6056,17
42.5700,-72.2911,11
35.0419,-106.6156,38
41.2544,-80.6739,29
38.5000,-77.3000,38
47.3978,-120.2014,35
41.3714,-73.4828,16
21.9839,-159.3405,47
35.9461,-112.1547,26
47.0492,-109.4578,26
39.4167,-118.7167,38
41.7361,-72.6506,19
45.1947,-123.1339,26
34.2675,-77.8997,33
48.7939,-122.5372,14
42.8914,-73.2469,10
64.8039,-147.8761,16
41.5886,-83.8014,23
26.0719,-80.1536,33
46.4794,-84.3572,17
32.6636,-97.0939,39
42.5842,-70.9175,25
44.5761,-71.1786,11
7.4500,151.8333,17
40.4953,-107.5211,25
70.6392,-159.9950,39
9.4833,138.0833,38
33.0375,-116.9158,28
42.0572,-102.8000,35
44.7694,-106.9689,13
48.5428,-109.7633,41
41.0375,-81.4642,27
37.3592,-121.9239,34
38.5050,-107.8975,35
42.1908,-71.1736,20
40.1936,-76.7633,15
40.8764,-74.2831,20
43.6497,-70.3003,18
42.2333,-83.5333,20
42.3200,-120.8300,17
35.7425,-81.3819,23
39.5264,-107.7264,27
48.3500,-122.6667,22
29.3331,-89.4075,47
34.2167,-119.0833,33
35.8517,-97.4142,27
71.2833,-156.7814,38
19.7356,-156.0489,32
38.5069,-121.4950,39
37.2847,-120.5128,34
37.7608,-99.9683,58
33.6542,-101.8136,50
44.1278,-123.2206,31
41.1583,-73.1289,42
42.7172,-71.1239,15
28.8208,-81.8097,38
40.4719,-81.4236,12
42.4933,-79.2722,34
59.2433,-135.5094,21
60.4889,-145.4511,14
29.6381,-95.2819,30
47.9078,-122.2803,26
43.7667,-98.0333,26
42.6650,-83.4181,21
41.1961,-112.0114,49
38.7525,-90.3736,22
46.2667,-119.1167,16
32.1314,-110.9553,29
41.6267,-73.8842,13
39.3903,-94.5553,4
39.5514,-97.6508,24
39.2447,-102.2842,61
31.8311,-104.8089,47
35.6567,-95.3614,26
58.3567,-134.5639,25
36.3200,-115.7000,9
32.4506,-93.8411,38
30.3503,-81.8831,34
42.9486,-78.7369,31
41.7806,-122.4717,26
40.8508,-96.7475,23
59.4433,-151.7017,12
32.8519,-96.8556,47
41.3375,-84.4289,24
37.7086,-113.0944,50
47.1686,-88.4889,37
37.3208,-79.2067,39
43.0661,-108.4767,38
38.6572,-90.6558,7
36.6206,-116.0278,60
32.3500,-91.0278,26
35.7047,-101.5492,27
26.2281,-97.6542,71
37.0872,-84.0769,15
39.7194,-76.8028,31
36.2833,-94.3000,24
33.4669,-82.0386,31
37.3711,-118.3581,66
40.4122,-86.9369,16
43.2339,-75.4117,13
33.9519,-117.4386,24
26.9172,-81.9914,31
34.9883,-117.8647,62
44.4983,-88.1111,36
43.1072,-78.9453,26
44.9258,-89.6256,40
39.4494,-74.5672,40
41.9144,-88.2464,36
31.3072,-95.4508,18
38.8483,-77.0342,38
46.6056,-111.9636,26
30.0494,-90.0289,44
42.7803,-84.5789,14
46.1569,-123.8825,33
42.6003,-123.3642,41
27.9106,-82.6875,41
39.7506,-92.5064,13
34.4272,-100.2831,37
46.4167,-86.6500,20
34.9894,-99.0525,45
43.9906,-70.9475,9
41.4000,-107.2600,3
39.4781,-88.2803,10
36.5100,-106.3200,328
41.7803,-124.2367,38
21.1544,-157.0961,42
32.5500,-88.5667,26
33.8719,-117.9789,23
27.7839,-97.5108,68
33.9486,-81.1186,29
41.0089,-74.7367,11
41.5339,-93.6531,31
44.3981,-98.2231,25
42.9667,-83.7494,17
38.6892,-75.3592,44
34.8536,-116.7858,58
37.7214,-122.2208,43
36.7200,-106.2600,5
37.3031,-108.6275,31
38.7667,-104.3000,37
32.8667,-117.1333,20
43.7600,-115.2400,12
36.0167,-102.5500,46
29.5189,-95.2417,26
40.3000,-111.2600,15
45.4622,-69.5953,24
37.7064,-112.1456,39
30.3567,-95.4139,34
35.5342,-97.6469,46
47.6217,-117.5281,17
41.6236,-98.9517,27
29.6333,-83.1053,36
39.2953,-114.8467,41
41.1214,-100.6694,33
39.2231,-106.8683,19
32.3847,-94.7117,38
32.7800,-79.9319,27
21.3239,-157.9294,43
36.3189,-119.6289,30
46.9728,-123.9303,35
36.0719,-115.1633,37
39.6728,-75.6008,39
36.2500,-115.6300,14
40.8206,-76.8642,9
46.7439,-117.1086,14
31.8606,-86.0122,30
37.5050,-77.3203,36
43.7694,-87.8506,26
34.5467,-93.5781,12
34.1231,-84.8486,10
36.9033,-76.1922,35
61.1000,-149.6936,13
30.7167,-87.0167,37
40.6239,-74.6694,15
43.8339,-111.8045,36
43.9636,-69.7117,10
41.3336,-75.7269,19
32.7817,-98.0603,34
40.8203,-82.5178,26
27.5333,-99.4667,67
32.8342,-115.5786,56
39.3644,-84.5247,17
32.8986,-80.0403,38
45.8258,-119.2611,17
32.6847,-83.6528,40
48.5222,-123.0231,10
39.5781,-85.8033,16
46.9208,-114.0925,22
42.1244,-86.4267,21
40.0681,-118.5692,39
30.3208,-97.7603,29
36.1189,-86.6892,18
36.0236,-84.2375,3
36.1900,-105.5600,7
37.9272,-100.7247,55
41.2639,-72.8872,31
46.0261,-91.4442,18
41.7219,-71.4325,30
41.8756,-71.0211,12
42.5950,-87.9381,36
30.3489,-85.7881,43
26.5850,-81.8614,29
44.3744,-70.3164,0
39.3450,-81.4392,10
38.6644,-94.8900,9
62.9614,-141.9292,8
28.7797,-81.2436,46
42.7461,-86.0967,24
59.4556,-135.3239,5
45.6689,-96.9914,20
35.3889,-97.6006,37
28.4567,-99.2183,54
41.2003,-74.6231,12
44.9358,-74.8458,10
33.5872,-85.8556,29
32.8978,-97.0189,55
44.0206,-117.0128,21
45.0800,-117.5500,5
44.3675,-71.5450,8
39.1258,-123.2008,25
45.5406,-122.9486,34
42.7611,-87.8136,36
39.9444,-81.8922,18
36.9500,-76.2833,31
33.3075,-104.5083,35
32.8167,-115.6833,74
40.8250,-92.8925,4
36.2667,-93.1567,33
39.7075,-86.2803,24
36.1336,-80.2222,37
38.3775,-121.9575,38
33.4278,-112.0039,41
43.5878,-96.7289,21
41.2433,-76.9217,12
34.6719,-82.8864,21
42.1578,-72.7161,21
45.5644,-84.7928,21
36.7414,-104.5022,44
36.1306,-80.5481,22
42.1128,-92.9175,31
35.0311,-85.2014,24
41.8031,-78.6403,17
34.0511,-118.2353,6
29.2733,-94.8592,60
42.0647,-104.1528,32
39.3100,-111.4300,30
45.6044,-103.5464,38
33.2208,-92.8142,30
40.2342,-85.3936,18
45.0717,-83.5644,21
67.7317,-164.5483,76
57.0481,-135.3647,16
36.7683,-96.0261,12
33.4050,-118.4158,32
44.3814,-100.2856,37
27.4981,-80.3767,27
39.5936,-84.2264,27
40.7794,-73.8803,42
21.4500,-157.7833,35
34.2900,-93.0600,22
34.9914,-78.8803,34
42.7431,-73.8092,20
47.3078,-119.5153,19
34.6525,-86.9453,18
29.6919,-82.2756,35
34.9869,-81.0575,21
38.8317,-94.8897,24
44.5228,-114.2150,16
40.0489,-107.8853,21
41.2531,-70.0608,41
35.1442,-111.6664,36
44.3853,-74.2067,13
35.5931,-88.9167,5
42.5417,-113.7661,26
37.9917,-122.0550,42
24.7258,-81.0517,18
39.6428,-79.9164,20
15.1167,145.7167,49
60.7850,-161.8292,33
39.9914,-82.8808,25
38.3083,-75.1239,58
40.2383,-75.5572,24
30.0481,-102.2131,37
33.4964,-90.0867,22
43.4075,-94.7461,31
38.3794,-81.5900,12
34.6081,-79.0592,29
41.6328,-91.5431,29
35.9333,-79.0642,24
39.8328,-104.6575,40
31.1500,-92.9667,11
44.0511,-101.6011,23
42.8375,-103.0953,27
40.8300,-111.7600,9
32.3542,-95.4025,43
39.7736,-94.9233,17
40.8436,-72.6322,27
38.8761,-98.8092,47
38.0653,-97.8606,38
60.5797,-151.2392,30
46.5683,-120.5428,27
41.3497,-71.7989,29
41.6264,-80.2150,25
41.4333,-99.6333,25
33.9706,-80.9958,20
31.1522,-81.3908,59
31.9206,-102.3867,56
48.3042,-114.2636,16
34.4978,-82.7097,26
40.7342,-73.4169,35
59.6419,-151.4908,30
18.4325,-66.0108,46
46.2400,-117.3900,14
34.3622,-98.9761,41
32.5428,-93.7450,40
44.6500,-73.4667,23
30.3975,-84.3289,34
45.6983,-110.4408,37
40.2964,-78.3203,10
38.7550,-109.7542,33
39.8250,-86.2958,15
42.7267,-114.4564,22
36.3333,-119.9500,30
44.5169,-108.0822,28
45.0619,-93.3508,38
45.6194,-121.1661,40
30.3361,-81.5147,43
31.4583,-109.6061,32
42.4700,-71.2894,20
47.8306,-110.6608,9
42.4092,-83.0100,29
66.8667,-162.6333,61
40.4422,-109.5144,23
48.8700,-121.7900,0
30.8356,-85.1839,44
45.0133,-84.7014,22
32.3336,-104.2581,34
38.8169,-92.2183,21
37.7836,-81.1231,20
42.5544,-92.4011,34
29.6222,-95.6564,36
39.8233,-93.5792,8
47.4933,-122.2144,31
-14.3306,-170.7136,76
30.5108,-99.7664,38
41.7700,-88.4814,30
37.6703,-95.4842,26
39.1342,-108.5400,49
37.6542,-122.1150,34
41.8056,-107.1997,22
37.2353,-93.4003,30
34.6294,-118.0836,60
30.4844,-81.7019,47
41.7636,-96.1778,14
32.0311,-96.3989,47
28.4736,-82.4544,37
36.7800,-119.7194,35
39.9061,-84.2186,29
41.2731,-111.0306,42
37.0683,-88.7719,13
40.5300,-106.7800,4
29.3783,-100.9269,52
36.2967,-99.7689,44
37.1467,-94.5022,31
33.1281,-117.2794,22
35.8550,-77.8931,26
43.3497,-76.3847,13
42.8050,-72.0036,7
58.6794,-156.6294,40
35.8922,-78.7819,26
40.8500,-74.0614,23
39.8344,-88.8656,16
40.1764,-80.6472,31
40.4847,-80.2144,23
32.3347,-88.7442,29
36.0700,-105.6300,4
41.0467,-78.4117,23
36.0394,-95.9844,11
70.2117,-151.0017,44
40.0397,-88.2778,17
43.2389,-123.3547,26
45.7881,-111.1608,25
31.9514,-85.1289,16
40.1519,-122.2536,35
41.3325,-122.3328,5
55.5800,-133.0750,10
45.5433,-94.0514,26
48.7167,-94.6000,30
37.9050,-93.3169,40
43.3436,-72.5178,9
25.9989,-80.2411,24
24.5833,-81.6833,28
38.3406,-75.5103,44
30.7044,-87.0231,22
41.5175,-81.6836,43
32.5156,-92.0406,35
70.1917,-148.4772,44
39.2292,-106.3169,26
40.6825,-74.1694,39
36.9647,-86.4239,12
45.4558,-98.4131,21
40.8217,-72.8689,17
36.8600,-106.2300,311
47.2381,-123.1408,27
37.6544,-97.4425,41
39.7078,-77.7297,19
41.6764,-70.9583,24
38.5039,-122.8103,23
41.5092,-74.2650,20
64.5111,-165.4400,42
27.7628,-82.6261,43
36.5881,-121.8453,32
37.2622,-104.3378,55
41.5631,-83.4764,23
47.7472,-90.3444,33
56.6000,-169.5650,57
41.7072,-86.3164,26
46.9006,-95.0678,26
44.2667,-71.2994,68
44.4911,-71.5725,0
35.7700,-105.7800,3
28.8614,-96.9303,45
46.1236,-67.7928,9
40.5100,-101.6200,47
39.9369,-91.1919,31
35.6575,-109.0614,28
46.9258,-98.6692,21
42.1208,-87.9047,33
30.1250,-93.2158,30
35.6542,-105.1419,41
42.2347,-85.5519,12
28.0622,-81.7542,36
28.9844,-95.3808,22
33.4617,-80.8581,28
31.5358,-82.5067,39
47.9742,-117.4283,14
29.9506,-94.0206,30
39.9492,-74.8417,19
40.2172,-76.8514,23
43.2781,-70.9222,14
45.6478,-68.6925,14
46.9253,-96.8111,22
42.1997,-75.9850,26
35.9200,-106.3900,3
35.2100,-99.1200,50
33.9753,-117.6361,37
32.3206,-90.0778,29
42.8939,-85.5447,26
36.6636,-121.6081,31
31.3347,-92.5586,30
41.5272,-85.7922,17
30.9119,-102.9167,54
32.4833,-80.7167,34
32.6261,-116.4681,41
42.5844,-110.1075,36
40.0972,-92.5433,20
35.0281,-110.7208,35
42.7900,-121.9800,2
37.0911,-95.5664,26
64.7767,-141.1483,11
45.8183,-88.1144,19
46.7708,-100.7603,21
39.9181,-76.8742,16
26.1969,-80.1708,24
31.6072,-110.4281,34
30.7439,-95.5861,36
30.4000,-81.4167,46
39.0083,-95.2117,15
46.9733,-122.9033,18
31.3214,-85.4497,46
33.9786,-98.4928,51
39.1019,-121.5678,35
40.6675,-89.6839,28
33.3644,-81.9633,34
26.1522,-81.7753,26
46.3747,-117.0156,19
