18.1747,-66.7978,51
31.2022,-93.5725,112
40.7264,-122.7947,58
38.8586,-99.3358,51
28.0372,-97.8725,99
36.9969,-119.7072,69
37.1503,-104.5567,107
37.2792,-86.2492,0
40.7142,-122.4161,71
38.6644,-94.8900,48
36.4711,-86.8414,36
35.9328,-88.7267,30
37.9050,-93.3169,71
26.3769,-98.8117,117
33.6731,-111.1508,71
40.1100,-87.9567,30
47.0575,-109.9514,99
33.2564,-81.2422,48
39.7506,-92.5064,53
33.9544,-102.7783,127
44.6342,-123.1900,84
42.9536,-112.8253,86
28.4675,-98.2525,114
44.7764,-108.7592,104
36.1056,-82.8436,33
40.4750,-86.9919,56
42.9592,-120.7897,71
40.2842,-109.8611,81
26.1781,-97.9708,107
32.7547,-104.3836,119
42.4492,-76.4492,41
39.9000,-98.0256,18
39.0303,-76.9314,36
39.8114,-99.9386,30
40.6117,-122.5281,53
43.0431,-96.9033,53
31.6164,-94.6431,66
34.1864,-90.5572,8
46.0436,-118.4628,76
34.5822,-119.9817,71
40.1739,-101.0611,25
35.3872,-76.7764,66
34.7675,-106.7611,81
31.8769,-105.2369,0
42.1397,-87.7853,30
45.6750,-111.1550,48
45.7206,-118.6264,97
40.5764,-105.0858,51
36.4622,-116.8669,132
28.4575,-97.7061,114
34.5697,-93.1947,53
30.8408,-89.5453,74
39.0172,-92.7558,43
35.1867,-102.0797,114
28.6575,-96.5553,84
37.5147,-122.0325,48
40.7833,-81.9167,36
32.8964,-107.3078,122
33.7542,-99.1442,185
35.1131,-89.2122,28
42.8767,-77.0308,51
34.7281,-90.3683,56
48.1375,-103.7372,58
39.2494,-106.3714,56
40.4719,-74.4364,74
33.6772,-93.9903,38
30.7931,-94.1819,84
38.4917,-122.1242,69
38.5039,-95.7036,58
37.0683,-88.7725,28
30.5467,-87.8808,51
33.7092,-93.5564,86
45.9228,-108.2444,74
31.3625,-85.3397,56
39.1172,-95.4097,43
46.8706,-68.0172,25
42.0208,-93.7742,51
32.6406,-96.9747,94
39.2475,-96.5994,36
30.0689,-94.2928,84
40.2233,-86.1086,41
18.0331,-67.0722,43
44.9847,-93.1772,8
40.1550,-103.1417,81
18.2583,-65.9922,38
33.6897,-101.8219,152
39.0744,-96.8983,8
35.6214,-88.8456,18
35.8819,-83.9572,48
64.8569,-147.8611,38
44.0622,-103.4819,58
44.2394,-95.3153,20
38.4661,-101.7758,91
35.3886,-106.5439,97
37.7967,-121.5828,94
31.8611,-97.3750,124
26.2656,-97.8714,119
43.4033,-103.2683,89
36.2403,-106.4278,109
35.7197,-86.9653,0
36.8047,-107.6214,64
34.9881,-120.3211,64
31.0372,-97.5283,104
31.3706,-100.4942,127
33.0353,-96.4861,246
26.8400,-81.0872,81
41.9342,-88.7756,53
28.7156,-97.1742,58
41.0267,-86.5867,0
38.7403,-104.3994,102
42.1231,-111.3133,56
34.1419,-80.8700,79
37.3822,-102.2986,109
38.9667,-98.4889,48
40.0892,-99.2133,38
35.4139,-86.8086,20
33.4258,-111.9217,69
41.2986,-80.7647,711
38.7978,-99.7231,36
35.6414,-106.3322,89
37.7617,-117.5658,114
39.3903,-94.5553,28
39.0422,-108.4664,94
38.9408,-95.3397,38
31.0619,-94.1011,97
35.1108,-81.9675,41
32.8242,-95.5275,119
43.5492,-71.4647,401
34.8847,-99.2964,147
48.4983,-109.8014,6995
32.2631,-96.6369,168
35.6872,-90.0964,104
30.2003,-92.6642,97
36.5575,-105.2628,310
39.5039,-98.3150,30
40.8250,-92.8925,25
38.5200,-89.8467,48
39.0936,-106.3514,66
38.5350,-121.7761,64
46.6722,-120.4994,76
35.7047,-101.5492,69
48.7178,-122.5114,0
38.6450,-95.5661,36
34.6603,-82.8236,56
36.5928,-106.7300,69
38.4931,-122.0047,71
38.0633,-102.9297,112
40.7131,-79.5144,23
31.8456,-99.5606,104
34.1981,-101.7461,114
35.4072,-104.1906,102
32.8522,-95.8864,135
45.6911,-118.8522,99
61.5664,-149.2542,46
35.1161,-93.6506,25
29.8608,-98.1958,112
38.6078,-97.9597,36
32.2822,-106.7597,76
34.5989,-103.2161,119
35.2006,-103.6867,109
33.0642,-101.0489,229
41.9928,-71.1667,25
41.4439,-86.9294,61
42.7467,-71.0425,23
33.1481,-95.6269,145
18.0258,-66.5253,66
36.5508,-114.4581,132
33.1461,-107.1842,114
31.9611,-96.6881,165
38.2597,-104.7169,137
39.3925,-101.0689,38
29.4608,-101.0286,165
44.8831,-85.6753,51
31.9633,-98.4942,97
41.6661,-111.8914,79
40.2539,-85.1483,18
26.5581,-99.1372,3548
30.7189,-97.3211,104
37.6967,-93.7722,69
35.0489,-97.9158,107
32.9206,-86.6708,417
32.9506,-97.0553,147
25.8175,-80.2858,79
39.6619,-99.1228,117
44.3089,-85.2050,41
38.0047,-120.4864,76
30.7053,-104.0233,81
33.4594,-104.4042,594
39.4031,-99.4192,28
36.6897,-108.3086,102
32.4219,-93.6381,99
37.9931,-100.8122,76
29.6211,-96.3661,69
30.6836,-97.7172,91
32.6475,-97.4439,155
46.7047,-92.5253,2139
40.2458,-111.6508,51
40.3708,-81.7908,28
34.1381,-88.9983,46
45.4825,-120.7236,89
44.3253,-96.7686,79
32.2683,-101.4858,152
32.9203,-94.7225,122
30.3367,-96.5403,97
41.4903,-71.5431,43
