45.8981,-86.5483,202
46.2314,-112.1136,187
39.4206,-79.0050,120
47.2753,-88.4169,135
40.1100,-87.9567,22
39.7506,-92.5064,315
41.8161,-80.4250,10
41.0103,-103.8769,180
39.8814,-77.3506,90
39.7750,-105.1169,80
40.5764,-105.0858,24
39.7194,-76.8028,20
45.6656,-97.0392,180
44.4933,-68.4583,150
34.6242,-106.3103,180
38.5039,-95.7036,90
34.2183,-116.4072,230
34.1206,-115.8500,135
45.4525,-99.3358,340
47.0083,-88.4317,67
41.7392,-77.9711,33
39.0733,-93.7075,180
39.6442,-74.8072,11
40.9656,-105.2186,270
61.2967,-149.4400,270
39.1439,-103.4897,360
40.8600,-102.8031,315
48.0750,-111.2597,270
48.9981,-110.2158,300
40.6558,-97.2208,170
35.0761,-89.7430,180
41.2847,-105.5319,315
