36.4711,-86.8414,111
33.7092,-93.5564,51
31.3706,-100.4942,182
37.5147,-122.0325,156
45.6911,-118.8522,90
45.9228,-108.2444,97
35.1131,-89.2122,26
35.3872,-76.7764,101
38.4661,-101.7758,150
31.2022,-93.5725,154
32.8242,-95.5275,179
40.1550,-103.1417,153
35.6214,-88.8456,56
40.0892,-99.2133,50
37.9931,-100.8122,164
34.7281,-90.3683,55
43.4033,-103.2683,71
32.4219,-93.6381,113
42.9536,-112.8253,187
42.1231,-111.3133,71
44.8831,-85.6753,53
33.1461,-107.1842,109
38.7978,-99.7231,80
41.4439,-86.9294,71
40.5764,-105.0858,23
31.8769,-105.2369,45
35.7197,-86.9653,23
39.9000,-98.0256,55
38.0047,-120.4864,42
61.5664,-149.2542,58
46.7047,-92.5253,13
36.8047,-107.6214,40
42.1397,-87.7853,8
40.2233,-86.1086,63
42.7467,-71.0425,11
33.7542,-99.1442,267
25.8175,-80.2858,56
37.3822,-102.2986,188
43.8083,-111.7892,66
39.8114,-99.9386,159
34.1381,-88.9983,53
29.6211,-96.3661,56
46.6722,-120.4994,40
30.7053,-104.0233,58
35.4139,-86.8086,50
32.2822,-106.7597,43
41.9342,-88.7756,45
40.7264,-122.7947,29
34.1647,-88.7239,50
35.2006,-103.6867,76
46.8706,-68.0172,77
34.5989,-103.2161,175
40.7833,-81.9167,50
39.2475,-96.5994,43
36.0147,-85.1314,43
34.9881,-120.3211,97
43.5492,-71.4647,126
44.3253,-96.7686,167
30.8408,-89.5453,31
35.8819,-83.9572,39
64.8569,-147.8611,43
39.0172,-92.7558,23
40.2842,-109.8611,111
39.0303,-76.9314,60
39.5039,-98.3150,105
35.1297,-89.8036,26
38.4917,-122.1242,53
41.0267,-86.5867,51
40.1739,-101.0611,68
38.5200,-89.8467,10
44.0622,-103.4819,61
39.0422,-108.4664,66
38.8586,-99.3358,138
26.8400,-81.0872,85
36.5508,-114.4581,117
40.2539,-85.1483,71
34.1864,-90.5572,51
18.0331,-67.0722,89
32.9203,-94.7225,140
35.0489,-97.9158,275
40.6117,-122.5281,10
36.9969,-119.7072,35
45.4825,-120.7236,167
32.8522,-95.8864,212
39.3925,-101.0689,82
39.1172,-95.4097,117
34.6033,-104.3811,45
39.6619,-99.1228,31
33.1481,-95.6269,206
34.8219,-89.4347,55
39.4031,-99.4192,51
45.7206,-118.6264,84
37.7617,-117.5658,293
39.9614,-86.0586,26
47.0575,-109.9514,249
35.7047,-101.5492,127
36.1056,-82.8436,37
36.6897,-108.3086,55
43.0431,-96.9033,163
44.3089,-85.2050,37
40.7142,-122.4161,48
34.5822,-119.9817,50
46.0436,-118.4628,51
31.6164,-94.6431,51
38.4931,-122.0047,64
30.0689,-94.2928,187
18.2583,-65.9922,151
32.8964,-107.3078,113
30.7931,-94.1819,117
31.8456,-99.5606,122
42.3806,-96.9575,0
35.1161,-93.6506,0
42.9592,-120.7897,35
34.5697,-93.1947,11
30.2003,-92.6642,130
33.0642,-101.0489,196
35.6872,-90.0964,31
26.5581,-99.1372,0
