32.5667,-117.1167,30
36.3200,-115.7000,10
40.2342,-85.3936,9
30.0494,-90.0289,28
43.9906,-70.9475,17
45.6194,-121.1661,83
35.2333,-101.7089,67
34.2622,-88.7714,9
32.3367,-90.2214,10
32.6500,-114.6167,31
37.1431,-107.7597,22
37.4389,-105.8614,34
30.0481,-102.2131,38
34.2675,-77.8997,38
45.2486,-122.7686,29
46.7708,-100.7603,56
34.2008,-119.2069,33
35.2372,-120.6414,38
28.8208,-81.8097,23
43.0661,-108.4767,49
60.7850,-161.8292,24
64.7767,-141.1483,10
41.6117,-90.5808,12
37.2253,-89.5706,21
39.4206,-79.0050,18
38.8169,-92.2183,21
27.4981,-80.3767,25
40.4122,-86.9369,10
38.9286,-90.4281,18
34.8822,-95.7831,32
35.0169,-80.6206,22
38.3000,-76.4167,39
36.2117,-115.1958,45
41.3461,-82.1794,17
47.8344,-120.0006,4
40.9781,-124.1086,11
46.7994,-102.7972,47
36.7200,-106.2600,5
37.7461,-97.2211,38
41.7806,-122.4717,24
33.0375,-116.9158,22
42.8153,-108.7261,38
34.9883,-117.8647,60
38.6644,-94.8900,13
32.5722,-116.9794,25
36.0097,-94.1694,26
42.5950,-87.9381,19
43.8000,-114.8500,6
39.6014,-116.0056,26
47.2856,-68.3133,23
34.1750,-91.9347,23
43.0206,-102.5183,54
39.7333,-77.4333,6
44.4683,-73.1500,25
41.8833,-91.7167,16
39.8233,-93.5792,15
43.5164,-112.0672,31
36.0394,-95.9844,31
29.7333,-85.0333,23
34.4258,-119.8425,30
43.9922,-76.0217,29
41.6764,-70.9583,25
44.1278,-123.2206,30
42.2333,-83.5333,16
31.3214,-85.4497,22
38.3794,-81.5900,18
37.9050,-93.3169,13
46.9208,-114.0925,28
36.7414,-104.5022,42
41.2531,-70.0608,49
44.2558,-121.1392,34
41.5272,-85.7922,5
31.3558,-85.7511,10
44.3592,-89.8369,16
37.3278,-95.5042,21
48.8700,-121.7900,0
40.1100,-87.9567,18
41.6264,-80.2150,14
60.1283,-149.4167,33
43.9658,-107.9508,32
42.2667,-84.4667,10
35.1442,-111.6664,35
61.2169,-149.8550,22
40.0397,-88.2778,8
64.5500,-149.0717,9
26.2500,-80.1083,43
36.9839,-77.0075,15
35.5953,-82.5567,9
48.4608,-119.5167,34
40.0681,-118.5692,21
21.4500,-157.7833,43
38.8761,-98.8092,64
39.9508,-119.5986,22
30.0675,-95.5561,17
44.3394,-105.5419,67
32.7800,-79.9319,26
41.0089,-74.7367,21
39.7506,-92.5064,13
34.0511,-118.2353,10
37.9272,-100.7247,65
39.3792,-74.4242,31
26.5361,-81.7550,27
39.8447,-89.6839,12
37.2839,-98.5528,43
39.5703,-104.8489,28
64.3267,-158.7417,10
40.4847,-80.2144,13
30.5892,-96.3647,32
43.7600,-116.1000,10
44.7694,-106.9689,24
44.0511,-101.6011,41
40.7789,-73.9692,21
44.5344,-72.6144,19
34.9894,-99.0525,70
35.3889,-97.6006,55
35.4344,-119.0542,33
33.9786,-98.4928,58
39.0725,-95.6261,25
45.8619,-96.5650,13
36.3189,-119.6289,37
35.7700,-105.7800,3
36.5100,-106.3200,371
41.8161,-80.4250,0
40.6825,-74.1694,48
40.0803,-95.5919,34
27.7839,-97.5108,51
41.9097,-70.7294,28
46.7439,-117.1086,23
42.9486,-78.7369,23
37.9917,-122.0550,43
42.6958,-73.1708,13
29.3389,-98.4719,38
42.6425,-77.0564,18
42.7431,-73.8092,38
42.0647,-104.1528,32
28.4339,-81.3250,20
44.3814,-100.2856,63
41.1519,-104.8061,44
42.3200,-120.8300,13
44.3853,-74.2067,14
33.6267,-116.1594,47
37.6542,-122.1150,38
40.4422,-109.5144,30
34.0500,-94.4008,16
41.6686,-70.2800,34
38.3650,-82.5550,22
33.6228,-111.9106,26
41.1583,-73.1289,35
33.6361,-91.7556,23
59.7494,-154.9089,22
39.4519,-87.3089,6
36.7800,-119.7194,43
42.7900,-121.9800,0
40.3000,-111.2600,11
37.0911,-95.5664,30
30.0375,-91.8839,20
42.9550,-87.9044,22
42.1469,-121.7242,27
32.3542,-95.4025,37
39.9369,-91.1919,15
41.4525,-87.0058,7
37.7214,-122.2208,44
42.9667,-83.7494,13
37.2833,-102.6139,55
45.7728,-122.8611,23
40.8764,-74.2831,23
34.6517,-112.4208,46
36.0969,-79.9433,27
33.8117,-78.7239,38
33.1783,-86.7817,7
37.5050,-77.3203,27
45.0717,-83.5644,15
45.6689,-96.9914,37
38.9408,-77.4636,32
42.8939,-85.5447,18
42.5519,-71.7558,27
32.5428,-93.7450,31
41.2639,-72.8872,31
34.2006,-118.3575,21
58.6794,-156.6294,19
62.3200,-150.0950,12
47.5303,-122.3008,35
38.5050,-107.8975,38
45.4558,-98.4131,58
45.5511,-122.4089,27
42.1094,-77.9919,22
41.6328,-91.5431,17
43.7600,-115.2400,8
33.2119,-87.6161,12
46.9253,-96.8111,43
46.1569,-123.8825,37
34.9869,-81.0575,15
40.8436,-72.6322,38
41.0731,-71.9233,22
41.3375,-84.4289,6
39.3669,-101.7000,38
36.3333,-119.9500,41
39.9444,-81.8922,14
33.4050,-118.4158,43
34.6294,-118.0836,63
34.4272,-100.2831,55
31.4208,-110.8458,41
37.3031,-108.6275,34
39.2292,-106.3169,28
44.5483,-95.0803,39
29.7036,-98.0281,42
43.7300,-113.8300,8
33.8750,-84.3022,22
40.8217,-72.8689,40
42.5544,-92.4011,27
36.1189,-86.6892,22
39.1900,-120.2600,34
32.6847,-83.6528,16
42.4092,-83.0100,17
36.6239,-87.4194,26
48.5428,-109.7633,37
32.2622,-107.7206,26
39.7750,-105.1169,4
40.8203,-82.5178,15
44.2667,-71.2994,131
31.3711,-100.4922,48
35.6169,-106.0889,28
30.3208,-97.7603,29
40.0489,-107.8853,33
41.5944,-109.0528,34
35.5931,-88.9167,22
42.7611,-87.8136,22
41.5631,-83.4764,17
47.4444,-122.3139,37
46.0947,-118.2869,55
39.3450,-81.4392,12
32.3500,-91.0278,12
32.9733,-97.3181,44
27.5333,-99.4667,69
30.7797,-86.5225,12
38.6956,-121.5897,46
48.0944,-105.5744,38
33.9519,-117.4386,24
48.2553,-101.2733,44
41.4333,-99.6333,47
7.0833,171.3833,27
39.7194,-76.8028,36
38.8000,-97.6500,53
71.2833,-156.7814,55
31.3347,-92.5586,13
29.6381,-95.2819,21
45.0133,-84.7014,17
42.7461,-86.0967,9
40.1519,-122.2536,38
33.5656,-86.7450,17
27.9106,-82.6875,28
42.1128,-92.9175,31
37.3711,-118.3581,34
30.4781,-87.1869,28
29.1097,-95.4619,18
40.1203,-76.2944,35
39.4717,-76.1697,27
43.4075,-94.7461,38
44.6381,-90.1875,21
30.6794,-88.2397,19
32.7667,-97.4500,54
38.4167,-113.0167,56
46.4167,-86.6500,30
33.9381,-118.3889,45
47.9078,-122.2803,50
40.7794,-73.8803,42
32.7336,-117.1831,28
38.7642,-87.6056,20
45.8183,-88.1144,17
66.9161,-151.5089,13
37.7086,-113.0944,41
40.2064,-100.5914,60
39.3600,-106.0600,7
46.4267,-105.8825,41
35.8922,-78.7819,22
36.0167,-102.5500,63
38.1811,-85.7392,29
26.0719,-80.1536,51
40.6331,-93.9019,27
33.6800,-117.8664,21
41.5333,-71.2833,34
36.2500,-115.6300,15
28.4736,-82.4544,14
17.7028,-64.8056,51
48.5222,-123.0231,42
40.6161,-83.0636,15
38.8853,-79.8528,10
39.4019,-77.9844,21
42.4167,-87.8667,18
29.1828,-81.0483,20
43.1406,-89.3453,12
37.2958,-81.2078,36
32.3336,-104.2581,30
25.7906,-80.3164,45
26.9172,-81.9914,21
32.8342,-115.5786,36
31.9514,-85.1289,5
34.7442,-87.5997,16
33.4669,-82.0386,21
39.1667,-76.6833,33
35.9333,-79.0642,15
45.1947,-123.1339,35
18.3331,-64.9667,46
41.8678,-84.0794,7
44.3675,-71.5450,15
41.1078,-92.4467,25
36.1625,-97.0894,51
47.9375,-124.5550,25
34.6242,-106.3103,0
41.1214,-100.6694,43
24.5550,-81.7522,47
43.7700,-88.4864,19
39.2900,-117.1100,6
46.0261,-91.4442,26
28.8614,-96.9303,38
45.5433,-94.0514,27
28.9844,-95.3808,27
41.5175,-81.6836,22
40.4719,-81.4236,7
24.5833,-81.6833,55
40.6508,-75.4492,31
41.5092,-74.2650,23
32.8519,-96.8556,51
36.8167,-76.0333,42
18.2550,-65.6408,37
38.8100,-104.6883,32
34.1853,-79.7239,26
41.2433,-76.9217,24
25.9069,-80.2803,38
47.0492,-109.4578,33
36.7683,-96.0261,24
31.4156,-87.0442,8
42.3075,-85.2511,7
43.5331,-84.0797,22
36.9878,-120.1106,40
41.1389,-75.3794,41
38.7550,-109.7542,26
40.2383,-75.5572,27
35.5144,-108.7939,23
33.9706,-80.9958,18
34.2167,-119.0833,28
48.2138,-106.6213,55
48.1203,-123.4983,30
35.2236,-80.9553,20
26.1522,-81.7753,26
44.5169,-108.0822,41
38.6572,-90.6558,11
47.9742,-117.4283,29
39.3756,-99.8297,51
38.8983,-119.9947,26
31.9433,-102.1889,64
34.2900,-93.0600,17
32.8167,-115.6833,43
28.0622,-81.7542,24
44.8428,-117.8086,23
39.7556,-82.6572,10
30.4000,-81.4167,33
35.2578,-93.0947,11
18.4325,-66.0108,42
34.6439,-86.7861,20
31.6072,-110.4281,52
37.2622,-104.3378,48
40.2769,-74.8158,37
36.8600,-106.2300,321
42.0800,-80.1825,20
63.9944,-145.7214,16
47.3258,-106.9475,41
46.5486,-90.9189,30
55.5800,-133.0750,14
46.8706,-68.0172,18
32.8158,-117.1394,30
47.4933,-122.2144,26
30.1831,-97.6800,34
35.1822,-103.6031,55
40.8289,-115.7886,19
33.3644,-81.9633,21
39.4781,-88.2803,7
21.3167,-158.0667,18
43.3500,-73.6167,23
59.4556,-135.3239,35
30.9119,-102.9167,62
39.1258,-123.2008,13
37.7064,-112.1456,37
44.9047,-97.1494,45
45.5464,-100.4078,62
40.1667,-103.2167,27
43.1711,-86.2367,15
33.7792,-84.5214,17
60.7850,-148.8389,18
31.8606,-86.0122,6
45.0319,-102.0192,66
31.6189,-97.2283,57
35.5342,-97.6469,60
43.8789,-91.2528,32
13.4836,144.7961,34
40.1550,-103.1417,18
47.2675,-122.5761,32
34.8831,-82.2203,19
44.3981,-98.2231,55
31.8311,-104.8089,44
47.6831,-117.3214,28
47.3078,-119.5153,32
39.1333,-86.6167,6
35.8550,-77.8931,27
40.7833,-91.1253,15
35.0028,-105.6628,42
39.9181,-76.8742,26
67.7317,-164.5483,66
39.6428,-79.9164,12
30.6264,-88.0681,16
40.5175,-122.2986,32
36.6206,-116.0278,48
30.3975,-84.3289,11
42.8375,-103.0953,40
28.7247,-96.2536,43
46.0139,-102.6547,41
45.9647,-112.5006,28
46.2400,-117.3900,13
37.2353,-93.4003,32
38.3083,-75.1239,36
42.8914,-73.2469,23
38.0442,-87.5206,25
19.7192,-155.0531,32
30.5069,-86.9597,18
39.7075,-86.2803,19
37.1319,-76.4930,23
39.6728,-75.6008,43
39.7053,-105.6997,4
26.1839,-98.2539,55
44.7408,-85.5825,18
41.7361,-72.6506,39
38.3306,-96.1897,30
48.6033,-112.3753,31
43.4133,-124.2436,33
36.2967,-99.7689,62
34.2719,-83.8303,26
41.8706,-103.5931,25
43.8339,-111.8045,22
39.8344,-88.8656,10
39.8328,-104.6575,38
42.2706,-71.8731,36
37.6928,-121.8144,47
42.1928,-89.0931,14
44.2100,-110.6700,16
37.0683,-88.7719,20
39.5936,-84.2264,12
44.0433,-103.0536,39
41.2003,-74.6231,17
33.4964,-90.0867,5
41.4131,-81.8600,21
37.1467,-94.5022,33
32.6261,-116.4681,38
36.1994,-95.8872,46
47.6428,-115.9172,0
39.1033,-84.4189,9
57.1553,-170.2222,47
45.0800,-117.5500,4
40.6675,-89.6839,7
46.8369,-92.2097,29
40.1764,-80.6472,7
30.7044,-87.0231,8
37.6544,-97.4425,47
37.7081,-77.4344,13
32.7817,-98.0603,49
44.7900,-116.0900,16
39.4900,-121.6183,35
46.9258,-98.6692,46
31.5358,-82.5067,15
34.9000,-76.8833,36
42.8050,-72.0036,16
41.7219,-71.4325,38
35.0564,-89.9864,28
35.3331,-94.3625,26
41.3931,-70.6150,31
44.4983,-88.1111,21
36.6636,-121.6081,33
39.3667,-75.0667,34
55.0389,-131.5786,26
37.0872,-84.0769,28
34.0158,-118.4514,26
29.9506,-94.0206,25
31.3928,-92.2956,8
41.5097,-72.8278,27
42.5906,-117.8644,31
32.4833,-80.7167,24
41.6875,-69.9933,23
27.6531,-80.2428,26
30.8458,-85.6014,9
43.1544,-93.3269,35
37.6242,-120.9506,35
34.7000,-77.3833,32
38.1386,-78.4530,12
41.9950,-87.9336,17
7.3333,134.4833,34
26.2281,-97.6542,53
29.3783,-100.9269,61
35.9403,-89.8308,29
33.8117,-118.1464,35
38.4000,-119.5400,12
34.4978,-82.7097,22
39.5781,-85.8033,6
46.1442,-115.5964,10
40.5100,-101.6200,38
70.1917,-148.4772,43
44.1708,-114.9272,15
41.3119,-105.6747,56
43.2781,-70.9222,24
42.4819,-114.4869,39
30.3489,-85.7881,16
59.4433,-151.7017,11
32.5156,-92.0406,17
33.2367,-107.2681,22
32.6808,-96.8681,34
30.3433,-89.8222,16
37.7608,-99.9683,68
42.7803,-84.5789,6
32.7100,-96.2672,31
42.5417,-113.7661,29
35.0678,-77.0481,32
38.0494,-103.5122,37
30.8356,-85.1839,13
44.0206,-117.0128,24
38.2900,-104.4983,31
55.3567,-131.7117,34
59.2433,-135.5094,31
41.0375,-81.4642,13
29.9933,-90.2511,17
36.9358,-121.7886,25
39.3644,-84.5247,5
38.5911,-92.1558,10
47.0339,-120.5303,100
45.8258,-119.2611,60
47.4667,-87.8833,35
30.7406,-98.2353,42
31.4583,-109.6061,42
36.7436,-108.2292,39
48.7939,-122.5372,36
38.9597,-94.3714,19
39.5514,-97.6508,50
34.3622,-98.9761,63
39.2231,-106.8683,23
15.1167,145.7167,79
47.2078,-119.3192,41
40.8097,-124.1603,7
41.6236,-98.9517,45
39.8683,-75.2311,47
38.2281,-85.6636,20
41.1014,-102.9847,28
46.1236,-67.7928,16
40.7083,-84.0267,9
40.8500,-74.0614,34
44.3744,-70.3164,4
38.5000,-77.3000,31
34.8536,-116.7858,52
32.8978,-97.0189,52
39.1894,-103.7158,21
36.6950,-76.1356,20
33.1281,-117.2794,21
44.4911,-71.5725,0
31.1500,-92.9667,4
35.4111,-80.5833,0
29.6333,-83.1053,17
47.8306,-110.6608,9
42.9203,-112.5711,36
35.9200,-106.3900,4
43.7694,-87.8506,20
43.6497,-70.3003,36
36.5881,-121.8453,24
30.5108,-99.7664,47
48.7200,-116.4600,20
47.3000,-121.6000,6
31.1828,-90.4708,11
41.7781,-80.6958,8
32.5500,-88.5667,8
34.5467,-93.5781,8
37.6703,-95.4842,31
35.9508,-85.0814,23
35.2578,-113.9331,51
45.6478,-68.6925,16
34.7336,-76.6606,51
28.5453,-81.3331,23
43.1561,-90.6775,7
41.4000,-107.2600,7
26.5850,-81.8614,22
41.7419,-72.1836,29
56.6000,-169.5650,60
38.7667,-104.3000,29
39.3903,-94.5553,13
41.9922,-93.6217,28
43.1111,-76.1039,29
35.7425,-81.3819,25
34.7436,-118.7242,35
33.3075,-104.5083,26
34.8994,-120.4486,31
42.6003,-123.3642,15
33.8281,-116.5053,58
48.7167,-94.6000,32
41.5339,-93.6531,37
42.3811,-122.8722,34
40.4953,-107.5211,41
47.4733,-111.3822,39
39.4839,-119.7711,31
46.9733,-122.9033,30
38.5714,-90.1572,15
47.3864,-92.8389,14
45.8678,-95.3942,35
42.2228,-83.7444,11
42.1244,-86.4267,8
37.3208,-79.2067,20
41.9856,-97.4353,49
39.2775,-120.7103,18
46.5683,-120.5428,40
43.9636,-69.7117,10
35.6575,-109.0614,21
43.3906,-99.8422,63
35.1350,-90.2344,24
35.4319,-82.5375,19
30.7439,-95.5861,22
36.1900,-105.5600,5
39.0083,-95.2117,28
34.7675,-114.6189,49
39.8250,-86.2958,13
44.6500,-73.4667,17
55.2208,-162.7325,67
34.2097,-118.4892,26
41.4914,-120.5644,22
30.3567,-95.4139,17
33.4617,-80.8581,19
44.8831,-93.2289,30
47.9428,-97.1839,38
38.8317,-94.8897,26
38.8483,-77.0342,43
31.2819,-89.2531,13
43.6264,-72.3047,21
34.6719,-82.8864,24
44.9050,-123.0011,37
32.5161,-84.9422,15
41.3714,-73.4828,36
36.9647,-86.4239,27
58.3567,-134.5639,30
29.6919,-82.2756,16
39.1208,-94.5969,19
26.1658,-97.3458,52
38.0408,-84.6058,27
36.9261,-111.4478,26
29.2733,-94.8592,42
39.5264,-107.7264,27
35.8311,-90.6464,41
41.9144,-88.2464,11
41.8756,-71.0211,18
46.4047,-94.1308,26
42.3978,-90.7036,16
-14.3306,-170.7136,38
27.4014,-82.5586,36
37.5908,-83.3131,11
35.2100,-99.1200,77
33.4825,-90.9853,14
35.6567,-95.3614,34
44.8322,-93.4706,34
34.9914,-78.8803,30
35.2325,-75.6219,39
45.5644,-84.7928,20
61.1689,-150.0278,22
47.7472,-90.3444,16
29.9800,-95.3600,22
32.2997,-86.4075,13
34.7272,-92.2389,20
42.6650,-83.4181,10
36.2833,-94.3000,31
39.1342,-108.5400,41
33.5872,-85.8556,13
40.8300,-111.7600,11
30.4844,-81.7019,24
38.1847,-84.9033,21
43.2119,-90.1814,10
29.5622,-91.5256,11
40.9017,-117.8081,17
40.8250,-92.8925,4
33.8719,-117.9789,21
47.1686,-88.4889,40
40.0819,-75.0111,38
41.5886,-83.8014,9
36.0300,-106.8100,5
43.3497,-76.3847,25
40.8731,-81.8867,14
39.0431,-84.6717,10
25.9989,-80.2411,38
36.0700,-105.6300,7
36.7367,-97.1019,38
31.3500,-85.6667,9
39.4203,-83.8217,15
41.8056,-107.1997,55
38.0511,-117.0903,35
43.1167,-77.6767,25
34.7917,-79.3661,24
42.8975,-106.4636,74
48.5614,-93.3981,24
35.7047,-101.5492,36
32.1314,-110.9553,41
7.4500,151.8333,26
26.1969,-80.1708,47
36.6817,-101.5053,58
34.8461,-82.3461,27
45.6983,-110.4408,56
36.0236,-84.2375,15
41.7072,-86.3164,9
44.5761,-71.1786,19
30.7825,-83.2767,5
27.7628,-82.6261,31
33.6542,-101.8136,46
37.1681,-97.0369,38
40.1606,-113.3508,79
43.1953,-71.5011,28
30.2050,-91.9875,13
26.6847,-80.0994,40
31.0425,-86.3117,6
30.5372,-91.1469,15
43.1644,-95.2017,38
6.9667,158.2167,19
62.9614,-141.9292,10
42.3914,-96.3792,46
57.0481,-135.3647,24
42.9333,-71.4383,38
46.3583,-104.2500,51
45.8069,-108.5422,48
39.9492,-74.8417,30
41.7803,-124.2367,26
33.4536,-94.0075,29
47.6458,-101.4394,38
45.6044,-103.5464,50
30.5844,-97.4156,22
42.5700,-72.2911,30
60.4889,-145.4511,9
35.0281,-110.7208,54
20.8997,-156.4286,68
45.4622,-69.5953,30
40.9706,-85.2064,10
32.6636,-97.0939,42
33.9486,-81.1186,29
31.2361,-94.7544,17
42.4933,-79.2722,26
40.0781,-83.0781,13
40.1936,-76.7633,40
44.3592,-84.6739,14
31.3072,-95.4508,0
62.1592,-145.4589,16
66.8667,-162.6333,53
36.2667,-93.1567,17
57.7511,-152.4856,17
30.3503,-81.8831,17
40.9656,-105.2186,18
32.3347,-88.7442,14
42.5844,-110.1075,31
60.5797,-151.2392,30
46.2667,-119.1167,61
39.4167,-118.7167,28
42.4700,-71.2894,26
38.2103,-122.2847,50
33.9753,-117.6361,34
44.5228,-114.2150,15
37.4058,-122.0481,29
32.0311,-96.3989,38
40.6386,-73.7622,47
39.1353,-96.6778,30
62.9575,-155.6103,0
33.3633,-84.5658,10
41.6267,-73.8842,30
31.3089,-86.3939,10
35.6875,-117.6931,32
34.5183,-109.3792,34
41.1783,-78.8989,17
46.6056,-111.9636,23
37.3169,-79.9742,35
42.0572,-102.8000,33
45.5406,-122.9486,25
38.6892,-75.3592,29
32.4106,-99.6822,54
28.4567,-99.2183,63
40.0972,-92.5433,22
41.3103,-95.8992,54
42.1208,-87.9047,12
38.9833,-76.4667,31
47.4569,-115.6450,23
34.6081,-79.0592,23
25.9156,-97.4186,45
42.8783,-100.5500,50
41.7700,-88.4814,7
38.9503,-95.6639,30
36.2606,-76.1750,40
32.8547,-109.6353,48
27.9619,-82.5403,21
36.9600,-106.6600,5
36.9500,-76.2833,34
36.1306,-80.5481,0
29.5442,-98.4839,55
32.4506,-93.8411,23
31.5883,-110.3442,35
21.3239,-157.9294,43
37.8892,-121.2258,30
41.4653,-90.5233,10
36.7900,-105.2400,1
40.7342,-73.4169,41
41.9381,-72.6825,33
36.7725,-90.3247,21
34.3447,-108.4922,22
33.1803,-96.5903,41
43.5950,-118.9564,20
59.5119,-139.6711,16
39.7736,-94.9233,26
40.8600,-102.8031,45
33.4278,-112.0039,53
45.0619,-93.3508,33
34.7411,-118.2117,73
33.2208,-92.8142,15
32.3206,-90.0778,14
40.8206,-76.8642,16
33.9228,-118.3342,35
36.8781,-91.9025,18
30.1250,-93.2158,14
39.2447,-102.2842,37
34.0561,-117.6003,39
19.7356,-156.0489,29
45.4353,-67.7214,9
43.2389,-123.3547,26
29.3331,-89.4075,14
35.6950,-101.3950,49
47.3600,-121.5700,0
44.8889,-116.1017,26
42.1594,-76.8919,19
39.1019,-121.5678,39
41.3325,-122.3328,5
31.5356,-84.1944,13
42.7172,-71.1239,22
34.7500,-111.4100,536
40.0228,-82.4625,5
44.3814,-106.7211,31
43.9042,-92.4917,37
42.1908,-71.1736,18
44.2033,-72.5794,27
39.4300,-120.3100,5
42.7972,-105.3856,34
36.0000,-106.8300,2
66.0689,-162.7639,48
41.2731,-111.0306,54
29.5189,-95.2417,22
39.7078,-77.7297,25
45.6308,-89.4653,26
40.9167,-81.4333,15
35.9461,-112.1547,34
38.3406,-75.5103,38
47.6217,-117.5281,44
31.8111,-106.3758,35
41.3275,-72.0494,37
41.0669,-73.7075,43
41.7872,-111.8533,32
21.1544,-157.0961,54
47.2381,-123.1408,54
37.3592,-121.9239,33
38.7525,-90.3736,21
45.5114,-118.4247,4
42.4272,-73.2892,31
38.0700,-102.6881,48
43.9844,-88.5569,21
34.6525,-86.9453,16
32.8192,-97.3614,53
33.2194,-117.3494,21
40.5300,-106.7800,4
44.9319,-93.0556,31
40.3161,-78.8339,21
42.2314,-83.3308,15
35.6697,-120.6283,38
41.2544,-80.6739,19
38.1311,-91.7683,24
61.5961,-149.0917,14
38.0653,-97.8606,52
43.5667,-116.2406,29
64.5111,-165.4400,33
30.3361,-81.5147,28
35.0419,-106.6156,25
21.9839,-159.3405,68
41.0467,-78.4117,13
36.3100,-115.6800,7
40.6044,-98.4272,49
41.3336,-75.7269,31
42.5708,-77.7133,17
61.1781,-149.9664,18
32.7000,-117.2000,35
37.7836,-81.1231,30
28.1011,-80.6439,30
31.7800,-103.2017,57
39.8000,-106.0300,372
31.9206,-102.3867,62
25.6475,-80.4331,39
42.1997,-75.9850,31
39.9914,-82.8808,9
42.1578,-72.7161,30
32.3847,-94.7117,31
36.9900,-105.2600,7
36.9033,-76.1922,32
33.6186,-114.7142,44
40.3667,-75.9667,35
47.3978,-120.2014,66
45.7881,-111.1608,29
27.7411,-98.0247,41
35.8517,-97.4142,50
32.1300,-81.2100,19
64.8039,-147.8761,24
40.3547,-79.9217,13
35.1967,-81.1558,7
35.0761,-89.7430,40
29.3600,-99.1742,52
36.4486,-103.1539,59
36.1300,-105.5300,3
27.5000,-97.8167,49
33.2061,-97.1989,50
43.7331,-103.6114,21
30.7167,-87.0167,13
38.8500,-94.7392,21
41.1961,-112.0114,43
40.3300,-75.1225,27
30.2333,-81.6667,34
41.3497,-71.7989,27
41.7861,-87.7522,18
44.7978,-68.8186,21
40.2172,-76.8514,27
27.6833,-97.2833,56
48.3042,-114.2636,22
33.6300,-84.4417,30
42.5842,-70.9175,21
30.4119,-89.0808,18
43.3436,-72.5178,16
44.0219,-82.7931,29
44.3206,-69.7972,28
36.4731,-82.4044,26
48.3500,-122.6667,27
40.2964,-78.3203,20
38.7042,-93.1833,16
33.9481,-83.3275,13
9.4833,138.0833,36
37.6197,-122.3647,45
70.2117,-151.0017,43
38.3775,-121.9575,36
33.6883,-112.0817,36
30.4000,-86.4717,18
34.5583,-98.4172,47
32.8667,-117.1333,30
36.5728,-79.3361,25
40.8508,-96.7475,44
37.2847,-120.5128,43
38.5039,-122.8103,14
40.9611,-98.3136,48
43.7667,-98.0333,54
31.4000,-93.2833,6
45.6906,-118.8528,56
45.6208,-122.6572,23
37.7797,-89.2497,26
34.3478,-85.1611,13
48.1739,-103.6367,36
43.2339,-75.4117,31
37.9406,-75.4631,34
44.9258,-89.6256,22
44.3800,-116.3400,11
39.6092,-110.7547,17
32.8986,-80.0403,31
30.4636,-88.5319,10
39.3100,-111.4300,28
42.3606,-71.0106,34
46.4794,-84.3572,24
29.6222,-95.6564,30
42.9600,-121.1800,1
39.2956,-80.2289,19
28.0836,-97.0464,49
42.2347,-85.5519,5
35.6542,-105.1419,62
39.2972,-94.7306,30
36.0719,-115.1633,54
45.5908,-122.6003,38
46.9006,-95.0678,30
36.1336,-80.2222,23
28.7797,-81.2436,21
35.7800,-105.5400,4
43.1072,-78.9453,16
40.7781,-111.9694,35
41.7636,-96.1778,38
34.1231,-84.8486,5
36.3689,-92.4703,13
38.5069,-121.4950,36
44.8664,-91.4878,27
43.0303,-78.1692,36
43.5878,-96.7289,51
24.7258,-81.0517,38
39.2953,-114.8467,53
42.7267,-114.4564,39
39.4494,-74.5672,43
45.2575,-112.5545,48
46.3747,-117.0156,27
39.9061,-84.2186,21
44.5444,-110.4211,12
34.2486,-82.1592,26
40.7939,-73.1017,43
35.0311,-85.2014,16
41.8031,-78.6403,16
59.6419,-151.4908,31
41.0136,-83.6686,9
46.9728,-123.9303,38
44.9358,-74.8458,27
35.8181,-83.9858,32
31.1522,-81.3908,30
36.0467,-79.4769,21
