47.0492,-109.4578,190
41.1519,-104.8061,270
43.1561,-90.6775,220
28.4339,-81.3250,110
42.7972,-105.3856,280
42.0572,-102.8000,160
43.5667,-116.2406,230
48.0944,-105.5744,240
36.0969,-79.9433,310
33.6800,-117.8664,220
40.0819,-75.0111,330
31.7800,-103.2017,150
33.1783,-86.7817,350
30.4636,-88.5319,150
29.9800,-95.3600,140
40.8436,-72.6322,360
44.8889,-116.1017,180
45.5114,-118.4247,270
32.2622,-107.7206,260
37.0911,-95.5664,190
37.7608,-99.9683,200
38.3083,-75.1239,330
37.5908,-83.3131,260
30.1250,-93.2158,130
39.8447,-89.6839,40
48.5222,-123.0231,190
42.2706,-71.8731,340
39.7333,-77.4333,330
42.5519,-71.7558,320
43.4075,-94.7461,160
37.3592,-121.9239,290
30.3489,-85.7881,180
39.0725,-95.6261,130
46.7994,-102.7972,150
39.7736,-94.9233,150
40.2064,-100.5914,280
38.3000,-76.4167,10
34.6525,-86.9453,260
60.4889,-145.4511,260
42.1997,-75.9850,330
60.7850,-161.8292,40
45.5511,-122.4089,190
46.1236,-67.7928,10
37.2833,-102.6139,200
34.9000,-76.8833,270
46.1442,-115.5964,210
42.5417,-113.7661,220
41.2433,-76.9217,290
38.9503,-95.6639,170
40.6675,-89.6839,80
61.1781,-149.9664,300
35.8311,-90.6464,240
41.9381,-72.6825,20
32.3367,-90.2214,250
36.3189,-119.6289,310
30.3975,-84.3289,280
38.6892,-75.3592,310
35.2333,-101.7089,160
42.7461,-86.0967,20
35.8517,-97.4142,200
46.0139,-102.6547,130
33.8719,-117.9789,200
33.6228,-111.9106,240
37.2839,-98.5528,190
40.3547,-79.9217,210
47.9375,-124.5550,200
41.4914,-120.5644,240
36.9358,-121.7886,210
40.9017,-117.8081,180
39.0083,-95.2117,160
35.2236,-80.9553,340
30.0481,-102.2131,160
34.7411,-118.2117,210
42.1928,-89.0931,180
13.4836,144.7961,190
36.0719,-115.1633,180
34.0158,-118.4514,200
32.6808,-96.8681,160
39.2231,-106.8683,200
42.1094,-77.9919,40
27.9619,-82.5403,290
64.7767,-141.1483,340
36.6817,-101.5053,180
26.2281,-97.6542,120
46.8706,-68.0172,360
36.3333,-119.9500,310
31.9433,-102.1889,160
40.1606,-113.3508,80
32.5722,-116.9794,290
41.3931,-70.6150,50
26.1658,-97.3458,100
37.3278,-95.5042,180
42.1908,-71.1736,300
28.0836,-97.0464,150
21.4500,-157.7833,60
44.0511,-101.6011,200
30.7167,-87.0167,190
48.2553,-101.2733,180
34.2900,-93.0600,230
33.2208,-92.8142,150
38.0700,-102.6881,180
30.7406,-98.2353,150
39.8344,-88.8656,90
39.8250,-86.2958,340
29.6381,-95.2819,150
37.6197,-122.3647,270
30.3503,-81.8831,300
35.6542,-105.1419,180
38.2281,-85.6636,320
44.9258,-89.6256,220
41.6328,-91.5431,120
47.3978,-120.2014,320
38.7042,-93.1833,190
47.4933,-122.2144,170
36.0236,-84.2375,190
38.5911,-92.1558,120
38.8483,-77.0342,340
59.6419,-151.4908,240
36.9839,-77.0075,300
66.9161,-151.5089,10
63.9944,-145.7214,40
37.2622,-104.3378,240
42.2347,-85.5519,150
46.9208,-114.0925,360
36.5881,-121.8453,300
45.4622,-69.5953,350
42.9667,-83.7494,210
29.5189,-95.2417,120
43.0206,-102.5183,180
25.9069,-80.2803,100
44.8428,-117.8086,260
37.3169,-79.9742,260
39.2956,-80.2289,260
43.1167,-77.6767,350
36.7800,-119.7194,310
36.0394,-95.9844,190
41.6267,-73.8842,340
34.7442,-87.5997,290
28.8208,-81.8097,10
34.8536,-116.7858,270
38.0653,-97.8606,160
27.7839,-97.5108,180
42.6003,-123.3642,240
33.9481,-83.3275,330
42.8153,-108.7261,230
44.2667,-71.2994,340
44.7978,-68.8186,350
44.3814,-106.7211,260
41.6764,-70.9583,50
31.0425,-86.3117,240
39.3756,-99.8297,160
30.0675,-95.5561,160
42.5700,-72.2911,360
42.2228,-83.7444,150
41.3714,-73.4828,320
45.5908,-122.6003,310
35.6567,-95.3614,160
37.7214,-122.2208,290
39.1894,-103.7158,120
30.5892,-96.3647,150
29.3389,-98.4719,140
40.7781,-111.9694,240
38.8000,-97.6500,250
45.7881,-111.1608,180
40.1519,-122.2536,150
32.8986,-80.0403,210
45.5406,-122.9486,280
40.0681,-118.5692,250
44.3814,-100.2856,170
42.7267,-114.4564,150
40.8206,-76.8642,310
39.8233,-93.5792,100
47.4569,-115.6450,140
33.4617,-80.8581,310
39.4839,-119.7711,280
46.9006,-95.0678,160
21.1544,-157.0961,40
34.9883,-117.8647,240
33.2119,-87.6161,50
41.0467,-78.4117,330
19.7356,-156.0489,200
64.3267,-158.7417,340
43.3436,-72.5178,20
27.4014,-82.5586,280
32.6636,-97.0939,140
41.9097,-70.7294,20
32.8978,-97.0189,170
47.0339,-120.5303,320
40.8764,-74.2831,290
42.4819,-114.4869,210
66.0689,-162.7639,300
41.0669,-73.7075,340
31.3500,-85.6667,300
40.9781,-124.1086,320
33.2061,-97.1989,160
39.9369,-91.1919,100
41.7419,-72.1836,20
43.3906,-99.8422,250
26.2500,-80.1083,80
33.8750,-84.3022,280
41.0731,-71.9233,330
44.3592,-84.6739,240
46.9258,-98.6692,150
31.8111,-106.3758,280
30.4119,-89.0808,150
39.3669,-101.7000,200
45.6194,-121.1661,310
41.7872,-111.8533,210
25.9156,-97.4186,140
45.9647,-112.5006,200
26.1522,-81.7753,120
44.6381,-90.1875,210
34.7000,-77.3833,330
38.9597,-94.3714,250
41.5944,-109.0528,260
38.0494,-103.5122,250
32.6261,-116.4681,220
35.3889,-97.6006,180
35.9461,-112.1547,240
61.5961,-149.0917,190
40.2769,-74.8158,350
35.0564,-89.9864,210
34.2008,-119.2069,230
60.5797,-151.2392,270
41.7781,-80.6958,350
43.1544,-93.3269,160
32.4106,-99.6822,180
40.3667,-75.9667,320
34.1750,-91.9347,280
31.4156,-87.0442,190
38.3306,-96.1897,110
33.9519,-117.4386,260
42.5950,-87.9381,130
41.1078,-92.4467,160
34.2675,-77.8997,250
33.6267,-116.1594,320
41.6236,-98.9517,170
41.5097,-72.8278,330
41.1214,-100.6694,130
47.2675,-122.5761,230
45.5433,-94.0514,190
37.0872,-84.0769,270
40.0781,-83.0781,320
28.7247,-96.2536,170
41.3336,-75.7269,50
47.6458,-101.4394,150
34.2622,-88.7714,270
39.9492,-74.8417,330
59.5119,-139.6711,100
41.7636,-96.1778,130
32.5428,-93.7450,200
41.6686,-70.2800,330
43.1953,-71.5011,320
34.1231,-84.8486,40
43.1072,-78.9453,220
38.5039,-122.8103,270
35.9403,-89.8308,250
30.2333,-81.6667,200
31.3558,-85.7511,350
42.1594,-76.8919,20
28.7797,-81.2436,100
42.4272,-73.2892,330
41.3325,-122.3328,140
33.2194,-117.3494,290
33.9753,-117.6361,250
46.3747,-117.0156,190
40.4847,-80.2144,10
39.8683,-75.2311,340
43.1644,-95.2017,170
47.5303,-122.3008,210
44.4683,-73.1500,350
36.8781,-91.9025,230
44.9319,-93.0556,190
40.5175,-122.2986,180
34.6517,-112.4208,140
34.0500,-94.4008,160
44.3853,-74.2067,360
44.5228,-114.2150,150
42.6425,-77.0564,310
71.2833,-156.7814,10
27.5000,-97.8167,140
36.7436,-108.2292,230
45.8183,-88.1144,250
30.7439,-95.5861,200
32.3500,-91.0278,150
45.0319,-102.0192,180
37.7836,-81.1231,310
38.6956,-121.5897,170
39.9914,-82.8808,320
42.8050,-72.0036,330
34.8461,-82.3461,270
42.2314,-83.3308,160
41.6264,-80.2150,290
18.2550,-65.6408,90
28.4736,-82.4544,190
36.4731,-82.4044,260
34.6081,-79.0592,310
43.9922,-76.0217,260
34.2167,-119.0833,190
31.3089,-86.3939,270
32.3542,-95.4025,220
34.2719,-83.8303,310
32.8167,-115.6833,250
41.7861,-87.7522,80
37.3208,-79.2067,20
48.3042,-114.2636,150
34.3622,-98.9761,210
29.6333,-83.1053,320
42.4700,-71.2894,80
34.8831,-82.2203,270
48.6033,-112.3753,60
38.1811,-85.7392,330
41.3375,-84.4289,110
33.4669,-82.0386,300
40.2383,-75.5572,320
30.1831,-97.6800,160
41.4333,-99.6333,160
40.9611,-98.3136,200
44.2033,-72.5794,310
41.1583,-73.1289,340
43.0661,-108.4767,280
33.8281,-116.5053,320
40.6044,-98.4272,150
20.8997,-156.4286,40
39.1667,-76.6833,290
43.5164,-112.0672,190
47.1686,-88.4889,270
42.4167,-87.8667,80
35.2325,-75.6219,260
36.0097,-94.1694,200
35.1442,-111.6664,220
27.6531,-80.2428,100
48.1203,-123.4983,280
42.4933,-79.2722,310
44.5169,-108.0822,260
40.4122,-86.9369,50
36.2967,-99.7689,180
42.1128,-92.9175,140
38.8761,-98.8092,160
39.2775,-120.7103,140
41.7700,-88.4814,260
30.6794,-88.2397,180
35.8922,-78.7819,250
38.8853,-79.8528,280
24.7258,-81.0517,100
59.4433,-151.7017,30
42.3811,-122.8722,310
46.5683,-120.5428,330
48.5614,-93.3981,240
43.9042,-92.4917,180
36.1625,-97.0894,180
39.1342,-108.5400,200
36.9500,-76.2833,250
21.3239,-157.9294,80
47.3864,-92.8389,230
45.6478,-68.6925,290
36.7725,-90.3247,20
33.6542,-101.8136,210
33.3633,-84.5658,200
44.5344,-72.6144,330
37.1431,-107.7597,250
32.3206,-90.0778,340
39.1258,-123.2008,10
43.7331,-103.6114,190
32.4506,-93.8411,160
35.3331,-94.3625,190
46.4267,-105.8825,230
46.4047,-94.1308,150
42.5844,-110.1075,230
44.3981,-98.2231,160
44.9050,-123.0011,240
40.6331,-93.9019,190
31.5358,-82.5067,330
40.0397,-88.2778,70
38.3794,-81.5900,240
37.4058,-122.0481,360
37.3711,-118.3581,160
41.8678,-84.0794,170
46.9253,-96.8111,160
70.2117,-151.0017,20
42.9486,-78.7369,240
30.4000,-86.4717,200
34.2006,-118.3575,150
40.4422,-109.5144,280
35.4344,-119.0542,310
34.7336,-76.6606,190
43.3497,-76.3847,290
59.2433,-135.5094,60
41.5175,-81.6836,360
46.9728,-123.9303,190
34.2097,-118.4892,180
46.4794,-84.3572,240
33.3644,-81.9633,300
38.1386,-78.4530,360
43.2781,-70.9222,320
30.5108,-99.7664,200
43.6264,-72.3047,350
47.9742,-117.4283,190
46.2667,-119.1167,210
39.1208,-94.5969,220
37.7064,-112.1456,170
34.5583,-98.4172,160
33.6883,-112.0817,170
39.4203,-83.8217,270
25.6475,-80.4331,120
37.8892,-121.2258,290
39.5264,-107.7264,260
34.8822,-95.7831,200
42.3914,-96.3792,160
38.0442,-87.5206,340
33.6300,-84.4417,190
70.1917,-148.4772,40
33.5872,-85.8556,250
32.3347,-88.7442,210
43.5331,-84.0797,240
38.9408,-77.4636,320
39.4519,-87.3089,70
41.3275,-72.0494,10
45.6689,-96.9914,170
30.7825,-83.2767,200
60.1283,-149.4167,190
55.3567,-131.7117,130
36.7367,-97.1019,170
45.7728,-122.8611,350
32.8547,-109.6353,270
34.8994,-120.4486,300
47.6831,-117.3214,220
58.3567,-134.5639,100
39.6092,-110.7547,290
33.4964,-90.0867,230
40.1936,-76.7633,310
40.2172,-76.8514,290
38.8169,-92.2183,120
30.5069,-86.9597,240
41.9950,-87.9336,80
43.6497,-70.3003,320
35.9333,-79.0642,280
31.6189,-97.2283,160
43.7694,-87.8506,150
33.8117,-118.1464,310
44.9047,-97.1494,180
37.6242,-120.9506,320
38.8500,-94.7392,250
30.4781,-87.1869,250
45.6208,-122.6572,320
30.6264,-88.0681,140
45.0619,-93.3508,230
45.2575,-112.5545,200
42.5708,-77.7133,320
35.6697,-120.6283,210
46.4167,-86.6500,210
40.3300,-75.1225,320
44.7408,-85.5825,280
42.8914,-73.2469,310
44.4983,-88.1111,230
40.3161,-78.8339,320
36.9878,-120.1106,340
38.1417,-76.4292,310
35.8550,-77.8931,340
39.7078,-77.7297,340
34.4978,-82.7097,310
39.2953,-114.8467,150
44.1278,-123.2206,250
46.3583,-104.2500,110
32.5500,-88.5667,150
42.6958,-73.1708,290
31.4583,-109.6061,210
42.1469,-121.7242,180
26.9172,-81.9914,90
33.4536,-94.0075,190
40.6508,-75.4492,340
43.9906,-70.9475,30
40.8217,-72.8689,340
27.7628,-82.6261,350
26.1839,-98.2539,140
40.7083,-84.0267,10
30.3208,-97.7603,160
38.5050,-107.8975,170
43.9844,-88.5569,200
45.6308,-89.4653,220
36.1189,-86.6892,290
39.7075,-86.2803,20
41.8706,-103.5931,110
36.1336,-80.2222,280
44.7694,-106.9689,260
46.7708,-100.7603,130
34.0561,-117.6003,230
45.0133,-84.7014,250
38.7642,-87.6056,10
39.2447,-102.2842,250
31.8311,-104.8089,240
36.7414,-104.5022,220
45.5644,-84.7928,230
45.6044,-103.5464,150
44.0206,-117.0128,170
34.6719,-82.8864,270
41.8756,-71.0211,110
33.4278,-112.0039,180
46.5486,-90.9189,250
41.1783,-78.8989,260
24.5833,-81.6833,110
33.4050,-118.4158,240
41.9856,-97.4353,150
45.2486,-122.7686,230
40.1667,-103.2167,200
29.2733,-94.8592,170
31.3214,-85.4497,310
32.5156,-92.0406,190
37.6928,-121.8144,280
37.7461,-97.2211,200
33.9786,-98.4928,190
40.7789,-73.9692,300
40.8500,-74.0614,320
37.7797,-89.2497,230
42.3606,-71.0106,100
30.0375,-91.8839,110
40.8731,-81.8867,350
32.2997,-86.4075,170
32.8158,-117.1394,300
35.0281,-110.7208,220
36.3689,-92.4703,220
41.8833,-91.7167,120
42.3978,-90.7036,200
29.1828,-81.0483,60
38.7550,-109.7542,210
38.8100,-104.6883,170
45.8069,-108.5422,230
33.7792,-84.5214,230
41.8031,-78.6403,310
40.9706,-85.2064,360
39.4019,-77.9844,340
34.3478,-85.1611,340
36.2667,-93.1567,240
36.6950,-76.1356,340
32.5161,-84.9422,20
32.1300,-81.2100,170
46.8369,-92.2097,240
40.8289,-115.7886,230
47.3258,-106.9475,240
42.7431,-73.8092,290
47.7472,-90.3444,240
17.7028,-64.8056,90
25.7906,-80.3164,90
41.4131,-81.8600,10
31.5883,-110.3442,190
19.7192,-155.0531,10
39.1033,-84.4189,360
35.6875,-117.6931,170
42.8975,-106.4636,250
26.5850,-81.8614,70
33.9228,-118.3342,250
48.2138,-106.6213,220
45.6906,-118.8528,270
41.6117,-90.5808,100
55.0389,-131.5786,150
44.9358,-74.8458,320
43.2119,-90.1814,220
45.4558,-98.4131,150
41.9144,-88.2464,170
30.3361,-81.5147,110
44.8664,-91.4878,170
37.1681,-97.0369,220
15.1167,145.7167,190
38.5714,-90.1572,80
47.6217,-117.5281,200
40.8508,-96.7475,140
30.7797,-86.5225,230
37.7086,-113.0944,230
43.5878,-96.7289,180
42.8375,-103.0953,180
39.9444,-81.8922,340
44.3394,-105.5419,190
42.1578,-72.7161,320
28.1011,-80.6439,100
39.1353,-96.6778,140
45.1947,-123.1339,220
43.1111,-76.1039,320
38.2103,-122.2847,260
41.3461,-82.1794,360
39.4494,-74.5672,300
38.7525,-90.3736,80
40.4719,-81.4236,310
39.2972,-94.7306,200
43.9636,-69.7117,320
32.7336,-117.1831,290
47.3078,-119.5153,180
43.8339,-111.8045,170
40.9167,-81.4333,320
38.8983,-119.9947,190
34.7917,-79.3661,330
37.0683,-88.7719,310
42.1244,-86.4267,290
32.3847,-94.7117,180
64.5500,-149.0717,270
40.0489,-107.8853,190
39.1019,-121.5678,200
35.0028,-105.6628,210
18.3331,-64.9667,130
41.7803,-124.2367,180
37.9272,-100.7247,180
35.2100,-99.1200,190
35.0678,-77.0481,290
39.1333,-86.6167,40
58.6794,-156.6294,250
39.9061,-84.2186,10
35.0419,-106.6156,290
60.7850,-148.8389,100
27.6833,-97.2833,140
31.4000,-93.2833,180
41.5092,-74.2650,10
29.5442,-98.4839,140
41.5339,-93.6531,140
31.9514,-85.1289,210
59.7494,-154.9089,150
64.8039,-147.8761,70
44.3592,-89.8369,260
28.4567,-99.2183,150
38.0408,-84.6058,280
37.6544,-97.4425,200
41.7361,-72.6506,340
31.6072,-110.4281,210
38.7667,-104.3000,90
44.0433,-103.0536,180
30.3433,-89.8222,130
30.9119,-102.9167,150
41.7072,-86.3164,360
32.7667,-97.4500,180
57.1553,-170.2222,100
42.9550,-87.9044,120
57.0481,-135.3647,210
29.3331,-89.4075,210
40.1203,-76.2944,290
33.2367,-107.2681,280
33.4825,-90.9853,210
34.2486,-82.1592,300
35.6169,-106.0889,240
37.5050,-77.3203,360
57.7511,-152.4856,110
45.5464,-100.4078,150
40.8097,-124.1603,270
36.0167,-102.5500,230
40.2342,-85.3936,350
39.0431,-84.6717,330
38.2900,-104.4983,200
35.8181,-83.9858,240
28.8614,-96.9303,150
41.0136,-83.6686,80
28.0622,-81.7542,140
38.3650,-82.5550,230
39.4900,-121.6183,160
27.4981,-80.3767,100
55.5800,-133.0750,210
44.8831,-93.2289,190
37.2847,-120.5128,230
39.5703,-104.8489,320
40.0803,-95.5919,160
43.7667,-98.0333,160
42.7611,-87.8136,150
42.2333,-83.5333,150
35.5342,-97.6469,180
35.0311,-85.2014,250
34.6439,-86.7861,320
32.8667,-117.1333,260
48.5428,-109.7633,210
30.8356,-85.1839,280
31.2819,-89.2531,140
34.9914,-78.8803,290
39.6728,-75.6008,310
37.9406,-75.4631,290
29.7333,-85.0333,200
41.2003,-74.6231,340
61.1689,-150.0278,250
36.8167,-76.0333,330
41.1014,-102.9847,170
37.2958,-81.2078,270
46.9733,-122.9033,250
35.1822,-103.6031,260
36.9647,-86.4239,290
40.8203,-82.5178,360
41.7806,-122.4717,360
47.2856,-68.3133,330
43.8789,-91.2528,190
47.9428,-97.1839,180
34.7675,-114.6189,190
34.7272,-92.2389,210
37.2353,-93.4003,250
35.6575,-109.0614,220
43.2389,-123.3547,40
40.1764,-80.6472,360
31.4208,-110.8458,170
35.0169,-80.6206,260
39.3450,-81.4392,270
67.7317,-164.5483,300
7.3333,134.4833,180
45.0717,-83.5644,220
27.9106,-82.6875,350
32.6500,-114.6167,240
38.5000,-77.3000,360
48.4608,-119.5167,20
47.2381,-123.1408,220
40.0228,-82.4625,360
42.1208,-87.9047,60
38.1311,-91.7683,120
32.3336,-104.2581,160
24.5550,-81.7522,120
36.1994,-95.8872,190
18.4325,-66.0108,70
30.4000,-81.4167,150
31.3928,-92.2956,130
21.3167,-158.0667,50
43.5950,-118.9564,90
56.6000,-169.5650,130
41.5886,-83.8014,60
7.4500,151.8333,290
34.9894,-99.0525,190
42.5544,-92.4011,190
31.1500,-92.9667,140
46.0947,-118.2869,240
34.1853,-79.7239,330
62.3200,-150.0950,190
32.6847,-83.6528,50
45.6983,-110.4408,210
30.5372,-91.1469,150
42.7172,-71.1239,320
35.5931,-88.9167,230
40.7939,-73.1017,330
32.7100,-96.2672,210
37.3031,-108.6275,150
42.7803,-84.5789,190
48.7167,-94.6000,220
37.9917,-122.0550,240
47.9078,-122.2803,180
39.6428,-79.9164,350
35.5144,-108.7939,270
41.7219,-71.4325,360
33.9381,-118.3889,260
29.5622,-91.5256,150
36.9261,-111.4478,190
46.0261,-91.4442,190
44.2558,-121.1392,280
25.9989,-80.2411,80
40.6386,-73.7622,340
41.9922,-93.6217,270
35.2578,-113.9331,170
41.8056,-107.1997,240
39.6014,-116.0056,200
38.5069,-121.4950,230
36.6636,-121.6081,260
40.5100,-101.6200,140
36.2833,-94.3000,210
37.2253,-89.5706,320
31.9206,-102.3867,190
43.1711,-86.2367,260
26.1969,-80.1708,80
30.2050,-91.9875,210
35.2372,-120.6414,310
33.3075,-104.5083,220
38.1847,-84.9033,220
42.8783,-100.5500,290
39.3792,-74.4242,330
41.4525,-87.0058,20
38.8317,-94.8897,240
40.6161,-83.0636,50
29.3600,-99.1742,170
42.2667,-84.4667,190
32.8342,-115.5786,270
36.2606,-76.1750,330
33.9486,-81.1186,310
32.8192,-97.3614,180
39.5936,-84.2264,260
40.0972,-92.5433,130
66.8667,-162.6333,300
29.3783,-100.9269,150
27.7411,-98.0247,90
41.3119,-105.6747,230
36.6206,-116.0278,240
41.5333,-71.2833,360
33.6186,-114.7142,160
45.8258,-119.2611,250
43.9658,-107.9508,250
48.1739,-103.6367,130
33.1281,-117.2794,250
31.3347,-92.5586,190
37.6703,-95.4842,160
32.1314,-110.9553,190
38.3775,-121.9575,250
42.5906,-117.8644,150
48.3500,-122.6667,220
33.6361,-91.7556,210
34.6294,-118.0836,250
43.7700,-88.4864,250
29.7036,-98.0281,150
34.0511,-118.2353,280
42.5842,-70.9175,130
39.2292,-106.3169,290
41.5272,-85.7922,90
41.0375,-81.4642,350
46.5311,-87.5483,225
62.1592,-145.4589,220
30.4844,-81.7019,340
6.9667,158.2167,140
29.9933,-90.2511,100
44.0219,-82.7931,90
44.5444,-110.4211,270
32.8519,-96.8556,170
61.2169,-149.8550,260
40.2964,-78.3203,310
46.6056,-111.9636,130
38.9833,-76.4667,330
30.7044,-87.0231,210
30.3567,-95.4139,130
31.1522,-81.3908,150
32.9733,-97.3181,140
47.4733,-111.3822,120
38.0511,-117.0903,210
39.7556,-82.6572,250
34.5183,-109.3792,160
36.7683,-96.0261,220
36.4486,-103.1539,200
47.4667,-87.8833,350
40.6825,-74.1694,310
29.6919,-82.2756,360
34.7436,-118.7242,220
44.5483,-95.0803,150
30.0494,-90.0289,170
38.6572,-90.6558,60
62.9614,-141.9292,160
40.7794,-73.8803,340
37.7081,-77.4344,290
39.5514,-97.6508,150
41.1961,-112.0114,160
32.0311,-96.3989,170
34.5467,-93.5781,170
42.4092,-83.0100,130
43.2339,-75.4117,300
35.2578,-93.0947,210
41.3103,-95.8992,140
29.9506,-94.0206,190
21.9839,-159.3405,50
44.3675,-71.5450,310
30.8458,-85.6014,220
36.6239,-87.4194,290
46.1569,-123.8825,200
35.1967,-81.1558,210
39.4781,-88.2803,30
33.0375,-116.9158,270
42.0800,-80.1825,350
38.4167,-113.0167,230
35.1350,-90.2344,200
47.4444,-122.3139,220
37.6542,-122.1150,330
32.7817,-98.0603,190
28.5453,-81.3331,80
31.1828,-90.4708,170
35.6950,-101.3950,170
39.4167,-118.7167,170
42.8939,-85.5447,240
46.7439,-117.1086,360
35.4319,-82.5375,340
48.7939,-122.5372,160
44.5761,-71.1786,350
36.2117,-115.1958,150
55.2208,-162.7325,140
39.3644,-84.5247,340
37.4389,-105.8614,220
41.0089,-74.7367,340
39.8328,-104.6575,270
47.2078,-119.3192,190
33.5656,-86.7450,180
41.4653,-90.5233,210
35.9508,-85.0814,290
45.8678,-95.3942,200
42.6650,-83.4181,140
41.2639,-72.8872,360
62.9575,-155.6103,330
33.1803,-96.5903,150
64.5111,-165.4400,30
42.3075,-85.2511,270
41.2544,-80.6739,340
31.8606,-86.0122,300
39.5781,-85.8033,300
40.4953,-107.5211,260
29.6222,-95.6564,150
41.5631,-83.4764,130
41.1389,-75.3794,320
31.3711,-100.4922,160
40.7342,-73.4169,10
26.0719,-80.1536,100
35.7425,-81.3819,250
44.6500,-73.4667,340
37.1319,-76.4930,240
33.9706,-80.9958,240
36.9033,-76.1922,230
41.6875,-69.9933,50
26.5361,-81.7550,140
42.9333,-71.4383,360
43.3500,-73.6167,340
42.0647,-104.1528,150
41.3497,-71.7989,30
34.9869,-81.0575,330
44.3206,-69.7972,320
39.3667,-75.0667,310
31.5356,-84.1944,40
36.5728,-79.3361,270
59.4556,-135.3239,210
42.9203,-112.5711,190
38.3406,-75.5103,320
41.2731,-111.0306,210
44.8322,-93.4706,190
40.7833,-91.1253,180
39.9181,-76.8742,340
26.6847,-80.0994,110
43.1406,-89.3453,230
29.1097,-95.4619,170
34.4272,-100.2831,200
44.1708,-114.9272,220
27.5333,-99.4667,120
32.7000,-117.2000,310
32.4833,-80.7167,210
41.2531,-70.0608,30
37.1467,-94.5022,220
9.4833,138.0833,230
31.2361,-94.7544,180
32.7800,-79.9319,200
33.8117,-78.7239,220
