45.8981,-86.5483,76
46.2314,-112.1136,72
39.4206,-79.0050,130
47.8344,-120.0006,49
38.6644,-94.8900,85
47.2753,-88.4169,40
40.1100,-87.9567,76
47.6497,-120.0800,31
35.5953,-82.5567,98
39.7506,-92.5064,31
30.5347,-94.4456,49
41.8161,-80.4250,22
37.1317,-86.1481,89
39.8814,-77.3506,197
39.7750,-105.1169,89
47.2919,-88.4208,67
40.5764,-105.0858,63
39.7194,-76.8028,268
45.6656,-97.0392,112
44.4933,-68.4583,85
34.6242,-106.3103,121
38.5039,-95.7036,72
34.2183,-116.4072,156
34.1206,-115.8500,112
45.4525,-99.3358,58
42.3997,-89.9903,45
61.5889,-149.0992,27
47.0083,-88.4317,67
41.7392,-77.9711,80
39.0733,-93.7075,54
47.8306,-110.6608,31
39.3903,-94.5553,58
40.8250,-92.8925,31
40.9656,-105.2186,85
61.2967,-149.4400,76
39.1439,-103.4897,116
40.8600,-102.8031,116
48.0750,-111.2597,49
48.9981,-110.2158,40
40.6558,-97.2208,58
45.0961,-112.0856,143
34.7994,-109.8850,165
35.0761,-89.7430,63
41.2847,-105.5319,107
