32.7019,-87.5814,3
45.7883,-92.2325,2
41.4589,-87.9106,2
37.5339,-83.3492,2
-37.8376,145.0048,7
33.1361,-85.5869,2
32.5050,-80.2947,2
47.6000,-103.2597,2
33.1581,-85.2911,2
20.2039,-155.7350,3
40.4150,-102.6267,3
-40.2319,148.1900,3
-35.1093,139.0806,3
42.2642,-118.6758,2
40.5411,-121.5767,2
35.8214,-81.1919,3
38.8867,-102.7233,3
35.7783,-106.6872,2
41.1736,-85.0672,4
44.0569,-121.2850,2
33.2097,-87.5936,3
33.4528,-87.3572,2
34.9786,-85.8008,3
36.6139,-83.7897,2
39.6250,-100.4233,2
-43.0431,147.4133,2
30.8714,-89.1214,2
-26.7150,152.8719,2
56.3831,-134.6497,2
