32.7019,-87.5814,414
45.7883,-92.2325,0
41.4589,-87.9106,0
37.5339,-83.3492,188
-37.8376,145.0048,4
33.1361,-85.5869,135
32.5050,-80.2947,3
47.6000,-103.2597,0
33.1581,-85.2911,0
20.2039,-155.7350,86
40.4150,-102.6267,0
-40.2319,148.1900,6
-35.1093,139.0806,14
42.2642,-118.6758,15
40.5411,-121.5767,51
35.8214,-81.1919,61
38.8867,-102.7233,0
35.7783,-106.6872,0
41.1736,-85.0672,0
44.0569,-121.2850,25
33.2097,-87.5936,66
33.4528,-87.3572,56
34.9786,-85.8008,333
36.6139,-83.7897,152
39.6250,-100.4233,0
-43.0431,147.4133,4
30.8714,-89.1214,1194
-26.7150,152.8719,1
56.3831,-134.6497,597
