40.6331,-93.9019,107
31.8311,-104.8089,130
35.0678,-77.0481,125
45.8183,-88.1144,116
60.7850,-148.8389,139
41.1519,-104.8061,152
42.4700,-71.2894,206
38.6956,-121.5897,112
34.7336,-76.6606,152
39.2231,-106.8683,67
41.9144,-88.2464,107
40.2172,-76.8514,116
37.4058,-122.0481,72
42.5950,-87.9381,103
32.4506,-93.8411,85
42.2228,-83.7444,89
46.5486,-90.9189,125
35.8181,-83.9858,89
44.9047,-97.1494,116
35.0281,-110.7208,94
37.6928,-121.8144,81
31.1828,-90.4708,98
43.0206,-102.5183,94
39.7333,-77.4333,98
36.6636,-121.6081,89
37.7064,-112.1456,76
43.3500,-73.6167,192
35.0419,-106.6156,103
42.5417,-113.7661,112
40.1936,-76.7633,139
29.6919,-82.2756,89
38.3000,-76.4167,139
43.5331,-84.0797,63
35.6697,-120.6283,130
45.1947,-123.1339,63
32.1314,-110.9553,112
41.5092,-74.2650,170
36.8167,-76.0333,116
34.6439,-86.7861,130
45.8069,-108.5422,139
40.4122,-86.9369,107
45.5433,-94.0514,148
33.4825,-90.9853,89
38.2900,-104.4983,139
67.7317,-164.5483,121
47.0492,-109.4578,170
34.2008,-119.2069,103
32.6847,-83.6528,112
44.7694,-106.9689,157
43.5667,-116.2406,112
33.0375,-116.9158,85
42.8153,-108.7261,89
34.3478,-85.1611,107
40.6825,-74.1694,179
25.7906,-80.3164,121
32.8986,-80.0403,143
40.0489,-107.8853,72
70.2117,-151.0017,45
47.9375,-124.5550,130
44.3981,-98.2231,116
48.3042,-114.2636,85
34.5583,-98.4172,85
20.8997,-156.4286,116
43.4075,-94.7461,170
44.9258,-89.6256,116
42.3811,-122.8722,49
30.1250,-93.2158,130
43.5950,-118.9564,58
26.9172,-81.9914,94
41.0089,-74.7367,157
37.3208,-79.2067,89
47.6217,-117.5281,134
33.2119,-87.6161,112
40.9781,-124.1086,76
35.8922,-78.7819,103
7.4500,151.8333,82
30.3433,-89.8222,94
41.8833,-91.7167,116
40.8217,-72.8689,201
33.9481,-83.3275,134
29.6222,-95.6564,89
42.9333,-71.4383,192
45.5406,-122.9486,54
33.8117,-118.1464,76
44.0206,-117.0128,54
39.3644,-84.5247,103
61.2169,-149.8550,67
33.4050,-118.4158,89
38.3775,-121.9575,107
38.8483,-77.0342,103
43.3906,-99.8422,183
44.7978,-68.8186,188
41.3336,-75.7269,174
40.8508,-96.7475,143
43.6497,-70.3003,210
57.7511,-152.4856,148
43.7700,-88.4864,116
59.6419,-151.4908,89
27.9619,-82.5403,85
26.2281,-97.6542,103
33.9786,-98.4928,89
38.3083,-75.1239,143
43.9636,-69.7117,143
33.9706,-80.9958,89
34.8994,-120.4486,152
30.6794,-88.2397,107
35.1967,-81.1558,98
38.5714,-90.1572,89
31.2361,-94.7544,76
35.2333,-101.7089,107
33.9486,-81.1186,103
30.3361,-81.5147,94
38.7525,-90.3736,81
30.9119,-102.9167,103
39.3792,-74.4242,121
41.7219,-71.4325,165
39.6728,-75.6008,134
35.6875,-117.6931,125
34.1853,-79.7239,116
35.0028,-105.6628,116
41.2731,-111.0306,107
45.4622,-69.5953,201
36.1625,-97.0894,89
21.3239,-157.9294,125
38.9833,-76.4667,112
38.1847,-84.9033,112
44.2667,-71.2994,447
21.1544,-157.0961,112
31.4583,-109.6061,81
24.7258,-81.0517,103
38.8317,-94.8897,89
44.3394,-105.5419,148
46.3747,-117.0156,76
30.4000,-81.4167,94
45.7881,-111.1608,130
33.6361,-91.7556,76
32.8192,-97.3614,85
21.9839,-159.3405,148
41.9922,-93.6217,112
44.8831,-93.2289,125
35.1442,-111.6664,112
34.8831,-82.2203,89
34.9000,-76.8833,143
44.0511,-101.6011,130
30.5892,-96.3647,94
22.0333,-159.7833,143
37.2622,-104.3378,107
36.6239,-87.4194,94
41.9950,-87.9336,98
28.0622,-81.7542,98
40.7083,-84.0267,94
31.4156,-87.0442,63
36.0969,-79.9433,103
39.4519,-87.3089,103
41.7636,-96.1778,157
39.1033,-84.4189,107
41.2639,-72.8872,192
42.4092,-83.0100,89
47.6831,-117.3214,116
47.2381,-123.1408,81
44.2558,-121.1392,54
44.3853,-74.2067,134
34.2006,-118.3575,143
33.4536,-94.0075,85
39.6092,-110.7547,157
39.1333,-86.6167,116
39.8447,-89.6839,89
60.5797,-151.2392,98
32.2997,-86.4075,103
40.7939,-73.1017,161
40.4719,-81.4236,72
42.0800,-80.1825,72
34.9894,-99.0525,85
41.4914,-120.5644,54
32.5500,-88.5667,81
37.2353,-93.4003,112
46.9258,-98.6692,85
30.4781,-87.1869,81
39.3756,-99.8297,139
37.5908,-83.3131,85
33.9519,-117.4386,143
39.2447,-102.2842,94
33.2194,-117.3494,81
44.0219,-82.7931,72
39.4839,-119.7711,94
34.8536,-116.7858,107
36.7367,-97.1019,103
40.0972,-92.5433,76
38.8761,-98.8092,143
44.9050,-123.0011,72
28.8614,-96.9303,89
40.8436,-72.6322,183
33.4964,-90.0867,103
60.1283,-149.4167,197
39.8233,-93.5792,76
31.8606,-86.0122,103
64.5111,-165.4400,58
31.0425,-86.3117,89
39.2972,-94.7306,98
44.5169,-108.0822,89
61.1781,-149.9664,98
17.7028,-64.8056,125
30.4636,-88.5319,103
33.4617,-80.8581,107
31.9514,-85.1289,116
38.4167,-113.0167,206
30.7797,-86.5225,98
39.5781,-85.8033,116
48.1739,-103.6367,130
35.2578,-93.0947,103
43.9042,-92.4917,148
42.9486,-78.7369,85
41.3119,-105.6747,148
34.9869,-81.0575,85
35.3889,-97.6006,103
29.6333,-83.1053,76
43.2389,-123.3547,49
37.2253,-89.5706,107
33.1783,-86.7817,85
42.8375,-103.0953,130
34.9883,-117.8647,130
36.0236,-84.2375,81
33.8750,-84.3022,94
41.6264,-80.2150,81
41.8056,-107.1997,121
41.6236,-98.9517,143
27.5000,-97.8167,103
35.7425,-81.3819,81
32.9733,-97.3181,98
41.1214,-100.6694,94
38.8100,-104.6883,134
39.4900,-121.6183,107
39.9369,-91.1919,89
36.5728,-79.3361,94
34.9914,-78.8803,125
37.3278,-95.5042,89
37.3711,-118.3581,121
39.4203,-83.8217,107
36.0167,-102.5500,130
41.5097,-72.8278,188
40.8203,-82.5178,81
46.7708,-100.7603,121
42.0647,-104.1528,143
41.7861,-87.7522,107
28.1011,-80.6439,116
35.6575,-109.0614,103
42.2347,-85.5519,89
41.3275,-72.0494,165
43.1561,-90.6775,125
32.3336,-104.2581,81
31.9206,-102.3867,72
30.0494,-90.0289,121
41.7872,-111.8533,89
40.2964,-78.3203,121
40.8500,-74.0614,165
58.6794,-156.6294,125
34.7272,-92.2389,72
39.8683,-75.2311,183
45.6983,-110.4408,161
37.0683,-88.7719,107
63.9944,-145.7214,67
34.1750,-91.9347,81
41.1583,-73.1289,188
46.0261,-91.4442,134
33.6883,-112.0817,143
42.7803,-84.5789,94
57.1553,-170.2222,148
41.9381,-72.6825,179
45.6194,-121.1661,85
38.8983,-119.9947,103
37.3169,-79.9742,81
26.0719,-80.1536,112
43.2339,-75.4117,139
28.5453,-81.3331,94
43.7331,-103.6114,89
62.9614,-141.9292,76
62.9575,-155.6103,94
66.0689,-162.7639,148
40.0819,-75.0111,165
33.2208,-92.8142,85
27.7628,-82.6261,116
39.4494,-74.5672,183
38.7667,-104.3000,116
44.9358,-74.8458,161
31.3214,-85.4497,112
29.6381,-95.2819,98
34.2167,-119.0833,148
56.6000,-169.5650,143
37.6542,-122.1150,72
42.8914,-73.2469,170
41.5886,-83.8014,81
40.9167,-81.4333,81
47.1686,-88.4889,103
40.4847,-80.2144,85
25.9989,-80.2411,112
33.5656,-86.7450,121
42.4167,-87.8667,103
48.5428,-109.7633,179
41.3497,-71.7989,161
19.7192,-155.0531,103
47.0339,-120.5303,98
42.0572,-102.8000,116
43.6264,-72.3047,161
34.1167,-119.1167,125
35.8517,-97.4142,85
39.2953,-114.8467,130
29.3331,-89.4075,134
37.2839,-98.5528,85
47.9742,-117.4283,112
64.8039,-147.8761,45
48.5222,-123.0231,63
37.2847,-120.5128,89
42.9203,-112.5711,103
36.2967,-99.7689,98
39.7556,-82.6572,94
37.2958,-81.2078,98
41.5272,-85.7922,98
37.3592,-121.9239,76
47.4733,-111.3822,165
32.7817,-98.0603,85
27.4981,-80.3767,116
45.8678,-95.3942,121
45.5908,-122.6003,67
48.4608,-119.5167,85
43.1406,-89.3453,121
33.3633,-84.5658,103
36.2833,-94.3000,98
35.2372,-120.6414,125
39.1208,-94.5969,89
44.3814,-106.7211,174
42.3914,-96.3792,157
42.6425,-77.0564,130
34.2622,-88.7714,76
34.6294,-118.0836,139
6.9667,158.2167,82
38.7550,-109.7542,98
33.6267,-116.1594,107
39.5703,-104.8489,121
39.9061,-84.2186,103
41.7700,-88.4814,103
37.7081,-77.4344,89
62.3200,-150.0950,103
30.6264,-88.0681,76
37.1467,-94.5022,103
26.5850,-81.8614,112
34.2900,-93.0600,98
42.5844,-110.1075,125
47.9078,-122.2803,148
35.1350,-90.2344,85
43.9906,-70.9475,165
37.8892,-121.2258,116
40.8206,-76.8642,130
44.0433,-103.0536,170
39.6014,-116.0056,103
64.7767,-141.1483,58
45.6689,-96.9914,250
39.4781,-88.2803,103
31.5883,-110.3442,94
42.1594,-76.8919,143
34.0511,-118.2353,49
35.4344,-119.0542,67
38.8169,-92.2183,98
32.7000,-117.2000,94
45.5511,-122.4089,107
37.1319,-76.4930,116
34.1231,-84.8486,121
46.5683,-120.5428,58
41.7803,-124.2367,67
46.9728,-123.9303,81
45.5644,-84.7928,85
32.5156,-92.0406,76
36.7725,-90.3247,85
45.6906,-118.8528,103
46.6056,-111.9636,134
41.3375,-84.4289,98
42.1244,-86.4267,116
18.3331,-64.9667,107
41.8031,-78.6403,116
37.7086,-113.0944,130
38.8500,-94.7392,94
66.9161,-151.5089,49
43.5878,-96.7289,139
43.1644,-95.2017,143
41.1961,-112.0114,98
33.3075,-104.5083,98
39.1019,-121.5678,112
40.6161,-83.0636,81
41.6875,-69.9933,165
42.9667,-83.7494,89
13.4836,144.7961,112
28.4736,-82.4544,76
46.0947,-118.2869,98
39.4167,-118.7167,76
35.6567,-95.3614,94
41.2544,-80.6739,81
43.0661,-108.4767,112
8.7333,167.7333,210
41.7781,-80.6958,63
41.9097,-70.7294,161
38.3406,-75.5103,125
46.7439,-117.1086,125
32.1300,-81.2100,143
58.3567,-134.5639,192
55.3567,-131.7117,192
42.9550,-87.9044,103
26.2500,-80.1083,103
37.7797,-89.2497,103
38.0653,-97.8606,112
41.5175,-81.6836,72
30.3567,-95.4139,81
39.1667,-76.6833,134
48.1203,-123.4983,45
46.3583,-104.2500,148
47.2856,-68.3133,201
38.9408,-77.4636,103
43.2781,-70.9222,210
34.7675,-114.6189,148
44.1708,-114.9272,49
32.6808,-96.8681,76
42.1908,-71.1736,179
42.7431,-73.8092,170
32.3542,-95.4025,72
30.1831,-97.6800,103
41.4333,-99.6333,152
38.9597,-94.3714,103
33.1803,-96.5903,81
40.3547,-79.9217,81
40.6675,-89.6839,107
43.1711,-86.2367,103
42.5906,-117.8644,81
42.8050,-72.0036,161
36.6817,-101.5053,125
40.6044,-98.4272,152
43.1111,-76.1039,157
55.2208,-162.7325,148
27.6833,-97.2833,94
30.3489,-85.7881,85
40.5100,-101.6200,89
43.8789,-91.2528,125
41.0136,-83.6686,85
42.4819,-114.4869,121
35.2325,-75.6219,161
38.2103,-122.2847,58
29.5622,-91.5256,103
42.1128,-92.9175,116
32.8519,-96.8556,107
48.7939,-122.5372,107
40.8764,-74.2831,157
42.6003,-123.3642,98
34.4272,-100.2831,72
28.7247,-96.2536,103
30.0675,-95.5561,81
33.1281,-117.2794,72
46.1236,-67.7928,170
40.7789,-73.9692,148
47.2078,-119.3192,112
39.9181,-76.8742,116
31.9433,-102.1889,76
36.7800,-119.7194,63
38.8000,-97.6500,121
35.8550,-77.8931,121
59.4556,-135.3239,228
40.3300,-75.1225,143
40.9706,-85.2064,107
41.0467,-78.4117,107
38.3794,-81.5900,76
40.9017,-117.8081,130
34.2675,-77.8997,125
37.1681,-97.0369,85
25.9156,-97.4186,98
35.4319,-82.5375,85
40.2769,-74.8158,152
43.9922,-76.0217,134
30.3503,-81.8831,103
33.6800,-117.8664,125
40.3161,-78.8339,121
30.8356,-85.1839,94
39.0725,-95.6261,98
40.7833,-91.1253,81
38.1811,-85.7392,103
44.4983,-88.1111,112
46.8369,-92.2097,116
38.6892,-75.3592,121
42.7972,-105.3856,103
39.8344,-88.8656,98
40.0803,-95.5919,125
45.2575,-112.5545,89
40.5175,-122.2986,125
48.5614,-93.3981,89
24.5833,-81.6833,148
42.1208,-87.9047,116
29.5189,-95.2417,112
33.6186,-114.7142,134
30.2333,-81.6667,89
41.9856,-97.4353,170
41.7361,-72.6506,192
38.5000,-77.3000,125
37.9272,-100.7247,165
38.6572,-90.6558,94
45.0619,-93.3508,148
38.0408,-84.6058,121
41.3103,-95.8992,134
37.6703,-95.4842,98
30.0375,-91.8839,121
34.8822,-95.7831,85
41.4131,-81.8600,76
30.7167,-87.0167,81
31.2819,-89.2531,89
32.3847,-94.7117,81
30.4844,-81.7019,116
44.5444,-110.4211,63
48.3500,-122.6667,107
18.2550,-65.6408,112
35.2578,-113.9331,152
43.2119,-90.1814,121
61.5961,-149.0917,63
30.2050,-91.9875,94
42.1997,-75.9850,157
41.5631,-83.4764,76
36.1336,-80.2222,94
39.8328,-104.6575,125
31.5356,-84.1944,125
45.0717,-83.5644,98
47.9428,-97.1839,72
45.2486,-122.7686,54
32.6261,-116.4681,139
48.0944,-105.5744,157
42.2333,-83.5333,85
40.2064,-100.5914,139
44.4683,-73.1500,192
40.2342,-85.3936,107
44.9319,-93.0556,139
35.0311,-85.2014,76
46.2667,-119.1167,98
36.2117,-115.1958,121
42.2667,-84.4667,94
31.3711,-100.4922,76
34.7000,-77.3833,139
44.3592,-89.8369,107
35.1822,-103.6031,130
60.7850,-161.8292,94
59.5119,-139.6711,76
32.8158,-117.1394,94
38.7642,-87.6056,94
36.5881,-121.8453,67
33.6542,-101.8136,81
55.5800,-133.0750,157
46.1569,-123.8825,103
33.2367,-107.2681,107
41.7072,-86.3164,116
47.3864,-92.8389,112
36.9261,-111.4478,94
48.2553,-101.2733,121
33.9381,-118.3889,67
31.4000,-93.2833,67
45.7728,-122.8611,54
35.6950,-101.3950,103
33.9228,-118.3342,67
30.3208,-97.7603,81
33.9753,-117.6361,165
40.8289,-115.7886,94
39.7078,-77.7297,103
39.5514,-97.6508,143
39.9444,-81.8922,76
36.0097,-94.1694,103
37.1431,-107.7597,81
41.4653,-90.5233,103
38.8853,-79.8528,85
41.2433,-76.9217,139
44.5483,-95.0803,139
37.6197,-122.3647,98
37.4389,-105.8614,76
34.7442,-87.5997,76
30.5108,-99.7664,85
40.0397,-88.2778,112
41.3461,-82.1794,85
32.7100,-96.2672,94
45.6308,-89.4653,116
39.5936,-84.2264,103
41.4525,-87.0058,103
42.8783,-100.5500,174
42.4933,-79.2722,81
38.0494,-103.5122,139
46.7994,-102.7972,157
39.0083,-95.2117,98
70.6392,-159.9950,45
32.8547,-109.6353,103
42.2314,-83.3308,76
19.7356,-156.0489,125
40.7781,-111.9694,94
40.6508,-75.4492,165
43.1953,-71.5011,215
42.2706,-71.8731,174
46.5311,-87.5483,139
39.7075,-86.2803,125
36.8781,-91.9025,98
34.6517,-112.4208,116
38.5069,-121.4950,103
32.3367,-90.2214,98
41.1078,-92.4467,107
37.9917,-122.0550,63
40.8097,-124.1603,72
40.6386,-73.7622,215
29.7333,-85.0333,112
40.1519,-122.2536,98
46.0139,-102.6547,161
46.9208,-114.0925,121
38.3306,-96.1897,94
31.3500,-85.6667,107
36.3689,-92.4703,81
42.5544,-92.4011,134
26.1839,-98.2539,85
40.9611,-98.3136,152
36.6206,-116.0278,134
44.2033,-72.5794,192
46.4167,-86.6500,143
42.5708,-77.7133,112
37.5050,-77.3203,103
46.4794,-84.3572,116
43.9844,-88.5569,116
32.8978,-97.0189,98
40.1667,-103.2167,116
31.8111,-106.3758,72
34.8461,-82.3461,103
29.5442,-98.4839,89
32.3500,-91.0278,85
41.7419,-72.1836,183
39.3669,-101.7000,134
42.5519,-71.7558,183
32.6500,-114.6167,130
40.0228,-82.4625,81
45.8258,-119.2611,107
35.0169,-80.6206,112
43.1167,-77.6767,107
39.0431,-84.6717,107
40.7342,-73.4169,157
25.6475,-80.4331,121
29.3600,-99.1742,98
47.4933,-122.2144,94
32.2622,-107.7206,85
34.2719,-83.8303,103
32.5722,-116.9794,94
43.1544,-93.3269,139
41.6267,-73.8842,161
38.5039,-122.8103,54
47.4569,-115.6450,98
42.1094,-77.9919,148
38.9286,-90.4281,81
34.6719,-82.8864,103
15.1167,145.7167,179
44.8889,-116.1017,54
28.4567,-99.2183,89
36.3189,-119.6289,81
42.4272,-73.2892,197
41.5333,-71.2833,152
44.3814,-100.2856,121
43.4133,-124.2436,103
43.9658,-107.9508,76
24.5550,-81.7522,134
40.2383,-75.5572,152
38.0511,-117.0903,139
46.9733,-122.9033,67
32.3206,-90.0778,121
44.5228,-114.2150,94
36.0394,-95.9844,72
39.3667,-75.0667,161
33.6300,-84.4417,112
42.6650,-83.4181,85
26.6847,-80.0994,112
42.3978,-90.7036,116
59.4433,-151.7017,89
31.3558,-85.7511,107
41.1783,-78.8989,94
45.4558,-98.4131,130
47.5303,-122.3008,94
44.8664,-91.4878,121
36.0719,-115.1633,116
29.9506,-94.0206,116
41.1014,-102.9847,134
28.0836,-97.0464,81
45.5114,-118.4247,54
33.3644,-81.9633,103
42.6958,-73.1708,174
37.7836,-81.1231,130
32.4833,-80.7167,134
35.6542,-105.1419,125
39.1258,-123.2008,45
42.1578,-72.7161,179
32.5428,-93.7450,76
39.8250,-86.2958,103
46.9253,-96.8111,148
28.8208,-81.8097,85
44.3206,-69.7972,210
30.4119,-89.0808,134
37.7214,-122.2208,67
40.4953,-107.5211,63
43.1072,-78.9453,85
46.9006,-95.0678,107
41.0669,-73.7075,165
59.7494,-154.9089,139
47.6458,-101.4394,139
7.3333,134.4833,98
37.0872,-84.0769,81
34.7436,-118.7242,179
38.0442,-87.5206,89
30.4000,-86.4717,103
36.1994,-95.8872,72
40.3667,-75.9667,121
62.1592,-145.4589,36
40.1764,-80.6472,76
27.7839,-97.5108,103
37.3031,-108.6275,98
36.1189,-86.6892,94
36.9647,-86.4239,98
47.3978,-120.2014,76
26.5361,-81.7550,116
43.7694,-87.8506,125
42.5842,-70.9175,224
31.6072,-110.4281,116
31.8456,-86.6108,76
36.7414,-104.5022,139
9.4833,138.0833,88
71.2833,-156.7814,58
42.7461,-86.0967,81
47.4444,-122.3139,98
70.1917,-148.4772,45
18.4325,-66.0108,125
36.2667,-93.1567,116
33.8719,-117.9789,63
34.4978,-82.7097,112
32.3347,-88.7442,76
48.2138,-106.6213,148
30.7825,-83.2767,116
40.0681,-118.5692,76
41.2531,-70.0608,183
35.5342,-97.6469,81
42.8939,-85.5447,139
38.7042,-93.1833,85
41.0375,-81.4642,85
38.3650,-82.5550,112
37.9406,-75.4631,121
45.9647,-112.5006,139
32.8667,-117.1333,94
33.8117,-78.7239,116
36.4486,-103.1539,121
37.0911,-95.5664,103
41.5944,-109.0528,103
34.7917,-79.3661,121
45.0133,-84.7014,89
29.1097,-95.4619,107
41.8706,-103.5931,130
42.7172,-71.1239,192
32.6636,-97.0939,103
39.9914,-82.8808,89
43.8339,-111.8045,89
33.6228,-111.9106,130
40.0781,-83.0781,85
34.5467,-93.5781,40
44.5761,-71.1786,165
32.5161,-84.9422,130
40.8731,-81.8867,76
32.7667,-97.4500,89
41.6117,-90.5808,112
32.4106,-99.6822,81
55.0389,-131.5786,183
39.6428,-79.9164,76
39.1894,-103.7158,130
29.9933,-90.2511,103
38.9503,-95.6639,112
30.7406,-98.2353,85
41.6764,-70.9583,174
61.1689,-150.0278,130
35.3331,-94.3625,98
31.7800,-103.2017,72
44.8428,-117.8086,63
34.7411,-118.2117,130
36.4731,-82.4044,89
41.6328,-91.5431,103
36.9358,-121.7886,54
41.2003,-74.6231,139
46.8706,-68.0172,192
34.0561,-117.6003,174
36.9839,-77.0075,112
37.7461,-97.2211,98
42.1928,-89.0931,116
35.8311,-90.6464,112
36.2606,-76.1750,125
39.7736,-94.9233,134
33.4669,-82.0386,103
25.9069,-80.2803,116
30.3975,-84.3289,107
34.0158,-118.4514,72
39.2775,-120.7103,107
26.1969,-80.1708,121
38.5911,-92.1558,89
35.5144,-108.7939,116
35.5931,-88.9167,67
35.2236,-80.9553,125
39.2292,-106.3169,85
31.4208,-110.8458,107
30.5069,-86.9597,103
33.5872,-85.8556,98
59.2433,-135.5094,165
41.6686,-70.2800,161
31.1500,-92.9667,63
45.5464,-100.4078,76
42.7267,-114.4564,121
27.7411,-98.0247,98
28.4339,-81.3250,116
45.6208,-122.6572,40
39.4019,-77.9844,139
31.6189,-97.2283,89
66.8667,-162.6333,31
34.4258,-119.8425,81
40.4422,-109.5144,85
41.1389,-75.3794,219
26.1658,-97.3458,94
34.2097,-118.4892,157
60.4889,-145.4511,94
29.3389,-98.4719,89
37.6544,-97.4425,103
42.3075,-85.2511,85
36.7436,-108.2292,98
64.5500,-149.0717,72
41.7806,-122.4717,54
41.0731,-71.9233,139
26.1522,-81.7753,112
45.0319,-102.0192,143
42.3606,-71.0106,183
29.7036,-98.0281,112
31.5358,-82.5067,121
43.7667,-98.0333,130
36.9500,-76.2833,148
39.2956,-80.2289,76
32.8342,-115.5786,89
36.9033,-76.1922,103
29.3783,-100.9269,89
41.5339,-93.6531,116
38.5050,-107.8975,121
40.1203,-76.2944,116
42.5700,-72.2911,206
30.5372,-91.1469,94
47.4667,-87.8833,174
27.5333,-99.4667,94
33.2061,-97.1989,94
28.7797,-81.2436,89
32.7336,-117.1831,94
30.0481,-102.2131,81
36.7683,-96.0261,94
41.8756,-71.0211,165
27.9106,-82.6875,107
47.3078,-119.5153,98
38.1311,-91.7683,89
57.0481,-135.3647,233
39.3450,-81.4392,85
37.6242,-120.9506,107
48.7167,-94.6000,85
35.9508,-85.0814,89
41.3714,-73.4828,143
44.7408,-85.5825,98
33.8281,-116.5053,125
33.7792,-84.5214,125
45.6044,-103.5464,174
29.1828,-81.0483,81
29.9800,-95.3600,89
40.7794,-73.8803,206
39.5264,-107.7264,94
48.6033,-112.3753,197
44.1278,-123.2206,58
39.9492,-74.8417,152
38.2281,-85.6636,98
35.0564,-89.9864,76
38.0700,-102.6881,76
64.3267,-158.7417,36
30.7439,-95.5861,81
31.3928,-92.2956,81
39.1342,-108.5400,89
35.9333,-79.0642,94
33.4278,-112.0039,161
42.7611,-87.8136,112
27.4014,-82.5586,98
34.5183,-109.3792,125
44.8322,-93.4706,112
21.4500,-157.7833,161
47.2675,-122.5761,76
42.1469,-121.7242,72
34.0500,-94.4008,85
44.3592,-84.6739,85
43.3436,-72.5178,170
30.7044,-87.0231,85
41.3931,-70.6150,165
41.8678,-84.0794,89
34.6525,-86.9453,103
45.6478,-68.6925,183
21.3167,-158.0667,125
46.4047,-94.1308,130
39.1353,-96.6778,116
34.2486,-82.1592,89
36.6950,-76.1356,139
31.1522,-81.3908,139
44.6381,-90.1875,112
37.7608,-99.9683,139
43.5164,-112.0672,134
46.1442,-115.5964,63
34.6081,-79.0592,116
47.3258,-106.9475,139
41.3325,-122.3328,63
44.6500,-73.4667,161
31.3347,-92.5586,85
40.1606,-113.3508,139
36.3333,-119.9500,134
37.2833,-102.6139,139
44.5344,-72.6144,174
42.8975,-106.4636,98
44.3675,-71.5450,179
35.9403,-89.8308,67
32.0311,-96.3989,81
35.2100,-99.1200,85
27.6531,-80.2428,112
47.7472,-90.3444,143
43.3497,-76.3847,130
29.2733,-94.8592,134
38.1386,-78.4530,67
34.3622,-98.9761,85
