36.3200,-115.7000,281
36.7200,-106.2600,281
43.8000,-114.8500,360
35.7700,-105.7800,357
36.5100,-106.3200,11
40.3000,-111.2600,254
43.7600,-115.2400,147
39.1900,-120.2600,281
39.3600,-106.0600,7
36.2500,-115.6300,226
39.2900,-117.1100,169
36.8600,-106.2300,15
46.2400,-117.3900,239
44.2100,-110.6700,271
44.7900,-116.0900,220
38.4000,-119.5400,199
35.9200,-106.3900,283
48.7200,-116.4600,319
41.4000,-107.2600,186
36.1900,-105.5600,69
40.8300,-111.7600,113
36.0300,-106.8100,39
36.0700,-105.6300,244
36.9600,-106.6600,170
35.3400,-111.6500,250
36.7900,-105.2400,39
39.4300,-120.3100,230
36.0000,-106.8300,281
40.5300,-106.7800,51
36.3100,-115.6800,190
39.8000,-106.0300,293
36.9900,-105.2600,311
44.3800,-116.3400,214
39.3100,-111.4300,278
35.7800,-105.5400,253
