33.7542,-99.1442,239
35.7047,-101.5492,89
36.5508,-114.4581,233
21.3153,-157.9992,278
32.2822,-106.7597,233
40.7142,-122.4161,261
35.4072,-104.1906,72
38.0047,-120.4864,256
38.5350,-121.7761,272
28.4675,-98.2525,278
43.8544,-116.4664,-178
37.1503,-104.5567,44
38.4917,-122.1242,256
37.7967,-121.5828,289
33.6731,-111.1508,222
26.8400,-81.0872,322
40.6117,-122.5281,250
34.9881,-120.3211,272
41.4439,-86.9294,-178
33.7092,-93.5564,100
30.2003,-92.6642,300
25.8175,-80.2858,339
45.9228,-108.2444,-178
37.9050,-93.3169,56
38.4931,-122.0047,294
26.5581,-99.1372,206
36.9969,-119.7072,-178
38.6644,-94.8900,72
43.5492,-71.4647,-178
36.4622,-116.8669,311
34.5822,-119.9817,272
