38.3139,-81.7186,72
44.5208,-101.6192,67
34.7289,-80.0389,111
41.0267,-86.5867,39
62.1925,-150.5033,-22
44.8831,-85.6753,6
38.8894,-86.5519,83
28.4575,-97.7061,178
28.8608,-97.0181,217
27.7792,-97.5056,189
28.7156,-97.1742,178
47.0575,-109.9514,50
32.9206,-86.6708,172
32.5133,-92.3486,156
40.2539,-85.1483,33
40.2233,-86.1086,83
39.4833,-83.8500,50
37.8194,-85.3847,78
41.4439,-86.9294,33
42.2947,-83.7108,6
37.1244,-87.8672,28
37.1167,-84.6167,89
40.0739,-87.5067,56
33.7775,-81.8467,122
32.7547,-104.3836,44
39.4700,-80.8572,56
40.1100,-87.9567,17
38.7003,-82.4736,111
38.7386,-87.4878,56
33.2564,-81.2422,106
38.4558,-86.6983,72
37.0683,-88.7725,89
38.5200,-89.8467,56
46.3414,-86.9242,0
44.4933,-68.4583,0
40.9361,-90.7197,28
34.2183,-81.0731,144
45.0853,-67.1203,0
34.1419,-80.8700,128
34.1944,-79.2472,139
36.5914,-101.6181,67
37.9931,-100.8122,61
40.4750,-86.9919,17
64.9156,-148.2711,6
40.8142,-85.1547,-22
32.2822,-106.7597,150
43.9794,-117.0247,78
36.7578,-90.4056,100
44.9847,-93.1772,0
42.7831,-71.4147,-6
33.0167,-81.3167,150
40.4719,-74.4364,11
37.9311,-98.0297,67
47.6811,-117.6267,28
41.1453,-85.4897,-50
36.1306,-80.5481,100
42.1397,-87.7853,50
33.8083,-79.8567,122
38.4661,-101.7758,78
35.6214,-88.8456,128
42.6006,-114.7453,72
35.6042,-91.2744,94
42.3806,-96.9575,11
46.8706,-68.0172,-11
32.3500,-94.6500,156
