44.4933,-68.4583,0
34.7289,-80.0389,133
38.4661,-101.7758,89
35.6042,-91.2744,100
46.3414,-86.9242,11
44.9847,-93.1772,17
32.3500,-94.6500,172
37.0683,-88.7725,94
40.4750,-86.9919,17
37.8194,-85.3847,83
38.4558,-86.6983,89
38.7003,-82.4736,122
37.1244,-87.8672,39
28.7156,-97.1742,183
34.2183,-81.0731,156
41.0267,-86.5867,50
40.8142,-85.1547,-17
40.4719,-74.4364,17
40.2233,-86.1086,89
44.8831,-85.6753,11
37.1167,-84.6167,89
42.6006,-114.7453,117
44.5208,-101.6192,89
40.2539,-85.1483,44
39.4833,-83.8500,67
42.7831,-71.4147,-6
40.0739,-87.5067,67
35.6214,-88.8456,128
33.0167,-81.3167,161
47.6811,-117.6267,39
47.0575,-109.9514,89
46.8706,-68.0172,-6
27.7792,-97.5056,200
64.9156,-148.2711,17
40.1100,-87.9567,50
28.4575,-97.7061,222
42.1397,-87.7853,56
64.1539,-145.8894,-56
36.5914,-101.6181,150
32.7547,-104.3836,100
34.1419,-80.8700,139
38.5200,-89.8467,67
38.3139,-81.7186,83
37.9931,-100.8122,78
41.4439,-86.9294,61
40.9361,-90.7197,39
42.2947,-83.7108,33
36.1306,-80.5481,117
32.5133,-92.3486,172
34.1944,-79.2472,189
36.7578,-90.4056,111
37.9311,-98.0297,100
33.2564,-81.2422,117
39.4700,-80.8572,94
33.7775,-81.8467,133
62.1925,-150.5033,-17
28.8608,-97.0181,222
38.7386,-87.4878,72
38.8894,-86.5519,89
45.0853,-67.1203,0
33.8083,-79.8567,128
32.2822,-106.7597,206
42.3806,-96.9575,72
41.1453,-85.4897,56
32.9206,-86.6708,194
43.9794,-117.0247,89
