48.9981,-110.2158,4
38.5039,-95.7036,85
39.7750,-105.1169,54
30.5347,-94.4456,31
47.0083,-88.4317,72
39.0733,-93.7075,72
47.6497,-120.0800,45
35.5953,-82.5567,76
35.1375,-77.9892,80
39.1439,-103.4897,76
39.8814,-77.3506,72
34.6242,-106.3103,89
45.4525,-99.3358,130
39.3903,-94.5553,45
47.2753,-88.4169,40
45.2925,-111.9481,107
34.7994,-109.8850,80
61.1025,-149.7169,85
40.9656,-105.2186,76
39.7194,-76.8028,72
44.4933,-68.4583,89
48.0750,-111.2597,22
47.2919,-88.4208,76
47.8306,-110.6608,67
37.1317,-86.1481,67
40.8250,-92.8925,67
61.5889,-149.0992,27
40.1100,-87.9567,103
45.0961,-112.0856,76
47.0111,-109.2261,31
46.2314,-112.1136,94
40.6558,-97.2208,54
47.8344,-120.0006,4
40.5764,-105.0858,67
33.8225,-108.9417,139
48.4628,-108.7792,31
42.3997,-89.9903,107
41.7392,-77.9711,45
34.1206,-115.8500,76
35.0761,-89.7430,40
40.8600,-102.8031,85
45.6656,-97.0392,161
34.2183,-116.4072,107
61.2967,-149.4400,76
39.4206,-79.0050,72
38.6644,-94.8900,40
