36.3467,-82.3467,2
38.7017,-91.4314,2
-33.4111,138.8940,4
45.4247,-97.3269,2
41.2633,-85.8678,3
43.6125,-91.6222,2
-34.1567,148.6857,2
-34.4019,118.1019,3
38.2386,-91.1489,6
40.4639,-94.4978,4
34.1583,-89.6311,3
-37.7494,145.1703,2
-34.3687,137.7968,2
-33.6947,138.4057,2
-33.5879,134.8859,3
-34.4595,139.8922,2
-32.4129,152.2079,2
-34.7772,117.6508,2
35.2458,-82.3892,3
30.7394,-94.9256,2
19.4917,-155.9117,3
32.4111,-87.0144,2
32.6714,-90.0361,2
43.0411,-89.4286,2
36.4819,-121.1822,2
37.5442,-77.2758,8
41.5325,-70.6589,2
46.5831,-90.9678,2
-36.9422,143.4711,2
-37.5872,140.3426,2
36.8825,-83.8819,2
-28.1634,153.2126,2
-33.2705,138.3570,2
-28.5211,150.3256,2
30.5317,-86.4928,2
-34.6250,117.6361,2
37.5139,-91.1939,14
45.7250,-98.3000,3
20.6486,-156.3983,2
-41.5136,147.2028,2
32.6161,-106.7403,2
42.3458,-72.1542,8
43.1025,-94.6833,8
-34.4724,137.8850,2
46.3047,-96.5217,7
-35.2959,139.0328,2
38.9708,-94.9775,6
42.0800,-92.4050,2
-34.9145,139.3010,2
-35.0151,117.7577,2
-27.6450,148.7411,2
-16.5260,145.4627,2
43.2683,-79.0103,8
-41.2514,146.3975,2
-41.2658,147.8072,2
-42.9683,147.5081,3
42.4292,-71.4425,2
-32.0486,115.9839,2
33.1678,-96.0983,2
-31.7117,128.8867,7
-34.5961,118.5519,5
-34.6398,143.5610,10
-33.4853,122.5867,2
21.1447,-156.7328,3
