18.1747,-66.7978,56
40.7264,-122.7947,84
38.8586,-99.3358,61
28.0372,-97.8725,102
43.8544,-116.4664,84
36.9969,-119.7072,91
37.1503,-104.5567,61
37.2792,-86.2492,58
40.7142,-122.4161,97
33.8300,-88.5214,76
36.4711,-86.8414,58
35.9328,-88.7267,61
37.9050,-93.3169,91
26.3769,-98.8117,130
33.6731,-111.1508,142
40.1100,-87.9567,56
47.0575,-109.9514,91
33.2564,-81.2422,76
33.9544,-102.7783,114
44.6342,-123.1900,76
42.9536,-112.8253,97
28.4675,-98.2525,104
36.1056,-82.8436,41
40.4750,-86.9919,43
42.9592,-120.7897,61
26.5650,-98.1236,89
40.2842,-109.8611,124
37.3806,-107.5811,74
32.7547,-104.3836,97
42.4492,-76.4492,43
39.0303,-76.9314,56
40.6117,-122.5281,74
43.0431,-96.9033,91
31.6164,-94.6431,81
46.0436,-118.4628,91
34.5822,-119.9817,99
40.1739,-101.0611,84
34.7675,-106.7611,94
31.8769,-105.2369,0
42.1397,-87.7853,84
45.6750,-111.1550,48
40.5764,-105.0858,71
36.4622,-116.8669,165
34.5697,-93.1947,53
30.8408,-89.5453,0
39.0172,-92.7558,66
35.1867,-102.0797,112
28.6575,-96.5553,84
37.5147,-122.0325,69
40.7833,-81.9167,74
32.8964,-107.3078,119
33.7542,-99.1442,130
35.1131,-89.2122,58
42.8767,-77.0308,38
33.4311,-90.9108,81
34.7281,-90.3683,64
48.1375,-103.7372,135
40.4719,-74.4364,51
38.4917,-122.1242,69
47.7283,-104.1467,53
38.5039,-95.7036,81
37.0683,-88.7725,48
30.5467,-87.8808,58
33.7092,-93.5564,66
45.9228,-108.2444,81
39.1172,-95.4097,76
46.8706,-68.0172,8
42.0208,-93.7742,46
35.1297,-89.8036,71
39.2475,-96.5994,30
30.0689,-94.2928,74
40.2233,-86.1086,58
44.9847,-93.1772,58
40.1550,-103.1417,109
18.2583,-65.9922,56
39.0744,-96.8983,53
35.6214,-88.8456,104
35.8819,-83.9572,74
64.8569,-147.8611,28
44.0622,-103.4819,25
44.2394,-95.3153,0
38.4661,-101.7758,102
31.6003,-97.2169,104
35.3886,-106.5439,112
37.7967,-121.5828,114
31.8611,-97.3750,114
26.2656,-97.8714,109
43.4033,-103.2683,56
36.2403,-106.4278,84
35.7197,-86.9653,188
34.6033,-104.3811,102
34.9881,-120.3211,86
31.0372,-97.5283,97
31.3706,-100.4942,117
26.8400,-81.0872,0
41.9342,-88.7756,61
33.4692,-88.7822,64
28.7156,-97.1742,61
41.0267,-86.5867,30
38.7403,-104.3994,81
42.1231,-111.3133,71
34.1419,-80.8700,99
37.3822,-102.2986,86
36.3444,-88.8636,89
38.9667,-98.4889,71
40.0892,-99.2133,25
35.4139,-86.8086,86
33.4258,-111.9217,198
41.2986,-80.7647,599
38.7978,-99.7231,91
35.6414,-106.3322,91
37.7617,-117.5658,152
39.3903,-94.5553,25
38.9408,-95.3397,53
31.0619,-94.1011,104
35.1108,-81.9675,71
47.0022,-118.5658,97
32.8242,-95.5275,86
43.5492,-71.4647,38
36.0147,-85.1314,53
34.8847,-99.2964,145
48.4983,-109.8014,4039
44.1183,-121.2103,64
32.2631,-96.6369,91
35.6872,-90.0964,71
30.2003,-92.6642,91
36.5575,-105.2628,495
40.8250,-92.8925,81
38.5350,-121.7761,102
35.7047,-101.5492,124
38.6450,-95.5661,53
34.6603,-82.8236,61
36.5928,-106.7300,74
38.4931,-122.0047,94
40.7131,-79.5144,124
31.8456,-99.5606,94
34.1981,-101.7461,81
35.4072,-104.1906,130
32.8522,-95.8864,99
45.6911,-118.8522,94
61.5664,-149.2542,15
34.3961,-89.7903,74
35.1161,-93.6506,0
29.8608,-98.1958,94
38.6078,-97.9597,155
32.2822,-106.7597,119
34.5989,-103.2161,117
35.2006,-103.6867,203
33.0642,-101.0489,142
41.9928,-71.1667,18
41.4439,-86.9294,48
42.7467,-71.0425,5
33.1481,-95.6269,107
47.6811,-117.6267,102
36.5508,-114.4581,165
33.1461,-107.1842,140
31.9611,-96.6881,84
38.2597,-104.7169,117
39.3925,-101.0689,71
29.4608,-101.0286,122
44.8831,-85.6753,56
31.9633,-98.4942,99
40.2539,-85.1483,38
26.5581,-99.1372,3145
30.7189,-97.3211,117
37.6967,-93.7722,71
35.0489,-97.9158,104
32.9506,-97.0553,94
25.8175,-80.2858,-178
31.9497,-91.2336,58
34.0828,-106.8831,709
44.3089,-85.2050,51
38.0047,-120.4864,107
30.7053,-104.0233,51
36.6897,-108.3086,119
32.4219,-93.6381,89
37.9931,-100.8122,76
29.6211,-96.3661,69
30.6836,-97.7172,157
32.6475,-97.4439,97
33.3192,-95.6039,107
46.7047,-92.5253,1397
40.2458,-111.6508,79
32.3378,-89.0817,69
46.7281,-116.9558,71
34.1381,-88.9983,58
45.4825,-120.7236,86
44.3253,-96.7686,119
32.2683,-101.4858,145
32.9203,-94.7225,86
30.3367,-96.5403,86
41.4903,-71.5431,38
