34.7289,-80.0389,267
45.0853,-67.1203,194
44.4933,-68.4583,178
37.1317,-86.1481,256
38.7003,-82.4736,300
47.0575,-109.9514,200
39.4833,-83.8500,233
38.8894,-86.5519,244
34.1944,-79.2472,211
40.4719,-74.4364,217
41.8161,-80.4250,206
44.5208,-101.6192,178
40.2233,-86.1086,267
38.3139,-81.7186,228
40.8142,-85.1547,206
37.9311,-98.0297,256
40.1100,-87.9567,194
41.0267,-86.5867,211
37.1167,-84.6167,244
34.4719,-81.8839,256
40.0739,-87.5067,244
35.6042,-91.2744,272
28.4575,-97.7061,300
39.4700,-80.8572,233
33.7775,-81.8467,306
37.0683,-88.7725,272
38.7386,-87.4878,244
46.3414,-86.9242,194
42.3806,-96.9575,228
32.3500,-94.6500,306
40.9361,-90.7197,244
32.7547,-104.3836,256
34.6603,-82.8236,289
38.4661,-101.7758,256
44.9847,-93.1772,233
40.4750,-86.9919,217
27.7792,-97.5056,283
33.8083,-79.8567,256
44.8831,-85.6753,250
36.5914,-101.6181,272
47.6811,-117.6267,167
62.1925,-150.5033,167
33.8103,-91.2778,256
32.2822,-106.7597,317
36.1306,-80.5481,-178
46.8706,-68.0172,183
28.7156,-97.1742,278
33.2564,-81.2422,233
32.9206,-86.6708,272
28.8608,-97.0181,317
40.2539,-85.1483,239
38.4558,-86.6983,233
64.9156,-148.2711,83
32.5133,-92.3486,289
34.1419,-80.8700,267
34.2183,-81.0731,289
37.1244,-87.8672,244
42.2947,-83.7108,206
42.7831,-71.4147,217
41.4439,-86.9294,239
37.8194,-85.3847,272
42.1397,-87.7853,233
43.9794,-117.0247,200
41.1453,-85.4897,189
36.7578,-90.4056,283
35.6214,-88.8456,294
37.9931,-100.8122,244
