42.9108,-71.2008,1
39.0725,-95.6261,1
32.9544,-105.7353,1
34.3267,-94.4122,1
43.6303,-94.7744,1
37.9806,-105.6897,1
30.7053,-104.0233,1
34.2531,-93.1486,1
38.8000,-97.6500,1
44.6500,-73.4667,1
42.1997,-75.9850,1
40.2964,-78.3203,1
30.1250,-93.2158,1
63.3156,-143.0058,1
33.1975,-108.2075,1
43.7925,-75.4825,1
42.8417,-75.7264,1
39.8972,-83.5097,1
39.7197,-105.2472,1
45.1219,-95.9269,1
45.8081,-96.5042,1
39.8586,-97.2936,1
39.8958,-105.3847,1
31.2819,-89.2531,1
30.4119,-89.0808,1
42.3914,-96.3792,1
42.0981,-89.9842,1
41.6267,-73.8842,1
40.2994,-96.7500,1
48.0878,-109.6453,1
38.7583,-89.6556,1
37.0683,-88.7725,1
37.9572,-91.7758,1
39.8183,-97.6375,1
39.4411,-90.3789,1
37.8264,-99.6542,1
41.1586,-96.1922,1
40.8836,-97.7492,1
42.4447,-72.5528,1
47.8206,-112.1919,1
24.5550,-81.7522,1
41.1644,-84.8483,1
65.0033,-147.3408,1
42.7364,-97.4969,1
36.0286,-107.9106,1
43.5878,-96.7289,1
39.8311,-96.1833,1
28.7797,-81.2436,1
64.0839,-145.6136,1
46.7994,-102.7972,1
39.1353,-96.6778,1
40.6331,-93.9019,1
43.9042,-92.4917,1
36.7725,-90.3247,1
39.8889,-89.5997,1
44.5483,-95.0803,1
41.0908,-89.8614,1
40.9706,-85.2064,1
41.4131,-81.8600,1
42.9328,-76.5447,1
45.9717,-109.2569,1
46.9208,-114.0925,1
39.5781,-85.8033,1
40.8508,-96.7475,1
40.7833,-91.1253,1
39.5333,-89.3069,1
39.5894,-89.4556,1
33.8203,-93.3878,1
32.2622,-107.7206,1
64.8939,-147.8753,1
42.9919,-97.8703,1
64.0917,-141.9211,1
41.6236,-98.9517,1
40.1750,-97.5903,1
29.7333,-85.0333,1
35.0419,-106.6156,1
34.0275,-93.4333,1
41.0625,-96.0069,1
40.0503,-101.5325,1
31.3347,-92.5586,1
39.9919,-105.2667,1
40.3333,-76.4667,1
41.2486,-76.9833,1
31.8111,-106.3758,1
40.3161,-78.8339,1
29.9100,-90.0342,1
44.2667,-71.2994,1
40.7244,-95.0192,1
36.0606,-102.5211,1
38.9286,-90.4281,1
40.8744,-95.5667,1
41.0772,-95.4800,1
41.0669,-73.7075,1
43.7639,-94.1661,1
30.9119,-102.9167,1
42.4086,-90.7325,1
42.0772,-91.3028,1
43.3906,-99.8422,1
34.6886,-92.4500,1
25.1422,-80.9144,1
26.6847,-80.0994,1
41.5339,-93.6531,1
26.1522,-81.7753,1
43.2358,-97.5714,1
43.3817,-92.9233,1
39.8250,-86.2958,1
42.0572,-102.8000,1
40.0839,-88.2403,1
43.4231,-95.1394,1
30.3764,-103.6600,1
40.6508,-75.4492,1
47.4550,-101.1461,1
30.5347,-94.4456,1
42.5836,-94.2006,1
40.6828,-87.7575,1
39.7997,-101.0422,1
40.6864,-100.0536,1
36.7386,-103.9936,1
41.1431,-96.4808,1
41.3044,-95.3844,1
37.9272,-100.7247,1
36.2994,-103.7408,1
40.5100,-101.6200,1
43.4386,-93.2253,1
38.6572,-90.6558,1
42.8783,-82.7958,1
39.9444,-81.8922,1
41.4581,-100.5986,1
34.3947,-92.8364,1
40.0500,-76.2742,1
41.1389,-75.3794,1
40.2064,-100.5914,1
39.1894,-103.7158,1
43.5458,-92.0122,1
34.9772,-91.4978,1
38.7642,-87.6056,1
43.4075,-94.7461,1
39.7736,-94.9233,1
40.3706,-95.7469,1
40.6458,-91.5639,1
41.1078,-92.4467,1
40.4422,-109.5144,1
40.3131,-88.1594,1
42.1128,-92.9175,1
39.1208,-94.5969,1
40.3544,-96.1939,1
39.2972,-94.7306,1
39.7756,-96.3503,1
31.9381,-108.7689,1
44.5486,-95.0997,1
39.7347,-90.1978,1
31.1903,-84.2036,1
40.2394,-94.6833,1
28.4339,-81.3250,1
39.8361,-89.6250,1
39.2942,-96.9264,1
42.3869,-72.9211,1
41.3197,-96.3672,1
41.8264,-96.0506,1
41.4175,-95.0042,1
28.1011,-80.6439,1
37.7608,-99.9683,1
30.6264,-89.0550,1
32.5564,-108.3667,1
43.1544,-93.3269,1
48.2553,-101.2733,1
30.5372,-91.1469,1
37.4389,-105.8614,1
39.7333,-77.4333,1
32.8642,-91.3800,1
40.0972,-92.5433,1
40.1433,-91.5158,1
41.6328,-91.5431,1
42.0356,-92.5806,1
38.4478,-99.9100,1
40.1936,-76.7633,1
30.4603,-90.4497,1
42.3978,-90.7036,1
28.8208,-81.8097,1
39.7078,-77.7297,1
42.2706,-71.8731,1
38.8169,-92.2183,1
41.1583,-73.1289,1
43.7022,-95.1519,1
38.7956,-105.2003,1
39.6658,-99.5772,1
41.7769,-99.1433,1
39.8800,-86.0514,1
46.6056,-111.9636,1
62.9614,-141.9292,1
42.8783,-100.5500,1
40.2042,-95.7064,1
38.9617,-101.1664,1
42.4272,-73.2892,1
40.9167,-81.4333,1
39.3669,-101.7000,1
41.9922,-93.6217,1
39.3033,-95.4861,1
40.0225,-95.7883,1
39.2317,-95.6653,1
44.7336,-94.3417,1
39.6222,-90.8058,1
37.9878,-89.1931,1
38.7667,-104.3000,1
38.0517,-102.1317,1
44.0511,-101.6011,1
37.8131,-100.3456,1
38.7042,-93.1833,1
42.2342,-113.8981,1
42.0364,-95.3289,1
46.3583,-104.2500,1
40.3667,-75.9667,1
35.6950,-101.3950,1
40.1667,-103.2167,1
39.1131,-100.9447,1
40.8142,-85.1547,1
35.8311,-90.6464,1
41.4333,-99.6333,1
43.1111,-76.1039,1
41.8833,-91.7167,1
44.7592,-96.6872,1
44.2033,-72.5794,1
39.5756,-95.1108,1
41.3656,-93.6481,1
29.6919,-82.2756,1
41.7636,-96.1778,1
38.5853,-92.1825,1
40.8592,-99.9789,1
36.2967,-99.7689,1
34.0500,-94.4008,1
30.4494,-91.0478,1
46.8925,-101.4897,1
40.1764,-80.6472,1
43.4361,-75.3697,1
39.8125,-98.5558,1
37.5433,-99.6383,1
64.8039,-147.8761,1
41.1783,-78.8989,1
45.0025,-96.1661,1
25.6475,-80.4331,1
41.3536,-96.2094,1
24.7258,-81.0517,1
45.5464,-100.4078,1
45.4525,-99.3358,1
27.4014,-82.5586,1
40.0739,-97.1669,1
46.0139,-102.6547,1
43.2794,-92.8106,1
28.5453,-81.3331,1
42.5544,-92.4011,1
31.1828,-90.4708,1
41.0517,-95.7492,1
47.3767,-121.9614,1
41.8553,-90.9200,1
40.8208,-76.4983,1
44.0622,-103.4819,1
37.5811,-106.1869,1
42.8783,-97.3633,1
42.8503,-91.8158,1
41.3103,-95.8992,1
41.6681,-103.1039,1
41.7681,-74.1550,1
39.0083,-95.2117,1
42.8222,-99.7467,1
41.3336,-75.7269,1
39.3756,-99.8297,1
38.5636,-99.2350,1
31.4583,-109.6061,1
39.0636,-94.8958,1
29.7547,-90.7747,1
39.8447,-89.6839,1
39.7772,-98.7783,1
47.4825,-100.4444,1
41.2433,-76.9217,1
27.9914,-82.0136,1
39.7067,-86.2808,1
41.1944,-104.7125,1
44.3539,-75.5122,1
47.0492,-109.4578,1
35.0217,-106.6939,1
37.7797,-89.2497,1
41.7219,-71.4325,1
39.7133,-90.2286,1
37.2622,-104.3378,1
40.0111,-81.5794,1
38.2133,-89.0850,1
26.8639,-80.6256,1
38.9422,-92.3200,1
36.0167,-102.5500,1
40.4122,-86.9369,1
38.8472,-91.9414,1
40.2847,-100.1433,1
31.6419,-89.5572,1
41.1014,-102.9847,1
48.6147,-100.7264,1
31.9353,-109.2186,1
38.1311,-105.4661,1
39.2447,-102.2842,1
38.1311,-91.7683,1
40.4719,-81.4236,1
42.1619,-95.7836,1
25.9492,-81.7139,1
40.0803,-95.5919,1
38.7525,-90.3736,1
32.8067,-91.1730,1
47.3714,-102.7606,1
36.6239,-87.4194,1
42.5136,-99.0303,1
40.8500,-74.0614,1
37.0683,-88.7719,1
29.3486,-103.5950,1
40.4517,-99.3803,1
43.0431,-96.9033,1
29.7286,-92.8181,1
48.5428,-109.7633,1
37.2253,-89.5706,1
38.8100,-104.6883,1
38.1386,-78.4530,1
34.6153,-105.4739,1
38.5872,-99.5731,1
43.3500,-73.6167,1
44.2944,-94.4083,1
39.7075,-86.2803,1
