18.1747,-66.7978,15
31.2022,-93.5725,56
40.7264,-122.7947,38
38.8586,-99.3358,127
28.0372,-97.8725,61
43.8544,-116.4664,0
36.9969,-119.7072,51
37.1503,-104.5567,84
37.2792,-86.2492,0
40.7142,-122.4161,46
33.8300,-88.5214,0
36.4711,-86.8414,38
35.9328,-88.7267,56
26.3769,-98.8117,30
33.6731,-111.1508,91
40.1100,-87.9567,0
47.0575,-109.9514,0
33.2564,-81.2422,48
39.7506,-92.5064,0
33.9544,-102.7783,119
44.6342,-123.1900,28
28.4675,-98.2525,61
36.1056,-82.8436,41
40.4750,-86.9919,25
42.9592,-120.7897,25
26.5650,-98.1236,58
32.7547,-104.3836,147
39.9000,-98.0256,74
39.0303,-76.9314,48
39.8114,-99.9386,74
40.6117,-122.5281,28
31.6164,-94.6431,61
34.1864,-90.5572,28
46.0436,-118.4628,36
34.5822,-119.9817,74
40.1739,-101.0611,20
45.7206,-118.6264,36
40.5764,-105.0858,28
36.4622,-116.8669,137
28.4575,-97.7061,74
34.5697,-93.1947,23
30.8408,-89.5453,0
39.0172,-92.7558,15
35.1867,-102.0797,102
37.5147,-122.0325,64
32.8964,-107.3078,91
33.7542,-99.1442,119
35.1131,-89.2122,46
34.7281,-90.3683,58
33.6772,-93.9903,38
38.4917,-122.1242,36
38.5039,-95.7036,76
37.0683,-88.7725,28
30.5467,-87.8808,48
33.7092,-93.5564,36
45.9228,-108.2444,33
31.3625,-85.3397,38
39.1172,-95.4097,64
42.0208,-93.7742,69
32.6406,-96.9747,53
35.1297,-89.8036,36
39.2475,-96.5994,51
30.0689,-94.2928,48
18.0331,-67.0722,25
40.1550,-103.1417,13
18.2583,-65.9922,13
39.0744,-96.8983,51
35.6214,-88.8456,91
35.8819,-83.9572,15
38.4661,-101.7758,74
31.6003,-97.2169,66
35.3886,-106.5439,81
37.7967,-121.5828,76
31.8611,-97.3750,150
36.2403,-106.4278,99
35.7197,-86.9653,36
34.6033,-104.3811,137
36.8047,-107.6214,58
34.9881,-120.3211,112
31.0372,-97.5283,48
31.3706,-100.4942,94
33.0353,-96.4861,69
26.8400,-81.0872,76
41.9342,-88.7756,15
28.7156,-97.1742,30
34.1419,-80.8700,25
33.4258,-111.9217,69
38.7978,-99.7231,76
35.6414,-106.3322,53
39.0422,-108.4664,81
38.9408,-95.3397,58
31.0619,-94.1011,48
35.1108,-81.9675,41
32.8242,-95.5275,51
43.5492,-71.4647,0
36.0147,-85.1314,20
34.8847,-99.2964,84
32.2631,-96.6369,64
35.6872,-90.0964,61
30.2003,-92.6642,51
39.5039,-98.3150,71
38.5350,-121.7761,74
46.6722,-120.4994,33
34.6603,-82.8236,15
36.5928,-106.7300,74
38.4931,-122.0047,76
38.0633,-102.9297,114
34.1981,-101.7461,102
42.3806,-96.9575,56
35.4072,-104.1906,582
32.8522,-95.8864,64
34.3961,-89.7903,20
35.1161,-93.6506,30
38.6078,-97.9597,66
32.2822,-106.7597,99
34.5989,-103.2161,152
35.2006,-103.6867,41
33.0642,-101.0489,150
33.1481,-95.6269,81
36.5508,-114.4581,109
33.1461,-107.1842,91
31.9611,-96.6881,10
38.2597,-104.7169,61
39.3925,-101.0689,99
29.4608,-101.0286,46
31.9633,-98.4942,84
26.5581,-99.1372,91
30.7189,-97.3211,46
37.6967,-93.7722,20
34.8219,-89.4347,686
35.0489,-97.9158,81
32.9206,-86.6708,841
32.9506,-97.0553,79
25.8175,-80.2858,66
34.0828,-106.8831,1095
39.6619,-99.1228,81
38.0047,-120.4864,61
30.7053,-104.0233,97
33.4594,-104.4042,759
39.4031,-99.4192,61
36.6897,-108.3086,94
32.4219,-93.6381,48
37.9931,-100.8122,76
29.6211,-96.3661,30
30.6836,-97.7172,56
32.6475,-97.4439,43
33.3192,-95.6039,43
27.4272,-80.4053,0
34.1381,-88.9983,43
45.4825,-120.7236,43
32.2683,-101.4858,130
32.9203,-94.7225,51
