46.5486,-90.9189,59
39.6092,-110.7547,1231
70.2117,-151.0017,2149
38.7667,-104.3000,11
41.3275,-72.0494,19
38.6956,-121.5897,2234
34.2097,-118.4892,1512
31.5883,-110.3442,1756
41.2531,-70.0608,322
67.7317,-164.5483,832
37.7081,-77.4344,1117
42.8050,-72.0036,1204
59.6419,-151.4908,1633
31.1500,-92.9667,2325
40.1203,-76.2944,921
39.3667,-75.0667,857
30.7797,-86.5225,1433
62.3200,-150.0950,1536
37.3278,-95.5042,604
39.9181,-76.8742,127
40.0228,-82.4625,1653
41.8756,-71.0211,114
38.8983,-119.9947,1157
28.0622,-81.7542,335
38.0653,-97.8606,336
47.2381,-123.1408,1442
34.9883,-117.8647,1032
30.7044,-87.0231,1108
41.4525,-87.0058,1543
41.9097,-70.7294,121
48.3500,-122.6667,1142
42.6425,-77.0564,2242
28.4736,-82.4544,1432
42.5842,-70.9175,236
47.5303,-122.3008,1618
34.2008,-119.2069,1900
61.1781,-149.9664,1800
30.3503,-81.8831,1617
44.5761,-71.1786,1323
36.9839,-77.0075,912
40.8206,-76.8642,2359
42.5700,-72.2911,52
31.9514,-85.1289,1351
22.0333,-159.7833,1205
34.7917,-79.3661,1229
41.5175,-81.6836,1152
38.8761,-98.8092,14
41.7419,-72.1836,245
42.6003,-123.3642,1841
35.6875,-117.6931,2054
41.5097,-72.8278,111
35.8550,-77.8931,1507
41.7700,-88.4814,1620
41.0731,-71.9233,203
38.1417,-76.4292,218
42.2333,-83.5333,2100
40.0781,-83.0781,1548
70.6392,-159.9950,456
43.1072,-78.9453,1837
57.0481,-135.3647,1459
41.8678,-84.0794,2058
39.5936,-84.2264,1520
39.4900,-121.6183,1627
42.9333,-71.4383,27
42.6958,-73.1708,1309
42.2228,-83.7444,2133
60.7850,-148.8389,1109
39.9369,-91.1919,1439
46.1442,-115.5964,216
55.5800,-133.0750,1417
29.3331,-89.4075,1241
61.1689,-150.0278,1203
40.1606,-113.3508,1544
59.2433,-135.5094,433
41.3931,-70.6150,1238
43.6264,-72.3047,1253
41.6264,-80.2150,2002
45.4622,-69.5953,1042
35.1822,-103.6031,44
37.0911,-95.5664,56
38.4167,-113.0167,1305
41.0467,-78.4117,2113
30.4636,-88.5319,1238
47.0339,-120.5303,1853
36.3333,-119.9500,954
38.9503,-95.6639,43
7.3333,134.4833,1225
41.1961,-112.0114,1339
41.0089,-74.7367,1133
9.4833,138.0833,1102
18.4325,-66.0108,1448
34.6719,-82.8864,1505
35.6542,-105.1419,1622
31.4156,-87.0442,1347
36.1336,-80.2222,2347
40.0819,-75.0111,1012
27.6833,-97.2833,140
30.2333,-81.6667,857
40.2172,-76.8514,900
64.3267,-158.7417,1839
31.3928,-92.2956,855
41.3714,-73.4828,129
30.6264,-88.0681,1430
39.9492,-74.8417,828
41.9144,-88.2464,841
39.4203,-83.8217,1612
32.5428,-93.7450,2038
60.5797,-151.2392,1205
47.7472,-90.3444,6
35.1967,-81.1558,1611
39.1033,-84.4189,1610
38.3000,-76.4167,1206
6.9667,158.2167,1756
48.7167,-94.6000,41
42.1208,-87.9047,1518
31.3558,-85.7511,1349
40.8764,-74.2831,1413
61.2169,-149.8550,1742
43.2781,-70.9222,1221
40.8500,-74.0614,955
41.5092,-74.2650,26
43.3497,-76.3847,105
40.6239,-74.6694,845
42.6650,-83.4181,2339
36.9500,-76.2833,1321
40.0681,-118.5692,1200
47.1686,-88.4889,501
42.5708,-77.7133,2224
40.8436,-72.6322,243
46.4047,-94.1308,25
41.2639,-72.8872,2122
63.9944,-145.7214,1030
38.3083,-75.1239,2354
35.9403,-89.8308,1320
32.8667,-117.1333,1253
34.9869,-81.0575,1354
70.1917,-148.4772,2001
41.7872,-111.8533,1756
43.9906,-70.9475,1306
37.1319,-76.4930,1154
66.9161,-151.5089,632
42.5519,-71.7558,1134
47.3864,-92.8389,13
42.1594,-76.8919,2223
18.2550,-65.6408,1211
40.3300,-75.1225,800
39.4167,-118.7167,1056
41.0375,-81.4642,1637
33.4050,-118.4158,1927
43.1644,-95.2017,1406
34.8461,-82.3461,1343
30.7167,-87.0167,1431
42.4167,-87.8667,1408
60.4889,-145.4511,1239
18.3331,-64.9667,918
37.7064,-112.1456,1606
41.5333,-71.2833,456
42.4933,-79.2722,550
44.0219,-82.7931,2347
47.4667,-87.8833,139
40.7342,-73.4169,17
41.0136,-83.6686,1517
59.4433,-151.7017,1111
42.1578,-72.7161,245
38.5000,-77.3000,1208
42.7172,-71.1239,38
26.5361,-81.7550,1532
45.8258,-119.2611,1902
34.7000,-77.3833,1258
45.6194,-121.1661,1508
41.2003,-74.6231,924
32.8167,-115.6833,1058
44.3675,-71.5450,2
30.4000,-81.4167,1829
38.9833,-76.4667,2257
35.5144,-108.7939,957
64.5500,-149.0717,503
40.2383,-75.5572,205
37.1681,-97.0369,538
27.9106,-82.6875,1524
45.8183,-88.1144,313
27.5000,-97.8167,1120
30.3433,-89.8222,1314
35.0169,-80.6206,1402
59.4556,-135.3239,1708
40.3547,-79.9217,2028
41.5631,-83.4764,2218
46.9006,-95.0678,51
7.4500,151.8333,2234
61.5961,-149.0917,1935
39.3644,-84.5247,1720
48.1203,-123.4983,1530
31.6072,-110.4281,1610
35.1350,-90.2344,1102
43.9636,-69.7117,152
35.9333,-79.0642,1419
48.5222,-123.0231,1136
39.2956,-80.2289,2138
41.6686,-70.2800,744
60.1283,-149.4167,1247
41.0669,-73.7075,608
59.7494,-154.9089,1208
34.9000,-76.8833,1504
62.1592,-145.4589,1619
42.1094,-77.9919,2113
42.1908,-71.1736,349
36.7436,-108.2292,1405
47.9078,-122.2803,1300
35.6169,-106.0889,1913
40.8731,-81.8867,1524
46.4167,-86.6500,1606
40.8217,-72.8689,152
17.7028,-64.8056,1048
42.4700,-71.2894,2
41.6764,-70.9583,237
41.3497,-71.7989,243
40.6161,-83.0636,2249
43.2339,-75.4117,409
30.0494,-90.0289,1219
36.7414,-104.5022,0
56.6000,-169.5650,2310
39.2775,-120.7103,1332
30.4000,-86.4717,1205
46.0261,-91.4442,5
42.4092,-83.0100,2313
41.7781,-80.6958,2335
31.3500,-85.6667,1345
41.6875,-69.9933,246
41.7361,-72.6506,25
32.7667,-97.4500,902
36.6950,-76.1356,1423
55.3567,-131.7117,1318
41.7861,-87.7522,1624
66.0689,-162.7639,1536
41.3461,-82.1794,1647
58.3567,-134.5639,1019
47.4569,-115.6450,1435
34.2486,-82.1592,1742
62.9614,-141.9292,150
35.0028,-105.6628,1536
36.8167,-76.0333,1136
47.4933,-122.2144,1524
30.5069,-86.9597,1143
32.7000,-117.2000,1530
24.5833,-81.6833,1623
32.5500,-88.5667,2332
47.2675,-122.5761,1242
39.7556,-82.6572,1819
32.4833,-80.7167,1828
64.7767,-141.1483,1859
