45.8981,-86.5483,116
46.2314,-112.1136,152
39.4206,-79.0050,143
38.6644,-94.8900,134
47.2753,-88.4169,94
40.1100,-87.9567,143
35.5953,-82.5567,156
39.7506,-92.5064,148
30.5347,-94.4456,85
41.8161,-80.4250,134
33.8225,-108.9417,89
37.1317,-86.1481,148
39.8814,-77.3506,116
39.7750,-105.1169,98
47.2919,-88.4208,152
40.5764,-105.0858,72
39.7194,-76.8028,134
45.6656,-97.0392,125
44.4933,-68.4583,76
34.6242,-106.3103,170
38.5039,-95.7036,192
35.1375,-77.9892,107
34.2183,-116.4072,165
34.1206,-115.8500,121
45.4525,-99.3358,188
42.3997,-89.9903,130
61.5889,-149.0992,22
42.2947,-83.7108,139
47.0083,-88.4317,161
41.7392,-77.9711,107
39.0733,-93.7075,156
47.8306,-110.6608,54
40.8250,-92.8925,148
40.9656,-105.2186,112
61.2967,-149.4400,85
39.1439,-103.4897,183
61.1025,-149.7169,94
40.8600,-102.8031,112
48.0750,-111.2597,18
48.9981,-110.2158,45
40.6558,-97.2208,188
48.4628,-108.7792,31
45.0961,-112.0856,49
34.7994,-109.8850,228
35.0761,-89.7430,139
41.2847,-105.5319,94
