41.3336,-75.7269,1
38.8169,-92.2183,1
35.8181,-83.9858,1
29.6381,-95.2819,1
42.8939,-85.5447,1
38.6844,-82.1836,1
33.9481,-83.3275,1
45.7728,-122.8611,1
33.4825,-90.9853,1
34.0500,-94.4008,1
32.2997,-86.4075,1
33.9486,-81.1186,1
38.1386,-78.4530,1
41.6961,-78.4878,1
30.4922,-83.7833,1
41.5833,-81.1833,1
31.6189,-97.2283,1
33.5872,-85.8556,1
39.3450,-81.4392,1
42.0800,-80.1825,1
41.1733,-86.7572,1
33.0375,-116.9158,1
30.3489,-85.7881,1
40.1764,-80.6472,1
41.1389,-75.3794,1
44.9358,-74.8458,1
39.9061,-84.2186,1
43.3392,-78.3892,1
39.6728,-75.6008,1
38.8853,-79.8528,1
34.6111,-82.7269,1
38.1847,-84.9033,1
27.7839,-97.5108,1
29.3783,-100.9269,1
42.4422,-76.7586,1
38.9408,-77.4636,1
41.7072,-86.3164,1
40.4397,-82.3039,1
56.8056,-132.9372,1
38.5714,-90.1572,1
29.5189,-95.2417,1
41.1583,-73.1289,1
39.7739,-75.5414,1
35.7425,-81.3819,1
43.5697,-76.1164,1
43.1111,-76.1039,1
42.5497,-78.5767,1
39.4019,-77.9844,1
26.7897,-81.3045,1
37.2622,-104.3378,1
41.9300,-79.2969,1
40.8203,-82.5178,1
33.7792,-84.5214,1
38.2281,-85.6636,1
32.3206,-90.0778,1
32.1669,-92.1075,1
44.3853,-74.2067,1
29.5442,-98.4839,1
38.6572,-90.6558,1
19.7192,-155.0531,1
30.4781,-87.1869,1
41.1314,-81.4492,1
57.1553,-170.2222,1
32.8192,-97.3614,1
38.9886,-85.5858,1
29.9506,-94.0206,1
37.5794,-81.3264,1
38.3406,-75.5103,1
30.0747,-99.1081,1
40.5800,-85.6586,1
41.7003,-77.3872,1
38.7525,-90.3736,1
33.4964,-90.0867,1
39.2292,-106.3169,1
34.7544,-83.0750,1
42.2706,-71.8731,1
40.0739,-87.5067,1
39.5781,-85.8033,1
48.1739,-103.6367,1
44.1278,-123.2206,1
35.0311,-85.2014,1
41.3375,-84.4289,1
29.3600,-99.1742,1
37.6703,-95.4842,1
45.7881,-111.1608,1
41.8564,-71.7333,1
33.2194,-117.3494,1
39.8328,-104.6575,1
42.8153,-108.7261,1
28.7247,-96.2536,1
30.5892,-96.3647,1
39.8683,-75.2311,1
41.1644,-84.8483,1
40.2964,-78.3203,1
28.1011,-80.6439,1
30.3361,-81.5147,1
28.8614,-96.9303,1
47.2856,-68.3133,1
37.9406,-75.4631,1
40.6386,-73.7622,1
43.2419,-77.3883,1
30.6264,-89.0550,1
41.5886,-83.8014,1
39.1667,-76.6833,1
42.0744,-88.7075,1
36.1189,-86.6892,1
32.3367,-90.2214,1
37.2958,-81.2078,1
32.6847,-83.6528,1
33.2208,-92.8142,1
42.9486,-78.7369,1
34.2719,-83.8303,1
29.9933,-90.2511,1
30.1831,-97.6800,1
39.9914,-82.8808,1
36.2833,-94.3000,1
37.3169,-104.9503,1
41.6397,-84.9897,1
31.5358,-82.5067,1
39.2447,-102.2842,1
39.3669,-101.7000,1
39.6428,-79.9164,1
40.7083,-84.0267,1
38.1311,-91.7683,1
41.2544,-80.6739,1
43.0583,-77.0689,1
45.5114,-118.4247,1
34.6439,-86.7861,1
34.8831,-82.2203,1
28.0836,-97.0464,1
39.5703,-104.8489,1
28.4339,-81.3250,1
39.9422,-83.8053,1
40.2769,-74.8158,1
41.6569,-69.9589,1
43.1158,-85.5642,1
32.7817,-98.0603,1
36.6239,-87.4194,1
40.0506,-86.5744,1
41.8056,-107.1997,1
48.7167,-111.4747,1
38.0408,-84.6058,1
37.6336,-83.7161,1
15.1167,145.7167,1
43.9331,-86.2453,1
36.2667,-93.1567,1
40.3667,-75.9667,1
37.5908,-83.3131,1
46.1236,-67.7928,1
34.3478,-85.1611,1
42.2314,-83.3308,1
27.4014,-82.5586,1
42.1469,-121.7242,1
33.8750,-84.3022,1
34.4047,-82.2489,1
45.6478,-68.6925,1
32.3347,-88.7442,1
41.1014,-102.9847,1
34.6525,-86.9453,1
35.5931,-88.9167,1
46.9733,-122.9033,1
37.2253,-89.5706,1
42.2417,-83.6933,1
39.5514,-97.6508,1
31.2361,-94.7544,1
59.5119,-139.6711,1
38.3650,-82.5550,1
40.1100,-87.9567,1
45.3581,-86.8911,1
39.1661,-85.9228,1
30.4844,-81.7019,1
30.2050,-91.9875,1
27.7628,-82.6261,1
45.4353,-67.7214,1
66.8667,-162.6333,1
32.0311,-96.3989,1
41.8161,-80.4250,1
45.1947,-123.1339,1
42.1608,-71.2461,1
39.1742,-86.5214,1
40.5019,-80.0833,1
35.1072,-82.6256,1
39.7078,-77.7297,1
46.9728,-123.9303,1
45.6906,-118.8528,1
42.5242,-71.1264,1
42.3297,-78.4633,1
29.6222,-95.6564,1
38.1811,-85.7392,1
32.6808,-96.8681,1
29.2733,-94.8592,1
45.5908,-122.6003,1
42.8417,-75.7264,1
31.3214,-85.4497,1
27.4981,-80.3767,1
39.7750,-105.1169,1
36.0236,-84.2375,1
41.3119,-105.6747,1
38.0264,-107.6725,1
30.7825,-83.2767,1
34.1231,-84.8486,1
40.8483,-84.9300,1
41.6267,-73.8842,1
36.4731,-82.4044,1
35.9508,-85.0814,1
40.3161,-78.8339,1
45.5406,-122.9486,1
42.7461,-86.0967,1
39.4519,-87.3089,1
30.3208,-97.7603,1
40.9167,-81.4333,1
43.1167,-77.6767,1
55.0389,-131.5786,1
40.4719,-81.4236,1
39.2231,-106.8683,1
40.6508,-75.4492,1
32.5156,-92.0406,1
38.9286,-90.4281,1
40.8500,-74.0614,1
41.9381,-72.6825,1
41.9003,-79.8611,1
31.9514,-85.1289,1
27.7411,-98.0247,1
40.4847,-80.2144,1
30.8356,-85.1839,1
39.1333,-86.6167,1
33.2119,-87.6161,1
41.1736,-85.0672,1
43.4622,-76.4933,1
41.0489,-77.9411,1
45.5511,-122.4089,1
42.4647,-79.0031,1
41.7681,-74.1550,1
38.3794,-81.5900,1
41.4914,-120.5644,1
42.3075,-85.2511,1
44.3206,-69.7972,1
39.4494,-74.5672,1
41.0669,-73.7075,1
39.7075,-86.2803,1
42.3606,-71.0106,1
40.4953,-107.5211,1
28.4567,-99.2183,1
41.2486,-76.9833,1
31.8606,-86.0122,1
42.1244,-86.4267,1
41.6267,-71.2092,1
40.7789,-73.9692,1
30.0375,-91.8839,1
42.9461,-78.8367,1
31.5356,-84.1944,1
40.6825,-74.1694,1
42.2667,-84.4667,1
43.0661,-108.4767,1
43.5753,-75.5208,1
42.9667,-83.7494,1
42.7392,-78.5878,1
36.8781,-91.9025,1
42.4272,-73.2892,1
46.8706,-68.0172,1
39.7194,-76.8028,1
44.9050,-123.0011,1
38.7642,-87.6056,1
26.1658,-97.3458,1
41.1922,-79.4361,1
39.4781,-88.2803,1
35.4606,-81.3289,1
40.1936,-76.7633,1
42.4669,-83.3625,1
38.8483,-77.0342,1
55.5800,-133.0750,1
37.0683,-88.7725,1
39.2728,-79.3683,1
33.6361,-91.7556,1
37.0872,-84.0769,1
30.6794,-88.2397,1
34.4978,-82.7097,1
38.5911,-92.1558,1
43.3500,-73.6167,1
36.9647,-86.4239,1
26.8400,-81.0872,1
39.0431,-84.6717,1
30.1250,-93.2158,1
40.9706,-85.2064,1
40.2342,-85.3936,1
40.7794,-73.8803,1
26.5850,-81.8614,1
29.3389,-98.4719,1
37.7836,-81.1231,1
41.2433,-76.9217,1
30.3975,-84.3289,1
39.7833,-79.9167,1
41.4792,-79.4433,1
30.0675,-95.5561,1
34.7442,-87.5997,1
37.0683,-88.7719,1
30.3567,-95.4139,1
36.0097,-94.1694,1
40.5972,-79.1186,1
36.3689,-92.4703,1
42.2472,-78.8125,1
30.3961,-84.3556,1
43.9922,-76.0217,1
42.7803,-84.5789,1
32.1300,-81.2100,1
30.5372,-91.1469,1
35.4319,-82.5375,1
32.8986,-80.0403,1
41.7803,-124.2367,1
43.4361,-75.3697,1
30.7439,-95.5861,1
45.3614,-84.9511,1
41.7392,-77.9711,1
38.0442,-87.5206,1
55.2208,-162.7325,1
41.5272,-85.7922,1
43.5331,-84.0797,1
39.8800,-86.0514,1
56.3511,-133.6264,1
40.4350,-105.0850,1
44.3592,-84.6739,1
47.9375,-124.5550,1
32.3500,-91.0278,1
45.9997,-121.5403,1
41.1783,-78.8989,1
29.7036,-98.0281,1
39.9444,-81.8922,1
41.0172,-80.3614,1
46.1569,-123.8825,1
25.9156,-97.4186,1
42.7431,-73.8092,1
37.7797,-89.2497,1
40.1667,-103.2167,1
36.5764,-92.6767,1
30.7342,-85.0306,1
42.6422,-85.2875,1
42.6856,-78.2203,1
39.8544,-84.8778,1
44.2667,-71.2994,1
29.1828,-81.0483,1
27.5333,-99.4667,1
40.6653,-86.9550,1
41.8031,-78.6403,1
26.9172,-81.9914,1
42.6472,-78.7111,1
71.2833,-156.7814,1
29.6919,-82.2756,1
31.3347,-92.5586,1
30.9539,-85.8831,1
42.1997,-75.9850,1
47.4444,-122.3139,1
26.1522,-81.7753,1
45.2486,-122.7686,1
34.8814,-82.7189,1
45.6208,-122.6572,1
38.6661,-78.3728,1
38.8100,-104.6883,1
37.6694,-79.2775,1
42.8914,-73.2469,1
41.7219,-71.4325,1
25.5011,-80.5500,1
37.2353,-93.4003,1
43.1003,-78.9436,1
42.2947,-83.7108,1
39.3756,-99.8297,1
42.4264,-78.1919,1
35.5453,-82.6986,1
41.4131,-81.8600,1
42.3108,-78.0231,1
29.7333,-85.0333,1
44.2839,-83.5036,1
36.7725,-90.3247,1
30.6036,-92.7739,1
39.7736,-94.9233,1
36.0969,-79.9433,1
33.3633,-84.5658,1
42.2347,-85.5519,1
40.7939,-73.1017,1
43.1711,-86.2367,1
40.6142,-79.7192,1
33.5656,-86.7450,1
44.7978,-68.8186,1
33.6300,-84.4417,1
39.6667,-80.8667,1
29.1097,-95.4619,1
40.2914,-82.6547,1
37.1467,-94.5022,1
41.3589,-85.6997,1
40.4122,-86.9369,1
33.1783,-86.7817,1
30.5347,-94.4456,1
39.8250,-86.2958,1
