46.2400,-117.3900,198
36.0300,-106.8100,67
36.2500,-115.6300,199
44.2100,-110.6700,263
36.3100,-115.6800,180
36.1300,-105.5300,259
36.9900,-105.2600,177
43.7600,-116.1000,116
43.7300,-113.8300,159
39.2900,-117.1100,182
39.4300,-120.3100,234
40.3000,-111.2600,249
36.7900,-105.2400,291
44.3800,-116.3400,162
38.4000,-119.5400,194
35.9200,-106.3900,204
39.3600,-106.0600,208
36.9600,-106.6600,165
43.8000,-114.8500,0
39.1900,-120.2600,261
44.7900,-116.0900,168
43.7600,-115.2400,155
36.1900,-105.5600,61
40.8300,-111.7600,91
40.5300,-106.7800,55
36.8600,-106.2300,18
36.5100,-106.3200,13
39.3100,-111.4300,285
35.7700,-105.7800,168
41.4000,-107.2600,172
35.3400,-111.6500,268
39.8000,-106.0300,229
36.0000,-106.8300,292
36.0700,-105.6300,257
36.7200,-106.2600,196
48.7200,-116.4600,156
