39.5264,-107.7264,31
41.4914,-120.5644,39
33.9706,-80.9958,33
39.3644,-84.5247,56
38.3406,-75.5103,36
30.4000,-86.4717,26
25.9069,-80.2803,51
39.4494,-74.5672,27
46.7994,-102.7972,32
47.9375,-124.5550,26
48.7939,-122.5372,42
40.9706,-85.2064,107
42.8783,-100.5500,37
41.3461,-82.1794,89
38.0442,-87.5206,39
38.3775,-121.9575,17
42.8939,-85.5447,86
32.3206,-90.0778,30
39.1033,-84.4189,60
34.3478,-85.1611,22
40.8206,-76.8642,25
44.5169,-108.0822,17
43.7300,-113.8300,9
40.8600,-102.8031,27
42.1997,-75.9850,50
30.6794,-88.2397,32
30.7167,-87.0167,28
34.5183,-109.3792,42
46.3583,-104.2500,18
36.6239,-87.4194,35
32.1300,-81.2100,40
36.2967,-99.7689,35
38.3000,-76.4167,21
39.8328,-104.6575,38
40.6675,-89.6839,60
35.6875,-117.6931,22
39.1342,-108.5400,37
44.9047,-97.1494,47
45.4353,-67.7214,18
37.5908,-83.3131,30
59.6419,-151.4908,19
41.4653,-90.5233,74
35.0281,-110.7208,23
30.9119,-102.9167,64
32.1314,-110.9553,28
41.7803,-124.2367,22
37.5050,-77.3203,41
34.2486,-82.1592,43
42.5906,-117.8644,40
34.8461,-82.3461,51
36.9839,-77.0075,24
37.0872,-84.0769,45
42.2314,-83.3308,85
39.5703,-104.8489,34
30.3208,-97.7603,22
70.6392,-159.9950,31
62.3200,-150.0950,15
24.5833,-81.6833,67
33.8117,-78.7239,66
30.0375,-91.8839,29
41.2544,-80.6739,72
48.0944,-105.5744,26
70.1917,-148.4772,19
45.6478,-68.6925,19
41.8678,-84.0794,79
46.5486,-90.9189,27
32.7800,-79.9319,50
34.7336,-76.6606,61
41.9144,-88.2464,76
42.6958,-73.1708,42
34.5467,-93.5781,8
39.0083,-95.2117,33
35.2236,-80.9553,54
36.0394,-95.9844,13
37.7461,-97.2211,30
7.0833,171.3833,45
39.4203,-83.8217,79
42.2333,-83.5333,92
43.8339,-111.8045,28
45.2486,-122.7686,28
31.9433,-102.1889,61
30.4781,-87.1869,45
41.1961,-112.0114,25
37.2847,-120.5128,29
38.8853,-79.8528,48
55.2208,-162.7325,92
36.4486,-103.1539,64
45.6983,-110.4408,60
42.3200,-120.8300,13
37.1319,-76.4930,43
29.9800,-95.3600,26
41.8706,-103.5931,23
43.9906,-70.9475,11
33.7792,-84.5214,27
48.6033,-112.3753,65
39.1258,-123.2008,12
40.2064,-100.5914,42
38.7525,-90.3736,65
45.8258,-119.2611,29
35.0311,-85.2014,32
36.5100,-106.3200,356
40.2769,-74.8158,30
42.5842,-70.9175,26
30.3361,-81.5147,30
40.8436,-72.6322,31
31.2361,-94.7544,26
30.3503,-81.8831,21
36.2667,-93.1567,29
38.8169,-92.2183,51
41.5092,-74.2650,29
47.9078,-122.2803,62
39.7053,-105.6997,0
39.4206,-79.0050,9
47.4933,-122.2144,31
40.9656,-105.2186,9
36.1306,-80.5481,13
30.3975,-84.3289,24
39.1019,-121.5678,17
42.5700,-72.2911,21
38.5911,-92.1558,40
45.1947,-123.1339,35
41.6264,-80.2150,54
37.3169,-79.9742,30
71.2833,-156.7814,28
27.6531,-80.2428,55
48.7167,-94.6000,41
39.4717,-76.1697,27
42.7172,-71.1239,23
59.2433,-135.5094,47
36.3100,-115.6800,1
31.3347,-92.5586,30
42.7461,-86.0967,72
27.7628,-82.6261,41
47.4569,-115.6450,33
59.5119,-139.6711,35
34.6439,-86.7861,35
40.9611,-98.3136,47
36.6817,-101.5053,43
44.0511,-101.6011,29
59.4556,-135.3239,38
40.1606,-113.3508,16
41.2433,-76.9217,29
43.5164,-112.0672,33
38.5069,-121.4950,10
42.2706,-71.8731,44
32.5722,-116.9794,20
38.0653,-97.8606,24
39.1900,-120.2600,34
36.6206,-116.0278,24
46.0947,-118.2869,26
33.9486,-81.1186,42
34.6294,-118.0836,30
42.7611,-87.8136,46
41.1389,-75.3794,47
35.2578,-93.0947,15
18.3331,-64.9667,55
33.4278,-112.0039,24
45.6044,-103.5464,34
45.7881,-111.1608,22
39.7333,-77.4333,5
34.9883,-117.8647,22
45.0800,-117.5500,10
41.7806,-122.4717,24
40.8508,-96.7475,46
32.7667,-97.4500,35
24.5550,-81.7522,61
46.4267,-105.8825,36
38.9597,-94.3714,39
44.3814,-106.7211,38
44.4983,-88.1111,58
44.5483,-95.0803,50
36.0700,-105.6300,10
41.5333,-71.2833,25
37.6542,-122.1150,27
36.0236,-84.2375,22
41.3275,-72.0494,26
31.1500,-92.9667,13
40.6161,-83.0636,84
45.6208,-122.6572,23
34.7411,-118.2117,41
29.6333,-83.1053,20
40.1519,-122.2536,28
41.5339,-93.6531,47
32.8547,-109.6353,27
35.0419,-106.6156,71
47.2381,-123.1408,33
40.1936,-76.7633,24
43.0206,-102.5183,28
39.4300,-120.3100,7
13.4836,144.7961,64
42.7972,-105.3856,13
47.4444,-122.3139,46
41.5097,-72.8278,22
40.1550,-103.1417,31
46.5683,-120.5428,45
40.1203,-76.2944,23
48.1739,-103.6367,20
34.6719,-82.8864,25
38.1847,-84.9033,47
55.3567,-131.7117,61
64.8039,-147.8761,18
36.1189,-86.6892,32
37.6703,-95.4842,28
26.0719,-80.1536,59
34.0561,-117.6003,26
28.0836,-97.0464,40
61.2169,-149.8550,17
38.5714,-90.1572,57
44.6381,-90.1875,54
39.7750,-105.1169,0
39.3600,-106.0600,6
43.5950,-118.9564,34
42.0572,-102.8000,34
19.7356,-156.0489,36
39.7194,-76.8028,45
48.3042,-114.2636,41
41.7861,-87.7522,80
38.9408,-77.4636,26
32.5428,-93.7450,25
33.0375,-116.9158,21
29.6919,-82.2756,26
33.9381,-118.3889,35
44.3394,-105.5419,39
36.4731,-82.4044,39
39.9181,-76.8742,26
47.3000,-121.6000,18
33.6228,-111.9106,7
28.8614,-96.9303,38
34.6525,-86.9453,34
31.3558,-85.7511,24
40.6508,-75.4492,23
40.4847,-80.2144,56
38.0700,-102.6881,55
39.4019,-77.9844,25
40.5100,-101.6200,47
40.0819,-75.0111,35
34.4272,-100.2831,39
43.0303,-78.1692,174
32.9733,-97.3181,34
9.4833,138.0833,23
44.3592,-84.6739,72
42.6003,-123.3642,36
27.5333,-99.4667,43
47.9428,-97.1839,43
34.7000,-77.3833,46
38.8500,-94.7392,30
34.7442,-87.5997,31
42.4700,-71.2894,29
48.4608,-119.5167,36
32.5161,-84.9422,20
47.0339,-120.5303,21
35.2372,-120.6414,32
30.4844,-81.7019,29
41.1214,-100.6694,35
39.9492,-74.8417,24
39.1208,-94.5969,35
48.8700,-121.7900,0
43.7600,-115.2400,10
37.2839,-98.5528,24
30.8356,-85.1839,30
28.4736,-82.4544,25
42.4819,-114.4869,32
44.2100,-110.6700,17
40.7833,-91.1253,56
43.7694,-87.8506,51
37.7214,-122.2208,29
38.8317,-94.8897,34
61.1689,-150.0278,40
38.3650,-82.5550,43
35.9508,-85.0814,34
36.6636,-121.6081,28
39.2972,-94.7306,45
37.3278,-95.5042,13
38.1386,-78.4530,26
45.9647,-112.5006,22
35.0761,-89.7430,45
32.6636,-97.0939,43
37.9406,-75.4631,43
36.1300,-105.5300,7
44.7900,-116.0900,17
28.1011,-80.6439,49
32.3847,-94.7117,27
45.6906,-118.8528,36
38.9503,-95.6639,34
35.2100,-99.1200,34
30.4636,-88.5319,22
35.8922,-78.7819,61
31.4208,-110.8458,28
30.1250,-93.2158,26
32.0311,-96.3989,32
47.0492,-109.4578,35
32.6847,-83.6528,21
62.1592,-145.4589,34
32.2997,-86.4075,20
28.4567,-99.2183,46
31.9206,-102.3867,65
48.7200,-116.4600,23
32.6261,-116.4681,36
58.3567,-134.5639,60
38.2900,-104.4983,31
41.8031,-78.6403,53
30.1831,-97.6800,48
42.0800,-80.1825,87
39.8447,-89.6839,78
39.7736,-94.9233,42
43.1711,-86.2367,61
44.0206,-117.0128,25
40.3000,-111.2600,10
36.2500,-115.6300,11
40.8217,-72.8689,24
39.4900,-121.6183,25
46.9253,-96.8111,53
40.0781,-83.0781,73
35.3889,-97.6006,32
40.0972,-92.5433,50
40.6331,-93.9019,61
34.6081,-79.0592,48
34.1231,-84.8486,13
32.8978,-97.0189,39
41.5886,-83.8014,89
34.7436,-118.7242,56
40.1100,-87.9567,94
34.0511,-118.2353,7
36.8600,-106.2300,263
35.1350,-90.2344,34
34.2008,-119.2069,29
41.0089,-74.7367,22
26.1522,-81.7753,33
41.7361,-72.6506,25
41.0136,-83.6686,107
35.1967,-81.1558,41
39.2292,-106.3169,26
32.8167,-115.6833,27
60.5797,-151.2392,35
36.3200,-115.7000,8
33.8719,-117.9789,16
36.0167,-102.5500,49
42.4167,-87.8667,46
37.6544,-97.4425,21
37.3208,-79.2067,22
36.2833,-94.3000,20
31.8311,-104.8089,106
63.9944,-145.7214,30
39.3669,-101.7000,58
39.6428,-79.9164,39
42.3075,-85.2511,79
45.5908,-122.6003,41
40.7781,-111.9694,22
44.3592,-89.8369,43
30.0675,-95.5561,19
40.1667,-103.2167,48
34.2675,-77.8997,64
66.8667,-162.6333,17
32.3542,-95.4025,30
45.5511,-122.4089,34
38.9833,-76.4667,17
35.9200,-106.3900,4
41.1783,-78.8989,71
35.0678,-77.0481,52
39.0431,-84.6717,64
33.4669,-82.0386,34
34.9000,-76.8833,69
30.5069,-86.9597,39
40.6386,-73.7622,37
43.8000,-114.8500,10
44.2033,-72.5794,48
38.3083,-75.1239,33
38.6956,-121.5897,17
43.4133,-124.2436,42
36.8781,-91.9025,40
41.7700,-88.4814,88
41.6267,-73.8842,21
43.0661,-108.4767,30
7.4500,151.8333,29
33.6542,-101.8136,54
40.3667,-75.9667,16
45.6308,-89.4653,36
43.9844,-88.5569,51
36.7414,-104.5022,52
58.6794,-156.6294,76
45.6689,-96.9914,57
43.5878,-96.7289,40
46.1236,-67.7928,38
45.0717,-83.5644,58
43.6264,-72.3047,26
28.5453,-81.3331,25
43.1111,-76.1039,62
46.8706,-68.0172,55
39.6728,-75.6008,30
39.5514,-97.6508,45
42.5417,-113.7661,16
48.3500,-122.6667,68
47.1686,-88.4889,63
38.7550,-109.7542,20
32.4506,-93.8411,38
34.7272,-92.2389,26
41.2639,-72.8872,19
38.5000,-77.3000,30
25.7906,-80.3164,51
34.4258,-119.8425,23
44.8428,-117.8086,34
46.8369,-92.2097,45
33.4050,-118.4158,34
31.4583,-109.6061,43
36.9033,-76.1922,56
38.5039,-122.8103,17
34.9914,-78.8803,57
33.1281,-117.2794,18
32.3336,-104.2581,32
40.9167,-81.4333,76
41.5631,-83.4764,101
46.9728,-123.9303,47
48.1203,-123.4983,20
29.3331,-89.4075,25
42.9600,-121.1800,7
31.8606,-86.0122,25
39.9914,-82.8808,70
42.9333,-71.4383,15
31.1522,-81.3908,36
44.5228,-114.2150,14
41.6875,-69.9933,37
42.1469,-121.7242,26
44.6500,-73.4667,61
41.2731,-111.0306,30
31.5356,-84.1944,27
33.9753,-117.6361,20
44.2667,-71.2994,262
31.3214,-85.4497,30
41.4000,-107.2600,8
32.3500,-91.0278,35
47.3600,-121.5700,9
43.8789,-91.2528,35
46.1569,-123.8825,45
39.6092,-110.7547,28
35.8550,-77.8931,55
46.4047,-94.1308,42
57.1553,-170.2222,41
41.0669,-73.7075,26
42.6650,-83.4181,85
32.8192,-97.3614,38
43.1167,-77.6767,94
30.2333,-81.6667,38
42.4100,-121.6800,21
35.7800,-105.5400,4
34.1853,-79.7239,48
43.2339,-75.4117,56
44.3675,-71.5450,26
36.0719,-115.1633,32
42.3606,-71.0106,36
31.6072,-110.4281,40
34.7917,-79.3661,56
39.7078,-77.7297,33
44.9319,-93.0556,31
42.9203,-112.5711,26
43.5667,-116.2406,43
41.7419,-72.1836,22
31.6189,-97.2283,37
44.5344,-72.6144,31
38.7642,-87.6056,64
32.7336,-117.1831,24
30.3433,-89.8222,22
46.6056,-111.9636,25
29.5622,-91.5256,12
41.6117,-90.5808,78
41.2003,-74.6231,23
48.5428,-109.7633,45
46.9006,-95.0678,47
28.9844,-95.3808,18
38.9286,-90.4281,70
32.8986,-80.0403,47
41.3336,-75.7269,25
35.6697,-120.6283,23
40.0681,-118.5692,25
39.9444,-81.8922,57
60.4889,-145.4511,20
40.8289,-115.7886,17
32.7100,-96.2672,34
35.8181,-83.9858,57
35.0169,-80.6206,56
28.8208,-81.8097,27
45.5464,-100.4078,34
43.7331,-103.6114,22
42.1594,-76.8919,40
30.2050,-91.9875,27
41.8833,-91.7167,71
43.2781,-70.9222,9
27.7411,-98.0247,31
31.4156,-87.0442,26
44.8889,-116.1017,24
36.1336,-80.2222,30
29.3600,-99.1742,47
29.7333,-85.0333,27
38.8761,-98.8092,43
34.5583,-98.4172,33
41.7636,-96.1778,51
44.7978,-68.8186,30
39.2900,-117.1100,10
39.5781,-85.8033,82
47.7472,-90.3444,31
17.7028,-64.8056,66
70.2117,-151.0017,17
40.0803,-95.5919,52
41.6764,-70.9583,33
45.5644,-84.7928,65
41.9922,-93.6217,59
61.1000,-149.6936,22
42.4933,-79.2722,102
41.3103,-95.8992,39
38.8000,-97.6500,24
42.8375,-103.0953,32
33.6267,-116.1594,39
39.3100,-111.4300,16
48.2138,-106.6213,50
36.9900,-105.2600,14
48.5614,-93.3981,37
29.1828,-81.0483,22
46.9208,-114.0925,22
15.1167,145.7167,81
37.7797,-89.2497,43
25.9156,-97.4186,38
32.8519,-96.8556,38
30.4119,-89.0808,26
30.5372,-91.1469,25
32.3367,-90.2214,25
60.1283,-149.4167,21
44.2558,-121.1392,41
36.0097,-94.1694,20
47.3258,-106.9475,32
33.9228,-118.3342,26
34.8994,-120.4486,30
37.4058,-122.0481,25
46.9733,-122.9033,35
36.1625,-97.0894,22
37.6197,-122.3647,45
40.3161,-78.8339,65
47.2675,-122.5761,39
40.5300,-106.7800,8
46.2400,-117.3900,11
47.4667,-87.8833,59
30.5892,-96.3647,38
41.5944,-109.0528,30
39.3667,-75.0667,17
37.0911,-95.5664,18
40.7939,-73.1017,32
36.9358,-121.7886,24
38.3794,-81.5900,49
38.6644,-94.8900,13
44.8322,-93.4706,43
42.1128,-92.9175,64
40.2342,-85.3936,88
47.8306,-110.6608,9
39.3450,-81.4392,52
41.4525,-87.0058,88
30.0481,-102.2131,49
39.2956,-80.2289,51
37.7064,-112.1456,38
43.1953,-71.5011,12
60.7850,-148.8389,31
39.3792,-74.4242,30
31.9514,-85.1289,12
55.5800,-133.0750,29
34.1750,-91.9347,41
41.1519,-104.8061,30
56.6000,-169.5650,71
34.6517,-112.4208,26
22.0333,-159.7833,23
43.1406,-89.3453,35
35.5953,-82.5567,18
45.5433,-94.0514,45
26.5361,-81.7550,29
34.2167,-119.0833,22
33.8750,-84.3022,31
33.2367,-107.2681,50
41.9381,-72.6825,26
31.2819,-89.2531,21
41.8161,-80.4250,45
40.4953,-107.5211,22
61.5961,-149.0917,34
33.9481,-83.3275,22
32.6500,-114.6167,18
32.2622,-107.7206,39
36.7900,-105.2400,1
39.7506,-92.5064,58
43.9636,-69.7117,14
44.7408,-85.5825,58
38.1311,-91.7683,44
34.8831,-82.2203,54
44.0219,-82.7931,67
34.2097,-118.4892,16
37.2622,-104.3378,52
36.7725,-90.3247,33
32.3347,-88.7442,31
38.6892,-75.3592,32
33.9519,-117.4386,17
40.8500,-74.0614,28
35.7425,-81.3819,45
36.8167,-76.0333,53
35.1822,-103.6031,47
59.7494,-154.9089,40
42.5519,-71.7558,16
43.9042,-92.4917,64
39.9061,-84.2186,88
41.5175,-81.6836,80
40.6825,-74.1694,36
37.3711,-118.3581,33
37.3031,-108.6275,29
33.4536,-94.0075,30
43.3500,-73.6167,36
44.1278,-123.2206,41
36.0969,-79.9433,57
32.5156,-92.0406,38
47.3978,-120.2014,26
33.5656,-86.7450,37
41.8756,-71.0211,23
39.7556,-82.6572,63
37.7836,-81.1231,50
43.2389,-123.3547,12
46.1442,-115.5964,9
42.5708,-77.7133,56
39.2953,-114.8467,38
30.5108,-99.7664,46
33.4617,-80.8581,42
42.7431,-73.8092,61
41.8056,-107.1997,28
47.2856,-68.3133,65
45.5114,-118.4247,5
46.7708,-100.7603,22
35.0564,-89.9864,31
43.7700,-88.4864,59
42.8153,-108.7261,22
21.3239,-157.9294,40
57.0481,-135.3647,38
43.1072,-78.9453,85
35.6542,-105.1419,59
43.9658,-107.9508,21
66.9161,-151.5089,35
25.6475,-80.4331,49
43.3436,-72.5178,16
40.8250,-92.8925,31
42.8914,-73.2469,37
36.7683,-96.0261,9
35.4111,-80.5833,0
29.7036,-98.0281,53
28.5083,-81.5467,0
48.2553,-101.2733,29
43.6497,-70.3003,22
39.8000,-106.0300,378
33.5872,-85.8556,22
45.4558,-98.4131,38
29.5442,-98.4839,40
39.2231,-106.8683,30
32.8342,-115.5786,27
29.5189,-95.2417,21
42.9550,-87.9044,55
31.8111,-106.3758,40
33.2061,-97.1989,41
34.3622,-98.9761,38
30.7406,-98.2353,38
21.4500,-157.7833,37
31.4000,-93.2833,22
45.2575,-112.5545,51
37.4389,-105.8614,44
43.9922,-76.0217,85
33.6361,-91.7556,22
36.6950,-76.1356,34
47.6831,-117.3214,30
44.3814,-100.2856,35
33.9786,-98.4928,43
31.3928,-92.2956,17
21.9839,-159.3405,66
44.3206,-69.7972,23
36.7200,-106.2600,7
62.9575,-155.6103,31
34.2719,-83.8303,35
18.2550,-65.6408,44
29.6381,-95.2819,26
57.7511,-152.4856,54
45.0319,-102.0192,40
42.8975,-106.4636,34
41.6686,-70.2800,35
33.4825,-90.9853,44
42.4092,-83.0100,71
39.8683,-75.2311,36
26.1839,-98.2539,35
60.7850,-161.8292,89
39.7075,-86.2803,89
35.0028,-105.6628,60
33.6800,-117.8664,21
39.4519,-87.3089,71
20.8997,-156.4286,64
40.8097,-124.1603,13
40.1764,-80.6472,68
45.0619,-93.3508,36
21.3167,-158.0667,16
59.4433,-151.7017,16
31.1828,-90.4708,24
37.9050,-93.3169,18
42.1094,-77.9919,71
37.7608,-99.9683,43
46.0139,-102.6547,22
29.6222,-95.6564,25
26.2500,-80.1083,53
41.3931,-70.6150,41
42.1908,-71.1736,25
42.1578,-72.7161,22
38.6572,-90.6558,50
34.9869,-81.0575,52
27.9106,-82.6875,34
37.1467,-94.5022,20
47.3078,-119.5153,44
33.3075,-104.5083,38
36.3689,-92.4703,22
37.0683,-88.7719,27
35.8517,-97.4142,22
40.4719,-81.4236,48
39.6014,-116.0056,30
44.3981,-98.2231,38
35.2333,-101.7089,44
40.9781,-124.1086,18
35.2325,-75.6219,46
38.1811,-85.7392,61
33.2208,-92.8142,26
55.0389,-131.5786,41
44.8664,-91.4878,36
47.3864,-92.8389,38
34.4978,-82.7097,46
29.9506,-94.0206,31
44.3853,-74.2067,64
36.7367,-97.1019,16
42.9667,-83.7494,87
41.5272,-85.7922,91
45.8069,-108.5422,37
62.9614,-141.9292,15
39.8344,-88.8656,76
64.5500,-149.0717,24
38.5050,-107.8975,38
40.0397,-88.2778,93
34.9894,-99.0525,35
42.7803,-84.5789,89
40.3547,-79.9217,62
-14.3306,-170.7136,51
36.9878,-120.1106,22
64.3267,-158.7417,19
33.2119,-87.6161,26
21.1544,-157.0961,58
32.4106,-99.6822,46
28.7247,-96.2536,36
36.0000,-106.8300,4
29.2733,-94.8592,33
39.2447,-102.2842,59
34.7500,-111.4100,6
39.3756,-99.8297,38
29.1097,-95.4619,22
44.5761,-71.1786,30
33.4964,-90.0867,30
30.3567,-95.4139,17
40.5175,-122.2986,17
30.3489,-85.7881,32
34.0158,-118.4514,23
40.7789,-73.9692,21
37.2353,-93.4003,24
44.9358,-74.8458,66
47.2078,-119.3192,43
40.7342,-73.4169,29
37.6928,-121.8144,18
43.7600,-116.1000,14
35.7700,-105.7800,4
33.6883,-112.0817,13
47.5303,-122.3008,38
41.3375,-84.4289,65
39.1353,-96.6778,24
31.7800,-103.2017,60
36.5881,-121.8453,23
6.9667,158.2167,20
37.2833,-102.6139,62
67.7317,-164.5483,137
36.7436,-108.2292,30
40.3300,-75.1225,22
46.7439,-117.1086,44
42.5544,-92.4011,57
41.7072,-86.3164,85
37.7086,-113.0944,30
45.0133,-84.7014,59
41.2531,-70.0608,49
36.2117,-115.1958,25
43.1561,-90.6775,39
42.1208,-87.9047,63
44.3800,-116.3400,22
34.2900,-93.0600,22
40.8731,-81.8867,75
42.0647,-104.1528,29
45.6194,-121.1661,35
39.5936,-84.2264,61
40.4422,-109.5144,20
33.1783,-86.7817,18
42.1244,-86.4267,71
30.4000,-81.4167,43
38.0494,-103.5122,27
35.5931,-88.9167,38
31.3711,-100.4922,56
34.7675,-114.6189,21
26.6847,-80.0994,57
27.9619,-82.5403,32
25.9989,-80.2411,49
45.8678,-95.3942,49
45.5406,-122.9486,33
42.3978,-90.7036,68
42.7267,-114.4564,39
30.6264,-88.0681,29
35.6169,-106.0889,60
41.4131,-81.8600,85
43.1544,-93.3269,64
42.8050,-72.0036,25
41.1014,-102.9847,46
47.4733,-111.3822,62
33.8117,-118.1464,24
35.5144,-108.7939,26
26.9172,-81.9914,30
37.6242,-120.9506,30
33.3644,-81.9633,38
38.7667,-104.3000,27
36.9600,-106.6600,10
43.7667,-98.0333,43
31.3072,-95.4508,40
37.3592,-121.9239,26
40.6044,-98.4272,46
27.4014,-82.5586,31
42.3914,-96.3792,39
36.1900,-105.5600,8
41.0731,-71.9233,25
31.5883,-110.3442,46
35.3331,-94.3625,20
46.3747,-117.0156,26
34.3447,-108.4922,0
45.8183,-88.1144,52
42.3811,-122.8722,23
41.1078,-92.4467,60
41.6236,-98.9517,38
40.6239,-74.6694,13
40.7083,-84.0267,101
40.8203,-82.5178,83
44.9258,-89.6256,43
35.4344,-119.0542,15
32.8158,-117.1394,23
39.1667,-76.6833,17
30.7044,-87.0231,24
43.4075,-94.7461,60
41.9856,-97.4353,45
31.3500,-85.6667,22
35.4319,-82.5375,46
7.3333,134.4833,14
35.9461,-112.1547,16
18.4325,-66.0108,47
33.6300,-84.4417,32
41.6328,-91.5431,64
46.4167,-86.6500,69
42.7900,-121.9800,5
40.2964,-78.3203,55
38.1417,-76.4292,17
40.7794,-73.8803,37
41.7219,-71.4325,31
42.4272,-73.2892,36
34.8822,-95.7831,34
46.4794,-84.3572,63
39.8233,-93.5792,31
41.0375,-81.4642,73
38.2281,-85.6636,47
41.3497,-71.7989,26
47.6217,-117.5281,41
41.3325,-122.3328,3
41.3714,-73.4828,26
64.5111,-165.4400,36
28.7797,-81.2436,30
27.5000,-97.8167,30
44.3744,-70.3164,13
44.5444,-110.4211,8
45.7728,-122.8611,23
46.2667,-119.1167,25
37.1431,-107.7597,22
27.7839,-97.5108,42
45.4622,-69.5953,30
42.2667,-84.4667,76
41.3119,-105.6747,31
44.0433,-103.0536,37
37.9917,-122.0550,26
26.2281,-97.6542,35
61.1781,-149.9664,25
32.7817,-98.0603,35
29.9933,-90.2511,27
35.1442,-111.6664,19
45.8619,-96.5650,54
32.8667,-117.1333,24
24.7258,-81.0517,38
43.3906,-99.8422,42
33.2194,-117.3494,17
34.2622,-88.7714,31
40.2172,-76.8514,24
35.8311,-90.6464,29
48.5222,-123.0231,21
41.9950,-87.9336,77
46.9258,-98.6692,38
42.2228,-83.7444,85
34.0500,-94.4008,17
43.1644,-95.2017,55
30.7797,-86.5225,22
39.9369,-91.1919,67
35.9333,-79.0642,20
40.4122,-86.9369,82
26.1658,-97.3458,42
37.8892,-121.2258,26
30.7439,-95.5861,14
37.2958,-81.2078,56
39.1894,-103.7158,38
29.3389,-98.4719,38
34.6242,-106.3103,0
36.9261,-111.4478,16
36.7800,-119.7194,25
28.4339,-81.3250,20
40.8764,-74.2831,16
39.0725,-95.6261,33
32.7000,-117.2000,30
35.2578,-113.9331,25
38.0511,-117.0903,37
40.8300,-111.7600,14
27.6833,-97.2833,49
35.5342,-97.6469,28
39.8250,-86.2958,65
44.8831,-93.2289,39
36.2606,-76.1750,56
38.7042,-93.1833,46
40.2383,-75.5572,19
34.8536,-116.7858,39
36.9500,-76.2833,43
35.6567,-95.3614,30
43.2119,-90.1814,41
44.1708,-114.9272,16
27.4981,-80.3767,52
41.1583,-73.1289,26
26.1969,-80.1708,53
28.0622,-81.7542,24
38.8483,-77.0342,31
42.6425,-77.0564,77
47.9742,-117.4283,30
34.2006,-118.3575,17
41.0467,-78.4117,41
38.2103,-122.2847,21
39.2775,-120.7103,25
32.6808,-96.8681,32
30.0494,-90.0289,34
41.9097,-70.7294,35
36.1994,-95.8872,18
33.6186,-114.7142,22
44.4683,-73.1500,77
38.8100,-104.6883,34
42.1928,-89.0931,68
36.0300,-106.8100,6
38.8983,-119.9947,20
33.8281,-116.5053,30
46.0261,-91.4442,23
36.9647,-86.4239,35
30.7825,-83.2767,15
37.9272,-100.7247,47
35.6575,-109.0614,21
44.7694,-106.9689,15
64.7767,-141.1483,8
66.0689,-162.7639,103
43.3497,-76.3847,60
39.3903,-94.5553,27
31.5358,-82.5067,27
19.7192,-155.0531,23
35.9403,-89.8308,37
42.9486,-78.7369,96
41.7781,-80.6958,68
38.4167,-113.0167,37
30.5844,-97.4156,63
29.3783,-100.9269,46
39.4781,-88.2803,74
35.6950,-101.3950,36
42.5844,-110.1075,23
38.0408,-84.6058,60
39.4167,-118.7167,28
26.5850,-81.8614,34
36.3333,-119.9500,34
47.6458,-101.4394,26
42.2347,-85.5519,77
40.0489,-107.8853,18
40.0228,-82.4625,69
37.7081,-77.4344,30
41.4333,-99.6333,41
33.3633,-84.5658,14
32.4833,-80.7167,33
41.7872,-111.8533,13
33.1803,-96.5903,32
36.5728,-79.3361,43
38.3306,-96.1897,33
38.4000,-119.5400,17
40.9017,-117.8081,37
44.9050,-123.0011,42
39.4839,-119.7711,34
42.5950,-87.9381,68
39.1333,-86.6167,56
37.2253,-89.5706,34
43.5331,-84.0797,101
