38.0047,-120.4864,83
38.5350,-121.7761,94
33.6731,-111.1508,122
40.7142,-122.4161,67
39.9000,-98.0256,39
33.7542,-99.1442,89
39.0422,-108.4664,39
35.4072,-104.1906,50
39.8114,-99.9386,22
34.9881,-120.3211,94
38.7978,-99.7231,22
28.4675,-98.2525,217
37.0683,-88.7725,117
40.1739,-101.0611,33
34.5989,-103.2161,33
37.1503,-104.5567,89
38.4917,-122.1242,67
36.8047,-107.6214,22
36.5508,-114.4581,72
40.2539,-85.1483,117
42.9592,-120.7897,44
36.0147,-85.1314,167
41.9342,-88.7756,67
35.6214,-88.8456,222
30.7053,-104.0233,89
38.4661,-101.7758,17
32.2822,-106.7597,106
26.8400,-81.0872,222
38.4931,-122.0047,89
40.4750,-86.9919,61
39.0744,-96.8983,72
29.4608,-101.0286,189
34.0828,-106.8831,11
39.4031,-99.4192,22
25.8175,-80.2858,222
35.0489,-97.9158,56
36.4622,-116.8669,128
37.6967,-93.7722,72
39.6619,-99.1228,39
39.0303,-76.9314,56
42.3806,-96.9575,28
44.1183,-121.2103,0
39.1172,-95.4097,89
34.5822,-119.9817,72
46.6722,-120.4994,44
47.0575,-109.9514,22
38.6644,-94.8900,156
46.0436,-118.4628,89
36.4711,-86.8414,178
43.5492,-71.4647,-178
48.4983,-109.8014,39
39.3925,-101.0689,33
33.7092,-93.5564,133
38.8586,-99.3358,22
34.7675,-106.7611,22
37.9050,-93.3169,89
40.6117,-122.5281,83
43.8544,-116.4664,-178
26.5581,-99.1372,217
45.9228,-108.2444,22
30.2003,-92.6642,217
35.2006,-103.6867,44
37.7967,-121.5828,111
35.4139,-86.8086,239
