38.3139,-81.7186,139
39.4708,-87.4081,122
42.2947,-83.7108,61
46.8706,-68.0172,0
39.4833,-83.8500,133
40.4719,-74.4364,67
38.8894,-86.5519,139
47.0575,-109.9514,72
40.2539,-85.1483,122
40.0739,-87.5067,133
35.6042,-91.2744,150
42.7831,-71.4147,-6
42.6006,-114.7453,78
32.5133,-92.3486,206
40.4750,-86.9919,100
43.9794,-117.0247,78
37.0683,-88.7725,144
34.1944,-79.2472,217
38.7386,-87.4878,139
40.7928,-87.7556,89
34.2183,-81.0731,217
40.1100,-87.9567,139
35.6214,-88.8456,189
34.7289,-80.0389,172
38.4558,-86.6983,144
32.9206,-86.6708,178
42.1397,-87.7853,72
28.8608,-97.0181,239
39.4700,-80.8572,133
36.7578,-90.4056,156
33.7775,-81.8467,200
44.8831,-85.6753,39
32.3500,-94.6500,206
41.0267,-86.5867,106
62.1925,-150.5033,6
34.1419,-80.8700,183
28.7156,-97.1742,217
28.4575,-97.7061,228
32.7547,-104.3836,128
37.9311,-98.0297,106
38.4661,-101.7758,117
41.1453,-85.4897,-6
37.9931,-100.8122,111
40.2233,-86.1086,167
37.8194,-85.3847,178
37.1244,-87.8672,72
44.4933,-68.4583,6
33.8083,-79.8567,194
64.9156,-148.2711,6
37.1167,-84.6167,111
41.8161,-80.4250,72
40.9361,-90.7197,100
41.4439,-86.9294,94
32.2822,-106.7597,178
46.3414,-86.9242,-6
37.1317,-86.1481,167
40.8142,-85.1547,67
42.3806,-96.9575,28
36.1306,-80.5481,128
38.5200,-89.8467,128
33.2564,-81.2422,156
45.0853,-67.1203,0
44.9847,-93.1772,11
38.7003,-82.4736,167
27.7792,-97.5056,228
