45.9336,-88.2583,1
44.8831,-93.2289,1
42.3092,-88.2533,1
44.9892,-70.6719,1
43.6750,-90.8078,1
44.3744,-70.3164,1
43.4386,-93.2253,1
45.4353,-67.7214,1
44.8297,-70.3936,1
44.2436,-112.2006,1
45.0908,-91.4864,1
43.6933,-92.3925,1
44.0139,-96.3258,1
45.8833,-91.0700,1
55.2208,-162.7325,1
45.3614,-84.9511,1
43.0453,-92.3122,1
42.8089,-72.0053,1
59.5119,-139.6711,1
44.9311,-93.1539,1
41.8450,-96.7142,1
42.5836,-94.2006,1
41.8700,-98.5494,1
44.2667,-71.2994,1
40.6092,-96.8719,1
44.6122,-72.0481,1
44.2944,-94.4083,1
45.8003,-91.4594,1
44.1600,-91.8122,1
44.8831,-85.6753,1
