40.3131,-88.1594,1
35.4156,-91.6469,1
39.4411,-90.3789,1
41.7664,-90.5403,1
35.4033,-92.3828,1
42.3628,-88.5314,1
42.9311,-93.7933,1
44.2839,-83.5036,1
44.2542,-84.2011,1
35.7192,-78.7878,1
43.1406,-89.3453,1
40.7764,-90.0203,1
39.3933,-81.2192,1
39.3419,-79.6697,1
43.6342,-90.3792,1
39.1025,-90.3431,1
30.5997,-103.8869,1
45.1453,-88.7417,1
39.5333,-89.3069,1
38.9500,-91.0000,1
38.2133,-89.0850,1
35.5128,-91.9956,1
61.1689,-150.0278,1
40.3444,-91.1125,1
36.2528,-81.9136,1
39.5894,-89.4556,1
38.9817,-81.5658,1
36.1306,-80.5481,1
47.4500,-91.2167,1
43.6750,-90.8078,1
42.0744,-88.7075,1
36.4197,-90.5858,1
42.5836,-94.2006,1
43.5594,-90.8761,1
39.0719,-89.7008,1
