44.5647,-91.6719,1
47.2856,-68.3133,1
45.8944,-69.9647,1
46.1211,-89.0758,1
42.9389,-72.3247,1
42.7831,-71.4147,1
42.3869,-72.9211,1
44.2667,-71.2994,1
45.9336,-88.2583,1
43.6303,-72.5072,1
45.0133,-84.7014,1
46.8706,-68.0172,1
44.4717,-70.1594,1
44.0069,-70.3608,1
46.1236,-67.7928,1
44.3744,-70.3164,1
45.6478,-68.6925,1
44.9892,-70.6719,1
43.4386,-93.2253,1
42.6178,-71.9158,1
44.6122,-72.0481,1
46.5311,-87.5483,1
45.4353,-67.7214,1
44.2033,-72.5794,1
44.8297,-70.3936,1
43.6478,-70.6750,1
44.6353,-70.0003,1
44.7978,-68.8186,1
44.3206,-69.7972,1
43.7003,-71.4664,1
