46.3414,-86.9242,11
37.8194,-85.3847,44
42.2947,-83.7108,-22
40.2539,-85.1483,6
37.1317,-86.1481,44
33.2564,-81.2422,72
38.3139,-81.7186,6
32.3500,-94.6500,78
43.9794,-117.0247,17
36.1306,-80.5481,39
40.8142,-85.1547,-33
42.3806,-96.9575,-6
39.4833,-83.8500,-6
64.9156,-148.2711,17
35.6042,-91.2744,56
64.1539,-145.8894,-61
32.5133,-92.3486,78
38.4558,-86.6983,22
44.4933,-68.4583,-6
38.7386,-87.4878,6
47.6811,-117.6267,-22
32.7547,-104.3836,22
33.0167,-81.3167,117
44.5208,-101.6192,33
34.1944,-79.2472,100
42.1397,-87.7853,6
40.4719,-74.4364,0
42.7831,-71.4147,-22
41.1453,-85.4897,-33
40.7928,-87.7556,-22
40.1100,-87.9567,-6
34.1419,-80.8700,83
34.4719,-81.8839,144
34.2183,-81.0731,100
37.9931,-100.8122,28
40.9361,-90.7197,0
37.0683,-88.7725,39
35.6214,-88.8456,78
44.9847,-93.1772,0
33.8083,-79.8567,106
38.8894,-86.5519,28
62.1925,-150.5033,-39
37.9311,-98.0297,44
32.2822,-106.7597,56
37.1244,-87.8672,33
38.4661,-101.7758,0
37.1167,-84.6167,111
39.4700,-80.8572,39
27.7792,-97.5056,139
42.6006,-114.7453,22
41.4439,-86.9294,0
41.8161,-80.4250,6
46.8706,-68.0172,0
47.0575,-109.9514,11
38.7003,-82.4736,72
45.0853,-67.1203,-6
28.8608,-97.0181,150
36.5914,-101.6181,56
28.7156,-97.1742,150
41.0267,-86.5867,22
40.0739,-87.5067,0
33.7775,-81.8467,89
40.4750,-86.9919,-11
40.2233,-86.1086,44
34.7289,-80.0389,83
36.7578,-90.4056,67
