31.1500,-92.9667,67
46.0261,-91.4442,112
39.2953,-114.8467,107
29.1828,-81.0483,157
60.7850,-148.8389,134
40.4122,-86.9369,94
61.2169,-149.8550,76
36.7800,-119.7194,58
44.7408,-85.5825,116
39.8250,-86.2958,85
41.6328,-91.5431,81
29.3783,-100.9269,98
38.0653,-97.8606,143
41.0731,-71.9233,125
32.8667,-117.1333,103
27.7839,-97.5108,94
47.3258,-106.9475,206
36.7414,-104.5022,54
41.9381,-72.6825,121
38.1417,-76.4292,103
33.2061,-97.1989,85
43.0206,-102.5183,152
42.1208,-87.9047,94
40.2383,-75.5572,94
34.6439,-86.7861,89
43.1111,-76.1039,98
36.9839,-77.0075,81
47.9428,-97.1839,116
47.1686,-88.4889,116
39.9444,-81.8922,76
37.7461,-97.2211,130
31.5883,-110.3442,76
26.1969,-80.1708,148
41.8833,-91.7167,81
34.1231,-84.8486,76
25.7906,-80.3164,139
28.8208,-81.8097,152
35.0169,-80.6206,107
40.1764,-80.6472,98
28.0622,-81.7542,161
40.1936,-76.7633,139
44.8831,-93.2289,85
36.2967,-99.7689,130
37.8892,-121.2258,63
42.3978,-90.7036,72
40.6161,-83.0636,89
43.3436,-72.5178,98
35.1442,-111.6664,116
39.3792,-74.4242,125
37.9917,-122.0550,67
37.2839,-98.5528,125
32.7800,-79.9319,174
39.4900,-121.6183,54
42.8975,-106.4636,192
39.1019,-121.5678,54
41.3931,-70.6150,161
36.0394,-95.9844,76
32.3206,-90.0778,98
30.4119,-89.0808,134
33.5872,-85.8556,107
45.6208,-122.6572,45
47.2381,-123.1408,67
44.5344,-72.6144,81
33.4278,-112.0039,125
36.0719,-115.1633,103
70.2117,-151.0017,116
38.0494,-103.5122,94
43.5331,-84.0797,116
29.5442,-98.4839,63
37.2622,-104.3378,112
31.1522,-81.3908,174
32.6847,-83.6528,143
34.7917,-79.3661,98
35.8517,-97.4142,85
46.4047,-94.1308,94
38.8000,-97.6500,161
40.6239,-74.6694,98
42.1908,-71.1736,116
33.2119,-87.6161,107
35.9508,-85.0814,112
43.1561,-90.6775,49
32.3847,-94.7117,72
40.7781,-111.9694,63
43.9658,-107.9508,58
64.3267,-158.7417,27
41.7072,-86.3164,81
37.7797,-89.2497,81
43.9844,-88.5569,103
41.6117,-90.5808,98
45.0319,-102.0192,259
37.7081,-77.4344,94
60.7850,-161.8292,54
38.0700,-102.6881,139
37.1431,-107.7597,67
32.8192,-97.3614,85
33.8117,-78.7239,210
36.9261,-111.4478,49
45.5406,-122.9486,40
46.1442,-115.5964,40
21.9839,-159.3405,130
43.7331,-103.6114,197
40.7939,-73.1017,116
34.7436,-118.7242,201
47.9078,-122.2803,107
41.7219,-71.4325,116
34.0158,-118.4514,134
28.4567,-99.2183,94
18.2550,-65.6408,116
36.2606,-76.1750,143
40.9781,-124.1086,54
40.2769,-74.8158,89
33.2367,-107.2681,58
42.7803,-84.5789,107
41.2544,-80.6739,94
36.3333,-119.9500,67
41.1783,-78.8989,116
18.3331,-64.9667,107
36.9500,-76.2833,121
32.6808,-96.8681,81
38.2281,-85.6636,94
60.4889,-145.4511,121
42.4167,-87.8667,76
40.1203,-76.2944,139
33.6267,-116.1594,89
47.9375,-124.5550,98
43.1406,-89.3453,81
30.1831,-97.6800,63
41.9097,-70.7294,134
40.7083,-84.0267,103
42.1244,-86.4267,98
35.2325,-75.6219,215
33.6361,-91.7556,81
34.6517,-112.4208,72
47.6831,-117.3214,45
34.7675,-114.6189,174
27.6833,-97.2833,85
31.8111,-106.3758,72
31.3214,-85.4497,130
34.8536,-116.7858,81
38.1847,-84.9033,98
36.6950,-76.1356,130
45.5644,-84.7928,143
38.7525,-90.3736,94
31.7800,-103.2017,85
42.1094,-77.9919,121
36.7725,-90.3247,89
44.4983,-88.1111,139
48.3500,-122.6667,85
36.2117,-115.1958,112
40.8500,-74.0614,103
29.1097,-95.4619,76
35.3331,-94.3625,85
35.0678,-77.0481,134
45.2486,-122.7686,54
45.6308,-89.4653,81
30.3361,-81.5147,161
46.8369,-92.2097,139
40.6044,-98.4272,197
27.9619,-82.5403,161
42.7972,-105.3856,210
32.7817,-98.0603,81
45.7881,-111.1608,63
41.2003,-74.6231,98
34.4272,-100.2831,89
43.9042,-92.4917,76
41.5944,-109.0528,206
38.9833,-76.4667,116
35.4344,-119.0542,49
34.2097,-118.4892,215
28.8614,-96.9303,98
36.0236,-84.2375,89
39.5781,-85.8033,98
40.9167,-81.4333,94
48.2138,-106.6213,170
41.1014,-102.9847,219
40.0397,-88.2778,103
41.0136,-83.6686,98
40.8289,-115.7886,72
26.9172,-81.9914,170
43.6497,-70.3003,107
42.5700,-72.2911,76
55.3567,-131.7117,206
24.5833,-81.6833,143
37.6197,-122.3647,58
40.8217,-72.8689,112
48.7167,-94.6000,89
35.0028,-105.6628,165
38.7642,-87.6056,94
43.3500,-73.6167,45
32.3347,-88.7442,98
34.2006,-118.3575,268
32.8986,-80.0403,183
41.5339,-93.6531,89
39.1342,-108.5400,81
42.9550,-87.9044,112
37.6544,-97.4425,134
34.7442,-87.5997,94
31.4156,-87.0442,103
41.0089,-74.7367,81
31.3711,-100.4922,76
42.6425,-77.0564,107
41.6264,-80.2150,81
42.5950,-87.9381,89
30.0375,-91.8839,81
34.6081,-79.0592,103
45.5114,-118.4247,31
36.2833,-94.3000,85
38.2103,-122.2847,121
33.4617,-80.8581,121
44.3853,-74.2067,72
34.7272,-92.2389,67
58.6794,-156.6294,98
33.6542,-101.8136,98
42.4092,-83.0100,85
31.5356,-84.1944,130
32.7100,-96.2672,72
26.1522,-81.7753,148
38.8761,-98.8092,157
26.2281,-97.6542,72
31.2819,-89.2531,103
33.9753,-117.6361,183
35.8922,-78.7819,94
27.4981,-80.3767,161
30.4844,-81.7019,161
30.5892,-96.3647,72
42.5844,-110.1075,130
32.4106,-99.6822,72
44.3592,-89.8369,103
36.1189,-86.6892,89
60.5797,-151.2392,54
37.0911,-95.5664,107
67.7317,-164.5483,134
30.2333,-81.6667,161
33.8117,-118.1464,103
37.7836,-81.1231,116
40.3667,-75.9667,125
38.6956,-121.5897,58
33.2208,-92.8142,76
30.7825,-83.2767,112
29.2733,-94.8592,116
28.0836,-97.0464,103
40.0681,-118.5692,49
34.5183,-109.3792,63
41.5092,-74.2650,112
6.9667,158.2167,103
43.5878,-96.7289,94
46.3747,-117.0156,81
40.6508,-75.4492,130
46.1236,-67.7928,81
30.6264,-88.0681,121
29.3389,-98.4719,76
32.8158,-117.1394,63
40.4422,-109.5144,81
36.6239,-87.4194,94
37.5050,-77.3203,107
32.1300,-81.2100,165
39.1333,-86.6167,85
34.4978,-82.7097,130
34.8831,-82.2203,76
41.1519,-104.8061,224
35.6697,-120.6283,72
27.4014,-82.5586,152
38.5911,-92.1558,85
41.0669,-73.7075,130
35.6169,-106.0889,121
44.6500,-73.4667,63
41.5175,-81.6836,103
38.9597,-94.3714,152
13.4836,144.7961,116
45.8258,-119.2611,81
41.1214,-100.6694,125
39.8328,-104.6575,116
35.9333,-79.0642,116
36.0969,-79.9433,134
71.2833,-156.7814,98
43.5164,-112.0672,67
41.6686,-70.2800,165
27.9106,-82.6875,165
39.4019,-77.9844,148
33.9519,-117.4386,174
39.2972,-94.7306,121
39.9914,-82.8808,98
39.5514,-97.6508,152
42.2667,-84.4667,94
39.4167,-118.7167,54
34.1750,-91.9347,85
41.6267,-73.8842,67
40.8203,-82.5178,121
44.7978,-68.8186,107
44.0206,-117.0128,40
43.1167,-77.6767,121
32.5722,-116.9794,76
39.1258,-123.2008,31
39.2447,-102.2842,201
30.3489,-85.7881,134
41.1389,-75.3794,152
33.9786,-98.4928,89
34.0511,-118.2353,54
36.2667,-93.1567,125
32.6500,-114.6167,134
46.7994,-102.7972,201
43.9906,-70.9475,76
42.5842,-70.9175,98
42.1997,-75.9850,107
37.2253,-89.5706,85
40.5175,-122.2986,152
27.6531,-80.2428,165
48.1203,-123.4983,58
38.8983,-119.9947,125
41.4131,-81.8600,98
26.1658,-97.3458,72
40.8436,-72.6322,107
38.5069,-121.4950,54
43.2119,-90.1814,72
35.7425,-81.3819,116
42.7461,-86.0967,103
44.5228,-114.2150,45
38.8317,-94.8897,157
39.0431,-84.6717,134
41.8031,-78.6403,94
40.7833,-91.1253,85
42.3914,-96.3792,130
44.5483,-95.0803,81
48.3042,-114.2636,103
47.6458,-101.4394,121
39.5936,-84.2264,98
46.9208,-114.0925,45
47.7472,-90.3444,112
34.7411,-118.2117,165
46.0139,-102.6547,237
27.5000,-97.8167,94
38.6572,-90.6558,98
43.7694,-87.8506,130
45.8678,-95.3942,76
37.7214,-122.2208,116
38.0408,-84.6058,107
47.5303,-122.3008,89
44.2033,-72.5794,72
61.1781,-149.9664,81
41.1961,-112.0114,58
57.7511,-152.4856,179
36.8167,-76.0333,143
35.9461,-112.1547,134
42.7431,-73.8092,152
35.6875,-117.6931,125
42.2347,-85.5519,89
42.5417,-113.7661,40
48.7939,-122.5372,125
43.0661,-108.4767,143
42.0800,-80.1825,134
34.3622,-98.9761,94
46.1569,-123.8825,116
29.3331,-89.4075,134
42.1594,-76.8919,107
39.4203,-83.8217,125
41.3336,-75.7269,103
28.4736,-82.4544,157
29.6381,-95.2819,112
41.3461,-82.1794,103
57.0481,-135.3647,192
39.6014,-116.0056,54
47.4933,-122.2144,72
43.8339,-111.8045,40
38.1811,-85.7392,89
33.9486,-81.1186,121
26.5361,-81.7550,143
41.9950,-87.9336,107
24.5550,-81.7522,143
26.1839,-98.2539,63
40.7789,-73.9692,107
44.3592,-84.6739,98
40.2172,-76.8514,121
41.2433,-76.9217,116
31.8456,-86.6108,112
40.0972,-92.5433,94
43.5950,-118.9564,45
42.4272,-73.2892,143
44.8889,-116.1017,27
42.1128,-92.9175,89
34.9894,-99.0525,94
47.4569,-115.6450,112
33.9706,-80.9958,116
44.8428,-117.8086,63
37.2833,-102.6139,112
35.5144,-108.7939,76
42.6958,-73.1708,134
35.2236,-80.9553,116
38.5050,-107.8975,72
59.6419,-151.4908,116
40.4953,-107.5211,45
40.1606,-113.3508,81
48.1739,-103.6367,148
28.7247,-96.2536,85
39.1894,-103.7158,170
39.0083,-95.2117,157
31.8606,-86.0122,134
35.2372,-120.6414,67
41.7872,-111.8533,45
33.8281,-116.5053,103
39.2292,-106.3169,134
32.7000,-117.2000,67
55.5800,-133.0750,228
31.6072,-110.4281,130
32.8519,-96.8556,72
32.6261,-116.4681,259
7.3333,134.4833,72
37.4058,-122.0481,94
31.5358,-82.5067,161
64.5500,-149.0717,67
42.7172,-71.1239,85
45.5908,-122.6003,45
37.3711,-118.3581,76
32.8342,-115.5786,103
42.5708,-77.7133,107
32.5161,-84.9422,130
48.2553,-101.2733,103
31.6189,-97.2283,63
40.6675,-89.6839,81
36.9033,-76.1922,112
55.0389,-131.5786,192
26.0719,-80.1536,139
41.7636,-96.1778,183
41.2731,-111.0306,130
29.6919,-82.2756,192
34.2486,-82.1592,121
34.2622,-88.7714,58
34.9000,-76.8833,161
48.5614,-93.3981,94
39.1033,-84.4189,103
31.3558,-85.7511,116
36.5728,-79.3361,125
34.2008,-119.2069,210
41.8706,-103.5931,192
39.8344,-88.8656,94
38.3083,-75.1239,125
26.6847,-80.0994,179
34.7336,-76.6606,201
21.1544,-157.0961,116
43.1953,-71.5011,54
37.1319,-76.4930,116
42.9203,-112.5711,81
41.1078,-92.4467,94
30.4781,-87.1869,130
34.4258,-119.8425,85
45.4622,-69.5953,125
39.3667,-75.0667,112
42.8914,-73.2469,94
46.9253,-96.8111,103
37.9272,-100.7247,161
43.2339,-75.4117,107
42.0647,-104.1528,197
38.8853,-79.8528,112
48.5222,-123.0231,54
38.4167,-113.0167,103
36.6817,-101.5053,139
39.2775,-120.7103,143
36.4486,-103.1539,130
42.8153,-108.7261,148
32.7667,-97.4500,85
47.0492,-109.4578,165
46.6056,-111.9636,165
41.7781,-80.6958,98
38.9408,-77.4636,125
41.3497,-71.7989,125
32.7336,-117.1831,63
41.7700,-88.4814,103
29.9506,-94.0206,76
43.1711,-86.2367,94
42.2333,-83.5333,85
46.9733,-122.9033,63
33.6883,-112.0817,125
21.3167,-158.0667,130
36.7683,-96.0261,98
44.3814,-100.2856,233
37.2847,-120.5128,58
44.9050,-123.0011,49
25.6475,-80.4331,125
29.6222,-95.6564,94
43.9636,-69.7117,76
41.1583,-73.1289,89
45.7728,-122.8611,31
35.0419,-106.6156,103
47.2078,-119.3192,63
36.7436,-108.2292,85
33.6800,-117.8664,215
45.5433,-94.0514,98
33.3075,-104.5083,63
41.6875,-69.9933,143
44.3814,-106.7211,224
30.3975,-84.3289,130
38.2900,-104.4983,139
42.7611,-87.8136,81
59.4556,-135.3239,237
43.6264,-72.3047,45
45.8069,-108.5422,228
34.6525,-86.9453,98
38.3794,-81.5900,107
32.9733,-97.3181,85
64.7767,-141.1483,72
48.5428,-109.7633,197
42.6650,-83.4181,103
42.8375,-103.0953,192
45.6478,-68.6925,89
31.4583,-109.6061,94
43.5667,-116.2406,63
39.0725,-95.6261,116
36.9358,-121.7886,63
35.0564,-89.9864,112
40.1519,-122.2536,94
30.4000,-86.4717,125
41.7419,-72.1836,103
44.9258,-89.6256,98
37.2958,-81.2078,148
40.2964,-78.3203,134
37.5908,-83.3131,107
30.2050,-91.9875,81
32.8167,-115.6833,112
37.7064,-112.1456,85
37.3208,-79.2067,98
43.9922,-76.0217,98
36.4731,-82.4044,112
42.3075,-85.2511,89
37.1681,-97.0369,134
17.7028,-64.8056,98
44.3675,-71.5450,67
34.8822,-95.7831,76
46.4167,-86.6500,134
44.9047,-97.1494,121
44.2667,-71.2994,367
34.2900,-93.0600,76
33.3633,-84.5658,121
38.6892,-75.3592,121
35.6575,-109.0614,76
38.5039,-122.8103,45
20.8997,-156.4286,112
39.7333,-77.4333,148
46.5486,-90.9189,125
33.1803,-96.5903,76
31.3347,-92.5586,81
39.9181,-76.8742,116
30.1250,-93.2158,89
28.7797,-81.2436,170
39.6092,-110.7547,63
36.1336,-80.2222,157
33.9381,-118.3889,81
40.9706,-85.2064,103
41.9144,-88.2464,94
39.3756,-99.8297,183
43.8789,-91.2528,54
33.9228,-118.3342,63
34.5467,-93.5781,76
33.4536,-94.0075,89
48.0944,-105.5744,174
40.0489,-107.8853,63
39.8233,-93.5792,89
45.6194,-121.1661,36
41.4653,-90.5233,85
27.5333,-99.4667,76
34.9914,-78.8803,107
7.4500,151.8333,88
30.7439,-95.5861,67
32.1314,-110.9553,157
61.5961,-149.0917,40
31.9514,-85.1289,103
42.5519,-71.7558,116
42.2314,-83.3308,81
35.4319,-82.5375,139
40.2064,-100.5914,174
66.0689,-162.7639,139
40.9611,-98.3136,179
30.0481,-102.2131,81
28.4339,-81.3250,165
46.2667,-119.1167,63
45.2575,-112.5545,170
44.5169,-108.0822,54
40.3547,-79.9217,116
35.2578,-113.9331,121
36.6206,-116.0278,116
41.9922,-93.6217,89
46.4794,-84.3572,148
30.3433,-89.8222,98
59.4433,-151.7017,116
38.3306,-96.1897,179
35.1350,-90.2344,85
29.7333,-85.0333,143
44.0511,-101.6011,246
66.9161,-151.5089,31
32.5428,-93.7450,81
39.2956,-80.2289,103
33.1281,-117.2794,81
39.3644,-84.5247,98
34.6294,-118.0836,188
32.4506,-93.8411,81
40.0228,-82.4625,94
30.0675,-95.5561,76
57.1553,-170.2222,107
45.6906,-118.8528,54
42.4933,-79.2722,134
44.5444,-110.4211,107
44.3394,-105.5419,224
36.3189,-119.6289,54
32.5156,-92.0406,81
32.3367,-90.2214,85
38.3775,-121.9575,49
62.9575,-155.6103,40
45.0619,-93.3508,72
40.6331,-93.9019,112
34.0500,-94.4008,81
29.6333,-83.1053,165
32.4833,-80.7167,165
40.8508,-96.7475,116
41.5886,-83.8014,89
62.1592,-145.4589,67
30.4000,-81.4167,161
35.8181,-83.9858,103
9.4833,138.0833,124
39.5703,-104.8489,148
30.5108,-99.7664,58
29.9933,-90.2511,134
39.1208,-94.5969,125
42.1928,-89.0931,89
30.6794,-88.2397,107
30.7406,-98.2353,72
33.4050,-118.4158,183
31.9206,-102.3867,85
47.3978,-120.2014,45
39.5264,-107.7264,49
40.0781,-83.0781,112
38.5000,-77.3000,125
47.6217,-117.5281,81
43.1544,-93.3269,81
40.7794,-73.8803,139
44.7694,-106.9689,237
34.2167,-119.0833,224
47.0339,-120.5303,40
34.5583,-98.4172,81
36.8781,-91.9025,89
41.3714,-73.4828,76
41.5097,-72.8278,107
35.2333,-101.7089,112
33.9481,-83.3275,157
41.6764,-70.9583,121
33.2194,-117.3494,94
34.2675,-77.8997,197
39.9061,-84.2186,107
37.2353,-93.4003,107
62.3200,-150.0950,40
31.9433,-102.1889,103
38.0442,-87.5206,85
39.1353,-96.6778,116
30.7167,-87.0167,139
41.9856,-97.4353,192
45.5511,-122.4089,49
42.9486,-78.7369,139
36.1994,-95.8872,94
32.5500,-88.5667,103
39.4519,-87.3089,81
40.4719,-81.4236,76
47.4444,-122.3139,94
35.6567,-95.3614,85
37.3592,-121.9239,98
42.4700,-71.2894,89
44.3981,-98.2231,134
34.7000,-77.3833,139
37.9406,-75.4631,130
45.0717,-83.5644,139
66.8667,-162.6333,112
44.1708,-114.9272,49
38.7550,-109.7542,54
48.6033,-112.3753,206
59.5119,-139.6711,116
38.7667,-104.3000,143
36.0167,-102.5500,85
70.1917,-148.4772,130
45.9647,-112.5006,85
41.8056,-107.1997,201
42.3606,-71.0106,107
39.9369,-91.1919,112
40.5100,-101.6200,250
41.7803,-124.2367,81
36.1625,-97.0894,98
41.3103,-95.8992,134
38.8500,-94.7392,139
30.7044,-87.0231,125
32.8978,-97.0189,72
28.5453,-81.3331,170
38.8100,-104.6883,139
40.3300,-75.1225,94
25.9156,-97.4186,85
39.1667,-76.6833,116
44.2558,-121.1392,76
41.0375,-81.4642,94
27.7411,-98.0247,89
40.9017,-117.8081,76
44.4683,-73.1500,81
40.2342,-85.3936,94
46.9006,-95.0678,81
41.0467,-78.4117,116
35.8311,-90.6464,98
41.4914,-120.5644,58
22.0333,-159.7833,161
32.8547,-109.6353,85
42.8939,-85.5447,94
42.7267,-114.4564,89
35.5342,-97.6469,98
36.3689,-92.4703,89
44.8322,-93.4706,76
40.3161,-78.8339,143
25.9069,-80.2803,157
44.1278,-123.2206,49
38.5714,-90.1572,94
35.3889,-97.6006,103
27.7628,-82.6261,157
59.2433,-135.5094,161
33.4964,-90.0867,89
59.7494,-154.9089,98
43.4075,-94.7461,98
45.0133,-84.7014,98
45.6689,-96.9914,103
41.5631,-83.4764,94
35.2578,-93.0947,81
48.4608,-119.5167,49
43.2389,-123.3547,36
46.0947,-118.2869,85
39.4839,-119.7711,76
46.5683,-120.5428,54
41.5333,-71.2833,134
34.1167,-119.1167,206
32.2622,-107.7206,81
34.9869,-81.0575,112
30.9119,-102.9167,107
41.4333,-99.6333,246
33.6228,-111.9106,89
24.7258,-81.0517,139
36.7367,-97.1019,103
45.6983,-110.4408,304
21.3239,-157.9294,116
39.7078,-77.7297,130
46.9258,-98.6692,89
41.8756,-71.0211,116
41.2639,-72.8872,112
41.3119,-105.6747,188
44.0219,-82.7931,94
41.7361,-72.6506,94
47.3864,-92.8389,76
34.3478,-85.1611,107
35.1967,-81.1558,98
40.0819,-75.0111,107
26.2500,-80.1083,161
30.3208,-97.7603,94
19.7192,-155.0531,94
43.1644,-95.2017,85
38.7042,-93.1833,130
35.1822,-103.6031,85
32.3500,-91.0278,81
58.3567,-134.5639,148
64.8039,-147.8761,40
38.3650,-82.5550,94
38.3406,-75.5103,161
32.2997,-86.4075,116
46.9728,-123.9303,98
38.1311,-91.7683,98
33.5656,-86.7450,98
42.9667,-83.7494,98
62.9614,-141.9292,89
46.3583,-104.2500,192
41.7861,-87.7522,98
41.8678,-84.0794,89
34.2719,-83.8303,139
35.6950,-101.3950,116
39.7075,-86.2803,85
40.1667,-103.2167,210
37.6242,-120.9506,76
42.1469,-121.7242,40
36.6636,-121.6081,112
28.1011,-80.6439,192
47.3078,-119.5153,76
42.2706,-71.8731,152
40.8731,-81.8867,98
38.0511,-117.0903,134
29.5622,-91.5256,98
39.4781,-88.2803,103
42.6003,-123.3642,98
42.1578,-72.7161,148
38.3000,-76.4167,116
45.5464,-100.4078,165
42.5906,-117.8644,98
39.6428,-79.9164,85
44.5761,-71.1786,85
61.1689,-150.0278,112
33.6300,-84.4417,143
45.8183,-88.1144,103
47.2856,-68.3133,72
41.6236,-98.9517,219
40.6825,-74.1694,107
44.0433,-103.0536,259
41.2531,-70.0608,192
40.4847,-80.2144,89
31.3928,-92.2956,85
46.7439,-117.1086,89
38.8169,-92.2183,107
39.8447,-89.6839,94
45.1947,-123.1339,40
38.8483,-77.0342,161
32.3542,-95.4025,67
30.7797,-86.5225,130
39.4494,-74.5672,125
46.8706,-68.0172,81
42.8050,-72.0036,116
30.5372,-91.1469,85
33.1783,-86.7817,112
45.6044,-103.5464,295
41.3275,-72.0494,125
33.0375,-116.9158,215
44.9358,-74.8458,112
39.6728,-75.6008,125
19.7356,-156.0489,139
35.5931,-88.9167,107
8.7333,167.7333,165
37.7608,-99.9683,148
31.1828,-90.4708,76
30.0494,-90.0289,157
32.6636,-97.0939,63
43.7700,-88.4864,125
39.3450,-81.4392,94
32.0311,-96.3989,67
35.6542,-105.1419,121
31.3500,-85.6667,125
36.9878,-120.1106,58
35.9403,-89.8308,98
37.0683,-88.7719,89
31.2361,-94.7544,72
43.3906,-99.8422,228
33.6186,-114.7142,130
44.3206,-69.7972,94
39.3669,-101.7000,210
42.4819,-114.4869,63
43.7667,-98.0333,179
39.9492,-74.8417,98
30.3567,-95.4139,72
45.4558,-98.4131,116
30.8356,-85.1839,130
31.4000,-93.2833,76
42.2228,-83.7444,76
47.4667,-87.8833,134
46.5311,-87.5483,98
36.9647,-86.4239,98
30.4636,-88.5319,103
41.4525,-87.0058,89
37.7086,-113.0944,103
26.5850,-81.8614,165
34.8994,-120.4486,76
37.3278,-95.5042,107
63.9944,-145.7214,98
35.8550,-77.8931,107
34.8461,-82.3461,103
30.5069,-86.9597,130
37.1467,-94.5022,179
55.2208,-162.7325,98
33.4825,-90.9853,94
18.4325,-66.0108,81
31.4208,-110.8458,103
37.6928,-121.8144,107
35.0311,-85.2014,94
42.9333,-71.4383,72
31.0425,-86.3117,116
40.8764,-74.2831,107
33.8750,-84.3022,134
47.9742,-117.4283,49
43.2781,-70.9222,103
60.1283,-149.4167,197
42.5544,-92.4011,98
38.9286,-90.4281,98
34.1853,-79.7239,103
37.6703,-95.4842,121
37.4389,-105.8614,45
36.5881,-121.8453,81
38.1386,-78.4530,76
39.2231,-106.8683,54
37.0872,-84.0769,89
39.8683,-75.2311,125
33.4669,-82.0386,130
39.7736,-94.9233,116
41.5272,-85.7922,98
29.7036,-98.0281,63
56.6000,-169.5650,116
43.1072,-78.9453,121
41.3375,-84.4289,76
33.7792,-84.5214,134
34.6719,-82.8864,134
29.5189,-95.2417,81
33.3644,-81.9633,139
47.2675,-122.5761,98
40.0803,-95.5919,121
37.3169,-79.9742,192
36.0097,-94.1694,134
15.1167,145.7167,103
41.3325,-122.3328,85
42.0572,-102.8000,201
25.9989,-80.2411,139
32.3336,-104.2581,98
46.7708,-100.7603,107
47.4733,-111.3822,197
44.9319,-93.0556,116
40.8206,-76.8642,112
33.8719,-117.9789,112
40.7342,-73.4169,107
42.8783,-100.5500,215
29.9800,-95.3600,72
44.8664,-91.4878,76
44.6381,-90.1875,112
40.8097,-124.1603,54
42.3811,-122.8722,36
35.2100,-99.1200,112
38.9503,-95.6639,139
39.7556,-82.6572,94
35.0281,-110.7208,58
34.0561,-117.6003,291
43.3497,-76.3847,107
46.4267,-105.8825,241
41.7806,-122.4717,40
64.5111,-165.4400,27
