38.9239,-122.5672,0
42.8417,-75.7264,165
41.8722,-75.2656,30
38.9708,-94.9775,0
34.2044,-90.2908,0
-28.4814,151.8856,174
20.7600,-156.9097,86
46.4328,-109.8311,112
-41.5406,146.1364,108
38.1350,-94.8161,264
36.3694,-92.5772,533
30.9072,-102.9153,173
-35.1559,149.7725,94
55.9153,-130.0269,376
-29.4917,153.2481,116
43.7053,-72.2856,0
-40.9733,145.3742,64
44.4356,-121.9433,20
58.2989,-134.4111,15
-30.5006,115.0664,27
42.2642,-118.6758,8
-43.0286,147.0544,20
-38.0808,146.2139,6
56.2472,-134.6447,76
-38.1227,144.6420,28
-31.7003,116.1853,74
-38.0657,144.3281,60
-12.4721,130.9924,62
20.7872,-156.9911,38
37.4200,-97.0497,0
43.0114,-84.5542,0
44.0367,-123.8628,20
-34.7772,117.6508,98
-34.9464,138.6519,8
