38.6644,-94.8900,72
37.9050,-93.3169,50
43.5492,-71.4647,-178
32.2822,-106.7597,122
41.4439,-86.9294,-178
35.7047,-101.5492,33
26.5581,-99.1372,194
40.7142,-122.4161,106
39.0744,-96.8983,61
40.6117,-122.5281,117
34.9881,-120.3211,128
38.4917,-122.1242,100
36.5508,-114.4581,117
25.8175,-80.2858,194
36.9969,-119.7072,-178
45.9228,-108.2444,-178
38.5350,-121.7761,128
26.8400,-81.0872,211
21.3153,-157.9992,189
33.6731,-111.1508,167
37.1503,-104.5567,89
37.7967,-121.5828,111
30.2003,-92.6642,178
33.7092,-93.5564,133
28.4675,-98.2525,178
33.7542,-99.1442,111
38.0047,-120.4864,111
39.1172,-95.4097,17
43.8544,-116.4664,-178
34.5822,-119.9817,133
36.4622,-116.8669,178
38.4931,-122.0047,122
