32.5667,-117.1167,1619
30.0494,-90.0289,1233
43.9906,-70.9475,2025
45.6194,-121.1661,1214
34.2008,-119.2069,1622
64.7767,-141.1483,1256
35.0169,-80.6206,200
38.3000,-76.4167,2
41.3461,-82.1794,1356
37.7461,-97.2211,305
34.9883,-117.8647,1733
39.7333,-77.4333,1333
41.6764,-70.9583,1400
42.2333,-83.5333,1447
36.7414,-104.5022,1420
41.2531,-70.0608,624
31.3558,-85.7511,2100
37.3278,-95.5042,357
41.6264,-80.2150,1424
60.1283,-149.4167,452
61.2169,-149.8550,1210
64.5500,-149.0717,839
36.9839,-77.0075,154
40.0681,-118.5692,615
38.8761,-98.8092,920
26.5361,-81.7550,1548
64.3267,-158.7417,1600
41.9097,-70.7294,1054
42.6958,-73.1708,1345
42.6425,-77.0564,1151
41.6686,-70.2800,1102
59.7494,-154.9089,1417
37.0911,-95.5664,418
39.9369,-91.1919,1034
41.4525,-87.0058,1225
40.8764,-74.2831,1126
42.5519,-71.7558,847
32.5428,-93.7450,230
41.2639,-72.8872,744
62.3200,-150.0950,1630
47.5303,-122.3008,1633
42.1094,-77.9919,1449
34.9869,-81.0575,835
40.8436,-72.6322,842
41.0731,-71.9233,1358
36.3333,-119.9500,1418
33.4050,-118.4158,947
44.5483,-95.0803,1804
40.8217,-72.8689,1132
42.4092,-83.0100,1123
35.6169,-106.0889,1547
41.5631,-83.4764,1256
30.7797,-86.5225,1501
38.6956,-121.5897,1238
27.9106,-82.6875,252
40.1203,-76.2944,1344
32.7667,-97.4500,1353
38.4167,-113.0167,1130
46.4167,-86.6500,1107
47.9078,-122.2803,919
45.8183,-88.1144,1509
66.9161,-151.5089,1602
41.5333,-71.2833,1221
28.4736,-82.4544,1122
48.5222,-123.0231,1243
40.6161,-83.0636,1305
42.4167,-87.8667,1619
70.6392,-159.9950,1947
31.9514,-85.1289,1133
35.9333,-79.0642,147
18.3331,-64.9667,1506
41.8678,-84.0794,1149
44.3675,-71.5450,1308
46.0261,-91.4442,1001
41.5175,-81.6836,1331
24.5833,-81.6833,1027
41.5092,-74.2650,1608
36.8167,-76.0333,239
18.2550,-65.6408,1346
31.4156,-87.0442,1834
40.2383,-75.5572,16
35.5144,-108.7939,1217
48.1203,-123.4983,26
38.8983,-119.9947,1345
28.0622,-81.7542,138
39.7556,-82.6572,3
30.4000,-81.4167,1201
18.4325,-66.0108,1344
31.6072,-110.4281,14
63.9944,-145.7214,1040
46.5486,-90.9189,921
55.5800,-133.0750,1522
47.4933,-122.2144,1345
35.1822,-103.6031,1427
59.4556,-135.3239,1404
37.7064,-112.1456,1550
60.7850,-148.8389,744
47.2675,-122.5761,1314
35.8550,-77.8931,405
35.0028,-105.6628,1654
39.9181,-76.8742,1359
67.7317,-164.5483,2350
30.6264,-88.0681,1247
38.3083,-75.1239,228
30.5069,-86.9597,1253
37.1319,-76.4930,300
41.7361,-72.6506,1347
22.0333,-159.7833,2307
39.5936,-84.2264,1140
41.2003,-74.6231,4
39.1033,-84.4189,1055
30.7044,-87.0231,1447
37.7081,-77.4344,1354
39.4900,-121.6183,1144
34.9000,-76.8833,553
42.8050,-72.0036,1057
41.3931,-70.6150,1255
39.3667,-75.0667,1309
31.3928,-92.2956,1929
41.5097,-72.8278,1051
32.4833,-80.7167,1233
41.6875,-69.9933,1434
30.8458,-85.6014,947
34.7000,-77.3833,225
7.3333,134.4833,1044
35.9403,-89.8308,338
46.1442,-115.5964,2314
70.1917,-148.4772,1737
43.2781,-70.9222,506
59.4433,-151.7017,147
30.3433,-89.8222,1600
31.8456,-86.6108,2022
55.3567,-131.7117,1303
59.2433,-135.5094,2056
41.0375,-81.4642,1339
39.3644,-84.5247,1112
47.0339,-120.5303,914
45.8258,-119.2611,913
47.4667,-87.8833,1412
36.7436,-108.2292,1436
40.8500,-74.0614,1503
38.5000,-77.3000,1
36.6950,-76.1356,327
31.1500,-92.9667,1620
41.7781,-80.6958,1317
32.5500,-88.5667,2240
41.7419,-72.1836,1146
56.6000,-169.5650,56
38.7667,-104.3000,1557
42.6003,-123.3642,1939
48.7167,-94.6000,1801
47.3864,-92.8389,6
45.8678,-95.3942,1317
42.2228,-83.7444,1312
39.2775,-120.7103,2313
43.9636,-69.7117,1235
35.1350,-90.2344,1445
34.2097,-118.4892,1438
43.6264,-72.3047,1251
34.6719,-82.8864,910
41.3714,-73.4828,1613
58.3567,-134.5639,3
41.9144,-88.2464,1513
41.8756,-71.0211,1434
46.4047,-94.1308,1732
34.1167,-119.1167,1151
44.8322,-93.4706,1757
61.1689,-150.0278,1102
47.7472,-90.3444,1427
42.6650,-83.4181,1129
29.5622,-91.5256,1012
47.1686,-88.4889,227
40.0819,-75.0111,11
43.3497,-76.3847,1139
40.8731,-81.8867,1523
31.3500,-85.6667,1010
39.4203,-83.8217,1148
34.7917,-79.3661,517
7.4500,151.8333,2219
34.8461,-82.3461,238
44.5761,-71.1786,200
37.1681,-97.0369,310
40.1606,-113.3508,1358
31.0425,-86.3117,1837
43.1644,-95.2017,1517
6.9667,158.2167,1350
62.9614,-141.9292,2155
57.0481,-135.3647,1134
42.9333,-71.4383,851
39.9492,-74.8417,25
42.5700,-72.2911,1318
60.4889,-145.4511,706
45.4622,-69.5953,324
42.4933,-79.2722,1451
40.0781,-83.0781,31
62.1592,-145.4589,1728
30.3503,-81.8831,918
60.5797,-151.2392,747
39.4167,-118.7167,1631
42.4700,-71.2894,423
35.6875,-117.6931,2128
42.1208,-87.9047,1357
38.9833,-76.4667,1
47.4569,-115.6450,11
41.7700,-88.4814,1421
38.9503,-95.6639,628
36.9500,-76.2833,47
31.5883,-110.3442,908
40.7342,-73.4169,1649
45.0619,-93.3508,2025
40.8206,-76.8642,16
29.3331,-89.4075,249
42.1594,-76.8919,1156
42.7172,-71.1239,741
40.0228,-82.4625,1532
42.1908,-71.1736,1020
66.0689,-162.7639,812
41.3275,-72.0494,1010
41.0669,-73.7075,1650
41.7872,-111.8533,1609
47.2381,-123.1408,1621
44.9319,-93.0556,2325
61.5961,-149.0917,1201
38.0653,-97.8606,613
41.0467,-78.4117,1305
42.5708,-77.7133,1024
61.1781,-149.9664,1307
32.7000,-117.2000,1201
42.1578,-72.7161,1230
40.3547,-79.9217,1142
35.1967,-81.1558,237
27.5000,-97.8167,506
30.7167,-87.0167,1314
41.1961,-112.0114,945
40.3300,-75.1225,1318
30.2333,-81.6667,1007
41.3497,-71.7989,1025
41.7861,-87.7522,1403
40.2172,-76.8514,1612
27.6833,-97.2833,333
42.5842,-70.9175,1223
44.0219,-82.7931,20
48.3500,-122.6667,1110
9.4833,138.0833,1207
70.2117,-151.0017,2155
30.4000,-86.4717,902
32.8667,-117.1333,1424
31.4000,-93.2833,728
43.2339,-75.4117,1401
39.6092,-110.7547,2309
30.4636,-88.5319,1236
39.2956,-80.2289,1228
35.6542,-105.1419,1500
46.9006,-95.0678,1420
36.1336,-80.2222,354
43.1072,-78.9453,22
34.2486,-82.1592,840
59.6419,-151.4908,814
41.0136,-83.6686,1441
36.0467,-79.4769,216
