33.2422,-103.3611,106
44.6342,-123.1900,72
34.8219,-89.4347,156
34.6089,-96.3331,128
36.0147,-85.1314,83
33.8936,-97.2692,139
34.9142,-98.2922,111
34.1678,-97.9883,139
35.1297,-89.8036,111
45.6750,-111.1550,44
34.5289,-97.7647,122
36.8981,-96.9103,100
35.4842,-98.4814,106
36.4711,-86.8414,94
34.5872,-99.3381,122
38.7386,-87.4878,100
63.9033,-152.2817,-39
31.3706,-100.4942,128
32.8978,-90.8853,144
47.0575,-109.9514,39
33.4692,-88.7822,144
38.4931,-88.9703,50
44.9847,-93.1772,0
36.1472,-97.2858,111
34.7281,-90.3683,144
30.7342,-85.0306,178
33.3867,-97.7164,139
34.1936,-97.5881,122
36.1903,-99.0403,111
41.4439,-86.9294,33
31.3625,-85.3397,150
34.1925,-86.7972,133
35.1489,-98.4658,117
63.9647,-145.1050,-144
34.9819,-97.5208,117
35.9986,-97.0481,106
35.1131,-89.2122,139
35.6872,-90.0964,94
31.8769,-105.2369,144
34.5519,-96.7178,122
35.2006,-103.6867,106
34.7392,-90.7664,106
41.6661,-111.8914,56
33.8103,-91.2778,106
35.4139,-86.8086,94
39.3925,-101.0689,72
36.7481,-98.3628,111
35.2050,-99.8033,106
34.2392,-98.7444,128
29.6211,-96.3661,172
30.5497,-84.5836,183
36.0719,-99.9031,106
35.5419,-97.3414,117
35.8417,-98.5261,111
33.7092,-93.5564,133
36.2872,-88.2958,144
40.1100,-87.9567,0
32.4219,-93.6381,133
36.4119,-97.6939,111
35.8819,-83.9572,117
36.1167,-97.6067,117
36.0908,-106.0567,67
31.0383,-85.8708,194
45.4825,-120.7236,94
36.7925,-97.7458,106
35.5483,-98.0364,111
36.3842,-98.1114,111
44.0708,-93.5264,6
36.7081,-98.7094,106
39.7194,-76.8028,17
39.4833,-83.8500,39
34.1647,-88.7239,100
36.9869,-99.0108,100
34.7292,-98.5694,111
34.1381,-88.9983,122
34.9897,-99.0528,117
36.4231,-99.4167,111
35.3647,-96.9481,106
32.8986,-80.0403,150
44.2394,-95.3153,6
40.2539,-85.1483,39
35.6528,-96.8042,111
38.9422,-92.3200,61
43.2828,-123.3536,94
34.5658,-96.9503,133
44.8831,-85.6753,6
35.9328,-88.7267,89
39.8058,-90.8236,44
34.8083,-98.0233,117
34.7986,-96.6692,117
41.1453,-85.4897,-22
35.3736,-83.7006,78
32.2061,-90.5133,183
35.8989,-98.9603,106
35.4017,-99.0583,117
35.2358,-97.4647,111
31.2353,-88.9186,183
38.5350,-121.7761,167
36.1208,-97.0953,117
40.9361,-90.7197,44
39.3669,-101.7000,67
46.7281,-116.9558,72
35.5083,-98.7750,111
34.7675,-106.7611,100
35.1228,-99.3600,117
36.0642,-97.2128,117
38.5200,-89.8467,50
41.0267,-86.5867,78
34.3325,-96.6789,122
35.2722,-97.9553,111
41.8161,-80.4250,6
34.8358,-99.4239,106
34.4397,-99.1375,122
34.6892,-86.8819,139
36.5994,-89.9894,50
35.5461,-99.7278,106
40.4750,-86.9919,17
32.8472,-97.4761,156
40.8142,-85.1547,-6
34.9678,-97.9519,122
36.7542,-97.2544,100
35.1867,-102.0797,100
34.5989,-103.2161,67
36.3558,-97.1531,106
34.8494,-97.0031,111
36.0286,-99.3464,111
34.1922,-97.0858,128
35.0708,-96.3561,117
34.1864,-90.5572,117
40.4719,-74.4364,17
35.1714,-96.6311,122
34.3997,-98.3458,122
35.6214,-88.8456,94
33.9208,-96.3203,144
30.5467,-87.8808,178
36.3444,-88.8636,83
35.8489,-97.4797,117
42.0208,-93.7742,6
34.4744,-91.4172,139
36.3925,-89.0317,139
31.1414,-87.0486,172
35.0322,-97.9144,117
36.6897,-108.3086,106
36.8314,-99.6411,106
36.1056,-82.8436,72
40.7833,-81.9167,11
34.3086,-95.9969,122
34.2281,-97.2014,128
35.8542,-97.9544,117
31.9461,-90.3775,172
40.0739,-87.5067,33
45.5900,-95.8744,0
35.5914,-99.2706,117
35.7197,-86.9653,106
36.2633,-98.4975,111
42.1397,-87.7853,39
36.7256,-99.1422,106
34.7156,-97.2292,117
34.6856,-99.8333,117
34.0356,-96.9433,133
32.4714,-87.2314,206
