18.1747,-66.7978,2
31.2022,-93.5725,47
40.7264,-122.7947,45
43.8544,-116.4664,0
36.9969,-119.7072,47
45.3128,-107.9383,53
40.7142,-122.4161,51
42.9592,-120.7897,97
39.9000,-98.0256,240
40.6117,-122.5281,11
31.6164,-94.6431,39
43.8083,-111.7892,322
34.5822,-119.9817,39
35.3872,-76.7764,161
31.8769,-105.2369,68
40.5764,-105.0858,13
36.4622,-116.8669,237
34.5697,-93.1947,24
30.8408,-89.5453,3
37.5147,-122.0325,195
32.8964,-107.3078,79
30.7931,-94.1819,19
38.4917,-122.1242,40
47.7283,-104.1467,77
45.9228,-108.2444,0
30.0689,-94.2928,93
18.0331,-67.0722,6
40.1550,-103.1417,296
18.2583,-65.9922,2
35.8819,-83.9572,0
37.7967,-121.5828,0
35.7197,-86.9653,216
34.6033,-104.3811,187
36.8047,-107.6214,117
34.9881,-120.3211,127
31.3706,-100.4942,101
26.8400,-81.0872,142
42.1231,-111.3133,117
37.3822,-102.2986,185
38.7978,-99.7231,486
37.7617,-117.5658,127
39.0422,-108.4664,82
43.5492,-71.4647,188
36.0147,-85.1314,174
30.2003,-92.6642,58
39.5039,-98.3150,183
35.7047,-101.5492,282
38.4931,-122.0047,84
42.3806,-96.9575,10
32.8522,-95.8864,108
32.2822,-106.7597,47
34.5989,-103.2161,214
35.2006,-103.6867,177
33.0642,-101.0489,182
41.4439,-86.9294,0
33.1481,-95.6269,0
34.1647,-88.7239,0
36.5508,-114.4581,8
33.1461,-107.1842,56
44.8831,-85.6753,201
26.5581,-99.1372,19
25.8175,-80.2858,82
31.9497,-91.2336,13
39.6619,-99.1228,76
44.3089,-85.2050,143
38.0047,-120.4864,42
30.7053,-104.0233,23
39.4031,-99.4192,98
36.6897,-108.3086,85
32.4219,-93.6381,63
37.9931,-100.8122,182
29.6211,-96.3661,43
27.4272,-80.4053,111
32.3378,-89.0817,66
32.9203,-94.7225,50
