36.3200,-115.7000,287
36.7200,-106.2600,219
43.8000,-114.8500,359
43.7600,-116.1000,13
35.7700,-105.7800,120
36.5100,-106.3200,9
40.3000,-111.2600,236
43.7600,-115.2400,145
43.7300,-113.8300,184
39.1900,-120.2600,286
39.3600,-106.0600,175
36.2500,-115.6300,195
39.2900,-117.1100,216
36.8600,-106.2300,13
46.2400,-117.3900,225
44.2100,-110.6700,234
44.7900,-116.0900,189
38.4000,-119.5400,191
35.9200,-106.3900,245
48.7200,-116.4600,40
41.4000,-107.2600,173
36.1900,-105.5600,60
40.8300,-111.7600,104
36.0300,-106.8100,88
36.0700,-105.6300,238
36.9600,-106.6600,179
35.3400,-111.6500,271
36.7900,-105.2400,84
39.4300,-120.3100,219
36.0000,-106.8300,311
40.5300,-106.7800,38
36.3100,-115.6800,167
39.8000,-106.0300,231
36.9900,-105.2600,220
36.1300,-105.5300,97
44.3800,-116.3400,208
39.3100,-111.4300,266
35.7800,-105.5400,274
