32.5667,-117.1167,29
36.3200,-115.7000,9
40.2342,-85.3936,64
30.0494,-90.0289,31
43.9906,-70.9475,34
45.6194,-121.1661,35
35.2333,-101.7089,68
34.2622,-88.7714,30
32.3367,-90.2214,25
32.6500,-114.6167,34
37.1431,-107.7597,25
37.4389,-105.8614,41
30.0481,-102.2131,26
34.2675,-77.8997,44
45.2486,-122.7686,18
46.7708,-100.7603,21
34.2008,-119.2069,19
35.2372,-120.6414,60
28.8208,-81.8097,32
43.0661,-108.4767,13
60.7850,-161.8292,33
64.7767,-141.1483,24
41.6117,-90.5808,59
37.2253,-89.5706,60
39.4206,-79.0050,116
38.8169,-92.2183,63
27.4981,-80.3767,17
40.4122,-86.9369,62
38.9286,-90.4281,61
34.8822,-95.7831,41
35.0169,-80.6206,43
38.3000,-76.4167,64
36.2117,-115.1958,23
41.3461,-82.1794,64
47.8344,-120.0006,0
40.9781,-124.1086,25
46.7994,-102.7972,43
36.7200,-106.2600,4
37.7461,-97.2211,79
41.7806,-122.4717,30
33.0375,-116.9158,21
42.8153,-108.7261,18
34.9883,-117.8647,44
38.6644,-94.8900,45
32.5722,-116.9794,28
36.0097,-94.1694,35
42.5950,-87.9381,55
43.8000,-114.8500,12
39.6014,-116.0056,27
47.2856,-68.3133,53
34.1750,-91.9347,36
43.0206,-102.5183,41
39.7333,-77.4333,44
44.4683,-73.1500,62
41.8833,-91.7167,58
39.8233,-93.5792,55
46.6461,-119.9061,49
43.5164,-112.0672,56
36.0394,-95.9844,46
29.7333,-85.0333,40
34.4258,-119.8425,17
43.9922,-76.0217,55
41.6764,-70.9583,44
44.1278,-123.2206,30
42.2333,-83.5333,74
31.3214,-85.4497,43
38.3794,-81.5900,47
37.9050,-93.3169,72
46.9208,-114.0925,28
36.7414,-104.5022,54
41.2531,-70.0608,68
44.2558,-121.1392,27
41.5272,-85.7922,68
31.3558,-85.7511,29
44.3592,-89.8369,58
37.3278,-95.5042,43
48.8700,-121.7900,0
40.1100,-87.9567,89
41.6264,-80.2150,52
60.1283,-149.4167,32
47.6497,-120.0800,4
43.9658,-107.9508,17
42.2667,-84.4667,61
35.1442,-111.6664,19
61.2169,-149.8550,15
40.0397,-88.2778,79
64.5500,-149.0717,24
26.2500,-80.1083,33
36.9839,-77.0075,30
35.5953,-82.5567,22
48.4608,-119.5167,23
40.0681,-118.5692,25
40.9339,-72.7394,0
21.4500,-157.7833,11
38.8761,-98.8092,87
39.9508,-119.5986,18
30.0675,-95.5561,13
44.3394,-105.5419,69
41.0089,-74.7367,29
34.0511,-118.2353,6
37.9272,-100.7247,88
39.3792,-74.4242,50
26.5361,-81.7550,23
39.8447,-89.6839,60
37.2839,-98.5528,82
39.5703,-104.8489,61
64.3267,-158.7417,12
40.4847,-80.2144,71
30.5892,-96.3647,17
43.7600,-116.1000,10
44.7694,-106.9689,27
44.0511,-101.6011,35
40.7789,-73.9692,43
44.5344,-72.6144,33
34.9894,-99.0525,63
35.3889,-97.6006,60
35.4344,-119.0542,16
33.9786,-98.4928,61
39.0725,-95.6261,65
45.8619,-96.5650,31
36.3189,-119.6289,23
35.7700,-105.7800,2
36.5100,-106.3200,276
41.8161,-80.4250,45
40.6825,-74.1694,72
40.0803,-95.5919,67
27.7839,-97.5108,25
41.9097,-70.7294,50
46.7439,-117.1086,33
42.9486,-78.7369,72
37.9917,-122.0550,35
42.6958,-73.1708,38
29.3389,-98.4719,23
42.6425,-77.0564,60
42.7431,-73.8092,59
42.0647,-104.1528,68
28.4339,-81.3250,29
44.3814,-100.2856,28
41.1519,-104.8061,63
42.3200,-120.8300,18
44.3853,-74.2067,41
33.6267,-116.1594,23
37.6542,-122.1150,38
40.4422,-109.5144,20
34.0500,-94.4008,11
41.6686,-70.2800,56
38.3650,-82.5550,41
33.6228,-111.9106,16
41.1583,-73.1289,51
33.6361,-91.7556,35
59.7494,-154.9089,54
39.4519,-87.3089,64
36.7800,-119.7194,27
42.7900,-121.9800,0
40.3000,-111.2600,11
37.0911,-95.5664,64
30.0375,-91.8839,21
42.9550,-87.9044,58
42.1469,-121.7242,26
32.3542,-95.4025,27
39.9369,-91.1919,64
41.4525,-87.0058,55
37.7214,-122.2208,41
42.9667,-83.7494,68
37.2833,-102.6139,67
45.7728,-122.8611,9
40.8764,-74.2831,42
34.6517,-112.4208,31
36.0969,-79.9433,47
33.8117,-78.7239,34
33.1783,-86.7817,21
37.5050,-77.3203,55
45.0717,-83.5644,68
45.6689,-96.9914,27
38.9408,-77.4636,64
42.8939,-85.5447,65
42.5519,-71.7558,47
32.5428,-93.7450,16
41.2639,-72.8872,35
34.2006,-118.3575,17
58.6794,-156.6294,56
62.3200,-150.0950,26
47.5303,-122.3008,23
38.5050,-107.8975,29
45.4558,-98.4131,26
45.5511,-122.4089,22
42.1094,-77.9919,81
41.6328,-91.5431,55
43.7600,-115.2400,8
28.5083,-81.5467,0
33.2119,-87.6161,22
46.9253,-96.8111,36
46.1569,-123.8825,27
34.9869,-81.0575,36
40.8436,-72.6322,54
41.0731,-71.9233,43
41.3375,-84.4289,53
39.3669,-101.7000,58
36.3333,-119.9500,44
39.9444,-81.8922,45
33.4050,-118.4158,23
34.6294,-118.0836,42
34.4272,-100.2831,53
31.4208,-110.8458,28
37.3031,-108.6275,34
39.2292,-106.3169,26
44.5483,-95.0803,33
29.7036,-98.0281,24
43.7300,-113.8300,8
33.8750,-84.3022,36
40.8217,-72.8689,57
42.5544,-92.4011,62
36.1189,-86.6892,43
39.1900,-120.2600,31
32.6847,-83.6528,30
42.4092,-83.0100,63
36.6239,-87.4194,54
48.5428,-109.7633,54
32.2622,-107.7206,43
39.7750,-105.1169,13
40.8203,-82.5178,58
44.2667,-71.2994,241
31.3711,-100.4922,25
35.6169,-106.0889,45
30.3208,-97.7603,13
40.0489,-107.8853,24
41.5944,-109.0528,36
35.5931,-88.9167,49
40.5764,-105.0858,9
42.7611,-87.8136,58
41.5631,-83.4764,61
47.4444,-122.3139,26
46.0947,-118.2869,36
39.3450,-81.4392,40
32.9733,-97.3181,20
27.5333,-99.4667,30
30.7797,-86.5225,31
38.6956,-121.5897,13
48.0944,-105.5744,27
33.9519,-117.4386,21
48.2553,-101.2733,37
41.4333,-99.6333,51
7.0833,171.3833,46
39.7194,-76.8028,89
38.8000,-97.6500,82
71.2833,-156.7814,25
31.3347,-92.5586,13
29.6381,-95.2819,14
45.0133,-84.7014,42
42.7461,-86.0967,51
40.1519,-122.2536,19
33.5656,-86.7450,26
27.9106,-82.6875,38
42.1128,-92.9175,55
37.3711,-118.3581,17
30.4781,-87.1869,46
29.1097,-95.4619,16
40.1203,-76.2944,59
39.4717,-76.1697,27
43.4075,-94.7461,55
44.6381,-90.1875,58
30.6794,-88.2397,26
32.7667,-97.4500,31
38.4167,-113.0167,54
46.4167,-86.6500,72
33.9381,-118.3889,30
47.9078,-122.2803,27
40.7794,-73.8803,79
32.7336,-117.1831,24
38.7642,-87.6056,67
45.8183,-88.1144,60
66.9161,-151.5089,28
37.7086,-113.0944,30
40.2064,-100.5914,59
39.3600,-106.0600,13
35.8922,-78.7819,27
36.0167,-102.5500,88
38.1811,-85.7392,67
26.0719,-80.1536,32
40.6331,-93.9019,68
33.6800,-117.8664,24
41.5333,-71.2833,45
36.2500,-115.6300,13
28.4736,-82.4544,24
17.7028,-64.8056,32
48.5222,-123.0231,18
40.6161,-83.0636,67
38.8853,-79.8528,63
39.4019,-77.9844,72
42.4167,-87.8667,47
70.6392,-159.9950,34
29.1828,-81.0483,35
43.1406,-89.3453,50
37.2958,-81.2078,51
32.3336,-104.2581,34
25.7906,-80.3164,28
26.9172,-81.9914,33
32.8342,-115.5786,38
31.9514,-85.1289,19
34.7442,-87.5997,33
33.4669,-82.0386,34
39.1667,-76.6833,55
35.9333,-79.0642,34
45.1947,-123.1339,16
18.3331,-64.9667,34
41.8678,-84.0794,68
44.3675,-71.5450,35
41.1078,-92.4467,60
36.1625,-97.0894,52
47.9375,-124.5550,20
34.6242,-106.3103,0
41.1214,-100.6694,48
24.5550,-81.7522,28
43.7700,-88.4864,63
39.2900,-117.1100,9
46.0261,-91.4442,25
28.8614,-96.9303,24
45.5433,-94.0514,34
28.9844,-95.3808,18
41.5175,-81.6836,52
40.4719,-81.4236,46
24.5833,-81.6833,31
40.6508,-75.4492,52
41.5092,-74.2650,48
32.8519,-96.8556,25
36.8167,-76.0333,62
18.2550,-65.6408,31
38.8100,-104.6883,53
34.1853,-79.7239,43
41.2433,-76.9217,51
25.9069,-80.2803,26
47.0492,-109.4578,53
36.7683,-96.0261,51
31.4156,-87.0442,15
42.3075,-85.2511,62
43.5331,-84.0797,77
36.9878,-120.1106,38
41.1389,-75.3794,76
38.7550,-109.7542,18
40.2383,-75.5572,44
35.5144,-108.7939,31
33.9706,-80.9958,25
34.2167,-119.0833,14
48.2138,-106.6213,61
48.1203,-123.4983,20
35.2236,-80.9553,34
26.1522,-81.7753,35
44.5169,-108.0822,15
38.6572,-90.6558,49
47.9742,-117.4283,34
39.3756,-99.8297,70
38.8983,-119.9947,20
31.9433,-102.1889,42
34.2900,-93.0600,31
28.0622,-81.7542,29
44.8428,-117.8086,28
39.7556,-82.6572,47
30.4000,-81.4167,34
35.2578,-93.0947,15
18.4325,-66.0108,28
34.6439,-86.7861,32
31.6072,-110.4281,36
37.2622,-104.3378,37
40.2769,-74.8158,52
36.8600,-106.2300,334
42.0800,-80.1825,43
63.9944,-145.7214,56
47.3258,-106.9475,44
46.5486,-90.9189,46
55.5800,-133.0750,27
46.8706,-68.0172,41
32.8158,-117.1394,28
47.4933,-122.2144,16
30.1831,-97.6800,21
35.1822,-103.6031,70
40.8289,-115.7886,26
33.3644,-81.9633,41
39.4781,-88.2803,79
21.3167,-158.0667,15
43.3500,-73.6167,43
59.4556,-135.3239,15
30.9119,-102.9167,41
39.1258,-123.2008,26
37.7064,-112.1456,33
44.9047,-97.1494,19
45.5464,-100.4078,22
40.1667,-103.2167,73
43.1711,-86.2367,64
33.7792,-84.5214,29
60.7850,-148.8389,27
31.8606,-86.0122,30
45.0319,-102.0192,47
31.6189,-97.2283,34
35.5342,-97.6469,62
43.8789,-91.2528,43
13.4836,144.7961,39
40.1550,-103.1417,36
47.2675,-122.5761,21
34.8831,-82.2203,36
44.3981,-98.2231,24
31.8311,-104.8089,101
47.6831,-117.3214,4
47.3078,-119.5153,34
39.1333,-86.6167,66
35.8550,-77.8931,40
42.4100,-121.6800,13
40.7833,-91.1253,57
35.0028,-105.6628,57
39.9181,-76.8742,62
67.7317,-164.5483,34
39.6428,-79.9164,37
30.6264,-88.0681,35
40.5175,-122.2986,12
36.6206,-116.0278,28
30.3975,-84.3289,33
42.8375,-103.0953,51
28.7247,-96.2536,22
46.0139,-102.6547,34
45.9647,-112.5006,22
46.2400,-117.3900,7
37.2353,-93.4003,62
38.3083,-75.1239,54
42.8914,-73.2469,40
38.0442,-87.5206,57
19.7192,-155.0531,35
30.5069,-86.9597,29
39.7075,-86.2803,71
37.1319,-76.4930,49
39.6728,-75.6008,69
39.7053,-105.6997,9
26.1839,-98.2539,19
44.7408,-85.5825,56
41.7361,-72.6506,42
38.3306,-96.1897,79
22.0333,-159.7833,29
48.6033,-112.3753,29
43.4133,-124.2436,30
36.2967,-99.7689,72
34.2719,-83.8303,47
41.8706,-103.5931,66
43.8339,-111.8045,53
39.8344,-88.8656,75
39.8328,-104.6575,66
42.2706,-71.8731,72
37.6928,-121.8144,26
42.1928,-89.0931,60
44.2100,-110.6700,13
37.0683,-88.7719,68
39.5936,-84.2264,62
44.0433,-103.0536,45
41.2003,-74.6231,35
33.4964,-90.0867,20
41.4131,-81.8600,65
37.1467,-94.5022,53
32.6261,-116.4681,32
36.1994,-95.8872,55
47.6428,-115.9172,0
39.1033,-84.4189,55
57.1553,-170.2222,127
45.0800,-117.5500,14
40.6675,-89.6839,41
46.8369,-92.2097,62
40.1764,-80.6472,63
30.7044,-87.0231,31
37.6544,-97.4425,81
37.7081,-77.4344,35
32.7817,-98.0603,30
44.7900,-116.0900,10
39.4900,-121.6183,9
46.9258,-98.6692,25
31.5358,-82.5067,30
34.9000,-76.8833,38
42.8050,-72.0036,41
41.7219,-71.4325,56
35.0564,-89.9864,43
35.3331,-94.3625,22
41.3931,-70.6150,58
44.4983,-88.1111,61
36.6636,-121.6081,46
39.3667,-75.0667,50
55.0389,-131.5786,31
37.0872,-84.0769,34
34.0158,-118.4514,19
29.9506,-94.0206,21
31.3928,-92.2956,15
41.5097,-72.8278,47
42.5906,-117.8644,30
32.4833,-80.7167,43
41.6875,-69.9933,45
27.6531,-80.2428,24
43.1544,-93.3269,55
37.6242,-120.9506,43
34.7000,-77.3833,43
38.1386,-78.4530,38
41.9950,-87.9336,63
7.3333,134.4833,18
26.2281,-97.6542,32
29.3783,-100.9269,37
35.9403,-89.8308,66
33.8117,-118.1464,18
38.4000,-119.5400,16
34.4978,-82.7097,42
39.5781,-85.8033,65
46.1442,-115.5964,5
40.5100,-101.6200,55
70.1917,-148.4772,53
44.1708,-114.9272,10
41.3119,-105.6747,107
43.2781,-70.9222,55
42.4819,-114.4869,43
30.3489,-85.7881,31
59.4433,-151.7017,9
32.5156,-92.0406,27
33.2367,-107.2681,35
32.6808,-96.8681,25
30.3433,-89.8222,9
37.7608,-99.9683,95
42.7803,-84.5789,59
31.8456,-86.6108,33
32.7100,-96.2672,28
42.5417,-113.7661,37
35.0678,-77.0481,37
38.0494,-103.5122,52
30.8356,-85.1839,30
44.0206,-117.0128,28
38.2900,-104.4983,39
55.3567,-131.7117,41
59.2433,-135.5094,50
41.0375,-81.4642,64
29.9933,-90.2511,29
36.9358,-121.7886,16
39.3644,-84.5247,48
38.5911,-92.1558,43
47.0339,-120.5303,35
45.8258,-119.2611,29
47.4667,-87.8833,70
30.7406,-98.2353,20
31.4583,-109.6061,25
36.7436,-108.2292,52
48.7939,-122.5372,14
38.9597,-94.3714,68
39.5514,-97.6508,72
34.3622,-98.9761,58
61.1000,-149.6936,107
39.2231,-106.8683,22
15.1167,145.7167,51
47.2078,-119.3192,30
40.8097,-124.1603,17
41.6236,-98.9517,48
39.8683,-75.2311,69
38.2281,-85.6636,54
41.1014,-102.9847,64
46.1236,-67.7928,25
40.7083,-84.0267,69
40.8500,-74.0614,55
44.3744,-70.3164,9
38.5000,-77.3000,53
34.8536,-116.7858,57
32.8978,-97.0189,28
39.1894,-103.7158,58
36.6950,-76.1356,33
33.1281,-117.2794,20
44.4911,-71.5725,0
31.1500,-92.9667,6
35.4111,-80.5833,13
29.6333,-83.1053,30
47.8306,-110.6608,27
42.9203,-112.5711,36
35.9200,-106.3900,3
43.7694,-87.8506,61
43.6497,-70.3003,50
36.5881,-121.8453,23
30.5108,-99.7664,11
48.7200,-116.4600,5
47.3000,-121.6000,6
31.1828,-90.4708,22
41.7781,-80.6958,49
34.5467,-93.5781,15
37.6703,-95.4842,60
35.9508,-85.0814,41
35.2578,-113.9331,43
45.6478,-68.6925,35
34.7336,-76.6606,42
28.5453,-81.3331,41
43.1561,-90.6775,38
41.4000,-107.2600,8
26.5850,-81.8614,33
41.7419,-72.1836,39
56.6000,-169.5650,140
38.7667,-104.3000,56
39.3903,-94.5553,98
41.9922,-93.6217,55
43.1111,-76.1039,71
35.7425,-81.3819,40
34.7436,-118.7242,64
33.3075,-104.5083,47
34.8994,-120.4486,47
42.6003,-123.3642,29
33.8281,-116.5053,21
48.7167,-94.6000,48
41.5339,-93.6531,60
42.3811,-122.8722,16
40.4953,-107.5211,15
47.4733,-111.3822,29
39.4839,-119.7711,40
46.9733,-122.9033,21
38.5714,-90.1572,57
47.3864,-92.8389,56
45.8678,-95.3942,36
42.2228,-83.7444,65
42.1244,-86.4267,34
37.3208,-79.2067,31
41.9856,-97.4353,51
39.2775,-120.7103,23
46.5683,-120.5428,20
43.9636,-69.7117,25
43.3906,-99.8422,31
35.1350,-90.2344,42
35.4319,-82.5375,55
30.7439,-95.5861,12
36.1900,-105.5600,5
39.0083,-95.2117,65
34.7675,-114.6189,26
39.8250,-86.2958,55
44.6500,-73.4667,50
55.2208,-162.7325,128
34.2097,-118.4892,19
41.4914,-120.5644,26
30.3567,-95.4139,12
33.4617,-80.8581,39
44.8831,-93.2289,44
47.9428,-97.1839,41
38.8317,-94.8897,73
38.8483,-77.0342,65
31.2819,-89.2531,22
43.6264,-72.3047,38
34.6719,-82.8864,50
44.9050,-123.0011,31
32.5161,-84.9422,27
41.3714,-73.4828,40
36.9647,-86.4239,35
58.3567,-134.5639,13
29.6919,-82.2756,35
39.1208,-94.5969,67
26.1658,-97.3458,32
38.0408,-84.6058,52
36.9261,-111.4478,16
29.2733,-94.8592,25
39.5264,-107.7264,27
35.8311,-90.6464,60
41.9144,-88.2464,60
41.8756,-71.0211,39
46.4047,-94.1308,36
42.3978,-90.7036,63
-14.3306,-170.7136,15
27.4014,-82.5586,40
37.5908,-83.3131,27
34.1167,-119.1167,21
35.2100,-99.1200,74
33.4825,-90.9853,37
35.6567,-95.3614,47
44.8322,-93.4706,40
34.9914,-78.8803,45
35.2325,-75.6219,46
45.5644,-84.7928,72
61.1689,-150.0278,27
47.7472,-90.3444,34
29.9800,-95.3600,11
32.2997,-86.4075,30
34.7272,-92.2389,38
42.6650,-83.4181,71
36.2833,-94.3000,49
39.1342,-108.5400,39
33.5872,-85.8556,32
40.8300,-111.7600,16
30.4844,-81.7019,41
38.1847,-84.9033,41
43.2119,-90.1814,48
29.5622,-91.5256,10
40.8250,-92.8925,85
33.8719,-117.9789,18
47.1686,-88.4889,95
40.0819,-75.0111,60
41.5886,-83.8014,59
36.0300,-106.8100,4
43.3497,-76.3847,68
40.8731,-81.8867,71
39.0431,-84.6717,68
25.9989,-80.2411,26
36.0700,-105.6300,3
36.7367,-97.1019,64
31.3500,-85.6667,26
39.4203,-83.8217,63
41.8056,-107.1997,37
38.0511,-117.0903,28
43.1167,-77.6767,68
34.7917,-79.3661,37
42.8975,-106.4636,38
48.5614,-93.3981,51
35.7047,-101.5492,107
32.1314,-110.9553,37
7.4500,151.8333,28
26.1969,-80.1708,24
36.6817,-101.5053,84
34.8461,-82.3461,33
45.6983,-110.4408,38
36.0236,-84.2375,22
41.7072,-86.3164,75
44.5761,-71.1786,33
30.7825,-83.2767,9
27.7628,-82.6261,35
33.6542,-101.8136,60
37.1681,-97.0369,65
40.1606,-113.3508,34
43.1953,-71.5011,47
30.2050,-91.9875,25
26.6847,-80.0994,31
31.0425,-86.3117,10
30.5372,-91.1469,27
43.1644,-95.2017,46
6.9667,158.2167,16
62.9614,-141.9292,5
42.3914,-96.3792,43
57.0481,-135.3647,70
42.9333,-71.4383,44
46.3583,-104.2500,57
45.8069,-108.5422,27
39.9492,-74.8417,49
41.7803,-124.2367,26
33.4536,-94.0075,21
47.6458,-101.4394,26
45.6044,-103.5464,53
30.5844,-97.4156,18
42.5700,-72.2911,45
60.4889,-145.4511,9
35.0281,-110.7208,38
20.8997,-156.4286,27
45.4622,-69.5953,47
40.9706,-85.2064,60
32.6636,-97.0939,27
33.9486,-81.1186,39
31.2361,-94.7544,16
42.4933,-79.2722,48
40.0781,-83.0781,64
40.1936,-76.7633,72
44.3592,-84.6739,64
31.3072,-95.4508,0
62.1592,-145.4589,23
66.8667,-162.6333,29
36.2667,-93.1567,44
57.7511,-152.4856,79
30.3503,-81.8831,29
40.9656,-105.2186,27
32.3347,-88.7442,21
42.5844,-110.1075,27
60.5797,-151.2392,52
46.2667,-119.1167,30
39.4167,-118.7167,22
42.4700,-71.2894,47
38.2103,-122.2847,25
33.9753,-117.6361,21
44.5228,-114.2150,15
37.4058,-122.0481,30
32.0311,-96.3989,35
40.6386,-73.7622,82
39.1353,-96.6778,80
62.9575,-155.6103,10
33.3633,-84.5658,31
41.6267,-73.8842,34
35.6875,-117.6931,40
34.5183,-109.3792,27
41.1783,-78.8989,65
46.6056,-111.9636,13
37.3169,-79.9742,67
42.0572,-102.8000,69
45.5406,-122.9486,11
38.6892,-75.3592,42
32.4106,-99.6822,34
28.4567,-99.2183,19
40.0972,-92.5433,70
41.3103,-95.8992,64
42.1208,-87.9047,46
38.9833,-76.4667,51
47.4569,-115.6450,31
34.6081,-79.0592,39
25.9156,-97.4186,30
42.8783,-100.5500,40
41.7700,-88.4814,52
38.9503,-95.6639,67
36.2606,-76.1750,54
32.8547,-109.6353,33
27.9619,-82.5403,39
36.9600,-106.6600,8
36.9500,-76.2833,45
36.1306,-80.5481,4
29.5442,-98.4839,29
32.4506,-93.8411,17
31.5883,-110.3442,32
21.3239,-157.9294,22
37.8892,-121.2258,39
41.4653,-90.5233,42
36.7900,-105.2400,8
40.7342,-73.4169,52
41.9381,-72.6825,62
36.7725,-90.3247,53
33.1803,-96.5903,29
43.5950,-118.9564,40
59.5119,-139.6711,21
39.7736,-94.9233,73
40.8600,-102.8031,36
33.4278,-112.0039,35
45.0619,-93.3508,41
34.7411,-118.2117,66
33.2208,-92.8142,20
32.3206,-90.0778,20
40.8206,-76.8642,48
33.9228,-118.3342,21
36.8781,-91.9025,46
30.1250,-93.2158,21
39.2447,-102.2842,68
34.0561,-117.6003,23
19.7356,-156.0489,31
45.4353,-67.7214,9
43.2389,-123.3547,13
29.3331,-89.4075,32
35.6950,-101.3950,67
47.3600,-121.5700,3
44.8889,-116.1017,11
42.1594,-76.8919,50
39.1019,-121.5678,8
41.3325,-122.3328,13
31.5356,-84.1944,31
42.7172,-71.1239,42
34.7500,-111.4100,4
40.0228,-82.4625,41
44.3814,-106.7211,64
43.9042,-92.4917,62
42.1908,-71.1736,43
44.2033,-72.5794,42
39.4300,-120.3100,7
42.7972,-105.3856,78
36.0000,-106.8300,3
66.0689,-162.7639,72
41.2731,-111.0306,53
29.5189,-95.2417,15
39.7078,-77.7297,88
45.6308,-89.4653,47
40.9167,-81.4333,64
35.9461,-112.1547,24
38.3406,-75.5103,51
47.6217,-117.5281,30
31.8111,-106.3758,29
41.3275,-72.0494,54
41.0669,-73.7075,67
41.7872,-111.8533,24
21.1544,-157.0961,20
47.2381,-123.1408,20
37.3592,-121.9239,37
38.7525,-90.3736,55
45.5114,-118.4247,6
42.4272,-73.2892,51
38.0700,-102.6881,47
43.9844,-88.5569,60
34.6525,-86.9453,39
32.8192,-97.3614,27
33.2194,-117.3494,20
40.5300,-106.7800,8
44.9319,-93.0556,41
40.3161,-78.8339,76
42.2314,-83.3308,67
35.6697,-120.6283,25
41.2544,-80.6739,72
38.1311,-91.7683,55
61.5961,-149.0917,34
38.0653,-97.8606,78
43.5667,-116.2406,23
64.5111,-165.4400,0
30.3361,-81.5147,34
35.0419,-106.6156,67
21.9839,-159.3405,30
41.0467,-78.4117,57
36.3100,-115.6800,2
40.6044,-98.4272,72
41.3336,-75.7269,49
42.5708,-77.7133,63
61.1781,-149.9664,21
32.7000,-117.2000,20
37.7836,-81.1231,54
28.1011,-80.6439,31
31.7800,-103.2017,49
39.8000,-106.0300,380
31.9206,-102.3867,50
25.6475,-80.4331,22
42.1997,-75.9850,59
39.9914,-82.8808,66
42.1578,-72.7161,57
32.3847,-94.7117,27
36.9900,-105.2600,4
36.9033,-76.1922,42
33.6186,-114.7142,33
40.3667,-75.9667,61
47.3978,-120.2014,20
45.7881,-111.1608,17
27.7411,-98.0247,22
35.8517,-97.4142,41
32.1300,-81.2100,40
64.8039,-147.8761,4
40.3547,-79.9217,63
35.1967,-81.1558,30
35.0761,-89.7430,18
29.3600,-99.1742,22
36.4486,-103.1539,81
36.1300,-105.5300,5
27.5000,-97.8167,22
33.2061,-97.1989,26
43.7331,-103.6114,25
30.7167,-87.0167,37
38.8500,-94.7392,70
41.1961,-112.0114,33
40.3300,-75.1225,44
30.2333,-81.6667,44
41.3497,-71.7989,35
41.7861,-87.7522,64
44.7978,-68.8186,41
40.2172,-76.8514,64
27.6833,-97.2833,28
48.3042,-114.2636,30
33.6300,-84.4417,51
42.5842,-70.9175,51
30.4119,-89.0808,24
43.3436,-72.5178,36
44.0219,-82.7931,65
44.3206,-69.7972,43
36.4731,-82.4044,30
48.3500,-122.6667,17
40.2964,-78.3203,86
38.7042,-93.1833,61
33.9481,-83.3275,36
9.4833,138.0833,29
37.6197,-122.3647,81
70.2117,-151.0017,34
38.3775,-121.9575,11
33.6883,-112.0817,32
30.4000,-86.4717,22
34.5583,-98.4172,57
32.8667,-117.1333,32
36.5728,-79.3361,45
40.8508,-96.7475,70
37.2847,-120.5128,38
38.5039,-122.8103,23
40.9611,-98.3136,61
43.7667,-98.0333,24
31.4000,-93.2833,12
45.6906,-118.8528,27
45.6208,-122.6572,11
37.7797,-89.2497,51
34.3478,-85.1611,28
48.1739,-103.6367,17
43.2339,-75.4117,60
37.9406,-75.4631,55
44.9258,-89.6256,52
44.3800,-116.3400,8
39.6092,-110.7547,21
32.8986,-80.0403,43
30.4636,-88.5319,16
39.3100,-111.4300,28
42.3606,-71.0106,64
46.4794,-84.3572,58
29.6222,-95.6564,15
42.9600,-121.1800,3
28.0836,-97.0464,28
42.2347,-85.5519,72
35.6542,-105.1419,56
39.2972,-94.7306,77
36.0719,-115.1633,35
45.5908,-122.6003,15
46.9006,-95.0678,42
36.1336,-80.2222,40
28.7797,-81.2436,36
35.7800,-105.5400,1
43.1072,-78.9453,79
40.7781,-111.9694,47
41.7636,-96.1778,60
34.1231,-84.8486,15
36.3689,-92.4703,29
38.5069,-121.4950,18
44.8664,-91.4878,40
43.0303,-78.1692,58
43.5878,-96.7289,32
24.7258,-81.0517,24
39.2953,-114.8467,48
42.7267,-114.4564,28
39.4494,-74.5672,68
45.2575,-112.5545,25
46.3747,-117.0156,15
39.9061,-84.2186,70
44.5444,-110.4211,8
34.2486,-82.1592,36
40.7939,-73.1017,69
35.0311,-85.2014,34
41.8031,-78.6403,75
59.6419,-151.4908,34
41.0136,-83.6686,64
46.9728,-123.9303,37
44.9358,-74.8458,57
35.8181,-83.9858,41
31.1522,-81.3908,38
36.0467,-79.4769,42
