18.1747,-66.7978,2
31.2022,-93.5725,55
40.7264,-122.7947,14
43.8544,-116.4664,0
36.9969,-119.7072,45
40.7142,-122.4161,31
42.9592,-120.7897,39
39.9000,-98.0256,328
40.6117,-122.5281,0
31.6164,-94.6431,51
43.8083,-111.7892,286
34.5822,-119.9817,40
35.3872,-76.7764,126
31.8769,-105.2369,58
40.5764,-105.0858,92
36.4622,-116.8669,497
34.5697,-93.1947,16
30.8408,-89.5453,3
37.5147,-122.0325,150
32.8964,-107.3078,74
30.7931,-94.1819,5
38.4917,-122.1242,10
47.7283,-104.1467,34
45.9228,-108.2444,0
30.0689,-94.2928,56
18.0331,-67.0722,3
40.1550,-103.1417,377
18.2583,-65.9922,2
35.8819,-83.9572,0
35.7197,-86.9653,48
34.6033,-104.3811,153
36.8047,-107.6214,95
34.9881,-120.3211,129
31.3706,-100.4942,108
26.8400,-81.0872,153
42.1231,-111.3133,85
37.3822,-102.2986,388
36.3444,-88.8636,0
37.7617,-117.5658,153
39.0422,-108.4664,98
32.8242,-95.5275,108
43.5492,-71.4647,106
36.0147,-85.1314,60
30.2003,-92.6642,31
39.5039,-98.3150,275
39.9614,-86.0586,56
35.7047,-101.5492,362
38.4931,-122.0047,50
42.3806,-96.9575,13
32.8522,-95.8864,119
32.2822,-106.7597,47
34.5989,-103.2161,282
35.2006,-103.6867,229
33.0642,-101.0489,185
41.4439,-86.9294,0
33.1481,-95.6269,0
34.1647,-88.7239,0
36.5508,-114.4581,13
33.1461,-107.1842,97
44.8831,-85.6753,143
26.5581,-99.1372,10
25.8175,-80.2858,63
31.9497,-91.2336,18
39.6619,-99.1228,63
44.3089,-85.2050,143
38.0047,-120.4864,35
30.7053,-104.0233,39
39.4031,-99.4192,109
36.6897,-108.3086,68
32.4219,-93.6381,26
37.9931,-100.8122,377
29.6211,-96.3661,56
27.4272,-80.4053,109
32.3378,-89.0817,43
32.9203,-94.7225,31
