46.1569,-123.8825,24
45.5511,-122.4089,14
21.9839,-159.3405,60
45.4622,-69.5953,19
43.1561,-90.6775,12
66.0689,-162.7639,83
30.4000,-81.4167,61
45.6208,-122.6572,2
42.2667,-84.4667,13
38.9833,-76.4667,26
32.2622,-107.7206,22
46.6056,-111.9636,17
34.4258,-119.8425,16
31.1500,-92.9667,8
32.8342,-115.5786,7
39.0083,-95.2117,29
41.5339,-93.6531,22
47.4733,-111.3822,20
37.7081,-77.4344,17
42.3914,-96.3792,46
24.7258,-81.0517,23
40.0228,-82.4625,15
45.0619,-93.3508,16
35.7700,-105.7800,6
41.2731,-111.0306,39
34.2097,-118.4892,12
46.9253,-96.8111,33
33.4050,-118.4158,20
43.6497,-70.3003,14
37.5908,-83.3131,4
44.5444,-110.4211,15
36.0719,-115.1633,21
40.6675,-89.6839,22
30.1831,-97.6800,12
40.2342,-85.3936,16
35.9461,-112.1547,13
27.6833,-97.2833,42
34.2675,-77.8997,64
45.0319,-102.0192,59
39.9444,-81.8922,13
32.5428,-93.7450,13
31.9206,-102.3867,61
35.8922,-78.7819,41
45.5908,-122.6003,16
34.2008,-119.2069,16
38.5714,-90.1572,9
38.1811,-85.7392,26
43.1072,-78.9453,8
42.9486,-78.7369,16
39.1258,-123.2008,12
43.7600,-115.2400,11
35.5931,-88.9167,9
42.4272,-73.2892,12
39.2953,-114.8467,30
41.3103,-95.8992,41
35.9333,-79.0642,34
26.9172,-81.9914,19
40.7789,-73.9692,13
38.9286,-90.4281,14
42.2333,-83.5333,12
45.5464,-100.4078,50
44.3206,-69.7972,14
44.3744,-70.3164,9
42.3978,-90.7036,29
48.2138,-106.6213,75
32.8978,-97.0189,31
47.0492,-109.4578,26
38.0700,-102.6881,53
42.5842,-70.9175,15
39.0431,-84.6717,27
36.0300,-106.8100,5
33.2194,-117.3494,19
46.1442,-115.5964,6
44.2558,-121.1392,22
47.3864,-92.8389,26
40.0489,-107.8853,23
41.8031,-78.6403,11
34.9914,-78.8803,61
41.6117,-90.5808,29
36.0394,-95.9844,17
25.6475,-80.4331,20
45.5433,-94.0514,30
35.0169,-80.6206,46
40.9781,-124.1086,16
32.7336,-117.1831,27
44.2100,-110.6700,17
32.8519,-96.8556,38
36.9600,-106.6600,4
37.3592,-121.9239,19
27.4981,-80.3767,16
40.9017,-117.8081,27
35.6950,-101.3950,38
34.6294,-118.0836,30
44.8889,-116.1017,13
34.8994,-120.4486,17
44.5483,-95.0803,26
27.6531,-80.2428,23
62.9614,-141.9292,30
34.0500,-94.4008,18
30.8458,-85.6014,25
45.6194,-121.1661,28
37.2958,-81.2078,18
37.1431,-107.7597,19
44.0433,-103.0536,50
42.5700,-72.2911,6
43.1953,-71.5011,7
32.6636,-97.0939,30
40.6239,-74.6694,10
38.3306,-96.1897,47
41.2531,-70.0608,48
45.8069,-108.5422,34
36.5100,-106.3200,369
42.8939,-85.5447,14
38.8317,-94.8897,34
43.0661,-108.4767,38
32.5156,-92.0406,22
42.1208,-87.9047,10
31.3500,-85.6667,40
42.8975,-106.4636,30
33.4964,-90.0867,25
35.6575,-109.0614,11
33.6883,-112.0817,15
46.1236,-67.7928,14
43.9042,-92.4917,31
28.7247,-96.2536,29
40.6331,-93.9019,27
36.7436,-108.2292,28
36.2117,-115.1958,23
39.4203,-83.8217,24
33.3633,-84.5658,14
31.1828,-90.4708,17
44.3592,-89.8369,29
43.7694,-87.8506,17
47.1686,-88.4889,32
41.8706,-103.5931,19
47.3600,-121.5700,2
40.2064,-100.5914,60
45.5114,-118.4247,5
35.1822,-103.6031,55
17.7028,-64.8056,27
42.9600,-121.1800,7
44.8428,-117.8086,18
46.0261,-91.4442,27
34.2167,-119.0833,18
37.9050,-93.3169,22
44.1708,-114.9272,12
39.4167,-118.7167,20
28.0836,-97.0464,41
38.8983,-119.9947,17
46.9258,-98.6692,44
35.4111,-80.5833,22
39.7506,-92.5064,27
30.5069,-86.9597,33
41.3119,-105.6747,25
35.4319,-82.5375,11
40.8300,-111.7600,14
60.5797,-151.2392,32
32.6500,-114.6167,16
18.4325,-66.0108,14
36.3200,-115.7000,7
36.6636,-121.6081,23
29.5442,-98.4839,21
46.8706,-68.0172,24
30.3975,-84.3289,33
41.7361,-72.6506,19
40.8764,-74.2831,9
35.0564,-89.9864,21
42.2314,-83.3308,17
31.8606,-86.0122,26
42.1578,-72.7161,18
33.6228,-111.9106,5
36.9839,-77.0075,20
41.1214,-100.6694,54
34.4272,-100.2831,42
45.5406,-122.9486,11
64.7767,-141.1483,31
41.6236,-98.9517,40
48.0944,-105.5744,49
42.0572,-102.8000,36
35.6567,-95.3614,24
29.3331,-89.4075,35
38.7525,-90.3736,15
40.8097,-124.1603,6
42.7611,-87.8136,15
26.0719,-80.1536,19
43.2389,-123.3547,9
41.5333,-71.2833,21
39.9508,-119.5986,36
39.3792,-74.4242,39
43.1406,-89.3453,18
31.4583,-109.6061,24
57.0481,-135.3647,33
64.5500,-149.0717,11
26.5850,-81.8614,19
35.6875,-117.6931,23
28.5453,-81.3331,36
37.7064,-112.1456,31
27.5333,-99.4667,36
45.6044,-103.5464,65
30.0481,-102.2131,32
43.8339,-111.8045,27
38.3775,-121.9575,8
39.5781,-85.8033,24
46.7994,-102.7972,62
38.5039,-122.8103,11
38.0511,-117.0903,24
36.0700,-105.6300,5
36.7900,-105.2400,2
37.7086,-113.0944,21
41.7872,-111.8533,13
31.2819,-89.2531,18
44.9319,-93.0556,23
36.5728,-79.3361,37
34.8831,-82.2203,40
41.8756,-71.0211,9
29.2733,-94.8592,27
60.4889,-145.4511,9
43.8000,-114.8500,10
41.1014,-102.9847,41
29.9933,-90.2511,40
43.7667,-98.0333,40
37.6928,-121.8144,14
55.0389,-131.5786,36
62.1592,-145.4589,41
41.4131,-81.8600,23
34.7442,-87.5997,10
32.8667,-117.1333,25
34.1231,-84.8486,15
43.3436,-72.5178,6
41.3714,-73.4828,12
35.0281,-110.7208,15
33.8281,-116.5053,24
36.3100,-115.6800,1
27.7628,-82.6261,41
37.0683,-88.7719,14
39.5514,-97.6508,50
38.8000,-97.6500,51
35.2578,-93.0947,9
39.2900,-117.1100,7
42.2706,-71.8731,21
42.1997,-75.9850,22
43.3500,-73.6167,3
46.4047,-94.1308,34
34.2719,-83.8303,35
26.6847,-80.0994,25
37.1467,-94.5022,23
37.3169,-79.9742,24
28.0622,-81.7542,32
32.3347,-88.7442,23
47.2381,-123.1408,12
36.8600,-106.2300,265
34.9894,-99.0525,61
32.8192,-97.3614,30
30.5372,-91.1469,17
38.5050,-107.8975,31
33.6300,-84.4417,49
35.2372,-120.6414,34
34.0511,-118.2353,5
29.7333,-85.0333,34
44.0511,-101.6011,47
44.9358,-74.8458,16
47.3978,-120.2014,32
43.1711,-86.2367,13
35.3331,-94.3625,24
36.2833,-94.3000,16
38.9597,-94.3714,28
43.0303,-78.1692,27
35.2236,-80.9553,44
38.9408,-77.4636,24
15.1167,145.7167,43
40.8500,-74.0614,19
37.6544,-97.4425,44
32.0311,-96.3989,26
37.9917,-122.0550,36
32.5500,-88.5667,23
36.5881,-121.8453,15
41.1783,-78.8989,11
36.6817,-101.5053,60
30.5844,-97.4156,0
39.2231,-106.8683,30
46.0139,-102.6547,55
41.0375,-81.4642,16
42.0647,-104.1528,20
36.6239,-87.4194,18
19.7192,-155.0531,25
34.2486,-82.1592,34
44.2033,-72.5794,8
47.2856,-68.3133,30
33.6361,-91.7556,19
61.1689,-150.0278,34
42.7803,-84.5789,11
44.4983,-88.1111,34
43.1111,-76.1039,15
27.9106,-82.6875,35
26.1969,-80.1708,15
47.4667,-87.8833,21
43.5331,-84.0797,15
41.9950,-87.9336,19
39.1033,-84.4189,11
33.4669,-82.0386,43
30.7167,-87.0167,33
33.5656,-86.7450,20
40.0681,-118.5692,13
39.4494,-74.5672,37
41.0669,-73.7075,17
31.3558,-85.7511,19
41.5097,-72.8278,13
41.0136,-83.6686,29
32.2997,-86.4075,33
36.8167,-76.0333,80
40.1606,-113.3508,80
40.7781,-111.9694,31
34.4978,-82.7097,40
39.6428,-79.9164,19
27.5000,-97.8167,31
38.7042,-93.1833,28
47.6217,-117.5281,17
35.8311,-90.6464,26
32.6808,-96.8681,29
33.2208,-92.8142,22
41.8678,-84.0794,19
30.8356,-85.1839,37
43.4133,-124.2436,26
29.6381,-95.2819,16
41.3931,-70.6150,36
31.8311,-104.8089,65
35.6697,-120.6283,14
41.7072,-86.3164,16
43.7700,-88.4864,18
42.8375,-103.0953,27
34.6525,-86.9453,12
34.5183,-109.3792,12
42.1469,-121.7242,15
43.5878,-96.7289,43
34.6439,-86.7861,17
45.7881,-111.1608,22
35.0028,-105.6628,59
41.3275,-72.0494,26
33.9481,-83.3275,32
40.1764,-80.6472,27
37.8892,-121.2258,30
38.7667,-104.3000,24
32.3847,-94.7117,16
48.5222,-123.0231,11
47.2078,-119.3192,21
37.5050,-77.3203,37
39.9181,-76.8742,11
35.8517,-97.4142,38
59.2433,-135.5094,30
43.5667,-116.2406,24
40.6161,-83.0636,22
35.7800,-105.5400,2
40.6508,-75.4492,9
32.1314,-110.9553,21
40.1203,-76.2944,13
37.3711,-118.3581,36
43.7331,-103.6114,22
45.5644,-84.7928,9
48.5614,-93.3981,33
41.1078,-92.4467,34
46.2667,-119.1167,17
39.1894,-103.7158,23
31.4208,-110.8458,9
40.8203,-82.5178,22
28.4567,-99.2183,30
39.1667,-76.6833,22
30.3567,-95.4139,13
42.1244,-86.4267,15
36.2500,-115.6300,13
45.0800,-117.5500,5
31.6072,-110.4281,36
61.1781,-149.9664,29
45.2486,-122.7686,9
57.1553,-170.2222,75
44.3814,-100.2856,49
42.8050,-72.0036,2
33.0375,-116.9158,17
41.5272,-85.7922,21
41.7781,-80.6958,14
48.2553,-101.2733,43
34.3478,-85.1611,11
32.6261,-116.4681,23
34.3622,-98.9761,50
45.8258,-119.2611,23
44.7694,-106.9689,15
34.0158,-118.4514,17
46.0947,-118.2869,25
42.5544,-92.4011,35
24.5550,-81.7522,29
38.3083,-75.1239,57
38.4167,-113.0167,51
33.6800,-117.8664,11
37.6703,-95.4842,34
40.5175,-122.2986,7
35.6169,-106.0889,30
32.5722,-116.9794,18
41.7700,-88.4814,18
43.5164,-112.0672,29
40.9167,-81.4333,27
40.3300,-75.1225,13
48.5428,-109.7633,22
39.4900,-121.6183,10
38.1417,-76.4292,26
38.1847,-84.9033,16
18.2550,-65.6408,16
33.6542,-101.8136,47
32.8986,-80.0403,52
29.7036,-98.0281,22
43.2781,-70.9222,18
44.7900,-116.0900,13
34.1167,-119.1167,26
29.6919,-82.2756,43
39.6014,-116.0056,26
42.6650,-83.4181,12
46.7708,-100.7603,67
37.2833,-102.6139,72
36.9500,-76.2833,64
43.1644,-95.2017,32
44.8322,-93.4706,23
30.4781,-87.1869,30
33.8750,-84.3022,17
46.2400,-117.3900,10
48.1203,-123.4983,17
43.2119,-90.1814,22
29.6333,-83.1053,31
21.1544,-157.0961,52
45.1947,-123.1339,13
40.8206,-76.8642,5
42.1908,-71.1736,11
39.7078,-77.7297,18
40.3547,-79.9217,19
44.5228,-114.2150,19
32.3367,-90.2214,23
44.6381,-90.1875,36
29.3783,-100.9269,44
47.5303,-122.3008,17
37.7608,-99.9683,85
39.7075,-86.2803,28
60.1283,-149.4167,62
37.4058,-122.0481,19
42.7972,-105.3856,39
41.8056,-107.1997,22
40.9706,-85.2064,25
48.7200,-116.4600,17
35.5144,-108.7939,15
39.3667,-75.0667,29
36.8781,-91.9025,12
43.9906,-70.9475,4
35.1350,-90.2344,17
30.3361,-81.5147,41
39.9369,-91.1919,28
45.6478,-68.6925,15
35.7425,-81.3819,26
36.9261,-111.4478,11
34.7336,-76.6606,73
61.5961,-149.0917,31
48.7167,-94.6000,46
64.5111,-165.4400,79
38.9503,-95.6639,31
42.9667,-83.7494,12
37.9406,-75.4631,58
44.3853,-74.2067,5
41.7636,-96.1778,33
41.9097,-70.7294,19
64.3267,-158.7417,9
39.4781,-88.2803,11
70.1917,-148.4772,37
32.3336,-104.2581,37
30.4119,-89.0808,28
39.1333,-86.6167,15
35.1442,-111.6664,14
46.9006,-95.0678,39
43.9636,-69.7117,6
32.7667,-97.4500,27
36.7367,-97.1019,44
47.3078,-119.5153,22
37.0911,-95.5664,22
43.1167,-77.6767,17
43.9658,-107.9508,24
41.7803,-124.2367,16
31.7800,-103.2017,54
27.9619,-82.5403,30
36.0969,-79.9433,42
44.7978,-68.8186,8
42.4167,-87.8667,15
34.6719,-82.8864,31
37.7214,-122.2208,26
45.8183,-88.1144,14
37.4389,-105.8614,23
41.8833,-91.7167,31
41.6264,-80.2150,16
39.4519,-87.3089,17
33.9753,-117.6361,15
42.7431,-73.8092,9
41.4525,-87.0058,19
39.3644,-84.5247,13
18.3331,-64.9667,30
35.0678,-77.0481,64
29.1828,-81.0483,44
32.4106,-99.6822,47
46.3583,-104.2500,44
19.7356,-156.0489,28
46.3747,-117.0156,11
36.9878,-120.1106,27
33.7792,-84.5214,22
36.1306,-80.5481,0
32.6847,-83.6528,34
35.8550,-77.8931,56
42.7900,-121.9800,1
36.3333,-119.9500,34
41.3325,-122.3328,2
32.7000,-117.2000,36
64.8039,-147.8761,16
34.9000,-76.8833,66
31.5358,-82.5067,19
39.6092,-110.7547,24
41.1389,-75.3794,17
37.7461,-97.2211,41
39.8344,-88.8656,19
48.3042,-114.2636,16
40.0781,-83.0781,23
40.4719,-81.4236,13
44.7408,-85.5825,10
21.4500,-157.7833,40
44.1278,-123.2206,18
43.2339,-75.4117,14
46.9208,-114.0925,22
28.7797,-81.2436,42
34.7500,-111.4100,340
40.4953,-107.5211,16
42.5708,-77.7133,22
38.6644,-94.8900,13
30.7406,-98.2353,17
40.0819,-75.0111,26
62.9575,-155.6103,15
36.0000,-106.8300,2
31.4156,-87.0442,24
34.6081,-79.0592,55
39.8683,-75.2311,30
37.6242,-120.9506,38
34.8536,-116.7858,27
30.6264,-88.0681,34
42.7172,-71.1239,10
33.8719,-117.9789,9
33.2367,-107.2681,29
39.9061,-84.2186,22
35.9403,-89.8308,21
37.6542,-122.1150,15
38.0442,-87.5206,19
46.5683,-120.5428,26
45.2575,-112.5545,23
36.1336,-80.2222,41
41.1519,-104.8061,19
42.4092,-83.0100,11
39.7556,-82.6572,17
38.8100,-104.6883,35
30.2050,-91.9875,18
46.7439,-117.1086,11
40.1936,-76.7633,16
34.1750,-91.9347,25
45.4558,-98.4131,33
30.1250,-93.2158,22
44.8664,-91.4878,30
48.4608,-119.5167,30
34.5583,-98.4172,44
34.7411,-118.2117,32
30.3433,-89.8222,17
40.4847,-80.2144,21
32.4833,-80.7167,44
39.3669,-101.7000,47
36.1625,-97.0894,32
33.6186,-114.7142,13
39.2292,-106.3169,36
39.7736,-94.9233,30
36.9033,-76.1922,82
44.3800,-116.3400,14
33.1783,-86.7817,12
41.6875,-69.9933,21
29.3389,-98.4719,17
36.3689,-92.4703,12
33.9486,-81.1186,36
34.7000,-77.3833,70
39.8447,-89.6839,17
41.5944,-109.0528,38
37.1681,-97.0369,41
47.3000,-121.6000,8
36.2667,-93.1567,16
45.6689,-96.9914,21
40.8436,-72.6322,24
42.1128,-92.9175,34
40.1667,-103.2167,34
42.8153,-108.7261,24
30.7797,-86.5225,26
34.7272,-92.2389,20
44.4683,-73.1500,9
31.3711,-100.4922,36
39.4839,-119.7711,22
22.0333,-159.7833,23
41.5631,-83.4764,20
13.4836,144.7961,30
41.9381,-72.6825,21
37.3208,-79.2067,32
29.9506,-94.0206,26
34.1853,-79.7239,51
61.2169,-149.8550,17
36.0167,-102.5500,59
58.6794,-156.6294,21
36.2606,-76.1750,79
41.1961,-112.0114,29
42.2347,-85.5519,7
38.5000,-77.3000,38
41.0731,-71.9233,18
46.8369,-92.2097,63
29.9800,-95.3600,22
41.0089,-74.7367,5
38.4000,-119.5400,11
31.4000,-93.2833,9
28.8208,-81.8097,37
42.6958,-73.1708,6
40.0972,-92.5433,27
40.7794,-73.8803,29
40.8731,-81.8867,16
38.7550,-109.7542,9
20.8997,-156.4286,48
32.9733,-97.3181,23
60.7850,-148.8389,32
34.2900,-93.0600,24
40.7342,-73.4169,29
38.7642,-87.6056,26
42.5906,-117.8644,40
31.3347,-92.5586,18
35.5342,-97.6469,53
40.7939,-73.1017,28
26.2500,-80.1083,20
39.3450,-81.4392,9
27.7411,-98.0247,31
36.7725,-90.3247,11
35.6542,-105.1419,47
41.2639,-72.8872,22
26.2281,-97.6542,30
38.0408,-84.6058,33
33.9228,-118.3342,19
33.2119,-87.6161,21
34.6517,-112.4208,17
62.3200,-150.0950,38
40.8289,-115.7886,23
47.4444,-122.3139,18
39.1019,-121.5678,19
40.8217,-72.8689,14
34.8822,-95.7831,16
29.6222,-95.6564,18
47.0339,-120.5303,21
30.0375,-91.8839,22
39.5936,-84.2264,32
30.9119,-102.9167,68
33.6267,-116.1594,22
32.4506,-93.8411,24
36.7414,-104.5022,31
25.7906,-80.3164,18
26.1658,-97.3458,38
37.2847,-120.5128,29
37.3278,-95.5042,16
27.4014,-82.5586,25
42.7267,-114.4564,31
44.9047,-97.1494,33
47.6458,-101.4394,62
38.0494,-103.5122,38
36.3189,-119.6289,28
44.9050,-123.0011,16
32.3206,-90.0778,32
44.0206,-117.0128,14
38.5911,-92.1558,17
48.3500,-122.6667,37
40.3161,-78.8339,17
43.5950,-118.9564,20
28.8614,-96.9303,24
47.4569,-115.6450,19
38.8853,-79.8528,11
31.8111,-106.3758,15
40.5300,-106.7800,7
41.3336,-75.7269,19
37.9272,-100.7247,72
70.6392,-159.9950,87
44.3675,-71.5450,5
39.3600,-106.0600,8
33.9706,-80.9958,19
56.6000,-169.5650,60
40.2769,-74.8158,23
45.6308,-89.4653,38
42.0800,-80.1825,17
36.9900,-105.2600,4
43.9922,-76.0217,14
39.5703,-104.8489,27
42.9203,-112.5711,29
39.4019,-77.9844,11
37.7836,-81.1231,20
24.5833,-81.6833,34
42.3606,-71.0106,25
34.7917,-79.3661,59
38.6572,-90.6558,5
35.4344,-119.0542,22
32.3542,-95.4025,21
36.1994,-95.8872,32
38.3000,-76.4167,43
39.2972,-94.7306,38
38.8761,-98.8092,57
59.4433,-151.7017,29
42.4933,-79.2722,14
48.6033,-112.3753,33
36.4731,-82.4044,8
33.4825,-90.9853,27
45.6983,-110.4408,35
40.2172,-76.8514,11
30.7439,-95.5861,9
21.3239,-157.9294,40
42.8914,-73.2469,6
33.9381,-118.3889,29
26.1839,-98.2539,32
44.5169,-108.0822,16
41.9922,-93.6217,17
36.4486,-103.1539,58
45.6906,-118.8528,25
47.9078,-122.2803,38
58.3567,-134.5639,16
33.1281,-117.2794,12
33.4278,-112.0039,15
66.8667,-162.6333,83
31.5883,-110.3442,19
47.2675,-122.5761,13
71.2833,-156.7814,68
42.9333,-71.4383,15
39.9492,-74.8417,18
31.3214,-85.4497,36
35.2100,-99.1200,51
55.3567,-131.7117,26
43.6264,-72.3047,5
44.3592,-84.6739,11
39.1342,-108.5400,32
34.7675,-114.6189,17
34.9869,-81.0575,34
31.9514,-85.1289,20
41.7861,-87.7522,28
37.3031,-108.6275,30
46.9728,-123.9303,30
40.7083,-84.0267,26
36.6950,-76.1356,55
38.8483,-77.0342,38
59.5119,-139.6711,10
32.8167,-115.6833,9
31.3089,-86.3939,33
48.7939,-122.5372,8
43.3497,-76.3847,9
34.9883,-117.8647,19
42.7461,-86.0967,12
30.4636,-88.5319,15
37.2253,-89.5706,10
30.0494,-90.0289,50
42.8783,-100.5500,60
30.7044,-87.0231,39
47.9375,-124.5550,31
30.4000,-86.4717,37
37.6197,-122.3647,39
38.2103,-122.2847,25
40.6825,-74.1694,28
47.6800,-121.6100,7
38.6892,-75.3592,41
46.4794,-84.3572,22
41.8161,-80.4250,0
35.8181,-83.9858,14
42.5519,-71.7558,17
41.6328,-91.5431,16
41.6764,-70.9583,18
38.3406,-75.5103,38
44.3394,-105.5419,47
39.3100,-111.4300,29
39.3756,-99.8297,62
45.0717,-83.5644,7
42.3811,-122.8722,9
40.4122,-86.9369,18
26.5361,-81.7550,18
40.3667,-75.9667,13
34.2006,-118.3575,14
45.7728,-122.8611,14
39.8233,-93.5792,17
30.4844,-81.7019,43
47.3258,-106.9475,25
30.5892,-96.3647,15
41.5092,-74.2650,10
36.0097,-94.1694,10
31.1522,-81.3908,46
41.4000,-107.2600,8
40.0803,-95.5919,33
42.1594,-76.8919,14
39.7333,-77.4333,5
63.9944,-145.7214,20
33.8117,-118.1464,21
42.5844,-110.1075,24
44.3981,-98.2231,38
41.4333,-99.6333,51
30.6794,-88.2397,29
42.6425,-77.0564,13
38.3650,-82.5550,14
36.9647,-86.4239,16
46.4167,-86.6500,29
39.1353,-96.6778,25
44.5344,-72.6144,7
39.8000,-106.0300,8
41.6686,-70.2800,22
40.7833,-91.1253,23
44.0219,-82.7931,26
47.7472,-90.3444,37
45.0133,-84.7014,12
36.6206,-116.0278,24
35.1967,-81.1558,41
38.0653,-97.8606,44
44.9258,-89.6256,37
36.2967,-99.7689,55
40.9611,-98.3136,49
41.1583,-73.1289,25
41.9856,-97.4353,55
31.9433,-102.1889,63
41.2544,-80.6739,26
43.8789,-91.2528,30
32.3500,-91.0278,19
37.0872,-84.0769,21
30.3208,-97.7603,9
35.9508,-85.0814,8
42.1094,-77.9919,11
44.5761,-71.1786,6
31.6189,-97.2283,25
32.5161,-84.9422,33
34.2622,-88.7714,22
40.2383,-75.5572,10
43.4075,-94.7461,24
42.3075,-85.2511,13
40.3000,-111.2600,12
43.1544,-93.3269,30
44.6500,-73.4667,13
41.3375,-84.4289,18
36.7683,-96.0261,14
41.6267,-73.8842,12
55.2208,-162.7325,67
31.2361,-94.7544,16
35.2578,-113.9331,28
45.9647,-112.5006,18
38.5069,-121.4950,15
35.0419,-106.6156,24
38.2900,-104.4983,25
41.2433,-76.9217,13
39.2956,-80.2289,27
25.9989,-80.2411,16
40.2964,-78.3203,8
41.5886,-83.8014,21
43.0206,-102.5183,30
46.9733,-122.9033,18
33.9519,-117.4386,11
38.8500,-94.7392,30
59.4556,-135.3239,43
36.9358,-121.7886,13
38.6956,-121.5897,23
59.6419,-151.4908,18
46.4267,-105.8825,38
39.9914,-82.8808,22
36.1189,-86.6892,9
39.1208,-94.5969,30
36.1900,-105.5600,4
42.3200,-120.8300,19
34.5467,-93.5781,6
33.5872,-85.8556,20
41.3461,-82.1794,12
40.6386,-73.7622,26
39.8250,-86.2958,13
33.4536,-94.0075,24
33.3075,-104.5083,39
42.1928,-89.0931,20
35.2333,-101.7089,65
46.5486,-90.9189,30
31.8456,-86.6108,30
29.5189,-95.2417,16
44.8831,-93.2289,27
40.6044,-98.4272,47
41.7219,-71.4325,27
27.7839,-97.5108,31
39.1900,-120.2600,24
37.1319,-76.4930,48
28.4736,-82.4544,30
42.9550,-87.9044,15
39.6728,-75.6008,29
39.2447,-102.2842,37
33.2061,-97.1989,32
47.9428,-97.1839,47
29.1097,-95.4619,22
31.3928,-92.2956,12
60.7850,-161.8292,36
47.9742,-117.4283,15
45.8678,-95.3942,49
30.2333,-81.6667,69
35.3889,-97.6006,50
38.8169,-92.2183,30
36.0236,-84.2375,8
40.8508,-96.7475,41
30.3489,-85.7881,36
37.2353,-93.4003,32
33.4617,-80.8581,48
39.2775,-120.7103,23
34.7436,-118.7242,70
26.1522,-81.7753,24
33.1803,-96.5903,21
30.0675,-95.5561,13
57.7511,-152.4856,45
41.2003,-74.6231,5
42.4700,-71.2894,9
41.4653,-90.5233,20
33.3644,-81.9633,38
34.8461,-82.3461,48
36.7200,-106.2600,4
39.5264,-107.7264,22
42.4819,-114.4869,41
35.2325,-75.6219,63
67.7317,-164.5483,106
42.5950,-87.9381,19
41.7806,-122.4717,16
34.0561,-117.6003,14
29.3600,-99.1742,31
47.4933,-122.2144,11
28.1011,-80.6439,34
40.0397,-88.2778,26
48.1739,-103.6367,38
40.1519,-122.2536,16
39.0725,-95.6261,29
39.4300,-120.3100,7
41.7419,-72.1836,8
44.3814,-106.7211,35
25.9069,-80.2803,21
66.9161,-151.5089,6
38.1311,-91.7683,26
32.7817,-98.0603,31
42.6003,-123.3642,22
33.9786,-98.4928,37
38.2281,-85.6636,20
21.3167,-158.0667,25
32.8547,-109.6353,15
40.5100,-101.6200,40
43.9844,-88.5569,15
30.7825,-83.2767,38
41.0467,-78.4117,16
30.5108,-99.7664,22
36.7800,-119.7194,26
37.2622,-104.3378,36
38.3794,-81.5900,9
41.9144,-88.2464,22
39.3903,-94.5553,18
40.4422,-109.5144,12
37.2839,-98.5528,30
41.4914,-120.5644,11
28.4339,-81.3250,39
35.9200,-106.3900,4
31.5356,-84.1944,32
70.2117,-151.0017,32
43.7600,-116.1000,10
59.7494,-154.9089,34
42.5417,-113.7661,19
32.7100,-96.2672,27
33.8117,-78.7239,56
32.1300,-81.2100,45
35.0311,-85.2014,16
42.2228,-83.7444,11
38.1386,-78.4530,18
37.7797,-89.2497,9
39.8328,-104.6575,34
31.0425,-86.3117,31
41.5175,-81.6836,30
47.6831,-117.3214,13
32.8158,-117.1394,26
41.3497,-71.7989,18
