40.7264,-122.7947,53
38.8586,-99.3358,89
37.2792,-86.2492,38
38.6644,-94.8900,64
37.9050,-93.3169,23
26.3769,-98.8117,64
39.7506,-92.5064,28
33.9544,-102.7783,81
44.6342,-123.1900,41
44.7764,-108.7592,66
40.4750,-86.9919,43
42.9592,-120.7897,74
40.2842,-109.8611,38
26.1781,-97.9708,38
32.7547,-104.3836,71
34.5822,-119.9817,66
40.1739,-101.0611,64
45.7206,-118.6264,48
36.4622,-116.8669,218
34.5697,-93.1947,51
39.0172,-92.7558,20
42.8767,-77.0308,36
39.2494,-106.3714,28
40.4719,-74.4364,28
40.2233,-86.1086,46
18.0331,-67.0722,36
38.4661,-101.7758,89
26.2656,-97.8714,3
36.2403,-106.4278,66
34.6033,-104.3811,56
34.9881,-120.3211,76
31.3706,-100.4942,114
38.7403,-104.3994,84
41.2986,-80.7647,658
38.7978,-99.7231,76
35.6414,-106.3322,81
37.7617,-117.5658,76
39.3903,-94.5553,33
39.0422,-108.4664,33
35.1108,-81.9675,30
32.8242,-95.5275,76
36.0147,-85.1314,43
36.5575,-105.2628,480
38.5200,-89.8467,36
39.0936,-106.3514,28
38.0633,-102.9297,132
34.1981,-101.7461,76
35.4072,-104.1906,56
45.6911,-118.8522,53
35.1161,-93.6506,33
29.8608,-98.1958,64
33.1481,-95.6269,81
36.5508,-114.4581,107
38.2597,-104.7169,43
39.3925,-101.0689,64
41.6661,-111.8914,56
40.2539,-85.1483,38
26.5581,-99.1372,56
30.7189,-97.3211,23
30.7053,-104.0233,38
33.4594,-104.4042,632
37.9931,-100.8122,86
30.6836,-97.7172,46
46.7047,-92.5253,2159
45.4825,-120.7236,74
32.2683,-101.4858,122
32.9203,-94.7225,117
