40.7264,-122.7947,378
38.8586,-99.3358,278
37.9050,-93.3169,250
44.7764,-108.7592,267
40.4750,-86.9919,278
42.9592,-120.7897,278
40.2842,-109.8611,250
34.5822,-119.9817,322
40.1739,-101.0611,311
36.4622,-116.8669,383
42.8767,-77.0308,256
39.2494,-106.3714,122
40.2233,-86.1086,283
38.4661,-101.7758,300
34.9881,-120.3211,306
38.7978,-99.7231,294
37.7617,-117.5658,289
39.0422,-108.4664,189
36.0147,-85.1314,289
36.5575,-105.2628,261
35.4072,-104.1906,372
45.6911,-118.8522,211
36.5508,-114.4581,300
39.3925,-101.0689,278
41.6661,-111.8914,272
40.2539,-85.1483,306
26.5581,-99.1372,222
30.7053,-104.0233,289
37.9931,-100.8122,272
45.4825,-120.7236,206
