32.5667,-117.1167,300
40.2342,-85.3936,60
30.0494,-90.0289,120
43.9906,-70.9475,30
45.6194,-121.1661,280
35.2333,-101.7089,180
34.2622,-88.7714,70
32.3367,-90.2214,70
32.6500,-114.6167,50
37.1431,-107.7597,50
37.4389,-105.8614,350
30.0481,-102.2131,160
34.2675,-77.8997,20
45.2486,-122.7686,190
46.7708,-100.7603,110
34.2008,-119.2069,260
35.2372,-120.6414,310
28.8208,-81.8097,60
43.0661,-108.4767,250
60.7850,-161.8292,140
64.7767,-141.1483,280
41.6117,-90.5808,120
37.2253,-89.5706,20
38.8169,-92.2183,160
27.4981,-80.3767,40
40.4122,-86.9369,70
38.9286,-90.4281,130
34.8822,-95.7831,140
35.0169,-80.6206,40
38.3000,-76.4167,30
36.2117,-115.1958,140
41.3461,-82.1794,50
40.9781,-124.1086,330
46.7994,-102.7972,100
37.7461,-97.2211,180
41.7806,-122.4717,30
33.0375,-116.9158,280
42.8153,-108.7261,240
34.9883,-117.8647,280
32.5722,-116.9794,270
36.0097,-94.1694,180
42.5950,-87.9381,100
39.6014,-116.0056,200
47.2856,-68.3133,330
34.1750,-91.9347,60
43.0206,-102.5183,80
39.7333,-77.4333,20
44.4683,-73.1500,30
41.8833,-91.7167,150
39.8233,-93.5792,110
43.5164,-112.0672,230
36.0394,-95.9844,180
29.7333,-85.0333,80
34.4258,-119.8425,250
43.9922,-76.0217,260
41.6764,-70.9583,50
44.1278,-123.2206,290
42.2333,-83.5333,70
31.3214,-85.4497,60
38.3794,-81.5900,40
46.9208,-114.0925,300
36.7414,-104.5022,340
41.2531,-70.0608,20
44.2558,-121.1392,340
41.5272,-85.7922,50
31.3558,-85.7511,50
44.3592,-89.8369,140
37.3278,-95.5042,210
41.6264,-80.2150,360
60.1283,-149.4167,360
43.9658,-107.9508,110
42.2667,-84.4667,60
35.1442,-111.6664,40
61.2169,-149.8550,340
40.0397,-88.2778,70
64.5500,-149.0717,30
26.2500,-80.1083,150
36.9839,-77.0075,350
48.4608,-119.5167,150
40.0681,-118.5692,230
21.4500,-157.7833,70
38.8761,-98.8092,150
30.0675,-95.5561,90
44.3394,-105.5419,160
41.0089,-74.7367,40
34.0511,-118.2353,280
37.9272,-100.7247,190
39.3792,-74.4242,80
26.5361,-81.7550,150
39.8447,-89.6839,30
37.2839,-98.5528,190
39.5703,-104.8489,160
64.3267,-158.7417,80
40.4847,-80.2144,90
30.5892,-96.3647,40
44.7694,-106.9689,280
44.0511,-101.6011,150
40.7789,-73.9692,60
44.5344,-72.6144,350
34.9894,-99.0525,170
35.3889,-97.6006,150
35.4344,-119.0542,290
33.9786,-98.4928,150
39.0725,-95.6261,150
36.3189,-119.6289,290
40.6825,-74.1694,10
40.0803,-95.5919,120
27.7839,-97.5108,80
41.9097,-70.7294,20
46.7439,-117.1086,280
42.9486,-78.7369,360
37.9917,-122.0550,190
42.6958,-73.1708,330
29.3389,-98.4719,120
42.6425,-77.0564,40
42.7431,-73.8092,320
42.0647,-104.1528,110
28.4339,-81.3250,10
44.3814,-100.2856,140
41.1519,-104.8061,50
44.3853,-74.2067,280
33.6267,-116.1594,140
37.6542,-122.1150,290
40.4422,-109.5144,320
34.0500,-94.4008,80
41.6686,-70.2800,10
38.3650,-82.5550,70
33.6228,-111.9106,220
41.1583,-73.1289,30
33.6361,-91.7556,80
59.7494,-154.9089,300
39.4519,-87.3089,60
36.7800,-119.7194,290
37.0911,-95.5664,190
30.0375,-91.8839,40
42.9550,-87.9044,90
42.1469,-121.7242,280
32.3542,-95.4025,70
39.9369,-91.1919,90
41.4525,-87.0058,130
37.7214,-122.2208,280
42.9667,-83.7494,70
37.2833,-102.6139,170
45.7728,-122.8611,70
40.8764,-74.2831,320
34.6517,-112.4208,310
36.0969,-79.9433,60
33.8117,-78.7239,40
33.1783,-86.7817,120
37.5050,-77.3203,20
45.0717,-83.5644,40
45.6689,-96.9914,110
38.9408,-77.4636,30
42.8939,-85.5447,50
42.5519,-71.7558,360
32.5428,-93.7450,120
41.2639,-72.8872,10
34.2006,-118.3575,170
58.6794,-156.6294,330
62.3200,-150.0950,40
47.5303,-122.3008,190
38.5050,-107.8975,280
45.4558,-98.4131,30
45.5511,-122.4089,90
42.1094,-77.9919,350
41.6328,-91.5431,150
33.2119,-87.6161,60
46.9253,-96.8111,70
46.1569,-123.8825,230
34.9869,-81.0575,20
40.8436,-72.6322,20
41.0731,-71.9233,20
41.3375,-84.4289,50
39.3669,-101.7000,170
36.3333,-119.9500,320
39.9444,-81.8922,70
33.4050,-118.4158,240
34.6294,-118.0836,290
34.4272,-100.2831,180
31.4208,-110.8458,250
37.3031,-108.6275,270
39.2292,-106.3169,350
44.5483,-95.0803,130
29.7036,-98.0281,80
33.8750,-84.3022,70
40.8217,-72.8689,160
42.5544,-92.4011,150
36.1189,-86.6892,120
32.6847,-83.6528,30
42.4092,-83.0100,70
36.6239,-87.4194,30
48.5428,-109.7633,60
32.2622,-107.7206,260
40.8203,-82.5178,40
31.3711,-100.4922,150
35.6169,-106.0889,360
30.3208,-97.7603,140
40.0489,-107.8853,360
41.5944,-109.0528,330
35.5931,-88.9167,50
42.7611,-87.8136,90
41.5631,-83.4764,60
47.4444,-122.3139,250
46.0947,-118.2869,250
39.3450,-81.4392,50
32.3500,-91.0278,50
32.9733,-97.3181,100
27.5333,-99.4667,100
30.7797,-86.5225,30
38.6956,-121.5897,150
48.0944,-105.5744,80
33.9519,-117.4386,270
48.2553,-101.2733,90
41.4333,-99.6333,150
38.8000,-97.6500,200
71.2833,-156.7814,140
31.3347,-92.5586,90
29.6381,-95.2819,40
45.0133,-84.7014,50
42.7461,-86.0967,300
40.1519,-122.2536,310
33.5656,-86.7450,120
27.9106,-82.6875,40
42.1128,-92.9175,170
37.3711,-118.3581,160
30.4781,-87.1869,110
29.1097,-95.4619,20
40.1203,-76.2944,60
43.4075,-94.7461,190
44.6381,-90.1875,140
30.6794,-88.2397,30
32.7667,-97.4500,100
38.4167,-113.0167,210
46.4167,-86.6500,40
33.9381,-118.3889,270
47.9078,-122.2803,190
40.7794,-73.8803,60
32.7336,-117.1831,300
38.7642,-87.6056,80
45.8183,-88.1144,150
66.9161,-151.5089,120
37.7086,-113.0944,200
40.2064,-100.5914,170
46.4267,-105.8825,150
35.8922,-78.7819,50
36.0167,-102.5500,170
38.1811,-85.7392,60
26.0719,-80.1536,140
40.6331,-93.9019,150
33.6800,-117.8664,220
41.5333,-71.2833,30
28.4736,-82.4544,30
17.7028,-64.8056,130
48.5222,-123.0231,360
40.6161,-83.0636,40
38.8853,-79.8528,300
39.4019,-77.9844,60
42.4167,-87.8667,70
70.6392,-159.9950,120
29.1828,-81.0483,20
43.1406,-89.3453,110
37.2958,-81.2078,150
32.3336,-104.2581,170
25.7906,-80.3164,120
26.9172,-81.9914,40
32.8342,-115.5786,120
31.9514,-85.1289,60
34.7442,-87.5997,160
33.4669,-82.0386,40
39.1667,-76.6833,70
35.9333,-79.0642,40
45.1947,-123.1339,260
18.3331,-64.9667,150
41.8678,-84.0794,80
44.3675,-71.5450,290
41.1078,-92.4467,160
36.1625,-97.0894,160
47.9375,-124.5550,160
41.1214,-100.6694,170
24.5550,-81.7522,250
43.7700,-88.4864,130
46.0261,-91.4442,30
28.8614,-96.9303,70
45.5433,-94.0514,60
41.5175,-81.6836,10
40.4719,-81.4236,20
24.5833,-81.6833,250
40.6508,-75.4492,50
41.5092,-74.2650,20
32.8519,-96.8556,110
36.8167,-76.0333,30
18.2550,-65.6408,20
38.8100,-104.6883,140
34.1853,-79.7239,50
41.2433,-76.9217,310
25.9069,-80.2803,150
47.0492,-109.4578,90
36.7683,-96.0261,160
31.4156,-87.0442,50
42.3075,-85.2511,50
43.5331,-84.0797,50
36.9878,-120.1106,300
41.1389,-75.3794,40
38.7550,-109.7542,290
40.2383,-75.5572,20
35.5144,-108.7939,40
33.9706,-80.9958,60
34.2167,-119.0833,270
48.2138,-106.6213,120
48.1203,-123.4983,240
35.2236,-80.9553,30
26.1522,-81.7753,110
44.5169,-108.0822,10
38.6572,-90.6558,90
47.9742,-117.4283,230
39.3756,-99.8297,180
38.8983,-119.9947,180
31.9433,-102.1889,340
34.2900,-93.0600,70
32.8167,-115.6833,140
28.0622,-81.7542,30
44.8428,-117.8086,250
39.7556,-82.6572,70
30.4000,-81.4167,30
35.2578,-93.0947,120
18.4325,-66.0108,80
34.6439,-86.7861,140
31.6072,-110.4281,50
37.2622,-104.3378,30
40.2769,-74.8158,30
42.0800,-80.1825,30
63.9944,-145.7214,300
47.3258,-106.9475,40
46.5486,-90.9189,10
46.8706,-68.0172,350
32.8158,-117.1394,300
47.4933,-122.2144,170
30.1831,-97.6800,70
35.1822,-103.6031,160
40.8289,-115.7886,250
33.3644,-81.9633,30
39.4781,-88.2803,130
21.3167,-158.0667,120
43.3500,-73.6167,160
59.4556,-135.3239,30
30.9119,-102.9167,120
39.1258,-123.2008,340
37.7064,-112.1456,100
44.9047,-97.1494,90
45.5464,-100.4078,100
40.1667,-103.2167,330
43.1711,-86.2367,270
33.7792,-84.5214,60
60.7850,-148.8389,260
31.8606,-86.0122,40
45.0319,-102.0192,160
31.6189,-97.2283,50
35.5342,-97.6469,180
43.8789,-91.2528,170
13.4836,144.7961,210
47.2675,-122.5761,270
34.8831,-82.2203,70
44.3981,-98.2231,160
31.8311,-104.8089,60
47.6831,-117.3214,200
47.3078,-119.5153,170
39.1333,-86.6167,60
35.8550,-77.8931,30
40.7833,-91.1253,180
35.0028,-105.6628,300
39.9181,-76.8742,60
67.7317,-164.5483,140
39.6428,-79.9164,20
30.6264,-88.0681,80
40.5175,-122.2986,190
36.6206,-116.0278,230
30.3975,-84.3289,70
42.8375,-103.0953,70
28.7247,-96.2536,180
46.0139,-102.6547,150
45.9647,-112.5006,180
37.2353,-93.4003,150
38.3083,-75.1239,60
42.8914,-73.2469,280
38.0442,-87.5206,40
19.7192,-155.0531,50
30.5069,-86.9597,90
39.7075,-86.2803,50
37.1319,-76.4930,30
39.6728,-75.6008,60
26.1839,-98.2539,70
44.7408,-85.5825,20
41.7361,-72.6506,10
38.3306,-96.1897,180
22.0333,-159.7833,350
48.6033,-112.3753,270
43.4133,-124.2436,280
36.2967,-99.7689,150
34.2719,-83.8303,80
41.8706,-103.5931,70
43.8339,-111.8045,220
39.8344,-88.8656,110
39.8328,-104.6575,200
42.2706,-71.8731,40
37.6928,-121.8144,270
42.1928,-89.0931,50
37.0683,-88.7719,50
39.5936,-84.2264,30
44.0433,-103.0536,180
41.2003,-74.6231,50
33.4964,-90.0867,60
41.4131,-81.8600,30
37.1467,-94.5022,150
32.6261,-116.4681,290
36.1994,-95.8872,170
39.1033,-84.4189,50
57.1553,-170.2222,280
40.6675,-89.6839,90
46.8369,-92.2097,100
40.1764,-80.6472,40
30.7044,-87.0231,70
37.6544,-97.4425,170
37.7081,-77.4344,50
32.7817,-98.0603,100
39.4900,-121.6183,150
46.9258,-98.6692,80
31.5358,-82.5067,70
34.9000,-76.8833,10
42.8050,-72.0036,60
41.7219,-71.4325,50
35.0564,-89.9864,50
35.3331,-94.3625,50
41.3931,-70.6150,70
44.4983,-88.1111,50
36.6636,-121.6081,260
39.3667,-75.0667,50
55.0389,-131.5786,130
37.0872,-84.0769,90
34.0158,-118.4514,240
29.9506,-94.0206,70
31.3928,-92.2956,80
41.5097,-72.8278,10
42.5906,-117.8644,180
32.4833,-80.7167,20
41.6875,-69.9933,50
27.6531,-80.2428,360
30.8458,-85.6014,20
43.1544,-93.3269,260
37.6242,-120.9506,320
34.7000,-77.3833,10
38.1386,-78.4530,50
41.9950,-87.9336,70
26.2281,-97.6542,60
29.3783,-100.9269,150
35.9403,-89.8308,40
33.8117,-118.1464,290
34.4978,-82.7097,40
39.5781,-85.8033,110
46.1442,-115.5964,160
40.5100,-101.6200,140
70.1917,-148.4772,120
44.1708,-114.9272,290
41.3119,-105.6747,320
43.2781,-70.9222,310
42.4819,-114.4869,280
30.3489,-85.7881,360
59.4433,-151.7017,20
32.5156,-92.0406,60
33.2367,-107.2681,300
32.6808,-96.8681,90
30.3433,-89.8222,20
37.7608,-99.9683,170
42.7803,-84.5789,40
40.6239,-74.6694,10
31.8456,-86.6108,30
32.7100,-96.2672,40
42.5417,-113.7661,290
35.0678,-77.0481,30
38.0494,-103.5122,30
30.8356,-85.1839,60
44.0206,-117.0128,100
38.2900,-104.4983,90
55.3567,-131.7117,130
59.2433,-135.5094,290
41.0375,-81.4642,30
29.9933,-90.2511,40
36.9358,-121.7886,190
39.3644,-84.5247,70
38.5911,-92.1558,140
47.0339,-120.5303,340
45.8258,-119.2611,190
47.4667,-87.8833,170
30.7406,-98.2353,130
31.4583,-109.6061,330
36.7436,-108.2292,70
48.7939,-122.5372,10
38.9597,-94.3714,130
39.5514,-97.6508,180
34.3622,-98.9761,120
39.2231,-106.8683,330
15.1167,145.7167,200
47.2078,-119.3192,210
40.8097,-124.1603,360
41.6236,-98.9517,150
39.8683,-75.2311,40
38.2281,-85.6636,80
41.1014,-102.9847,360
46.1236,-67.7928,230
40.7083,-84.0267,30
40.8500,-74.0614,210
38.5000,-77.3000,50
34.8536,-116.7858,270
32.8978,-97.0189,100
39.1894,-103.7158,150
36.6950,-76.1356,20
33.1281,-117.2794,260
31.1500,-92.9667,20
29.6333,-83.1053,40
42.9203,-112.5711,250
43.7694,-87.8506,130
43.6497,-70.3003,150
36.5881,-121.8453,300
30.5108,-99.7664,130
31.1828,-90.4708,60
41.7781,-80.6958,340
32.5500,-88.5667,80
34.5467,-93.5781,130
37.6703,-95.4842,170
35.9508,-85.0814,50
35.2578,-113.9331,280
45.6478,-68.6925,300
34.7336,-76.6606,20
28.5453,-81.3331,30
43.1561,-90.6775,110
26.5850,-81.8614,80
41.7419,-72.1836,40
56.6000,-169.5650,280
38.7667,-104.3000,140
41.9922,-93.6217,190
43.1111,-76.1039,330
35.7425,-81.3819,40
34.7436,-118.7242,330
33.3075,-104.5083,190
34.8994,-120.4486,310
42.6003,-123.3642,180
33.8281,-116.5053,350
48.7167,-94.6000,120
41.5339,-93.6531,140
42.3811,-122.8722,300
40.4953,-107.5211,350
47.4733,-111.3822,240
39.4839,-119.7711,290
46.9733,-122.9033,220
38.5714,-90.1572,130
47.3864,-92.8389,80
45.8678,-95.3942,80
42.2228,-83.7444,50
42.1244,-86.4267,100
37.3208,-79.2067,40
41.9856,-97.4353,190
39.2775,-120.7103,170
46.5683,-120.5428,270
43.9636,-69.7117,90
35.6575,-109.0614,50
35.1350,-90.2344,20
35.4319,-82.5375,160
30.7439,-95.5861,80
39.0083,-95.2117,160
34.7675,-114.6189,240
39.8250,-86.2958,60
44.6500,-73.4667,140
55.2208,-162.7325,280
34.2097,-118.4892,160
41.4914,-120.5644,250
30.3567,-95.4139,80
33.4617,-80.8581,40
44.8831,-93.2289,220
47.9428,-97.1839,90
38.8317,-94.8897,160
38.8483,-77.0342,30
31.2819,-89.2531,60
43.6264,-72.3047,20
34.6719,-82.8864,100
44.9050,-123.0011,240
32.5161,-84.9422,90
41.3714,-73.4828,60
36.9647,-86.4239,50
58.3567,-134.5639,110
29.6919,-82.2756,30
39.1208,-94.5969,140
26.1658,-97.3458,40
38.0408,-84.6058,50
36.9261,-111.4478,30
29.2733,-94.8592,360
39.5264,-107.7264,310
35.8311,-90.6464,40
41.9144,-88.2464,80
41.8756,-71.0211,10
46.4047,-94.1308,80
42.3978,-90.7036,120
27.4014,-82.5586,150
37.5908,-83.3131,60
34.1167,-119.1167,250
35.2100,-99.1200,80
33.4825,-90.9853,60
35.6567,-95.3614,160
44.8322,-93.4706,170
34.9914,-78.8803,20
35.2325,-75.6219,40
45.5644,-84.7928,20
61.1689,-150.0278,350
47.7472,-90.3444,60
29.9800,-95.3600,70
32.2997,-86.4075,60
34.7272,-92.2389,40
42.6650,-83.4181,70
36.2833,-94.3000,190
39.1342,-108.5400,140
33.5872,-85.8556,80
30.4844,-81.7019,20
38.1847,-84.9033,10
43.2119,-90.1814,150
40.9017,-117.8081,250
33.8719,-117.9789,190
47.1686,-88.4889,120
40.0819,-75.0111,50
41.5886,-83.8014,50
43.3497,-76.3847,320
40.8731,-81.8867,60
39.0431,-84.6717,60
25.9989,-80.2411,150
36.7367,-97.1019,160
31.3500,-85.6667,60
39.4203,-83.8217,50
41.8056,-107.1997,310
38.0511,-117.0903,10
43.1167,-77.6767,20
34.7917,-79.3661,40
42.8975,-106.4636,40
48.5614,-93.3981,110
32.1314,-110.9553,320
26.1969,-80.1708,160
36.6817,-101.5053,190
34.8461,-82.3461,40
45.6983,-110.4408,90
36.0236,-84.2375,70
41.7072,-86.3164,110
44.5761,-71.1786,250
30.7825,-83.2767,20
27.7628,-82.6261,70
33.6542,-101.8136,150
37.1681,-97.0369,170
40.1606,-113.3508,70
43.1953,-71.5011,290
30.2050,-91.9875,40
26.6847,-80.0994,140
31.0425,-86.3117,70
30.5372,-91.1469,70
43.1644,-95.2017,110
62.9614,-141.9292,300
42.3914,-96.3792,150
57.0481,-135.3647,110
42.9333,-71.4383,360
46.3583,-104.2500,120
45.8069,-108.5422,70
39.9492,-74.8417,40
41.7803,-124.2367,200
33.4536,-94.0075,140
47.6458,-101.4394,100
45.6044,-103.5464,150
42.5700,-72.2911,290
60.4889,-145.4511,220
35.0281,-110.7208,360
20.8997,-156.4286,50
45.4622,-69.5953,330
40.9706,-85.2064,70
32.6636,-97.0939,80
33.9486,-81.1186,50
31.2361,-94.7544,80
42.4933,-79.2722,350
40.0781,-83.0781,10
40.1936,-76.7633,10
44.3592,-84.6739,50
62.1592,-145.4589,20
66.8667,-162.6333,120
36.2667,-93.1567,130
57.7511,-152.4856,290
32.3347,-88.7442,60
42.5844,-110.1075,310
60.5797,-151.2392,30
46.2667,-119.1167,190
39.4167,-118.7167,50
42.4700,-71.2894,50
38.2103,-122.2847,200
33.9753,-117.6361,260
44.5228,-114.2150,250
37.4058,-122.0481,350
32.0311,-96.3989,80
40.6386,-73.7622,40
39.1353,-96.6778,230
62.9575,-155.6103,80
33.3633,-84.5658,60
41.6267,-73.8842,320
31.3089,-86.3939,120
35.6875,-117.6931,160
34.5183,-109.3792,310
41.1783,-78.8989,130
46.6056,-111.9636,250
37.3169,-79.9742,20
42.0572,-102.8000,20
45.5406,-122.9486,150
38.6892,-75.3592,60
32.4106,-99.6822,130
28.4567,-99.2183,130
40.0972,-92.5433,130
41.3103,-95.8992,110
42.1208,-87.9047,70
38.9833,-76.4667,350
47.4569,-115.6450,250
34.6081,-79.0592,40
42.8783,-100.5500,30
41.7700,-88.4814,80
38.9503,-95.6639,170
36.2606,-76.1750,20
32.8547,-109.6353,250
27.9619,-82.5403,30
36.9500,-76.2833,50
29.5442,-98.4839,140
32.4506,-93.8411,60
31.5883,-110.3442,230
21.3239,-157.9294,80
37.8892,-121.2258,330
41.4653,-90.5233,70
40.7342,-73.4169,30
41.9381,-72.6825,40
36.7725,-90.3247,350
33.1803,-96.5903,80
43.5950,-118.9564,210
59.5119,-139.6711,120
39.7736,-94.9233,180
33.4278,-112.0039,220
45.0619,-93.3508,70
34.7411,-118.2117,280
33.2208,-92.8142,50
32.3206,-90.0778,40
40.8206,-76.8642,40
33.9228,-118.3342,250
36.8781,-91.9025,100
30.1250,-93.2158,70
39.2447,-102.2842,170
34.0561,-117.6003,260
19.7356,-156.0489,130
43.2389,-123.3547,330
29.3331,-89.4075,70
35.6950,-101.3950,180
44.8889,-116.1017,180
42.1594,-76.8919,50
39.1019,-121.5678,140
41.3325,-122.3328,50
31.5356,-84.1944,60
42.7172,-71.1239,50
40.0228,-82.4625,80
44.3814,-106.7211,340
43.9042,-92.4917,150
42.1908,-71.1736,70
44.2033,-72.5794,310
42.7972,-105.3856,140
66.0689,-162.7639,140
41.2731,-111.0306,260
29.5189,-95.2417,90
39.7078,-77.7297,100
45.6308,-89.4653,110
40.9167,-81.4333,80
35.9461,-112.1547,50
38.3406,-75.5103,40
47.6217,-117.5281,240
31.8111,-106.3758,100
41.3275,-72.0494,180
41.0669,-73.7075,20
41.7872,-111.8533,360
21.1544,-157.0961,50
47.2381,-123.1408,240
37.3592,-121.9239,310
38.7525,-90.3736,110
45.5114,-118.4247,50
42.4272,-73.2892,280
38.0700,-102.6881,60
43.9844,-88.5569,140
34.6525,-86.9453,100
32.8192,-97.3614,90
33.2194,-117.3494,250
44.9319,-93.0556,250
40.3161,-78.8339,70
42.2314,-83.3308,30
35.6697,-120.6283,90
41.2544,-80.6739,10
38.1311,-91.7683,90
61.5961,-149.0917,40
38.0653,-97.8606,190
43.5667,-116.2406,130
64.5111,-165.4400,140
30.3361,-81.5147,20
35.0419,-106.6156,10
21.9839,-159.3405,70
41.0467,-78.4117,80
40.6044,-98.4272,160
41.3336,-75.7269,320
42.5708,-77.7133,320
61.1781,-149.9664,40
32.7000,-117.2000,340
37.7836,-81.1231,120
28.1011,-80.6439,360
31.7800,-103.2017,20
31.9206,-102.3867,30
25.6475,-80.4331,150
42.1997,-75.9850,360
39.9914,-82.8808,50
42.1578,-72.7161,360
32.3847,-94.7117,130
36.9033,-76.1922,30
33.6186,-114.7142,150
40.3667,-75.9667,10
47.3978,-120.2014,130
45.7881,-111.1608,160
27.7411,-98.0247,90
35.8517,-97.4142,170
32.1300,-81.2100,30
64.8039,-147.8761,330
40.3547,-79.9217,100
35.1967,-81.1558,40
29.3600,-99.1742,150
36.4486,-103.1539,290
27.5000,-97.8167,80
33.2061,-97.1989,80
43.7331,-103.6114,90
30.7167,-87.0167,80
38.8500,-94.7392,170
41.1961,-112.0114,170
40.3300,-75.1225,360
30.2333,-81.6667,360
41.3497,-71.7989,170
41.7861,-87.7522,60
44.7978,-68.8186,290
40.2172,-76.8514,170
27.6833,-97.2833,100
48.3042,-114.2636,160
33.6300,-84.4417,70
42.5842,-70.9175,150
30.4119,-89.0808,130
43.3436,-72.5178,60
44.0219,-82.7931,230
44.3206,-69.7972,330
36.4731,-82.4044,80
48.3500,-122.6667,140
40.2964,-78.3203,70
38.7042,-93.1833,130
33.9481,-83.3275,60
37.6197,-122.3647,280
70.2117,-151.0017,120
38.3775,-121.9575,230
33.6883,-112.0817,230
30.4000,-86.4717,80
34.5583,-98.4172,120
32.8667,-117.1333,280
36.5728,-79.3361,50
40.8508,-96.7475,150
37.2847,-120.5128,320
38.5039,-122.8103,150
40.9611,-98.3136,160
43.7667,-98.0333,160
31.4000,-93.2833,10
45.6906,-118.8528,260
45.6208,-122.6572,120
37.7797,-89.2497,60
34.3478,-85.1611,70
48.1739,-103.6367,110
43.2339,-75.4117,270
37.9406,-75.4631,40
44.9258,-89.6256,110
39.6092,-110.7547,40
32.8986,-80.0403,30
30.4636,-88.5319,100
42.3606,-71.0106,140
46.4794,-84.3572,290
29.6222,-95.6564,30
39.2956,-80.2289,340
28.0836,-97.0464,110
42.2347,-85.5519,350
35.6542,-105.1419,50
39.2972,-94.7306,120
36.0719,-115.1633,80
45.5908,-122.6003,320
46.9006,-95.0678,100
36.1336,-80.2222,20
28.7797,-81.2436,30
43.1072,-78.9453,350
40.7781,-111.9694,360
41.7636,-96.1778,30
34.1231,-84.8486,30
36.3689,-92.4703,90
38.5069,-121.4950,330
44.8664,-91.4878,150
43.5878,-96.7289,180
24.7258,-81.0517,80
39.2953,-114.8467,280
42.7267,-114.4564,240
39.4494,-74.5672,70
45.2575,-112.5545,190
46.3747,-117.0156,190
39.9061,-84.2186,20
38.1417,-76.4292,40
44.5444,-110.4211,280
34.2486,-82.1592,20
40.7939,-73.1017,20
35.0311,-85.2014,360
41.8031,-78.6403,50
59.6419,-151.4908,10
41.0136,-83.6686,30
46.9728,-123.9303,180
44.9358,-74.8458,280
35.8181,-83.9858,70
31.1522,-81.3908,10
36.0467,-79.4769,20
