46.2400,-117.3900,46
39.3600,-106.0600,41
48.7200,-116.4600,68
43.7600,-115.2400,44
36.0300,-106.8100,28
36.1900,-105.5600,30
41.2300,-105.3800,9
39.4300,-120.3100,38
39.1900,-120.2600,86
43.7600,-116.1000,48
36.9600,-106.6600,51
36.8600,-106.2300,8
39.8000,-106.0300,58
35.9200,-106.3900,30
35.3400,-111.6500,39
38.4000,-119.5400,48
36.5100,-106.3200,6
36.0700,-105.6300,32
39.2900,-117.1100,22
36.7200,-106.2600,60
40.5300,-106.7800,42
36.9900,-105.2600,42
40.8300,-111.7600,42
39.3100,-111.4300,86
44.3800,-116.3400,47
36.3100,-115.6800,33
44.7900,-116.0900,73
36.7900,-105.2400,75
41.4000,-107.2600,38
35.7700,-105.7800,28
36.2500,-115.6300,44
44.2100,-110.6700,86
36.0000,-106.8300,21
43.8000,-114.8500,55
40.3000,-111.2600,54
