42.6003,-123.3642,33
39.9061,-84.2186,41
33.6361,-91.7556,32
30.4119,-89.0808,43
40.8600,-102.8031,40
58.6794,-156.6294,52
41.4131,-81.8600,30
25.9156,-97.4186,63
37.1467,-94.5022,57
43.3500,-73.6167,17
36.1994,-95.8872,64
40.9706,-85.2064,28
35.6875,-117.6931,84
35.8311,-90.6464,37
32.8667,-117.1333,32
30.7406,-98.2353,55
34.3622,-98.9761,64
9.4833,138.0833,34
34.7436,-118.7242,64
36.5881,-121.8453,39
38.0700,-102.6881,43
43.2389,-123.3547,10
29.3600,-99.1742,44
38.3650,-82.5550,30
48.8700,-121.7900,1
30.4781,-87.1869,40
40.9781,-124.1086,50
34.1167,-119.1167,46
38.4167,-113.0167,82
39.7736,-94.9233,36
44.9319,-93.0556,48
59.4556,-135.3239,71
32.8978,-97.0189,74
36.2606,-76.1750,35
46.7994,-102.7972,68
46.0139,-102.6547,74
39.2900,-117.1100,7
43.7700,-88.4864,57
26.2281,-97.6542,66
42.4100,-121.6800,34
36.2117,-115.1958,75
34.0158,-118.4514,24
35.7800,-105.5400,5
43.5331,-84.0797,55
41.7803,-124.2367,80
61.1781,-149.9664,36
38.5714,-90.1572,31
41.2433,-76.9217,18
47.9375,-124.5550,18
27.4014,-82.5586,38
29.6919,-82.2756,27
39.8683,-75.2311,38
35.6542,-105.1419,68
36.2500,-115.6300,18
36.0300,-106.8100,8
29.9800,-95.3600,41
45.5114,-118.4247,4
29.1828,-81.0483,21
42.5700,-72.2911,21
47.3000,-121.6000,18
30.9119,-102.9167,47
41.9950,-87.9336,30
37.3031,-108.6275,50
40.1203,-76.2944,31
40.4422,-109.5144,45
36.0000,-106.8300,5
42.4272,-73.2892,18
60.7850,-148.8389,78
43.1167,-77.6767,33
38.8169,-92.2183,43
40.1100,-87.9567,54
42.7267,-114.4564,62
70.2117,-151.0017,114
39.9444,-81.8922,20
13.4836,144.7961,51
32.3847,-94.7117,47
34.2719,-83.8303,32
42.8375,-103.0953,52
40.6675,-89.6839,34
42.7461,-86.0967,31
31.9514,-85.1289,19
44.2033,-72.5794,13
31.4156,-87.0442,12
41.6267,-73.8842,17
41.7219,-71.4325,28
48.5428,-109.7633,77
39.5781,-85.8033,37
44.7694,-106.9689,28
41.3461,-82.1794,26
36.8167,-76.0333,43
37.7214,-122.2208,57
40.0781,-83.0781,30
39.9369,-91.1919,38
39.1894,-103.7158,38
47.5303,-122.3008,26
31.4583,-109.6061,51
34.1853,-79.7239,37
43.7600,-116.1000,20
32.8547,-109.6353,30
34.2097,-118.4892,29
46.8706,-68.0172,33
36.0394,-95.9844,45
31.8111,-106.3758,70
46.3583,-104.2500,94
35.8517,-97.4142,68
30.5844,-97.4156,18
34.1750,-91.9347,47
33.9786,-98.4928,63
35.1822,-103.6031,75
63.9944,-145.7214,59
31.5358,-82.5067,28
45.5908,-122.6003,23
41.7072,-86.3164,29
33.4964,-90.0867,35
41.1783,-78.8989,28
32.8986,-80.0403,34
35.0028,-105.6628,87
43.1111,-76.1039,28
40.1606,-113.3508,45
48.3042,-114.2636,33
28.4567,-99.2183,42
45.6906,-118.8528,36
32.2622,-107.7206,51
42.8939,-85.5447,33
32.2997,-86.4075,25
34.6081,-79.0592,25
59.7494,-154.9089,75
44.2558,-121.1392,35
46.1569,-123.8825,21
38.8000,-97.6500,66
37.6197,-122.3647,49
40.5175,-122.2986,51
31.3072,-95.4508,27
42.4700,-71.2894,24
44.0511,-101.6011,62
31.5356,-84.1944,30
37.7836,-81.1231,41
42.4819,-114.4869,48
41.1389,-75.3794,27
43.7331,-103.6114,46
40.7083,-84.0267,32
33.8719,-117.9789,17
41.7361,-72.6506,26
42.4092,-83.0100,23
55.3567,-131.7117,38
35.7425,-81.3819,19
34.7675,-114.6189,46
27.7839,-97.5108,81
42.1208,-87.9047,26
33.3075,-104.5083,47
44.1708,-114.9272,25
28.8208,-81.8097,30
46.9733,-122.9033,26
41.6117,-90.5808,41
47.6458,-101.4394,65
55.0389,-131.5786,22
41.1078,-92.4467,40
41.6328,-91.5431,26
30.2333,-81.6667,39
32.8519,-96.8556,64
47.4933,-122.2144,22
32.1314,-110.9553,39
37.2847,-120.5128,20
46.9253,-96.8111,62
39.2956,-80.2289,22
46.1236,-67.7928,29
35.0678,-77.0481,26
61.5961,-149.0917,72
34.6525,-86.9453,30
29.5622,-91.5256,11
45.0619,-93.3508,45
44.7408,-85.5825,34
44.3394,-105.5419,33
40.9656,-105.2186,36
46.7439,-117.1086,46
42.0572,-102.8000,59
41.7781,-80.6958,24
32.7000,-117.2000,44
41.5339,-93.6531,43
42.9667,-83.7494,35
37.9917,-122.0550,43
48.0944,-105.5744,74
41.5333,-71.2833,27
41.3714,-73.4828,20
39.7750,-105.1169,4
66.0689,-162.7639,82
45.0319,-102.0192,73
46.5486,-90.9189,42
30.8356,-85.1839,21
48.7167,-94.6000,29
37.7086,-113.0944,84
30.5892,-96.3647,59
36.9500,-76.2833,42
46.8369,-92.2097,46
43.8789,-91.2528,40
28.4736,-82.4544,30
43.1544,-93.3269,43
33.3644,-81.9633,21
71.2833,-156.7814,113
66.9161,-151.5089,41
36.9261,-111.4478,43
45.7881,-111.1608,16
33.7792,-84.5214,21
30.3503,-81.8831,27
36.7200,-106.2600,8
39.4900,-121.6183,46
55.2208,-162.7325,71
40.8508,-96.7475,49
40.0397,-88.2778,48
36.9839,-77.0075,29
42.3606,-71.0106,39
35.4111,-80.5833,0
38.9408,-77.4636,43
39.8344,-88.8656,46
41.5097,-72.8278,17
31.6189,-97.2283,72
31.3711,-100.4922,63
32.5156,-92.0406,26
43.7694,-87.8506,65
42.1908,-71.1736,16
47.0492,-109.4578,47
35.0169,-80.6206,17
59.4433,-151.7017,24
39.7333,-77.4333,19
46.4167,-86.6500,28
34.0500,-94.4008,22
45.5464,-100.4078,73
37.6542,-122.1150,41
36.0700,-105.6300,15
34.2008,-119.2069,48
40.8500,-74.0614,15
41.8833,-91.7167,33
36.1900,-105.5600,9
36.2667,-93.1567,50
35.2325,-75.6219,25
38.9833,-76.4667,44
37.2253,-89.5706,39
70.1917,-148.4772,131
41.9922,-93.6217,34
47.9428,-97.1839,49
43.9300,-115.6700,0
39.7556,-82.6572,20
42.1578,-72.7161,21
39.8328,-104.6575,54
39.2775,-120.7103,31
38.1311,-91.7683,48
37.9406,-75.4631,62
33.2208,-92.8142,38
44.0219,-82.7931,66
42.0647,-104.1528,51
27.9619,-82.5403,30
41.6764,-70.9583,23
37.3278,-95.5042,38
32.3347,-88.7442,22
31.6072,-110.4281,59
26.2500,-80.1083,49
34.5467,-93.5781,17
29.3783,-100.9269,46
33.6542,-101.8136,69
30.0481,-102.2131,33
45.8619,-96.5650,63
34.4978,-82.7097,16
42.2667,-84.4667,29
57.7511,-152.4856,49
42.2228,-83.7444,23
39.6728,-75.6008,35
21.4500,-157.7833,44
36.1306,-80.5481,0
40.7789,-73.9692,19
38.6644,-94.8900,31
40.9017,-117.8081,25
31.1828,-90.4708,23
31.8606,-86.0122,22
33.9228,-118.3342,30
36.7683,-96.0261,42
57.0481,-135.3647,26
35.6169,-106.0889,40
42.8783,-100.5500,54
38.1811,-85.7392,41
39.6014,-116.0056,25
45.5511,-122.4089,20
46.0261,-91.4442,45
28.7797,-81.2436,27
42.5844,-110.1075,55
18.4325,-66.0108,39
33.2194,-117.3494,21
27.5333,-99.4667,50
41.9097,-70.7294,15
28.9844,-95.3808,22
41.8031,-78.6403,21
42.2333,-83.5333,28
40.1667,-103.2167,63
44.3814,-106.7211,29
36.0236,-84.2375,2
34.6439,-86.7861,35
36.4486,-103.1539,64
42.2347,-85.5519,26
32.7336,-117.1831,32
29.6333,-83.1053,19
35.0564,-89.9864,42
46.4047,-94.1308,43
45.5433,-94.0514,50
43.3497,-76.3847,23
41.2544,-80.6739,27
35.2236,-80.9553,27
31.4000,-93.2833,22
41.9856,-97.4353,48
39.5264,-107.7264,48
30.3489,-85.7881,25
42.7172,-71.1239,22
37.6703,-95.4842,59
45.2486,-122.7686,21
26.6847,-80.0994,51
41.4914,-120.5644,44
41.5631,-83.4764,22
46.0947,-118.2869,47
43.9922,-76.0217,35
24.7258,-81.0517,42
59.6419,-151.4908,48
34.3478,-85.1611,23
46.2667,-119.1167,42
42.1128,-92.9175,38
45.6308,-89.4653,28
44.8831,-93.2289,66
41.8056,-107.1997,74
34.7272,-92.2389,24
40.8097,-124.1603,45
32.5428,-93.7450,45
40.4122,-86.9369,32
44.5228,-114.2150,27
40.3000,-111.2600,15
38.7525,-90.3736,41
39.4494,-74.5672,52
30.7797,-86.5225,23
45.6689,-96.9914,62
38.5050,-107.8975,60
40.7794,-73.8803,37
33.8225,-108.9417,22
34.6719,-82.8864,17
26.5361,-81.7550,27
44.9047,-97.1494,76
42.5544,-92.4011,36
41.2003,-74.6231,12
34.8822,-95.7831,50
44.3800,-116.3400,17
36.5728,-79.3361,26
40.4953,-107.5211,58
38.8500,-94.7392,35
41.1961,-112.0114,41
32.9733,-97.3181,51
36.5100,-106.3200,392
56.6000,-169.5650,114
41.5944,-109.0528,66
35.9200,-106.3900,5
41.2639,-72.8872,28
29.3331,-89.4075,33
35.4344,-119.0542,34
47.3600,-121.5700,7
43.6497,-70.3003,31
46.7708,-100.7603,67
33.3000,-117.3500,23
38.5911,-92.1558,37
39.8233,-93.5792,28
64.3267,-158.7417,50
34.0511,-118.2353,8
39.3903,-94.5553,22
36.1625,-97.0894,65
39.1033,-84.4189,18
41.5886,-83.8014,12
60.7850,-161.8292,62
42.6958,-73.1708,18
37.3169,-79.9742,22
48.7200,-116.4600,7
33.4278,-112.0039,34
39.2447,-102.2842,60
40.2064,-100.5914,50
30.6794,-88.2397,36
44.4683,-73.1500,24
40.2383,-75.5572,22
39.1342,-108.5400,58
47.9078,-122.2803,31
32.8167,-115.6833,91
35.0311,-85.2014,15
48.6033,-112.3753,37
34.9894,-99.0525,81
36.8781,-91.9025,32
39.2292,-106.3169,36
36.3100,-115.6800,10
47.4444,-122.3139,35
44.9258,-89.6256,43
39.3669,-101.7000,60
59.5119,-139.6711,26
45.5644,-84.7928,31
36.0097,-94.1694,56
42.1997,-75.9850,31
37.0683,-88.7719,36
41.0136,-83.6686,32
35.5342,-97.6469,80
29.1097,-95.4619,47
45.6194,-121.1661,17
61.1689,-150.0278,36
43.2781,-70.9222,22
39.7078,-77.7297,31
34.4272,-100.2831,66
41.3119,-105.6747,58
39.9914,-82.8808,24
31.3347,-92.5586,35
39.4781,-88.2803,43
46.9258,-98.6692,71
41.5092,-74.2650,16
38.3306,-96.1897,56
40.8289,-115.7886,29
36.7900,-105.2400,5
42.2706,-71.8731,28
40.6825,-74.1694,25
35.9333,-79.0642,17
43.1072,-78.9453,41
60.1283,-149.4167,45
37.5050,-77.3203,55
43.5878,-96.7289,67
39.4167,-118.7167,30
31.8311,-104.8089,94
36.6206,-116.0278,85
42.7431,-73.8092,22
33.6186,-114.7142,47
28.0622,-81.7542,35
39.1353,-96.6778,51
37.6544,-97.4425,80
46.9006,-95.0678,44
42.8914,-73.2469,15
39.4717,-76.1697,0
39.7194,-76.8028,54
31.3928,-92.2956,24
31.3089,-86.3939,17
40.0803,-95.5919,44
40.5100,-101.6200,48
39.4839,-119.7711,26
44.3814,-100.2856,71
38.3083,-75.1239,47
28.5453,-81.3331,35
36.9358,-121.7886,23
40.8300,-111.7600,13
41.3336,-75.7269,23
27.7411,-98.0247,47
26.1969,-80.1708,52
43.5950,-118.9564,27
35.6950,-101.3950,76
40.4719,-81.4236,22
42.3978,-90.7036,34
38.1847,-84.9033,36
33.4669,-82.0386,28
44.7978,-68.8186,16
42.1244,-86.4267,26
40.1936,-76.7633,26
40.9611,-98.3136,48
39.8447,-89.6839,44
39.4206,-79.0050,18
39.3600,-106.0600,11
30.0375,-91.8839,33
34.2622,-88.7714,32
38.8317,-94.8897,43
40.8217,-72.8689,32
38.9286,-90.4281,34
33.4825,-90.9853,36
39.9181,-76.8742,20
44.9358,-74.8458,7
25.6475,-80.4331,46
41.3103,-95.8992,46
38.5000,-77.3000,47
33.9486,-81.1186,28
35.5931,-88.9167,30
40.3300,-75.1225,26
42.6650,-83.4181,27
30.6264,-88.0681,34
7.3333,134.4833,24
37.8892,-121.2258,22
32.7817,-98.0603,56
36.0969,-79.9433,32
35.6575,-109.0614,51
28.1011,-80.6439,42
34.0561,-117.6003,39
35.2578,-113.9331,68
36.1300,-105.5300,13
38.0408,-84.6058,51
47.7472,-90.3444,28
35.2372,-120.6414,30
45.6983,-110.4408,48
43.3906,-99.8422,57
-14.3306,-170.7136,35
67.7317,-164.5483,80
30.3433,-89.8222,28
41.7872,-111.8533,36
39.2972,-94.7306,43
34.2006,-118.3575,32
32.6261,-116.4681,51
42.7900,-121.9800,4
39.0725,-95.6261,44
39.4300,-120.3100,9
47.4733,-111.3822,33
45.8183,-88.1144,24
42.5842,-70.9175,26
17.7028,-64.8056,51
38.7042,-93.1833,44
37.1431,-107.7597,30
21.3167,-158.0667,21
61.2169,-149.8550,23
40.3667,-75.9667,28
58.3567,-134.5639,16
39.7075,-86.2803,47
36.9600,-106.6600,9
32.7667,-97.4500,65
39.1667,-76.6833,22
34.7336,-76.6606,28
43.5164,-112.0672,64
45.5406,-122.9486,20
39.5514,-97.6508,55
38.2900,-104.4983,39
38.0442,-87.5206,30
41.4525,-87.0058,26
64.8039,-147.8761,31
42.1594,-76.8919,21
34.2900,-93.0600,24
38.9503,-95.6639,50
36.8600,-106.2300,315
35.0761,-89.7430,18
40.6508,-75.4492,32
40.4847,-80.2144,26
31.3214,-85.4497,28
41.8756,-71.0211,15
19.7356,-156.0489,32
33.1281,-117.2794,22
31.9433,-102.1889,62
38.3775,-121.9575,35
42.0800,-80.1825,20
37.1319,-76.4930,49
35.4319,-82.5375,22
40.2172,-76.8514,23
42.7611,-87.8136,46
44.3981,-98.2231,65
45.8258,-119.2611,40
43.4133,-124.2436,31
36.1336,-80.2222,21
40.6386,-73.7622,47
33.8117,-78.7239,31
21.1544,-157.0961,61
35.2578,-93.0947,19
25.9989,-80.2411,44
43.9658,-107.9508,22
35.8922,-78.7819,34
20.8997,-156.4286,68
29.7333,-85.0333,30
42.1094,-77.9919,27
43.5667,-116.2406,22
41.7700,-88.4814,41
35.0419,-106.6156,40
45.4353,-67.7214,9
30.4844,-81.7019,37
38.8853,-79.8528,18
38.5039,-122.8103,35
43.1406,-89.3453,43
29.6381,-95.2819,39
25.7906,-80.3164,46
34.5583,-98.4172,57
33.5656,-86.7450,30
47.4667,-87.8833,23
44.2667,-71.2994,183
38.8100,-104.6883,58
33.2367,-107.2681,41
44.6500,-73.4667,14
46.5683,-120.5428,18
39.6428,-79.9164,18
36.3189,-119.6289,30
33.9519,-117.4386,30
28.5083,-81.5467,13
36.7414,-104.5022,47
47.3864,-92.8389,30
43.7600,-115.2400,10
30.4000,-86.4717,36
43.0303,-78.1692,27
27.6833,-97.2833,65
36.7725,-90.3247,31
40.7781,-111.9694,49
29.6222,-95.6564,46
38.0653,-97.8606,78
19.7192,-155.0531,29
62.3200,-150.0950,23
28.8614,-96.9303,54
33.6883,-112.0817,22
34.2675,-77.8997,28
47.8306,-110.6608,36
34.8536,-116.7858,68
34.7917,-79.3661,32
39.8250,-86.2958,31
30.4000,-81.4167,36
41.0375,-81.4642,15
42.6425,-77.0564,23
38.9597,-94.3714,35
41.1583,-73.1289,36
26.0719,-80.1536,55
43.9636,-69.7117,13
33.2061,-97.1989,64
40.1550,-103.1417,36
45.0717,-83.5644,26
43.4075,-94.7461,51
39.2953,-114.8467,52
41.1214,-100.6694,54
33.9381,-118.3889,43
18.3331,-64.9667,47
44.6381,-90.1875,60
28.4339,-81.3250,34
45.0133,-84.7014,29
43.9844,-88.5569,62
34.7411,-118.2117,82
37.2622,-104.3378,74
40.3547,-79.9217,41
42.3811,-122.8722,26
44.8889,-116.1017,46
44.8322,-93.4706,60
32.3542,-95.4025,63
32.8192,-97.3614,63
39.5936,-84.2264,35
33.6267,-116.1594,54
32.1300,-81.2100,39
41.9381,-72.6825,21
40.9167,-81.4333,32
37.6242,-120.9506,18
40.8250,-92.8925,36
36.9033,-76.1922,53
44.3853,-74.2067,19
66.8667,-162.6333,113
39.3792,-74.4242,54
45.8069,-108.5422,39
41.0669,-73.7075,20
36.6950,-76.1356,39
34.3447,-108.4922,58
31.3558,-85.7511,16
37.0911,-95.5664,55
46.4794,-84.3572,21
30.3361,-81.5147,34
32.6500,-114.6167,42
35.3889,-97.6006,70
47.2856,-68.3133,34
27.7628,-82.6261,40
57.1553,-170.2222,110
36.6817,-101.5053,68
59.2433,-135.5094,37
43.7667,-98.0333,63
36.1189,-86.6892,34
44.3206,-69.7972,16
37.7797,-89.2497,43
31.9206,-102.3867,59
30.3975,-84.3289,30
41.7806,-122.4717,88
41.0089,-74.7367,17
48.4608,-119.5167,33
42.1469,-121.7242,64
46.3747,-117.0156,18
41.6236,-98.9517,43
35.3331,-94.3625,36
37.1681,-97.0369,65
47.1686,-88.4889,29
32.3336,-104.2581,36
36.2833,-94.3000,60
48.1739,-103.6367,54
41.4000,-107.2600,15
44.5169,-108.0822,35
39.6092,-110.7547,47
34.8994,-120.4486,32
31.4208,-110.8458,41
40.0819,-75.0111,34
31.2361,-94.7544,42
47.4569,-115.6450,30
34.2167,-119.0833,34
32.3367,-90.2214,37
37.6928,-121.8144,21
42.5708,-77.7133,31
35.9508,-85.0814,30
38.1386,-78.4530,48
43.1953,-71.5011,17
61.1000,-149.6936,152
30.1831,-97.6800,57
42.1928,-89.0931,32
45.4622,-69.5953,17
36.3200,-115.7000,13
40.0681,-118.5692,22
45.1947,-123.1339,26
33.6228,-111.9106,14
32.6636,-97.0939,64
35.2333,-101.7089,70
31.1522,-81.3908,37
43.2339,-75.4117,23
38.8761,-98.8092,74
30.7439,-95.5861,35
26.1658,-97.3458,67
32.4833,-80.7167,36
39.3100,-111.4300,40
34.9000,-76.8833,25
32.5722,-116.9794,25
36.4731,-82.4044,16
27.5000,-97.8167,56
43.1561,-90.6775,36
34.2486,-82.1592,13
41.5175,-81.6836,30
40.8206,-76.8642,18
46.4267,-105.8825,59
39.7506,-92.5064,13
21.3239,-157.9294,58
7.0833,171.3833,47
40.3161,-78.8339,41
37.2839,-98.5528,58
42.9486,-78.7369,35
47.3078,-119.5153,37
33.5872,-85.8556,24
40.8764,-74.2831,17
44.5761,-71.1786,14
37.7081,-77.4344,49
15.1167,145.7167,76
41.8161,-80.4250,13
43.3436,-72.5178,9
33.4617,-80.8581,20
32.4106,-99.6822,80
41.3375,-84.4289,12
39.1258,-123.2008,33
33.9706,-80.9958,14
38.4000,-119.5400,25
38.6572,-90.6558,21
41.3275,-72.0494,30
41.6264,-80.2150,19
36.2967,-99.7689,78
38.7550,-109.7542,58
43.1711,-86.2367,36
38.6956,-121.5897,35
28.7247,-96.2536,58
45.9647,-112.5006,35
34.5183,-109.3792,53
40.6331,-93.9019,31
40.5300,-106.7800,11
47.9742,-117.4283,28
29.9933,-90.2511,51
27.6531,-80.2428,41
32.8342,-115.5786,80
45.6208,-122.6572,16
39.1900,-120.2600,38
47.3258,-106.9475,60
34.9883,-117.8647,75
36.0167,-102.5500,58
26.1522,-81.7753,27
40.8731,-81.8867,19
35.9403,-89.8308,35
47.6831,-117.3214,26
40.7939,-73.1017,43
41.3325,-122.3328,17
42.7803,-84.5789,36
41.2531,-70.0608,32
25.9069,-80.2803,43
45.7728,-122.8611,12
35.6697,-120.6283,22
36.0719,-115.1633,69
46.6056,-111.9636,21
41.6875,-69.9933,23
38.7667,-104.3000,71
30.3208,-97.7603,33
44.9050,-123.0011,29
44.5483,-95.0803,52
36.9647,-86.4239,42
27.9106,-82.6875,36
39.1019,-121.5678,39
30.7044,-87.0231,33
45.2575,-112.5545,35
38.7642,-87.6056,40
32.4506,-93.8411,45
39.4019,-77.9844,20
40.7342,-73.4169,40
30.7825,-83.2767,26
7.4500,151.8333,46
43.8000,-114.8500,10
60.5797,-151.2392,42
40.7833,-91.1253,38
35.5144,-108.7939,67
55.5800,-133.0750,12
35.1350,-90.2344,47
18.2550,-65.6408,39
39.1333,-86.6167,32
34.7442,-87.5997,18
39.2231,-106.8683,33
37.3208,-79.2067,36
70.6392,-159.9950,119
36.6239,-87.4194,32
30.7167,-87.0167,35
37.9272,-100.7247,51
47.2078,-119.3192,37
46.2400,-117.3900,7
40.0972,-92.5433,36
36.9900,-105.2600,19
33.4050,-118.4158,67
26.1839,-98.2539,69
30.0494,-90.0289,54
44.0206,-117.0128,27
45.0800,-117.5500,3
33.9481,-83.3275,18
34.1231,-84.8486,28
40.8436,-72.6322,33
62.1592,-145.4589,92
44.7900,-116.0900,23
31.7800,-103.2017,38
41.1014,-102.9847,59
37.2958,-81.2078,33
43.1644,-95.2017,51
36.3689,-92.4703,34
44.2100,-110.6700,16
47.2381,-123.1408,25
42.8153,-108.7261,49
42.5519,-71.7558,18
42.4167,-87.8667,35
42.3200,-120.8300,16
33.4536,-94.0075,41
44.3592,-89.8369,54
44.3592,-84.6739,42
37.4058,-122.0481,30
44.3744,-70.3164,9
37.2833,-102.6139,53
64.7767,-141.1483,9
38.8983,-119.9947,39
42.8975,-106.4636,40
38.0511,-117.0903,37
39.9492,-74.8417,23
41.7636,-96.1778,49
43.7300,-113.8300,9
44.8428,-117.8086,37
34.7500,-111.4100,11
39.3667,-75.0667,24
42.3075,-85.2511,30
34.6242,-106.3103,49
29.5189,-95.2417,36
37.7064,-112.1456,50
43.0206,-102.5183,44
38.6892,-75.3592,56
30.5069,-86.9597,37
48.5614,-93.3981,25
39.4203,-83.8217,43
30.2050,-91.9875,22
47.3978,-120.2014,18
26.5850,-81.8614,26
36.3333,-119.9500,38
43.2119,-90.1814,41
36.7436,-108.2292,51
32.5500,-88.5667,16
40.0489,-107.8853,56
41.2731,-111.0306,72
33.1803,-96.5903,60
35.2100,-99.1200,86
48.7939,-122.5372,22
29.2733,-94.8592,39
33.1783,-86.7817,13
39.4519,-87.3089,37
30.1250,-93.2158,29
48.5222,-123.0231,13
42.9333,-71.4383,22
46.9728,-123.9303,31
34.7000,-77.3833,28
32.5161,-84.9422,24
36.7367,-97.1019,53
33.8750,-84.3022,19
37.3711,-118.3581,39
34.9914,-78.8803,33
37.3592,-121.9239,36
38.0494,-103.5122,68
29.7036,-98.0281,59
36.6636,-121.6081,28
41.3931,-70.6150,23
37.4389,-105.8614,58
42.9600,-121.1800,6
48.2138,-106.6213,96
47.2675,-122.5761,37
40.8203,-82.5178,37
46.9208,-114.0925,38
48.1203,-123.4983,25
40.2964,-78.3203,32
35.7700,-105.7800,6
40.6239,-74.6694,17
21.9839,-159.3405,64
44.1278,-123.2206,26
24.5550,-81.7522,51
41.8678,-84.0794,18
39.1208,-94.5969,33
30.5108,-99.7664,38
30.0675,-95.5561,29
39.8000,-106.0300,379
45.4558,-98.4131,82
43.0661,-108.4767,52
37.0872,-84.0769,34
26.9172,-81.9914,29
64.5500,-149.0717,25
62.9614,-141.9292,16
38.3406,-75.5103,57
44.5444,-110.4211,7
40.0228,-82.4625,13
6.9667,158.2167,14
34.6517,-112.4208,55
39.3450,-81.4392,24
35.5953,-82.5567,18
40.2342,-85.3936,29
29.5442,-98.4839,52
45.8678,-95.3942,76
39.0083,-95.2117,43
40.6044,-98.4272,55
34.8831,-82.2203,16
38.5069,-121.4950,21
41.9144,-88.2464,31
46.1442,-115.5964,5
64.5111,-165.4400,76
33.8281,-116.5053,47
42.7972,-105.3856,38
38.3000,-76.4167,48
41.3497,-71.7989,23
31.3500,-85.6667,26
42.4933,-79.2722,14
39.9508,-119.5986,27
47.0339,-120.5303,20
44.5344,-72.6144,8
32.0311,-96.3989,64
43.9042,-92.4917,59
41.4653,-90.5233,29
34.8461,-82.3461,17
41.7861,-87.7522,38
44.4983,-88.1111,84
33.6800,-117.8664,22
38.3794,-81.5900,26
27.4981,-80.3767,43
37.5908,-83.3131,20
47.6217,-117.5281,36
39.0431,-84.6717,35
31.2819,-89.2531,18
39.7053,-105.6997,4
44.0433,-103.0536,38
30.4636,-88.5319,33
31.5883,-110.3442,46
37.2353,-93.4003,59
41.4333,-99.6333,53
35.0281,-110.7208,56
45.6478,-68.6925,15
22.0333,-159.7833,25
42.9203,-112.5711,49
38.1417,-76.4292,43
35.8550,-77.8931,27
29.3389,-98.4719,40
28.0836,-97.0464,56
38.8483,-77.0342,48
62.9575,-155.6103,20
31.1500,-92.9667,11
45.6044,-103.5464,79
39.3644,-84.5247,15
32.7100,-96.2672,59
33.6300,-84.4417,34
35.6567,-95.3614,51
40.6161,-83.0636,34
37.9050,-93.3169,27
32.3500,-91.0278,31
36.7800,-119.7194,29
40.2769,-74.8158,40
30.5372,-91.1469,32
39.3756,-99.8297,51
33.8117,-118.1464,33
48.2553,-101.2733,48
38.2281,-85.6636,28
42.8050,-72.0036,13
41.7419,-72.1836,15
41.0731,-71.9233,24
33.9753,-117.6361,38
40.1519,-122.2536,67
41.6686,-70.2800,26
34.9869,-81.0575,16
33.0375,-116.9158,22
60.4889,-145.4511,26
44.8664,-91.4878,63
35.9461,-112.1547,69
35.8181,-83.9858,22
29.9506,-94.0206,31
42.5950,-87.9381,33
24.5833,-81.6833,62
37.7608,-99.9683,65
30.3567,-95.4139,39
43.9906,-70.9475,8
41.0467,-78.4117,26
42.5906,-117.8644,52
39.5703,-104.8489,49
42.3914,-96.3792,51
42.9550,-87.9044,49
43.8339,-111.8045,55
41.1519,-104.8061,44
35.1442,-111.6664,77
48.3500,-122.6667,26
32.8158,-117.1394,31
32.3206,-90.0778,38
41.8706,-103.5931,50
35.1967,-81.1558,10
33.2119,-87.6161,17
34.4258,-119.8425,38
38.2103,-122.2847,48
34.6294,-118.0836,62
32.6847,-83.6528,19
32.6808,-96.8681,51
33.3633,-84.5658,23
42.2314,-83.3308,23
42.5417,-113.7661,41
36.9878,-120.1106,23
40.1764,-80.6472,33
43.6264,-72.3047,19
41.5272,-85.7922,26
