18.1747,-66.7978,43
31.2022,-93.5725,-3
40.7264,-122.7947,13
38.8586,-99.3358,66
28.0372,-97.8725,33
43.8544,-116.4664,0
36.9969,-119.7072,46
37.1503,-104.5567,66
37.2792,-86.2492,38
40.7142,-122.4161,10
36.4711,-86.8414,69
35.9328,-88.7267,36
26.3769,-98.8117,5
33.6731,-111.1508,71
40.1100,-87.9567,0
47.0575,-109.9514,0
33.2564,-81.2422,61
39.7506,-92.5064,0
33.9544,-102.7783,76
44.6342,-123.1900,23
28.4675,-98.2525,28
36.1056,-82.8436,51
40.4750,-86.9919,69
42.9592,-120.7897,15
26.5650,-98.1236,38
26.1781,-97.9708,46
32.7547,-104.3836,91
39.0303,-76.9314,48
39.8114,-99.9386,193
40.6117,-122.5281,5
31.6164,-94.6431,30
34.1864,-90.5572,5
46.0436,-118.4628,48
34.5822,-119.9817,76
40.1739,-101.0611,51
35.3872,-76.7764,234
45.7206,-118.6264,18
40.5764,-105.0858,66
36.4622,-116.8669,163
28.4575,-97.7061,23
34.5697,-93.1947,8
30.8408,-89.5453,0
39.0172,-92.7558,58
35.1867,-102.0797,89
28.6575,-96.5553,36
37.5147,-122.0325,43
32.8964,-107.3078,124
33.7542,-99.1442,15
35.1131,-89.2122,15
34.7281,-90.3683,41
33.6772,-93.9903,53
30.7931,-94.1819,0
38.4917,-122.1242,20
38.5039,-95.7036,33
37.0683,-88.7725,15
30.5467,-87.8808,41
33.7092,-93.5564,3
45.9228,-108.2444,10
31.3625,-85.3397,140
39.1172,-95.4097,23
42.0208,-93.7742,30
32.6406,-96.9747,127
35.1297,-89.8036,23
30.0689,-94.2928,10
18.0331,-67.0722,20
40.1550,-103.1417,76
18.2583,-65.9922,0
39.0744,-96.8983,155
35.6214,-88.8456,13
35.8819,-83.9572,51
38.4661,-101.7758,86
44.0708,-93.5264,198
31.6003,-97.2169,130
35.3886,-106.5439,81
31.8611,-97.3750,3
26.2656,-97.8714,46
36.2403,-106.4278,53
35.7197,-86.9653,28
34.6033,-104.3811,124
36.8047,-107.6214,198
34.9881,-120.3211,53
31.3706,-100.4942,28
33.0353,-96.4861,892
26.8400,-81.0872,76
41.9342,-88.7756,58
28.7156,-97.1742,23
34.1419,-80.8700,43
33.4258,-111.9217,76
38.7978,-99.7231,203
35.6414,-106.3322,71
39.0422,-108.4664,234
38.9408,-95.3397,30
31.0619,-94.1011,107
35.1108,-81.9675,38
32.8242,-95.5275,0
43.5492,-71.4647,0
36.0147,-85.1314,58
34.8847,-99.2964,43
44.1183,-121.2103,13
32.2631,-96.6369,48
35.6872,-90.0964,53
30.2003,-92.6642,3
39.5039,-98.3150,191
38.5350,-121.7761,36
46.6722,-120.4994,28
34.6603,-82.8236,28
36.5928,-106.7300,66
38.4931,-122.0047,36
38.0633,-102.9297,81
34.1981,-101.7461,76
42.3806,-96.9575,211
35.4072,-104.1906,66
32.8522,-95.8864,18
34.3961,-89.7903,30
35.1161,-93.6506,102
38.6078,-97.9597,79
32.2822,-106.7597,81
34.5989,-103.2161,74
35.2006,-103.6867,178
33.0642,-101.0489,53
33.1481,-95.6269,102
34.1647,-88.7239,0
36.5508,-114.4581,135
33.1461,-107.1842,25
31.9611,-96.6881,18
38.2597,-104.7169,104
39.3925,-101.0689,66
29.4608,-101.0286,66
31.9633,-98.4942,23
26.5581,-99.1372,23
30.7189,-97.3211,5
37.6967,-93.7722,23
34.8219,-89.4347,574
35.0489,-97.9158,0
32.9506,-97.0553,0
25.8175,-80.2858,76
34.0828,-106.8831,866
39.6619,-99.1228,221
38.0047,-120.4864,23
30.7053,-104.0233,71
33.4594,-104.4042,546
39.4031,-99.4192,178
36.6897,-108.3086,69
32.4219,-93.6381,43
37.9931,-100.8122,114
29.6211,-96.3661,15
30.6836,-97.7172,0
32.6475,-97.4439,13
33.3192,-95.6039,41
27.4272,-80.4053,0
34.1381,-88.9983,15
45.4825,-120.7236,36
32.9203,-94.7225,312
30.3367,-96.5403,3
