18.1747,-66.7978,36
31.2022,-93.5725,25
40.7264,-122.7947,30
28.0372,-97.8725,58
36.9969,-119.7072,38
37.1503,-104.5567,28
40.7142,-122.4161,13
26.3769,-98.8117,0
33.6731,-111.1508,20
40.1100,-87.9567,0
33.2564,-81.2422,36
39.7506,-92.5064,0
28.4675,-98.2525,41
32.7547,-104.3836,51
40.6117,-122.5281,0
31.6164,-94.6431,61
34.5822,-119.9817,18
35.3872,-76.7764,142
36.4622,-116.8669,48
28.4575,-97.7061,74
34.5697,-93.1947,8
30.8408,-89.5453,30
28.6575,-96.5553,18
37.5147,-122.0325,58
32.8964,-107.3078,64
33.6772,-93.9903,13
30.7931,-94.1819,10
38.4917,-122.1242,8
30.5467,-87.8808,20
33.7092,-93.5564,0
45.9228,-108.2444,0
31.3625,-85.3397,99
32.6406,-96.9747,124
30.0689,-94.2928,30
18.0331,-67.0722,23
18.2583,-65.9922,20
39.0744,-96.8983,13
31.6003,-97.2169,137
35.3886,-106.5439,41
37.7967,-121.5828,38
31.8611,-97.3750,74
26.2656,-97.8714,38
36.2403,-106.4278,33
34.9881,-120.3211,-25
31.0372,-97.5283,38
31.3706,-100.4942,64
26.8400,-81.0872,41
28.7156,-97.1742,30
34.1419,-80.8700,30
33.4258,-111.9217,28
38.7978,-99.7231,0
35.6414,-106.3322,38
31.0619,-94.1011,18
32.8242,-95.5275,18
43.5492,-71.4647,0
32.2631,-96.6369,33
30.2003,-92.6642,18
38.5350,-121.7761,48
35.7047,-101.5492,48
34.6603,-82.8236,18
38.4931,-122.0047,8
38.0633,-102.9297,33
21.3153,-157.9992,64
35.4072,-104.1906,38
32.8522,-95.8864,28
35.1161,-93.6506,109
29.8608,-98.1958,53
32.2822,-106.7597,46
33.0642,-101.0489,58
33.1481,-95.6269,28
34.1647,-88.7239,0
36.5508,-114.4581,38
33.1461,-107.1842,66
31.9611,-96.6881,15
29.4608,-101.0286,64
31.9633,-98.4942,48
26.5581,-99.1372,20
30.7189,-97.3211,56
32.9206,-86.6708,480
32.9506,-97.0553,36
25.8175,-80.2858,33
31.9497,-91.2336,0
38.0047,-120.4864,71
30.7053,-104.0233,64
32.4219,-93.6381,0
29.6211,-96.3661,30
32.6475,-97.4439,107
33.3192,-95.6039,15
27.4272,-80.4053,0
32.9203,-94.7225,15
30.3367,-96.5403,10
