40.7264,-122.7947,228
40.7142,-122.4161,94
38.6644,-94.8900,0
37.9050,-93.3169,39
33.6731,-111.1508,133
28.4675,-98.2525,139
40.6117,-122.5281,111
34.5822,-119.9817,117
36.4622,-116.8669,172
38.4917,-122.1242,67
33.7092,-93.5564,-178
45.9228,-108.2444,-178
39.1172,-95.4097,6
39.0744,-96.8983,6
37.7967,-121.5828,122
34.9881,-120.3211,144
26.8400,-81.0872,161
43.5492,-71.4647,-178
30.2003,-92.6642,133
38.5350,-121.7761,122
35.7047,-101.5492,22
38.4931,-122.0047,128
21.3153,-157.9992,167
32.2822,-106.7597,67
36.5508,-114.4581,67
29.4608,-101.0286,72
26.5581,-99.1372,167
25.8175,-80.2858,139
38.0047,-120.4864,117
30.7053,-104.0233,128
