32.5667,-117.1167,1324
30.0494,-90.0289,2056
43.9906,-70.9475,1104
45.6194,-121.1661,1053
34.2008,-119.2069,1401
64.7767,-141.1483,1636
35.0169,-80.6206,31
38.3000,-76.4167,2344
41.3461,-82.1794,20
37.7461,-97.2211,814
39.7333,-77.4333,2336
41.6764,-70.9583,1835
42.2333,-83.5333,656
36.7414,-104.5022,1832
41.2531,-70.0608,1436
37.3278,-95.5042,748
41.6264,-80.2150,921
60.1283,-149.4167,300
61.2169,-149.8550,2305
64.5500,-149.0717,131
36.9839,-77.0075,1600
40.0681,-118.5692,1114
38.8761,-98.8092,2032
41.0089,-74.7367,501
26.5361,-81.7550,1533
64.3267,-158.7417,509
41.9097,-70.7294,1724
42.6958,-73.1708,1035
42.6425,-77.0564,2253
41.6686,-70.2800,1807
59.7494,-154.9089,829
37.0911,-95.5664,612
39.9369,-91.1919,742
41.4525,-87.0058,1223
40.8764,-74.2831,1258
42.5519,-71.7558,918
32.5428,-93.7450,1312
41.2639,-72.8872,30
62.3200,-150.0950,352
47.5303,-122.3008,1846
42.1094,-77.9919,623
34.9869,-81.0575,1328
40.8436,-72.6322,408
41.0731,-71.9233,1555
36.3333,-119.9500,243
33.4050,-118.4158,2010
44.5483,-95.0803,2345
40.8217,-72.8689,139
42.4092,-83.0100,1315
35.6169,-106.0889,1537
41.5631,-83.4764,123
30.7797,-86.5225,1323
38.6956,-121.5897,21
40.1519,-122.2536,26
27.9106,-82.6875,1716
40.1203,-76.2944,2149
32.7667,-97.4500,1350
38.4167,-113.0167,1128
46.4167,-86.6500,1932
47.9078,-122.2803,1609
45.8183,-88.1144,1243
41.5333,-71.2833,1631
28.4736,-82.4544,1712
17.7028,-64.8056,951
48.5222,-123.0231,14
40.6161,-83.0636,2328
42.4167,-87.8667,259
31.9514,-85.1289,2244
35.9333,-79.0642,2315
18.3331,-64.9667,1451
41.8678,-84.0794,152
44.3675,-71.5450,236
46.0261,-91.4442,56
41.5175,-81.6836,517
24.5833,-81.6833,2146
41.5092,-74.2650,1951
36.8167,-76.0333,2359
18.2550,-65.6408,1604
31.4156,-87.0442,2121
40.2383,-75.5572,1003
35.5144,-108.7939,1500
48.1203,-123.4983,1200
38.8983,-119.9947,1314
32.8167,-115.6833,2042
28.0622,-81.7542,1753
39.7556,-82.6572,1736
30.4000,-81.4167,105
18.4325,-66.0108,1351
31.6072,-110.4281,1212
63.9944,-145.7214,1
46.5486,-90.9189,808
55.5800,-133.0750,1927
47.4933,-122.2144,1801
35.1822,-103.6031,1518
59.4556,-135.3239,38
37.7064,-112.1456,1306
60.7850,-148.8389,1813
47.2675,-122.5761,2340
35.8550,-77.8931,2358
35.0028,-105.6628,1313
39.9181,-76.8742,1338
67.7317,-164.5483,0
30.6264,-88.0681,1609
38.3083,-75.1239,2339
30.5069,-86.9597,1423
37.1319,-76.4930,2334
41.7361,-72.6506,1454
22.0333,-159.7833,203
39.5936,-84.2264,543
41.2003,-74.6231,1537
39.1033,-84.4189,138
30.7044,-87.0231,1536
37.7081,-77.4344,11
39.4900,-121.6183,115
34.9000,-76.8833,1043
42.8050,-72.0036,1043
41.3931,-70.6150,1727
39.3667,-75.0667,1830
31.3928,-92.2956,1317
41.5097,-72.8278,1040
32.4833,-80.7167,1808
41.6875,-69.9933,1357
34.7000,-77.3833,1215
7.3333,134.4833,1033
35.9403,-89.8308,857
46.1442,-115.5964,439
70.1917,-148.4772,2313
43.2781,-70.9222,543
59.4433,-151.7017,1304
30.3433,-89.8222,1409
40.6239,-74.6694,1225
55.3567,-131.7117,1341
59.2433,-135.5094,824
41.0375,-81.4642,2229
39.3644,-84.5247,2230
47.0339,-120.5303,1551
45.8258,-119.2611,730
47.4667,-87.8833,819
36.7436,-108.2292,1537
40.8500,-74.0614,1943
38.5000,-77.3000,1319
36.6950,-76.1356,2358
31.1500,-92.9667,1344
41.7781,-80.6958,341
32.5500,-88.5667,1226
41.7419,-72.1836,1617
56.6000,-169.5650,1946
38.7667,-104.3000,1156
42.6003,-123.3642,555
48.7167,-94.6000,2344
47.3864,-92.8389,2352
45.8678,-95.3942,2354
42.2228,-83.7444,1137
39.2775,-120.7103,15
43.9636,-69.7117,451
35.1350,-90.2344,1058
34.2097,-118.4892,2351
43.6264,-72.3047,1408
34.6719,-82.8864,1955
41.3714,-73.4828,929
58.3567,-134.5639,2321
41.9144,-88.2464,109
41.8756,-71.0211,1038
46.4047,-94.1308,1713
34.1167,-119.1167,1247
44.8322,-93.4706,28
61.1689,-150.0278,8
47.7472,-90.3444,1445
42.6650,-83.4181,254
29.5622,-91.5256,1529
47.1686,-88.4889,1721
40.0819,-75.0111,1119
43.3497,-76.3847,553
40.8731,-81.8867,329
31.3500,-85.6667,1424
39.4203,-83.8217,1946
34.7917,-79.3661,1341
7.4500,151.8333,208
34.8461,-82.3461,2209
44.5761,-71.1786,1413
37.1681,-97.0369,2107
40.1606,-113.3508,2159
31.0425,-86.3117,1654
43.1644,-95.2017,2347
6.9667,158.2167,1154
62.9614,-141.9292,914
57.0481,-135.3647,1219
42.9333,-71.4383,1206
39.9492,-74.8417,1436
42.5700,-72.2911,1317
60.4889,-145.4511,34
45.4622,-69.5953,1000
42.4933,-79.2722,204
40.0781,-83.0781,1207
62.1592,-145.4589,752
30.3503,-81.8831,1327
60.5797,-151.2392,2303
39.4167,-118.7167,1141
42.4700,-71.2894,1422
31.3089,-86.3939,2344
35.6875,-117.6931,1653
42.1208,-87.9047,334
38.9833,-76.4667,2020
47.4569,-115.6450,1505
41.7700,-88.4814,154
38.9503,-95.6639,851
36.9500,-76.2833,2317
31.5883,-110.3442,1237
40.7342,-73.4169,229
45.0619,-93.3508,17
40.8206,-76.8642,2325
29.3331,-89.4075,959
42.1594,-76.8919,1532
42.7172,-71.1239,1045
40.0228,-82.4625,1924
42.1908,-71.1736,1340
66.0689,-162.7639,1027
41.3275,-72.0494,2345
41.0669,-73.7075,2230
41.7872,-111.8533,1912
47.2381,-123.1408,2257
44.9319,-93.0556,1
61.5961,-149.0917,2248
38.0653,-97.8606,2105
41.0467,-78.4117,1930
42.5708,-77.7133,1558
61.1781,-149.9664,310
32.7000,-117.2000,1433
42.1578,-72.7161,1055
40.3547,-79.9217,835
35.1967,-81.1558,5
27.5000,-97.8167,1113
30.7167,-87.0167,1355
41.1961,-112.0114,438
40.3300,-75.1225,2101
30.2333,-81.6667,1411
41.3497,-71.7989,1508
41.7861,-87.7522,131
40.2172,-76.8514,930
27.6833,-97.2833,1256
42.5842,-70.9175,1343
44.0219,-82.7931,0
48.3500,-122.6667,1330
9.4833,138.0833,1322
70.2117,-151.0017,2348
30.4000,-86.4717,1645
32.8667,-117.1333,1449
31.4000,-93.2833,1522
43.2339,-75.4117,1137
39.6092,-110.7547,1244
30.4636,-88.5319,1552
39.2956,-80.2289,2019
35.6542,-105.1419,1517
46.9006,-95.0678,2328
36.1336,-80.2222,2347
43.1072,-78.9453,23
38.1417,-76.4292,2308
34.2486,-82.1592,114
59.6419,-151.4908,623
41.0136,-83.6686,1314
36.0467,-79.4769,2258
