37.7836,-81.1231,1
41.2544,-80.6739,1
41.8975,-78.7144,1
39.7075,-86.2803,1
41.5833,-81.1833,1
46.8875,-96.7483,1
40.5711,-75.2781,1
39.8256,-78.8300,1
39.9444,-81.8922,1
41.9244,-78.0072,1
43.7925,-75.4825,1
40.6508,-75.4492,1
40.2914,-82.6547,1
46.4581,-101.2000,1
40.0136,-74.8178,1
42.0025,-76.6383,1
45.3803,-87.9567,1
39.7194,-76.8028,1
40.1358,-74.9550,1
41.8975,-77.1419,1
40.8917,-74.3961,1
42.8108,-78.3978,1
42.1172,-77.9475,1
39.8683,-75.2311,1
44.4200,-72.0194,1
40.0961,-75.7514,1
41.7750,-78.0417,1
40.1764,-80.6472,1
41.0072,-76.4483,1
39.8800,-86.0514,1
38.9536,-74.9358,1
41.8267,-88.0581,1
41.7003,-77.3872,1
41.1389,-75.3794,1
40.7794,-73.8803,1
41.7375,-77.1158,1
40.7369,-74.7322,1
44.4169,-71.5008,1
37.0872,-84.0769,1
40.8203,-82.5178,1
41.7392,-77.9711,1
42.2497,-77.7583,1
44.3981,-98.2231,1
48.1739,-103.6367,1
40.2769,-74.8158,1
39.2647,-77.2319,1
39.7342,-76.5039,1
38.3406,-75.5103,1
40.3667,-75.9667,1
41.8467,-79.1494,1
43.2358,-97.5714,1
39.9353,-77.6394,1
41.8161,-80.4250,1
43.2419,-77.3883,1
38.6892,-75.3592,1
48.4564,-102.5947,1
46.0139,-102.6547,1
40.5800,-85.6586,1
40.7939,-73.1017,1
48.5428,-109.7633,1
41.5217,-76.4042,1
40.0589,-77.5214,1
39.4019,-77.9844,1
48.2138,-106.6213,1
45.7189,-97.4769,1
41.9950,-87.9336,1
46.7994,-102.7972,1
39.8372,-75.0442,1
39.4781,-88.2803,1
41.9067,-78.6500,1
46.7708,-100.7603,1
41.3336,-75.7269,1
43.3906,-99.8422,1
43.1003,-78.9436,1
41.1583,-73.1289,1
40.0750,-76.0717,1
44.3539,-75.5122,1
39.4494,-74.5672,1
43.9750,-89.8308,1
40.6825,-74.1694,1
41.9903,-77.1567,1
41.2214,-74.6600,1
48.6033,-112.3753,1
41.3367,-85.1197,1
41.4039,-78.0183,1
41.6961,-78.4878,1
42.6472,-78.7111,1
39.1667,-76.6833,1
48.2553,-101.2733,1
45.5464,-100.4078,1
40.6386,-73.7622,1
40.2650,-74.5642,1
40.1936,-76.7633,1
40.9706,-85.2064,1
41.4131,-81.8600,1
46.8339,-100.7969,1
41.9300,-79.2969,1
42.5503,-84.8258,1
41.7072,-86.3164,1
43.5878,-96.7289,1
39.6728,-75.6008,1
38.3794,-81.5900,1
40.8142,-85.1547,1
46.9258,-98.6692,1
41.7372,-87.7775,1
