36.7900,-105.2400,133
43.7600,-116.1000,299
39.3600,-106.0600,140
36.0300,-106.8100,153
36.0000,-106.8300,25
39.8000,-106.0300,226
36.1900,-105.5600,59
40.8300,-111.7600,307
39.1900,-120.2600,23
48.7200,-116.4600,31
36.9600,-106.6600,2
43.7300,-113.8300,71
44.3800,-116.3400,26
36.3200,-115.7000,223
35.9200,-106.3900,155
38.4000,-119.5400,14
36.2500,-115.6300,209
44.2100,-110.6700,60
35.3400,-111.6500,301
40.3000,-111.2600,155
36.8600,-106.2300,11
35.7700,-105.7800,210
35.7800,-105.5400,218
36.5100,-106.3200,6
36.7200,-106.2600,188
41.4000,-107.2600,187
43.8000,-114.8500,0
44.7900,-116.0900,292
36.9900,-105.2600,257
46.2400,-117.3900,18
36.1300,-105.5300,118
39.2900,-117.1100,360
36.3100,-115.6800,156
43.7600,-115.2400,44
40.5300,-106.7800,36
39.3100,-111.4300,261
39.4300,-120.3100,356
36.0700,-105.6300,226
