43.8544,-116.4664,17
43.9794,-117.0247,6
40.1100,-87.9567,-6
41.1453,-85.4897,-17
33.8083,-79.8567,67
47.0575,-109.9514,11
33.2564,-81.2422,44
34.1944,-79.2472,50
41.8161,-80.4250,6
40.4750,-86.9919,-17
32.7547,-104.3836,28
34.2183,-81.0731,67
42.7831,-71.4147,-11
37.1317,-86.1481,22
37.8194,-85.3847,11
42.1397,-87.7853,6
28.4575,-97.7061,78
64.1539,-145.8894,-44
44.4933,-68.4583,0
40.4719,-74.4364,11
62.1925,-150.5033,-11
37.0683,-88.7725,22
46.8706,-68.0172,0
38.4558,-86.6983,0
40.2233,-86.1086,44
44.9847,-93.1772,-6
34.4719,-81.8839,56
35.6214,-88.8456,67
32.3500,-94.6500,67
37.9311,-98.0297,0
40.0739,-87.5067,-6
39.4833,-83.8500,-6
42.2947,-83.7108,-28
37.1244,-87.8672,11
38.4661,-101.7758,-11
27.7792,-97.5056,100
38.7003,-82.4736,44
39.4700,-80.8572,11
38.7386,-87.4878,39
28.7156,-97.1742,106
41.0267,-86.5867,0
42.6006,-114.7453,28
34.1419,-80.8700,44
33.0167,-81.3167,89
35.6042,-91.2744,72
45.0853,-67.1203,0
38.5200,-89.8467,-11
34.6603,-82.8236,44
38.8894,-86.5519,22
64.9156,-148.2711,22
42.3806,-96.9575,-22
32.2822,-106.7597,106
41.4439,-86.9294,-6
40.7928,-87.7556,-22
47.6811,-117.6267,-22
33.7775,-81.8467,44
40.9361,-90.7197,0
36.1306,-80.5481,33
32.5133,-92.3486,67
44.8831,-85.6753,-17
40.2539,-85.1483,17
32.9206,-86.6708,94
46.3414,-86.9242,22
38.3139,-81.7186,17
36.7578,-90.4056,39
40.8142,-85.1547,-39
37.9931,-100.8122,28
37.1167,-84.6167,50
44.5208,-101.6192,0
36.5914,-101.6181,6
20.7583,-156.3211,183
43.8544,-116.4664,17
43.9794,-117.0247,6
40.1100,-87.9567,-6
41.1453,-85.4897,-17
33.8083,-79.8567,67
47.0575,-109.9514,11
33.2564,-81.2422,44
34.1944,-79.2472,50
41.8161,-80.4250,6
40.4750,-86.9919,-17
32.7547,-104.3836,28
34.2183,-81.0731,67
42.7831,-71.4147,-11
37.1317,-86.1481,22
37.8194,-85.3847,11
42.1397,-87.7853,6
28.4575,-97.7061,78
64.1539,-145.8894,-44
44.4933,-68.4583,0
40.4719,-74.4364,11
62.1925,-150.5033,-11
37.0683,-88.7725,22
46.8706,-68.0172,0
38.4558,-86.6983,0
40.2233,-86.1086,44
44.9847,-93.1772,-6
34.4719,-81.8839,56
35.6214,-88.8456,67
32.3500,-94.6500,67
37.9311,-98.0297,0
40.0739,-87.5067,-6
39.4833,-83.8500,-6
42.2947,-83.7108,-28
37.1244,-87.8672,11
38.4661,-101.7758,-11
27.7792,-97.5056,100
38.7003,-82.4736,44
39.4700,-80.8572,11
38.7386,-87.4878,39
28.7156,-97.1742,106
41.0267,-86.5867,0
42.6006,-114.7453,28
34.1419,-80.8700,44
33.0167,-81.3167,89
35.6042,-91.2744,72
45.0853,-67.1203,0
38.5200,-89.8467,-11
34.6603,-82.8236,44
38.8894,-86.5519,22
64.9156,-148.2711,22
42.3806,-96.9575,-22
32.2822,-106.7597,106
41.4439,-86.9294,-6
40.7928,-87.7556,-22
47.6811,-117.6267,-22
33.7775,-81.8467,44
40.9361,-90.7197,0
36.1306,-80.5481,33
32.5133,-92.3486,67
44.8831,-85.6753,-17
40.2539,-85.1483,17
32.9206,-86.6708,94
46.3414,-86.9242,22
38.3139,-81.7186,17
36.7578,-90.4056,39
40.8142,-85.1547,-39
37.9931,-100.8122,28
37.1167,-84.6167,50
44.5208,-101.6192,0
36.5914,-101.6181,6
20.7583,-156.3211,183
