32.8158,-117.1394,290
70.2117,-151.0017,40
39.7078,-77.7297,330
43.5164,-112.0672,210
36.1994,-95.8872,10
40.2964,-78.3203,10
31.4208,-110.8458,210
47.1686,-88.4889,360
48.3500,-122.6667,330
47.2675,-122.5761,20
28.4567,-99.2183,80
40.8731,-81.8867,360
35.0311,-85.2014,320
41.6267,-73.8842,10
43.2339,-75.4117,350
37.6542,-122.1150,280
35.2333,-101.7089,30
44.8322,-93.4706,350
34.2008,-119.2069,40
37.0872,-84.0769,10
34.1231,-84.8486,100
34.5183,-109.3792,240
21.1544,-157.0961,170
41.7636,-96.1778,360
41.8056,-107.1997,230
33.2119,-87.6161,360
38.3306,-96.1897,360
44.8428,-117.8086,330
34.6517,-112.4208,210
27.7411,-98.0247,20
31.3500,-85.6667,80
33.6883,-112.0817,160
38.9833,-76.4667,340
41.5944,-109.0528,170
30.0481,-102.2131,10
40.7789,-73.9692,260
20.8997,-156.4286,180
41.4131,-81.8600,350
24.5550,-81.7522,110
31.9514,-85.1289,100
36.7367,-97.1019,10
45.7728,-122.8611,190
18.3331,-64.9667,130
41.9950,-87.9336,10
32.4506,-93.8411,10
43.3497,-76.3847,10
39.2775,-120.7103,90
41.8833,-91.7167,360
40.6239,-74.6694,30
64.8039,-147.8761,70
43.7331,-103.6114,220
39.0083,-95.2117,10
35.2578,-93.0947,10
41.5092,-74.2650,200
41.3325,-122.3328,310
45.6208,-122.6572,110
35.7425,-81.3819,260
18.2550,-65.6408,100
42.7461,-86.0967,20
57.1553,-170.2222,80
42.4933,-79.2722,350
41.2731,-111.0306,80
39.2231,-106.8683,120
45.7881,-111.1608,130
37.7797,-89.2497,350
42.8375,-103.0953,190
45.4622,-69.5953,310
37.3169,-79.9742,300
43.3500,-73.6167,340
31.8111,-106.3758,70
32.3847,-94.7117,50
42.5700,-72.2911,20
35.5144,-108.7939,170
17.7028,-64.8056,90
39.7736,-94.9233,10
34.7272,-92.2389,20
26.5850,-81.8614,20
36.4486,-103.1539,10
40.7083,-84.0267,350
35.6169,-106.0889,160
31.2361,-94.7544,360
46.2667,-119.1167,290
47.0339,-120.5303,200
42.7431,-73.8092,300
31.4000,-93.2833,360
41.2003,-74.6231,340
34.2486,-82.1592,30
39.1342,-108.5400,130
42.8153,-108.7261,340
33.5872,-85.8556,50
30.1250,-93.2158,10
36.9500,-76.2833,360
61.2169,-149.8550,20
31.3214,-85.4497,90
32.5500,-88.5667,360
43.9906,-70.9475,310
45.5511,-122.4089,90
34.4258,-119.8425,160
29.9506,-94.0206,350
36.9033,-76.1922,350
41.2544,-80.6739,10
31.3347,-92.5586,10
37.6242,-120.9506,300
60.7850,-161.8292,30
36.3189,-119.6289,300
55.0389,-131.5786,130
47.7472,-90.3444,330
38.1847,-84.9033,10
46.5311,-87.5483,45
60.1283,-149.4167,350
48.4608,-119.5167,10
46.5486,-90.9189,10
40.8097,-124.1603,20
40.0397,-88.2778,350
59.2433,-135.5094,80
33.4825,-90.9853,360
33.1803,-96.5903,10
29.5442,-98.4839,20
34.5467,-93.5781,320
38.7550,-109.7542,110
39.1258,-123.2008,310
40.9017,-117.8081,300
46.9006,-95.0678,330
37.7086,-113.0944,310
42.4700,-71.2894,230
30.1831,-97.6800,20
39.4019,-77.9844,330
36.0236,-84.2375,60
41.1078,-92.4467,340
36.2606,-76.1750,200
33.8117,-118.1464,210
40.6331,-93.9019,360
71.2833,-156.7814,60
36.9261,-111.4478,320
38.3650,-82.5550,340
27.5333,-99.4667,40
38.0511,-117.0903,330
43.9922,-76.0217,20
37.9272,-100.7247,10
42.8050,-72.0036,340
30.9119,-102.9167,30
35.4319,-82.5375,340
32.3542,-95.4025,360
40.3300,-75.1225,360
41.3931,-70.6150,10
35.2236,-80.9553,70
37.5908,-83.3131,40
39.1333,-86.6167,30
27.7839,-97.5108,30
13.4836,144.7961,40
37.4058,-122.0481,340
37.1467,-94.5022,350
57.7511,-152.4856,60
40.9781,-124.1086,320
39.5703,-104.8489,350
19.7192,-155.0531,120
38.5000,-77.3000,10
42.7267,-114.4564,250
43.3906,-99.8422,160
39.4167,-118.7167,360
40.2383,-75.5572,340
39.4203,-83.8217,10
29.6381,-95.2819,20
46.9733,-122.9033,40
43.2781,-70.9222,320
34.0561,-117.6003,230
32.2997,-86.4075,80
42.2706,-71.8731,250
9.4833,138.0833,50
30.4781,-87.1869,120
43.1111,-76.1039,220
42.3914,-96.3792,360
26.6847,-80.0994,110
43.9042,-92.4917,350
38.6572,-90.6558,10
47.4933,-122.2144,310
41.8031,-78.6403,260
29.3600,-99.1742,30
29.6333,-83.1053,30
31.4156,-87.0442,360
44.4983,-88.1111,350
30.7797,-86.5225,180
40.1764,-80.6472,350
39.0431,-84.6717,10
25.7906,-80.3164,120
41.0669,-73.7075,340
67.7317,-164.5483,30
39.4781,-88.2803,360
37.2958,-81.2078,150
40.9167,-81.4333,350
39.0725,-95.6261,350
44.3592,-89.8369,330
37.4389,-105.8614,10
29.3783,-100.9269,330
46.9258,-98.6692,340
32.5667,-117.1167,300
24.5833,-81.6833,90
40.7794,-73.8803,360
35.6575,-109.0614,180
42.2314,-83.3308,320
30.3975,-84.3289,110
37.7461,-97.2211,360
30.3489,-85.7881,30
32.8986,-80.0403,120
41.0375,-81.4642,350
32.8342,-115.5786,20
32.1300,-81.2100,320
46.9728,-123.9303,50
39.5781,-85.8033,360
47.3078,-119.5153,120
34.6525,-86.9453,360
37.3208,-79.2067,10
31.0425,-86.3117,130
45.5406,-122.9486,320
41.1961,-112.0114,240
42.1469,-121.7242,330
35.1442,-111.6664,260
40.8206,-76.8642,20
48.5614,-93.3981,350
33.4278,-112.0039,260
31.5883,-110.3442,280
43.1167,-77.6767,350
37.7836,-81.1231,150
35.9508,-85.0814,10
35.0169,-80.6206,40
7.3333,134.4833,90
38.8000,-97.6500,360
29.1097,-95.4619,10
42.5950,-87.9381,350
46.0947,-118.2869,190
34.5583,-98.4172,360
33.5656,-86.7450,360
41.5333,-71.2833,350
42.1908,-71.1736,340
36.6206,-116.0278,230
46.8706,-68.0172,340
34.2900,-93.0600,70
34.6294,-118.0836,320
43.9844,-88.5569,320
6.9667,158.2167,50
36.5728,-79.3361,230
36.6950,-76.1356,10
38.8169,-92.2183,360
33.6228,-111.9106,150
45.5644,-84.7928,330
46.4047,-94.1308,10
33.9706,-80.9958,270
24.7258,-81.0517,90
40.3547,-79.9217,330
36.2967,-99.7689,360
55.2208,-162.7325,90
42.4272,-73.2892,330
33.9481,-83.3275,90
41.7700,-88.4814,340
34.2675,-77.8997,240
40.4122,-86.9369,360
33.2367,-107.2681,20
43.7667,-98.0333,340
15.1167,145.7167,30
38.3406,-75.5103,320
32.7800,-79.9319,190
35.1350,-90.2344,20
42.1208,-87.9047,340
39.1667,-76.6833,10
32.9733,-97.3181,10
46.9253,-96.8111,350
37.2839,-98.5528,360
43.1711,-86.2367,360
41.6764,-70.9583,220
47.4444,-122.3139,90
40.0228,-82.4625,10
32.1314,-110.9553,190
34.6081,-79.0592,280
30.4636,-88.5319,190
28.1011,-80.6439,350
33.6361,-91.7556,20
40.2172,-76.8514,360
39.1208,-94.5969,10
34.7411,-118.2117,280
36.6636,-121.6081,270
45.8069,-108.5422,230
39.9914,-82.8808,350
32.4833,-80.7167,320
35.2100,-99.1200,10
45.1947,-123.1339,340
29.5189,-95.2417,50
41.2433,-76.9217,330
46.7708,-100.7603,350
39.9061,-84.2186,20
35.9333,-79.0642,50
39.1353,-96.6778,30
39.2956,-80.2289,360
27.4981,-80.3767,350
38.8317,-94.8897,360
43.5331,-84.0797,10
33.1783,-86.7817,10
41.1519,-104.8061,190
38.5714,-90.1572,350
34.2006,-118.3575,260
26.2281,-97.6542,10
36.0394,-95.9844,20
38.8100,-104.6883,150
39.3669,-101.7000,10
33.8750,-84.3022,320
40.1936,-76.7633,350
21.3239,-157.9294,230
27.5000,-97.8167,20
35.3889,-97.6006,340
41.7361,-72.6506,320
44.0206,-117.0128,240
41.6328,-91.5431,340
43.0661,-108.4767,290
41.7419,-72.1836,230
40.4953,-107.5211,80
36.4731,-82.4044,260
28.0622,-81.7542,150
47.3258,-106.9475,170
41.4525,-87.0058,340
38.0700,-102.6881,40
30.5108,-99.7664,30
37.6703,-95.4842,360
30.4119,-89.0808,110
59.7494,-154.9089,100
33.6800,-117.8664,210
34.9914,-78.8803,280
37.2622,-104.3378,50
34.9000,-76.8833,240
40.5100,-101.6200,170
42.8975,-106.4636,350
34.1750,-91.9347,20
45.5464,-100.4078,140
37.2847,-120.5128,330
45.8678,-95.3942,340
29.7333,-85.0333,100
44.2667,-71.2994,320
39.4494,-74.5672,350
42.4819,-114.4869,260
41.4333,-99.6333,360
48.5222,-123.0231,350
57.0481,-135.3647,110
45.2575,-112.5545,60
30.4000,-86.4717,80
44.0433,-103.0536,170
31.9433,-102.1889,40
60.7850,-148.8389,90
41.3275,-72.0494,330
42.2228,-83.7444,360
44.9047,-97.1494,340
37.6928,-121.8144,90
44.3981,-98.2231,350
45.6983,-110.4408,250
45.4558,-98.4131,360
42.4167,-87.8667,350
38.3794,-81.5900,350
42.9667,-83.7494,10
38.2900,-104.4983,100
34.8822,-95.7831,20
39.6092,-110.7547,140
60.5797,-151.2392,30
39.9181,-76.8742,340
44.5483,-95.0803,350
34.4978,-82.7097,40
44.3206,-69.7972,350
29.7036,-98.0281,30
42.6650,-83.4181,360
39.8683,-75.2311,350
39.7333,-77.4333,360
29.9800,-95.3600,360
40.6044,-98.4272,360
34.3478,-85.1611,200
44.3814,-100.2856,120
45.0319,-102.0192,150
43.5878,-96.7289,10
31.2819,-89.2531,350
31.8456,-86.6108,360
29.6222,-95.6564,360
38.9286,-90.4281,40
42.0800,-80.1825,30
40.0781,-83.0781,360
44.3592,-84.6739,330
32.3367,-90.2214,340
38.0442,-87.5206,360
37.7064,-112.1456,130
36.2667,-93.1567,340
25.6475,-80.4331,110
38.6892,-75.3592,160
42.7803,-84.5789,360
42.0572,-102.8000,160
47.6217,-117.5281,350
46.0261,-91.4442,30
35.6950,-101.3950,30
37.0683,-88.7719,20
38.3775,-121.9575,50
28.7797,-81.2436,340
42.9203,-112.5711,240
41.3375,-84.4289,350
46.5683,-120.5428,270
40.8289,-115.7886,320
45.5908,-122.6003,100
40.2342,-85.3936,50
38.2103,-122.2847,240
33.4536,-94.0075,40
31.1500,-92.9667,360
34.7675,-114.6189,350
38.5911,-92.1558,340
39.6728,-75.6008,350
31.4583,-109.6061,340
48.1203,-123.4983,120
37.7608,-99.9683,360
37.3031,-108.6275,130
37.2353,-93.4003,360
27.7628,-82.6261,360
36.1189,-86.6892,10
46.1236,-67.7928,340
30.6264,-88.0681,10
30.0675,-95.5561,360
30.2050,-91.9875,20
36.0719,-115.1633,40
44.1278,-123.2206,140
38.4167,-113.0167,340
45.6906,-118.8528,140
44.2558,-121.1392,320
41.1783,-78.8989,350
42.5842,-70.9175,200
45.6478,-68.6925,30
41.7806,-122.4717,210
35.8517,-97.4142,360
45.2486,-122.7686,360
32.3336,-104.2581,320
37.2253,-89.5706,10
36.2117,-115.1958,20
40.5175,-122.2986,350
43.1644,-95.2017,360
42.8914,-73.2469,350
62.9614,-141.9292,260
41.3714,-73.4828,360
40.9611,-98.3136,360
39.3450,-81.4392,350
33.9753,-117.6361,250
39.8233,-93.5792,10
32.3206,-90.0778,340
38.9408,-77.4636,320
66.9161,-151.5089,360
43.5667,-116.2406,290
47.2078,-119.3192,230
33.9786,-98.4928,10
33.4669,-82.0386,350
36.0097,-94.1694,350
48.1739,-103.6367,180
32.2622,-107.7206,60
32.8667,-117.1333,290
7.4500,151.8333,140
42.5844,-110.1075,360
38.1811,-85.7392,350
27.9619,-82.5403,330
35.8181,-83.9858,290
37.9917,-122.0550,50
44.8889,-116.1017,20
32.8547,-109.6353,30
33.2208,-92.8142,40
55.5800,-133.0750,50
28.8208,-81.8097,310
48.7167,-94.6000,330
44.7408,-85.5825,10
42.2667,-84.4667,350
42.2333,-83.5333,350
32.5722,-116.9794,290
48.7939,-122.5372,360
38.3083,-75.1239,220
41.5175,-81.6836,340
37.7081,-77.4344,350
39.9492,-74.8417,350
40.2064,-100.5914,20
64.3267,-158.7417,40
36.7414,-104.5022,200
38.8853,-79.8528,330
36.8781,-91.9025,20
46.4794,-84.3572,320
35.6567,-95.3614,360
31.1828,-90.4708,350
32.5428,-93.7450,20
43.2389,-123.3547,250
34.7436,-118.7242,330
34.6439,-86.7861,10
42.3811,-122.8722,170
37.1319,-76.4930,190
40.6675,-89.6839,10
45.8258,-119.2611,110
44.3853,-74.2067,340
40.0489,-107.8853,360
41.5886,-83.8014,330
46.0139,-102.6547,150
38.5050,-107.8975,160
40.6825,-74.1694,360
38.0494,-103.5122,90
46.4267,-105.8825,160
30.4844,-81.7019,320
41.0467,-78.4117,340
37.7214,-122.2208,210
36.3689,-92.4703,340
40.4847,-80.2144,350
41.7861,-87.7522,360
32.0311,-96.3989,360
42.3606,-71.0106,350
36.6239,-87.4194,360
32.8167,-115.6833,340
34.4272,-100.2831,20
39.8447,-89.6839,10
36.1336,-80.2222,50
47.9375,-124.5550,50
32.8978,-97.0189,360
29.2733,-94.8592,360
41.1389,-75.3794,330
37.5050,-77.3203,10
38.5039,-122.8103,200
35.5342,-97.6469,350
26.1658,-97.3458,350
47.9742,-117.4283,360
33.4050,-118.4158,250
18.4325,-66.0108,70
48.2138,-106.6213,110
46.3747,-117.0156,290
30.7825,-83.2767,180
32.7100,-96.2672,360
37.2833,-102.6139,40
44.7978,-68.8186,320
40.2769,-74.8158,360
42.6003,-123.3642,210
38.7667,-104.3000,50
45.0133,-84.7014,330
29.9933,-90.2511,330
31.1522,-81.3908,280
42.1244,-86.4267,350
37.8892,-121.2258,280
33.3075,-104.5083,10
42.9486,-78.7369,360
38.8983,-119.9947,30
33.9486,-81.1186,290
33.9519,-117.4386,270
35.1967,-81.1558,40
41.6236,-98.9517,340
48.6033,-112.3753,320
32.3500,-91.0278,10
31.5356,-84.1944,60
30.3361,-81.5147,340
46.1569,-123.8825,350
28.4339,-81.3250,320
33.9381,-118.3889,240
37.6197,-122.3647,270
30.3433,-89.8222,120
40.7833,-91.1253,360
40.4422,-109.5144,260
41.3497,-71.7989,340
31.7800,-103.2017,50
35.0564,-89.9864,40
39.4519,-87.3089,10
48.2553,-101.2733,170
46.1442,-115.5964,340
42.1997,-75.9850,340
42.6425,-77.0564,340
59.4556,-135.3239,270
39.2972,-94.7306,30
47.0492,-109.4578,130
19.7356,-156.0489,200
31.6189,-97.2283,360
29.6919,-82.2756,140
36.0167,-102.5500,20
22.0333,-159.7833,190
35.6542,-105.1419,180
43.8789,-91.2528,320
43.7700,-88.4864,350
70.6392,-159.9950,70
45.6689,-96.9914,350
45.6308,-89.4653,360
38.8500,-94.7392,360
36.9358,-121.7886,320
56.6000,-169.5650,60
35.2578,-113.9331,220
39.4839,-119.7711,10
42.9550,-87.9044,340
41.6117,-90.5808,10
26.1522,-81.7753,140
30.6794,-88.2397,200
44.6381,-90.1875,340
41.5272,-85.7922,330
38.8483,-77.0342,340
36.0969,-79.9433,310
44.5228,-114.2150,200
41.7072,-86.3164,340
36.7436,-108.2292,130
36.7683,-96.0261,10
44.9358,-74.8458,320
28.5453,-81.3331,320
44.1708,-114.9272,160
32.3347,-88.7442,360
47.6458,-101.4394,170
40.1519,-122.2536,330
38.7042,-93.1833,350
34.6719,-82.8864,50
42.5544,-92.4011,360
43.1561,-90.6775,40
42.4092,-83.0100,360
47.3978,-120.2014,310
39.1019,-121.5678,320
41.9381,-72.6825,350
43.2119,-90.1814,350
26.1839,-98.2539,10
42.1594,-76.8919,10
38.9503,-95.6639,10
41.6686,-70.2800,350
59.4433,-151.7017,20
59.5119,-139.6711,100
40.3161,-78.8339,330
33.3644,-81.9633,340
45.9647,-112.5006,300
39.9369,-91.1919,10
32.8192,-97.3614,350
44.0511,-101.6011,130
62.3200,-150.0950,40
30.8356,-85.1839,80
34.1853,-79.7239,10
42.7611,-87.8136,340
39.9444,-81.8922,10
39.3792,-74.4242,330
42.3075,-85.2511,30
44.5444,-110.4211,90
38.0408,-84.6058,20
25.9156,-97.4186,10
64.7767,-141.1483,140
47.4569,-115.6450,320
44.5344,-72.6144,360
36.7800,-119.7194,170
43.1953,-71.5011,350
41.2531,-70.0608,220
33.2194,-117.3494,290
47.4667,-87.8833,30
33.3633,-84.5658,120
33.4964,-90.0867,360
44.0219,-82.7931,10
41.0136,-83.6686,20
33.9228,-118.3342,260
39.5264,-107.7264,120
31.9206,-102.3867,70
43.9636,-69.7117,340
46.3583,-104.2500,150
64.5500,-149.0717,60
35.8922,-78.7819,130
47.6831,-117.3214,200
39.2447,-102.2842,30
30.4000,-81.4167,100
39.1894,-103.7158,180
34.9894,-99.0525,20
37.3711,-118.3581,350
41.3119,-105.6747,150
44.2033,-72.5794,310
36.3333,-119.9500,330
34.0158,-118.4514,240
26.1969,-80.1708,110
42.9333,-71.4383,350
37.3278,-95.5042,360
41.4914,-120.5644,70
43.1406,-89.3453,350
41.1014,-102.9847,150
48.0944,-105.5744,80
45.6044,-103.5464,150
40.3667,-75.9667,340
30.7167,-87.0167,130
41.9922,-93.6217,360
34.0511,-118.2353,270
30.3208,-97.7603,360
41.5097,-72.8278,340
37.9406,-75.4631,220
32.5161,-84.9422,90
28.0836,-97.0464,20
34.7000,-77.3833,200
40.7342,-73.4169,230
58.3567,-134.5639,90
37.1431,-107.7597,130
34.9869,-81.0575,330
32.7817,-98.0603,350
42.5519,-71.7558,280
33.1281,-117.2794,280
41.3336,-75.7269,320
33.7792,-84.5214,60
43.7694,-87.8506,340
29.3389,-98.4719,30
32.7000,-117.2000,310
39.8250,-86.2958,10
46.4167,-86.6500,20
28.7247,-96.2536,10
34.2167,-119.0833,200
42.5417,-113.7661,290
42.1578,-72.7161,330
36.2833,-94.3000,360
45.0717,-83.5644,320
30.5892,-96.3647,360
42.7172,-71.1239,320
39.2953,-114.8467,260
35.1822,-103.6031,50
33.8281,-116.5053,290
31.6072,-110.4281,250
41.7803,-124.2367,120
45.8183,-88.1144,360
46.7994,-102.7972,180
38.7525,-90.3736,350
32.6261,-116.4681,220
38.8761,-98.8092,10
39.3667,-75.0667,290
38.1386,-78.4530,30
41.6264,-80.2150,180
39.7075,-86.2803,340
39.7556,-82.6572,360
25.9069,-80.2803,100
44.7694,-106.9689,320
34.8536,-116.7858,310
34.7442,-87.5997,20
40.8500,-74.0614,140
47.9078,-122.2803,30
33.6300,-84.4417,40
47.2856,-68.3133,350
41.9144,-88.2464,360
35.6875,-117.6931,210
42.8939,-85.5447,20
38.6956,-121.5897,220
32.4106,-99.6822,10
38.3000,-76.4167,230
41.1214,-100.6694,20
44.5169,-108.0822,100
35.5931,-88.9167,10
40.6508,-75.4492,340
34.2622,-88.7714,30
44.3814,-106.7211,140
34.7917,-79.3661,280
44.3394,-105.5419,160
34.0500,-94.4008,20
32.8519,-96.8556,10
36.8167,-76.0333,350
42.1094,-77.9919,330
39.1033,-84.4189,20
45.0619,-93.3508,350
42.1928,-89.0931,360
39.2292,-106.3169,180
36.9839,-77.0075,190
29.1828,-81.0483,320
44.8831,-93.2289,340
34.8831,-82.2203,70
35.0028,-105.6628,100
47.3864,-92.8389,350
38.9597,-94.3714,350
42.5708,-77.7133,310
61.1781,-149.9664,360
39.4900,-121.6183,270
44.8664,-91.4878,350
32.7336,-117.1831,300
35.8311,-90.6464,20
31.5358,-82.5067,160
39.5514,-97.6508,10
39.8344,-88.8656,350
62.1592,-145.4589,160
48.5428,-109.7633,220
43.5950,-118.9564,260
47.9428,-97.1839,190
38.2281,-85.6636,350
41.7872,-111.8533,220
35.9403,-89.8308,20
27.6531,-80.2428,10
40.0819,-75.0111,340
35.8550,-77.8931,310
34.8461,-82.3461,20
47.4733,-111.3822,210
41.5339,-93.6531,10
31.3089,-86.3939,140
44.9258,-89.6256,350
46.6056,-111.9636,340
41.3103,-95.8992,330
40.1203,-76.2944,360
36.9878,-120.1106,110
45.6194,-121.1661,240
39.3756,-99.8297,10
30.7044,-87.0231,130
41.9856,-97.4353,350
33.2061,-97.1989,360
40.1667,-103.2167,150
60.4889,-145.4511,130
30.7406,-98.2353,20
37.6544,-97.4425,360
33.8719,-117.9789,210
39.5936,-84.2264,360
31.3558,-85.7511,130
43.9658,-107.9508,200
30.0494,-90.0289,310
33.4617,-80.8581,290
36.6817,-101.5053,10
39.3644,-84.5247,20
40.8217,-72.8689,330
33.8117,-78.7239,200
30.5069,-86.9597,130
47.5303,-122.3008,230
31.8606,-86.0122,170
28.4736,-82.4544,320
38.7642,-87.6056,30
44.6500,-73.4667,320
38.1311,-91.7683,360
43.3436,-72.5178,10
41.4653,-90.5233,350
26.5361,-81.7550,40
42.7972,-105.3856,130
61.5961,-149.0917,30
37.0911,-95.5664,350
42.6958,-73.1708,280
41.0731,-71.9233,330
21.3167,-158.0667,230
39.6428,-79.9164,330
27.4014,-82.5586,330
30.3503,-81.8831,320
30.5372,-91.1469,10
33.6186,-114.7142,70
32.6847,-83.6528,30
34.2719,-83.8303,90
26.9172,-81.9914,50
40.8436,-72.6322,330
43.4075,-94.7461,360
41.5631,-83.4764,350
40.0803,-95.5919,360
45.5433,-94.0514,350
25.9989,-80.2411,110
29.3331,-89.4075,330
38.5069,-121.4950,330
44.3675,-71.5450,320
37.3592,-121.9239,310
42.1128,-92.9175,350
39.8328,-104.6575,320
27.6833,-97.2833,10
32.6808,-96.8681,350
46.7439,-117.1086,270
41.8756,-71.0211,250
43.6264,-72.3047,330
61.1689,-150.0278,350
41.0089,-74.7367,20
46.9208,-114.0925,10
48.3042,-114.2636,170
42.2347,-85.5519,360
40.6386,-73.7622,350
40.6161,-83.0636,20
35.0281,-110.7208,210
35.4344,-119.0542,270
64.5111,-165.4400,30
27.9106,-82.6875,360
66.0689,-162.7639,210
40.0972,-92.5433,10
35.2325,-75.6219,260
32.7667,-97.4500,360
42.8783,-100.5500,180
43.1072,-78.9453,340
62.9575,-155.6103,360
47.2381,-123.1408,40
32.6636,-97.0939,20
21.9839,-159.3405,180
41.6875,-69.9933,350
59.6419,-151.4908,70
29.5622,-91.5256,340
36.5881,-121.8453,100
31.3928,-92.2956,360
41.7781,-80.6958,310
39.6014,-116.0056,10
34.2097,-118.4892,30
30.0375,-91.8839,20
35.0419,-106.6156,90
41.9097,-70.7294,330
43.6497,-70.3003,350
40.8203,-82.5178,10
32.5156,-92.0406,10
55.3567,-131.7117,120
8.7333,167.7333,40
38.0653,-97.8606,360
41.7219,-71.4325,340
43.1544,-93.3269,350
26.0719,-80.1536,110
31.3711,-100.4922,20
30.3567,-95.4139,20
70.1917,-148.4772,50
35.6697,-120.6283,90
30.2333,-81.6667,150
45.5114,-118.4247,240
44.9050,-123.0011,40
40.8508,-96.7475,10
58.6794,-156.6294,40
36.9647,-86.4239,360
44.5761,-71.1786,330
34.3622,-98.9761,10
33.6267,-116.1594,340
41.8678,-84.0794,360
44.4683,-73.1500,330
46.8369,-92.2097,330
43.0206,-102.5183,180
43.8339,-111.8045,200
34.7336,-76.6606,240
40.9706,-85.2064,340
33.6542,-101.8136,50
42.3978,-90.7036,10
28.8614,-96.9303,360
40.7781,-111.9694,150
35.0678,-77.0481,240
42.5906,-117.8644,280
41.8706,-103.5931,120
35.2372,-120.6414,330
40.0681,-118.5692,350
26.2500,-80.1083,110
44.9319,-93.0556,340
42.0647,-104.1528,120
36.0467,-79.4769,300
63.9944,-145.7214,100
35.3331,-94.3625,350
35.9461,-112.1547,270
41.3461,-82.1794,20
36.1625,-97.0894,350
41.2639,-72.8872,350
37.1681,-97.0369,360
38.1417,-76.4292,280
40.8764,-74.2831,250
36.7725,-90.3247,10
30.7439,-95.5861,10
66.8667,-162.6333,80
40.4719,-81.4236,340
