41.3336,-87.7891,33
42.1335,-73.7679,53
45.1864,-85.1478,15
42.2832,-83.7715,53
49.8599,-97.1128,0
46.3526,-61.0776,8
38.7575,-120.6046,0
39.7148,-105.3551,20
40.5472,-105.0749,10
39.9279,-105.1542,0
44.3552,-72.4554,13
35.4049,-78.6810,0
40.8784,-87.8462,79
44.0250,-66.1030,0
40.1526,-84.4613,0
44.4991,-63.5264,0
38.9422,-92.3200,30
43.1223,-77.8164,25
41.5886,-81.3491,86
39.0187,-105.0549,71
39.8959,-105.3508,15
46.3118,-116.0553,0
39.6025,-104.9762,0
42.5973,-74.5931,51
40.7739,-84.0800,56
40.7683,-89.6672,74
44.8720,-69.4203,0
38.3401,-107.0943,5
42.9962,-82.4643,56
42.6175,-83.5438,69
44.2781,-103.8092,0
40.1385,-89.3456,53
37.7847,-79.9165,0
36.1502,-86.5738,0
42.1587,-78.4905,53
38.9963,-94.8951,0
47.0570,-67.7263,0
41.1732,-104.0568,254
41.5577,-87.6594,28
40.3038,-103.1114,0
34.6544,-86.5617,0
47.7738,-120.6641,5
41.3493,-75.7714,0
42.0181,-74.0151,36
47.5857,-122.6092,0
38.8618,-104.8143,76
46.4667,-63.9892,0
44.8353,-122.6836,0
46.4393,-95.5887,5
49.8922,-97.0283,0
42.1070,-84.6260,46
40.8770,-105.0787,23
42.4675,-71.4820,0
45.7416,-108.5535,30
41.6425,-86.0415,30
41.9286,-74.0195,25
35.5813,-88.8306,0
35.3782,-88.5490,0
37.7892,-120.7518,0
46.4325,-63.8215,0
44.4171,-72.2350,2794
38.0396,-102.6075,0
42.4000,-88.7424,0
41.8026,-75.6972,36
42.0044,-87.8460,48
45.6325,-110.5836,33
45.4788,-122.7692,0
33.9837,-83.1378,0
41.3846,-79.6979,86
43.6394,-108.2133,10
41.6498,-83.6203,107
39.5462,-104.9655,8
41.4088,-81.7448,66
42.5110,-76.9155,8
46.7985,-96.1218,3
42.8370,-78.7433,5
35.1934,-112.1765,25
45.4681,-122.6813,0
41.6225,-86.2163,30
40.5430,-105.0542,3
41.7788,-107.1169,8
44.0390,-122.8500,0
39.6450,-106.3953,28
41.2008,-81.3389,102
44.5179,-103.6698,0
40.0781,-88.2537,18
45.8608,-84.7197,8
36.7500,-93.9400,0
42.7590,-71.5370,0
45.6745,-118.8079,0
43.8981,-72.1377,0
45.5538,-118.4672,33
40.7228,-105.0680,20
41.1858,-104.8149,5
42.1739,-88.2993,28
45.7139,-89.4215,15
42.8253,-85.5894,5
39.0201,-84.7281,0
49.7556,-96.9094,0
38.3299,-97.7787,0
40.1865,-85.4897,0
39.5482,-104.1273,0
40.4711,-104.9002,3
39.9714,-105.3968,10
42.8360,-78.7897,36
38.2885,-107.5549,33
41.2949,-75.8682,13
44.2559,-117.5293,30
45.8002,-108.5553,13
41.4681,-87.9378,36
36.7207,-86.0349,0
45.8802,-123.2946,0
39.1051,-95.5490,5
46.4698,-63.4920,0
47.2227,-93.4960,0
34.6614,-86.5575,0
39.6490,-104.7758,0
38.7909,-104.8115,99
30.8176,-83.8965,0
42.2379,-73.3503,51
42.6396,-83.0272,64
34.6250,-86.5367,0
39.9317,-105.0809,0
40.8818,-74.5794,3
40.6262,-74.6535,0
45.2082,-93.6528,0
39.5561,-105.3114,18
44.4764,-71.1773,25
43.0521,-78.7643,56
42.1823,-83.4364,53
40.0015,-105.8725,0
43.0520,-77.2570,33
35.2470,-83.4140,0
43.2115,-71.4143,0
44.5187,-72.3028,15
39.7140,-86.4090,0
40.9136,-90.2935,41
42.3611,-82.2443,51
37.7399,-94.8000,10
40.2124,-105.0426,5
41.3262,-82.4920,107
39.0720,-106.4673,0
47.3720,-122.2230,0
44.0679,-72.8336,41
34.9542,-86.4506,0
39.9844,-104.8134,0
44.7029,-106.3261,18
38.2994,-104.6208,0
41.2017,-90.7417,30
44.7825,-108.6879,8
37.5791,-106.1581,15
41.5578,-85.8834,64
43.5375,-81.3964,33
40.4407,-105.0619,33
40.7606,-86.7599,97
46.2170,-67.8589,8
39.0171,-95.6113,0
42.8909,-83.5858,53
36.4843,-80.9996,0
45.2753,-62.7127,0
46.5367,-120.7134,20
42.2469,-83.0804,61
40.5088,-104.6825,18
45.5075,-66.0986,0
39.3723,-112.3339,0
41.1149,-87.1997,38
35.5344,-77.3821,0
43.1848,-71.5186,3
45.3806,-91.7048,0
41.8161,-80.4250,64
39.7978,-93.4997,41
45.3201,-85.2437,15
39.4700,-76.8301,0
41.8939,-88.4761,71
39.0205,-105.4940,8
44.2400,-119.0900,36
35.5909,-82.5549,0
39.4582,-107.1839,0
42.4717,-79.3336,48
39.3933,-84.4770,0
39.5168,-101.9302,0
42.0043,-87.6697,38
38.6639,-77.9756,0
46.5894,-107.7488,0
40.2001,-82.7732,0
49.8654,-119.6041,0
41.4900,-82.0874,99
42.7017,-108.6757,0
45.8330,-109.9450,33
41.2986,-104.8278,5
44.0800,-99.1300,0
39.2325,-94.7805,10
38.9052,-104.8491,61
35.6345,-117.9782,0
40.7494,-96.5928,0
40.3685,-109.3525,8
38.9384,-104.8426,46
43.9237,-70.2579,8
42.8167,-106.4108,10
40.1848,-105.0820,0
42.3775,-71.6583,5
39.2883,-104.4521,20
38.7835,-104.8293,91
47.3714,-102.7606,0
44.4932,-71.7045,23
39.9660,-105.5125,18
43.2696,-71.1281,30
39.7647,-84.6338,0
41.5832,-88.1911,25
34.7411,-86.7697,0
52.2915,-104.5762,0
40.7106,-104.7595,15
42.8213,-73.7855,33
39.7918,-94.4804,0
45.4000,-123.1830,0
35.1833,-97.4028,0
38.3852,-122.8928,0
41.8644,-88.3232,58
40.5562,-105.0643,5
47.6421,-65.6876,0
47.7130,-118.9412,0
41.4896,-87.0580,48
38.6704,-91.7726,0
41.6189,-87.0825,23
39.4195,-77.2905,0
41.6598,-87.5529,20
43.1764,-78.6834,56
51.2522,-106.5403,0
36.6817,-95.9891,0
41.2126,-104.4801,8
34.6286,-86.5561,0
42.8264,-106.3988,23
45.4622,-112.1625,8
39.7041,-102.7080,0
40.7157,-89.4123,71
40.5759,-105.0858,15
34.7842,-86.7544,0
42.6038,-76.1637,30
40.2286,-74.6472,0
40.6309,-103.2047,8
44.6310,-72.2800,13
39.6742,-89.6693,58
37.5459,-106.1217,8
43.1923,-123.4387,0
41.1429,-104.7897,8
41.4644,-81.0652,84
45.9973,-110.6622,30
34.7058,-86.7503,0
40.0839,-105.3689,3
42.6532,-85.4405,36
40.7623,-74.9719,0
41.5264,-90.5858,10
43.5370,-110.8250,25
44.3592,-72.6964,8
40.3833,-105.1390,13
45.3950,-93.0181,8
44.9354,-68.6584,0
40.9733,-87.2905,81
41.1779,-89.6493,30
38.9438,-104.7816,38
45.4505,-98.5086,0
53.5972,-105.7361,0
39.6249,-75.7861,0
41.5279,-71.3831,0
36.1520,-115.3396,0
38.3339,-104.7898,0
42.5918,-85.3161,38
34.8057,-86.2483,0
40.3978,-80.0967,36
41.7304,-88.2376,38
50.1475,-95.8902,0
41.1015,-104.3212,5
34.1649,-95.5431,0
44.8745,-123.0444,0
43.5868,-99.7114,0
47.4021,-79.6765,18
42.0911,-84.4773,64
41.5019,-86.3851,51
43.8580,-108.1640,13
39.4617,-104.8911,20
39.0295,-95.1391,0
39.0835,-104.8387,33
30.6186,-88.2779,0
44.1756,-72.7961,13
35.1537,-106.2848,0
42.7614,-75.5554,51
43.3617,-110.8370,10
44.2964,-99.2597,0
38.8860,-104.7824,81
40.5161,-105.1026,0
45.6989,-87.5153,5
42.1726,-87.8884,36
37.7636,-106.0933,3
40.3926,-105.1587,0
41.6585,-80.1360,97
44.4560,-92.2907,0
42.1880,-87.9590,25
40.2843,-105.1608,3
46.0272,-66.6746,5
45.6578,-111.0272,18
40.2077,-75.3522,0
46.5673,-87.6869,0
43.1425,-80.0696,23
41.2084,-124.1027,0
48.8511,-97.7775,0
39.6879,-104.7063,0
41.4996,-87.9603,25
40.8990,-85.7872,76
43.2161,-77.9525,0
41.5067,-87.5248,51
40.5938,-91.1467,51
39.6244,-105.3068,23
46.1326,-91.4050,8
44.9846,-93.3744,0
40.5949,-98.4270,0
47.0421,-114.0968,0
46.6964,-120.5822,0
42.2930,-81.9734,38
34.7806,-86.8644,0
42.8972,-85.7791,5
44.7683,-94.1558,0
42.9900,-73.8000,41
44.6053,-72.3094,10
38.8274,-75.4303,0
48.2619,-114.1556,0
41.5558,-104.9128,15
41.6842,-106.4175,8
45.4340,-122.5036,0
38.9939,-105.0483,114
45.1724,-88.4899,5
43.6037,-70.9867,66
29.7210,-98.1655,0
35.2444,-106.7231,0
44.4677,-87.9735,0
39.6552,-75.7619,0
44.2321,-80.7061,15
40.0806,-106.8929,20
39.8446,-75.6386,0
45.2900,-109.0400,10
39.5616,-104.9503,3
43.8737,-80.1343,13
42.8403,-84.4197,33
55.4900,-107.9236,0
34.8567,-86.6850,0
42.4788,-73.2738,69
45.6208,-109.1040,20
42.8181,-106.3455,20
42.1938,-104.7265,30
40.7666,-87.1520,3
32.2918,-85.1893,0
38.6418,-77.7672,0
44.9663,-93.8489,0
40.9511,-74.1183,3
42.4113,-84.5276,79
41.2027,-104.7926,5
40.7301,-85.1607,91
39.8143,-105.3945,8
40.4657,-106.8035,30
46.2033,-89.1317,10
43.5200,-71.8190,3
38.6822,-104.6798,25
41.0233,-100.3669,0
34.6417,-86.3861,0
47.7657,-122.3001,0
41.8163,-88.3068,56
41.1157,-88.8529,41
38.1617,-85.8566,0
40.5556,-105.1221,3
44.4750,-105.5962,0
41.3728,-88.8415,33
37.1306,-80.5720,0
42.2898,-73.3195,43
41.7136,-89.3247,51
41.3940,-79.4131,97
39.8826,-105.1056,0
41.9062,-87.7819,51
38.0288,-84.8988,0
32.1154,-81.2509,0
38.7462,-77.1386,0
35.1375,-77.9892,0
45.3147,-64.4289,0
48.4946,-120.2480,8
45.1702,-91.2361,0
41.7814,-88.0674,61
43.4394,-71.5373,3
41.3221,-105.5837,8
39.6490,-80.7382,0
42.6978,-108.6883,3
46.3958,-108.5489,0
46.4779,-108.4165,0
40.7206,-105.4150,18
41.3315,-88.3141,38
40.8549,-74.9815,3
44.4136,-74.1521,3
36.0512,-83.9862,0
45.2583,-120.1645,36
39.5854,-105.3672,36
43.7440,-70.4890,15
41.1808,-81.7297,1270
47.6013,-122.6043,0
41.1134,-82.3036,74
33.8192,-118.3771,0
42.7938,-73.8639,36
42.9705,-78.8284,43
46.4274,-62.7087,5
39.7237,-104.8568,0
38.6655,-96.8934,0
37.6702,-91.8739,0
41.0483,-93.9496,0
33.1637,-96.6851,0
36.2347,-86.3817,0
45.6568,-89.4630,5
39.4504,-104.7122,8
40.1421,-89.3559,46
40.8892,-83.6603,89
44.8064,-108.4131,3
42.3917,-72.7384,28
41.5177,-90.6072,10
49.1290,-98.2684,0
40.2233,-86.1086,163
41.5007,-81.5526,84
44.6708,-63.3047,0
42.1573,-77.0600,13
40.0610,-87.9638,18
39.6671,-104.9898,0
43.6506,-72.0988,25
38.9846,-94.7633,5
41.7018,-87.7820,25
41.7202,-88.3340,43
49.1971,-100.1496,0
41.2233,-85.0570,84
41.2520,-104.7713,5
44.7292,-63.6752,0
39.5186,-104.9492,8
34.6014,-86.5397,0
39.9965,-76.7533,0
46.1855,-60.7343,439
44.7914,-93.2304,0
42.2406,-84.4669,66
45.1019,-64.4144,0
48.6770,-100.8026,0
39.7109,-74.9679,0
31.1200,-81.9300,0
41.2313,-90.4354,30
36.5921,-94.4507,0
32.7904,-105.8204,0
39.7082,-105.3565,25
39.2323,-106.0516,0
42.5336,-75.6306,79
38.8319,-107.9670,8
39.4202,-84.1493,0
39.7738,-105.3864,8
41.8262,-105.2054,30
43.6323,-116.2045,36
46.5189,-66.2667,0
40.5140,-106.8240,28
45.6018,-94.1991,10
39.1949,-104.9333,64
42.5455,-74.1475,30
40.6273,-105.1437,41
44.0135,-103.3008,0
33.8614,-84.0280,0
45.4060,-122.8780,0
41.5916,-109.2208,10
40.3575,-104.7752,18
42.0019,-87.6985,56
40.5872,-104.9630,41
44.2337,-86.0358,0
42.6536,-85.7597,38
39.2270,-96.9618,0
37.6337,-105.5480,0
33.7476,-84.7452,0
41.9174,-88.6891,48
46.3841,-95.3622,25
46.8822,-113.9044,0
45.2943,-91.6247,0
42.7767,-71.7799,5
49.8631,-97.2622,0
42.0726,-87.8288,48
41.1842,-87.2099,41
45.1940,-67.3225,0
46.2507,-119.3197,0
34.4344,-86.9153,0
42.1913,-87.9403,25
41.9692,-88.1873,74
40.9556,-88.8009,30
32.9881,-97.3932,0
43.2471,-75.2775,46
45.9217,-64.5150,10
41.1654,-85.4808,81
40.2896,-88.8020,10
44.2832,-83.4992,0
40.0668,-93.4576,13
49.7791,-124.3371,0
44.7518,-63.7910,0
43.8567,-70.4664,0
43.6711,-70.4410,0
44.5164,-122.9171,0
41.2144,-85.1242,81
48.5050,-121.4800,0
42.3223,-76.5899,33
45.6063,-122.5104,0
39.5339,-104.9564,5
34.4669,-108.2986,56
34.7911,-86.9092,0
39.7332,-106.6806,0
46.6046,-90.6492,0
41.0521,-83.5773,132
44.0917,-93.2138,0
42.5088,-72.6973,30
42.0160,-79.1249,64
46.2287,-60.3034,0
47.4845,-122.1272,0
42.6918,-73.8311,15
34.7056,-76.9898,0
43.4201,-72.0910,5
42.4516,-76.0437,81
41.4342,-87.1450,10
45.0043,-65.1169,0
42.9726,-110.9605,30
45.9190,-66.6269,0
39.5247,-104.5229,0
41.5072,-109.1554,8
39.4847,-94.4417,20
34.7756,-86.7803,0
45.9290,-66.6283,3
29.4854,-98.6561,0
34.8183,-86.5050,0
39.6176,-105.3440,41
43.8335,-73.8978,13
39.0326,-75.5169,0
40.2707,-74.7295,0
29.7409,-97.6802,0
40.5035,-88.9682,36
43.8862,-75.4284,0
42.0597,-88.2334,46
42.7766,-78.8444,46
45.5416,-122.6401,0
45.7904,-66.1473,0
52.1381,-106.5720,0
42.0039,-87.9813,46
39.7444,-99.2155,0
36.2496,-106.4956,5
46.9934,-65.5069,0
41.7149,-86.2053,56
36.9544,-86.3366,0
45.2213,-109.2124,36
39.4441,-104.8723,15
39.3740,-74.8471,0
44.2659,-85.2553,0
38.9315,-94.8865,5
45.9770,-66.8682,0
40.5219,-106.9593,0
48.4535,-89.2239,0
37.5990,-101.2911,0
48.9536,-54.6186,0
44.7910,-75.3822,15
38.6049,-89.9685,0
42.9141,-71.6102,0
41.5324,-84.8853,51
39.6615,-104.9207,0
34.6444,-86.5056,0
41.9117,-76.8605,18
34.4972,-87.2300,0
42.8095,-106.3315,15
42.2139,-104.5192,28
41.5417,-87.2715,10
45.7192,-108.5218,18
40.2835,-78.8901,0
44.0487,-103.2173,0
45.4662,-122.8088,0
32.4066,-96.3347,0
38.9469,-103.7580,66
41.2026,-104.8086,13
37.7196,-97.3844,0
45.8819,-120.8365,33
39.0589,-92.4370,0
34.7981,-86.7047,0
42.7112,-87.8457,0
34.2371,-111.3440,0
42.7864,-76.7034,15
40.0958,-88.2620,25
36.5869,-93.2692,0
41.1977,-80.9721,1016
38.9163,-104.8604,58
45.1775,-89.8482,0
41.0589,-83.1127,76
34.9842,-83.3917,0
41.6293,-88.2991,30
44.5125,-78.3606,38
41.7550,-87.8173,25
44.6532,-85.6640,5
40.1152,-86.4551,5
43.4794,-80.5354,20
34.9178,-86.8317,0
39.4930,-105.3495,5
42.7198,-73.9304,127
39.0149,-95.5367,0
40.1697,-105.0779,10
32.3772,-86.2575,0
41.5670,-79.7639,64
37.9542,-87.3741,0
38.9315,-104.7577,46
43.6306,-70.7142,15
36.1066,-88.0443,0
40.6108,-105.0412,48
38.3455,-120.7719,0
43.4301,-110.7976,13
42.8762,-71.6828,5
41.2800,-85.4729,69
46.2348,-114.1563,8
41.6326,-74.5604,58
41.2571,-77.0085,0
41.4977,-87.0730,33
43.6224,-71.5351,3
37.9018,-88.9341,0
47.5640,-52.7134,5
39.0804,-104.2931,66
39.8438,-102.3241,0
45.1187,-95.0551,0
44.8283,-93.4040,0
38.9004,-104.7836,74
37.2915,-91.8515,0
37.3480,-108.5596,0
32.3191,-90.0806,0
38.7387,-84.8496,0
44.6833,-70.2642,3
44.0412,-80.6893,0
42.6509,-78.6106,36
45.4141,-93.6919,3
40.5358,-94.8879,0
46.2358,-63.0821,3
49.5196,-96.6794,0
46.4457,-63.3121,3
39.4712,-118.7915,0
40.4424,-105.1030,56
47.6720,-65.0911,0
43.8324,-70.1200,0
45.7393,-65.5222,0
37.6442,-105.5580,0
34.8240,-92.2531,0
50.2774,-97.4461,0
43.7485,-70.3045,15
33.4387,-88.8695,0
44.8116,-106.9705,15
42.1753,-122.6572,0
40.0014,-77.1089,0
49.8917,-97.3055,0
45.0713,-64.4857,5
41.3235,-89.5047,330
42.9300,-74.6264,38
40.4108,-104.7914,5
41.4082,-83.6716,66
46.6093,-120.5751,0
45.6001,-109.0899,15
45.9220,-116.1260,10
40.4666,-105.4275,33
41.5332,-86.0190,66
37.5770,-106.1004,15
41.5929,-104.8339,8
41.4229,-82.7905,89
42.7672,-83.6855,41
39.6693,-104.8220,0
38.7969,-104.1652,114
39.0410,-104.8241,25
40.0945,-88.1282,152
38.2872,-81.7874,0
37.9221,-78.2519,0
40.3922,-105.0539,0
38.2210,-84.8175,0
41.9766,-88.0598,160
38.9314,-105.1307,381
39.6724,-104.7609,0
38.9540,-104.6005,71
45.5312,-92.9711,3
39.7220,-106.1370,33
41.3179,-88.6065,30
45.1226,-93.4579,0
37.4378,-87.4418,0
40.5246,-89.4213,51
46.8153,-92.0637,0
42.1262,-83.8109,36
45.8006,-108.5947,18
40.8977,-86.6525,104
39.1570,-104.5034,36
41.1575,-104.8840,8
42.1653,-75.2585,104
40.6872,-74.8575,0
44.0303,-71.1383,0
42.6762,-71.7498,8
45.5740,-88.8983,15
40.7846,-89.4822,58
39.9389,-105.4749,0
39.4688,-106.0109,41
39.5404,-104.9123,8
29.5120,-95.0994,0
34.0151,-81.1920,0
39.4041,-79.3722,0
42.3155,-83.4925,48
42.6397,-70.9797,0
38.1703,-106.6569,5
43.0961,-79.0281,0
27.9855,-81.7902,0
46.2084,-119.1658,0
42.5970,-82.1781,81
44.8767,-107.2631,41
42.2845,-83.0346,58
39.8265,-103.5733,0
42.0586,-104.1684,13
41.5064,-86.8271,30
39.3428,-82.0964,0
41.6048,-75.2833,30
45.2575,-109.2264,25
43.5629,-79.7347,13
45.6036,-109.0339,30
42.3361,-105.0881,18
41.1623,-81.5037,81
43.1499,-71.5565,0
38.7873,-82.9779,0
39.7979,-93.5683,33
32.9424,-105.8262,0
42.4334,-122.9869,0
41.2492,-85.7967,58
41.3160,-81.1434,102
40.6259,-105.0621,46
39.7517,-104.8543,0
38.9669,-95.2967,5
40.3385,-105.0895,10
39.5308,-107.3224,28
45.4899,-74.6457,18
45.3608,-63.2682,0
40.5192,-105.1593,15
43.5073,-65.6096,0
39.7674,-78.4844,0
41.9221,-111.8193,0
41.4673,-90.1818,38
41.7084,-87.7539,25
40.7447,-111.8677,0
40.2948,-110.0037,8
38.9606,-106.2029,3
44.0308,-107.4509,43
45.1613,-109.2911,18
45.0792,-64.2711,0
41.5193,-87.9193,25
44.3320,-70.2685,0
41.2973,-105.5226,13
46.4025,-94.4631,8
39.3315,-104.9611,18
46.4168,-98.7875,0
41.6874,-87.7911,15
34.2024,-78.0948,0
61.6185,-149.1258,0
43.0137,-78.8296,76
41.1338,-85.0307,97
39.9338,-105.0916,0
43.4356,-71.5069,5
38.6779,-103.7049,66
29.6849,-95.2197,0
44.7045,-64.4566,0
39.4722,-105.3913,18
36.2184,-81.6720,0
34.6389,-86.5436,0
42.9632,-78.8669,46
44.8382,-92.9359,3
35.7373,-83.9132,0
36.2528,-81.9136,0
44.9769,-106.8475,13
39.3876,-104.5869,5
46.5824,-90.8839,0
36.3188,-85.5019,0
43.8885,-70.2944,10
41.2942,-81.2316,102
41.3190,-82.3773,150
44.8122,-106.9763,30
42.8316,-74.1152,48
38.5871,-96.8950,0
45.0641,-66.8216,0
44.7323,-92.4060,3
40.3503,-86.4867,46
42.5019,-92.4418,0
40.7480,-74.1518,0
40.9519,-74.1577,0
40.9142,-91.4293,15
39.5753,-104.9746,0
46.2508,-60.6434,10
44.1964,-88.3307,0
44.5654,-106.9281,23
38.9433,-119.1916,0
44.7591,-123.2325,0
44.6115,-74.9719,0
39.7948,-105.5730,0
33.5099,-112.3532,0
45.7086,-61.9024,0
41.2098,-81.3548,91
42.8532,-90.7086,0
38.5432,-106.1924,0
42.8988,-72.5235,5
39.1692,-85.2361,0
43.8583,-71.2597,0
41.8991,-106.2002,33
40.0403,-82.7980,0
43.0033,-72.5334,0
43.2957,-123.0787,0
44.5014,-68.2208,0
48.0125,-123.1709,0
39.2142,-84.1716,0
41.1667,-104.6039,5
39.9839,-104.8081,0
45.6907,-109.7173,20
36.1648,-81.6055,0
44.8567,-93.6864,0
40.5355,-82.5628,102
42.2658,-85.8619,69
45.7169,-92.9257,5
34.5360,-92.7651,0
39.5280,-104.9532,0
40.0815,-104.9459,0
45.7863,-63.6225,3
53.3290,-106.1377,0
39.6526,-104.8237,0
49.1916,-100.4942,0
41.0413,-93.9805,0
39.3818,-104.9487,8
34.7917,-86.7239,0
46.8275,-96.8528,3
38.0450,-85.7155,0
45.6270,-108.9193,5
45.9896,-66.5918,0
41.2418,-88.4149,30
42.9508,-78.8719,38
44.9305,-92.9249,3
33.9554,-86.5439,0
40.5462,-74.5287,0
40.7079,-105.0072,25
43.7370,-116.7327,23
43.3367,-72.0606,5
42.1139,-88.0178,46
41.9279,-88.4562,53
39.6871,-105.4066,30
39.1834,-96.5852,0
39.0267,-104.7478,38
44.7519,-69.7291,28
44.6698,-64.8526,0
41.5880,-73.8922,23
51.5694,-107.2341,0
41.5007,-79.8497,81
41.2812,-84.3454,91
40.9234,-73.3305,0
44.1511,-94.7852,0
40.4857,-106.8472,28
48.4212,-89.2787,0
35.2836,-106.6194,0
41.8482,-88.3144,0
48.5544,-58.6185,33
41.6249,-85.0018,46
40.8656,-105.4067,15
40.5800,-105.2200,13
45.6968,-108.7337,38
40.7079,-115.5846,0
41.3297,-86.3568,56
42.9042,-105.0635,23
46.1902,-89.4579,3
42.1016,-87.7290,25
44.0098,-92.9856,0
45.8812,-66.7623,0
42.2794,-72.7870,30
47.4921,-120.6337,30
41.5401,-90.4492,10
38.6331,-109.4104,0
41.5247,-89.0906,33
40.4697,-106.8139,36
42.2591,-73.1321,36
39.1128,-104.8116,20
41.6470,-73.8970,28
38.4193,-107.9422,8
41.7346,-88.2391,30
38.4849,-92.4041,0
44.5103,-109.0994,3
43.6695,-116.2653,13
43.9873,-81.1033,10
40.8000,-85.1318,76
44.8970,-117.8742,33
49.8299,-99.9746,0
45.5307,-87.6192,0
43.3472,-72.6968,5
31.8142,-93.0856,0
38.7764,-87.3172,0
39.6679,-104.9440,0
45.8359,-108.5221,28
45.9631,-65.9694,0
48.8485,-117.6283,0
42.0826,-75.9912,15
42.4429,-73.7866,13
35.3620,-85.3797,0
45.6686,-122.6862,0
41.3677,-81.7018,61
40.5460,-105.0731,5
42.8410,-81.7084,28
40.5903,-104.9274,38
34.7700,-86.4750,0
40.0488,-76.6948,0
40.4612,-111.2285,33
40.6263,-105.3912,33
41.6846,-73.7205,41
46.6118,-120.6867,13
34.6016,-112.3043,0
43.9930,-66.1468,0
44.8492,-88.3472,3
38.4729,-107.8574,0
42.5430,-114.5525,74
41.3086,-105.5794,8
41.5819,-88.1937,25
38.6205,-87.1359,0
42.8334,-85.6520,10
30.4144,-97.7664,0
45.0852,-76.1727,18
42.9980,-88.0238,0
37.5763,-106.3731,3
42.4093,-86.0481,13
39.4170,-92.4504,0
40.0905,-104.7986,0
40.1422,-87.3979,15
40.6609,-103.2212,3
39.6011,-105.9773,13
38.8592,-96.1058,3
40.3889,-75.9396,0
37.0169,-94.4925,0
41.7887,-69.9786,0
39.9645,-93.7809,8
47.3638,-120.2284,0
46.4238,-94.3033,8
36.1220,-115.9215,0
43.4800,-71.5500,5
41.5124,-72.9437,0
42.9542,-81.4349,38
39.1516,-77.2368,0
39.9873,-105.1703,0
44.8783,-93.3789,0
40.4848,-106.8092,43
40.5010,-88.9319,51
38.9090,-106.1750,3
44.8344,-93.0358,3
41.8554,-75.7111,30
44.7150,-106.7180,38
44.1386,-123.0658,0
35.0761,-106.3846,0
29.2650,-81.0472,0
44.9215,-83.4270,3
37.7398,-89.8603,0
44.5738,-106.9022,23
40.3942,-104.7695,18
45.6697,-109.4724,25
41.3537,-80.0505,76
44.1128,-71.1396,0
43.3085,-87.9848,0
40.4754,-106.8085,36
34.1109,-109.9003,38
42.4970,-71.7750,8
42.0213,-83.3945,51
45.6357,-110.4331,71
42.4310,-83.3819,79
45.5519,-116.3028,0
40.1729,-105.0152,5
43.2686,-72.0051,0
41.5904,-86.7343,30
40.4262,-105.1162,58
49.5171,-96.7356,0
39.7866,-77.7253,0
38.9539,-92.3381,0
44.4499,-69.7384,0
40.6348,-105.1487,64
43.6231,-116.2963,28
37.9215,-94.8177,0
42.0168,-87.8557,48
38.3042,-104.7440,0
42.9880,-85.8103,0
37.3996,-119.7381,0
42.5148,-82.9042,61
39.3542,-101.6996,0
24.5695,-81.7559,0
39.6596,-104.8760,3
44.6658,-70.0272,13
40.2469,-103.6240,3
41.2050,-82.8380,81
35.6874,-88.8809,0
41.4393,-87.3542,30
35.6283,-108.7928,0
41.3282,-83.9088,71
43.4868,-70.4347,10
43.9715,-74.4200,5
45.7595,-108.6133,15
39.3677,-96.3883,8
44.8126,-106.9580,33
33.6239,-117.6275,0
40.6834,-74.5731,0
41.5997,-85.0895,56
47.1556,-53.4722,10
44.8913,-93.3141,0
44.2354,-71.7388,15
33.3143,-84.5368,0
35.6679,-105.9802,3
62.2272,-150.0731,0
40.4624,-90.7452,66
41.5090,-71.1590,0
41.5828,-70.5803,0
39.5024,-105.3993,8
41.9778,-88.1036,53
41.0653,-74.2571,20
45.3825,-63.2281,0
44.0866,-103.3701,0
45.4174,-83.8106,8
44.7586,-72.1168,15
44.3541,-66.1026,0
42.8966,-76.6727,20
41.4089,-87.3899,33
42.8623,-80.8949,51
47.6049,-120.6687,0
43.5000,-86.4700,0
40.5876,-105.1473,20
44.3882,-71.2695,18
40.9436,-74.1523,0
44.7584,-108.7769,13
40.4256,-105.0218,28
39.6311,-90.4496,28
41.6235,-90.3514,15
45.4943,-110.2250,36
41.4971,-85.3071,76
37.4842,-105.8738,3
41.5411,-83.6497,64
38.7822,-105.1472,76
40.1890,-88.5584,84
39.1223,-77.8187,0
39.5768,-78.8498,0
43.3194,-88.1681,0
43.4437,-76.4052,25
43.8977,-78.8744,33
44.1138,-115.4306,36
40.3302,-105.5221,0
44.6900,-75.4920,8
39.0894,-108.1042,10
42.3523,-74.5783,30
45.7360,-107.6020,3
42.3778,-87.9674,0
37.6907,-106.3084,25
46.8849,-60.4629,10
42.8230,-86.0678,3
36.3783,-103.0243,0
46.1661,-113.0853,33
41.3661,-89.4519,38
42.8918,-88.1423,0
40.2647,-87.6656,56
45.6138,-111.0566,20
39.7197,-105.2472,20
39.9892,-105.4450,10
45.0707,-92.8085,508
47.4669,-121.6806,0
41.1487,-81.4307,69
34.1415,-107.8792,25
44.8358,-92.6210,3
42.6602,-73.8103,15
31.8449,-102.4858,0
38.7338,-120.7110,0
46.2508,-63.3342,10
42.0038,-89.9389,0
39.4905,-105.5239,5
40.3942,-105.0565,18
46.7544,-117.0005,0
38.8647,-104.7887,51
44.0397,-92.4375,0
42.9864,-78.8706,48
40.5045,-105.0514,3
40.1498,-87.6267,137
44.5292,-109.0755,15
39.3311,-104.6708,10
46.2583,-95.7147,5
38.3029,-104.7910,0
35.4769,-94.3607,0
40.3728,-88.4911,43
47.1307,-122.8230,0
48.5520,-120.1905,3
40.0891,-97.1959,0
41.8809,-74.0574,104
44.9324,-94.6955,0
38.8480,-104.8911,64
39.1125,-104.8590,28
35.0114,-86.8392,0
32.0063,-102.1463,0
45.9689,-94.3772,5
44.9047,-107.1687,20
37.8339,-87.5840,0
45.0336,-123.4277,0
43.8028,-81.1838,8
41.1734,-104.7734,5
34.2917,-83.3236,0
41.7010,-84.9867,48
41.4345,-87.1124,30
42.8475,-95.7024,0
38.0614,-108.9101,0
44.6209,-106.8029,25
40.4562,-74.2413,0
39.5072,-107.3162,20
46.9386,-90.8349,0
45.8833,-92.0960,3
38.7845,-76.0739,0
28.1669,-81.8219,0
39.4034,-107.1066,23
39.4819,-106.0325,30
50.1784,-100.4396,0
41.2316,-104.7737,10
42.4284,-87.8838,0
40.0124,-105.2307,0
43.6107,-73.0466,18
45.7699,-64.2180,8
42.5597,-87.8566,0
41.9950,-75.9650,30
43.5658,-70.9430,3
32.2529,-80.7350,0
43.3117,-71.1351,28
40.7230,-73.7110,0
44.7849,-116.0475,36
36.4590,-81.1525,0
41.3336,-87.7891,33
42.1335,-73.7679,53
45.1864,-85.1478,15
42.2832,-83.7715,53
49.8599,-97.1128,0
46.3526,-61.0776,8
38.7575,-120.6046,0
39.7148,-105.3551,20
40.5472,-105.0749,10
39.9279,-105.1542,0
44.3552,-72.4554,13
35.4049,-78.6810,0
40.8784,-87.8462,79
44.0250,-66.1030,0
40.1526,-84.4613,0
44.4991,-63.5264,0
38.9422,-92.3200,30
43.1223,-77.8164,25
41.5886,-81.3491,86
39.0187,-105.0549,71
39.8959,-105.3508,15
46.3118,-116.0553,0
39.6025,-104.9762,0
42.5973,-74.5931,51
40.7739,-84.0800,56
40.7683,-89.6672,74
44.8720,-69.4203,0
38.3401,-107.0943,5
42.9962,-82.4643,56
42.6175,-83.5438,69
44.2781,-103.8092,0
40.1385,-89.3456,53
37.7847,-79.9165,0
36.1502,-86.5738,0
42.1587,-78.4905,53
38.9963,-94.8951,0
47.0570,-67.7263,0
41.1732,-104.0568,254
41.5577,-87.6594,28
40.3038,-103.1114,0
34.6544,-86.5617,0
47.7738,-120.6641,5
41.3493,-75.7714,0
42.0181,-74.0151,36
47.5857,-122.6092,0
38.8618,-104.8143,76
46.4667,-63.9892,0
44.8353,-122.6836,0
46.4393,-95.5887,5
49.8922,-97.0283,0
42.1070,-84.6260,46
40.8770,-105.0787,23
42.4675,-71.4820,0
45.7416,-108.5535,30
41.6425,-86.0415,30
41.9286,-74.0195,25
35.5813,-88.8306,0
35.3782,-88.5490,0
37.7892,-120.7518,0
46.4325,-63.8215,0
44.4171,-72.2350,2794
38.0396,-102.6075,0
42.4000,-88.7424,0
41.8026,-75.6972,36
42.0044,-87.8460,48
45.6325,-110.5836,33
45.4788,-122.7692,0
33.9837,-83.1378,0
41.3846,-79.6979,86
43.6394,-108.2133,10
41.6498,-83.6203,107
39.5462,-104.9655,8
41.4088,-81.7448,66
42.5110,-76.9155,8
46.7985,-96.1218,3
42.8370,-78.7433,5
35.1934,-112.1765,25
45.4681,-122.6813,0
41.6225,-86.2163,30
40.5430,-105.0542,3
41.7788,-107.1169,8
44.0390,-122.8500,0
39.6450,-106.3953,28
41.2008,-81.3389,102
44.5179,-103.6698,0
40.0781,-88.2537,18
45.8608,-84.7197,8
36.7500,-93.9400,0
42.7590,-71.5370,0
45.6745,-118.8079,0
43.8981,-72.1377,0
45.5538,-118.4672,33
40.7228,-105.0680,20
41.1858,-104.8149,5
42.1739,-88.2993,28
45.7139,-89.4215,15
42.8253,-85.5894,5
39.0201,-84.7281,0
49.7556,-96.9094,0
38.3299,-97.7787,0
40.1865,-85.4897,0
39.5482,-104.1273,0
40.4711,-104.9002,3
39.9714,-105.3968,10
42.8360,-78.7897,36
38.2885,-107.5549,33
41.2949,-75.8682,13
44.2559,-117.5293,30
45.8002,-108.5553,13
41.4681,-87.9378,36
36.7207,-86.0349,0
45.8802,-123.2946,0
39.1051,-95.5490,5
46.4698,-63.4920,0
47.2227,-93.4960,0
34.6614,-86.5575,0
39.6490,-104.7758,0
38.7909,-104.8115,99
30.8176,-83.8965,0
42.2379,-73.3503,51
42.6396,-83.0272,64
34.6250,-86.5367,0
39.9317,-105.0809,0
40.8818,-74.5794,3
40.6262,-74.6535,0
45.2082,-93.6528,0
39.5561,-105.3114,18
44.4764,-71.1773,25
43.0521,-78.7643,56
42.1823,-83.4364,53
40.0015,-105.8725,0
43.0520,-77.2570,33
35.2470,-83.4140,0
43.2115,-71.4143,0
44.5187,-72.3028,15
39.7140,-86.4090,0
40.9136,-90.2935,41
42.3611,-82.2443,51
37.7399,-94.8000,10
40.2124,-105.0426,5
41.3262,-82.4920,107
39.0720,-106.4673,0
47.3720,-122.2230,0
44.0679,-72.8336,41
34.9542,-86.4506,0
39.9844,-104.8134,0
44.7029,-106.3261,18
38.2994,-104.6208,0
41.2017,-90.7417,30
44.7825,-108.6879,8
37.5791,-106.1581,15
41.5578,-85.8834,64
43.5375,-81.3964,33
40.4407,-105.0619,33
40.7606,-86.7599,97
46.2170,-67.8589,8
39.0171,-95.6113,0
42.8909,-83.5858,53
36.4843,-80.9996,0
45.2753,-62.7127,0
46.5367,-120.7134,20
42.2469,-83.0804,61
40.5088,-104.6825,18
45.5075,-66.0986,0
39.3723,-112.3339,0
41.1149,-87.1997,38
35.5344,-77.3821,0
43.1848,-71.5186,3
45.3806,-91.7048,0
41.8161,-80.4250,64
39.7978,-93.4997,41
45.3201,-85.2437,15
39.4700,-76.8301,0
41.8939,-88.4761,71
39.0205,-105.4940,8
44.2400,-119.0900,36
35.5909,-82.5549,0
39.4582,-107.1839,0
42.4717,-79.3336,48
39.3933,-84.4770,0
39.5168,-101.9302,0
42.0043,-87.6697,38
38.6639,-77.9756,0
46.5894,-107.7488,0
40.2001,-82.7732,0
49.8654,-119.6041,0
41.4900,-82.0874,99
42.7017,-108.6757,0
45.8330,-109.9450,33
41.2986,-104.8278,5
44.0800,-99.1300,0
39.2325,-94.7805,10
38.9052,-104.8491,61
35.6345,-117.9782,0
40.7494,-96.5928,0
40.3685,-109.3525,8
38.9384,-104.8426,46
43.9237,-70.2579,8
42.8167,-106.4108,10
40.1848,-105.0820,0
42.3775,-71.6583,5
39.2883,-104.4521,20
38.7835,-104.8293,91
47.3714,-102.7606,0
44.4932,-71.7045,23
39.9660,-105.5125,18
43.2696,-71.1281,30
39.7647,-84.6338,0
41.5832,-88.1911,25
34.7411,-86.7697,0
52.2915,-104.5762,0
40.7106,-104.7595,15
42.8213,-73.7855,33
39.7918,-94.4804,0
45.4000,-123.1830,0
35.1833,-97.4028,0
38.3852,-122.8928,0
41.8644,-88.3232,58
40.5562,-105.0643,5
47.6421,-65.6876,0
47.7130,-118.9412,0
41.4896,-87.0580,48
38.6704,-91.7726,0
41.6189,-87.0825,23
39.4195,-77.2905,0
41.6598,-87.5529,20
43.1764,-78.6834,56
51.2522,-106.5403,0
36.6817,-95.9891,0
41.2126,-104.4801,8
34.6286,-86.5561,0
42.8264,-106.3988,23
45.4622,-112.1625,8
39.7041,-102.7080,0
40.7157,-89.4123,71
40.5759,-105.0858,15
34.7842,-86.7544,0
42.6038,-76.1637,30
40.2286,-74.6472,0
40.6309,-103.2047,8
44.6310,-72.2800,13
39.6742,-89.6693,58
37.5459,-106.1217,8
43.1923,-123.4387,0
41.1429,-104.7897,8
41.4644,-81.0652,84
45.9973,-110.6622,30
34.7058,-86.7503,0
40.0839,-105.3689,3
42.6532,-85.4405,36
40.7623,-74.9719,0
41.5264,-90.5858,10
43.5370,-110.8250,25
44.3592,-72.6964,8
40.3833,-105.1390,13
45.3950,-93.0181,8
44.9354,-68.6584,0
40.9733,-87.2905,81
41.1779,-89.6493,30
38.9438,-104.7816,38
45.4505,-98.5086,0
53.5972,-105.7361,0
39.6249,-75.7861,0
41.5279,-71.3831,0
36.1520,-115.3396,0
38.3339,-104.7898,0
42.5918,-85.3161,38
34.8057,-86.2483,0
40.3978,-80.0967,36
41.7304,-88.2376,38
50.1475,-95.8902,0
41.1015,-104.3212,5
34.1649,-95.5431,0
44.8745,-123.0444,0
43.5868,-99.7114,0
47.4021,-79.6765,18
42.0911,-84.4773,64
41.5019,-86.3851,51
43.8580,-108.1640,13
39.4617,-104.8911,20
39.0295,-95.1391,0
39.0835,-104.8387,33
30.6186,-88.2779,0
44.1756,-72.7961,13
35.1537,-106.2848,0
42.7614,-75.5554,51
43.3617,-110.8370,10
44.2964,-99.2597,0
38.8860,-104.7824,81
40.5161,-105.1026,0
45.6989,-87.5153,5
42.1726,-87.8884,36
37.7636,-106.0933,3
40.3926,-105.1587,0
41.6585,-80.1360,97
44.4560,-92.2907,0
42.1880,-87.9590,25
40.2843,-105.1608,3
46.0272,-66.6746,5
45.6578,-111.0272,18
40.2077,-75.3522,0
46.5673,-87.6869,0
43.1425,-80.0696,23
41.2084,-124.1027,0
48.8511,-97.7775,0
39.6879,-104.7063,0
41.4996,-87.9603,25
40.8990,-85.7872,76
43.2161,-77.9525,0
41.5067,-87.5248,51
40.5938,-91.1467,51
39.6244,-105.3068,23
46.1326,-91.4050,8
44.9846,-93.3744,0
40.5949,-98.4270,0
47.0421,-114.0968,0
46.6964,-120.5822,0
42.2930,-81.9734,38
34.7806,-86.8644,0
42.8972,-85.7791,5
44.7683,-94.1558,0
42.9900,-73.8000,41
44.6053,-72.3094,10
38.8274,-75.4303,0
48.2619,-114.1556,0
41.5558,-104.9128,15
41.6842,-106.4175,8
45.4340,-122.5036,0
38.9939,-105.0483,114
45.1724,-88.4899,5
43.6037,-70.9867,66
29.7210,-98.1655,0
35.2444,-106.7231,0
44.4677,-87.9735,0
39.6552,-75.7619,0
44.2321,-80.7061,15
40.0806,-106.8929,20
39.8446,-75.6386,0
45.2900,-109.0400,10
39.5616,-104.9503,3
43.8737,-80.1343,13
42.8403,-84.4197,33
55.4900,-107.9236,0
34.8567,-86.6850,0
42.4788,-73.2738,69
45.6208,-109.1040,20
42.8181,-106.3455,20
42.1938,-104.7265,30
40.7666,-87.1520,3
32.2918,-85.1893,0
38.6418,-77.7672,0
44.9663,-93.8489,0
40.9511,-74.1183,3
42.4113,-84.5276,79
41.2027,-104.7926,5
40.7301,-85.1607,91
39.8143,-105.3945,8
40.4657,-106.8035,30
46.2033,-89.1317,10
43.5200,-71.8190,3
38.6822,-104.6798,25
41.0233,-100.3669,0
34.6417,-86.3861,0
47.7657,-122.3001,0
41.8163,-88.3068,56
41.1157,-88.8529,41
38.1617,-85.8566,0
40.5556,-105.1221,3
44.4750,-105.5962,0
41.3728,-88.8415,33
37.1306,-80.5720,0
42.2898,-73.3195,43
41.7136,-89.3247,51
41.3940,-79.4131,97
39.8826,-105.1056,0
41.9062,-87.7819,51
38.0288,-84.8988,0
32.1154,-81.2509,0
38.7462,-77.1386,0
35.1375,-77.9892,0
45.3147,-64.4289,0
48.4946,-120.2480,8
45.1702,-91.2361,0
41.7814,-88.0674,61
43.4394,-71.5373,3
41.3221,-105.5837,8
39.6490,-80.7382,0
42.6978,-108.6883,3
46.3958,-108.5489,0
46.4779,-108.4165,0
40.7206,-105.4150,18
41.3315,-88.3141,38
40.8549,-74.9815,3
44.4136,-74.1521,3
36.0512,-83.9862,0
45.2583,-120.1645,36
39.5854,-105.3672,36
43.7440,-70.4890,15
41.1808,-81.7297,1270
47.6013,-122.6043,0
41.1134,-82.3036,74
33.8192,-118.3771,0
42.7938,-73.8639,36
42.9705,-78.8284,43
46.4274,-62.7087,5
39.7237,-104.8568,0
38.6655,-96.8934,0
37.6702,-91.8739,0
41.0483,-93.9496,0
33.1637,-96.6851,0
36.2347,-86.3817,0
45.6568,-89.4630,5
39.4504,-104.7122,8
40.1421,-89.3559,46
40.8892,-83.6603,89
44.8064,-108.4131,3
42.3917,-72.7384,28
41.5177,-90.6072,10
49.1290,-98.2684,0
40.2233,-86.1086,163
41.5007,-81.5526,84
44.6708,-63.3047,0
42.1573,-77.0600,13
40.0610,-87.9638,18
39.6671,-104.9898,0
43.6506,-72.0988,25
38.9846,-94.7633,5
41.7018,-87.7820,25
41.7202,-88.3340,43
49.1971,-100.1496,0
41.2233,-85.0570,84
41.2520,-104.7713,5
44.7292,-63.6752,0
39.5186,-104.9492,8
34.6014,-86.5397,0
39.9965,-76.7533,0
46.1855,-60.7343,439
44.7914,-93.2304,0
42.2406,-84.4669,66
45.1019,-64.4144,0
48.6770,-100.8026,0
39.7109,-74.9679,0
31.1200,-81.9300,0
41.2313,-90.4354,30
36.5921,-94.4507,0
32.7904,-105.8204,0
39.7082,-105.3565,25
39.2323,-106.0516,0
42.5336,-75.6306,79
38.8319,-107.9670,8
39.4202,-84.1493,0
39.7738,-105.3864,8
41.8262,-105.2054,30
43.6323,-116.2045,36
46.5189,-66.2667,0
40.5140,-106.8240,28
45.6018,-94.1991,10
39.1949,-104.9333,64
42.5455,-74.1475,30
40.6273,-105.1437,41
44.0135,-103.3008,0
33.8614,-84.0280,0
45.4060,-122.8780,0
41.5916,-109.2208,10
40.3575,-104.7752,18
42.0019,-87.6985,56
40.5872,-104.9630,41
44.2337,-86.0358,0
42.6536,-85.7597,38
39.2270,-96.9618,0
37.6337,-105.5480,0
33.7476,-84.7452,0
41.9174,-88.6891,48
46.3841,-95.3622,25
46.8822,-113.9044,0
45.2943,-91.6247,0
42.7767,-71.7799,5
49.8631,-97.2622,0
42.0726,-87.8288,48
41.1842,-87.2099,41
45.1940,-67.3225,0
46.2507,-119.3197,0
34.4344,-86.9153,0
42.1913,-87.9403,25
41.9692,-88.1873,74
40.9556,-88.8009,30
32.9881,-97.3932,0
43.2471,-75.2775,46
45.9217,-64.5150,10
41.1654,-85.4808,81
40.2896,-88.8020,10
44.2832,-83.4992,0
40.0668,-93.4576,13
49.7791,-124.3371,0
44.7518,-63.7910,0
43.8567,-70.4664,0
43.6711,-70.4410,0
44.5164,-122.9171,0
41.2144,-85.1242,81
48.5050,-121.4800,0
42.3223,-76.5899,33
45.6063,-122.5104,0
39.5339,-104.9564,5
34.4669,-108.2986,56
34.7911,-86.9092,0
39.7332,-106.6806,0
46.6046,-90.6492,0
41.0521,-83.5773,132
44.0917,-93.2138,0
42.5088,-72.6973,30
42.0160,-79.1249,64
46.2287,-60.3034,0
47.4845,-122.1272,0
42.6918,-73.8311,15
34.7056,-76.9898,0
43.4201,-72.0910,5
42.4516,-76.0437,81
41.4342,-87.1450,10
45.0043,-65.1169,0
42.9726,-110.9605,30
45.9190,-66.6269,0
39.5247,-104.5229,0
41.5072,-109.1554,8
39.4847,-94.4417,20
34.7756,-86.7803,0
45.9290,-66.6283,3
29.4854,-98.6561,0
34.8183,-86.5050,0
39.6176,-105.3440,41
43.8335,-73.8978,13
39.0326,-75.5169,0
40.2707,-74.7295,0
29.7409,-97.6802,0
40.5035,-88.9682,36
43.8862,-75.4284,0
42.0597,-88.2334,46
42.7766,-78.8444,46
45.5416,-122.6401,0
45.7904,-66.1473,0
52.1381,-106.5720,0
42.0039,-87.9813,46
39.7444,-99.2155,0
36.2496,-106.4956,5
46.9934,-65.5069,0
41.7149,-86.2053,56
36.9544,-86.3366,0
45.2213,-109.2124,36
39.4441,-104.8723,15
39.3740,-74.8471,0
44.2659,-85.2553,0
38.9315,-94.8865,5
45.9770,-66.8682,0
40.5219,-106.9593,0
48.4535,-89.2239,0
37.5990,-101.2911,0
48.9536,-54.6186,0
44.7910,-75.3822,15
38.6049,-89.9685,0
42.9141,-71.6102,0
41.5324,-84.8853,51
39.6615,-104.9207,0
34.6444,-86.5056,0
41.9117,-76.8605,18
34.4972,-87.2300,0
42.8095,-106.3315,15
42.2139,-104.5192,28
41.5417,-87.2715,10
45.7192,-108.5218,18
40.2835,-78.8901,0
44.0487,-103.2173,0
45.4662,-122.8088,0
32.4066,-96.3347,0
38.9469,-103.7580,66
41.2026,-104.8086,13
37.7196,-97.3844,0
45.8819,-120.8365,33
39.0589,-92.4370,0
34.7981,-86.7047,0
42.7112,-87.8457,0
34.2371,-111.3440,0
42.7864,-76.7034,15
40.0958,-88.2620,25
36.5869,-93.2692,0
41.1977,-80.9721,1016
38.9163,-104.8604,58
45.1775,-89.8482,0
41.0589,-83.1127,76
34.9842,-83.3917,0
41.6293,-88.2991,30
44.5125,-78.3606,38
41.7550,-87.8173,25
44.6532,-85.6640,5
40.1152,-86.4551,5
43.4794,-80.5354,20
34.9178,-86.8317,0
39.4930,-105.3495,5
42.7198,-73.9304,127
39.0149,-95.5367,0
40.1697,-105.0779,10
32.3772,-86.2575,0
41.5670,-79.7639,64
37.9542,-87.3741,0
38.9315,-104.7577,46
43.6306,-70.7142,15
36.1066,-88.0443,0
40.6108,-105.0412,48
38.3455,-120.7719,0
43.4301,-110.7976,13
42.8762,-71.6828,5
41.2800,-85.4729,69
46.2348,-114.1563,8
41.6326,-74.5604,58
41.2571,-77.0085,0
41.4977,-87.0730,33
43.6224,-71.5351,3
37.9018,-88.9341,0
47.5640,-52.7134,5
39.0804,-104.2931,66
39.8438,-102.3241,0
45.1187,-95.0551,0
44.8283,-93.4040,0
38.9004,-104.7836,74
37.2915,-91.8515,0
37.3480,-108.5596,0
32.3191,-90.0806,0
38.7387,-84.8496,0
44.6833,-70.2642,3
44.0412,-80.6893,0
42.6509,-78.6106,36
45.4141,-93.6919,3
40.5358,-94.8879,0
46.2358,-63.0821,3
49.5196,-96.6794,0
46.4457,-63.3121,3
39.4712,-118.7915,0
40.4424,-105.1030,56
47.6720,-65.0911,0
43.8324,-70.1200,0
45.7393,-65.5222,0
37.6442,-105.5580,0
34.8240,-92.2531,0
50.2774,-97.4461,0
43.7485,-70.3045,15
33.4387,-88.8695,0
44.8116,-106.9705,15
42.1753,-122.6572,0
40.0014,-77.1089,0
49.8917,-97.3055,0
45.0713,-64.4857,5
41.3235,-89.5047,330
42.9300,-74.6264,38
40.4108,-104.7914,5
41.4082,-83.6716,66
46.6093,-120.5751,0
45.6001,-109.0899,15
45.9220,-116.1260,10
40.4666,-105.4275,33
41.5332,-86.0190,66
37.5770,-106.1004,15
41.5929,-104.8339,8
41.4229,-82.7905,89
42.7672,-83.6855,41
39.6693,-104.8220,0
38.7969,-104.1652,114
39.0410,-104.8241,25
40.0945,-88.1282,152
38.2872,-81.7874,0
37.9221,-78.2519,0
40.3922,-105.0539,0
38.2210,-84.8175,0
41.9766,-88.0598,160
38.9314,-105.1307,381
39.6724,-104.7609,0
38.9540,-104.6005,71
45.5312,-92.9711,3
39.7220,-106.1370,33
41.3179,-88.6065,30
45.1226,-93.4579,0
37.4378,-87.4418,0
40.5246,-89.4213,51
46.8153,-92.0637,0
42.1262,-83.8109,36
45.8006,-108.5947,18
40.8977,-86.6525,104
39.1570,-104.5034,36
41.1575,-104.8840,8
42.1653,-75.2585,104
40.6872,-74.8575,0
44.0303,-71.1383,0
42.6762,-71.7498,8
45.5740,-88.8983,15
40.7846,-89.4822,58
39.9389,-105.4749,0
39.4688,-106.0109,41
39.5404,-104.9123,8
29.5120,-95.0994,0
34.0151,-81.1920,0
39.4041,-79.3722,0
42.3155,-83.4925,48
42.6397,-70.9797,0
38.1703,-106.6569,5
43.0961,-79.0281,0
27.9855,-81.7902,0
46.2084,-119.1658,0
42.5970,-82.1781,81
44.8767,-107.2631,41
42.2845,-83.0346,58
39.8265,-103.5733,0
42.0586,-104.1684,13
41.5064,-86.8271,30
39.3428,-82.0964,0
41.6048,-75.2833,30
45.2575,-109.2264,25
43.5629,-79.7347,13
45.6036,-109.0339,30
42.3361,-105.0881,18
41.1623,-81.5037,81
43.1499,-71.5565,0
38.7873,-82.9779,0
39.7979,-93.5683,33
32.9424,-105.8262,0
42.4334,-122.9869,0
41.2492,-85.7967,58
41.3160,-81.1434,102
40.6259,-105.0621,46
39.7517,-104.8543,0
38.9669,-95.2967,5
40.3385,-105.0895,10
39.5308,-107.3224,28
45.4899,-74.6457,18
45.3608,-63.2682,0
40.5192,-105.1593,15
43.5073,-65.6096,0
39.7674,-78.4844,0
41.9221,-111.8193,0
41.4673,-90.1818,38
41.7084,-87.7539,25
40.7447,-111.8677,0
40.2948,-110.0037,8
38.9606,-106.2029,3
44.0308,-107.4509,43
45.1613,-109.2911,18
45.0792,-64.2711,0
41.5193,-87.9193,25
44.3320,-70.2685,0
41.2973,-105.5226,13
46.4025,-94.4631,8
39.3315,-104.9611,18
46.4168,-98.7875,0
41.6874,-87.7911,15
34.2024,-78.0948,0
61.6185,-149.1258,0
43.0137,-78.8296,76
41.1338,-85.0307,97
39.9338,-105.0916,0
43.4356,-71.5069,5
38.6779,-103.7049,66
29.6849,-95.2197,0
44.7045,-64.4566,0
39.4722,-105.3913,18
36.2184,-81.6720,0
34.6389,-86.5436,0
42.9632,-78.8669,46
44.8382,-92.9359,3
35.7373,-83.9132,0
36.2528,-81.9136,0
44.9769,-106.8475,13
39.3876,-104.5869,5
46.5824,-90.8839,0
36.3188,-85.5019,0
43.8885,-70.2944,10
41.2942,-81.2316,102
41.3190,-82.3773,150
44.8122,-106.9763,30
42.8316,-74.1152,48
38.5871,-96.8950,0
45.0641,-66.8216,0
44.7323,-92.4060,3
40.3503,-86.4867,46
42.5019,-92.4418,0
40.7480,-74.1518,0
40.9519,-74.1577,0
40.9142,-91.4293,15
39.5753,-104.9746,0
46.2508,-60.6434,10
44.1964,-88.3307,0
44.5654,-106.9281,23
38.9433,-119.1916,0
44.7591,-123.2325,0
44.6115,-74.9719,0
39.7948,-105.5730,0
33.5099,-112.3532,0
45.7086,-61.9024,0
41.2098,-81.3548,91
42.8532,-90.7086,0
38.5432,-106.1924,0
42.8988,-72.5235,5
39.1692,-85.2361,0
43.8583,-71.2597,0
41.8991,-106.2002,33
40.0403,-82.7980,0
43.0033,-72.5334,0
43.2957,-123.0787,0
44.5014,-68.2208,0
48.0125,-123.1709,0
39.2142,-84.1716,0
41.1667,-104.6039,5
39.9839,-104.8081,0
45.6907,-109.7173,20
36.1648,-81.6055,0
44.8567,-93.6864,0
40.5355,-82.5628,102
42.2658,-85.8619,69
45.7169,-92.9257,5
34.5360,-92.7651,0
39.5280,-104.9532,0
40.0815,-104.9459,0
45.7863,-63.6225,3
53.3290,-106.1377,0
39.6526,-104.8237,0
49.1916,-100.4942,0
41.0413,-93.9805,0
39.3818,-104.9487,8
34.7917,-86.7239,0
46.8275,-96.8528,3
38.0450,-85.7155,0
45.6270,-108.9193,5
45.9896,-66.5918,0
41.2418,-88.4149,30
42.9508,-78.8719,38
44.9305,-92.9249,3
33.9554,-86.5439,0
40.5462,-74.5287,0
40.7079,-105.0072,25
43.7370,-116.7327,23
43.3367,-72.0606,5
42.1139,-88.0178,46
41.9279,-88.4562,53
39.6871,-105.4066,30
39.1834,-96.5852,0
39.0267,-104.7478,38
44.7519,-69.7291,28
44.6698,-64.8526,0
41.5880,-73.8922,23
51.5694,-107.2341,0
41.5007,-79.8497,81
41.2812,-84.3454,91
40.9234,-73.3305,0
44.1511,-94.7852,0
40.4857,-106.8472,28
48.4212,-89.2787,0
35.2836,-106.6194,0
41.8482,-88.3144,0
48.5544,-58.6185,33
41.6249,-85.0018,46
40.8656,-105.4067,15
40.5800,-105.2200,13
45.6968,-108.7337,38
40.7079,-115.5846,0
41.3297,-86.3568,56
42.9042,-105.0635,23
46.1902,-89.4579,3
42.1016,-87.7290,25
44.0098,-92.9856,0
45.8812,-66.7623,0
42.2794,-72.7870,30
47.4921,-120.6337,30
41.5401,-90.4492,10
38.6331,-109.4104,0
41.5247,-89.0906,33
40.4697,-106.8139,36
42.2591,-73.1321,36
39.1128,-104.8116,20
41.6470,-73.8970,28
38.4193,-107.9422,8
41.7346,-88.2391,30
38.4849,-92.4041,0
44.5103,-109.0994,3
43.6695,-116.2653,13
43.9873,-81.1033,10
40.8000,-85.1318,76
44.8970,-117.8742,33
49.8299,-99.9746,0
45.5307,-87.6192,0
43.3472,-72.6968,5
31.8142,-93.0856,0
38.7764,-87.3172,0
39.6679,-104.9440,0
45.8359,-108.5221,28
45.9631,-65.9694,0
48.8485,-117.6283,0
42.0826,-75.9912,15
42.4429,-73.7866,13
35.3620,-85.3797,0
45.6686,-122.6862,0
41.3677,-81.7018,61
40.5460,-105.0731,5
42.8410,-81.7084,28
40.5903,-104.9274,38
34.7700,-86.4750,0
40.0488,-76.6948,0
40.4612,-111.2285,33
40.6263,-105.3912,33
41.6846,-73.7205,41
46.6118,-120.6867,13
34.6016,-112.3043,0
43.9930,-66.1468,0
44.8492,-88.3472,3
38.4729,-107.8574,0
42.5430,-114.5525,74
41.3086,-105.5794,8
41.5819,-88.1937,25
38.6205,-87.1359,0
42.8334,-85.6520,10
30.4144,-97.7664,0
45.0852,-76.1727,18
42.9980,-88.0238,0
37.5763,-106.3731,3
42.4093,-86.0481,13
39.4170,-92.4504,0
40.0905,-104.7986,0
40.1422,-87.3979,15
40.6609,-103.2212,3
39.6011,-105.9773,13
38.8592,-96.1058,3
40.3889,-75.9396,0
37.0169,-94.4925,0
41.7887,-69.9786,0
39.9645,-93.7809,8
47.3638,-120.2284,0
46.4238,-94.3033,8
36.1220,-115.9215,0
43.4800,-71.5500,5
41.5124,-72.9437,0
42.9542,-81.4349,38
39.1516,-77.2368,0
39.9873,-105.1703,0
44.8783,-93.3789,0
40.4848,-106.8092,43
40.5010,-88.9319,51
38.9090,-106.1750,3
44.8344,-93.0358,3
41.8554,-75.7111,30
44.7150,-106.7180,38
44.1386,-123.0658,0
35.0761,-106.3846,0
29.2650,-81.0472,0
44.9215,-83.4270,3
37.7398,-89.8603,0
44.5738,-106.9022,23
40.3942,-104.7695,18
45.6697,-109.4724,25
41.3537,-80.0505,76
44.1128,-71.1396,0
43.3085,-87.9848,0
40.4754,-106.8085,36
34.1109,-109.9003,38
42.4970,-71.7750,8
42.0213,-83.3945,51
45.6357,-110.4331,71
42.4310,-83.3819,79
45.5519,-116.3028,0
40.1729,-105.0152,5
43.2686,-72.0051,0
41.5904,-86.7343,30
40.4262,-105.1162,58
49.5171,-96.7356,0
39.7866,-77.7253,0
38.9539,-92.3381,0
44.4499,-69.7384,0
40.6348,-105.1487,64
43.6231,-116.2963,28
37.9215,-94.8177,0
42.0168,-87.8557,48
38.3042,-104.7440,0
42.9880,-85.8103,0
37.3996,-119.7381,0
42.5148,-82.9042,61
39.3542,-101.6996,0
24.5695,-81.7559,0
39.6596,-104.8760,3
44.6658,-70.0272,13
40.2469,-103.6240,3
41.2050,-82.8380,81
35.6874,-88.8809,0
41.4393,-87.3542,30
35.6283,-108.7928,0
41.3282,-83.9088,71
43.4868,-70.4347,10
43.9715,-74.4200,5
45.7595,-108.6133,15
39.3677,-96.3883,8
44.8126,-106.9580,33
33.6239,-117.6275,0
40.6834,-74.5731,0
41.5997,-85.0895,56
47.1556,-53.4722,10
44.8913,-93.3141,0
44.2354,-71.7388,15
33.3143,-84.5368,0
35.6679,-105.9802,3
62.2272,-150.0731,0
40.4624,-90.7452,66
41.5090,-71.1590,0
41.5828,-70.5803,0
39.5024,-105.3993,8
41.9778,-88.1036,53
41.0653,-74.2571,20
45.3825,-63.2281,0
44.0866,-103.3701,0
45.4174,-83.8106,8
44.7586,-72.1168,15
44.3541,-66.1026,0
42.8966,-76.6727,20
41.4089,-87.3899,33
42.8623,-80.8949,51
47.6049,-120.6687,0
43.5000,-86.4700,0
40.5876,-105.1473,20
44.3882,-71.2695,18
40.9436,-74.1523,0
44.7584,-108.7769,13
40.4256,-105.0218,28
39.6311,-90.4496,28
41.6235,-90.3514,15
45.4943,-110.2250,36
41.4971,-85.3071,76
37.4842,-105.8738,3
41.5411,-83.6497,64
38.7822,-105.1472,76
40.1890,-88.5584,84
39.1223,-77.8187,0
39.5768,-78.8498,0
43.3194,-88.1681,0
43.4437,-76.4052,25
43.8977,-78.8744,33
44.1138,-115.4306,36
40.3302,-105.5221,0
44.6900,-75.4920,8
39.0894,-108.1042,10
42.3523,-74.5783,30
45.7360,-107.6020,3
42.3778,-87.9674,0
37.6907,-106.3084,25
46.8849,-60.4629,10
42.8230,-86.0678,3
36.3783,-103.0243,0
46.1661,-113.0853,33
41.3661,-89.4519,38
42.8918,-88.1423,0
40.2647,-87.6656,56
45.6138,-111.0566,20
39.7197,-105.2472,20
39.9892,-105.4450,10
45.0707,-92.8085,508
47.4669,-121.6806,0
41.1487,-81.4307,69
34.1415,-107.8792,25
44.8358,-92.6210,3
42.6602,-73.8103,15
31.8449,-102.4858,0
38.7338,-120.7110,0
46.2508,-63.3342,10
42.0038,-89.9389,0
39.4905,-105.5239,5
40.3942,-105.0565,18
46.7544,-117.0005,0
38.8647,-104.7887,51
44.0397,-92.4375,0
42.9864,-78.8706,48
40.5045,-105.0514,3
40.1498,-87.6267,137
44.5292,-109.0755,15
39.3311,-104.6708,10
46.2583,-95.7147,5
38.3029,-104.7910,0
35.4769,-94.3607,0
40.3728,-88.4911,43
47.1307,-122.8230,0
48.5520,-120.1905,3
40.0891,-97.1959,0
41.8809,-74.0574,104
44.9324,-94.6955,0
38.8480,-104.8911,64
39.1125,-104.8590,28
35.0114,-86.8392,0
32.0063,-102.1463,0
45.9689,-94.3772,5
44.9047,-107.1687,20
37.8339,-87.5840,0
45.0336,-123.4277,0
43.8028,-81.1838,8
41.1734,-104.7734,5
34.2917,-83.3236,0
41.7010,-84.9867,48
41.4345,-87.1124,30
42.8475,-95.7024,0
38.0614,-108.9101,0
44.6209,-106.8029,25
40.4562,-74.2413,0
39.5072,-107.3162,20
46.9386,-90.8349,0
45.8833,-92.0960,3
38.7845,-76.0739,0
28.1669,-81.8219,0
39.4034,-107.1066,23
39.4819,-106.0325,30
50.1784,-100.4396,0
41.2316,-104.7737,10
42.4284,-87.8838,0
40.0124,-105.2307,0
43.6107,-73.0466,18
45.7699,-64.2180,8
42.5597,-87.8566,0
41.9950,-75.9650,30
43.5658,-70.9430,3
32.2529,-80.7350,0
43.3117,-71.1351,28
40.7230,-73.7110,0
44.7849,-116.0475,36
36.4590,-81.1525,0
