40.5300,-106.7800,49
39.3100,-111.4300,294
40.8300,-111.7600,103
35.9200,-106.3900,277
35.7800,-105.5400,262
36.0700,-105.6300,159
36.7900,-105.2400,245
36.7200,-106.2600,232
36.8600,-106.2300,11
36.0300,-106.8100,61
43.8000,-114.8500,0
36.9900,-105.2600,214
41.4000,-107.2600,191
39.1900,-120.2600,104
44.3800,-116.3400,149
36.3200,-115.7000,213
40.3000,-111.2600,323
43.7600,-115.2400,51
48.7200,-116.4600,54
36.5100,-106.3200,9
35.7700,-105.7800,4
43.7300,-113.8300,255
39.2900,-117.1100,108
35.3400,-111.6500,199
39.4300,-120.3100,95
36.1300,-105.5300,176
46.2400,-117.3900,187
36.1900,-105.5600,68
39.3600,-106.0600,14
36.2500,-115.6300,210
36.9600,-106.6600,177
44.7900,-116.0900,213
36.0000,-106.8300,297
36.3100,-115.6800,158
43.7600,-116.1000,248
38.4000,-119.5400,12
44.2100,-110.6700,338
39.8000,-106.0300,227
