45.6656,-97.0392,270
61.2967,-149.4400,270
47.2753,-88.4169,240
39.1439,-103.4897,250
40.9656,-105.2186,320
41.7392,-77.9711,240
34.2183,-116.4072,230
40.6558,-97.2208,280
47.6497,-120.0800,343
44.4933,-68.4583,270
39.4206,-79.0050,290
45.4525,-99.3358,250
35.1375,-77.9892,231
47.0111,-109.2261,270
34.1206,-115.8500,68
30.5347,-94.4456,110
40.1100,-87.9567,22
34.6242,-106.3103,45
35.0761,-89.7430,50
40.5764,-105.0858,343
40.8600,-102.8031,270
46.2314,-112.1136,331
39.7750,-105.1169,140
41.2847,-105.5319,22
39.0733,-93.7075,360
39.7194,-76.8028,360
39.6442,-74.8072,13
45.8981,-86.5483,225
38.6644,-94.8900,190
48.9981,-110.2158,181
41.8161,-80.4250,270
47.0083,-88.4317,247
