32.9206,-86.6708,808
38.0633,-102.9297,79
28.0372,-97.8725,79
34.0828,-106.8831,803
36.5508,-114.4581,81
37.1503,-104.5567,61
31.8611,-97.3750,89
38.4917,-122.1242,33
34.6603,-82.8236,38
29.6211,-96.3661,58
43.8544,-116.4664,0
31.0619,-94.1011,43
34.5697,-93.1947,38
26.3769,-98.8117,53
30.8408,-89.5453,0
30.7931,-94.1819,61
29.8608,-98.1958,58
40.6117,-122.5281,38
35.4072,-104.1906,86
35.8819,-83.9572,0
33.7092,-93.5564,51
32.6475,-97.4439,74
32.8522,-95.8864,69
39.0744,-96.8983,18
40.5764,-105.0858,71
35.1867,-102.0797,76
33.1461,-107.1842,86
26.5581,-99.1372,81
31.9497,-91.2336,0
33.6731,-111.1508,84
36.2403,-106.4278,51
30.7053,-104.0233,71
33.4258,-111.9217,38
29.4822,-95.6314,607
32.9506,-97.0553,69
35.6414,-106.3322,58
34.9881,-120.3211,74
32.7547,-104.3836,69
36.4622,-116.8669,76
37.7967,-121.5828,86
40.7142,-122.4161,81
31.8769,-105.2369,0
33.2564,-81.2422,46
33.0642,-101.0489,71
32.2822,-106.7597,91
35.3886,-106.5439,64
32.8242,-95.5275,66
31.6164,-94.6431,46
28.4675,-98.2525,79
18.2583,-65.9922,71
33.7542,-99.1442,69
40.1100,-87.9567,0
40.7264,-122.7947,43
34.5822,-119.9817,61
36.9969,-119.7072,58
25.8175,-80.2858,64
38.5350,-121.7761,76
33.1481,-95.6269,36
35.7047,-101.5492,107
31.9611,-96.6881,48
33.4692,-88.7822,10
30.0689,-94.2928,58
35.1131,-89.2122,18
32.8964,-107.3078,91
37.5147,-122.0325,58
32.4219,-93.6381,58
38.2597,-104.7169,81
32.9203,-94.7225,61
26.8400,-81.0872,41
38.4931,-122.0047,41
34.3961,-89.7903,15
30.2003,-92.6642,48
38.0047,-120.4864,56
32.2683,-101.4858,109
31.3706,-100.4942,109
35.1161,-93.6506,8
32.2631,-96.6369,41
33.3192,-95.6039,56
30.6836,-97.7172,89
30.5467,-87.8808,48
