38.3083,-75.1239,820
42.2228,-83.7444,1628
56.6000,-169.5650,40
18.3331,-64.9667,530
41.3714,-73.4828,119
39.9369,-91.1919,1023
40.6239,-74.6694,145
35.6875,-117.6931,1515
43.1644,-95.2017,931
42.4700,-71.2894,1
61.5961,-149.0917,2232
40.2172,-76.8514,1218
41.0731,-71.9233,246
62.1592,-145.4589,1823
47.2381,-123.1408,1312
60.4889,-145.4511,220
39.9492,-74.8417,732
35.5144,-108.7939,1652
41.5097,-72.8278,1307
41.7419,-72.1836,36
34.1167,-119.1167,1056
38.9503,-95.6639,1316
41.6264,-80.2150,2255
43.9844,-88.5569,1001
42.6958,-73.1708,1245
33.4050,-118.4158,1630
63.9944,-145.7214,2216
41.7861,-87.7522,1237
47.1686,-88.4889,1610
39.1033,-84.4189,1553
41.0136,-83.6686,1508
32.5428,-93.7450,1530
39.7556,-82.6572,2016
38.9833,-76.4667,138
28.0622,-81.7542,1508
43.3497,-76.3847,2341
36.9839,-77.0075,821
34.7917,-79.3661,1428
42.9333,-71.4383,26
41.6764,-70.9583,943
46.0261,-91.4442,140
39.6092,-110.7547,716
31.5883,-110.3442,1348
39.9181,-76.8742,1
55.3567,-131.7117,510
6.9667,158.2167,1201
35.9403,-89.8308,834
47.4569,-115.6450,1218
47.3864,-92.8389,1610
66.0689,-162.7639,1550
38.3000,-76.4167,147
41.5175,-81.6836,2102
38.7667,-104.3000,937
41.7872,-111.8533,1528
38.0653,-97.8606,1037
47.2675,-122.5761,942
38.5000,-77.3000,100
40.8731,-81.8867,2010
28.4736,-82.4544,1503
37.7461,-97.2211,1247
57.0481,-135.3647,1451
30.4636,-88.5319,1137
40.7342,-73.4169,38
38.8983,-119.9947,1329
40.6161,-83.0636,2005
47.0339,-120.5303,1635
36.9500,-76.2833,139
30.4000,-81.4167,1108
41.2639,-72.8872,930
46.9006,-95.0678,848
60.1283,-149.4167,18
37.7064,-112.1456,1521
61.1781,-149.9664,830
34.9000,-76.8833,7
42.5519,-71.7558,907
44.0219,-82.7931,1648
18.2550,-65.6408,229
42.1578,-72.7161,957
42.5700,-72.2911,1225
34.2486,-82.1592,1735
41.3461,-82.1794,2027
30.3433,-89.8222,1007
22.0333,-159.7833,1245
41.0375,-81.4642,2057
44.3675,-71.5450,1437
42.6003,-123.3642,1806
40.8206,-76.8642,2201
37.1681,-97.0369,1421
40.8217,-72.8689,137
66.9161,-151.5089,1511
38.6956,-121.5897,1842
42.4933,-79.2722,2019
40.0228,-82.4625,2004
42.1594,-76.8919,1639
59.2433,-135.5094,1939
41.5631,-83.4764,1440
31.3928,-92.2956,1613
26.5361,-81.7550,1312
42.6650,-83.4181,1641
59.6419,-151.4908,1112
64.7767,-141.1483,1610
32.7000,-117.2000,1011
37.1319,-76.4930,1157
45.8183,-88.1144,2005
30.2333,-81.6667,1317
43.6264,-72.3047,1007
27.5000,-97.8167,944
30.8458,-85.6014,1042
42.1094,-77.9919,2228
43.2781,-70.9222,10
41.5092,-74.2650,1441
35.1967,-81.1558,1418
45.4622,-69.5953,1408
41.3931,-70.6150,1137
40.0819,-75.0111,1027
48.3500,-122.6667,1139
35.1822,-103.6031,1048
31.1500,-92.9667,1340
36.7414,-104.5022,1653
40.8764,-74.2831,10
40.8436,-72.6322,30
41.0467,-78.4117,2343
36.6950,-76.1356,256
41.6875,-69.9933,947
44.5761,-71.1786,1140
35.6169,-106.0889,1937
35.0028,-105.6628,1557
41.0669,-73.7075,424
31.6072,-110.4281,1542
48.1203,-123.4983,1157
39.2775,-120.7103,1239
31.8456,-86.6108,1711
70.2117,-151.0017,1345
61.1689,-150.0278,2359
31.4000,-93.2833,1530
29.5622,-91.5256,1509
40.3300,-75.1225,31
42.2333,-83.5333,1639
43.1072,-78.9453,2052
38.4167,-113.0167,1011
41.9144,-88.2464,1129
30.4000,-86.4717,2223
40.8500,-74.0614,1729
35.6542,-105.1419,1506
42.4167,-87.8667,1222
41.7700,-88.4814,1442
41.0089,-74.7367,47
27.9106,-82.6875,2212
41.9097,-70.7294,1654
44.6381,-90.1875,1505
30.0494,-90.0289,805
64.5500,-149.0717,1016
37.0911,-95.5664,752
39.4167,-118.7167,1355
40.3547,-79.9217,2147
46.5486,-90.9189,542
38.1417,-76.4292,1143
42.8050,-72.0036,1019
60.5797,-151.2392,1424
30.7797,-86.5225,1358
45.8258,-119.2611,1700
27.6833,-97.2833,1345
7.3333,134.4833,2329
40.1203,-76.2944,1050
42.6425,-77.0564,2327
42.5842,-70.9175,28
41.2003,-74.6231,1004
35.8550,-77.8931,958
41.2531,-70.0608,756
36.3333,-119.9500,1611
32.8167,-115.6833,1155
17.7028,-64.8056,902
38.8761,-98.8092,1311
18.4325,-66.0108,1223
46.1442,-115.5964,1044
48.5222,-123.0231,945
42.5708,-77.7133,2239
32.7667,-97.4500,1217
62.3200,-150.0950,1344
35.9333,-79.0642,1607
34.8461,-82.3461,1154
43.7700,-88.4864,1153
30.8356,-85.1839,838
39.3667,-75.0667,756
30.3503,-81.8831,1440
36.1336,-80.2222,1753
41.3275,-72.0494,45
43.9906,-70.9475,1129
9.4833,138.0833,1307
39.3644,-84.5247,1432
30.7044,-87.0231,1236
41.1961,-112.0114,1438
41.5333,-71.2833,317
40.0681,-118.5692,647
24.5833,-81.6833,1030
42.4092,-83.0100,2205
31.3500,-85.6667,851
41.7781,-80.6958,1905
39.5936,-84.2264,1529
42.1208,-87.9047,1024
40.2383,-75.5572,1017
45.6194,-121.1661,1536
31.0425,-86.3117,1838
62.9614,-141.9292,1429
39.4203,-83.8217,1949
42.7611,-87.8136,1054
36.7436,-108.2292,1427
28.0836,-97.0464,1236
61.2169,-149.8550,1229
32.4833,-80.7167,512
34.2008,-119.2069,1608
7.4500,151.8333,1239
58.3567,-134.5639,1515
31.3558,-85.7511,1109
47.5303,-122.3008,1227
30.7167,-87.0167,1631
30.5069,-86.9597,1259
35.1350,-90.2344,1311
35.0169,-80.6206,1506
47.4667,-87.8833,830
43.9636,-69.7117,1217
31.3089,-86.3939,920
41.4525,-87.0058,1129
70.1917,-148.4772,2346
41.6686,-70.2800,906
37.7081,-77.4344,1103
48.7167,-94.6000,729
41.7361,-72.6506,840
42.7172,-71.1239,1236
39.4900,-121.6183,2216
40.1606,-113.3508,41
70.6392,-159.9950,2150
41.3497,-71.7989,53
37.3278,-95.5042,723
31.9514,-85.1289,733
41.8756,-71.0211,828
59.4433,-151.7017,1326
59.4556,-135.3239,1738
42.5950,-87.9381,1150
43.7694,-87.8506,1314
44.3592,-89.8369,1750
43.2339,-75.4117,2246
32.8667,-117.1333,1254
34.7000,-77.3833,1247
47.4933,-122.2144,1128
46.4047,-94.1308,1208
30.6264,-88.0681,1421
55.5800,-133.0750,1327
42.1908,-71.1736,1327
43.2119,-90.1814,1520
67.7317,-164.5483,1
29.3331,-89.4075,1324
34.6719,-82.8864,1421
40.0781,-83.0781,2102
31.4156,-87.0442,1552
47.9078,-122.2803,900
60.7850,-148.8389,1543
34.2097,-118.4892,1551
46.4167,-86.6500,1006
59.7494,-154.9089,357
47.7472,-90.3444,1641
41.8678,-84.0794,1407
36.8167,-76.0333,4
34.9869,-81.0575,1415
39.2956,-80.2289,2332
64.3267,-158.7417,424
