38.8586,-99.3358,128
43.2828,-123.3536,117
38.9422,-92.3200,50
34.7392,-90.7664,56
34.7986,-96.6692,111
33.8936,-97.2692,133
45.5900,-95.8744,0
36.4231,-99.4167,144
34.2392,-98.7444,144
35.8542,-97.9544,133
36.4711,-86.8414,56
35.3647,-96.9481,106
35.9328,-88.7267,39
35.1228,-99.3600,139
36.1903,-99.0403,139
40.1100,-87.9567,-17
41.1453,-85.4897,11
47.0575,-109.9514,61
36.0642,-97.2128,128
34.5872,-99.3381,144
35.8489,-97.4797,128
44.6342,-123.1900,122
36.3842,-98.1114,122
36.1056,-82.8436,50
36.7081,-98.7094,122
34.6892,-86.8819,94
40.4750,-86.9919,0
34.6089,-96.3331,106
36.1472,-97.2858,122
36.4119,-97.6939,128
34.1864,-90.5572,44
35.2050,-99.8033,128
39.3669,-101.7000,78
32.2061,-90.5133,156
34.7675,-106.7611,106
31.8769,-105.2369,144
35.4842,-98.4814,122
42.1397,-87.7853,11
45.6750,-111.1550,61
36.7481,-98.3628,133
34.9678,-97.9519,133
39.7194,-76.8028,11
35.1867,-102.0797,117
40.7833,-81.9167,0
35.5461,-99.7278,150
35.1131,-89.2122,94
33.8103,-91.2778,72
35.5083,-98.7750,139
34.7281,-90.3683,72
40.4719,-74.4364,28
34.7292,-98.5694,128
63.9033,-152.2817,-33
30.5467,-87.8808,128
34.9897,-99.0528,139
33.7092,-93.5564,94
34.0356,-96.9433,111
36.1167,-97.6067,133
42.0208,-93.7742,28
35.5914,-99.2706,133
35.1297,-89.8036,72
33.9208,-96.3203,106
34.9142,-98.2922,128
44.9847,-93.1772,0
39.8058,-90.8236,11
35.6214,-88.8456,44
35.8819,-83.9572,72
35.5419,-97.3414,111
34.8494,-97.0031,100
40.0739,-87.5067,22
39.4833,-83.8500,17
34.5289,-97.7647,139
44.2394,-95.3153,6
36.2872,-88.2958,89
35.1714,-96.6311,106
36.0286,-99.3464,133
44.0708,-93.5264,0
34.9819,-97.5208,117
35.7197,-86.9653,61
35.9986,-97.0481,94
36.8314,-99.6411,133
31.3706,-100.4942,150
32.4714,-87.2314,183
33.4692,-88.7822,94
38.7386,-87.4878,-6
34.4397,-99.1375,144
41.0267,-86.5867,33
63.9647,-145.1050,-67
34.1678,-97.9883,150
36.3444,-88.8636,33
35.4139,-86.8086,94
31.0383,-85.8708,156
32.8978,-90.8853,100
34.6856,-99.8333,139
34.3325,-96.6789,100
36.1208,-97.0953,122
36.0147,-85.1314,50
33.2422,-103.3611,139
35.6872,-90.0964,72
36.0719,-99.9031,133
36.7256,-99.1422,128
35.1489,-98.4658,128
35.8417,-98.5261,133
35.6528,-96.8042,94
34.1936,-97.5881,133
38.5350,-121.7761,172
33.3867,-97.7164,128
35.0708,-96.3561,100
35.2358,-97.4647,111
34.7156,-97.2292,117
35.8989,-98.9603,133
34.3997,-98.3458,133
34.5989,-103.2161,94
35.2006,-103.6867,122
41.4439,-86.9294,22
38.4931,-88.9703,50
36.9869,-99.0108,128
40.9361,-90.7197,-6
35.4017,-99.0583,133
36.2633,-98.4975,122
35.5483,-98.0364,122
39.3925,-101.0689,72
34.8083,-98.0233,133
34.2281,-97.2014,122
34.3086,-95.9969,78
40.2539,-85.1483,22
32.8472,-97.4761,128
34.5519,-96.7178,106
36.3558,-97.1531,122
31.2353,-88.9186,128
36.7925,-97.7458,122
36.8981,-96.9103,122
34.1922,-97.0858,122
36.3925,-89.0317,83
35.0322,-97.9144,128
31.9461,-90.3775,100
36.6897,-108.3086,100
36.0908,-106.0567,117
34.8358,-99.4239,139
32.4219,-93.6381,161
40.8142,-85.1547,0
29.6211,-96.3661,156
34.5658,-96.9503,139
32.8986,-80.0403,133
31.4269,-94.8942,122
46.7281,-116.9558,78
35.2722,-97.9553,122
35.3736,-83.7006,33
34.1925,-86.7972,100
45.4825,-120.7236,128
36.7542,-97.2544,122
33.1772,-90.4919,144
