32.5667,-117.1167,260
40.2342,-85.3936,190
30.0494,-90.0289,170
43.9906,-70.9475,280
45.6194,-121.1661,290
35.2333,-101.7089,360
34.2622,-88.7714,200
32.3367,-90.2214,180
32.6500,-114.6167,190
37.1431,-107.7597,260
37.4389,-105.8614,230
30.0481,-102.2131,10
34.2675,-77.8997,10
45.2486,-122.7686,180
46.7708,-100.7603,320
34.2008,-119.2069,270
35.2372,-120.6414,320
28.8208,-81.8097,60
43.0661,-108.4767,310
60.7850,-161.8292,350
64.7767,-141.1483,150
41.6117,-90.5808,170
37.2253,-89.5706,220
38.8169,-92.2183,170
27.4981,-80.3767,30
40.4122,-86.9369,200
38.9286,-90.4281,190
34.8822,-95.7831,200
35.0169,-80.6206,260
38.3000,-76.4167,330
36.2117,-115.1958,340
41.3461,-82.1794,230
40.9781,-124.1086,320
46.7994,-102.7972,320
37.7461,-97.2211,360
41.7806,-122.4717,340
33.0375,-116.9158,270
42.8153,-108.7261,320
32.5722,-116.9794,260
36.0097,-94.1694,180
42.5950,-87.9381,200
39.6014,-116.0056,130
47.2856,-68.3133,230
34.1750,-91.9347,170
43.0206,-102.5183,350
44.4683,-73.1500,180
41.8833,-91.7167,290
39.8233,-93.5792,320
43.5164,-112.0672,220
36.0394,-95.9844,190
29.7333,-85.0333,160
34.4258,-119.8425,250
43.9922,-76.0217,230
41.6764,-70.9583,130
44.1278,-123.2206,10
42.2333,-83.5333,210
31.3214,-85.4497,90
38.3794,-81.5900,190
46.9208,-114.0925,270
36.7414,-104.5022,50
41.2531,-70.0608,360
44.2558,-121.1392,340
41.5272,-85.7922,180
31.3558,-85.7511,180
44.3592,-89.8369,310
37.3278,-95.5042,180
41.6264,-80.2150,210
60.1283,-149.4167,350
43.9658,-107.9508,350
42.2667,-84.4667,180
35.1442,-111.6664,220
61.2169,-149.8550,330
40.0397,-88.2778,190
64.5500,-149.0717,80
26.2500,-80.1083,40
36.9839,-77.0075,340
48.4608,-119.5167,160
40.0681,-118.5692,30
21.4500,-157.7833,40
38.8761,-98.8092,340
30.0675,-95.5561,190
44.3394,-105.5419,320
32.7800,-79.9319,30
41.0089,-74.7367,360
34.0511,-118.2353,280
37.9272,-100.7247,360
39.3792,-74.4242,320
26.5361,-81.7550,50
39.8447,-89.6839,180
37.2839,-98.5528,10
39.5703,-104.8489,160
64.3267,-158.7417,40
40.4847,-80.2144,220
30.5892,-96.3647,170
44.7694,-106.9689,330
44.0511,-101.6011,300
40.7789,-73.9692,230
44.5344,-72.6144,340
34.9894,-99.0525,30
35.3889,-97.6006,20
35.4344,-119.0542,320
33.9786,-98.4928,10
39.0725,-95.6261,300
36.3189,-119.6289,330
40.6825,-74.1694,330
40.0803,-95.5919,310
27.7839,-97.5108,160
41.9097,-70.7294,360
46.7439,-117.1086,240
42.9486,-78.7369,220
37.9917,-122.0550,320
42.6958,-73.1708,340
29.3389,-98.4719,150
42.6425,-77.0564,230
42.7431,-73.8092,270
42.0647,-104.1528,330
28.4339,-81.3250,70
44.3814,-100.2856,320
41.1519,-104.8061,320
44.3853,-74.2067,210
33.6267,-116.1594,140
37.6542,-122.1150,300
40.4422,-109.5144,50
34.0500,-94.4008,240
41.6686,-70.2800,350
38.3650,-82.5550,190
33.6228,-111.9106,270
41.1583,-73.1289,220
33.6361,-91.7556,190
59.7494,-154.9089,10
39.4519,-87.3089,180
36.7800,-119.7194,290
37.0911,-95.5664,180
30.0375,-91.8839,200
42.9550,-87.9044,220
42.1469,-121.7242,310
32.3542,-95.4025,200
39.9369,-91.1919,210
41.4525,-87.0058,270
37.7214,-122.2208,290
42.9667,-83.7494,190
37.2833,-102.6139,10
45.7728,-122.8611,130
40.8764,-74.2831,300
34.6517,-112.4208,250
36.0969,-79.9433,230
33.8117,-78.7239,20
33.1783,-86.7817,170
37.5050,-77.3203,340
45.0717,-83.5644,190
45.6689,-96.9914,350
38.9408,-77.4636,320
42.8939,-85.5447,240
42.5519,-71.7558,340
32.5428,-93.7450,220
41.2639,-72.8872,20
34.2006,-118.3575,160
58.6794,-156.6294,50
62.3200,-150.0950,30
47.5303,-122.3008,200
38.5050,-107.8975,150
45.4558,-98.4131,320
45.5511,-122.4089,100
42.1094,-77.9919,250
41.6328,-91.5431,290
33.2119,-87.6161,180
46.9253,-96.8111,340
46.1569,-123.8825,220
34.9869,-81.0575,200
40.8436,-72.6322,340
41.0731,-71.9233,350
41.3375,-84.4289,190
39.3669,-101.7000,330
36.3333,-119.9500,350
39.9444,-81.8922,210
33.4050,-118.4158,260
34.6294,-118.0836,250
34.4272,-100.2831,10
31.4208,-110.8458,240
37.3031,-108.6275,260
39.2292,-106.3169,310
44.5483,-95.0803,320
29.7036,-98.0281,190
33.8750,-84.3022,190
40.8217,-72.8689,330
42.5544,-92.4011,320
36.1189,-86.6892,180
32.6847,-83.6528,120
42.4092,-83.0100,230
36.6239,-87.4194,200
48.5428,-109.7633,260
32.2622,-107.7206,270
40.8203,-82.5178,200
31.3711,-100.4922,30
35.6169,-106.0889,120
30.3208,-97.7603,200
40.0489,-107.8853,330
41.5944,-109.0528,270
35.5931,-88.9167,210
42.7611,-87.8136,200
41.5631,-83.4764,180
47.4444,-122.3139,220
46.0947,-118.2869,280
39.3450,-81.4392,280
32.3500,-91.0278,180
32.9733,-97.3181,170
27.5333,-99.4667,150
30.7797,-86.5225,200
38.6956,-121.5897,200
48.0944,-105.5744,250
33.9519,-117.4386,250
48.2553,-101.2733,310
41.4333,-99.6333,340
7.0833,171.3833,60
38.8000,-97.6500,320
71.2833,-156.7814,50
31.3347,-92.5586,190
29.6381,-95.2819,200
45.0133,-84.7014,190
42.7461,-86.0967,210
40.1519,-122.2536,10
33.5656,-86.7450,190
27.9106,-82.6875,100
42.1128,-92.9175,300
37.3711,-118.3581,160
30.4781,-87.1869,160
29.1097,-95.4619,190
40.1203,-76.2944,330
43.4075,-94.7461,290
44.6381,-90.1875,320
30.6794,-88.2397,140
32.7667,-97.4500,180
38.4167,-113.0167,10
46.4167,-86.6500,190
33.9381,-118.3889,270
47.9078,-122.2803,160
40.7794,-73.8803,330
32.7336,-117.1831,320
38.7642,-87.6056,190
45.8183,-88.1144,310
66.9161,-151.5089,40
37.7086,-113.0944,140
40.2064,-100.5914,330
46.4267,-105.8825,310
35.8922,-78.7819,240
36.0167,-102.5500,10
38.1811,-85.7392,170
26.0719,-80.1536,50
40.6331,-93.9019,320
33.6800,-117.8664,200
41.5333,-71.2833,360
28.4736,-82.4544,40
17.7028,-64.8056,100
48.5222,-123.0231,120
40.6161,-83.0636,200
38.8853,-79.8528,150
39.4019,-77.9844,200
42.4167,-87.8667,180
70.6392,-159.9950,60
29.1828,-81.0483,20
43.1406,-89.3453,200
37.2958,-81.2078,170
32.3336,-104.2581,20
25.7906,-80.3164,60
26.9172,-81.9914,30
32.8342,-115.5786,240
31.9514,-85.1289,100
34.7442,-87.5997,160
33.4669,-82.0386,60
39.1667,-76.6833,270
35.9333,-79.0642,280
45.1947,-123.1339,220
18.3331,-64.9667,110
41.8678,-84.0794,210
44.3675,-71.5450,290
41.1078,-92.4467,320
36.1625,-97.0894,160
47.9375,-124.5550,170
41.1214,-100.6694,320
24.5550,-81.7522,20
43.7700,-88.4864,180
46.0261,-91.4442,190
28.8614,-96.9303,180
45.5433,-94.0514,310
41.5175,-81.6836,220
40.4719,-81.4236,200
24.5833,-81.6833,20
40.6508,-75.4492,340
41.5092,-74.2650,270
32.8519,-96.8556,170
36.8167,-76.0333,330
18.2550,-65.6408,120
38.8100,-104.6883,20
34.1853,-79.7239,50
41.2433,-76.9217,160
25.9069,-80.2803,40
47.0492,-109.4578,300
36.7683,-96.0261,160
31.4156,-87.0442,170
42.3075,-85.2511,190
43.5331,-84.0797,230
36.9878,-120.1106,340
41.1389,-75.3794,330
38.7550,-109.7542,290
40.2383,-75.5572,340
35.5144,-108.7939,290
33.9706,-80.9958,70
34.2167,-119.0833,230
48.2138,-106.6213,250
48.1203,-123.4983,330
35.2236,-80.9553,190
26.1522,-81.7753,60
44.5169,-108.0822,340
38.6572,-90.6558,200
47.9742,-117.4283,190
39.3756,-99.8297,340
38.8983,-119.9947,30
31.9433,-102.1889,50
34.2900,-93.0600,240
32.8167,-115.6833,290
28.0622,-81.7542,70
44.8428,-117.8086,100
39.7556,-82.6572,210
30.4000,-81.4167,20
35.2578,-93.0947,110
18.4325,-66.0108,70
34.6439,-86.7861,180
31.6072,-110.4281,250
37.2622,-104.3378,40
40.2769,-74.8158,350
42.0800,-80.1825,210
63.9944,-145.7214,190
47.3258,-106.9475,250
46.5486,-90.9189,200
55.5800,-133.0750,200
46.8706,-68.0172,250
32.8158,-117.1394,250
47.4933,-122.2144,200
30.1831,-97.6800,180
35.1822,-103.6031,50
40.8289,-115.7886,330
33.3644,-81.9633,80
39.4781,-88.2803,170
21.3167,-158.0667,80
43.3500,-73.6167,160
59.4556,-135.3239,210
30.9119,-102.9167,80
39.1258,-123.2008,310
37.7064,-112.1456,210
44.9047,-97.1494,320
45.5464,-100.4078,330
40.1667,-103.2167,350
43.1711,-86.2367,190
33.7792,-84.5214,140
60.7850,-148.8389,100
31.8606,-86.0122,110
45.0319,-102.0192,310
31.6189,-97.2283,180
35.5342,-97.6469,170
43.8789,-91.2528,280
13.4836,144.7961,70
47.2675,-122.5761,180
34.8831,-82.2203,200
44.3981,-98.2231,310
31.8311,-104.8089,50
47.6831,-117.3214,220
47.3078,-119.5153,190
39.1333,-86.6167,180
35.8550,-77.8931,360
40.7833,-91.1253,210
35.0028,-105.6628,120
39.9181,-76.8742,310
67.7317,-164.5483,20
39.6428,-79.9164,230
30.6264,-88.0681,110
40.5175,-122.2986,10
36.6206,-116.0278,40
30.3975,-84.3289,80
42.8375,-103.0953,310
28.7247,-96.2536,160
46.0139,-102.6547,290
45.9647,-112.5006,310
37.2353,-93.4003,150
38.3083,-75.1239,330
42.8914,-73.2469,280
38.0442,-87.5206,220
19.7192,-155.0531,110
30.5069,-86.9597,150
39.7075,-86.2803,190
37.1319,-76.4930,270
39.6728,-75.6008,330
26.1839,-98.2539,160
44.7408,-85.5825,290
41.7361,-72.6506,240
38.3306,-96.1897,330
22.0333,-159.7833,300
48.6033,-112.3753,250
43.4133,-124.2436,340
36.2967,-99.7689,10
34.2719,-83.8303,230
41.8706,-103.5931,330
43.8339,-111.8045,230
39.8344,-88.8656,190
39.8328,-104.6575,40
42.2706,-71.8731,270
37.6928,-121.8144,280
42.1928,-89.0931,180
37.0683,-88.7719,220
39.5936,-84.2264,180
44.0433,-103.0536,320
41.2003,-74.6231,20
33.4964,-90.0867,210
41.4131,-81.8600,230
37.1467,-94.5022,290
32.6261,-116.4681,220
36.1994,-95.8872,170
39.1033,-84.4189,180
57.1553,-170.2222,360
40.6675,-89.6839,220
46.8369,-92.2097,310
40.1764,-80.6472,250
30.7044,-87.0231,190
37.6544,-97.4425,360
37.7081,-77.4344,300
32.7817,-98.0603,350
39.4900,-121.6183,90
46.9258,-98.6692,330
31.5358,-82.5067,130
34.9000,-76.8833,360
42.8050,-72.0036,300
41.7219,-71.4325,360
35.0564,-89.9864,180
35.3331,-94.3625,300
41.3931,-70.6150,30
44.4983,-88.1111,200
36.6636,-121.6081,270
39.3667,-75.0667,340
55.0389,-131.5786,150
37.0872,-84.0769,180
34.0158,-118.4514,230
29.9506,-94.0206,180
31.3928,-92.2956,210
41.5097,-72.8278,310
42.5906,-117.8644,300
32.4833,-80.7167,40
41.6875,-69.9933,50
27.6531,-80.2428,30
30.8458,-85.6014,30
43.1544,-93.3269,310
37.6242,-120.9506,290
34.7000,-77.3833,320
38.1386,-78.4530,200
41.9950,-87.9336,190
7.3333,134.4833,100
26.2281,-97.6542,160
29.3783,-100.9269,150
35.9403,-89.8308,170
33.8117,-118.1464,180
34.4978,-82.7097,230
39.5781,-85.8033,170
46.1442,-115.5964,340
40.5100,-101.6200,340
70.1917,-148.4772,60
44.1708,-114.9272,270
41.3119,-105.6747,290
43.2781,-70.9222,310
42.4819,-114.4869,180
30.3489,-85.7881,170
59.4433,-151.7017,50
32.5156,-92.0406,210
33.2367,-107.2681,250
32.6808,-96.8681,170
30.3433,-89.8222,160
37.7608,-99.9683,10
42.7803,-84.5789,210
40.6239,-74.6694,340
31.8456,-86.6108,180
32.7100,-96.2672,190
42.5417,-113.7661,250
35.0678,-77.0481,360
38.0494,-103.5122,30
30.8356,-85.1839,60
44.0206,-117.0128,100
38.2900,-104.4983,20
55.3567,-131.7117,140
59.2433,-135.5094,90
41.0375,-81.4642,220
29.9933,-90.2511,160
36.9358,-121.7886,170
39.3644,-84.5247,210
38.5911,-92.1558,170
47.0339,-120.5303,320
45.8258,-119.2611,240
47.4667,-87.8833,350
30.7406,-98.2353,180
31.4583,-109.6061,180
36.7436,-108.2292,280
48.7939,-122.5372,150
38.9597,-94.3714,340
39.5514,-97.6508,330
34.3622,-98.9761,30
39.2231,-106.8683,330
15.1167,145.7167,70
47.2078,-119.3192,220
40.8097,-124.1603,340
41.6236,-98.9517,330
39.8683,-75.2311,330
38.2281,-85.6636,170
41.1014,-102.9847,340
46.1236,-67.7928,240
40.7083,-84.0267,180
40.8500,-74.0614,310
38.5000,-77.3000,190
34.8536,-116.7858,260
32.8978,-97.0189,170
39.1894,-103.7158,360
36.6950,-76.1356,340
33.1281,-117.2794,250
31.1500,-92.9667,210
29.6333,-83.1053,40
42.9203,-112.5711,270
43.7694,-87.8506,220
43.6497,-70.3003,170
36.5881,-121.8453,280
30.5108,-99.7664,240
31.1828,-90.4708,160
41.7781,-80.6958,210
34.5467,-93.5781,230
37.6703,-95.4842,180
35.9508,-85.0814,200
35.2578,-113.9331,210
45.6478,-68.6925,310
34.7336,-76.6606,360
28.5453,-81.3331,80
43.1561,-90.6775,280
26.5850,-81.8614,50
41.7419,-72.1836,340
56.6000,-169.5650,360
38.7667,-104.3000,30
41.9922,-93.6217,300
43.1111,-76.1039,200
35.7425,-81.3819,210
34.7436,-118.7242,330
33.3075,-104.5083,50
34.8994,-120.4486,330
42.6003,-123.3642,10
33.8281,-116.5053,320
48.7167,-94.6000,320
41.5339,-93.6531,310
42.3811,-122.8722,30
40.4953,-107.5211,290
47.4733,-111.3822,240
39.4839,-119.7711,40
46.9733,-122.9033,220
38.5714,-90.1572,160
47.3864,-92.8389,320
45.8678,-95.3942,320
42.2228,-83.7444,210
42.1244,-86.4267,180
37.3208,-79.2067,190
41.9856,-97.4353,310
39.2775,-120.7103,240
46.5683,-120.5428,260
43.9636,-69.7117,220
35.6575,-109.0614,40
43.3906,-99.8422,330
35.1350,-90.2344,190
35.4319,-82.5375,200
30.7439,-95.5861,180
39.0083,-95.2117,330
34.7675,-114.6189,260
39.8250,-86.2958,190
44.6500,-73.4667,150
55.2208,-162.7325,320
34.2097,-118.4892,140
41.4914,-120.5644,330
30.3567,-95.4139,190
33.4617,-80.8581,40
44.8831,-93.2289,300
47.9428,-97.1839,340
38.8317,-94.8897,320
38.8483,-77.0342,330
31.2819,-89.2531,170
43.6264,-72.3047,330
34.6719,-82.8864,150
44.9050,-123.0011,320
32.5161,-84.9422,100
41.3714,-73.4828,330
36.9647,-86.4239,190
58.3567,-134.5639,120
29.6919,-82.2756,50
39.1208,-94.5969,320
26.1658,-97.3458,150
38.0408,-84.6058,240
36.9261,-111.4478,30
29.2733,-94.8592,180
39.5264,-107.7264,260
35.8311,-90.6464,210
41.9144,-88.2464,180
41.8756,-71.0211,330
46.4047,-94.1308,330
42.3978,-90.7036,300
-14.3306,-170.7136,130
27.4014,-82.5586,10
37.5908,-83.3131,180
34.1167,-119.1167,200
35.2100,-99.1200,10
33.4825,-90.9853,200
35.6567,-95.3614,140
44.8322,-93.4706,280
34.9914,-78.8803,20
35.2325,-75.6219,320
45.5644,-84.7928,290
61.1689,-150.0278,100
47.7472,-90.3444,320
29.9800,-95.3600,170
32.2997,-86.4075,100
34.7272,-92.2389,220
42.6650,-83.4181,210
36.2833,-94.3000,190
39.1342,-108.5400,50
33.5872,-85.8556,210
30.4844,-81.7019,30
38.1847,-84.9033,190
43.2119,-90.1814,290
29.5622,-91.5256,130
40.9017,-117.8081,70
33.8719,-117.9789,220
47.1686,-88.4889,280
40.0819,-75.0111,360
41.5886,-83.8014,190
43.3497,-76.3847,230
40.8731,-81.8867,240
39.0431,-84.6717,170
25.9989,-80.2411,60
36.7367,-97.1019,10
31.3500,-85.6667,80
39.4203,-83.8217,210
41.8056,-107.1997,280
38.0511,-117.0903,10
43.1167,-77.6767,220
34.7917,-79.3661,260
42.8975,-106.4636,260
48.5614,-93.3981,330
32.1314,-110.9553,270
7.4500,151.8333,190
26.1969,-80.1708,50
36.6817,-101.5053,10
34.8461,-82.3461,210
45.6983,-110.4408,280
36.0236,-84.2375,200
41.7072,-86.3164,210
44.5761,-71.1786,230
30.7825,-83.2767,30
27.7628,-82.6261,120
33.6542,-101.8136,30
37.1681,-97.0369,350
40.1606,-113.3508,30
43.1953,-71.5011,310
30.2050,-91.9875,190
26.6847,-80.0994,360
31.0425,-86.3117,210
30.5372,-91.1469,200
43.1644,-95.2017,290
6.9667,158.2167,50
62.9614,-141.9292,130
42.3914,-96.3792,310
57.0481,-135.3647,100
42.9333,-71.4383,330
46.3583,-104.2500,310
45.8069,-108.5422,290
39.9492,-74.8417,360
41.7803,-124.2367,340
33.4536,-94.0075,220
47.6458,-101.4394,330
45.6044,-103.5464,300
8.7333,167.7333,40
42.5700,-72.2911,20
60.4889,-145.4511,80
35.0281,-110.7208,240
20.8997,-156.4286,50
45.4622,-69.5953,330
40.9706,-85.2064,190
32.6636,-97.0939,150
33.9486,-81.1186,90
31.2361,-94.7544,190
42.4933,-79.2722,210
40.0781,-83.0781,220
40.1936,-76.7633,320
44.3592,-84.6739,210
62.1592,-145.4589,150
66.8667,-162.6333,60
36.2667,-93.1567,150
57.7511,-152.4856,40
30.3503,-81.8831,50
32.3347,-88.7442,180
42.5844,-110.1075,360
60.5797,-151.2392,20
46.2667,-119.1167,200
39.4167,-118.7167,30
42.4700,-71.2894,320
38.2103,-122.2847,190
33.9753,-117.6361,230
44.5228,-114.2150,310
37.4058,-122.0481,350
32.0311,-96.3989,190
40.6386,-73.7622,330
39.1353,-96.6778,10
62.9575,-155.6103,10
33.3633,-84.5658,140
41.6267,-73.8842,230
31.3089,-86.3939,120
35.6875,-117.6931,200
34.5183,-109.3792,230
41.1783,-78.8989,240
46.6056,-111.9636,270
37.3169,-79.9742,160
42.0572,-102.8000,330
45.5406,-122.9486,170
38.6892,-75.3592,280
32.4106,-99.6822,360
28.4567,-99.2183,150
40.0972,-92.5433,300
41.3103,-95.8992,320
42.1208,-87.9047,200
38.9833,-76.4667,330
47.4569,-115.6450,230
34.6081,-79.0592,20
25.9156,-97.4186,140
42.8783,-100.5500,320
41.7700,-88.4814,310
38.9503,-95.6639,330
36.2606,-76.1750,330
32.8547,-109.6353,300
27.9619,-82.5403,30
36.9500,-76.2833,340
29.5442,-98.4839,150
32.4506,-93.8411,220
31.5883,-110.3442,240
21.3239,-157.9294,70
37.8892,-121.2258,290
41.4653,-90.5233,300
40.7342,-73.4169,340
41.9381,-72.6825,10
36.7725,-90.3247,210
33.1803,-96.5903,190
43.5950,-118.9564,290
59.5119,-139.6711,130
39.7736,-94.9233,330
33.4278,-112.0039,320
45.0619,-93.3508,300
34.7411,-118.2117,250
33.2208,-92.8142,210
32.3206,-90.0778,180
40.8206,-76.8642,190
33.9228,-118.3342,240
36.8781,-91.9025,160
30.1250,-93.2158,210
39.2447,-102.2842,360
34.0561,-117.6003,240
19.7356,-156.0489,50
43.2389,-123.3547,10
29.3331,-89.4075,160
35.6950,-101.3950,20
44.8889,-116.1017,280
42.1594,-76.8919,210
39.1019,-121.5678,80
41.3325,-122.3328,310
31.5356,-84.1944,70
42.7172,-71.1239,260
40.0228,-82.4625,230
44.3814,-106.7211,330
43.9042,-92.4917,310
42.1908,-71.1736,270
44.2033,-72.5794,160
42.7972,-105.3856,340
66.0689,-162.7639,260
41.2731,-111.0306,250
29.5189,-95.2417,180
39.7078,-77.7297,160
45.6308,-89.4653,300
40.9167,-81.4333,210
35.9461,-112.1547,220
38.3406,-75.5103,320
47.6217,-117.5281,220
31.8111,-106.3758,290
41.3275,-72.0494,350
41.0669,-73.7075,330
41.7872,-111.8533,320
21.1544,-157.0961,50
47.2381,-123.1408,230
37.3592,-121.9239,300
38.7525,-90.3736,170
45.5114,-118.4247,260
42.4272,-73.2892,290
38.0700,-102.6881,10
43.9844,-88.5569,200
34.6525,-86.9453,180
32.8192,-97.3614,170
33.2194,-117.3494,240
44.9319,-93.0556,310
40.3161,-78.8339,240
42.2314,-83.3308,190
35.6697,-120.6283,320
41.2544,-80.6739,230
38.1311,-91.7683,170
61.5961,-149.0917,130
38.0653,-97.8606,10
43.5667,-116.2406,140
64.5111,-165.4400,320
30.3361,-81.5147,60
35.0419,-106.6156,110
21.9839,-159.3405,80
41.0467,-78.4117,230
40.6044,-98.4272,340
41.3336,-75.7269,250
42.5708,-77.7133,210
61.1781,-149.9664,20
32.7000,-117.2000,300
37.7836,-81.1231,200
28.1011,-80.6439,40
31.7800,-103.2017,60
31.9206,-102.3867,60
25.6475,-80.4331,50
42.1997,-75.9850,190
39.9914,-82.8808,240
42.1578,-72.7161,350
32.3847,-94.7117,200
36.9033,-76.1922,330
33.6186,-114.7142,350
40.3667,-75.9667,300
47.3978,-120.2014,320
45.7881,-111.1608,300
27.7411,-98.0247,180
35.8517,-97.4142,180
32.1300,-81.2100,150
64.8039,-147.8761,40
40.3547,-79.9217,210
35.1967,-81.1558,210
29.3600,-99.1742,150
36.4486,-103.1539,10
27.5000,-97.8167,170
33.2061,-97.1989,180
43.7331,-103.6114,280
30.7167,-87.0167,170
38.8500,-94.7392,340
41.1961,-112.0114,160
40.3300,-75.1225,320
30.2333,-81.6667,350
41.3497,-71.7989,350
41.7861,-87.7522,170
44.7978,-68.8186,330
40.2172,-76.8514,300
27.6833,-97.2833,160
48.3042,-114.2636,240
33.6300,-84.4417,180
42.5842,-70.9175,330
30.4119,-89.0808,110
43.3436,-72.5178,270
44.0219,-82.7931,170
44.3206,-69.7972,260
36.4731,-82.4044,260
48.3500,-122.6667,150
40.2964,-78.3203,230
38.7042,-93.1833,160
33.9481,-83.3275,100
9.4833,138.0833,70
37.6197,-122.3647,290
70.2117,-151.0017,60
38.3775,-121.9575,210
33.6883,-112.0817,190
30.4000,-86.4717,100
34.5583,-98.4172,40
32.8667,-117.1333,280
36.5728,-79.3361,230
40.8508,-96.7475,310
37.2847,-120.5128,340
38.5039,-122.8103,180
40.9611,-98.3136,320
43.7667,-98.0333,330
31.4000,-93.2833,180
45.6906,-118.8528,140
45.6208,-122.6572,250
37.7797,-89.2497,190
34.3478,-85.1611,180
48.1739,-103.6367,340
43.2339,-75.4117,190
37.9406,-75.4631,330
44.9258,-89.6256,310
39.6092,-110.7547,320
32.8986,-80.0403,50
30.4636,-88.5319,150
42.3606,-71.0106,330
46.4794,-84.3572,200
29.6222,-95.6564,180
39.2956,-80.2289,250
28.0836,-97.0464,160
42.2347,-85.5519,190
35.6542,-105.1419,130
39.2972,-94.7306,310
36.0719,-115.1633,200
45.5908,-122.6003,110
46.9006,-95.0678,320
36.1336,-80.2222,340
28.7797,-81.2436,50
43.1072,-78.9453,230
40.7781,-111.9694,340
41.7636,-96.1778,280
34.1231,-84.8486,160
36.3689,-92.4703,180
38.5069,-121.4950,230
44.8664,-91.4878,310
43.5878,-96.7289,330
24.7258,-81.0517,60
39.2953,-114.8467,150
42.7267,-114.4564,240
39.4494,-74.5672,330
45.2575,-112.5545,280
46.3747,-117.0156,60
39.9061,-84.2186,200
38.1417,-76.4292,240
44.5444,-110.4211,280
34.2486,-82.1592,190
40.7939,-73.1017,330
35.0311,-85.2014,200
41.8031,-78.6403,220
59.6419,-151.4908,70
41.0136,-83.6686,180
46.9728,-123.9303,180
44.9358,-74.8458,200
35.8181,-83.9858,250
31.1522,-81.3908,10
36.0467,-79.4769,190
