38.9503,-95.6639,139
28.4567,-99.2183,89
41.8056,-107.1997,116
46.5683,-120.5428,45
40.2064,-100.5914,157
37.7064,-112.1456,130
27.6531,-80.2428,81
21.9839,-159.3405,94
32.8519,-96.8556,107
39.3669,-101.7000,170
35.0281,-110.7208,94
45.5114,-118.4247,31
42.6650,-83.4181,139
46.1442,-115.5964,27
44.8831,-93.2289,165
41.0731,-71.9233,76
19.7192,-155.0531,98
48.0944,-105.5744,103
35.4319,-82.5375,76
44.0219,-82.7931,103
40.8500,-74.0614,72
34.2008,-119.2069,58
55.2208,-162.7325,103
45.7881,-111.1608,72
37.2833,-102.6139,148
34.6294,-118.0836,89
59.6419,-151.4908,94
40.4719,-81.4236,107
44.9047,-97.1494,165
43.7694,-87.8506,125
31.7800,-103.2017,107
44.0511,-101.6011,206
31.3711,-100.4922,139
26.2281,-97.6542,134
46.7994,-102.7972,174
64.3267,-158.7417,58
18.3331,-64.9667,89
44.6500,-73.4667,81
39.9369,-91.1919,116
41.2639,-72.8872,81
33.4669,-82.0386,58
55.3567,-131.7117,116
32.6500,-114.6167,58
47.6831,-117.3214,76
34.6081,-79.0592,67
44.8664,-91.4878,130
39.0725,-95.6261,125
39.4167,-118.7167,58
18.4325,-66.0108,89
27.7411,-98.0247,103
48.2553,-101.2733,157
33.6361,-91.7556,89
36.8167,-76.0333,125
33.9381,-118.3889,58
33.9753,-117.6361,76
35.6542,-105.1419,107
31.5356,-84.1944,58
43.9658,-107.9508,76
43.1544,-93.3269,170
42.2228,-83.7444,134
41.7872,-111.8533,54
64.5111,-165.4400,58
40.4847,-80.2144,116
48.3042,-114.2636,67
40.0803,-95.5919,157
36.7367,-97.1019,103
25.6475,-80.4331,81
34.7436,-118.7242,89
44.9358,-74.8458,112
45.0133,-84.7014,143
39.3792,-74.4242,67
31.3558,-85.7511,40
41.6117,-90.5808,139
40.1936,-76.7633,81
41.1583,-73.1289,72
30.8458,-85.6014,40
36.9358,-121.7886,45
43.5667,-116.2406,54
41.6267,-73.8842,54
38.8100,-104.6883,116
26.1522,-81.7753,76
36.0097,-94.1694,103
62.3200,-150.0950,45
61.1781,-149.9664,45
30.7825,-83.2767,58
31.9433,-102.1889,134
40.5100,-101.6200,157
42.1469,-121.7242,54
40.7083,-84.0267,125
13.4836,144.7961,107
41.3931,-70.6150,76
40.6044,-98.4272,174
39.8683,-75.2311,94
33.6300,-84.4417,58
40.6331,-93.9019,161
41.3336,-75.7269,72
38.8853,-79.8528,45
46.8369,-92.2097,139
40.9781,-124.1086,103
32.4833,-80.7167,72
44.7694,-106.9689,116
42.4700,-71.2894,81
33.8117,-78.7239,76
47.3864,-92.8389,143
25.9989,-80.2411,94
37.0872,-84.0769,89
31.4583,-109.6061,63
30.4119,-89.0808,98
35.5931,-88.9167,76
45.5406,-122.9486,40
47.0492,-109.4578,107
41.4653,-90.5233,134
8.7333,167.7333,130
41.7781,-80.6958,139
40.8436,-72.6322,81
38.8761,-98.8092,157
38.0494,-103.5122,112
40.6825,-74.1694,98
45.8678,-95.3942,174
43.5331,-84.0797,165
36.9033,-76.1922,76
42.2314,-83.3308,157
37.4389,-105.8614,107
37.7836,-81.1231,72
38.0442,-87.5206,103
40.1203,-76.2944,72
34.8822,-95.7831,89
39.1894,-103.7158,157
41.0375,-81.4642,139
37.6544,-97.4425,116
47.4667,-87.8833,112
19.7356,-156.0489,67
39.6014,-116.0056,63
43.4133,-124.2436,67
41.4333,-99.6333,201
61.2169,-149.8550,40
37.7797,-89.2497,130
38.3306,-96.1897,116
46.0261,-91.4442,116
39.3644,-84.5247,72
27.4981,-80.3767,72
42.4933,-79.2722,143
37.6928,-121.8144,58
39.3756,-99.8297,165
44.5483,-95.0803,161
35.8550,-77.8931,63
39.6428,-79.9164,94
37.7081,-77.4344,67
40.6161,-83.0636,134
40.9706,-85.2064,130
39.3450,-81.4392,89
29.1828,-81.0483,89
39.6092,-110.7547,76
48.5614,-93.3981,134
41.3461,-82.1794,183
42.0572,-102.8000,165
46.8706,-68.0172,54
40.8203,-82.5178,148
28.8208,-81.8097,63
32.6636,-97.0939,112
38.4167,-113.0167,81
42.1128,-92.9175,174
47.6217,-117.5281,94
42.3978,-90.7036,139
43.7667,-98.0333,201
43.5878,-96.7289,170
43.3436,-72.5178,72
37.3278,-95.5042,72
42.8783,-100.5500,179
34.1853,-79.7239,72
36.7414,-104.5022,130
71.2833,-156.7814,107
32.2622,-107.7206,76
41.3275,-72.0494,89
38.5714,-90.1572,94
39.9492,-74.8417,76
35.0169,-80.6206,63
33.8719,-117.9789,54
42.7267,-114.4564,58
41.3325,-122.3328,54
30.5069,-86.9597,67
40.8206,-76.8642,58
41.5886,-83.8014,116
32.8978,-97.0189,125
41.8706,-103.5931,161
32.5156,-92.0406,94
43.2339,-75.4117,125
41.9381,-72.6825,72
35.5342,-97.6469,125
34.7675,-114.6189,58
45.6308,-89.4653,103
42.5906,-117.8644,58
41.6764,-70.9583,63
48.4608,-119.5167,98
40.9167,-81.4333,161
36.3689,-92.4703,72
37.2958,-81.2078,76
28.0622,-81.7542,67
41.0669,-73.7075,94
18.2550,-65.6408,81
47.2856,-68.3133,72
27.9619,-82.5403,63
34.3622,-98.9761,143
33.9228,-118.3342,58
48.6033,-112.3753,206
38.7042,-93.1833,107
45.4558,-98.4131,170
43.7331,-103.6114,139
39.1353,-96.6778,94
31.3928,-92.2956,98
35.8181,-83.9858,89
32.6847,-83.6528,45
34.1750,-91.9347,94
46.5486,-90.9189,112
36.7800,-119.7194,45
40.4422,-109.5144,76
37.1467,-94.5022,76
43.3497,-76.3847,107
45.6044,-103.5464,250
35.9461,-112.1547,94
36.1625,-97.0894,98
39.7075,-86.2803,125
31.8311,-104.8089,161
25.9156,-97.4186,139
41.8031,-78.6403,116
41.4914,-120.5644,45
30.3361,-81.5147,76
26.0719,-80.1536,94
34.4258,-119.8425,58
47.2381,-123.1408,76
32.7100,-96.2672,112
39.4019,-77.9844,67
55.5800,-133.0750,94
44.5169,-108.0822,116
38.9286,-90.4281,112
30.6264,-88.0681,89
25.9069,-80.2803,94
42.5842,-70.9175,89
32.3847,-94.7117,107
34.5183,-109.3792,89
31.1500,-92.9667,67
62.9614,-141.9292,40
46.9733,-122.9033,72
36.4486,-103.1539,143
40.6239,-74.6694,72
44.9319,-93.0556,143
42.7431,-73.8092,67
36.6817,-101.5053,165
37.2353,-93.4003,134
33.4278,-112.0039,58
43.1644,-95.2017,179
38.1417,-76.4292,89
41.1014,-102.9847,183
42.7611,-87.8136,134
38.5069,-121.4950,45
39.5264,-107.7264,81
29.9506,-94.0206,98
44.0433,-103.0536,250
64.7767,-141.1483,45
45.6689,-96.9914,183
46.3583,-104.2500,201
64.8039,-147.8761,40
7.4500,151.8333,206
61.1689,-150.0278,58
42.8050,-72.0036,58
46.4794,-84.3572,112
35.2372,-120.6414,98
34.7000,-77.3833,81
34.8831,-82.2203,72
31.5358,-82.5067,36
31.3214,-85.4497,63
42.5519,-71.7558,67
40.8731,-81.8867,143
39.3667,-75.0667,81
40.3300,-75.1225,63
29.5622,-91.5256,58
39.0431,-84.6717,112
47.4933,-122.2144,54
40.4953,-107.5211,67
24.5833,-81.6833,89
41.9097,-70.7294,63
37.9272,-100.7247,157
40.8764,-74.2831,63
43.0206,-102.5183,107
47.0339,-120.5303,89
40.7794,-73.8803,81
34.5583,-98.4172,125
41.8833,-91.7167,179
37.3592,-121.9239,67
57.0481,-135.3647,76
42.0647,-104.1528,161
37.2253,-89.5706,107
34.6525,-86.9453,81
24.5550,-81.7522,89
35.8517,-97.4142,81
27.7628,-82.6261,94
38.8317,-94.8897,125
34.2097,-118.4892,58
62.9575,-155.6103,40
38.8000,-97.6500,130
39.1667,-76.6833,63
47.4733,-111.3822,161
38.3406,-75.5103,94
44.3394,-105.5419,206
43.3500,-73.6167,81
38.3000,-76.4167,125
30.0481,-102.2131,67
39.2231,-106.8683,63
40.8217,-72.8689,81
67.7317,-164.5483,139
32.7800,-79.9319,98
26.9172,-81.9914,76
39.9061,-84.2186,125
-14.3306,-170.7136,46
35.5144,-108.7939,76
44.3592,-84.6739,112
42.5708,-77.7133,89
40.0489,-107.8853,76
39.2953,-114.8467,81
30.5892,-96.3647,112
36.1336,-80.2222,58
37.3711,-118.3581,107
42.7172,-71.1239,63
47.7472,-90.3444,89
32.9733,-97.3181,94
32.5161,-84.9422,63
34.7336,-76.6606,89
44.4683,-73.1500,81
37.1681,-97.0369,125
32.1300,-81.2100,67
46.4167,-86.6500,134
35.1967,-81.1558,58
31.3347,-92.5586,107
31.3500,-85.6667,63
22.0333,-159.7833,58
33.4825,-90.9853,107
36.7725,-90.3247,98
29.1097,-95.4619,116
40.3547,-79.9217,139
41.8756,-71.0211,54
37.6542,-122.1150,72
39.1342,-108.5400,103
41.5272,-85.7922,125
29.6381,-95.2819,103
20.8997,-156.4286,116
43.1072,-78.9453,139
34.4272,-100.2831,157
40.2769,-74.8158,76
42.2667,-84.4667,134
34.2719,-83.8303,58
40.1519,-122.2536,76
42.6003,-123.3642,54
35.2236,-80.9553,67
37.7461,-97.2211,125
37.9917,-122.0550,67
42.5950,-87.9381,134
62.1592,-145.4589,112
41.5631,-83.4764,134
36.8781,-91.9025,89
41.7700,-88.4814,125
43.8339,-111.8045,72
40.9611,-98.3136,183
39.1258,-123.2008,54
46.0139,-102.6547,210
33.0375,-116.9158,67
40.0228,-82.4625,112
44.3592,-89.8369,125
48.1203,-123.4983,40
42.1578,-72.7161,76
27.6833,-97.2833,134
30.7406,-98.2353,103
47.4444,-122.3139,63
47.9078,-122.2803,112
33.9786,-98.4928,125
39.8344,-88.8656,139
38.1311,-91.7683,134
41.3119,-105.6747,107
38.0511,-117.0903,81
38.6572,-90.6558,98
34.7917,-79.3661,63
32.8667,-117.1333,63
32.3206,-90.0778,94
41.2731,-111.0306,103
48.3500,-122.6667,148
34.9869,-81.0575,67
28.7247,-96.2536,103
33.2061,-97.1989,103
44.3814,-100.2856,215
42.3075,-85.2511,143
40.1764,-80.6472,134
40.7781,-111.9694,72
35.0028,-105.6628,107
40.2342,-85.3936,112
41.7219,-71.4325,72
45.5464,-100.4078,174
39.6728,-75.6008,94
36.5728,-79.3361,63
38.5000,-77.3000,81
36.5881,-121.8453,63
43.9922,-76.0217,103
33.6883,-112.0817,63
58.6794,-156.6294,67
46.4047,-94.1308,148
37.4058,-122.0481,76
45.4622,-69.5953,72
34.5467,-93.5781,63
45.5644,-84.7928,103
35.7425,-81.3819,72
41.1783,-78.8989,143
30.0494,-90.0289,98
41.5339,-93.6531,183
42.5700,-72.2911,72
41.7072,-86.3164,125
38.5911,-92.1558,107
47.3258,-106.9475,107
42.9203,-112.5711,89
39.7736,-94.9233,125
40.7939,-73.1017,94
35.2333,-101.7089,165
41.1961,-112.0114,58
29.3600,-99.1742,94
34.8994,-120.4486,81
35.8311,-90.6464,98
47.9742,-117.4283,72
43.2119,-90.1814,157
32.3542,-95.4025,116
40.4122,-86.9369,98
33.9706,-80.9958,45
29.7333,-85.0333,63
34.9000,-76.8833,98
34.2006,-118.3575,58
43.6264,-72.3047,63
42.5544,-92.4011,148
48.7939,-122.5372,89
41.0136,-83.6686,134
46.9006,-95.0678,165
38.0653,-97.8606,134
70.2117,-151.0017,103
34.6719,-82.8864,54
42.1208,-87.9047,139
35.9508,-85.0814,67
60.5797,-151.2392,103
9.4833,138.0833,52
41.8678,-84.0794,143
44.1278,-123.2206,45
30.7797,-86.5225,67
41.7803,-124.2367,67
35.6567,-95.3614,103
42.8939,-85.5447,139
44.8889,-116.1017,58
47.9428,-97.1839,165
34.0158,-118.4514,45
26.1839,-98.2539,134
66.0689,-162.7639,112
36.2833,-94.3000,103
34.2675,-77.8997,76
40.0781,-83.0781,107
37.0683,-88.7719,81
35.6697,-120.6283,76
45.1947,-123.1339,45
27.9106,-82.6875,63
17.7028,-64.8056,89
42.0800,-80.1825,143
36.1994,-95.8872,103
33.9481,-83.3275,45
40.0397,-88.2778,134
39.5781,-85.8033,116
36.9839,-77.0075,63
66.9161,-151.5089,72
32.7817,-98.0603,116
31.9514,-85.1289,67
43.1406,-89.3453,112
40.7342,-73.4169,76
34.9894,-99.0525,165
33.3075,-104.5083,107
34.2486,-82.1592,58
33.4536,-94.0075,89
46.6056,-111.9636,107
39.2972,-94.7306,125
41.2531,-70.0608,98
36.3333,-119.9500,67
41.1078,-92.4467,139
42.4092,-83.0100,148
44.5761,-71.1786,54
35.1442,-111.6664,81
57.7511,-152.4856,139
43.9042,-92.4917,170
60.7850,-148.8389,89
46.1569,-123.8825,76
42.8375,-103.0953,130
36.2667,-93.1567,116
42.8975,-106.4636,103
40.9017,-117.8081,58
36.6636,-121.6081,76
39.8447,-89.6839,143
33.1783,-86.7817,63
37.3031,-108.6275,76
26.1969,-80.1708,89
41.5333,-71.2833,81
41.5097,-72.8278,67
46.3747,-117.0156,58
43.9636,-69.7117,54
44.9258,-89.6256,116
40.2383,-75.5572,63
42.5417,-113.7661,54
35.9333,-79.0642,45
36.6206,-116.0278,72
42.6958,-73.1708,54
33.6228,-111.9106,54
44.2033,-72.5794,63
41.6875,-69.9933,67
7.3333,134.4833,41
29.3389,-98.4719,89
35.6575,-109.0614,98
21.3239,-157.9294,98
37.7086,-113.0944,54
41.7636,-96.1778,157
40.7833,-91.1253,116
38.9597,-94.3714,107
37.0911,-95.5664,94
40.8289,-115.7886,54
38.9408,-77.4636,81
37.9406,-75.4631,81
38.8983,-119.9947,54
30.4000,-81.4167,72
44.5228,-114.2150,67
38.3650,-82.5550,67
40.8097,-124.1603,54
26.1658,-97.3458,130
33.7792,-84.5214,63
27.5000,-97.8167,116
43.2781,-70.9222,72
30.7439,-95.5861,98
41.0089,-74.7367,63
41.6328,-91.5431,134
39.5514,-97.6508,130
29.2733,-94.8592,76
29.5189,-95.2417,94
35.3889,-97.6006,103
34.0500,-94.4008,63
36.7436,-108.2292,81
33.8750,-84.3022,54
70.6392,-159.9950,134
45.5908,-122.6003,45
32.3336,-104.2581,94
21.3167,-158.0667,63
43.9906,-70.9475,36
38.8500,-94.7392,112
28.8614,-96.9303,130
42.9333,-71.4383,76
42.2706,-71.8731,67
38.5039,-122.8103,58
55.0389,-131.5786,81
46.9258,-98.6692,161
41.5944,-109.0528,116
32.7336,-117.1831,45
34.2167,-119.0833,58
32.5722,-116.9794,63
35.6875,-117.6931,63
32.8192,-97.3614,103
25.7906,-80.3164,76
58.3567,-134.5639,103
61.5961,-149.0917,103
45.6208,-122.6572,31
44.5444,-110.4211,63
41.9922,-93.6217,170
35.9403,-89.8308,98
41.5092,-74.2650,58
40.7789,-73.9692,63
34.1231,-84.8486,58
43.1953,-71.5011,72
42.1908,-71.1736,58
39.4519,-87.3089,130
70.1917,-148.4772,130
41.6686,-70.2800,81
38.9833,-76.4667,81
43.4075,-94.7461,179
30.5108,-99.7664,81
31.6189,-97.2283,125
29.9933,-90.2511,89
42.2333,-83.5333,148
44.5344,-72.6144,54
36.9261,-111.4478,54
43.1711,-86.2367,170
43.6497,-70.3003,67
42.1928,-89.0931,125
37.6197,-122.3647,116
37.5908,-83.3131,72
44.8322,-93.4706,157
35.6950,-101.3950,157
42.4167,-87.8667,157
34.7442,-87.5997,72
46.1236,-67.7928,67
41.1519,-104.8061,125
34.2900,-93.0600,72
41.5175,-81.6836,148
30.7044,-87.0231,63
40.5175,-122.2986,76
46.9253,-96.8111,174
39.7556,-82.6572,130
38.3083,-75.1239,89
36.9647,-86.4239,107
26.2500,-80.1083,112
32.7000,-117.2000,58
38.2900,-104.4983,112
45.6983,-110.4408,130
41.6236,-98.9517,197
40.6675,-89.6839,116
36.4731,-82.4044,81
38.1847,-84.9033,107
26.5361,-81.7550,81
42.3606,-71.0106,76
45.8183,-88.1144,134
31.8456,-86.6108,54
34.1167,-119.1167,67
39.1019,-121.5678,36
47.9375,-124.5550,72
39.4839,-119.7711,63
59.2433,-135.5094,89
39.8250,-86.2958,98
41.7361,-72.6506,67
44.3981,-98.2231,179
32.8342,-115.5786,45
43.8789,-91.2528,148
42.4272,-73.2892,67
41.7861,-87.7522,130
36.0236,-84.2375,72
44.0206,-117.0128,40
46.0947,-118.2869,58
45.6478,-68.6925,58
37.7214,-122.2208,81
36.2967,-99.7689,179
35.1350,-90.2344,107
38.7667,-104.3000,139
38.1386,-78.4530,76
40.1667,-103.2167,174
29.9800,-95.3600,94
48.5222,-123.0231,67
32.2997,-86.4075,63
30.3975,-84.3289,58
46.9728,-123.9303,81
43.1167,-77.6767,143
45.9647,-112.5006,94
34.0561,-117.6003,72
39.5936,-84.2264,107
33.6267,-116.1594,67
43.2389,-123.3547,40
38.7550,-109.7542,72
36.7683,-96.0261,81
33.4617,-80.8581,67
60.7850,-161.8292,76
39.8233,-93.5792,89
26.6847,-80.0994,94
40.0972,-92.5433,112
41.3497,-71.7989,76
34.4978,-82.7097,63
42.9667,-83.7494,134
30.9119,-102.9167,112
30.3489,-85.7881,63
37.2622,-104.3378,81
33.2119,-87.6161,72
30.6794,-88.2397,76
28.5453,-81.3331,76
30.1250,-93.2158,94
39.2292,-106.3169,89
40.2172,-76.8514,67
42.1997,-75.9850,67
47.4569,-115.6450,58
29.3331,-89.4075,89
34.7411,-118.2117,94
34.6439,-86.7861,76
41.7419,-72.1836,63
36.0969,-79.9433,67
47.3978,-120.2014,63
28.1011,-80.6439,94
27.7839,-97.5108,157
35.2325,-75.6219,67
45.5433,-94.0514,170
42.2347,-85.5519,134
45.0619,-93.3508,148
60.1283,-149.4167,94
32.3500,-91.0278,94
35.0419,-106.6156,157
39.4900,-121.6183,40
33.8281,-116.5053,72
6.9667,158.2167,31
37.1319,-76.4930,76
43.5950,-118.9564,45
41.3375,-84.4289,107
37.8892,-121.2258,72
28.7797,-81.2436,76
42.4819,-114.4869,89
32.8167,-115.6833,54
41.2003,-74.6231,63
29.6222,-95.6564,107
39.7078,-77.7297,76
39.2447,-102.2842,157
40.3161,-78.8339,107
33.6800,-117.8664,58
44.9050,-123.0011,40
33.2367,-107.2681,89
42.9550,-87.9044,148
38.1811,-85.7392,107
31.2819,-89.2531,89
32.0311,-96.3989,116
44.4983,-88.1111,116
36.9500,-76.2833,112
39.4203,-83.8217,130
46.9208,-114.0925,94
32.7667,-97.4500,107
29.7036,-98.0281,107
33.4050,-118.4158,40
30.2333,-81.6667,81
30.4781,-87.1869,72
45.8258,-119.2611,58
42.9486,-78.7369,161
36.2117,-115.1958,63
44.8428,-117.8086,76
47.6458,-101.4394,192
33.6186,-114.7142,58
64.5500,-149.0717,72
30.3503,-81.8831,72
45.2575,-112.5545,112
41.7806,-122.4717,58
7.0833,171.3833,103
44.3853,-74.2067,76
34.2622,-88.7714,89
44.3675,-71.5450,54
32.3347,-88.7442,103
37.5050,-77.3203,72
33.9486,-81.1186,58
29.6333,-83.1053,58
45.8069,-108.5422,116
46.7708,-100.7603,170
21.4500,-157.7833,67
26.5850,-81.8614,76
28.4339,-81.3250,81
42.6425,-77.0564,94
31.1828,-90.4708,81
31.4208,-110.8458,81
38.2103,-122.2847,67
32.8158,-117.1394,54
33.8117,-118.1464,45
33.2194,-117.3494,58
30.7167,-87.0167,67
48.1739,-103.6367,148
41.1214,-100.6694,165
41.9856,-97.4353,183
35.2578,-93.0947,54
56.6000,-169.5650,103
35.6169,-106.0889,130
42.5844,-110.1075,76
41.3103,-95.8992,170
40.1606,-113.3508,67
30.0675,-95.5561,103
35.3331,-94.3625,89
46.4267,-105.8825,139
36.9878,-120.1106,45
37.3169,-79.9742,76
31.2361,-94.7544,94
31.4156,-87.0442,76
39.1033,-84.4189,94
38.8483,-77.0342,89
31.8606,-86.0122,54
29.6919,-82.2756,72
40.0681,-118.5692,67
31.6072,-110.4281,103
33.2208,-92.8142,89
47.2675,-122.5761,67
38.0700,-102.6881,125
42.8914,-73.2469,54
44.1708,-114.9272,58
45.7728,-122.8611,40
33.5656,-86.7450,76
41.3714,-73.4828,72
35.0678,-77.0481,76
47.3078,-119.5153,72
41.9950,-87.9336,134
41.9144,-88.2464,134
44.3814,-106.7211,197
32.3367,-90.2214,94
47.5303,-122.3008,63
40.6508,-75.4492,81
32.5428,-93.7450,107
32.1314,-110.9553,81
40.2964,-78.3203,112
21.1544,-157.0961,107
37.3208,-79.2067,67
43.3906,-99.8422,210
43.1561,-90.6775,125
39.2775,-120.7103,54
31.3089,-86.3939,58
39.4494,-74.5672,94
37.6242,-120.9506,72
35.2578,-113.9331,72
33.1803,-96.5903,116
32.6261,-116.4681,76
32.6808,-96.8681,94
59.4556,-135.3239,112
42.1594,-76.8919,76
35.0564,-89.9864,94
44.3206,-69.7972,54
30.3208,-97.7603,76
35.8922,-78.7819,63
48.7167,-94.6000,148
41.0467,-78.4117,112
34.9914,-78.8803,67
38.3794,-81.5900,76
32.4106,-99.6822,125
36.6239,-87.4194,107
31.9206,-102.3867,116
30.4636,-88.5319,81
38.0408,-84.6058,103
39.2956,-80.2289,139
33.6542,-101.8136,157
42.1244,-86.4267,112
41.4525,-87.0058,112
39.0083,-95.2117,130
45.5511,-122.4089,36
38.6892,-75.3592,67
36.0719,-115.1633,63
31.8111,-106.3758,103
37.6703,-95.4842,89
38.2281,-85.6636,89
43.5164,-112.0672,89
38.7642,-87.6056,134
33.9519,-117.4386,72
42.7461,-86.0967,148
44.6381,-90.1875,143
38.3775,-121.9575,54
29.3783,-100.9269,76
39.9444,-81.8922,125
41.4131,-81.8600,116
42.8153,-108.7261,107
36.2606,-76.1750,81
40.0819,-75.0111,72
45.6906,-118.8528,54
38.5050,-107.8975,72
59.4433,-151.7017,67
43.0661,-108.4767,112
60.4889,-145.4511,89
31.0425,-86.3117,67
34.8461,-82.3461,67
36.0167,-102.5500,148
42.7803,-84.5789,143
35.4344,-119.0542,72
36.6950,-76.1356,72
39.9181,-76.8742,58
30.3433,-89.8222,76
40.3667,-75.9667,72
35.0311,-85.2014,76
39.4781,-88.2803,139
42.1094,-77.9919,103
40.8508,-96.7475,157
63.9944,-145.7214,116
31.4000,-93.2833,72
34.8536,-116.7858,76
48.2138,-106.6213,116
34.7272,-92.2389,76
45.6194,-121.1661,89
59.7494,-154.9089,63
24.7258,-81.0517,76
33.1281,-117.2794,54
37.7608,-99.9683,161
28.4736,-82.4544,63
46.7439,-117.1086,58
30.2050,-91.9875,94
45.2486,-122.7686,40
30.5372,-91.1469,94
39.8328,-104.6575,103
30.8356,-85.1839,67
39.5703,-104.8489,89
30.4000,-86.4717,63
47.2078,-119.3192,67
33.3633,-84.5658,58
47.1686,-88.4889,130
46.2667,-119.1167,67
41.2433,-76.9217,107
33.5872,-85.8556,58
42.3914,-96.3792,170
36.0394,-95.9844,76
37.2847,-120.5128,58
35.2100,-99.1200,179
33.4964,-90.0867,89
34.0511,-118.2353,31
36.3189,-119.6289,54
31.5883,-110.3442,89
41.2544,-80.6739,125
29.5442,-98.4839,98
41.6264,-80.2150,107
32.8547,-109.6353,63
30.0375,-91.8839,103
37.2839,-98.5528,161
15.1167,145.7167,161
44.7978,-68.8186,76
36.1189,-86.6892,107
28.0836,-97.0464,98
37.1431,-107.7597,98
27.4014,-82.5586,76
31.1522,-81.3908,89
30.1831,-97.6800,112
30.4844,-81.7019,76
34.6517,-112.4208,67
41.1389,-75.3794,89
34.3478,-85.1611,67
45.0319,-102.0192,215
27.5333,-99.4667,98
39.9914,-82.8808,112
43.1111,-76.1039,94
38.6956,-121.5897,45
43.9844,-88.5569,139
30.3567,-95.4139,103
38.7525,-90.3736,112
42.7972,-105.3856,125
43.7700,-88.4864,148
42.3811,-122.8722,31
39.1333,-86.6167,107
39.1208,-94.5969,103
32.8986,-80.0403,72
57.1553,-170.2222,130
40.6386,-73.7622,94
35.1822,-103.6031,130
45.0717,-83.5644,139
59.5119,-139.6711,81
44.7408,-85.5825,112
44.2558,-121.1392,76
38.8169,-92.2183,139
48.5428,-109.7633,139
66.8667,-162.6333,36
32.4506,-93.8411,103
33.3644,-81.9633,54
