40.9781,-124.1086,1
32.5722,-116.9794,1
43.0206,-102.5183,1
41.8833,-91.7167,1
34.4258,-119.8425,1
42.2667,-84.4667,1
34.0511,-118.2353,1
42.9486,-78.7369,1
42.9550,-87.9044,1
42.9667,-83.7494,1
42.8939,-85.5447,1
37.3031,-108.6275,1
32.2622,-107.7206,1
39.3450,-81.4392,1
42.7461,-86.0967,1
33.9381,-118.3889,1
36.0167,-102.5500,1
32.3336,-104.2581,1
40.4719,-81.4236,1
36.7683,-96.0261,1
43.5331,-84.0797,1
34.2167,-119.0833,1
32.8158,-117.1394,1
44.9047,-97.1494,1
43.1711,-86.2367,1
42.8375,-103.0953,1
37.6544,-97.4425,1
41.7219,-71.4325,1
36.6636,-121.6081,1
34.0158,-118.4514,1
33.8117,-118.1464,1
39.5514,-97.6508,1
15.1167,145.7167,1
41.6236,-98.9517,1
38.2281,-85.6636,1
33.1281,-117.2794,1
36.5881,-121.8453,1
34.8994,-120.4486,1
42.1244,-86.4267,1
26.1658,-97.3458,1
33.8719,-117.9789,1
36.6817,-101.5053,1
20.8997,-156.4286,1
32.3347,-88.7442,1
33.9753,-117.6361,1
28.4567,-99.2183,1
42.8783,-100.5500,1
31.5356,-84.1944,1
44.3814,-106.7211,1
45.6308,-89.4653,1
41.0669,-73.7075,1
38.0700,-102.6881,1
33.2194,-117.3494,1
31.9206,-102.3867,1
36.4486,-103.1539,1
43.3436,-72.5178,1
32.8667,-117.1333,1
40.8508,-96.7475,1
41.7636,-96.1778,1
40.7939,-73.1017,1
