38.5350,-121.7761,48
26.2656,-97.8714,46
30.5467,-87.8808,15
26.8400,-81.0872,64
28.4675,-98.2525,30
34.6603,-82.8236,0
34.5822,-119.9817,46
35.3886,-106.5439,64
28.0372,-97.8725,41
33.4258,-111.9217,38
40.7264,-122.7947,41
31.8611,-97.3750,53
33.0642,-101.0489,0
39.0744,-96.8983,18
18.0331,-67.0722,41
35.4072,-104.1906,61
40.6117,-122.5281,15
34.1647,-88.7239,0
28.6575,-96.5553,18
28.4575,-97.7061,38
32.6406,-96.9747,3
43.8544,-116.4664,0
30.7931,-94.1819,20
31.8769,-105.2369,0
29.4822,-95.6314,932
33.1481,-95.6269,0
32.8522,-95.8864,0
21.3153,-157.9992,64
29.6211,-96.3661,18
31.3625,-85.3397,43
30.0689,-94.2928,20
40.1100,-87.9567,0
32.8964,-107.3078,48
26.5581,-99.1372,13
35.3872,-76.7764,0
37.1503,-104.5567,38
40.7142,-122.4161,28
31.9497,-91.2336,0
26.5650,-98.1236,33
18.0258,-66.5253,58
18.2583,-65.9922,25
43.5492,-71.4647,0
35.8819,-83.9572,0
34.9881,-120.3211,64
27.4272,-80.4053,0
30.8408,-89.5453,13
30.2003,-92.6642,20
34.1419,-80.8700,25
31.9633,-98.4942,18
31.6003,-97.2169,25
33.8300,-88.5214,0
36.2403,-106.4278,51
32.7547,-104.3836,0
38.7978,-99.7231,0
36.9969,-119.7072,23
29.8608,-98.1958,20
38.4931,-122.0047,36
33.6731,-111.1508,36
33.2564,-81.2422,48
28.7156,-97.1742,25
38.4917,-122.1242,15
32.8242,-95.5275,15
32.2822,-106.7597,0
35.6414,-106.3322,58
36.4622,-116.8669,71
38.0633,-102.9297,53
35.1161,-93.6506,0
33.1461,-107.1842,46
25.8175,-80.2858,58
37.7967,-121.5828,43
31.6164,-94.6431,5
39.7506,-92.5064,0
36.5508,-114.4581,46
37.5147,-122.0325,38
45.9228,-108.2444,0
26.1781,-97.9708,25
33.6772,-93.9903,10
