36.4231,-99.4167,11
41.4439,-86.9294,-6
35.2050,-99.8033,11
34.3086,-95.9969,6
35.5914,-99.2706,17
34.5658,-96.9503,33
40.8142,-85.1547,-50
36.8981,-96.9103,11
34.6856,-99.8333,33
36.6897,-108.3086,11
35.1489,-98.4658,11
36.1056,-82.8436,39
47.0575,-109.9514,11
38.7386,-87.4878,-11
45.6750,-111.1550,-6
35.5483,-98.0364,17
35.4842,-98.4814,6
39.3925,-101.0689,-11
35.5461,-99.7278,11
36.3444,-88.8636,17
34.9142,-98.2922,11
36.0719,-99.9031,11
34.3997,-98.3458,11
35.4017,-99.0583,17
36.3558,-97.1531,17
32.2061,-90.5133,89
35.6872,-90.0964,17
32.4714,-87.2314,150
34.8494,-97.0031,17
35.8989,-98.9603,11
36.2633,-98.4975,11
34.9819,-97.5208,17
35.1131,-89.2122,56
34.7675,-106.7611,22
46.7281,-116.9558,39
44.2394,-95.3153,-28
39.3669,-101.7000,-6
43.2828,-123.3536,67
35.6214,-88.8456,33
34.8219,-89.4347,156
35.9986,-97.0481,11
34.8358,-99.4239,11
32.4219,-93.6381,117
36.0908,-106.0567,39
35.8417,-98.5261,11
42.0208,-93.7742,-56
34.7292,-98.5694,11
31.2353,-88.9186,56
40.0739,-87.5067,-17
31.1414,-87.0486,56
36.1903,-99.0403,17
33.8936,-97.2692,17
34.8083,-98.0233,22
39.4833,-83.8500,-17
36.1208,-97.0953,17
29.6211,-96.3661,39
35.2006,-103.6867,6
35.2722,-97.9553,22
34.3325,-96.6789,22
35.5083,-98.7750,6
34.6089,-96.3331,17
41.0267,-86.5867,11
40.4750,-86.9919,-72
35.0322,-97.9144,11
36.2872,-88.2958,44
30.5467,-87.8808,83
35.2358,-97.4647,17
34.1381,-88.9983,44
30.5497,-84.5836,144
44.6342,-123.1900,44
44.0708,-93.5264,-67
33.9208,-96.3203,28
40.7928,-87.7556,-50
36.1472,-97.2858,11
36.1167,-97.6067,11
32.8986,-80.0403,117
34.7392,-90.7664,17
35.1714,-96.6311,28
35.9328,-88.7267,11
34.1925,-86.7972,33
35.3736,-83.7006,17
36.3925,-89.0317,17
34.5289,-97.7647,28
34.6892,-86.8819,72
33.7092,-93.5564,17
38.5200,-89.8467,-6
32.8472,-97.4761,0
36.9869,-99.0108,11
36.0642,-97.2128,17
34.1922,-97.0858,44
44.8831,-85.6753,-50
36.4119,-97.6939,17
36.4711,-86.8414,56
34.4397,-99.1375,17
34.5989,-103.2161,0
38.4931,-88.9703,0
34.1647,-88.7239,33
32.0997,-91.7022,56
35.4139,-86.8086,17
35.8819,-83.9572,39
44.9847,-93.1772,-44
34.1936,-97.5881,17
40.1100,-87.9567,-28
31.0383,-85.8708,111
42.1397,-87.7853,0
40.4719,-74.4364,6
36.0147,-85.1314,6
34.7156,-97.2292,17
34.5872,-99.3381,33
40.2539,-85.1483,6
34.9897,-99.0528,22
34.7986,-96.6692,22
34.5519,-96.7178,17
34.7281,-90.3683,17
39.7194,-76.8028,0
45.5900,-95.8744,-94
31.8769,-105.2369,72
36.7925,-97.7458,6
34.1678,-97.9883,33
31.4269,-94.8942,50
35.1228,-99.3600,22
63.9033,-152.2817,-22
31.9461,-90.3775,33
39.8058,-90.8236,-17
35.1867,-102.0797,22
35.8489,-97.4797,17
34.2392,-98.7444,33
36.7081,-98.7094,17
38.9422,-92.3200,0
41.1453,-85.4897,-44
31.3625,-85.3397,56
30.7342,-85.0306,139
36.8314,-99.6411,11
36.3842,-98.1114,11
31.3706,-100.4942,50
34.4744,-91.4172,28
40.9361,-90.7197,-33
36.5994,-89.9894,-33
35.3647,-96.9481,11
36.7256,-99.1422,11
35.5419,-97.3414,22
63.9647,-145.1050,-67
33.2422,-103.3611,22
41.6661,-111.8914,-6
33.8103,-91.2778,17
36.7481,-98.3628,11
34.9678,-97.9519,22
40.7833,-81.9167,-44
41.8161,-80.4250,6
45.4825,-120.7236,50
34.2281,-97.2014,28
35.0708,-96.3561,17
38.5350,-121.7761,122
35.8542,-97.9544,11
34.0356,-96.9433,17
35.1297,-89.8036,-6
33.4692,-88.7822,44
35.6528,-96.8042,17
33.3867,-97.7164,28
36.7542,-97.2544,11
36.0286,-99.3464,11
