30.2003,-92.6642,132
39.5039,-98.3150,187
34.9881,-120.3211,129
25.8175,-80.2858,87
29.6211,-96.3661,303
37.3822,-102.2986,148
42.1231,-111.3133,71
35.7197,-86.9653,124
36.6897,-108.3086,89
30.8408,-89.5453,50
33.8300,-88.5214,0
31.8769,-105.2369,58
39.9000,-98.0256,105
44.3089,-85.2050,76
35.3872,-76.7764,206
40.1550,-103.1417,154
42.3806,-96.9575,3
32.4219,-93.6381,180
36.4622,-116.8669,315
40.7142,-122.4161,51
36.8047,-107.6214,53
45.9228,-108.2444,0
36.5508,-114.4581,24
34.6033,-104.3811,145
37.7967,-121.5828,0
38.7978,-99.7231,103
40.7264,-122.7947,32
38.4917,-122.1242,23
34.5697,-93.1947,27
31.2022,-93.5725,89
18.2583,-65.9922,3
43.5492,-71.4647,97
40.5764,-105.0858,31
35.7047,-101.5492,257
39.9614,-86.0586,8
44.8831,-85.6753,114
26.5581,-99.1372,163
47.7283,-104.1467,61
39.6619,-99.1228,53
40.6117,-122.5281,23
27.4272,-80.4053,85
26.8400,-81.0872,109
37.9931,-100.8122,87
30.7053,-104.0233,55
33.1481,-95.6269,0
34.5822,-119.9817,43
36.9969,-119.7072,74
34.5989,-103.2161,240
42.9592,-120.7897,35
35.8819,-83.9572,0
37.7617,-117.5658,26
34.1647,-88.7239,0
39.0422,-108.4664,69
32.8522,-95.8864,93
31.6164,-94.6431,56
37.5147,-122.0325,69
30.0689,-94.2928,319
33.0642,-101.0489,150
32.2822,-106.7597,39
35.2006,-103.6867,79
18.0331,-67.0722,5
38.4931,-122.0047,97
32.8242,-95.5275,185
33.1461,-107.1842,63
36.0147,-85.1314,32
32.8964,-107.3078,68
39.4031,-99.4192,53
31.3706,-100.4942,100
43.8544,-116.4664,0
31.9497,-91.2336,34
43.8083,-111.7892,158
32.3378,-89.0817,113
