43.3488,-88.1598,0
36.7746,-76.0422,0
45.1864,-85.1478,0
35.8381,-78.5597,0
39.4028,-81.4572,36
46.3526,-61.0776,0
38.7575,-120.6046,0
34.2835,-86.9144,25
40.5472,-105.0749,0
44.3552,-72.4554,0
39.0432,-79.0496,145
36.8022,-86.1373,0
35.4049,-78.6810,0
40.1526,-84.4613,0
36.0519,-85.7228,33
44.4991,-63.5264,0
38.1842,-85.5314,0
42.5973,-74.5931,0
40.7739,-84.0800,0
44.8720,-69.4203,0
38.3401,-107.0943,0
41.0532,-85.2389,0
42.9962,-82.4643,0
39.1607,-77.9885,226
45.1715,-67.0816,0
37.7847,-79.9165,196
40.8123,-72.7718,170
39.5362,-76.5446,117
36.1502,-86.5738,8
42.1587,-78.4905,0
36.0920,-82.1750,3
47.0570,-67.7263,0
40.3038,-103.1114,0
34.6544,-86.5617,0
47.5857,-122.6092,0
46.4667,-63.9892,0
40.7915,-74.1398,104
39.4140,-74.7087,175
44.8353,-122.6836,0
46.4393,-95.5887,0
49.8922,-97.0283,0
44.4412,-90.1289,0
40.2797,-105.3636,0
42.1070,-84.6260,0
51.1240,-104.9917,0
36.8409,-76.2195,0
42.4675,-71.4820,0
41.9286,-74.0195,0
35.5813,-88.8306,102
35.3782,-88.5490,0
37.7892,-120.7518,0
39.8895,-82.7680,0
42.4000,-88.7424,0
35.6263,-82.6763,0
42.0044,-87.8460,0
45.4788,-122.7692,0
33.9837,-83.1378,0
39.5462,-104.9655,0
38.5943,-76.9145,218
40.1838,-74.2448,191
39.3978,-77.0166,150
41.4088,-81.7448,0
42.5110,-76.9155,0
40.2970,-74.0015,124
46.7985,-96.1218,0
43.9917,-79.6778,0
42.8370,-78.7433,0
45.4681,-122.6813,0
38.5136,-75.9130,188
41.7788,-107.1169,0
44.0390,-122.8500,0
41.2008,-81.3389,0
38.5070,-78.6240,25
44.5987,-85.4843,0
40.0781,-88.2537,0
45.8608,-84.7197,0
43.8981,-72.1377,0
42.1739,-88.2993,0
45.7139,-89.4215,0
45.5771,-95.8968,0
38.3299,-97.7787,0
40.8796,-74.2270,74
38.0131,-75.3978,15
41.2949,-75.8682,0
39.3578,-76.5532,147
45.4818,-91.1468,0
39.1297,-75.6125,229
36.7207,-86.0349,69
45.8802,-123.2946,0
46.4698,-63.4920,0
47.2227,-93.4960,0
36.1544,-80.4055,0
39.6490,-104.7758,0
30.8176,-83.8965,0
42.5601,-87.9384,0
34.6250,-86.5367,0
40.7237,-74.2598,76
40.8818,-74.5794,76
40.6262,-74.6535,109
40.1499,-74.9333,150
38.3335,-81.6987,254
43.0520,-77.2570,18
42.7243,-73.7570,0
35.2470,-83.4140,0
43.2115,-71.4143,0
44.5187,-72.3028,0
39.7140,-86.4090,0
40.2124,-105.0426,0
47.3720,-122.2230,0
39.8378,-74.7467,290
35.6072,-87.0592,0
39.9844,-104.8134,0
44.7029,-106.3261,0
39.1002,-78.1802,178
44.7825,-108.6879,0
39.4037,-76.9343,180
39.1746,-75.5132,201
39.6537,-75.5182,137
40.9027,-74.0834,81
40.4407,-105.0619,0
37.2264,-80.4064,135
38.6645,-76.7385,229
40.9658,-74.4878,76
39.4852,-77.3352,185
38.3370,-80.6452,89
32.2171,-94.8743,0
42.2469,-83.0804,0
38.7820,-76.2115,107
40.5088,-104.6825,0
45.5075,-66.0986,0
39.3723,-112.3339,0
35.1885,-86.1167,48
35.5344,-77.3821,0
39.5483,-74.8671,196
38.9522,-76.1618,185
41.2214,-74.6600,18
39.8009,-75.2387,160
39.4700,-76.8301,3
37.9885,-101.1249,0
42.9409,-87.9823,0
35.5909,-82.5549,0
39.4582,-107.1839,0
42.4717,-79.3336,0
34.2795,-77.7963,0
41.9351,-75.0784,0
38.6639,-77.9756,175
39.8205,-75.8782,231
40.2001,-82.7732,0
39.5722,-76.1658,206
49.8654,-119.6041,0
40.6713,-74.5175,91
37.1682,-80.4443,249
41.2986,-104.8278,0
44.0800,-99.1300,0
38.9052,-104.8491,0
35.6345,-117.9782,0
40.7494,-96.5928,0
33.3963,-86.8399,0
46.9589,-95.6472,0
42.8167,-106.4108,0
35.2676,-89.8376,0
44.5358,-69.6029,0
38.7835,-104.8293,0
36.0243,-86.7509,0
47.3714,-102.7606,0
39.9660,-105.5125,0
43.5695,-116.3248,0
39.7647,-84.6338,0
34.7411,-86.7697,89
40.2778,-74.7926,64
52.2915,-104.5762,0
37.2800,-76.6839,173
37.4123,-107.8284,0
36.2467,-79.7572,0
39.6561,-75.3338,175
40.3417,-80.1229,33
45.4000,-123.1830,0
40.4712,-88.6196,0
39.5810,-105.0762,762
47.6421,-65.6876,0
47.7130,-118.9412,0
40.2763,-75.3006,178
41.4896,-87.0580,0
37.3538,-79.5238,30
35.5681,-87.6280,3
40.9364,-72.5778,102
38.6420,-75.6270,140
36.8010,-76.3270,3
39.4195,-77.2905,257
43.1764,-78.6834,0
38.7580,-76.0790,160
51.2522,-106.5403,0
36.6817,-95.9891,0
34.6286,-86.5561,102
42.8264,-106.3988,0
39.7041,-102.7080,0
40.5759,-105.0858,0
36.1515,-79.7968,3
42.6038,-76.1637,5
40.2286,-74.6472,147
44.6310,-72.2800,0
35.5583,-83.0344,0
43.1923,-123.4387,0
41.4644,-81.0652,0
41.4406,-73.3904,8
34.7345,-86.2100,0
34.7058,-86.7503,0
32.5448,-92.0039,0
40.0839,-105.3689,0
38.7877,-77.2461,180
40.7623,-74.9719,104
40.2104,-74.6204,127
42.9919,-85.6944,0
41.5264,-90.5858,0
40.3833,-105.1390,0
39.2052,-76.8390,147
41.1779,-89.6493,0
42.0170,-70.7720,81
39.9420,-83.8051,0
40.5382,-74.5921,135
45.4505,-98.5086,0
53.5972,-105.7361,0
39.6249,-75.7861,163
36.1520,-115.3396,0
42.4650,-92.3410,0
38.3339,-104.7898,0
42.6732,-85.6801,0
50.1475,-95.8902,0
34.1649,-95.5431,0
44.8745,-123.0444,0
43.5868,-99.7114,0
47.4021,-79.6765,0
41.5019,-86.3851,0
43.8580,-108.1640,0
39.4617,-104.8911,0
40.5998,-105.1151,0
44.1756,-72.7961,0
35.1537,-106.2848,0
38.4543,-75.5730,102
42.7614,-75.5554,0
44.2964,-99.2597,0
39.9734,-76.9178,150
34.7829,-76.9040,0
42.1880,-87.9590,0
40.2843,-105.1608,0
40.8173,-76.9097,10
46.0272,-66.6746,0
40.2077,-75.3522,173
46.5673,-87.6869,0
43.1425,-80.0696,0
48.8511,-97.7775,0
38.4442,-78.8856,175
41.4996,-87.9603,0
38.6408,-75.6168,201
43.2161,-77.9525,0
41.5067,-87.5248,0
40.5938,-91.1467,0
43.1269,-86.2431,0
40.2042,-75.3577,89
46.1326,-91.4050,0
44.9846,-93.3744,0
40.5949,-98.4270,0
35.9831,-84.0442,56
34.7806,-86.8644,0
42.8972,-85.7791,0
42.9900,-73.8000,0
44.6053,-72.3094,0
46.7098,-94.1880,0
48.2619,-114.1556,0
37.1663,-76.4401,0
45.4340,-122.5036,0
43.6037,-70.9867,0
38.4082,-82.4443,61
29.7210,-98.1655,0
44.4677,-87.9735,0
38.2592,-84.9076,0
39.6552,-75.7619,145
44.2321,-80.7061,0
40.8398,-74.5432,66
43.8737,-80.1343,0
42.8403,-84.4197,0
55.4900,-107.9236,0
34.8567,-86.6850,84
39.2825,-82.9945,51
38.5966,-76.8710,213
43.6215,-110.6253,0
42.8181,-106.3455,0
40.0136,-86.2901,0
32.2918,-85.1893,0
36.0532,-80.6028,0
38.6418,-77.7672,178
44.9663,-93.8489,0
38.3759,-81.8093,58
43.6293,-65.7999,10
40.9511,-74.1183,43
39.6427,-106.5179,0
40.7301,-85.1607,5
38.4595,-78.1136,145
34.3638,-86.8217,0
32.5019,-96.8983,0
41.0233,-100.3669,0
44.9720,-72.1478,0
47.7657,-122.3001,0
38.1617,-85.8566,3
41.3728,-88.8415,0
37.1306,-80.5720,147
41.7136,-89.3247,0
41.9062,-87.7819,0
32.1154,-81.2509,0
35.1375,-77.9892,0
45.3147,-64.4289,0
37.1558,-79.0743,185
45.1702,-91.2361,0
39.5137,-75.1363,234
41.7814,-88.0674,0
43.4394,-71.5373,0
41.3221,-105.5837,0
39.6490,-80.7382,53
34.9867,-101.9550,0
41.3315,-88.3141,0
40.8549,-74.9815,23
44.4136,-74.1521,0
41.4433,-70.6302,333
36.0512,-83.9862,0
43.7440,-70.4890,0
36.6760,-95.2335,0
46.4274,-62.7087,0
43.4472,-88.8526,3
37.6702,-91.8739,0
42.1460,-71.3794,3
41.0483,-93.9496,0
41.8777,-71.7513,10
38.6982,-76.0161,15
33.1637,-96.6851,0
38.1462,-85.9766,0
42.3917,-72.7384,0
41.5177,-90.6072,0
49.1290,-98.2684,0
39.0579,-76.7105,180
41.5007,-81.5526,0
42.6353,-85.7611,0
47.5749,-120.5976,0
44.6708,-63.3047,0
40.6945,-74.3898,203
41.7018,-87.7820,0
49.1971,-100.1496,0
35.9350,-87.2662,36
49.8996,-97.1875,0
39.5186,-104.9492,0
39.0425,-74.8940,236
39.9965,-76.7533,152
39.0974,-77.0487,157
40.3184,-75.3243,99
45.1019,-64.4144,0
40.6114,-75.2259,94
48.6770,-100.8026,0
40.4079,-74.6199,165
36.5921,-94.4507,0
32.7904,-105.8204,0
40.9158,-74.4758,79
39.4755,-75.2383,191
39.2323,-106.0516,0
42.5336,-75.6306,0
38.8319,-107.9670,0
39.4202,-84.1493,0
40.2510,-74.2819,193
46.5189,-66.2667,0
45.6018,-94.1991,0
39.2385,-77.2258,231
41.2939,-111.9580,0
40.6600,-75.0080,112
39.2728,-82.2430,0
39.2741,-78.2963,132
45.4060,-122.8780,0
42.6536,-85.7597,0
40.1043,-105.1605,0
40.4099,-74.5730,201
33.7476,-84.7452,0
39.5865,-86.6333,0
45.2943,-91.6247,0
38.2625,-86.2539,0
45.1940,-67.3225,0
46.2507,-119.3197,0
39.5936,-75.0692,185
44.3606,-72.8077,3
43.6312,-84.1943,0
32.9881,-97.3932,0
45.9217,-64.5150,0
43.6465,-81.7074,0
44.2832,-83.4992,0
40.7780,-74.3992,66
36.2163,-81.5885,0
44.7518,-63.7910,0
43.8567,-70.4664,0
38.8776,-75.4399,170
37.2486,-80.3905,135
41.2144,-85.1242,0
36.5442,-85.1598,20
46.2344,-65.8519,0
39.9231,-75.0649,191
48.5050,-121.4800,0
42.3223,-76.5899,0
45.7169,-65.4622,0
45.6063,-122.5104,0
36.3350,-96.0975,0
40.0584,-79.2616,43
46.6046,-90.6492,0
41.0521,-83.5773,0
36.1192,-83.2694,0
44.0917,-93.2138,0
42.5088,-72.6973,0
37.6934,-78.6641,193
34.7056,-76.9898,0
42.4516,-76.0437,3
45.0043,-65.1169,0
45.9190,-66.6269,0
41.5072,-109.1554,0
34.7756,-86.7803,0
45.9290,-66.6283,0
37.9876,-78.2109,135
36.0984,-87.0963,1016
38.7840,-76.5362,112
29.4854,-98.6561,0
38.8394,-80.3963,109
39.1758,-76.7850,137
39.0326,-75.5169,127
40.2707,-74.7295,127
29.7409,-97.6802,0
42.7766,-78.8444,0
39.9409,-74.1749,127
43.0789,-85.6282,0
45.5416,-122.6401,0
45.7904,-66.1473,0
44.9067,-66.9866,0
52.1381,-106.5720,0
37.6627,-81.0903,107
39.8100,-74.9357,157
39.7444,-99.2155,0
37.0475,-86.2033,25
39.9757,-78.4087,51
46.9934,-65.5069,0
39.3740,-74.8471,163
45.9770,-66.8682,0
34.1703,-86.7624,74
48.4535,-89.2239,0
37.5990,-101.2911,0
48.9536,-54.6186,0
44.7910,-75.3822,0
38.6049,-89.9685,0
39.4745,-83.8361,0
40.8173,-74.6049,71
38.8423,-80.2723,147
42.0944,-71.3776,3
34.6444,-86.5056,0
38.3833,-81.8344,76
40.5091,-74.8549,147
42.8095,-106.3315,0
41.5417,-87.2715,0
45.1994,-95.0057,0
40.2835,-78.8901,8
38.4669,-78.3167,160
32.4066,-96.3347,0
40.3895,-75.7541,114
37.7196,-97.3844,0
44.6826,-63.8602,0
39.0589,-92.4370,0
47.5480,-52.8882,0
34.7981,-86.7047,0
42.1790,-71.5339,5
40.3100,-74.7243,175
42.7112,-87.8457,0
36.5869,-93.2692,0
38.6521,-76.6395,206
37.2003,-93.2740,0
41.1977,-80.9721,0
41.0589,-83.1127,0
34.9842,-83.3917,0
38.8011,-76.5147,193
44.5125,-78.3606,0
40.1152,-86.4551,0
43.4794,-80.5354,0
38.2197,-76.4417,221
39.3343,-94.7642,0
36.6796,-80.4477,0
32.3772,-86.2575,0
37.9542,-87.3741,0
37.7059,-80.4232,114
34.7296,-86.7048,58
36.1066,-88.0443,0
38.4612,-75.0893,135
40.6108,-105.0412,0
38.3455,-120.7719,0
46.2348,-114.1563,0
38.2270,-77.5120,196
41.6326,-74.5604,0
41.2571,-77.0085,0
39.8183,-74.9956,145
37.9018,-88.9341,0
40.0496,-84.9474,0
39.0841,-75.4922,165
37.1500,-79.7137,193
39.9223,-104.9554,0
38.6169,-77.9696,208
45.1187,-95.0551,0
39.5385,-76.3788,15
37.3480,-108.5596,0
38.7387,-84.8496,0
44.6833,-70.2642,0
40.6148,-74.4994,127
40.5358,-94.8879,0
49.5196,-96.6794,0
46.4457,-63.3121,0
39.4712,-118.7915,0
47.6720,-65.0911,0
38.8257,-76.9266,264
43.8324,-70.1200,0
39.3428,-76.8939,163
36.0347,-78.9806,0
50.2774,-97.4461,0
33.4387,-88.8695,0
40.5342,-75.0559,102
40.0014,-77.1089,109
39.5996,-104.1751,0
37.9663,-103.5443,0
40.1302,-74.2145,178
35.4932,-83.0127,3
45.0713,-64.4857,0
42.9300,-74.6264,0
34.7337,-86.5565,119
45.9220,-116.1260,0
41.0890,-74.5399,51
40.0945,-88.1282,0
38.2872,-81.7874,61
38.1079,-81.6228,124
44.5464,-123.2592,0
37.7327,-85.5174,5
41.0202,-74.3289,18
45.1226,-93.4579,0
46.8153,-92.0637,0
40.6872,-74.8575,81
44.0303,-71.1383,0
39.4692,-76.5310,175
39.5404,-104.9123,0
36.1153,-85.5332,5
29.5120,-95.0994,0
34.0151,-81.1920,0
39.4041,-79.3722,74
48.7094,-118.7214,0
38.4060,-82.3813,64
37.6022,-84.1422,64
43.0961,-79.0281,0
27.9855,-81.7902,0
46.2084,-119.1658,0
42.5970,-82.1781,0
37.2492,-93.9439,0
42.2845,-83.0346,0
39.3428,-82.0964,10
39.6404,-74.8261,170
42.4927,-72.9454,0
36.1483,-95.8618,0
41.1623,-81.5037,0
39.0271,-78.2765,137
38.7873,-82.9779,0
38.6844,-77.4299,165
38.6804,-77.4206,160
42.4334,-122.9869,0
35.8840,-85.0450,28
40.6259,-105.0621,0
38.9669,-95.2967,0
53.6050,-105.8944,0
45.4899,-74.6457,0
45.3608,-63.2682,0
38.4908,-85.6677,0
39.1762,-74.7515,157
43.5073,-65.6096,5
39.7674,-78.4844,76
41.9221,-111.8193,0
42.8339,-79.9298,0
41.4673,-90.1818,0
37.5258,-79.8832,89
40.7447,-111.8677,0
41.0593,-124.1398,0
41.5193,-87.9193,0
44.3320,-70.2685,0
40.5665,-75.9862,36
46.4168,-98.7875,10
41.6874,-87.7911,0
34.2024,-78.0948,0
61.6185,-149.1258,69
41.1338,-85.0307,0
29.6849,-95.2197,0
40.4552,-74.6361,114
39.8847,-74.1741,203
38.5768,-75.1219,211
39.4722,-105.3913,0
35.7674,-86.9075,18
44.7104,-63.7331,0
36.2184,-81.6720,0
42.9632,-78.8669,0
44.8382,-92.9359,0
39.0087,-105.0629,0
35.7373,-83.9132,0
36.2528,-81.9136,0
46.5824,-90.8839,0
43.8885,-70.2944,0
41.3190,-82.3773,0
36.8805,-86.1717,13
44.8122,-106.9763,0
42.8316,-74.1152,0
45.0641,-66.8216,0
44.7323,-92.4060,0
40.3503,-86.4867,0
41.7777,-71.4022,71
40.9142,-91.4293,0
44.1964,-88.3307,0
38.9433,-119.1916,0
44.7591,-123.2325,0
44.6115,-74.9719,0
45.7086,-61.9024,0
42.8532,-90.7086,0
40.5510,-105.0664,0
40.6418,-74.8827,89
36.2393,-88.0800,5
39.1692,-85.2361,0
43.8583,-71.2597,0
41.8991,-106.2002,0
40.0403,-82.7980,0
44.5014,-68.2208,0
48.0125,-123.1709,0
39.2142,-84.1716,0
37.8130,-77.6228,102
44.8567,-93.6864,0
44.7878,-105.2674,0
39.8171,-105.1774,0
35.4985,-86.1012,46
35.2315,-86.6060,0
53.3290,-106.1377,0
41.0413,-93.9805,0
39.7537,-75.7519,305
39.0566,-81.5503,46
45.9896,-66.5918,0
39.6919,-77.1171,168
40.5462,-74.5287,124
43.3367,-72.0606,0
36.0346,-88.2440,0
36.4671,-93.7370,0
37.3742,-76.3071,20
39.8572,-74.8170,142
44.6698,-64.8526,0
41.5880,-73.8922,0
51.5694,-107.2341,0
34.4506,-84.2923,5
39.6513,-75.8856,191
41.2812,-84.3454,0
40.9234,-73.3305,94
39.2900,-74.7556,206
38.9717,-74.8398,140
41.6479,-70.6229,170
40.0586,-75.0770,157
48.5544,-58.6185,3
38.8886,-77.2629,122
41.3297,-86.3568,0
45.8812,-66.7623,0
41.5401,-90.4492,0
40.2421,-74.0298,188
38.6331,-109.4104,0
40.4697,-106.8139,0
41.6470,-73.8970,0
41.7346,-88.2391,0
44.5103,-109.0994,0
43.6695,-116.2653,0
43.9873,-81.1033,0
49.8299,-99.9746,0
40.8451,-74.5969,97
33.7917,-83.8719,0
38.9902,-77.0081,218
39.1327,-74.7102,203
31.8142,-93.0856,0
41.0105,-95.8890,0
36.6725,-83.1678,76
39.6679,-104.9440,0
36.4941,-80.6896,0
39.8315,-74.8083,127
45.9631,-65.9694,0
48.8485,-117.6283,0
38.7182,-79.1428,188
35.9910,-84.5473,74
35.3620,-85.3797,0
45.6686,-122.6862,0
41.1523,-104.8052,0
41.3677,-81.7018,0
39.7256,-75.6488,150
40.0488,-76.6948,157
35.5698,-86.3291,71
39.2378,-74.8173,150
29.5110,-95.0898,0
41.6846,-73.7205,0
38.6205,-87.1359,0
30.4144,-97.7664,0
42.9980,-88.0238,0
40.8481,-74.0002,152
42.4093,-86.0481,0
36.4003,-84.8954,20
36.8617,-76.2923,3
36.3189,-86.5612,5
32.4936,-92.0319,0
40.0905,-104.7986,0
39.6011,-105.9773,0
38.8592,-96.1058,0
40.3889,-75.9396,127
37.0169,-94.4925,0
47.3638,-120.2284,0
46.4238,-94.3033,0
42.9542,-81.4349,0
39.1516,-77.2368,0
34.8050,-86.7619,0
40.1282,-82.5158,0
39.9873,-105.1703,0
44.8344,-93.0358,0
37.1500,-93.2194,0
34.7293,-87.6472,0
40.5006,-74.4875,124
48.1810,-117.1712,0
38.7271,-75.2870,142
46.8818,-64.1973,0
37.7398,-89.8603,0
34.8957,-76.9161,0
36.0191,-84.2211,15
35.9695,-84.3855,0
43.3085,-87.9848,0
39.3929,-74.6248,165
40.4754,-106.8085,0
34.1109,-109.9003,0
42.4970,-71.7750,0
35.4606,-81.3296,0
40.6064,-74.8710,104
42.4310,-83.3819,0
45.5519,-116.3028,0
33.6229,-86.6206,0
41.5904,-86.7343,0
41.3139,-105.5774,0
49.5171,-96.7356,0
39.7866,-77.7253,71
38.9539,-92.3381,0
39.0916,-76.5112,221
36.3087,-87.7842,0
38.1208,-76.3651,119
42.9880,-85.8103,0
37.3996,-119.7381,0
36.0895,-81.8356,18
40.3936,-74.6773,155
36.1264,-85.3139,61
38.9301,-75.5343,127
36.3772,-85.8983,36
45.7267,-65.5286,0
44.6658,-70.0272,0
38.9294,-77.3608,226
44.7246,-63.8192,0
35.6283,-108.7928,0
43.7051,-99.3773,0
40.4437,-74.3844,104
40.0591,-105.1717,0
33.6239,-117.6275,0
40.6834,-74.5731,81
41.5997,-85.0895,0
47.1556,-53.4722,0
44.8913,-93.3141,0
40.0718,-74.1257,10
62.2272,-150.0731,0
50.5183,-119.2487,0
36.0212,-84.2234,0
40.4624,-90.7452,0
41.5090,-71.1590,135
39.0400,-108.5210,0
41.0653,-74.2571,51
44.0866,-103.3701,0
41.8633,-89.2257,0
44.7586,-72.1168,0
39.3859,-104.8529,0
44.3541,-66.1026,0
42.8966,-76.6727,3
41.4089,-87.3899,0
40.5674,-74.1327,135
45.5891,-95.9265,0
38.4691,-75.4923,112
44.3882,-71.2695,0
40.9436,-74.1523,81
44.7584,-108.7769,0
35.6848,-87.3400,5
41.6235,-90.3514,0
40.6317,-75.1045,135
40.0177,-105.1288,0
39.1223,-77.8187,0
39.5768,-78.8498,18
43.3194,-88.1681,0
43.8977,-78.8744,0
39.9847,-74.0726,241
36.1897,-86.5713,0
39.8626,-74.1410,193
39.4486,-77.8905,132
37.5442,-79.4031,147
40.9039,-75.3749,61
45.4232,-76.0453,0
42.8230,-86.0678,0
42.8918,-88.1423,0
40.2647,-87.6656,0
35.1426,-89.9210,0
39.7197,-105.2472,0
47.4669,-121.6806,0
34.7444,-86.7600,94
38.4466,-75.1340,130
38.9167,-77.1822,191
31.8449,-102.4858,0
38.7338,-120.7110,0
46.2508,-63.3342,0
41.2649,-73.7899,43
40.4237,-76.1305,175
46.7544,-117.0005,0
44.0397,-92.4375,0
42.9864,-78.8706,0
37.5059,-77.1753,152
38.1858,-78.2891,132
37.2564,-79.2604,155
44.5292,-109.0755,0
37.4083,-78.9638,157
38.3029,-104.7910,0
39.3544,-77.8552,241
35.4769,-94.3607,0
37.1840,-79.7264,221
40.0891,-97.1959,0
40.0092,-76.6782,239
41.5738,-70.5321,132
35.3072,-92.7325,0
38.9852,-91.9682,0
45.9689,-94.3772,0
37.8339,-87.5840,0
45.0336,-123.4277,0
40.3189,-79.3894,117
43.8028,-81.1838,0
34.2917,-83.3236,0
41.7010,-84.9867,0
42.8475,-95.7024,0
39.2940,-82.0793,38
44.6209,-106.8029,0
40.4562,-74.2413,114
41.4854,-71.6291,157
46.9386,-90.8349,0
38.8978,-76.5965,206
41.4752,-72.2055,155
38.7845,-76.0739,175
28.1669,-81.8219,0
39.4034,-107.1066,0
39.4819,-106.0325,0
50.1784,-100.4396,0
42.4284,-87.8838,0
43.6107,-73.0466,0
45.7699,-64.2180,0
42.5597,-87.8566,0
41.9950,-75.9650,0
38.9110,-75.4605,137
40.7853,-74.8612,91
32.2529,-80.7350,0
40.7230,-73.7110,157
35.8628,-86.2398,0
