43.9794,-117.0247,28
40.1100,-87.9567,-33
41.1453,-85.4897,-61
33.8083,-79.8567,50
47.0575,-109.9514,28
33.2564,-81.2422,44
34.1944,-79.2472,0
41.8161,-80.4250,6
40.4750,-86.9919,-39
32.7547,-104.3836,44
34.2183,-81.0731,78
42.7831,-71.4147,-6
37.1317,-86.1481,22
37.8194,-85.3847,11
42.1397,-87.7853,6
28.4575,-97.7061,94
44.4933,-68.4583,0
40.4719,-74.4364,-6
62.1925,-150.5033,-6
37.0683,-88.7725,17
46.8706,-68.0172,-11
38.4558,-86.6983,11
40.2233,-86.1086,22
44.9847,-93.1772,-44
34.4719,-81.8839,56
35.6214,-88.8456,33
32.3500,-94.6500,56
37.9311,-98.0297,11
40.0739,-87.5067,-33
39.4833,-83.8500,-17
42.2947,-83.7108,-39
34.7289,-80.0389,50
37.1244,-87.8672,-39
38.4661,-101.7758,11
27.7792,-97.5056,122
38.7003,-82.4736,28
39.4700,-80.8572,0
38.7386,-87.4878,-6
28.7156,-97.1742,139
41.0267,-86.5867,-44
34.1419,-80.8700,61
33.0167,-81.3167,78
35.6042,-91.2744,67
45.0853,-67.1203,0
38.5200,-89.8467,-6
34.6603,-82.8236,44
38.8894,-86.5519,28
64.9156,-148.2711,6
42.3806,-96.9575,-33
32.2822,-106.7597,89
41.4439,-86.9294,-6
40.7928,-87.7556,-39
47.6811,-117.6267,-17
33.7775,-81.8467,61
40.9361,-90.7197,-33
36.1306,-80.5481,17
32.5133,-92.3486,44
44.8831,-85.6753,-61
40.2539,-85.1483,-11
32.9206,-86.6708,78
46.3414,-86.9242,0
38.3139,-81.7186,11
40.8142,-85.1547,-72
37.9931,-100.8122,33
37.1167,-84.6167,22
44.5208,-101.6192,22
36.5914,-101.6181,11
20.7583,-156.3211,156
