32.5667,-117.1167,26
36.3200,-115.7000,8
40.2342,-85.3936,30
30.0494,-90.0289,44
43.9906,-70.9475,23
45.6194,-121.1661,44
35.2333,-101.7089,49
34.2622,-88.7714,11
32.3367,-90.2214,20
32.6500,-114.6167,26
37.1431,-107.7597,21
37.4389,-105.8614,34
30.0481,-102.2131,31
34.2675,-77.8997,27
45.2486,-122.7686,16
46.7708,-100.7603,36
34.2008,-119.2069,31
35.2372,-120.6414,51
28.8208,-81.8097,19
43.0661,-108.4767,46
60.7850,-161.8292,19
64.7767,-141.1483,7
41.6117,-90.5808,30
37.2253,-89.5706,25
39.4206,-79.0050,18
38.8169,-92.2183,40
27.4981,-80.3767,27
40.4122,-86.9369,27
38.9286,-90.4281,25
34.8822,-95.7831,33
35.0169,-80.6206,25
38.3000,-76.4167,17
36.2117,-115.1958,22
41.3461,-82.1794,18
47.8344,-120.0006,22
40.9781,-124.1086,14
46.7994,-102.7972,49
36.7200,-106.2600,5
37.7461,-97.2211,59
41.7806,-122.4717,35
33.0375,-116.9158,24
42.8153,-108.7261,26
34.9883,-117.8647,46
32.5722,-116.9794,20
36.0097,-94.1694,33
42.5950,-87.9381,28
43.8000,-114.8500,8
39.6014,-116.0056,30
47.2856,-68.3133,44
34.1750,-91.9347,25
43.0206,-102.5183,41
39.7333,-77.4333,3
44.4683,-73.1500,16
41.8833,-91.7167,30
39.8233,-93.5792,30
46.6461,-119.9061,0
43.5164,-112.0672,43
36.0394,-95.9844,38
29.7333,-85.0333,24
34.4258,-119.8425,30
43.9922,-76.0217,25
41.6764,-70.9583,34
44.1278,-123.2206,25
42.2333,-83.5333,20
31.3214,-85.4497,29
38.3794,-81.5900,15
37.9050,-93.3169,9
46.9208,-114.0925,21
36.7414,-104.5022,32
41.2531,-70.0608,49
44.2558,-121.1392,16
41.5272,-85.7922,23
31.3558,-85.7511,13
44.3592,-89.8369,22
37.3278,-95.5042,33
48.8700,-121.7900,0
40.1100,-87.9567,45
41.6264,-80.2150,11
60.1283,-149.4167,28
47.6497,-120.0800,4
43.9658,-107.9508,33
42.2667,-84.4667,25
35.1442,-111.6664,30
61.2169,-149.8550,24
40.0397,-88.2778,21
64.5500,-149.0717,30
26.2500,-80.1083,35
36.9839,-77.0075,10
35.5953,-82.5567,4
48.4608,-119.5167,32
40.0681,-118.5692,32
21.4500,-157.7833,25
38.8761,-98.8092,56
30.0675,-95.5561,18
44.3394,-105.5419,54
32.7800,-79.9319,35
41.0089,-74.7367,6
34.0511,-118.2353,7
37.9272,-100.7247,31
39.3792,-74.4242,27
26.5361,-81.7550,24
39.8447,-89.6839,26
37.2839,-98.5528,42
39.5703,-104.8489,32
64.3267,-158.7417,12
40.4847,-80.2144,16
30.5892,-96.3647,29
43.7600,-116.1000,10
44.7694,-106.9689,35
44.0511,-101.6011,45
40.7789,-73.9692,9
44.5344,-72.6144,12
34.9894,-99.0525,71
35.3889,-97.6006,58
35.4344,-119.0542,32
33.9786,-98.4928,55
39.0725,-95.6261,38
45.8619,-96.5650,54
36.3189,-119.6289,38
35.7700,-105.7800,6
36.5100,-106.3200,363
41.8161,-80.4250,0
40.6825,-74.1694,27
40.0803,-95.5919,38
27.7839,-97.5108,44
41.9097,-70.7294,27
46.7439,-117.1086,24
42.9486,-78.7369,24
37.9917,-122.0550,46
42.6958,-73.1708,8
29.3389,-98.4719,32
42.6425,-77.0564,10
42.7431,-73.8092,24
42.0647,-104.1528,47
28.4339,-81.3250,21
44.3814,-100.2856,47
41.1519,-104.8061,60
42.3200,-120.8300,12
44.3853,-74.2067,22
33.6267,-116.1594,28
37.6542,-122.1150,47
40.4422,-109.5144,20
34.0500,-94.4008,16
41.6686,-70.2800,47
38.3650,-82.5550,13
33.6228,-111.9106,13
41.1583,-73.1289,26
33.6361,-91.7556,22
59.7494,-154.9089,40
39.4519,-87.3089,21
36.7800,-119.7194,42
42.7900,-121.9800,0
40.3000,-111.2600,12
37.0911,-95.5664,46
30.0375,-91.8839,17
42.9550,-87.9044,31
42.1469,-121.7242,32
32.3542,-95.4025,34
39.9369,-91.1919,35
41.4525,-87.0058,24
37.7214,-122.2208,51
42.9667,-83.7494,18
37.2833,-102.6139,45
45.7728,-122.8611,18
40.8764,-74.2831,10
34.6517,-112.4208,30
36.0969,-79.9433,19
33.8117,-78.7239,31
33.1783,-86.7817,13
37.5050,-77.3203,15
45.0717,-83.5644,17
45.6689,-96.9914,48
38.9408,-77.4636,9
42.8939,-85.5447,28
42.5519,-71.7558,26
32.5428,-93.7450,31
41.2639,-72.8872,19
34.2006,-118.3575,26
58.6794,-156.6294,19
62.3200,-150.0950,12
47.5303,-122.3008,24
38.5050,-107.8975,40
45.4558,-98.4131,48
45.5511,-122.4089,19
42.1094,-77.9919,5
41.6328,-91.5431,30
43.7600,-115.2400,9
33.2119,-87.6161,12
46.9253,-96.8111,47
46.1569,-123.8825,26
34.9869,-81.0575,13
40.8436,-72.6322,21
41.0731,-71.9233,22
41.3375,-84.4289,25
39.3669,-101.7000,31
36.3333,-119.9500,50
39.9444,-81.8922,19
33.4050,-118.4158,33
34.6294,-118.0836,39
34.4272,-100.2831,53
31.4208,-110.8458,19
37.3031,-108.6275,26
39.2292,-106.3169,27
44.5483,-95.0803,55
29.7036,-98.0281,34
43.7300,-113.8300,8
33.8750,-84.3022,21
40.8217,-72.8689,22
42.5544,-92.4011,41
36.1189,-86.6892,23
39.1900,-120.2600,29
32.6847,-83.6528,22
42.4092,-83.0100,17
36.6239,-87.4194,27
48.5428,-109.7633,65
32.2622,-107.7206,35
39.7750,-105.1169,0
40.8203,-82.5178,30
44.2667,-71.2994,167
31.3711,-100.4922,37
35.6169,-106.0889,44
30.3208,-97.7603,24
40.0489,-107.8853,36
41.5944,-109.0528,40
35.5931,-88.9167,33
40.5764,-105.0858,0
42.7611,-87.8136,27
41.5631,-83.4764,26
47.4444,-122.3139,22
46.0947,-118.2869,44
39.3450,-81.4392,17
32.3500,-91.0278,9
32.9733,-97.3181,34
27.5333,-99.4667,55
30.7797,-86.5225,18
38.6956,-121.5897,52
48.0944,-105.5744,36
33.9519,-117.4386,22
48.2553,-101.2733,34
41.4333,-99.6333,19
7.0833,171.3833,50
39.7194,-76.8028,13
38.8000,-97.6500,53
71.2833,-156.7814,65
31.3347,-92.5586,12
29.6381,-95.2819,26
45.0133,-84.7014,13
42.7461,-86.0967,19
40.1519,-122.2536,34
33.5656,-86.7450,20
27.9106,-82.6875,25
42.1128,-92.9175,37
37.3711,-118.3581,34
30.4781,-87.1869,32
29.1097,-95.4619,23
40.1203,-76.2944,5
43.4075,-94.7461,46
44.6381,-90.1875,31
30.6794,-88.2397,20
32.7667,-97.4500,49
38.4167,-113.0167,59
46.4167,-86.6500,32
33.9381,-118.3889,38
47.9078,-122.2803,34
40.7794,-73.8803,28
32.7336,-117.1831,23
38.7642,-87.6056,30
45.8183,-88.1144,19
66.9161,-151.5089,21
37.7086,-113.0944,42
40.2064,-100.5914,25
39.3600,-106.0600,7
46.4267,-105.8825,66
35.8922,-78.7819,16
36.0167,-102.5500,42
38.1811,-85.7392,41
26.0719,-80.1536,36
40.6331,-93.9019,40
33.6800,-117.8664,19
41.5333,-71.2833,22
36.2500,-115.6300,13
28.4736,-82.4544,19
17.7028,-64.8056,50
48.5222,-123.0231,11
40.6161,-83.0636,36
38.8853,-79.8528,12
39.4019,-77.9844,5
42.4167,-87.8667,20
29.1828,-81.0483,22
43.1406,-89.3453,29
37.2958,-81.2078,16
32.3336,-104.2581,27
25.7906,-80.3164,30
26.9172,-81.9914,23
32.8342,-115.5786,23
31.9514,-85.1289,9
34.7442,-87.5997,24
33.4669,-82.0386,27
39.1667,-76.6833,5
35.9333,-79.0642,12
45.1947,-123.1339,22
18.3331,-64.9667,54
41.8678,-84.0794,26
44.3675,-71.5450,17
41.1078,-92.4467,38
36.1625,-97.0894,51
47.9375,-124.5550,21
34.6242,-106.3103,0
41.1214,-100.6694,31
24.5550,-81.7522,24
43.7700,-88.4864,26
39.2900,-117.1100,7
46.0261,-91.4442,26
28.8614,-96.9303,33
45.5433,-94.0514,44
28.9844,-95.3808,13
41.5175,-81.6836,31
40.4719,-81.4236,11
24.5833,-81.6833,26
40.6508,-75.4492,8
41.5092,-74.2650,10
32.8519,-96.8556,44
36.8167,-76.0333,36
18.2550,-65.6408,31
38.8100,-104.6883,35
34.1853,-79.7239,31
41.2433,-76.9217,9
25.9069,-80.2803,27
47.0492,-109.4578,44
36.7683,-96.0261,29
31.4156,-87.0442,13
42.3075,-85.2511,24
43.5331,-84.0797,18
36.9878,-120.1106,47
41.1389,-75.3794,11
38.7550,-109.7542,46
40.2383,-75.5572,5
35.5144,-108.7939,21
33.9706,-80.9958,14
34.2167,-119.0833,25
48.2138,-106.6213,38
48.1203,-123.4983,20
35.2236,-80.9553,22
26.1522,-81.7753,27
44.5169,-108.0822,39
38.6572,-90.6558,26
47.9742,-117.4283,31
39.3756,-99.8297,24
38.8983,-119.9947,24
31.9433,-102.1889,47
34.2900,-93.0600,20
32.8167,-115.6833,24
28.0622,-81.7542,24
44.8428,-117.8086,22
39.7556,-82.6572,26
30.4000,-81.4167,27
35.2578,-93.0947,10
18.4325,-66.0108,17
34.6439,-86.7861,23
31.6072,-110.4281,35
37.2622,-104.3378,47
40.2769,-74.8158,15
36.8600,-106.2300,434
42.0800,-80.1825,20
63.9944,-145.7214,23
47.3258,-106.9475,53
46.5486,-90.9189,23
55.5800,-133.0750,6
46.8706,-68.0172,34
32.8158,-117.1394,22
47.4933,-122.2144,18
30.1831,-97.6800,38
35.1822,-103.6031,41
40.8289,-115.7886,20
33.3644,-81.9633,20
39.4781,-88.2803,19
21.3167,-158.0667,15
43.3500,-73.6167,18
59.4556,-135.3239,30
30.9119,-102.9167,52
39.1258,-123.2008,23
37.7064,-112.1456,42
44.9047,-97.1494,55
45.5464,-100.4078,35
40.1667,-103.2167,38
43.1711,-86.2367,21
33.7792,-84.5214,18
60.7850,-148.8389,37
31.8606,-86.0122,12
45.0319,-102.0192,47
31.6189,-97.2283,47
35.5342,-97.6469,72
43.8789,-91.2528,41
13.4836,144.7961,22
40.1550,-103.1417,40
47.2675,-122.5761,26
34.8831,-82.2203,18
44.3981,-98.2231,45
31.8311,-104.8089,48
47.6831,-117.3214,30
47.3078,-119.5153,40
39.1333,-86.6167,23
35.8550,-77.8931,27
40.7833,-91.1253,24
35.0028,-105.6628,50
39.9181,-76.8742,7
67.7317,-164.5483,29
39.6428,-79.9164,8
30.6264,-88.0681,23
40.5175,-122.2986,24
36.6206,-116.0278,44
30.3975,-84.3289,29
42.8375,-103.0953,41
28.7247,-96.2536,47
46.0139,-102.6547,39
45.9647,-112.5006,27
46.2400,-117.3900,9
37.2353,-93.4003,46
38.3083,-75.1239,15
42.8914,-73.2469,9
38.0442,-87.5206,20
19.7192,-155.0531,29
30.5069,-86.9597,27
39.7075,-86.2803,39
37.1319,-76.4930,24
39.6728,-75.6008,21
39.7053,-105.6997,9
26.1839,-98.2539,42
44.7408,-85.5825,13
41.7361,-72.6506,30
38.3306,-96.1897,54
48.6033,-112.3753,85
43.4133,-124.2436,20
36.2967,-99.7689,64
34.2719,-83.8303,22
41.8706,-103.5931,34
43.8339,-111.8045,42
39.8344,-88.8656,23
39.8328,-104.6575,34
42.2706,-71.8731,42
37.6928,-121.8144,48
42.1928,-89.0931,23
44.2100,-110.6700,25
37.0683,-88.7719,30
39.5936,-84.2264,28
44.0433,-103.0536,36
41.2003,-74.6231,4
33.4964,-90.0867,9
41.4131,-81.8600,25
37.1467,-94.5022,54
32.6261,-116.4681,36
36.1994,-95.8872,58
47.6428,-115.9172,0
39.1033,-84.4189,13
57.1553,-170.2222,47
45.0800,-117.5500,3
40.6675,-89.6839,16
46.8369,-92.2097,40
40.1764,-80.6472,15
30.7044,-87.0231,24
37.6544,-97.4425,55
37.7081,-77.4344,5
32.7817,-98.0603,33
44.7900,-116.0900,13
39.4900,-121.6183,37
46.9258,-98.6692,35
31.5358,-82.5067,19
34.9000,-76.8833,32
42.8050,-72.0036,13
41.7219,-71.4325,35
35.0564,-89.9864,30
35.3331,-94.3625,24
41.3931,-70.6150,35
44.4983,-88.1111,24
36.6636,-121.6081,34
39.3667,-75.0667,7
55.0389,-131.5786,31
37.0872,-84.0769,21
34.0158,-118.4514,27
29.9506,-94.0206,24
31.3928,-92.2956,9
41.5097,-72.8278,10
42.5906,-117.8644,26
32.4833,-80.7167,24
41.6875,-69.9933,28
27.6531,-80.2428,35
43.1544,-93.3269,48
37.6242,-120.9506,43
34.7000,-77.3833,26
38.1386,-78.4530,10
41.9950,-87.9336,28
7.3333,134.4833,46
26.2281,-97.6542,43
29.3783,-100.9269,45
35.9403,-89.8308,28
33.8117,-118.1464,26
38.4000,-119.5400,18
34.4978,-82.7097,17
39.5781,-85.8033,32
46.1442,-115.5964,5
40.5100,-101.6200,27
70.1917,-148.4772,73
44.1708,-114.9272,21
41.3119,-105.6747,63
43.2781,-70.9222,13
42.4819,-114.4869,33
30.3489,-85.7881,29
59.4433,-151.7017,19
32.5156,-92.0406,19
33.2367,-107.2681,35
32.6808,-96.8681,31
30.3433,-89.8222,12
37.7608,-99.9683,41
42.7803,-84.5789,24
31.8456,-86.6108,18
32.7100,-96.2672,34
42.5417,-113.7661,23
35.0678,-77.0481,28
38.0494,-103.5122,51
30.8356,-85.1839,17
44.0206,-117.0128,19
38.2900,-104.4983,40
55.3567,-131.7117,45
59.2433,-135.5094,31
41.0375,-81.4642,15
29.9933,-90.2511,26
36.9358,-121.7886,27
39.3644,-84.5247,16
38.5911,-92.1558,23
47.0339,-120.5303,53
45.8258,-119.2611,42
47.4667,-87.8833,16
30.7406,-98.2353,27
31.4583,-109.6061,32
36.7436,-108.2292,36
48.7939,-122.5372,17
38.9597,-94.3714,47
39.5514,-97.6508,49
34.3622,-98.9761,61
39.2231,-106.8683,27
15.1167,145.7167,44
47.2078,-119.3192,39
40.8097,-124.1603,14
41.6236,-98.9517,25
39.8683,-75.2311,17
38.2281,-85.6636,33
41.1014,-102.9847,45
46.1236,-67.7928,29
40.7083,-84.0267,31
40.8500,-74.0614,14
44.3744,-70.3164,0
38.5000,-77.3000,17
34.8536,-116.7858,39
32.8978,-97.0189,48
39.1894,-103.7158,24
36.6950,-76.1356,25
33.1281,-117.2794,19
44.4911,-71.5725,0
31.1500,-92.9667,2
35.4111,-80.5833,22
29.6333,-83.1053,19
42.9203,-112.5711,26
35.9200,-106.3900,3
43.7694,-87.8506,24
43.6497,-70.3003,28
36.5881,-121.8453,29
30.5108,-99.7664,33
48.7200,-116.4600,20
47.3000,-121.6000,2
31.1828,-90.4708,19
41.7781,-80.6958,13
32.5500,-88.5667,16
34.5467,-93.5781,4
37.6703,-95.4842,52
35.9508,-85.0814,12
35.2578,-113.9331,47
45.6478,-68.6925,33
34.7336,-76.6606,35
28.5453,-81.3331,22
43.1561,-90.6775,12
41.4000,-107.2600,7
26.5850,-81.8614,25
41.7419,-72.1836,12
56.6000,-169.5650,25
38.7667,-104.3000,30
39.3903,-94.5553,9
41.9922,-93.6217,35
43.1111,-76.1039,16
35.7425,-81.3819,12
34.7436,-118.7242,42
33.3075,-104.5083,26
34.8994,-120.4486,39
42.6003,-123.3642,15
33.8281,-116.5053,27
48.7167,-94.6000,38
41.5339,-93.6531,40
42.3811,-122.8722,22
40.4953,-107.5211,38
47.4733,-111.3822,77
39.4839,-119.7711,32
46.9733,-122.9033,23
38.5714,-90.1572,25
47.3864,-92.8389,31
45.8678,-95.3942,60
42.2228,-83.7444,19
42.1244,-86.4267,14
37.3208,-79.2067,9
41.9856,-97.4353,33
39.2775,-120.7103,21
46.5683,-120.5428,19
43.9636,-69.7117,11
35.6575,-109.0614,12
43.3906,-99.8422,57
35.1350,-90.2344,23
35.4319,-82.5375,15
30.7439,-95.5861,26
36.1900,-105.5600,6
39.0083,-95.2117,34
34.7675,-114.6189,35
39.8250,-86.2958,24
44.6500,-73.4667,18
55.2208,-162.7325,44
34.2097,-118.4892,19
41.4914,-120.5644,19
30.3567,-95.4139,15
33.4617,-80.8581,24
44.8831,-93.2289,49
47.9428,-97.1839,43
38.8317,-94.8897,48
38.8483,-77.0342,20
31.2819,-89.2531,13
43.6264,-72.3047,10
34.6719,-82.8864,18
44.9050,-123.0011,28
32.5161,-84.9422,23
41.3714,-73.4828,18
36.9647,-86.4239,29
58.3567,-134.5639,34
29.6919,-82.2756,19
39.1208,-94.5969,50
26.1658,-97.3458,49
38.0408,-84.6058,38
36.9261,-111.4478,30
29.2733,-94.8592,43
39.5264,-107.7264,34
35.8311,-90.6464,33
41.9144,-88.2464,20
41.8756,-71.0211,21
46.4047,-94.1308,47
42.3978,-90.7036,31
-14.3306,-170.7136,44
27.4014,-82.5586,28
37.5908,-83.3131,5
34.1167,-119.1167,30
35.2100,-99.1200,81
33.4825,-90.9853,24
35.6567,-95.3614,31
44.8322,-93.4706,46
34.9914,-78.8803,23
35.2325,-75.6219,26
45.5644,-84.7928,11
61.1689,-150.0278,38
47.7472,-90.3444,21
29.9800,-95.3600,17
32.2997,-86.4075,16
34.7272,-92.2389,26
42.6650,-83.4181,11
36.2833,-94.3000,36
39.1342,-108.5400,38
33.5872,-85.8556,12
40.8300,-111.7600,15
30.4844,-81.7019,20
38.1847,-84.9033,29
43.2119,-90.1814,21
29.5622,-91.5256,22
40.9017,-117.8081,18
40.8250,-92.8925,9
33.8719,-117.9789,14
47.1686,-88.4889,23
40.0819,-75.0111,12
41.5886,-83.8014,23
36.0300,-106.8100,6
43.3497,-76.3847,8
40.8731,-81.8867,18
39.0431,-84.6717,31
25.9989,-80.2411,26
36.0700,-105.6300,7
36.7367,-97.1019,39
31.3500,-85.6667,20
39.4203,-83.8217,27
41.8056,-107.1997,69
38.0511,-117.0903,45
43.1167,-77.6767,18
34.7917,-79.3661,22
42.8975,-106.4636,65
48.5614,-93.3981,31
32.1314,-110.9553,31
7.4500,151.8333,21
26.1969,-80.1708,27
36.6817,-101.5053,43
34.8461,-82.3461,22
45.6983,-110.4408,71
36.0236,-84.2375,7
41.7072,-86.3164,26
44.5761,-71.1786,14
30.7825,-83.2767,21
27.7628,-82.6261,21
33.6542,-101.8136,51
37.1681,-97.0369,55
40.1606,-113.3508,66
43.1953,-71.5011,17
30.2050,-91.9875,21
26.6847,-80.0994,33
31.0425,-86.3117,12
30.5372,-91.1469,16
43.1644,-95.2017,45
6.9667,158.2167,19
62.9614,-141.9292,15
42.3914,-96.3792,37
57.0481,-135.3647,22
42.9333,-71.4383,13
46.3583,-104.2500,57
45.8069,-108.5422,68
39.9492,-74.8417,3
41.7803,-124.2367,16
33.4536,-94.0075,30
47.6458,-101.4394,26
45.6044,-103.5464,60
30.5844,-97.4156,18
42.5700,-72.2911,9
60.4889,-145.4511,18
35.0281,-110.7208,41
20.8997,-156.4286,45
45.4622,-69.5953,21
40.9706,-85.2064,28
32.6636,-97.0939,36
33.9486,-81.1186,20
31.2361,-94.7544,19
42.4933,-79.2722,14
40.0781,-83.0781,27
40.1936,-76.7633,13
44.3592,-84.6739,18
31.3072,-95.4508,0
62.1592,-145.4589,43
66.8667,-162.6333,29
36.2667,-93.1567,22
57.7511,-152.4856,32
30.3503,-81.8831,13
40.9656,-105.2186,13
32.3347,-88.7442,14
42.5844,-110.1075,34
60.5797,-151.2392,25
46.2667,-119.1167,38
39.4167,-118.7167,22
42.4700,-71.2894,19
38.2103,-122.2847,51
33.9753,-117.6361,30
44.5228,-114.2150,30
37.4058,-122.0481,36
32.0311,-96.3989,38
40.6386,-73.7622,36
39.1353,-96.6778,37
62.9575,-155.6103,0
33.3633,-84.5658,13
41.6267,-73.8842,8
31.3089,-86.3939,21
35.6875,-117.6931,41
34.5183,-109.3792,28
41.1783,-78.8989,5
46.6056,-111.9636,45
37.3169,-79.9742,18
42.0572,-102.8000,47
45.5406,-122.9486,23
38.6892,-75.3592,10
32.4106,-99.6822,47
28.4567,-99.2183,47
40.0972,-92.5433,39
41.3103,-95.8992,45
42.1208,-87.9047,20
38.9833,-76.4667,8
47.4569,-115.6450,20
34.6081,-79.0592,22
25.9156,-97.4186,38
42.8783,-100.5500,49
41.7700,-88.4814,19
38.9503,-95.6639,52
36.2606,-76.1750,43
32.8547,-109.6353,29
27.9619,-82.5403,20
36.9600,-106.6600,5
36.9500,-76.2833,34
36.1306,-80.5481,0
29.5442,-98.4839,46
32.4506,-93.8411,26
21.3239,-157.9294,25
37.8892,-121.2258,39
41.4653,-90.5233,24
36.7900,-105.2400,3
40.7342,-73.4169,28
41.9381,-72.6825,22
36.7725,-90.3247,22
33.1803,-96.5903,44
43.5950,-118.9564,21
59.5119,-139.6711,19
39.7736,-94.9233,39
40.8600,-102.8031,13
33.4278,-112.0039,26
45.0619,-93.3508,49
34.7411,-118.2117,51
33.2208,-92.8142,17
32.3206,-90.0778,13
40.8206,-76.8642,4
33.9228,-118.3342,27
36.8781,-91.9025,27
30.1250,-93.2158,16
39.2447,-102.2842,34
34.0561,-117.6003,26
19.7356,-156.0489,33
45.4353,-67.7214,9
43.2389,-123.3547,17
29.3331,-89.4075,31
35.6950,-101.3950,49
47.3600,-121.5700,3
44.8889,-116.1017,17
42.1594,-76.8919,12
39.1019,-121.5678,45
41.3325,-122.3328,2
31.5356,-84.1944,15
42.7172,-71.1239,28
34.7500,-111.4100,536
40.0228,-82.4625,16
44.3814,-106.7211,32
43.9042,-92.4917,51
42.1908,-71.1736,17
44.2033,-72.5794,21
39.4300,-120.3100,7
42.7972,-105.3856,51
36.0000,-106.8300,3
66.0689,-162.7639,30
41.2731,-111.0306,48
29.5189,-95.2417,19
39.7078,-77.7297,16
45.6308,-89.4653,24
40.9167,-81.4333,23
35.9461,-112.1547,40
38.3406,-75.5103,12
47.6217,-117.5281,50
31.8111,-106.3758,24
41.3275,-72.0494,24
41.0669,-73.7075,15
41.7872,-111.8533,21
21.1544,-157.0961,26
47.2381,-123.1408,37
37.3592,-121.9239,41
38.7525,-90.3736,30
45.5114,-118.4247,0
42.4272,-73.2892,24
38.0700,-102.6881,38
43.9844,-88.5569,23
34.6525,-86.9453,24
32.8192,-97.3614,43
33.2194,-117.3494,22
40.5300,-106.7800,5
44.9319,-93.0556,55
40.3161,-78.8339,10
42.2314,-83.3308,16
35.6697,-120.6283,39
41.2544,-80.6739,17
38.1311,-91.7683,34
61.5961,-149.0917,51
38.0653,-97.8606,58
43.5667,-116.2406,22
64.5111,-165.4400,26
30.3361,-81.5147,23
35.0419,-106.6156,40
21.9839,-159.3405,48
41.0467,-78.4117,9
36.3100,-115.6800,3
40.6044,-98.4272,22
41.3336,-75.7269,18
42.5708,-77.7133,22
61.1781,-149.9664,28
32.7000,-117.2000,30
37.7836,-81.1231,20
28.1011,-80.6439,37
31.7800,-103.2017,40
39.8000,-106.0300,372
31.9206,-102.3867,49
25.6475,-80.4331,22
42.1997,-75.9850,13
39.9914,-82.8808,26
42.1578,-72.7161,14
32.3847,-94.7117,33
36.9900,-105.2600,10
36.9033,-76.1922,37
33.6186,-114.7142,36
40.3667,-75.9667,7
47.3978,-120.2014,38
45.7881,-111.1608,27
27.7411,-98.0247,37
35.8517,-97.4142,49
32.1300,-81.2100,22
64.8039,-147.8761,12
40.3547,-79.9217,17
35.1967,-81.1558,18
35.0761,-89.7430,18
29.3600,-99.1742,37
36.4486,-103.1539,47
36.1300,-105.5300,5
27.5000,-97.8167,41
33.2061,-97.1989,40
43.7331,-103.6114,35
30.7167,-87.0167,23
38.8500,-94.7392,43
41.1961,-112.0114,38
40.3300,-75.1225,6
30.2333,-81.6667,31
41.3497,-71.7989,23
41.7861,-87.7522,33
44.7978,-68.8186,30
40.2172,-76.8514,12
27.6833,-97.2833,55
48.3042,-114.2636,34
33.6300,-84.4417,31
42.5842,-70.9175,25
30.4119,-89.0808,23
43.3436,-72.5178,12
44.0219,-82.7931,25
44.3206,-69.7972,27
36.4731,-82.4044,13
48.3500,-122.6667,26
40.2964,-78.3203,5
38.7042,-93.1833,43
33.9481,-83.3275,17
9.4833,138.0833,42
37.6197,-122.3647,50
70.2117,-151.0017,61
38.3775,-121.9575,43
33.6883,-112.0817,18
30.4000,-86.4717,24
34.5583,-98.4172,45
32.8667,-117.1333,23
36.5728,-79.3361,7
40.8508,-96.7475,37
37.2847,-120.5128,53
38.5039,-122.8103,21
40.9611,-98.3136,31
43.7667,-98.0333,39
31.4000,-93.2833,10
45.6906,-118.8528,34
45.6208,-122.6572,21
37.7797,-89.2497,27
34.3478,-85.1611,13
48.1739,-103.6367,53
43.2339,-75.4117,17
37.9406,-75.4631,24
44.9258,-89.6256,30
44.3800,-116.3400,10
39.6092,-110.7547,26
32.8986,-80.0403,26
30.4636,-88.5319,11
39.3100,-111.4300,25
42.3606,-71.0106,40
46.4794,-84.3572,22
29.6222,-95.6564,28
42.9600,-121.1800,3
39.2956,-80.2289,11
28.0836,-97.0464,40
42.2347,-85.5519,15
35.6542,-105.1419,30
39.2972,-94.7306,54
36.0719,-115.1633,33
45.5908,-122.6003,30
46.9006,-95.0678,41
36.1336,-80.2222,14
28.7797,-81.2436,20
35.7800,-105.5400,3
43.1072,-78.9453,20
40.7781,-111.9694,59
41.7636,-96.1778,37
34.1231,-84.8486,6
36.3689,-92.4703,20
38.5069,-121.4950,42
44.8664,-91.4878,40
43.0303,-78.1692,18
43.5878,-96.7289,37
24.7258,-81.0517,17
39.2953,-114.8467,51
42.7267,-114.4564,29
39.4494,-74.5672,17
45.2575,-112.5545,42
46.3747,-117.0156,35
39.9061,-84.2186,36
44.5444,-110.4211,18
34.2486,-82.1592,15
40.7939,-73.1017,24
35.0311,-85.2014,15
41.8031,-78.6403,9
59.6419,-151.4908,13
41.0136,-83.6686,35
46.9728,-123.9303,35
44.9358,-74.8458,32
35.8181,-83.9858,21
31.1522,-81.3908,26
36.0467,-79.4769,14
