39.0461,-78.9664,124
39.5181,-107.3172,23
-34.3883,141.5954,36
42.9383,-114.4169,117
-34.5042,139.4706,62
39.7122,-88.6300,297
29.3092,-97.4061,18
40.1433,-91.5158,927
-33.5871,145.3604,100
-37.2698,144.7230,122
-34.6250,117.6361,20
-32.9392,135.0780,145
-34.5898,142.7686,134
44.8667,-111.3392,48
38.3217,-83.6642,457
-42.3006,147.3711,50
-41.6706,146.7278,224
42.5881,-70.8372,165
-36.7691,147.6956,454
27.9914,-82.0136,76
39.1467,-75.5056,127
-38.1227,144.6420,82
-29.6953,151.6936,80
41.2633,-85.8678,25
44.9094,-72.8083,10
41.5325,-70.6589,0
-31.7117,128.8867,60
46.1358,-123.8783,51
-37.3811,147.1067,250
-33.7633,122.0675,24
41.4500,-85.2272,10
40.4883,-106.8233,165
-36.6936,145.8785,104
41.0908,-89.8614,196
37.1025,-82.8047,86
45.4247,-97.3269,13
44.9767,-110.6964,0
45.1111,-87.6117,0
38.8664,-90.1464,8
38.9603,-104.7806,163
21.3114,-157.8158,30
-28.5211,150.3256,4
37.2308,-108.0514,99
42.5711,-100.6931,81
18.4736,-67.0289,427
36.8144,-83.3144,25
33.8847,-88.9867,0
33.1678,-96.0983,0
40.7917,-85.8258,56
18.4725,-67.1156,361
45.1369,-69.2806,3
39.1564,-90.1392,602
-38.4455,146.2699,120
-41.5711,147.1825,96
-37.8586,145.6532,280
42.6519,-112.1931,38
