45.8981,-86.5483,270
46.2314,-112.1136,180
39.4206,-79.0050,230
47.2753,-88.4169,255
40.1100,-87.9567,180
47.6497,-120.0800,212
30.5347,-94.4456,200
41.8161,-80.4250,15
41.0103,-103.8769,225
39.8814,-77.3506,50
39.7750,-105.1169,140
47.2919,-88.4208,320
40.5764,-105.0858,60
39.7194,-76.8028,20
45.6656,-97.0392,250
44.4933,-68.4583,270
34.6242,-106.3103,230
38.5039,-95.7036,225
34.2183,-116.4072,190
34.1206,-115.8500,90
45.4525,-99.3358,200
47.0083,-88.4317,157
41.7392,-77.9711,360
39.0733,-93.7075,180
39.6442,-74.8072,14
40.9656,-105.2186,220
61.2967,-149.4400,90
39.1439,-103.4897,65
40.8600,-102.8031,255
48.0750,-111.2597,300
48.9981,-110.2158,275
40.6558,-97.2208,160
35.0761,-89.7430,220
41.2847,-105.5319,247
