32.5667,-117.1167,89
40.2342,-85.3936,81
30.0494,-90.0289,98
43.9906,-70.9475,94
45.6194,-121.1661,130
35.2333,-101.7089,112
34.2622,-88.7714,63
32.3367,-90.2214,116
32.6500,-114.6167,85
37.1431,-107.7597,139
37.4389,-105.8614,116
30.0481,-102.2131,157
34.2675,-77.8997,76
45.2486,-122.7686,63
46.7708,-100.7603,197
34.2008,-119.2069,107
35.2372,-120.6414,139
28.8208,-81.8097,107
43.0661,-108.4767,134
60.7850,-161.8292,103
64.7767,-141.1483,54
41.6117,-90.5808,76
37.2253,-89.5706,67
38.8169,-92.2183,94
27.4981,-80.3767,85
40.4122,-86.9369,72
38.9286,-90.4281,170
34.8822,-95.7831,103
35.0169,-80.6206,112
38.3000,-76.4167,49
36.2117,-115.1958,98
41.3461,-82.1794,72
40.9781,-124.1086,58
46.7994,-102.7972,152
37.7461,-97.2211,125
41.7806,-122.4717,192
33.0375,-116.9158,85
42.8153,-108.7261,157
34.9883,-117.8647,130
32.5722,-116.9794,89
36.0097,-94.1694,103
42.5950,-87.9381,81
39.6014,-116.0056,130
47.2856,-68.3133,121
34.1750,-91.9347,72
43.0206,-102.5183,130
39.7333,-77.4333,31
44.4683,-73.1500,72
41.8833,-91.7167,76
39.8233,-93.5792,85
43.5164,-112.0672,165
36.0394,-95.9844,116
29.7333,-85.0333,161
34.4258,-119.8425,76
43.9922,-76.0217,72
41.6764,-70.9583,98
44.1278,-123.2206,98
42.2333,-83.5333,63
31.3214,-85.4497,76
38.3794,-81.5900,89
46.9208,-114.0925,85
36.7414,-104.5022,139
41.2531,-70.0608,103
44.2558,-121.1392,134
41.5272,-85.7922,81
31.3558,-85.7511,72
44.3592,-89.8369,76
37.3278,-95.5042,94
41.6264,-80.2150,58
60.1283,-149.4167,116
43.9658,-107.9508,174
42.2667,-84.4667,67
35.1442,-111.6664,121
61.2169,-149.8550,112
40.0397,-88.2778,58
64.5500,-149.0717,89
26.2500,-80.1083,98
36.9839,-77.0075,49
48.4608,-119.5167,98
40.0681,-118.5692,130
21.4500,-157.7833,81
38.8761,-98.8092,107
30.0675,-95.5561,76
44.3394,-105.5419,174
32.7800,-79.9319,67
41.0089,-74.7367,49
34.0511,-118.2353,72
37.9272,-100.7247,116
39.3792,-74.4242,67
26.5361,-81.7550,103
39.8447,-89.6839,89
37.2839,-98.5528,107
39.5703,-104.8489,98
64.3267,-158.7417,72
40.4847,-80.2144,58
30.5892,-96.3647,89
44.7694,-106.9689,152
44.0511,-101.6011,157
40.7789,-73.9692,54
44.5344,-72.6144,85
34.9894,-99.0525,134
35.3889,-97.6006,139
35.4344,-119.0542,89
33.9786,-98.4928,112
39.0725,-95.6261,94
36.3189,-119.6289,103
40.6825,-74.1694,89
40.0803,-95.5919,98
27.7839,-97.5108,107
41.9097,-70.7294,85
46.7439,-117.1086,94
42.9486,-78.7369,58
37.9917,-122.0550,112
42.6958,-73.1708,63
29.3389,-98.4719,89
42.6425,-77.0564,58
42.7431,-73.8092,85
42.0647,-104.1528,152
28.4339,-81.3250,107
44.3814,-100.2856,165
41.1519,-104.8061,148
44.3853,-74.2067,76
33.6267,-116.1594,81
37.6542,-122.1150,134
40.4422,-109.5144,103
34.0500,-94.4008,67
41.6686,-70.2800,112
38.3650,-82.5550,72
33.6228,-111.9106,81
41.1583,-73.1289,76
33.6361,-91.7556,67
59.7494,-154.9089,98
39.4519,-87.3089,72
36.7800,-119.7194,112
37.0911,-95.5664,112
30.0375,-91.8839,72
42.9550,-87.9044,81
42.1469,-121.7242,121
32.3542,-95.4025,76
39.9369,-91.1919,107
41.4525,-87.0058,63
37.7214,-122.2208,107
42.9667,-83.7494,72
37.2833,-102.6139,152
45.7728,-122.8611,76
40.8764,-74.2831,63
34.6517,-112.4208,116
36.0969,-79.9433,63
33.8117,-78.7239,67
33.1783,-86.7817,67
37.5050,-77.3203,54
45.0717,-83.5644,76
45.6689,-96.9914,139
38.9408,-77.4636,54
42.8939,-85.5447,85
42.5519,-71.7558,67
32.5428,-93.7450,67
41.2639,-72.8872,81
34.2006,-118.3575,76
58.6794,-156.6294,98
62.3200,-150.0950,72
47.5303,-122.3008,98
38.5050,-107.8975,143
45.4558,-98.4131,125
45.5511,-122.4089,72
42.1094,-77.9919,49
41.6328,-91.5431,81
33.2119,-87.6161,81
46.9253,-96.8111,143
46.1569,-123.8825,89
34.9869,-81.0575,63
40.8436,-72.6322,81
41.0731,-71.9233,63
41.3375,-84.4289,76
39.3669,-101.7000,89
36.3333,-119.9500,116
39.9444,-81.8922,76
33.4050,-118.4158,81
34.6294,-118.0836,125
34.4272,-100.2831,112
31.4208,-110.8458,121
37.3031,-108.6275,134
39.2292,-106.3169,121
44.5483,-95.0803,107
29.7036,-98.0281,89
33.8750,-84.3022,139
40.8217,-72.8689,81
42.5544,-92.4011,103
36.1189,-86.6892,103
32.6847,-83.6528,72
42.4092,-83.0100,76
36.6239,-87.4194,81
48.5428,-109.7633,161
32.2622,-107.7206,183
40.8203,-82.5178,94
44.2667,-71.2994,250
31.3711,-100.4922,103
35.6169,-106.0889,125
30.3208,-97.7603,89
40.0489,-107.8853,143
41.5944,-109.0528,130
35.5931,-88.9167,76
42.7611,-87.8136,81
41.5631,-83.4764,67
47.4444,-122.3139,72
46.0947,-118.2869,170
39.3450,-81.4392,81
32.3500,-91.0278,63
32.9733,-97.3181,98
27.5333,-99.4667,107
30.7797,-86.5225,125
38.6956,-121.5897,98
48.0944,-105.5744,161
33.9519,-117.4386,112
48.2553,-101.2733,112
41.4333,-99.6333,81
38.8000,-97.6500,130
71.2833,-156.7814,98
31.3347,-92.5586,49
29.6381,-95.2819,89
45.0133,-84.7014,72
42.7461,-86.0967,67
40.1519,-122.2536,107
33.5656,-86.7450,76
27.9106,-82.6875,139
42.1128,-92.9175,81
37.3711,-118.3581,112
30.4781,-87.1869,148
29.1097,-95.4619,89
40.1203,-76.2944,45
43.4075,-94.7461,94
44.6381,-90.1875,85
30.6794,-88.2397,72
32.7667,-97.4500,98
38.4167,-113.0167,139
46.4167,-86.6500,85
33.9381,-118.3889,103
47.9078,-122.2803,85
40.7794,-73.8803,81
32.7336,-117.1831,76
38.7642,-87.6056,116
45.8183,-88.1144,76
66.9161,-151.5089,72
37.7086,-113.0944,170
40.2064,-100.5914,112
46.4267,-105.8825,188
35.8922,-78.7819,67
36.0167,-102.5500,107
38.1811,-85.7392,121
26.0719,-80.1536,98
40.6331,-93.9019,94
33.6800,-117.8664,81
41.5333,-71.2833,107
28.4736,-82.4544,112
17.7028,-64.8056,125
48.5222,-123.0231,54
40.6161,-83.0636,134
38.8853,-79.8528,45
39.4019,-77.9844,49
42.4167,-87.8667,67
29.1828,-81.0483,85
43.1406,-89.3453,89
37.2958,-81.2078,94
32.3336,-104.2581,76
25.7906,-80.3164,112
26.9172,-81.9914,103
31.9514,-85.1289,58
34.7442,-87.5997,85
33.4669,-82.0386,85
39.1667,-76.6833,72
35.9333,-79.0642,63
45.1947,-123.1339,76
18.3331,-64.9667,134
41.8678,-84.0794,76
44.3675,-71.5450,85
41.1078,-92.4467,81
36.1625,-97.0894,125
47.9375,-124.5550,81
41.1214,-100.6694,116
24.5550,-81.7522,72
43.7700,-88.4864,81
46.0261,-91.4442,143
28.8614,-96.9303,107
45.5433,-94.0514,206
41.5175,-81.6836,81
40.4719,-81.4236,85
24.5833,-81.6833,67
40.6508,-75.4492,63
41.5092,-74.2650,49
32.8519,-96.8556,103
36.8167,-76.0333,98
18.2550,-65.6408,107
38.8100,-104.6883,116
34.1853,-79.7239,76
41.2433,-76.9217,49
25.9069,-80.2803,94
36.7683,-96.0261,98
31.4156,-87.0442,98
42.3075,-85.2511,67
43.5331,-84.0797,67
36.9878,-120.1106,85
41.1389,-75.3794,67
38.7550,-109.7542,179
40.2383,-75.5572,40
35.5144,-108.7939,134
33.9706,-80.9958,63
34.2167,-119.0833,89
48.2138,-106.6213,125
48.1203,-123.4983,58
35.2236,-80.9553,107
26.1522,-81.7753,121
44.5169,-108.0822,161
38.6572,-90.6558,89
47.9742,-117.4283,107
39.3756,-99.8297,76
38.8983,-119.9947,98
31.9433,-102.1889,103
34.2900,-93.0600,85
32.8167,-115.6833,81
28.0622,-81.7542,94
44.8428,-117.8086,116
39.7556,-82.6572,85
30.4000,-81.4167,148
35.2578,-93.0947,58
18.4325,-66.0108,139
34.6439,-86.7861,89
31.6072,-110.4281,174
37.2622,-104.3378,188
40.2769,-74.8158,63
42.0800,-80.1825,58
63.9944,-145.7214,89
47.3258,-106.9475,165
46.5486,-90.9189,139
55.5800,-133.0750,63
46.8706,-68.0172,103
32.8158,-117.1394,85
47.4933,-122.2144,72
30.1831,-97.6800,85
35.1822,-103.6031,112
40.8289,-115.7886,148
33.3644,-81.9633,72
39.4781,-88.2803,63
21.3167,-158.0667,63
43.3500,-73.6167,72
59.4556,-135.3239,130
30.9119,-102.9167,112
39.1258,-123.2008,89
37.7064,-112.1456,157
44.9047,-97.1494,130
45.5464,-100.4078,89
40.1667,-103.2167,107
43.1711,-86.2367,58
33.7792,-84.5214,94
60.7850,-148.8389,148
31.8606,-86.0122,139
45.0319,-102.0192,112
31.6189,-97.2283,89
35.5342,-97.6469,139
43.8789,-91.2528,103
13.4836,144.7961,81
47.2675,-122.5761,76
34.8831,-82.2203,58
44.3981,-98.2231,148
31.8311,-104.8089,121
47.6831,-117.3214,89
47.3078,-119.5153,107
39.1333,-86.6167,85
35.8550,-77.8931,76
40.7833,-91.1253,72
35.0028,-105.6628,143
39.9181,-76.8742,45
67.7317,-164.5483,67
39.6428,-79.9164,49
30.6264,-88.0681,130
40.5175,-122.2986,94
36.6206,-116.0278,174
30.3975,-84.3289,94
42.8375,-103.0953,134
28.7247,-96.2536,103
46.0139,-102.6547,130
45.9647,-112.5006,107
37.2353,-93.4003,107
38.3083,-75.1239,63
42.8914,-73.2469,63
38.0442,-87.5206,72
19.7192,-155.0531,98
30.5069,-86.9597,143
39.7075,-86.2803,107
37.1319,-76.4930,67
39.6728,-75.6008,72
26.1839,-98.2539,112
44.7408,-85.5825,121
41.7361,-72.6506,85
38.3306,-96.1897,116
48.6033,-112.3753,161
36.2967,-99.7689,143
34.2719,-83.8303,121
41.8706,-103.5931,107
43.8339,-111.8045,134
39.8344,-88.8656,81
39.8328,-104.6575,89
42.2706,-71.8731,89
37.6928,-121.8144,116
42.1928,-89.0931,76
37.0683,-88.7719,76
39.5936,-84.2264,89
44.0433,-103.0536,165
41.2003,-74.6231,49
33.4964,-90.0867,58
41.4131,-81.8600,72
37.1467,-94.5022,103
32.6261,-116.4681,112
36.1994,-95.8872,134
39.1033,-84.4189,85
57.1553,-170.2222,98
40.6675,-89.6839,58
46.8369,-92.2097,116
40.1764,-80.6472,85
30.7044,-87.0231,103
37.6544,-97.4425,112
37.7081,-77.4344,54
32.7817,-98.0603,85
39.4900,-121.6183,98
46.9258,-98.6692,98
31.5358,-82.5067,81
34.9000,-76.8833,85
42.8050,-72.0036,76
41.7219,-71.4325,81
35.0564,-89.9864,81
35.3331,-94.3625,89
41.3931,-70.6150,94
44.4983,-88.1111,72
36.6636,-121.6081,112
39.3667,-75.0667,54
55.0389,-131.5786,85
37.0872,-84.0769,81
34.0158,-118.4514,94
29.9506,-94.0206,125
31.3928,-92.2956,54
41.5097,-72.8278,58
42.5906,-117.8644,139
32.4833,-80.7167,81
41.6875,-69.9933,98
27.6531,-80.2428,89
43.1544,-93.3269,94
37.6242,-120.9506,98
34.7000,-77.3833,98
38.1386,-78.4530,63
41.9950,-87.9336,81
7.3333,134.4833,108
26.2281,-97.6542,116
29.3783,-100.9269,112
35.9403,-89.8308,81
33.8117,-118.1464,89
34.4978,-82.7097,67
39.5781,-85.8033,85
46.1442,-115.5964,89
40.5100,-101.6200,98
70.1917,-148.4772,107
44.1708,-114.9272,103
41.3119,-105.6747,157
43.2781,-70.9222,67
42.4819,-114.4869,125
30.3489,-85.7881,103
59.4433,-151.7017,76
32.5156,-92.0406,76
33.2367,-107.2681,112
32.6808,-96.8681,94
30.3433,-89.8222,67
37.7608,-99.9683,103
42.7803,-84.5789,81
31.8456,-86.6108,134
32.7100,-96.2672,85
42.5417,-113.7661,157
35.0678,-77.0481,72
38.0494,-103.5122,183
30.8356,-85.1839,67
44.0206,-117.0128,143
38.2900,-104.4983,125
55.3567,-131.7117,116
59.2433,-135.5094,76
41.0375,-81.4642,67
29.9933,-90.2511,81
36.9358,-121.7886,112
39.3644,-84.5247,89
38.5911,-92.1558,89
47.0339,-120.5303,139
45.8258,-119.2611,125
47.4667,-87.8833,85
30.7406,-98.2353,89
31.4583,-109.6061,183
36.7436,-108.2292,143
48.7939,-122.5372,94
38.9597,-94.3714,103
39.5514,-97.6508,116
34.3622,-98.9761,134
39.2231,-106.8683,130
15.1167,145.7167,76
47.2078,-119.3192,98
40.8097,-124.1603,45
41.6236,-98.9517,107
39.8683,-75.2311,76
38.2281,-85.6636,157
41.1014,-102.9847,152
46.1236,-67.7928,94
40.7083,-84.0267,89
40.8500,-74.0614,76
38.5000,-77.3000,49
34.8536,-116.7858,107
32.8978,-97.0189,94
39.1894,-103.7158,98
36.6950,-76.1356,85
33.1281,-117.2794,81
31.1500,-92.9667,58
29.6333,-83.1053,134
42.9203,-112.5711,152
43.7694,-87.8506,76
43.6497,-70.3003,85
36.5881,-121.8453,94
30.5108,-99.7664,98
31.1828,-90.4708,63
41.7781,-80.6958,85
32.5500,-88.5667,67
34.5467,-93.5781,63
37.6703,-95.4842,121
35.9508,-85.0814,89
35.2578,-113.9331,152
45.6478,-68.6925,103
34.7336,-76.6606,116
28.5453,-81.3331,107
43.1561,-90.6775,63
26.5850,-81.8614,94
41.7419,-72.1836,76
56.6000,-169.5650,58
38.7667,-104.3000,103
41.9922,-93.6217,76
43.1111,-76.1039,63
35.7425,-81.3819,63
34.7436,-118.7242,139
33.3075,-104.5083,89
34.8994,-120.4486,130
42.6003,-123.3642,67
33.8281,-116.5053,112
48.7167,-94.6000,174
41.5339,-93.6531,85
42.3811,-122.8722,89
40.4953,-107.5211,143
47.4733,-111.3822,170
39.4839,-119.7711,125
46.9733,-122.9033,89
38.5714,-90.1572,76
47.3864,-92.8389,94
45.8678,-95.3942,206
42.2228,-83.7444,72
42.1244,-86.4267,58
37.3208,-79.2067,45
41.9856,-97.4353,103
39.2775,-120.7103,89
46.5683,-120.5428,125
43.9636,-69.7117,67
35.6575,-109.0614,139
43.3906,-99.8422,148
35.1350,-90.2344,72
35.4319,-82.5375,72
30.7439,-95.5861,72
39.0083,-95.2117,94
34.7675,-114.6189,125
39.8250,-86.2958,116
44.6500,-73.4667,76
55.2208,-162.7325,98
34.2097,-118.4892,76
41.4914,-120.5644,192
30.3567,-95.4139,67
33.4617,-80.8581,67
44.8831,-93.2289,192
47.9428,-97.1839,286
38.8317,-94.8897,103
38.8483,-77.0342,54
31.2819,-89.2531,103
43.6264,-72.3047,72
34.6719,-82.8864,58
44.9050,-123.0011,98
32.5161,-84.9422,76
41.3714,-73.4828,67
36.9647,-86.4239,116
58.3567,-134.5639,85
29.6919,-82.2756,139
39.1208,-94.5969,107
26.1658,-97.3458,116
38.0408,-84.6058,143
36.9261,-111.4478,152
29.2733,-94.8592,107
39.5264,-107.7264,130
35.8311,-90.6464,76
41.9144,-88.2464,58
41.8756,-71.0211,85
46.4047,-94.1308,268
42.3978,-90.7036,72
27.4014,-82.5586,116
37.5908,-83.3131,58
34.1167,-119.1167,81
35.2100,-99.1200,139
33.4825,-90.9853,67
35.6567,-95.3614,98
44.8322,-93.4706,224
34.9914,-78.8803,72
35.2325,-75.6219,89
45.5644,-84.7928,72
61.1689,-150.0278,148
47.7472,-90.3444,89
29.9800,-95.3600,89
32.2997,-86.4075,130
34.7272,-92.2389,89
42.6650,-83.4181,67
36.2833,-94.3000,107
39.1342,-108.5400,112
33.5872,-85.8556,58
30.4844,-81.7019,157
38.1847,-84.9033,125
43.2119,-90.1814,67
29.5622,-91.5256,58
40.9017,-117.8081,107
33.8719,-117.9789,72
47.1686,-88.4889,76
40.0819,-75.0111,76
41.5886,-83.8014,89
43.3497,-76.3847,45
40.8731,-81.8867,63
39.0431,-84.6717,103
25.9989,-80.2411,103
36.7367,-97.1019,98
31.3500,-85.6667,76
39.4203,-83.8217,76
41.8056,-107.1997,206
38.0511,-117.0903,170
43.1167,-77.6767,54
34.7917,-79.3661,76
42.8975,-106.4636,210
48.5614,-93.3981,143
32.1314,-110.9553,174
7.4500,151.8333,36
26.1969,-80.1708,94
36.6817,-101.5053,121
34.8461,-82.3461,67
45.6983,-110.4408,183
36.0236,-84.2375,49
41.7072,-86.3164,58
44.5761,-71.1786,94
30.7825,-83.2767,98
27.7628,-82.6261,116
33.6542,-101.8136,116
37.1681,-97.0369,116
40.1606,-113.3508,161
43.1953,-71.5011,103
30.2050,-91.9875,85
26.6847,-80.0994,94
31.0425,-86.3117,116
30.5372,-91.1469,54
43.1644,-95.2017,94
6.9667,158.2167,52
62.9614,-141.9292,63
42.3914,-96.3792,94
57.0481,-135.3647,89
42.9333,-71.4383,89
46.3583,-104.2500,161
45.8069,-108.5422,201
39.9492,-74.8417,45
41.7803,-124.2367,63
33.4536,-94.0075,72
47.6458,-101.4394,116
45.6044,-103.5464,170
8.7333,167.7333,112
42.5700,-72.2911,63
60.4889,-145.4511,89
35.0281,-110.7208,165
20.8997,-156.4286,134
45.4622,-69.5953,98
40.9706,-85.2064,63
32.6636,-97.0939,89
33.9486,-81.1186,76
31.2361,-94.7544,63
42.4933,-79.2722,45
40.0781,-83.0781,94
40.1936,-76.7633,67
44.3592,-84.6739,63
62.1592,-145.4589,130
66.8667,-162.6333,58
36.2667,-93.1567,81
57.7511,-152.4856,67
30.3503,-81.8831,116
32.3347,-88.7442,67
42.5844,-110.1075,121
60.5797,-151.2392,103
46.2667,-119.1167,107
39.4167,-118.7167,76
42.4700,-71.2894,67
38.2103,-122.2847,116
33.9753,-117.6361,121
44.5228,-114.2150,219
37.4058,-122.0481,139
32.0311,-96.3989,85
40.6386,-73.7622,94
39.1353,-96.6778,94
33.3633,-84.5658,81
41.6267,-73.8842,49
31.3089,-86.3939,94
35.6875,-117.6931,121
34.5183,-109.3792,107
41.1783,-78.8989,58
46.6056,-111.9636,143
37.3169,-79.9742,72
42.0572,-102.8000,134
45.5406,-122.9486,94
38.6892,-75.3592,63
32.4106,-99.6822,130
46.5311,-87.5483,67
28.4567,-99.2183,116
40.0972,-92.5433,89
41.3103,-95.8992,94
42.1208,-87.9047,63
38.9833,-76.4667,58
47.4569,-115.6450,85
34.6081,-79.0592,76
25.9156,-97.4186,98
42.8783,-100.5500,183
41.7700,-88.4814,58
38.9503,-95.6639,107
36.2606,-76.1750,85
32.8547,-109.6353,148
27.9619,-82.5403,121
36.9500,-76.2833,89
29.5442,-98.4839,103
32.4506,-93.8411,67
21.3239,-157.9294,81
37.8892,-121.2258,112
41.4653,-90.5233,81
40.7342,-73.4169,76
41.9381,-72.6825,94
36.7725,-90.3247,94
33.1803,-96.5903,103
43.5950,-118.9564,130
59.5119,-139.6711,54
39.7736,-94.9233,81
33.4278,-112.0039,98
45.0619,-93.3508,157
34.7411,-118.2117,134
33.2208,-92.8142,72
32.3206,-90.0778,63
40.8206,-76.8642,40
33.9228,-118.3342,94
36.8781,-91.9025,89
30.1250,-93.2158,76
39.2447,-102.2842,81
34.0561,-117.6003,125
19.7356,-156.0489,67
29.3331,-89.4075,85
35.6950,-101.3950,107
44.8889,-116.1017,98
42.1594,-76.8919,45
39.1019,-121.5678,89
41.3325,-122.3328,67
31.5356,-84.1944,85
42.7172,-71.1239,76
40.0228,-82.4625,72
44.3814,-106.7211,161
43.9042,-92.4917,112
42.1908,-71.1736,63
44.2033,-72.5794,94
42.7972,-105.3856,170
66.0689,-162.7639,58
41.2731,-111.0306,134
29.5189,-95.2417,107
39.7078,-77.7297,54
45.6308,-89.4653,72
40.9167,-81.4333,63
35.9461,-112.1547,161
38.3406,-75.5103,81
47.6217,-117.5281,103
31.8111,-106.3758,98
41.3275,-72.0494,81
41.0669,-73.7075,81
41.7872,-111.8533,116
21.1544,-157.0961,103
47.2381,-123.1408,98
37.3592,-121.9239,125
38.7525,-90.3736,94
45.5114,-118.4247,45
42.4272,-73.2892,81
38.0700,-102.6881,103
43.9844,-88.5569,67
34.6525,-86.9453,98
32.8192,-97.3614,103
33.2194,-117.3494,85
44.9319,-93.0556,192
40.3161,-78.8339,54
42.2314,-83.3308,76
35.6697,-120.6283,107
41.2544,-80.6739,81
38.1311,-91.7683,85
61.5961,-149.0917,148
38.0653,-97.8606,116
43.5667,-116.2406,210
64.5111,-165.4400,54
30.3361,-81.5147,157
35.0419,-106.6156,161
21.9839,-159.3405,107
41.0467,-78.4117,54
40.6044,-98.4272,63
41.3336,-75.7269,63
42.5708,-77.7133,58
61.1781,-149.9664,125
32.7000,-117.2000,85
37.7836,-81.1231,67
28.1011,-80.6439,89
31.7800,-103.2017,98
31.9206,-102.3867,139
25.6475,-80.4331,98
42.1997,-75.9850,63
39.9914,-82.8808,130
42.1578,-72.7161,63
32.3847,-94.7117,81
36.9033,-76.1922,85
33.6186,-114.7142,81
40.3667,-75.9667,49
47.3978,-120.2014,103
45.7881,-111.1608,107
27.7411,-98.0247,183
35.8517,-97.4142,134
32.1300,-81.2100,89
64.8039,-147.8761,72
40.3547,-79.9217,58
35.1967,-81.1558,89
29.3600,-99.1742,125
36.4486,-103.1539,143
27.5000,-97.8167,112
33.2061,-97.1989,89
43.7331,-103.6114,157
30.7167,-87.0167,85
38.8500,-94.7392,98
41.1961,-112.0114,98
40.3300,-75.1225,67
30.2333,-81.6667,157
41.3497,-71.7989,76
41.7861,-87.7522,81
44.7978,-68.8186,94
40.2172,-76.8514,40
27.6833,-97.2833,112
48.3042,-114.2636,125
33.6300,-84.4417,157
42.5842,-70.9175,67
30.4119,-89.0808,89
43.3436,-72.5178,81
44.0219,-82.7931,67
44.3206,-69.7972,94
36.4731,-82.4044,89
48.3500,-122.6667,94
40.2964,-78.3203,45
38.7042,-93.1833,107
33.9481,-83.3275,63
9.4833,138.0833,103
37.6197,-122.3647,116
70.2117,-151.0017,98
38.3775,-121.9575,103
33.6883,-112.0817,103
30.4000,-86.4717,94
34.5583,-98.4172,112
32.8667,-117.1333,76
36.5728,-79.3361,54
40.8508,-96.7475,89
37.2847,-120.5128,107
38.5039,-122.8103,94
40.9611,-98.3136,94
43.7667,-98.0333,107
31.4000,-93.2833,54
45.6906,-118.8528,121
45.6208,-122.6572,85
37.7797,-89.2497,81
34.3478,-85.1611,107
48.1739,-103.6367,161
43.2339,-75.4117,76
37.9406,-75.4631,81
44.9258,-89.6256,85
39.6092,-110.7547,107
32.8986,-80.0403,72
30.4636,-88.5319,89
42.3606,-71.0106,103
46.4794,-84.3572,76
29.6222,-95.6564,76
39.2956,-80.2289,63
28.0836,-97.0464,98
42.2347,-85.5519,54
35.6542,-105.1419,81
39.2972,-94.7306,94
36.0719,-115.1633,103
45.5908,-122.6003,103
46.9006,-95.0678,148
36.1336,-80.2222,49
28.7797,-81.2436,112
43.1072,-78.9453,63
40.7781,-111.9694,139
41.7636,-96.1778,103
34.1231,-84.8486,72
36.3689,-92.4703,58
38.5069,-121.4950,103
44.8664,-91.4878,157
43.5878,-96.7289,116
24.7258,-81.0517,63
39.2953,-114.8467,139
42.7267,-114.4564,157
39.4494,-74.5672,67
45.2575,-112.5545,103
46.3747,-117.0156,121
39.9061,-84.2186,81
44.5444,-110.4211,103
34.2486,-82.1592,63
40.7939,-73.1017,76
35.0311,-85.2014,134
41.8031,-78.6403,54
59.6419,-151.4908,54
41.0136,-83.6686,94
46.9728,-123.9303,85
44.9358,-74.8458,76
35.8181,-83.9858,67
31.1522,-81.3908,112
36.0467,-79.4769,54
