39.0172,-92.7558,69
36.4622,-116.8669,191
39.0422,-108.4664,97
32.2683,-101.4858,122
30.6836,-97.7172,61
42.9592,-120.7897,38
45.4825,-120.7236,79
40.4719,-74.4364,56
46.7047,-92.5253,1862
35.6414,-106.3322,64
34.9881,-120.3211,61
39.0936,-106.3514,20
38.7403,-104.3994,76
36.5575,-105.2628,264
37.2792,-86.2492,33
35.4072,-104.1906,102
40.2842,-109.8611,76
37.9050,-93.3169,64
26.5581,-99.1372,86
38.7978,-99.7231,152
34.1981,-101.7461,99
41.2986,-80.7647,861
38.5200,-89.8467,64
40.2233,-86.1086,51
42.8767,-77.0308,43
38.0633,-102.9297,119
32.7547,-104.3836,109
34.5697,-93.1947,61
38.6644,-94.8900,76
40.4750,-86.9919,53
45.6911,-118.8522,58
36.5508,-114.4581,163
35.1161,-93.6506,41
34.6033,-104.3811,102
29.8608,-98.1958,76
38.4661,-101.7758,112
26.3769,-98.8117,150
18.0331,-67.0722,51
40.1739,-101.0611,66
37.9931,-100.8122,114
34.5822,-119.9817,91
30.7053,-104.0233,74
32.8242,-95.5275,91
44.6342,-123.1900,30
38.8586,-99.3358,152
30.7189,-97.3211,69
39.3925,-101.0689,102
36.0147,-85.1314,43
39.3903,-94.5553,43
35.1108,-81.9675,69
64.8569,-147.8611,25
40.2539,-85.1483,38
33.4594,-104.4042,20
45.7206,-118.6264,79
36.2403,-106.4278,71
33.9544,-102.7783,119
31.3706,-100.4942,89
41.6661,-111.8914,109
44.7764,-108.7592,48
38.2597,-104.7169,84
33.1481,-95.6269,91
39.2494,-106.3714,3
