34.4744,-91.4172,333
63.9647,-145.1050,94
41.6661,-111.8914,256
44.6342,-123.1900,233
39.3925,-101.0689,256
31.3706,-100.4942,306
36.0908,-106.0567,239
43.2828,-123.3536,233
39.4708,-87.4081,311
32.8986,-80.0403,294
35.3736,-83.7006,222
34.6892,-86.8819,272
38.5200,-89.8467,328
33.2422,-103.3611,283
40.2539,-85.1483,333
40.4719,-74.4364,350
40.4750,-86.9919,311
31.4269,-94.8942,244
34.1925,-86.7972,289
36.0147,-85.1314,211
40.9361,-90.7197,328
40.0739,-87.5067,300
39.3669,-101.7000,300
41.8161,-80.4250,244
32.4714,-87.2314,289
