40.7264,-122.7947,40
38.8586,-99.3358,447
42.9592,-120.7897,45
40.2842,-109.8611,69
34.5822,-119.9817,66
40.1739,-101.0611,103
45.7206,-118.6264,117
36.4622,-116.8669,196
34.5697,-93.1947,3
39.0172,-92.7558,47
40.2233,-86.1086,24
18.0331,-67.0722,77
64.8569,-147.8611,37
38.4661,-101.7758,177
34.6033,-104.3811,106
34.9881,-120.3211,87
31.3706,-100.4942,106
38.7978,-99.7231,344
39.0422,-108.4664,182
32.8242,-95.5275,109
36.0147,-85.1314,34
39.9614,-86.0586,11
38.5200,-89.8467,14
45.6911,-118.8522,106
33.1481,-95.6269,100
36.5508,-114.4581,235
39.3925,-101.0689,154
40.2539,-85.1483,50
26.5581,-99.1372,0
30.7053,-104.0233,63
37.9931,-100.8122,272
46.7047,-92.5253,29
45.4825,-120.7236,277
32.9203,-94.7225,82
