42.1208,-87.9047,56
42.3914,-96.3792,93
29.3389,-98.4719,38
31.8311,-104.8089,92
34.2675,-77.8997,54
36.2967,-99.7689,26
17.7028,-64.8056,52
42.3811,-122.8722,11
44.3814,-106.7211,55
29.3783,-100.9269,43
40.9781,-124.1086,17
46.5486,-90.9189,55
33.2061,-97.1989,23
45.8619,-96.5650,58
20.8997,-156.4286,74
48.2138,-106.6213,41
34.9000,-76.8833,52
35.2578,-113.9331,52
44.3981,-98.2231,98
30.0481,-102.2131,43
30.7797,-86.5225,34
41.5092,-74.2650,35
25.9156,-97.4186,46
30.8356,-85.1839,36
39.8447,-89.6839,78
62.3200,-150.0950,22
45.7728,-122.8611,24
42.5950,-87.9381,72
36.7414,-104.5022,30
38.9597,-94.3714,64
35.2236,-80.9553,46
38.6644,-94.8900,18
42.7611,-87.8136,52
42.6425,-77.0564,51
43.5878,-96.7289,88
45.5114,-118.4247,6
40.0397,-88.2778,89
30.3975,-84.3289,28
38.2281,-85.6636,50
38.1417,-76.4292,53
41.5886,-83.8014,85
66.8667,-162.6333,67
39.3792,-74.4242,64
39.1667,-76.6833,39
39.7333,-77.4333,14
41.5333,-71.2833,64
27.4014,-82.5586,41
32.7667,-97.4500,31
44.0206,-117.0128,17
41.4914,-120.5644,17
45.5908,-122.6003,20
18.3331,-64.9667,52
36.4486,-103.1539,40
36.1300,-105.5300,4
28.1011,-80.6439,36
44.8831,-93.2289,86
42.1244,-86.4267,75
30.3361,-81.5147,31
42.1578,-72.7161,34
44.2667,-71.2994,236
13.4836,144.7961,56
43.1167,-77.6767,72
40.9167,-81.4333,83
19.7356,-156.0489,28
44.7694,-106.9689,47
41.5175,-81.6836,93
33.4964,-90.0867,24
47.1686,-88.4889,72
41.2639,-72.8872,61
59.4433,-151.7017,28
36.0969,-79.9433,59
37.0683,-88.7719,42
40.0228,-82.4625,68
34.9883,-117.8647,42
38.3794,-81.5900,61
38.7550,-109.7542,21
36.8167,-76.0333,61
36.2667,-93.1567,51
38.0494,-103.5122,23
36.3200,-115.7000,9
35.4319,-82.5375,47
44.3394,-105.5419,57
38.8483,-77.0342,52
45.4558,-98.4131,88
42.0647,-104.1528,49
36.9600,-106.6600,11
41.0731,-71.9233,51
43.9922,-76.0217,67
44.5444,-110.4211,11
40.3000,-111.2600,14
40.8206,-76.8642,30
64.3267,-158.7417,20
43.3500,-73.6167,19
30.7825,-83.2767,20
40.4422,-109.5144,17
34.1853,-79.7239,47
46.7708,-100.7603,85
39.2231,-106.8683,24
35.9333,-79.0642,21
37.7064,-112.1456,45
55.5800,-133.0750,13
32.6500,-114.6167,34
36.7683,-96.0261,25
42.7972,-105.3856,44
38.5714,-90.1572,61
39.4839,-119.7711,23
40.8500,-74.0614,34
36.7367,-97.1019,37
44.8428,-117.8086,14
35.2325,-75.6219,66
41.7700,-88.4814,85
41.4000,-107.2600,8
35.2372,-120.6414,33
71.2833,-156.7814,58
31.1522,-81.3908,45
61.2169,-149.8550,30
29.9933,-90.2511,45
39.4167,-118.7167,22
32.4106,-99.6822,28
41.9922,-93.6217,84
39.3100,-111.4300,42
36.9358,-121.7886,25
39.0083,-95.2117,65
33.8117,-118.1464,26
21.3167,-158.0667,36
39.3756,-99.8297,44
41.1783,-78.8989,62
36.7200,-106.2600,8
31.8606,-86.0122,37
35.5144,-108.7939,32
43.5164,-112.0672,26
38.3775,-121.9575,32
30.4781,-87.1869,46
41.5631,-83.4764,96
34.2719,-83.8303,44
47.2381,-123.1408,15
33.9481,-83.3275,34
33.5656,-86.7450,53
42.1128,-92.9175,89
39.8250,-86.2958,54
29.6919,-82.2756,17
40.0803,-95.5919,78
46.4267,-105.8825,51
39.7075,-86.2803,83
39.3450,-81.4392,55
32.7100,-96.2672,27
28.4736,-82.4544,24
30.5892,-96.3647,36
42.6003,-123.3642,23
40.8289,-115.7886,15
39.9369,-91.1919,74
44.4983,-88.1111,67
47.3978,-120.2014,28
44.3853,-74.2067,57
32.5722,-116.9794,26
34.4258,-119.8425,34
48.3042,-114.2636,17
42.1997,-75.9850,78
38.9286,-90.4281,73
33.2367,-107.2681,38
42.7431,-73.8092,33
48.2553,-101.2733,89
46.7994,-102.7972,69
40.7781,-111.9694,25
39.2447,-102.2842,39
30.0675,-95.5561,32
35.0281,-110.7208,34
34.0511,-118.2353,9
40.4953,-107.5211,18
39.4206,-79.0050,13
44.3814,-100.2856,88
25.9069,-80.2803,36
42.7172,-71.1239,37
37.7214,-122.2208,52
39.4300,-120.3100,5
40.1550,-103.1417,58
35.2578,-93.0947,51
42.5544,-92.4011,85
39.4019,-77.9844,35
29.6381,-95.2819,42
29.3600,-99.1742,40
37.2958,-81.2078,60
34.7272,-92.2389,55
43.7300,-113.8300,8
39.0431,-84.6717,61
33.8719,-117.9789,24
39.4717,-76.1697,45
44.3675,-71.5450,51
21.1544,-157.0961,69
33.4536,-94.0075,41
31.5883,-110.3442,36
24.5833,-81.6833,36
15.1167,145.7167,73
42.2314,-83.3308,87
45.5406,-122.9486,16
48.7200,-116.4600,15
35.8550,-77.8931,49
45.8183,-88.1144,49
9.4833,138.0833,31
35.8922,-78.7819,53
39.9061,-84.2186,87
46.4167,-86.6500,36
35.6542,-105.1419,59
41.8706,-103.5931,48
36.6206,-116.0278,30
59.6419,-151.4908,66
32.8158,-117.1394,26
37.7081,-77.4344,50
41.6267,-73.8842,34
39.5514,-97.6508,59
44.7408,-85.5825,34
41.7781,-80.6958,78
38.4000,-119.5400,6
31.3558,-85.7511,31
35.0311,-85.2014,45
43.3436,-72.5178,19
64.8039,-147.8761,31
35.3889,-97.6006,34
33.2194,-117.3494,21
41.2003,-74.6231,41
32.3500,-91.0278,26
41.3275,-72.0494,83
39.8344,-88.8656,70
42.2347,-85.5519,69
46.5683,-120.5428,26
33.1803,-96.5903,26
26.5850,-81.8614,39
36.1306,-80.5481,0
37.6703,-95.4842,59
26.0719,-80.1536,42
43.3497,-76.3847,47
34.8831,-82.2203,46
41.6264,-80.2150,45
30.5844,-97.4156,13
41.7803,-124.2367,17
35.6950,-101.3950,28
41.2531,-70.0608,98
38.1811,-85.7392,59
57.1553,-170.2222,64
46.0139,-102.6547,64
60.4889,-145.4511,25
31.5358,-82.5067,29
34.6719,-82.8864,29
40.3300,-75.1225,20
39.5703,-104.8489,26
39.1333,-86.6167,55
61.1781,-149.9664,33
43.5950,-118.9564,26
41.7419,-72.1836,30
26.5361,-81.7550,43
33.6883,-112.0817,21
43.7331,-103.6114,35
40.8731,-81.8867,80
41.0136,-83.6686,98
41.0669,-73.7075,50
59.5119,-139.6711,17
27.6531,-80.2428,33
30.3208,-97.7603,25
41.9856,-97.4353,84
36.9647,-86.4239,38
33.3633,-84.5658,31
36.0394,-95.9844,23
47.2856,-68.3133,54
41.6236,-98.9517,73
40.1764,-80.6472,66
32.3367,-90.2214,30
40.7939,-73.1017,72
48.8700,-121.7900,0
70.1917,-148.4772,26
37.4058,-122.0481,29
38.7042,-93.1833,62
40.2342,-85.3936,78
45.4353,-67.7214,9
32.5161,-84.9422,42
32.6847,-83.6528,34
34.7336,-76.6606,65
39.4203,-83.8217,82
42.5844,-110.1075,39
40.2769,-74.8158,41
44.5344,-72.6144,26
44.6381,-90.1875,76
38.1847,-84.9033,48
31.4000,-93.2833,15
38.7525,-90.3736,72
35.9200,-106.3900,5
57.7511,-152.4856,55
27.7411,-98.0247,40
36.3333,-119.9500,51
40.7342,-73.4169,64
42.8153,-108.7261,19
37.9406,-75.4631,63
41.6117,-90.5808,102
36.7900,-105.2400,2
34.8822,-95.7831,31
42.3606,-71.0106,62
41.5097,-72.8278,25
38.8169,-92.2183,68
37.1319,-76.4930,60
40.6675,-89.6839,72
44.8322,-93.4706,81
36.1994,-95.8872,49
28.8614,-96.9303,44
41.7861,-87.7522,74
37.1681,-97.0369,48
39.1900,-120.2600,21
42.4700,-71.2894,46
31.1828,-90.4708,30
26.1969,-80.1708,28
40.4122,-86.9369,63
39.2775,-120.7103,18
28.0622,-81.7542,34
36.5100,-106.3200,391
40.6331,-93.9019,85
26.9172,-81.9914,36
37.2253,-89.5706,51
29.5442,-98.4839,39
36.1900,-105.5600,7
39.1033,-84.4189,65
33.3075,-104.5083,51
66.0689,-162.7639,50
33.9706,-80.9958,31
38.8500,-94.7392,56
38.1386,-78.4530,33
37.2839,-98.5528,27
41.3119,-105.6747,21
41.3336,-75.7269,52
39.4519,-87.3089,62
31.8111,-106.3758,22
30.4000,-86.4717,37
47.2675,-122.5761,16
27.7628,-82.6261,47
33.6542,-101.8136,42
44.9319,-93.0556,85
42.8975,-106.4636,47
37.3711,-118.3581,36
30.2050,-91.9875,36
46.1442,-115.5964,13
30.4000,-81.4167,28
26.1522,-81.7753,39
43.7694,-87.8506,71
45.6194,-121.1661,13
32.5156,-92.0406,43
39.9492,-74.8417,33
40.8300,-111.7600,15
39.6428,-79.9164,42
48.4608,-119.5167,30
38.8000,-97.6500,62
43.1544,-93.3269,106
33.7792,-84.5214,46
42.0800,-80.1825,87
29.6333,-83.1053,13
38.6956,-121.5897,36
47.6458,-101.4394,102
58.3567,-134.5639,38
37.8892,-121.2258,32
34.9914,-78.8803,59
39.1342,-108.5400,32
21.3239,-157.9294,80
38.3406,-75.5103,57
35.6567,-95.3614,51
47.9742,-117.4283,12
30.0375,-91.8839,34
42.1469,-121.7242,13
44.9358,-74.8458,46
44.2558,-121.1392,23
18.2550,-65.6408,46
28.4567,-99.2183,44
39.6092,-110.7547,36
34.8994,-120.4486,28
42.2706,-71.8731,38
32.6636,-97.0939,26
36.0700,-105.6300,15
36.1189,-86.6892,34
47.7472,-90.3444,48
55.0389,-131.5786,44
66.9161,-151.5089,19
35.7425,-81.3819,50
36.9839,-77.0075,34
47.4733,-111.3822,26
31.3928,-92.2956,20
36.9878,-120.1106,42
33.4278,-112.0039,29
59.2433,-135.5094,44
32.7336,-117.1831,26
32.8978,-97.0189,31
44.9047,-97.1494,95
35.5953,-82.5567,13
41.3931,-70.6150,87
32.5428,-93.7450,35
44.0433,-103.0536,70
37.6242,-120.9506,44
43.8789,-91.2528,86
48.6033,-112.3753,29
30.5372,-91.1469,26
43.9844,-88.5569,58
34.7442,-87.5997,41
35.9461,-112.1547,25
42.4167,-87.8667,39
42.5906,-117.8644,23
33.4050,-118.4158,34
42.9667,-83.7494,77
39.1894,-103.7158,25
31.9206,-102.3867,53
41.3461,-82.1794,95
42.4100,-121.6800,5
48.5428,-109.7633,27
43.4075,-94.7461,94
42.7803,-84.5789,88
24.5550,-81.7522,35
44.9050,-123.0011,15
38.2900,-104.4983,25
38.8317,-94.8897,63
40.8764,-74.2831,45
44.9258,-89.6256,63
42.4272,-73.2892,44
45.8069,-108.5422,32
28.7797,-81.2436,32
39.3667,-75.0667,48
35.8311,-90.6464,51
38.8100,-104.6883,30
38.5911,-92.1558,60
34.2900,-93.0600,31
37.4389,-105.8614,35
40.7794,-73.8803,66
37.1467,-94.5022,57
38.5000,-77.3000,52
42.7900,-121.9800,0
36.2500,-115.6300,12
32.4506,-93.8411,43
34.0500,-94.4008,28
35.7800,-105.5400,4
30.4636,-88.5319,20
44.1278,-123.2206,13
64.5111,-165.4400,68
46.8369,-92.2097,82
33.1783,-86.7817,32
38.4167,-113.0167,30
41.1078,-92.4467,76
43.2389,-123.3547,10
46.1236,-67.7928,36
40.8203,-82.5178,80
41.3325,-122.3328,9
42.6958,-73.1708,92
35.4111,-80.5833,22
31.6189,-97.2283,30
27.4981,-80.3767,23
38.6572,-90.6558,64
33.6300,-84.4417,58
42.8914,-73.2469,85
38.3083,-75.1239,42
48.7939,-122.5372,9
39.2953,-114.8467,41
62.9614,-141.9292,17
32.1300,-81.2100,38
59.7494,-154.9089,26
40.8097,-124.1603,15
34.7000,-77.3833,47
39.7506,-92.5064,89
40.8436,-72.6322,57
41.7872,-111.8533,10
28.7247,-96.2536,52
39.1353,-96.6778,34
33.0375,-116.9158,27
32.9733,-97.3181,27
44.0219,-82.7931,67
24.7258,-81.0517,25
38.2103,-122.2847,59
44.2100,-110.6700,16
32.8667,-117.1333,24
38.0408,-84.6058,58
55.2208,-162.7325,64
41.9144,-88.2464,81
19.7192,-155.0531,28
47.6831,-117.3214,12
46.8706,-68.0172,46
47.3600,-121.5700,3
32.2997,-86.4075,36
7.4500,151.8333,43
43.6497,-70.3003,54
36.5728,-79.3361,39
37.0911,-95.5664,51
33.4617,-80.8581,44
43.1111,-76.1039,66
38.9503,-95.6639,71
45.9647,-112.5006,27
41.1519,-104.8061,60
32.6261,-116.4681,41
30.3567,-95.4139,33
39.2292,-106.3169,32
30.4844,-81.7019,33
47.3000,-121.6000,8
35.0678,-77.0481,44
31.3347,-92.5586,34
28.0836,-97.0464,52
40.6239,-74.6694,27
26.6847,-80.0994,34
33.1281,-117.2794,21
44.1708,-114.9272,16
33.4825,-90.9853,47
37.7461,-97.2211,55
38.7642,-87.6056,61
44.8889,-116.1017,16
46.9208,-114.0925,10
41.8161,-80.4250,67
36.3689,-92.4703,31
38.3650,-82.5550,51
34.8536,-116.7858,47
31.2361,-94.7544,26
41.0089,-74.7367,17
44.5169,-108.0822,31
44.5228,-114.2150,16
34.5583,-98.4172,13
43.1711,-86.2367,50
29.6222,-95.6564,44
34.2008,-119.2069,30
45.6208,-122.6572,19
42.5700,-72.2911,26
39.7078,-77.7297,39
37.2622,-104.3378,30
33.5872,-85.8556,41
34.2006,-118.3575,23
27.9106,-82.6875,41
40.5300,-106.7800,6
46.0261,-91.4442,37
45.0717,-83.5644,56
39.3669,-101.7000,38
42.8939,-85.5447,75
27.6833,-97.2833,67
36.5881,-121.8453,25
36.7725,-90.3247,48
38.0653,-97.8606,47
33.6267,-116.1594,40
36.0167,-102.5500,51
47.9375,-124.5550,18
34.8461,-82.3461,43
39.3644,-84.5247,51
44.3592,-89.8369,54
41.9097,-70.7294,57
33.3644,-81.9633,38
45.6906,-118.8528,31
30.3503,-81.8831,20
39.0725,-95.6261,49
36.0236,-84.2375,27
32.0311,-96.3989,30
41.9381,-72.6825,36
22.0333,-159.7833,28
37.6197,-122.3647,42
32.1314,-110.9553,30
34.1231,-84.8486,10
46.7439,-117.1086,13
48.1739,-103.6367,55
39.4494,-74.5672,62
39.8328,-104.6575,28
47.0339,-120.5303,22
41.4131,-81.8600,83
47.6217,-117.5281,23
35.1442,-111.6664,18
29.1828,-81.0483,29
33.8750,-84.3022,54
45.0619,-93.3508,81
60.5797,-151.2392,64
34.9869,-81.0575,47
60.7850,-148.8389,37
37.5050,-77.3203,58
57.0481,-135.3647,42
34.7675,-114.6189,32
-14.3306,-170.7136,20
46.9258,-98.6692,95
33.4669,-82.0386,42
34.2167,-119.0833,25
40.8600,-102.8031,36
67.7317,-164.5483,64
6.9667,158.2167,14
37.3031,-108.6275,26
30.7167,-87.0167,33
39.4900,-121.6183,25
43.0661,-108.4767,20
64.7767,-141.1483,9
29.9506,-94.0206,42
30.9119,-102.9167,53
46.2667,-119.1167,10
21.9839,-159.3405,83
37.2353,-93.4003,54
35.2100,-99.1200,31
42.9203,-112.5711,30
45.2575,-112.5545,19
41.6764,-70.9583,65
48.3500,-122.6667,21
36.9033,-76.1922,67
37.7086,-113.0944,24
28.9844,-95.3808,40
35.1350,-90.2344,29
36.6817,-101.5053,31
45.6689,-96.9914,90
46.9728,-123.9303,29
40.6386,-73.7622,70
70.6392,-159.9950,47
32.8519,-96.8556,30
40.4847,-80.2144,61
43.6264,-72.3047,17
31.5356,-84.1944,31
44.3206,-69.7972,39
35.5342,-97.6469,29
35.0761,-89.7430,63
43.3906,-99.8422,87
45.6308,-89.4653,52
34.6081,-79.0592,47
29.5622,-91.5256,22
42.7267,-114.4564,26
45.5433,-94.0514,91
39.1258,-123.2008,24
42.1594,-76.8919,44
32.8547,-109.6353,23
34.6294,-118.0836,56
35.0169,-80.6206,50
38.0700,-102.6881,20
41.8756,-71.0211,49
46.3583,-104.2500,47
36.0719,-115.1633,40
43.4133,-124.2436,37
47.0492,-109.4578,28
41.8056,-107.1997,27
36.7436,-108.2292,38
36.6636,-121.6081,32
36.9500,-76.2833,47
36.1336,-80.2222,37
40.4719,-81.4236,48
40.9706,-85.2064,94
35.8181,-83.9858,64
38.3306,-96.1897,59
42.8050,-72.0036,13
36.0000,-106.8300,4
35.2333,-101.7089,37
38.9833,-76.4667,51
33.6228,-111.9106,10
40.9656,-105.2186,31
34.9894,-99.0525,26
47.3078,-119.5153,22
40.1606,-113.3508,81
34.6439,-86.7861,34
46.1569,-123.8825,27
32.3336,-104.2581,55
42.0572,-102.8000,57
47.9428,-97.1839,97
33.9753,-117.6361,34
40.1519,-122.2536,27
34.3622,-98.9761,24
43.7667,-98.0333,102
43.5331,-84.0797,82
35.6169,-106.0889,52
41.8678,-84.0794,80
44.8664,-91.4878,68
37.7608,-99.9683,36
40.0681,-118.5692,17
34.5183,-109.3792,36
35.0028,-105.6628,58
41.5944,-109.0528,33
41.2544,-80.6739,75
26.2281,-97.6542,51
43.1072,-78.9453,65
47.4569,-115.6450,23
36.1625,-97.0894,35
40.5100,-101.6200,54
39.2956,-80.2289,59
36.2606,-76.1750,54
29.5189,-95.2417,39
37.3169,-79.9742,22
44.4911,-71.5725,0
45.8258,-119.2611,15
42.3200,-120.8300,15
40.0489,-107.8853,28
38.0511,-117.0903,33
46.4794,-84.3572,47
40.9611,-98.3136,76
38.8983,-119.9947,17
42.7461,-86.0967,72
40.7083,-84.0267,91
34.7411,-118.2117,50
38.8853,-79.8528,44
31.2819,-89.2531,32
30.7044,-87.0231,24
31.1500,-92.9667,13
32.2622,-107.7206,28
42.8783,-100.5500,63
45.2486,-122.7686,12
33.9381,-118.3889,32
37.1431,-107.7597,40
59.4556,-135.3239,29
41.7636,-96.1778,95
46.3747,-117.0156,15
39.7750,-105.1169,0
43.1561,-90.6775,59
42.9486,-78.7369,81
42.9333,-71.4383,46
48.0944,-105.5744,33
39.7736,-94.9233,76
25.9989,-80.2411,35
39.8233,-93.5792,43
29.7036,-98.0281,47
40.0781,-83.0781,71
40.6508,-75.4492,51
43.2339,-75.4117,76
40.8217,-72.8689,46
44.5761,-71.1786,42
41.1014,-102.9847,58
44.7978,-68.8186,41
37.2847,-120.5128,46
43.9906,-70.9475,22
46.4047,-94.1308,72
39.4781,-88.2803,68
39.1019,-121.5678,26
42.2667,-84.4667,74
39.6014,-116.0056,31
38.8761,-98.8092,51
46.0947,-118.2869,21
43.5667,-116.2406,22
38.5039,-122.8103,19
41.4333,-99.6333,67
39.2972,-94.7306,64
35.8517,-97.4142,27
45.7881,-111.1608,20
45.0800,-117.5500,3
31.3711,-100.4922,33
47.2078,-119.3192,22
61.1689,-150.0278,40
28.4339,-81.3250,27
40.1936,-76.7633,38
43.7700,-88.4864,64
46.9253,-96.8111,91
48.5614,-93.3981,58
38.3000,-76.4167,53
40.6825,-74.1694,48
46.9006,-95.0678,98
42.3978,-90.7036,91
43.0303,-78.1692,49
47.5303,-122.3008,13
21.4500,-157.7833,58
36.8781,-91.9025,50
30.7406,-98.2353,29
38.7667,-104.3000,20
32.8192,-97.3614,30
30.6264,-88.0681,22
39.8000,-106.0300,376
41.5339,-93.6531,86
33.2119,-87.6161,35
37.0872,-84.0769,50
36.9261,-111.4478,22
40.2064,-100.5914,60
44.2033,-72.5794,47
45.4622,-69.5953,46
32.7000,-117.2000,23
41.1583,-73.1289,74
33.8281,-116.5053,32
30.7439,-95.5861,21
36.0097,-94.1694,44
41.6875,-69.9933,64
45.0319,-102.0192,76
40.8250,-92.8925,67
33.6186,-114.7142,43
41.8031,-78.6403,55
43.2781,-70.9222,34
44.4683,-73.1500,75
30.5108,-99.7664,31
37.7797,-89.2497,48
41.7219,-71.4325,60
36.3100,-115.6800,2
38.5050,-107.8975,25
37.2833,-102.6139,22
40.2964,-78.3203,35
32.3206,-90.0778,31
31.7800,-103.2017,46
46.2400,-117.3900,13
62.9575,-155.6103,36
30.1250,-93.2158,34
18.4325,-66.0108,41
45.0133,-84.7014,56
40.6161,-83.0636,72
40.6044,-98.4272,68
38.9408,-77.4636,41
47.3864,-92.8389,69
41.1961,-112.0114,23
34.1750,-91.9347,45
63.9944,-145.7214,65
31.4208,-110.8458,25
35.4344,-119.0542,30
32.4833,-80.7167,34
41.7072,-86.3164,76
40.5175,-122.2986,15
41.0375,-81.4642,68
47.3258,-106.9475,39
28.5083,-81.5467,9
26.1658,-97.3458,61
39.7194,-76.8028,58
41.2433,-76.9217,47
42.6650,-83.4181,67
43.1406,-89.3453,48
34.2097,-118.4892,21
42.1094,-77.9919,65
41.9950,-87.9336,72
27.7839,-97.5108,59
36.2117,-115.1958,22
26.2500,-80.1083,34
40.8508,-96.7475,70
37.9272,-100.7247,34
38.0442,-87.5206,46
34.3447,-108.4922,112
30.0494,-90.0289,68
39.6728,-75.6008,51
39.1208,-94.5969,52
35.9403,-89.8308,55
29.1097,-95.4619,37
37.6544,-97.4425,53
40.3667,-75.9667,33
36.2833,-94.3000,46
30.3489,-85.7881,45
37.6542,-122.1150,42
48.7167,-94.6000,85
36.6239,-87.4194,43
31.9514,-85.1289,24
47.9078,-122.2803,18
30.6794,-88.2397,26
35.9508,-85.0814,41
42.4819,-114.4869,47
36.4731,-82.4044,49
26.1839,-98.2539,44
34.3478,-85.1611,40
43.9636,-69.7117,37
31.3500,-85.6667,26
33.9786,-98.4928,27
41.3714,-73.4828,50
34.6517,-112.4208,32
29.7333,-85.0333,42
33.2208,-92.8142,34
42.9600,-121.1800,6
31.9433,-102.1889,50
41.1389,-75.3794,55
37.5908,-83.3131,25
58.6794,-156.6294,51
39.9914,-82.8808,70
39.7556,-82.6572,62
40.2383,-75.5572,34
45.5464,-100.4078,87
27.5333,-99.4667,48
36.7800,-119.7194,42
41.8833,-91.7167,93
27.5000,-97.8167,44
40.0972,-92.5433,64
34.0561,-117.6003,36
47.4444,-122.3139,26
32.7817,-98.0603,21
36.8600,-106.2300,418
37.3592,-121.9239,25
32.6808,-96.8681,29
36.0300,-106.8100,7
35.1967,-81.1558,34
42.9550,-87.9044,57
39.5936,-84.2264,66
34.6242,-106.3103,0
29.3331,-89.4075,30
43.7600,-115.2400,11
34.6525,-86.9453,43
34.2486,-82.1592,51
39.9444,-81.8922,57
43.0206,-102.5183,34
42.2333,-83.5333,89
61.1000,-149.6936,116
39.8683,-75.2311,48
60.7850,-161.8292,76
45.1947,-123.1339,11
45.6478,-68.6925,28
27.9619,-82.5403,36
42.2228,-83.7444,71
46.6056,-111.9636,18
41.2731,-111.0306,37
37.3278,-95.5042,44
35.6875,-117.6931,30
34.7917,-79.3661,55
40.7833,-91.1253,70
30.5069,-86.9597,46
37.9050,-93.3169,27
32.8986,-80.0403,41
47.4667,-87.8833,43
38.5069,-121.4950,30
64.5500,-149.0717,35
32.3542,-95.4025,31
33.6361,-91.7556,33
31.8456,-86.6108,33
35.0419,-106.6156,30
46.9733,-122.9033,13
43.2119,-90.1814,72
34.4978,-82.7097,53
47.4933,-122.2144,21
40.7789,-73.9692,33
39.2900,-117.1100,13
39.9181,-76.8742,37
37.9917,-122.0550,47
29.2733,-94.8592,60
42.4092,-83.0100,76
41.6328,-91.5431,70
42.1928,-89.0931,68
42.5417,-113.7661,25
48.5222,-123.0231,17
41.3497,-71.7989,64
43.1953,-71.5011,32
44.3592,-84.6739,69
38.6892,-75.3592,65
42.5842,-70.9175,57
60.1283,-149.4167,17
41.7361,-72.6506,35
29.9800,-95.3600,39
42.8375,-103.0953,54
34.5467,-93.5781,27
39.5781,-85.8033,72
35.7700,-105.7800,5
41.7806,-122.4717,19
35.6697,-120.6283,40
55.3567,-131.7117,55
45.8678,-95.3942,98
39.5264,-107.7264,27
61.5961,-149.0917,39
39.7053,-105.6997,22
36.6950,-76.1356,43
37.6928,-121.8144,48
33.9519,-117.4386,25
43.7600,-116.1000,12
31.3214,-85.4497,45
40.1100,-87.9567,94
40.3161,-78.8339,55
62.1592,-145.4589,46
31.6072,-110.4281,44
7.0833,171.3833,47
41.4653,-90.5233,81
38.1311,-91.7683,64
44.6500,-73.4667,51
30.3433,-89.8222,20
43.8000,-114.8500,5
42.5519,-71.7558,22
33.9228,-118.3342,26
25.7906,-80.3164,37
40.3547,-79.9217,66
40.0819,-75.0111,44
30.4119,-89.0808,29
33.6800,-117.8664,23
47.8306,-110.6608,0
45.5511,-122.4089,11
44.0511,-101.6011,66
44.7900,-116.0900,11
40.2172,-76.8514,40
34.4272,-100.2831,31
30.1831,-97.6800,47
34.2622,-88.7714,28
41.4525,-87.0058,85
32.8342,-115.5786,29
45.6983,-110.4408,32
40.1203,-76.2944,49
41.1214,-100.6694,52
35.6575,-109.0614,27
41.5272,-85.7922,88
32.3347,-88.7442,37
35.1822,-103.6031,43
44.3744,-70.3164,9
35.3331,-94.3625,50
37.7836,-81.1231,56
39.3600,-106.0600,14
32.5500,-88.5667,39
45.5644,-84.7928,46
31.4156,-87.0442,26
41.3375,-84.4289,68
28.5453,-81.3331,30
42.5708,-77.7133,58
43.9658,-107.9508,29
34.7436,-118.7242,43
32.3847,-94.7117,34
40.1667,-103.2167,47
45.6044,-103.5464,79
31.4583,-109.6061,28
25.6475,-80.4331,32
34.0158,-118.4514,21
33.9486,-81.1186,44
36.9900,-105.2600,6
42.4933,-79.2722,94
39.3903,-94.5553,54
35.0564,-89.9864,48
7.3333,134.4833,21
40.9017,-117.8081,21
37.3208,-79.2067,51
44.5483,-95.0803,82
41.0467,-78.4117,28
41.3103,-95.8992,87
35.5931,-88.9167,51
43.8339,-111.8045,28
28.8208,-81.8097,34
34.7500,-111.4100,7
43.1644,-95.2017,84
33.8117,-78.7239,62
42.3075,-85.2511,79
44.3800,-116.3400,7
43.9042,-92.4917,99
30.2333,-81.6667,43
41.6686,-70.2800,59
48.1203,-123.4983,30
36.3189,-119.6289,38
