38.5069,-121.4950,310
38.5911,-92.1558,290
38.3306,-96.1897,320
32.3847,-94.7117,320
46.4267,-105.8825,350
46.9728,-123.9303,240
42.2347,-85.5519,240
30.5108,-99.7664,90
42.0647,-104.1528,310
32.3542,-95.4025,330
41.7700,-88.4814,260
30.0675,-95.5561,10
34.0500,-94.4008,330
42.6003,-123.3642,350
64.7767,-141.1483,260
34.7336,-76.6606,210
37.2847,-120.5128,320
42.4272,-73.2892,130
40.1764,-80.6472,270
44.3853,-74.2067,170
66.9161,-151.5089,20
30.8356,-85.1839,180
30.7825,-83.2767,170
29.9800,-95.3600,20
33.6542,-101.8136,180
35.1442,-111.6664,210
36.6239,-87.4194,300
27.7839,-97.5108,40
43.1072,-78.9453,140
42.3811,-122.8722,10
35.6575,-109.0614,300
39.1342,-108.5400,120
43.5331,-84.0797,220
42.9486,-78.7369,160
45.6194,-121.1661,120
46.9208,-114.0925,350
44.8428,-117.8086,310
32.7800,-79.9319,200
37.1681,-97.0369,320
31.2819,-89.2531,290
47.2078,-119.3192,180
30.0494,-90.0289,310
42.7803,-84.5789,230
28.7247,-96.2536,30
33.3075,-104.5083,150
34.6517,-112.4208,260
40.4719,-81.4236,250
41.3931,-70.6150,120
32.8158,-117.1394,260
38.3650,-82.5550,220
40.8508,-96.7475,330
39.2972,-94.7306,300
37.8892,-121.2258,290
33.8117,-118.1464,210
7.0833,171.3833,50
30.4000,-81.4167,280
31.3711,-100.4922,70
34.3478,-85.1611,270
30.2333,-81.6667,310
32.6261,-116.4681,220
41.5631,-83.4764,240
41.1014,-102.9847,340
35.8181,-83.9858,280
30.3489,-85.7881,200
41.6264,-80.2150,250
29.5442,-98.4839,30
40.6508,-75.4492,110
31.4156,-87.0442,230
28.5453,-81.3331,270
40.3300,-75.1225,40
43.6264,-72.3047,140
42.7461,-86.0967,250
41.3497,-71.7989,90
34.7000,-77.3833,190
34.1231,-84.8486,230
43.1953,-71.5011,100
40.8289,-115.7886,280
36.7414,-104.5022,270
26.5361,-81.7550,220
38.7642,-87.6056,280
66.8667,-162.6333,160
36.3189,-119.6289,320
38.0442,-87.5206,260
45.7881,-111.1608,160
33.0375,-116.9158,260
30.1831,-97.6800,360
34.6439,-86.7861,260
58.6794,-156.6294,220
41.7636,-96.1778,320
18.2550,-65.6408,110
42.8153,-108.7261,230
38.4167,-113.0167,20
29.3600,-99.1742,120
42.9203,-112.5711,210
40.7794,-73.8803,130
47.3078,-119.5153,180
30.5892,-96.3647,10
28.4736,-82.4544,330
39.4167,-118.7167,50
27.6531,-80.2428,220
32.4833,-80.7167,230
29.6381,-95.2819,360
40.9706,-85.2064,240
35.2325,-75.6219,170
40.6044,-98.4272,300
26.6847,-80.0994,150
39.1033,-84.4189,260
48.7939,-122.5372,170
36.2967,-99.7689,180
39.7736,-94.9233,310
39.2231,-106.8683,10
45.6906,-118.8528,140
34.4272,-100.2831,150
26.1839,-98.2539,50
42.7267,-114.4564,270
41.6236,-98.9517,320
41.1583,-73.1289,80
46.2667,-119.1167,330
43.1711,-86.2367,220
46.6056,-111.9636,40
35.2372,-120.6414,320
46.0139,-102.6547,330
33.8750,-84.3022,210
41.0136,-83.6686,250
42.5844,-110.1075,340
32.3206,-90.0778,310
42.6650,-83.4181,270
60.1283,-149.4167,40
33.9706,-80.9958,210
31.9433,-102.1889,90
59.6419,-151.4908,240
39.8683,-75.2311,230
39.7333,-77.4333,230
40.7789,-73.9692,130
40.5175,-122.2986,210
31.5883,-110.3442,210
37.6197,-122.3647,270
33.9486,-81.1186,190
38.0494,-103.5122,100
32.0311,-96.3989,330
40.9167,-81.4333,220
37.0911,-95.5664,330
36.6817,-101.5053,170
36.0097,-94.1694,330
36.6206,-116.0278,200
36.9878,-120.1106,340
13.4836,144.7961,80
42.7431,-73.8092,150
44.3814,-100.2856,320
35.8550,-77.8931,210
41.0669,-73.7075,100
39.6092,-110.7547,270
42.5544,-92.4011,320
29.2733,-94.8592,350
38.9286,-90.4281,290
37.7608,-99.9683,260
39.6428,-79.9164,280
47.9078,-122.2803,20
48.1739,-103.6367,330
31.2361,-94.7544,10
39.3667,-75.0667,120
25.9069,-80.2803,260
37.6242,-120.9506,330
39.3669,-101.7000,280
38.5000,-77.3000,210
31.1500,-92.9667,330
41.7219,-71.4325,150
60.7850,-148.8389,90
21.3167,-158.0667,70
45.9647,-112.5006,300
33.4669,-82.0386,200
29.6919,-82.2756,320
34.1750,-91.9347,300
32.8342,-115.5786,130
47.4733,-111.3822,280
47.3258,-106.9475,330
38.3794,-81.5900,240
45.5644,-84.7928,250
43.9906,-70.9475,120
42.6958,-73.1708,110
40.0819,-75.0111,100
18.4325,-66.0108,60
34.8831,-82.2203,210
40.6331,-93.9019,290
29.5622,-91.5256,290
38.8983,-119.9947,180
46.1442,-115.5964,170
38.2281,-85.6636,270
40.0781,-83.0781,290
41.7361,-72.6506,130
38.0700,-102.6881,250
43.9658,-107.9508,360
35.1967,-81.1558,190
30.0375,-91.8839,340
33.6300,-84.4417,220
41.7861,-87.7522,260
43.5950,-118.9564,290
20.8997,-156.4286,60
18.3331,-64.9667,130
47.3978,-120.2014,100
37.7797,-89.2497,310
46.4167,-86.6500,330
25.7906,-80.3164,200
61.1781,-149.9664,210
44.3592,-89.8369,280
57.7511,-152.4856,280
41.4131,-81.8600,240
39.9181,-76.8742,100
32.3367,-90.2214,290
30.9119,-102.9167,160
44.4683,-73.1500,150
44.3394,-105.5419,300
41.2003,-74.6231,70
41.5944,-109.0528,280
39.4900,-121.6183,140
42.2333,-83.5333,240
41.6267,-73.8842,120
36.9033,-76.1922,210
45.6689,-96.9914,340
41.9381,-72.6825,100
26.0719,-80.1536,280
62.9614,-141.9292,310
33.4278,-112.0039,260
33.2367,-107.2681,180
38.8000,-97.6500,320
36.9839,-77.0075,210
41.1961,-112.0114,260
39.7078,-77.7297,290
36.3689,-92.4703,270
40.6675,-89.6839,270
43.1561,-90.6775,280
55.0389,-131.5786,130
43.7700,-88.4864,280
64.5500,-149.0717,230
26.1969,-80.1708,170
37.0872,-84.0769,290
40.4122,-86.9369,270
42.3075,-85.2511,230
37.0683,-88.7719,270
27.6833,-97.2833,30
38.6892,-75.3592,170
46.5486,-90.9189,280
35.1822,-103.6031,30
40.1519,-122.2536,140
39.1208,-94.5969,290
35.0281,-110.7208,240
41.9856,-97.4353,320
59.4433,-151.7017,190
41.6875,-69.9933,130
42.9667,-83.7494,260
47.1686,-88.4889,270
25.6475,-80.4331,250
37.6928,-121.8144,290
35.0419,-106.6156,310
32.7667,-97.4500,10
38.8853,-79.8528,280
33.1281,-117.2794,230
41.8678,-84.0794,230
33.5656,-86.7450,270
44.8664,-91.4878,290
40.3161,-78.8339,250
37.3711,-118.3581,130
47.7472,-90.3444,330
40.2769,-74.8158,100
45.6208,-122.6572,290
30.5069,-86.9597,230
34.2167,-119.0833,220
33.1783,-86.7817,300
34.8536,-116.7858,280
32.2622,-107.7206,210
32.9733,-97.3181,10
39.1019,-121.5678,170
37.7461,-97.2211,330
35.5144,-108.7939,290
48.6033,-112.3753,360
42.3914,-96.3792,330
31.8111,-106.3758,210
34.4978,-82.7097,210
8.7333,167.7333,90
29.6222,-95.6564,30
38.5714,-90.1572,290
46.0261,-91.4442,280
34.9869,-81.0575,230
36.0167,-102.5500,360
44.0219,-82.7931,140
45.2486,-122.7686,340
36.9647,-86.4239,250
40.8731,-81.8867,240
36.2833,-94.3000,310
39.1353,-96.6778,330
39.8233,-93.5792,300
36.2667,-93.1567,280
7.4500,151.8333,200
47.4667,-87.8833,340
29.9506,-94.0206,360
30.4636,-88.5319,210
47.2675,-122.5761,360
32.5161,-84.9422,220
35.0678,-77.0481,200
35.1350,-90.2344,310
36.7683,-96.0261,360
35.2100,-99.1200,190
40.3547,-79.9217,240
35.6542,-105.1419,290
26.5850,-81.8614,220
60.7850,-161.8292,170
44.5483,-95.0803,310
48.7167,-94.6000,310
47.0339,-120.5303,320
55.2208,-162.7325,220
44.9319,-93.0556,290
60.4889,-145.4511,230
21.3239,-157.9294,60
39.6014,-116.0056,40
31.8311,-104.8089,70
41.3119,-105.6747,270
37.2958,-81.2078,290
43.2119,-90.1814,280
43.5878,-96.7289,320
31.6072,-110.4281,230
41.1214,-100.6694,300
41.8056,-107.1997,280
35.4319,-82.5375,180
33.8719,-117.9789,190
41.5097,-72.8278,110
41.5333,-71.2833,140
28.4339,-81.3250,330
57.1553,-170.2222,270
39.9914,-82.8808,270
31.4000,-93.2833,10
32.5722,-116.9794,260
37.2622,-104.3378,160
46.1569,-123.8825,290
37.1467,-94.5022,320
45.5908,-122.6003,320
32.7336,-117.1831,270
43.5667,-116.2406,320
32.6808,-96.8681,350
33.6883,-112.0817,240
36.5728,-79.3361,230
41.3714,-73.4828,90
34.6081,-79.0592,210
47.0492,-109.4578,320
38.1386,-78.4530,190
40.8217,-72.8689,120
38.7525,-90.3736,280
43.0206,-102.5183,300
56.6000,-169.5650,260
40.9781,-124.1086,230
35.3331,-94.3625,290
30.7439,-95.5861,340
32.5156,-92.0406,330
44.8889,-116.1017,320
46.9006,-95.0678,310
41.7872,-111.8533,190
42.7611,-87.8136,270
39.4839,-119.7711,290
38.9408,-77.4636,100
36.7800,-119.7194,310
37.4389,-105.8614,360
35.5342,-97.6469,320
34.7675,-114.6189,230
42.1928,-89.0931,290
38.0511,-117.0903,280
46.8706,-68.0172,160
39.3450,-81.4392,240
44.0511,-101.6011,330
34.6719,-82.8864,270
42.4167,-87.8667,270
38.0653,-97.8606,310
17.7028,-64.8056,110
43.8339,-111.8045,200
34.8994,-120.4486,310
58.3567,-134.5639,100
30.2050,-91.9875,330
44.9050,-123.0011,300
38.7667,-104.3000,270
42.2667,-84.4667,230
40.7342,-73.4169,100
41.3103,-95.8992,310
44.7694,-106.9689,330
41.5272,-85.7922,250
43.7331,-103.6114,280
37.6544,-97.4425,320
48.3500,-122.6667,270
30.4000,-86.4717,340
39.1258,-123.2008,180
40.5100,-101.6200,320
44.6381,-90.1875,320
45.0133,-84.7014,240
40.6161,-83.0636,260
44.0206,-117.0128,250
44.1278,-123.2206,10
29.3331,-89.4075,210
46.3583,-104.2500,320
40.6386,-73.7622,100
29.3389,-98.4719,60
43.0661,-108.4767,80
39.4203,-83.8217,250
38.3775,-121.9575,200
42.1244,-86.4267,240
47.9428,-97.1839,330
41.9144,-88.2464,260
35.6950,-101.3950,200
41.6117,-90.5808,300
48.5614,-93.3981,290
39.8447,-89.6839,270
67.7317,-164.5483,150
31.4208,-110.8458,210
41.2639,-72.8872,90
36.0969,-79.9433,210
31.3347,-92.5586,320
41.3461,-82.1794,230
33.3633,-84.5658,260
34.2622,-88.7714,270
41.2433,-76.9217,260
33.9786,-98.4928,160
30.6264,-88.0681,310
44.0433,-103.0536,350
41.4653,-90.5233,280
47.5303,-122.3008,320
30.7044,-87.0231,190
38.3406,-75.5103,180
35.6169,-106.0889,260
39.7556,-82.6572,250
31.8456,-86.6108,240
45.8258,-119.2611,170
26.1658,-97.3458,30
41.1389,-75.3794,280
32.8547,-109.6353,300
43.9922,-76.0217,160
36.4486,-103.1539,270
39.2292,-106.3169,300
34.2006,-118.3575,200
39.4019,-77.9844,320
39.4494,-74.5672,140
35.0169,-80.6206,220
36.0719,-115.1633,190
40.1936,-76.7633,310
30.3433,-89.8222,320
42.4700,-71.2894,90
30.4844,-81.7019,280
46.8369,-92.2097,290
29.1097,-95.4619,20
42.1578,-72.7161,360
42.8914,-73.2469,130
36.8167,-76.0333,250
44.3814,-106.7211,350
29.9933,-90.2511,310
32.6636,-97.0939,350
42.8939,-85.5447,250
41.3325,-122.3328,290
19.7356,-156.0489,70
35.2333,-101.7089,200
33.6361,-91.7556,320
41.7781,-80.6958,250
30.0481,-102.2131,100
43.4075,-94.7461,310
42.1094,-77.9919,160
42.5906,-117.8644,280
41.5886,-83.8014,230
63.9944,-145.7214,190
40.6239,-74.6694,110
31.8606,-86.0122,200
41.3275,-72.0494,140
42.5842,-70.9175,100
42.3606,-71.0106,140
41.0731,-71.9233,110
40.7939,-73.1017,110
42.1469,-121.7242,340
21.9839,-159.3405,60
39.5703,-104.8489,340
45.6308,-89.4653,270
27.9619,-82.5403,300
42.8375,-103.0953,310
35.5931,-88.9167,280
35.6567,-95.3614,310
46.3747,-117.0156,200
32.8192,-97.3614,350
44.6500,-73.4667,160
39.5264,-107.7264,260
9.4833,138.0833,80
46.7708,-100.7603,320
32.8667,-117.1333,270
32.5500,-88.5667,270
37.5908,-83.3131,270
48.1203,-123.4983,290
47.6458,-101.4394,330
45.6983,-110.4408,270
26.2500,-80.1083,270
39.9369,-91.1919,300
39.2953,-114.8467,320
45.5406,-122.9486,300
32.1300,-81.2100,220
43.9042,-92.4917,320
43.1406,-89.3453,310
43.2389,-123.3547,320
40.8206,-76.8642,300
43.4133,-124.2436,340
39.2956,-80.2289,290
31.4583,-109.6061,220
38.1417,-76.4292,130
37.9917,-122.0550,250
43.2781,-70.9222,100
37.2353,-93.4003,280
44.3981,-98.2231,330
37.6703,-95.4842,310
32.3347,-88.7442,280
46.9258,-98.6692,330
26.1522,-81.7753,230
48.5222,-123.0231,230
40.1203,-76.2944,110
34.2097,-118.4892,140
34.5583,-98.4172,10
35.6875,-117.6931,170
40.0972,-92.5433,280
42.1997,-75.9850,130
28.4567,-99.2183,70
37.9272,-100.7247,270
55.5800,-133.0750,220
41.9097,-70.7294,140
71.2833,-156.7814,80
-14.3306,-170.7136,250
31.3500,-85.6667,210
40.8097,-124.1603,290
44.3675,-71.5450,150
34.2675,-77.8997,190
37.1319,-76.4930,210
43.8789,-91.2528,320
61.1689,-150.0278,150
43.7667,-98.0333,320
35.0311,-85.2014,260
32.4506,-93.8411,320
39.5936,-84.2264,240
39.1667,-76.6833,160
42.0572,-102.8000,300
33.4050,-118.4158,240
40.0489,-107.8853,270
33.1803,-96.5903,360
35.0028,-105.6628,280
26.2281,-97.6542,40
33.9381,-118.3889,260
36.8781,-91.9025,300
44.2558,-121.1392,30
28.7797,-81.2436,330
40.7083,-84.0267,230
38.6956,-121.5897,170
33.9228,-118.3342,250
44.2033,-72.5794,160
41.6328,-91.5431,300
38.5039,-122.8103,160
46.9253,-96.8111,330
40.8764,-74.2831,90
47.9375,-124.5550,320
41.6764,-70.9583,140
41.7072,-86.3164,240
34.3622,-98.9761,330
38.3000,-76.4167,150
42.7172,-71.1239,90
41.3336,-75.7269,130
46.5683,-120.5428,260
41.9922,-93.6217,330
41.5175,-81.6836,230
34.7442,-87.5997,250
32.6847,-83.6528,210
31.9514,-85.1289,160
36.0236,-84.2375,270
34.5183,-109.3792,250
33.2119,-87.6161,260
40.0228,-82.4625,220
22.0333,-159.7833,340
70.6392,-159.9950,60
42.9550,-87.9044,280
40.9017,-117.8081,290
46.0947,-118.2869,70
43.3436,-72.5178,100
38.3083,-75.1239,130
38.9833,-76.4667,160
39.0083,-95.2117,320
34.8822,-95.7831,340
41.0375,-81.4642,230
38.1811,-85.7392,290
38.9597,-94.3714,290
39.5781,-85.8033,260
41.2531,-70.0608,130
34.9000,-76.8833,220
45.6478,-68.6925,130
39.8250,-86.2958,280
42.8975,-106.4636,330
37.2839,-98.5528,320
39.0431,-84.6717,280
42.4092,-83.0100,240
59.5119,-139.6711,170
34.8461,-82.3461,340
34.2719,-83.8303,280
32.8986,-80.0403,240
40.7833,-91.1253,310
35.9508,-85.0814,260
36.9500,-76.2833,140
28.8208,-81.8097,330
38.2900,-104.4983,50
28.0836,-97.0464,30
47.6217,-117.5281,250
34.7272,-92.2389,320
40.8203,-82.5178,200
36.1336,-80.2222,220
42.9333,-71.4383,80
45.8678,-95.3942,310
44.5169,-108.0822,350
41.1519,-104.8061,330
48.2553,-101.2733,310
62.9575,-155.6103,210
45.5464,-100.4078,330
43.1644,-95.2017,300
34.0158,-118.4514,220
44.5228,-114.2150,10
39.6728,-75.6008,80
44.5344,-72.6144,210
41.1783,-78.8989,240
37.9406,-75.4631,160
44.7978,-68.8186,130
36.4731,-82.4044,240
37.7081,-77.4344,190
42.5708,-77.7133,150
36.6950,-76.1356,170
37.2833,-102.6139,180
41.1078,-92.4467,320
45.1947,-123.1339,210
29.1828,-81.0483,310
34.7411,-118.2117,240
30.3567,-95.4139,10
41.3375,-84.4289,220
31.9206,-102.3867,100
39.7075,-86.2803,260
34.0511,-118.2353,280
33.6267,-116.1594,320
38.7550,-109.7542,60
32.4106,-99.6822,150
40.2964,-78.3203,260
33.8281,-116.5053,320
36.1189,-86.6892,270
39.3756,-99.8297,330
24.7258,-81.0517,190
40.9611,-98.3136,310
27.4981,-80.3767,270
32.6500,-114.6167,190
61.5961,-149.0917,150
40.3667,-75.9667,280
35.9403,-89.8308,310
35.0564,-89.9864,290
34.7917,-79.3661,210
35.8517,-97.4142,290
46.4047,-94.1308,290
27.5333,-99.4667,40
37.5050,-77.3203,190
40.4422,-109.5144,210
40.0681,-118.5692,310
36.7367,-97.1019,350
40.0803,-95.5919,280
43.6497,-70.3003,110
40.2064,-100.5914,320
36.2117,-115.1958,210
30.4781,-87.1869,210
33.9481,-83.3275,170
41.7803,-124.2367,190
38.9503,-95.6639,310
42.6425,-77.0564,250
33.2061,-97.1989,10
36.9358,-121.7886,240
62.1592,-145.4589,150
55.3567,-131.7117,140
40.2342,-85.3936,270
45.5511,-122.4089,260
44.5444,-110.4211,280
47.4933,-122.2144,310
41.0089,-74.7367,100
37.3278,-95.5042,310
40.0397,-88.2778,270
43.2339,-75.4117,110
37.7064,-112.1456,310
34.6525,-86.9453,260
44.1708,-114.9272,320
37.3208,-79.2067,190
70.1917,-148.4772,100
39.2447,-102.2842,320
39.0725,-95.6261,320
33.6186,-114.7142,180
36.7725,-90.3247,320
42.4933,-79.2722,150
30.7167,-87.0167,220
42.2228,-83.7444,250
45.0717,-83.5644,210
62.3200,-150.0950,180
39.5514,-97.6508,320
38.6572,-90.6558,280
34.2486,-82.1592,220
29.7333,-85.0333,280
39.9444,-81.8922,200
40.4953,-107.5211,350
35.8311,-90.6464,270
31.1522,-81.3908,240
46.4794,-84.3572,120
42.1128,-92.9175,310
31.1828,-90.4708,320
44.4983,-88.1111,260
37.4058,-122.0481,350
44.9258,-89.6256,280
45.8069,-108.5422,360
35.4344,-119.0542,290
41.7806,-122.4717,360
59.2433,-135.5094,110
41.2731,-111.0306,290
43.3906,-99.8422,310
45.2575,-112.5545,120
59.4556,-135.3239,210
47.6831,-117.3214,240
29.3783,-100.9269,130
38.0408,-84.6058,270
37.6542,-122.1150,290
41.4525,-87.0058,260
32.3336,-104.2581,140
47.3864,-92.8389,310
41.8706,-103.5931,330
48.0944,-105.5744,330
42.8783,-100.5500,330
42.0800,-80.1825,150
38.8100,-104.6883,10
29.5189,-95.2417,30
35.3889,-97.6006,330
21.1544,-157.0961,50
38.2103,-122.2847,270
34.2900,-93.0600,300
48.2138,-106.6213,340
34.1853,-79.7239,220
39.4519,-87.3089,260
39.3644,-84.5247,240
32.3500,-91.0278,290
46.1236,-67.7928,140
35.9461,-112.1547,20
48.5428,-109.7633,310
45.4622,-69.5953,140
43.3500,-73.6167,50
47.2856,-68.3133,160
48.4608,-119.5167,360
40.8500,-74.0614,290
34.4258,-119.8425,260
44.7408,-85.5825,270
39.8328,-104.6575,170
28.0622,-81.7542,330
45.4558,-98.4131,340
30.3208,-97.7603,360
41.4914,-120.5644,320
33.6800,-117.8664,220
34.2008,-119.2069,280
45.0319,-102.0192,330
33.5872,-85.8556,240
33.4825,-90.9853,320
29.7036,-98.0281,50
42.2314,-83.3308,200
38.5050,-107.8975,130
44.8322,-93.4706,300
64.3267,-158.7417,220
42.8050,-72.0036,110
34.9914,-78.8803,220
24.5550,-81.7522,180
39.9061,-84.2186,260
42.2706,-71.8731,80
47.2381,-123.1408,240
42.1208,-87.9047,270
27.5000,-97.8167,20
34.6294,-118.0836,230
61.2169,-149.8550,200
43.1544,-93.3269,310
32.1314,-110.9553,260
40.6825,-74.1694,90
37.7836,-81.1231,210
43.3497,-76.3847,130
36.6636,-121.6081,290
38.8761,-98.8092,290
36.0394,-95.9844,340
35.6697,-120.6283,200
34.0561,-117.6003,230
40.1606,-113.3508,80
38.8169,-92.2183,280
34.7436,-118.7242,180
37.3031,-108.6275,300
43.9636,-69.7117,100
39.8344,-88.8656,280
30.7406,-98.2353,10
27.9106,-82.6875,310
30.5372,-91.1469,300
32.7000,-117.2000,290
34.9883,-117.8647,230
19.7192,-155.0531,80
27.7628,-82.6261,340
42.1594,-76.8919,130
66.0689,-162.7639,150
42.4819,-114.4869,180
25.9156,-97.4186,30
33.8117,-78.7239,210
33.4536,-94.0075,340
35.7425,-81.3819,200
41.4333,-99.6333,310
30.4119,-89.0808,310
37.3592,-121.9239,300
35.2578,-113.9331,220
41.7419,-72.1836,150
38.8317,-94.8897,290
35.9333,-79.0642,260
44.3592,-84.6739,270
32.2997,-86.4075,290
43.7694,-87.8506,280
42.5700,-72.2911,110
44.9047,-97.1494,340
37.2253,-89.5706,300
32.7100,-96.2672,320
44.9358,-74.8458,150
42.5417,-113.7661,220
41.6686,-70.2800,110
39.1894,-103.7158,10
40.7781,-111.9694,310
41.5092,-74.2650,80
64.8039,-147.8761,250
6.9667,158.2167,240
39.9492,-74.8417,110
36.7436,-108.2292,350
44.5761,-71.1786,130
25.9989,-80.2411,260
57.0481,-135.3647,190
36.1994,-95.8872,320
42.7972,-105.3856,320
59.7494,-154.9089,230
38.8483,-77.0342,180
39.4781,-88.2803,280
41.8756,-71.0211,130
45.0619,-93.3508,280
30.3361,-81.5147,300
45.5114,-118.4247,10
40.8436,-72.6322,120
7.3333,134.4833,100
41.8833,-91.7167,310
26.9172,-81.9914,240
32.8519,-96.8556,10
15.1167,145.7167,80
31.7800,-103.2017,140
41.0467,-78.4117,290
42.5519,-71.7558,100
64.5111,-165.4400,100
41.5339,-93.6531,310
37.7086,-113.0944,200
37.7214,-122.2208,280
46.9733,-122.9033,340
33.7792,-84.5214,230
31.3214,-85.4497,190
36.9261,-111.4478,10
42.5950,-87.9381,270
35.8922,-78.7819,180
24.5833,-81.6833,180
36.3333,-119.9500,340
42.3978,-90.7036,290
46.7994,-102.7972,330
31.5358,-82.5067,220
30.3975,-84.3289,260
32.8978,-97.0189,340
38.8500,-94.7392,310
28.1011,-80.6439,320
46.7439,-117.1086,320
60.5797,-151.2392,210
31.3928,-92.2956,290
27.7411,-98.0247,40
30.3503,-81.8831,280
38.1311,-91.7683,290
45.5433,-94.0514,300
36.1625,-97.0894,330
47.9742,-117.4283,230
43.5164,-112.0672,200
44.8831,-93.2289,320
35.2236,-80.9553,210
39.3792,-74.4242,140
33.2208,-92.8142,330
33.4964,-90.0867,310
34.5467,-93.5781,310
30.6794,-88.2397,280
41.9950,-87.9336,270
39.2775,-120.7103,260
37.3169,-79.9742,290
32.5428,-93.7450,300
29.6333,-83.1053,270
33.9519,-117.4386,280
40.4847,-80.2144,210
33.9753,-117.6361,240
36.2606,-76.1750,230
47.4569,-115.6450,320
41.8031,-78.6403,130
40.2383,-75.5572,90
35.2578,-93.0947,280
45.8183,-88.1144,300
45.6044,-103.5464,330
38.1847,-84.9033,250
39.1333,-86.6167,280
40.2172,-76.8514,100
37.1431,-107.7597,300
48.3042,-114.2636,180
38.7042,-93.1833,280
47.4444,-122.3139,50
30.7797,-86.5225,200
41.2544,-80.6739,260
32.7817,-98.0603,40
33.2194,-117.3494,240
44.3206,-69.7972,120
33.4617,-80.8581,210
33.3644,-81.9633,210
31.5356,-84.1944,210
45.7728,-122.8611,350
33.6228,-111.9106,310
43.1167,-77.6767,160
30.1250,-93.2158,350
21.4500,-157.7833,70
43.9844,-88.5569,290
34.9894,-99.0525,160
36.5881,-121.8453,240
43.1111,-76.1039,100
31.6189,-97.2283,350
28.8614,-96.9303,10
27.4014,-82.5586,280
31.3558,-85.7511,220
40.1667,-103.2167,310
