45.8981,-86.5483,67
46.2314,-112.1136,357
39.4206,-79.0050,60
47.2753,-88.4169,90
40.1100,-87.9567,270
39.7506,-92.5064,98
30.5347,-94.4456,240
41.8161,-80.4250,160
41.0103,-103.8769,315
39.7750,-105.1169,30
40.5764,-105.0858,8
39.7194,-76.8028,140
45.6656,-97.0392,315
44.4933,-68.4583,90
34.6242,-106.3103,360
34.2183,-116.4072,110
34.1206,-115.8500,158
45.4525,-99.3358,360
47.0083,-88.4317,112
41.7392,-77.9711,180
39.0733,-93.7075,270
39.6442,-74.8072,19
40.9656,-105.2186,340
61.2967,-149.4400,90
39.1439,-103.4897,20
40.8600,-102.8031,315
48.0750,-111.2597,315
48.9981,-110.2158,345
40.6558,-97.2208,340
35.0761,-89.7430,240
41.2847,-105.5319,337
