35.2342,-93.1675,1
34.1944,-79.2472,1
27.4981,-80.3767,1
36.0167,-102.5500,1
39.1742,-86.5214,1
40.3667,-75.9667,1
42.4647,-79.0031,1
30.9539,-85.8831,1
25.9069,-80.2803,1
32.3550,-93.8619,1
42.4272,-73.2892,1
34.6033,-91.9928,1
36.2747,-91.5056,1
40.8208,-76.4983,1
38.5050,-107.8975,1
35.8550,-94.0203,1
40.0500,-76.2742,1
40.1306,-99.8278,1
28.5453,-81.3331,1
38.7297,-98.2250,1
35.6350,-78.3981,1
38.7642,-87.6056,1
35.3050,-93.8767,1
34.3942,-104.2503,1
34.6350,-81.5206,1
37.9483,-83.4825,1
42.3108,-78.0231,1
34.4047,-82.2489,1
39.6728,-75.6008,1
35.2683,-91.7164,1
38.3794,-81.5900,1
38.4844,-93.2556,1
35.7214,-92.6961,1
35.4156,-91.6469,1
26.8639,-80.6256,1
32.3492,-93.2014,1
32.4219,-93.6381,1
36.1014,-87.2847,1
35.3553,-96.9203,1
39.1467,-75.5056,1
28.7797,-81.2436,1
35.4467,-83.4622,1
35.8444,-92.0978,1
35.0931,-93.9258,1
32.6997,-93.6619,1
38.8483,-77.0342,1
39.7772,-98.7783,1
30.7044,-87.0231,1
34.7281,-90.3683,1
39.9964,-79.0833,1
37.4664,-96.2714,1
43.0514,-91.1350,1
29.7286,-92.8181,1
36.2642,-90.9683,1
37.1186,-82.8281,1
37.2364,-95.7003,1
33.8300,-88.5214,1
36.9647,-86.4239,1
43.0453,-92.3122,1
43.0219,-78.8467,1
40.4517,-99.3803,1
33.8203,-93.3878,1
41.2433,-76.9217,1
36.9933,-82.9867,1
35.5953,-82.5567,1
32.3919,-93.7803,1
36.1092,-92.1636,1
35.2236,-80.9553,1
40.6386,-73.7622,1
42.0356,-92.5806,1
37.3833,-96.0814,1
38.3614,-98.8281,1
35.7425,-81.3819,1
40.7939,-73.1017,1
35.8922,-78.7819,1
27.9619,-82.5403,1
37.3208,-79.2067,1
29.7333,-85.0333,1
40.2964,-78.3203,1
37.0203,-96.1753,1
38.8969,-78.4678,1
41.1389,-75.3794,1
37.0872,-84.0769,1
39.2231,-106.8683,1
37.7836,-81.1231,1
41.2544,-80.6739,1
38.8700,-87.0917,1
40.3333,-76.4667,1
28.1011,-80.6439,1
29.1828,-81.0483,1
33.2844,-79.6964,1
33.0367,-80.2325,1
39.5894,-89.4556,1
34.3950,-80.0486,1
26.2500,-80.1083,1
41.3336,-75.7269,1
36.4486,-103.1539,1
30.7342,-85.0306,1
26.6847,-80.0994,1
41.5631,-78.6014,1
41.0669,-73.7075,1
39.0589,-101.2439,1
30.3489,-85.7881,1
43.1111,-76.1039,1
42.7431,-73.8092,1
40.7794,-73.8803,1
38.9408,-77.4636,1
34.8822,-91.2153,1
34.6847,-81.1958,1
41.1783,-78.8989,1
38.1847,-84.9033,1
45.3172,-85.2672,1
27.6531,-80.2428,1
39.7808,-79.0411,1
40.4681,-78.7289,1
27.7628,-82.6261,1
40.6825,-74.1694,1
40.4719,-81.4236,1
34.3947,-92.8364,1
42.4422,-76.7586,1
38.8694,-117.9230,1
34.6525,-86.9453,1
33.8586,-89.3158,1
33.7792,-84.5214,1
37.8658,-97.6647,1
36.7458,-84.1753,1
35.9508,-85.0814,1
37.8300,-84.0347,1
35.0311,-85.2014,1
36.6239,-87.4194,1
36.3694,-92.5772,1
37.0875,-82.9925,1
34.6439,-86.7861,1
41.2486,-76.9833,1
38.9886,-85.5858,1
32.5511,-92.9186,1
35.7636,-86.9322,1
36.9861,-94.3553,1
34.2528,-82.0350,1
42.1997,-75.9850,1
42.6856,-78.2203,1
34.4978,-82.7097,1
37.5194,-97.3142,1
35.7072,-82.0289,1
39.8683,-75.2311,1
34.9092,-87.2747,1
39.1667,-76.6833,1
38.5019,-94.9597,1
37.2958,-81.2078,1
26.1522,-81.7753,1
39.3450,-81.4392,1
35.1033,-92.4903,1
40.5228,-78.3694,1
37.4347,-97.3922,1
27.4014,-82.5586,1
38.1150,-85.6444,1
38.0422,-78.0061,1
41.6267,-73.8842,1
36.0111,-91.4328,1
36.1189,-86.6892,1
37.3931,-97.3497,1
40.0589,-77.5214,1
42.5497,-78.5767,1
42.9486,-78.7369,1
31.8142,-93.0856,1
28.8208,-81.8097,1
34.8492,-89.1597,1
38.2553,-110.1800,1
34.3478,-85.1611,1
35.1525,-88.3214,1
38.2186,-83.1431,1
36.7458,-86.2258,1
38.0442,-87.5206,1
36.8275,-85.8975,1
41.1314,-81.4492,1
33.5656,-86.7450,1
34.2719,-83.8303,1
36.4583,-86.3239,1
34.1925,-86.7972,1
30.2503,-94.1786,1
37.6475,-96.0781,1
39.7078,-77.7297,1
38.7978,-99.7231,1
38.2281,-85.6636,1
31.9514,-85.1289,1
42.9311,-93.7933,1
38.9000,-77.2664,1
38.1353,-96.1400,1
35.1842,-87.0422,1
38.8472,-91.9414,1
34.2622,-88.7714,1
31.3972,-81.2811,1
37.3169,-79.9742,1
40.3161,-78.8339,1
33.0725,-82.0061,1
34.7844,-93.9786,1
31.5356,-84.1944,1
35.8317,-87.4219,1
39.7333,-77.4333,1
37.1025,-82.8047,1
35.3072,-92.7325,1
36.4197,-90.5858,1
28.4339,-81.3250,1
39.6419,-78.7561,1
40.2847,-100.1433,1
34.3267,-94.4122,1
34.7442,-87.5997,1
41.1042,-97.3094,1
36.5728,-79.3361,1
31.8075,-94.1642,1
43.1167,-77.6767,1
35.4606,-81.3289,1
36.5764,-92.6767,1
30.3975,-84.3289,1
31.1417,-93.2397,1
34.8831,-82.2203,1
34.6736,-86.0536,1
40.1936,-76.7633,1
39.4700,-80.8572,1
29.6919,-82.2756,1
25.9989,-80.2411,1
27.5706,-82.1378,1
36.0717,-91.6169,1
34.1231,-84.8486,1
35.1072,-82.6256,1
40.4950,-78.4667,1
38.1386,-78.4530,1
38.9286,-104.8661,1
35.3253,-81.5325,1
26.1969,-80.1708,1
41.1583,-73.1289,1
35.1647,-88.5994,1
40.5033,-97.9372,1
33.8750,-84.3022,1
37.5908,-83.3131,1
37.2889,-96.9408,1
37.0856,-87.4986,1
34.7636,-82.1061,1
35.2983,-86.3631,1
35.3883,-89.3717,1
43.4622,-76.4933,1
36.3661,-85.6553,1
38.8894,-86.5519,1
31.7672,-84.7931,1
37.2317,-86.6867,1
32.3500,-94.6500,1
25.7906,-80.3164,1
37.7272,-80.6592,1
35.5128,-91.9956,1
35.4319,-82.5375,1
35.5194,-93.1972,1
