46.7603,-117.1861,10
34.3961,-89.7903,84
29.4608,-101.0286,124
40.1167,-76.4333,-432
34.1419,-80.8700,112
40.2842,-109.8611,124
43.8544,-116.4664,61
26.1781,-97.9708,102
39.0172,-92.7558,43
38.7978,-99.7231,119
40.1739,-101.0611,86
31.9611,-96.6881,81
38.4661,-101.7758,188
31.6164,-94.6431,76
39.2475,-96.5994,74
42.7467,-71.0425,13
32.2631,-96.6369,94
46.7047,-92.5253,2065
31.3625,-85.3397,221
45.9228,-108.2444,79
32.9203,-94.7225,114
36.5575,-105.2628,495
35.6214,-88.8456,18
37.3822,-102.2986,8
37.7967,-121.5828,132
26.8400,-81.0872,0
31.6003,-97.2169,84
41.6661,-111.8914,97
48.4983,-109.8014,4394
46.0436,-118.4628,84
32.7547,-104.3836,140
36.4622,-116.8669,229
31.8456,-99.5606,117
27.4272,-80.4053,0
44.8831,-85.6753,84
37.0683,-88.7725,48
30.5467,-87.8808,64
33.7542,-99.1442,117
35.9328,-88.7267,61
40.1100,-87.9567,30
44.1183,-121.2103,38
40.1550,-103.1417,86
31.8611,-97.3750,150
41.0267,-86.5867,43
32.2683,-101.4858,145
40.7833,-81.9167,46
31.0619,-94.1011,71
37.1503,-104.5567,64
33.7092,-93.5564,64
37.2792,-86.2492,30
36.0147,-85.1314,43
39.9000,-98.0256,300
37.9931,-100.8122,142
40.2539,-85.1483,38
34.7675,-106.7611,81
34.6603,-82.8236,58
30.6836,-97.7172,61
42.8767,-77.0308,46
32.4219,-93.6381,97
35.3872,-76.7764,218
35.1131,-89.2122,66
25.8175,-80.2858,23
30.7189,-97.3211,86
64.8569,-147.8611,30
38.2597,-104.7169,122
38.6450,-95.5661,99
41.4439,-86.9294,28
32.9506,-97.0553,33
39.8114,-99.9386,239
34.7281,-90.3683,58
44.2394,-95.3153,53
38.6644,-94.8900,102
40.5764,-105.0858,89
38.6078,-97.9597,155
37.9050,-93.3169,43
28.4675,-98.2525,94
43.4033,-103.2683,71
39.7506,-92.5064,71
35.1108,-81.9675,86
36.9969,-119.7072,114
40.2458,-111.6508,97
38.8586,-99.3358,74
38.7403,-104.3994,348
38.9408,-95.3397,74
61.5664,-149.2542,15
46.7281,-116.9558,66
40.7142,-122.4161,107
36.1056,-82.8436,79
35.8819,-83.9572,79
42.9592,-120.7897,66
42.0208,-93.7742,74
37.3806,-107.5811,74
26.5581,-99.1372,0
35.4139,-86.8086,97
39.1172,-95.4097,61
32.3378,-89.0817,61
42.4492,-76.4492,69
34.8847,-99.2964,107
38.4931,-122.0047,104
38.0047,-120.4864,107
28.6575,-96.5553,79
43.5492,-71.4647,533
48.7178,-122.5114,28
35.2006,-103.6867,119
33.4311,-90.9108,64
34.5989,-103.2161,114
35.6414,-106.3322,43
39.0303,-76.9314,66
37.5147,-122.0325,71
47.6811,-117.6267,76
28.0372,-97.8725,86
26.3769,-98.8117,102
35.6872,-90.0964,48
34.5697,-93.1947,69
35.7047,-101.5492,114
31.9497,-91.2336,91
35.0489,-97.9158,109
44.0708,-93.5264,518
32.9206,-86.6708,638
32.6406,-96.9747,112
44.7764,-108.7592,229
31.9633,-98.4942,91
32.8964,-107.3078,140
38.5039,-95.7036,91
36.2403,-106.4278,43
34.1981,-101.7461,114
34.5822,-119.9817,102
30.7053,-104.0233,71
44.9847,-93.1772,64
31.0372,-97.5283,86
29.8608,-98.1958,81
40.8250,-92.8925,48
41.9342,-88.7756,20
31.3706,-100.4942,117
33.6897,-101.8219,338
44.0622,-103.4819,51
45.6911,-118.8522,94
32.8522,-95.8864,91
36.5508,-114.4581,170
36.3444,-88.8636,58
41.2986,-80.7647,551
29.6211,-96.3661,66
38.5350,-121.7761,97
38.9667,-98.4889,102
36.4711,-86.8414,48
43.0431,-96.9033,43
30.3367,-96.5403,86
30.2003,-92.6642,51
36.6897,-108.3086,66
40.4719,-74.4364,64
44.3089,-85.2050,69
41.9928,-71.1667,23
31.8769,-105.2369,0
33.1461,-107.1842,137
35.1297,-89.8036,89
39.2494,-106.3714,51
36.8047,-107.6214,201
47.0022,-118.5658,97
30.8408,-89.5453,0
34.9881,-120.3211,76
45.5900,-95.8744,300
40.4750,-86.9919,38
39.0936,-106.3514,66
39.3925,-101.0689,165
42.9536,-112.8253,86
34.1381,-88.9983,71
40.7264,-122.7947,86
47.0575,-109.9514,140
45.6750,-111.1550,46
33.6731,-111.1508,150
30.0689,-94.2928,71
40.0892,-99.2133,91
33.0642,-101.0489,170
18.2583,-65.9922,66
33.6772,-93.9903,147
42.1397,-87.7853,5
45.4825,-120.7236,94
36.5928,-106.7300,38
26.2656,-97.8714,132
33.9544,-102.7783,114
33.0353,-96.4861,175
32.2822,-106.7597,84
42.1231,-111.3133,86
40.6117,-122.5281,76
31.2022,-93.5725,69
44.3253,-96.7686,43
38.4917,-122.1242,74
28.7156,-97.1742,53
33.4692,-88.7822,64
33.2564,-81.2422,86
35.7197,-86.9653,71
39.5039,-98.3150,254
33.4258,-111.9217,81
44.6342,-123.1900,46
37.7617,-117.5658,170
35.3886,-106.5439,112
39.3903,-94.5553,74
39.0744,-96.8983,114
35.4072,-104.1906,109
40.3708,-81.7908,213
40.2233,-86.1086,28
40.7131,-79.5144,38
33.4594,-104.4042,391
37.6967,-93.7722,71
35.1161,-93.6506,201
28.4575,-97.7061,3
39.0422,-108.4664,325
32.8242,-95.5275,89
33.1481,-95.6269,114
39.4031,-99.4192,127
34.1864,-90.5572,140
46.8706,-68.0172,13
34.6033,-104.3811,142
