32.2822,-106.7597,283
45.9228,-108.2444,278
44.1183,-121.2103,256
48.4983,-109.8014,278
40.7833,-81.9167,283
47.6811,-117.6267,183
40.0892,-99.2133,300
38.5039,-95.7036,178
30.2003,-92.6642,367
42.7467,-71.0425,300
42.9592,-120.7897,311
39.0422,-108.4664,256
45.6750,-111.1550,278
61.5664,-149.2542,211
44.7764,-108.7592,267
33.7542,-99.1442,228
35.2006,-103.6867,306
29.4608,-101.0286,367
34.9881,-120.3211,267
37.6967,-93.7722,322
30.7053,-104.0233,272
44.0622,-103.4819,172
46.7281,-116.9558,244
40.2233,-86.1086,278
40.4750,-86.9919,278
26.8400,-81.0872,333
40.6117,-122.5281,356
36.5575,-105.2628,206
39.3925,-101.0689,278
26.5581,-99.1372,261
46.6722,-120.4994,306
39.2494,-106.3714,156
38.5350,-121.7761,294
42.3806,-96.9575,272
37.7967,-121.5828,306
43.5492,-71.4647,256
39.9000,-98.0256,317
39.6619,-99.1228,294
35.0489,-97.9158,250
35.6214,-88.8456,278
40.1167,-76.4333,344
48.7178,-122.5114,256
34.0828,-106.8831,261
34.5822,-119.9817,300
36.4711,-86.8414,233
38.0047,-120.4864,322
38.8586,-99.3358,278
42.1397,-87.7853,283
45.6911,-118.8522,272
42.1231,-111.3133,211
34.7675,-106.7611,267
37.3806,-107.5811,111
41.9342,-88.7756,278
34.5989,-103.2161,261
38.6450,-95.5661,411
47.0575,-109.9514,267
46.7603,-117.1861,306
38.4661,-101.7758,289
46.8706,-68.0172,239
33.6731,-111.1508,322
37.1503,-104.5567,272
39.0303,-76.9314,294
40.2539,-85.1483,283
36.6897,-108.3086,239
36.8047,-107.6214,233
36.5508,-114.4581,300
37.7617,-117.5658,289
40.2458,-111.6508,272
37.9050,-93.3169,206
40.1739,-101.0611,239
38.4931,-122.0047,322
46.0436,-118.4628,317
47.7283,-104.1467,406
36.4622,-116.8669,378
39.1172,-95.4097,172
39.4031,-99.4192,311
25.8175,-80.2858,389
42.8767,-77.0308,300
43.8544,-116.4664,289
40.7142,-122.4161,339
45.4825,-120.7236,239
33.7092,-93.5564,300
28.4675,-98.2525,333
47.0022,-118.5658,233
38.7403,-104.3994,228
41.4439,-86.9294,256
35.7197,-86.9653,239
38.4917,-122.1242,278
37.0683,-88.7725,289
35.4072,-104.1906,150
