38.8586,-99.3358,206
43.2828,-123.3536,172
38.9422,-92.3200,200
34.7392,-90.7664,211
34.7986,-96.6692,172
33.8936,-97.2692,172
45.5900,-95.8744,122
36.4231,-99.4167,139
34.2392,-98.7444,178
35.8542,-97.9544,156
36.4711,-86.8414,206
35.3647,-96.9481,178
35.9328,-88.7267,206
35.1228,-99.3600,150
36.1903,-99.0403,144
40.1100,-87.9567,172
41.1453,-85.4897,144
47.0575,-109.9514,100
36.0642,-97.2128,161
34.5872,-99.3381,167
35.8489,-97.4797,161
44.6342,-123.1900,167
36.3842,-98.1114,156
36.1056,-82.8436,183
36.7081,-98.7094,161
34.6892,-86.8819,211
41.8161,-80.4250,161
40.4750,-86.9919,189
34.6089,-96.3331,183
30.5497,-84.5836,278
36.1472,-97.2858,156
36.4119,-97.6939,167
34.1864,-90.5572,206
35.2050,-99.8033,139
39.3669,-101.7000,122
32.2061,-90.5133,250
34.7675,-106.7611,161
31.8769,-105.2369,244
35.4842,-98.4814,144
42.1397,-87.7853,189
45.6750,-111.1550,144
36.7481,-98.3628,156
34.9678,-97.9519,161
39.7194,-76.8028,189
35.1867,-102.0797,156
40.7833,-81.9167,156
35.5461,-99.7278,139
35.1131,-89.2122,228
33.8103,-91.2778,189
35.5083,-98.7750,139
34.7281,-90.3683,211
40.4719,-74.4364,194
34.7292,-98.5694,144
63.9033,-152.2817,33
30.5467,-87.8808,256
34.9897,-99.0528,156
33.7092,-93.5564,206
34.0356,-96.9433,178
31.3625,-85.3397,222
36.1167,-97.6067,156
42.0208,-93.7742,172
35.5914,-99.2706,139
35.1297,-89.8036,222
33.9208,-96.3203,189
34.9142,-98.2922,156
44.9847,-93.1772,144
39.8058,-90.8236,183
35.6214,-88.8456,211
35.8819,-83.9572,211
35.5419,-97.3414,156
34.8494,-97.0031,172
40.0739,-87.5067,211
39.4833,-83.8500,200
34.5289,-97.7647,172
44.2394,-95.3153,144
39.4708,-87.4081,228
36.2872,-88.2958,228
35.1714,-96.6311,183
36.0286,-99.3464,133
44.0708,-93.5264,150
34.9819,-97.5208,178
35.7197,-86.9653,200
35.9986,-97.0481,156
36.8314,-99.6411,144
31.3706,-100.4942,211
32.4714,-87.2314,228
33.4692,-88.7822,228
38.7386,-87.4878,189
34.4397,-99.1375,167
41.0267,-86.5867,200
63.9647,-145.1050,50
34.1678,-97.9883,167
36.3444,-88.8636,206
35.4139,-86.8086,178
31.0383,-85.8708,261
32.8978,-90.8853,233
36.5994,-89.9894,133
34.3325,-96.6789,183
36.1208,-97.0953,161
36.0147,-85.1314,156
33.2422,-103.3611,167
35.6872,-90.0964,206
36.0719,-99.9031,139
36.7256,-99.1422,144
35.1489,-98.4658,167
35.8417,-98.5261,144
35.6528,-96.8042,161
34.1936,-97.5881,167
38.5200,-89.8467,211
38.5350,-121.7761,233
33.3867,-97.7164,211
35.0708,-96.3561,183
35.2358,-97.4647,172
34.7156,-97.2292,183
35.8989,-98.9603,139
34.3997,-98.3458,167
34.5989,-103.2161,122
35.2006,-103.6867,167
41.4439,-86.9294,200
40.7928,-87.7556,111
38.4931,-88.9703,211
32.0997,-91.7022,222
34.1647,-88.7239,178
36.9869,-99.0108,139
40.9361,-90.7197,178
35.4017,-99.0583,139
36.2633,-98.4975,150
35.5483,-98.0364,161
39.3925,-101.0689,150
34.8083,-98.0233,161
34.2281,-97.2014,172
44.8831,-85.6753,167
41.6661,-111.8914,100
34.3086,-95.9969,172
40.2539,-85.1483,206
30.7342,-85.0306,256
32.8472,-97.4761,211
34.5519,-96.7178,172
36.3558,-97.1531,161
31.2353,-88.9186,233
36.7925,-97.7458,167
36.8981,-96.9103,161
34.8219,-89.4347,156
34.1922,-97.0858,183
36.2253,-90.0750,206
36.3925,-89.0317,206
34.4744,-91.4172,167
35.0322,-97.9144,161
31.9461,-90.3775,228
36.6897,-108.3086,122
36.0908,-106.0567,167
34.8358,-99.4239,150
32.4219,-93.6381,244
40.8142,-85.1547,178
29.6211,-96.3661,222
34.5658,-96.9503,183
32.8986,-80.0403,233
31.4269,-94.8942,189
46.7281,-116.9558,172
34.1381,-88.9983,211
35.2722,-97.9553,156
35.3736,-83.7006,156
34.1925,-86.7972,211
45.4825,-120.7236,183
36.7542,-97.2544,167
33.1772,-90.4919,233
