32.8522,-95.8864,36
34.6603,-82.8236,30
18.0331,-67.0722,58
38.0633,-102.9297,33
30.7053,-104.0233,48
40.7142,-122.4161,25
35.6414,-106.3322,38
32.2822,-106.7597,66
18.2583,-65.9922,43
33.8300,-88.5214,0
29.8608,-98.1958,0
28.4675,-98.2525,58
34.1647,-88.7239,0
32.6475,-97.4439,56
31.8611,-97.3750,51
33.6731,-111.1508,51
31.0372,-97.5283,46
40.1550,-103.1417,0
40.1100,-87.9567,0
32.7547,-104.3836,64
32.2683,-101.4858,76
32.4219,-93.6381,33
29.6211,-96.3661,38
31.9611,-96.6881,51
33.1481,-95.6269,46
30.2003,-92.6642,20
32.8242,-95.5275,43
21.3153,-157.9992,76
36.4622,-116.8669,69
36.5508,-114.4581,74
37.7967,-121.5828,18
32.2631,-96.6369,46
35.7047,-101.5492,30
33.3192,-95.6039,28
28.7156,-97.1742,41
31.0619,-94.1011,8
35.1161,-93.6506,13
36.2403,-106.4278,33
28.4575,-97.7061,48
27.4272,-80.4053,0
31.6003,-97.2169,64
30.0689,-94.2928,36
35.3886,-106.5439,41
18.0258,-66.5253,53
28.0372,-97.8725,69
35.3872,-76.7764,5
37.1503,-104.5567,28
38.4917,-122.1242,3
38.5350,-121.7761,20
33.4258,-111.9217,41
36.9969,-119.7072,5
31.6164,-94.6431,61
33.1461,-107.1842,46
31.3625,-85.3397,20
32.6406,-96.9747,33
30.5467,-87.8808,33
32.8964,-107.3078,64
38.4931,-122.0047,20
41.9342,-88.7756,0
31.9633,-98.4942,41
26.2656,-97.8714,20
32.9506,-97.0553,30
33.0353,-96.4861,48
30.7189,-97.3211,48
30.6836,-97.7172,53
30.8408,-89.5453,25
32.9203,-94.7225,165
31.3706,-100.4942,81
40.7264,-122.7947,8
26.8400,-81.0872,43
43.5492,-71.4647,0
31.9497,-91.2336,0
38.7978,-99.7231,0
37.5147,-122.0325,15
29.4608,-101.0286,84
32.9206,-86.6708,373
25.8175,-80.2858,64
35.4072,-104.1906,38
34.5697,-93.1947,13
33.6772,-93.9903,30
34.5822,-119.9817,36
45.9228,-108.2444,0
26.1781,-97.9708,41
39.0744,-96.8983,13
33.7092,-93.5564,0
28.6575,-96.5553,28
34.9881,-120.3211,51
34.1419,-80.8700,18
36.3444,-88.8636,0
40.8250,-92.8925,0
26.3769,-98.8117,61
26.5581,-99.1372,51
40.6117,-122.5281,8
33.0642,-101.0489,41
30.7931,-94.1819,20
33.2564,-81.2422,30
