38.3650,-98.5844,1
34.5467,-93.5781,1
43.3436,-72.5178,1
38.0408,-84.6058,1
36.6239,-87.4194,1
45.6906,-118.8528,1
43.8789,-91.2528,1
42.1928,-89.0931,1
31.5356,-84.1944,1
41.8031,-78.6403,1
36.2606,-76.1750,1
42.8914,-73.2469,1
41.7072,-86.3164,1
39.9444,-81.8922,1
44.1278,-123.2206,1
38.8853,-79.8528,1
38.2900,-104.4983,1
44.0908,-92.6400,1
47.4444,-122.3139,1
29.7036,-98.0281,1
35.8517,-97.4142,1
33.3075,-104.5083,1
40.7367,-122.9403,1
59.5119,-139.6711,1
37.7836,-81.1231,1
33.3633,-84.5658,1
46.5044,-122.5939,1
41.3325,-122.3328,1
42.7611,-87.8136,1
30.1831,-97.6800,1
40.9706,-85.2064,1
39.0483,-79.4406,1
42.0800,-80.1825,1
42.8939,-85.5447,1
45.6478,-68.6925,1
45.0133,-84.7014,1
39.9061,-84.2186,1
39.0431,-84.6717,1
42.3978,-90.7036,1
40.6675,-89.6839,1
48.6033,-112.3753,1
33.1783,-86.7817,1
46.1569,-123.8825,1
44.7408,-85.5825,1
35.9508,-85.0814,1
58.4003,-134.5694,1
40.0803,-95.5919,1
37.8131,-100.3456,1
44.3853,-74.2067,1
46.4794,-84.3572,1
45.6208,-122.6572,1
40.4719,-81.4236,1
45.0717,-83.5644,1
43.1167,-77.6767,1
39.9914,-82.8808,1
46.9914,-112.0122,1
33.6361,-91.7556,1
27.5311,-97.8497,1
29.5189,-95.2417,1
37.2622,-104.3378,1
45.2486,-122.7686,1
47.6831,-117.3214,1
44.8428,-117.8086,1
36.3689,-92.4703,1
38.3650,-82.5550,1
44.8889,-116.1017,1
31.6189,-97.2283,1
46.9208,-114.0925,1
36.3278,-119.2994,1
45.5908,-122.6003,1
41.6117,-90.5808,1
46.8369,-92.2097,1
36.0236,-84.2375,1
44.5344,-72.6144,1
41.8264,-96.0506,1
55.5800,-133.0750,1
44.3592,-84.6739,1
34.2622,-88.7714,1
26.1522,-81.7753,1
47.8206,-112.1919,1
37.5908,-83.3131,1
46.2667,-119.1167,1
41.1783,-78.8989,1
41.9950,-87.9336,1
25.5011,-80.5500,1
39.1019,-121.5678,1
41.3367,-85.1197,1
37.2353,-93.4003,1
44.8831,-93.2289,1
41.3375,-84.4289,1
37.6242,-120.9506,1
42.9486,-78.7369,1
36.8781,-91.9025,1
42.2947,-83.7108,1
41.0756,-97.7872,1
34.6439,-86.7861,1
25.9156,-97.4186,1
30.0375,-91.8839,1
48.3042,-114.2636,1
33.2194,-117.3494,1
42.5417,-113.7661,1
40.8203,-82.5178,1
45.9717,-109.2569,1
42.4272,-73.2892,1
30.5892,-96.3647,1
38.9989,-79.1361,1
35.5342,-97.6469,1
36.3189,-119.6289,1
30.1592,-96.3972,1
30.3636,-95.0839,1
34.7442,-87.5997,1
57.1553,-170.2222,1
43.7331,-103.6114,1
32.0311,-96.3989,1
38.8100,-104.6883,1
36.3158,-119.6369,1
43.1003,-78.9436,1
36.7725,-90.3247,1
44.3592,-89.8369,1
28.7247,-96.2536,1
36.1189,-86.6892,1
27.7839,-97.5108,1
29.1097,-95.4619,1
40.2964,-78.3203,1
31.9514,-85.1289,1
44.9714,-116.2933,1
31.5358,-82.5067,1
45.5406,-122.9486,1
39.5781,-85.8033,1
35.7636,-86.9322,1
41.4131,-81.8600,1
37.4389,-105.8614,1
48.5617,-110.7669,1
30.1250,-93.2158,1
42.1106,-104.9492,1
39.4781,-88.2803,1
26.5850,-81.8614,1
28.0372,-97.8725,1
42.9667,-83.7494,1
42.3075,-85.2511,1
32.3542,-95.4025,1
39.8250,-86.2958,1
41.7219,-71.4325,1
28.7797,-81.2436,1
30.4144,-97.7664,1
56.6000,-169.5650,1
27.4014,-82.5586,1
39.9964,-79.0833,1
47.8214,-101.2922,1
29.6222,-95.6564,1
32.3347,-88.7442,1
34.3622,-98.9761,1
33.4825,-90.9853,1
55.2208,-162.7325,1
30.3361,-81.5147,1
39.1353,-96.6778,1
42.1997,-75.9850,1
42.9550,-87.9044,1
31.9747,-95.1381,1
35.2578,-93.0947,1
39.7333,-77.4333,1
30.3703,-103.7808,1
29.4717,-95.0833,1
29.2733,-94.8592,1
48.5614,-93.3981,1
55.0389,-131.5786,1
37.2958,-81.2078,1
39.3450,-81.4392,1
39.7411,-99.8361,1
45.5100,-100.0356,1
42.2314,-83.3308,1
32.3367,-90.2214,1
39.0083,-95.2117,1
38.7642,-87.6056,1
29.9800,-95.3600,1
36.2283,-99.1700,1
45.0831,-91.3311,1
27.7411,-98.0247,1
38.3306,-96.1897,1
30.7064,-95.5422,1
36.7683,-96.0261,1
31.2819,-89.2531,1
38.0344,-97.3431,1
41.6661,-111.8914,1
42.2347,-85.5519,1
41.4914,-120.5644,1
30.4119,-89.0808,1
41.5272,-85.7922,1
47.6217,-117.5281,1
44.2033,-72.5794,1
46.4267,-105.8825,1
34.2833,-86.9142,1
36.7800,-119.7194,1
42.1244,-86.4267,1
44.5222,-99.4550,1
57.7511,-152.4856,1
30.3208,-97.7603,1
43.9844,-88.5569,1
41.8678,-84.0794,1
41.6717,-107.9786,1
35.3072,-92.7325,1
35.8311,-90.6464,1
30.4781,-87.1869,1
45.1947,-123.1339,1
46.9733,-122.9033,1
36.2967,-99.7689,1
56.8056,-132.9372,1
35.5453,-82.6986,1
39.9367,-120.9475,1
56.2472,-134.6447,1
38.6956,-121.5897,1
45.8069,-108.5422,1
38.8000,-97.6500,1
45.5433,-94.0514,1
31.3558,-85.7511,1
29.3389,-98.4719,1
47.2194,-111.7100,1
39.2292,-106.3169,1
48.0878,-109.6453,1
37.2847,-120.5128,1
40.3033,-121.2422,1
40.9781,-124.1086,1
44.5486,-95.0997,1
34.2675,-77.8997,1
34.1231,-84.8486,1
43.0303,-78.1692,1
39.7736,-94.9233,1
32.3336,-104.2581,1
46.0947,-118.2869,1
40.1764,-80.6472,1
38.1847,-84.9033,1
33.8750,-84.3022,1
43.5164,-112.0672,1
41.6328,-91.5431,1
45.5644,-84.7928,1
44.7511,-89.2450,1
30.3567,-95.4139,1
38.9286,-90.4281,1
40.4122,-86.9369,1
35.2100,-99.1200,1
38.5069,-121.4950,1
35.4319,-82.5375,1
38.1811,-85.7392,1
35.5953,-82.5567,1
29.7044,-98.0286,1
38.7978,-99.7231,1
43.9042,-92.4917,1
43.1111,-76.1039,1
56.3511,-133.6264,1
41.1839,-97.5500,1
26.2281,-97.6542,1
28.8614,-96.9303,1
36.0969,-79.9433,1
38.2281,-85.6636,1
43.3500,-73.6167,1
43.5753,-75.5208,1
45.3036,-97.0625,1
29.6381,-95.2819,1
46.9728,-123.9303,1
36.1994,-95.8872,1
42.2667,-84.4667,1
44.4683,-73.1500,1
40.9167,-81.4333,1
42.2417,-83.6933,1
39.7078,-77.7297,1
38.5872,-99.5731,1
25.6475,-80.4331,1
44.6500,-73.4667,1
43.7694,-87.8506,1
37.0092,-92.7561,1
26.1658,-97.3458,1
26.9172,-81.9914,1
40.7083,-84.0267,1
38.5911,-92.1558,1
42.7803,-84.5789,1
40.0972,-92.5433,1
47.4733,-111.3822,1
44.0206,-117.0128,1
41.4653,-90.5233,1
45.6308,-89.4653,1
43.4361,-75.3697,1
36.9647,-86.4239,1
41.7803,-124.2367,1
38.5039,-122.8103,1
39.7750,-105.1169,1
43.7700,-88.4864,1
35.0678,-77.0481,1
42.5950,-87.9381,1
47.4597,-111.3847,1
39.6428,-79.9164,1
30.5844,-97.4156,1
40.5033,-97.9372,1
44.6633,-97.2267,1
41.1222,-98.0283,1
64.8039,-147.8761,1
43.2419,-77.3883,1
29.9506,-94.0206,1
40.3161,-78.8339,1
28.0836,-97.0464,1
42.7058,-78.0936,1
33.7792,-84.5214,1
43.5331,-84.0797,1
43.2278,-110.4358,1
45.7728,-122.8611,1
39.5514,-97.6508,1
39.1333,-86.6167,1
32.2997,-86.4075,1
42.1128,-92.9175,1
33.2061,-97.1989,1
47.0492,-109.4578,1
36.1625,-97.0894,1
47.9742,-117.4283,1
27.9619,-82.5403,1
41.2211,-96.7775,1
38.3794,-81.5900,1
35.0714,-83.9683,1
48.4564,-102.5947,1
30.5347,-94.4456,1
32.3500,-91.0278,1
40.4847,-80.2144,1
40.0397,-88.2778,1
47.5303,-122.3008,1
40.8508,-96.7475,1
44.2206,-114.9342,1
47.8453,-121.9944,1
47.0036,-114.4781,1
43.4075,-94.7461,1
36.0167,-102.5500,1
43.1406,-89.3453,1
33.9486,-81.1186,1
44.3814,-106.7211,1
43.1561,-90.6775,1
33.2119,-87.6161,1
33.5656,-86.7450,1
36.7367,-97.1019,1
31.8606,-86.0122,1
42.5544,-92.4011,1
43.5697,-76.1164,1
41.9922,-93.6217,1
44.6381,-90.1875,1
43.9922,-76.0217,1
35.4344,-119.0542,1
44.9258,-89.6256,1
44.4983,-88.1111,1
29.1828,-81.0483,1
36.9878,-120.1106,1
30.0675,-95.5561,1
36.4486,-103.1539,1
37.5339,-83.3492,1
39.4519,-87.3089,1
42.8206,-78.1481,1
31.2361,-94.7544,1
41.2544,-80.6739,1
25.7906,-80.3164,1
41.8833,-91.7167,1
34.6525,-86.9453,1
35.5231,-81.4439,1
44.9358,-74.8458,1
39.5703,-104.8489,1
38.0781,-96.8878,1
35.2325,-75.6219,1
38.2103,-122.2847,1
37.2253,-89.5706,1
58.4111,-135.7089,1
41.5886,-83.8014,1
44.8664,-91.4878,1
43.1711,-86.2367,1
42.3606,-71.0106,1
41.2078,-98.4608,1
37.0683,-88.7719,1
37.6303,-104.7956,1
44.9050,-123.0011,1
30.7044,-87.0231,1
46.3583,-104.2500,1
43.2119,-90.1814,1
39.2231,-106.8683,1
41.2731,-111.0306,1
26.1839,-98.2539,1
30.7439,-95.5861,1
34.1750,-91.9347,1
43.2389,-123.3547,1
39.8800,-86.0514,1
33.5872,-85.8556,1
34.3478,-85.1611,1
30.7825,-83.2767,1
39.7075,-86.2803,1
25.5819,-80.4361,1
55.6917,-132.5247,1
28.6836,-95.9733,1
36.7386,-103.9936,1
33.3644,-81.9633,1
32.3206,-90.0778,1
36.3211,-87.2217,1
42.7461,-86.0967,1
