36.3200,-115.7000,313
36.7200,-106.2600,231
43.8000,-114.8500,0
43.7600,-116.1000,43
35.7700,-105.7800,352
36.5100,-106.3200,12
40.3000,-111.2600,295
43.7600,-115.2400,194
43.7300,-113.8300,201
39.1900,-120.2600,279
39.3600,-106.0600,271
36.2500,-115.6300,206
39.2900,-117.1100,172
36.8600,-106.2300,24
46.2400,-117.3900,135
44.2100,-110.6700,253
44.7900,-116.0900,183
38.4000,-119.5400,209
35.9200,-106.3900,267
48.7200,-116.4600,244
41.4000,-107.2600,154
36.1900,-105.5600,50
40.8300,-111.7600,97
36.0300,-106.8100,44
36.0700,-105.6300,260
36.9600,-106.6600,142
35.3400,-111.6500,299
36.7900,-105.2400,271
39.4300,-120.3100,262
36.0000,-106.8300,284
40.5300,-106.7800,43
36.3100,-115.6800,181
39.8000,-106.0300,228
36.9900,-105.2600,150
44.3800,-116.3400,236
39.3100,-111.4300,287
35.7800,-105.5400,255
