38.8586,-99.3358,283
43.2828,-123.3536,267
38.9422,-92.3200,233
34.7392,-90.7664,300
34.7986,-96.6692,306
33.8936,-97.2692,306
45.5900,-95.8744,100
36.4231,-99.4167,261
34.2392,-98.7444,294
35.8542,-97.9544,261
36.4711,-86.8414,278
35.3647,-96.9481,261
35.9328,-88.7267,289
36.1903,-99.0403,267
40.1100,-87.9567,194
41.1453,-85.4897,194
47.0575,-109.9514,189
36.0642,-97.2128,272
34.5872,-99.3381,306
35.8489,-97.4797,267
44.6342,-123.1900,256
36.3842,-98.1114,261
36.1056,-82.8436,233
36.7081,-98.7094,261
34.6892,-86.8819,283
41.8161,-80.4250,228
40.4750,-86.9919,217
34.6089,-96.3331,294
30.5497,-84.5836,300
36.1472,-97.2858,267
36.4119,-97.6939,261
43.0431,-96.9033,217
34.1864,-90.5572,283
35.2050,-99.8033,239
39.3669,-101.7000,228
32.2061,-90.5133,311
34.7675,-106.7611,250
31.8769,-105.2369,328
35.4842,-98.4814,256
42.1397,-87.7853,206
45.6750,-111.1550,211
36.7481,-98.3628,272
34.9678,-97.9519,272
39.7194,-76.8028,244
35.1867,-102.0797,239
40.7833,-81.9167,222
35.5461,-99.7278,250
35.1131,-89.2122,317
33.8103,-91.2778,261
35.5083,-98.7750,250
33.4311,-90.9108,322
34.7281,-90.3683,300
40.4719,-74.4364,261
34.7292,-98.5694,289
63.9033,-152.2817,94
30.5467,-87.8808,278
34.9897,-99.0528,267
33.7092,-93.5564,300
34.0356,-96.9433,283
31.3625,-85.3397,261
36.1167,-97.6067,267
42.0208,-93.7742,211
35.5914,-99.2706,261
35.1297,-89.8036,300
33.9208,-96.3203,306
34.9142,-98.2922,272
44.9847,-93.1772,206
39.8058,-90.8236,222
35.6214,-88.8456,272
35.8819,-83.9572,261
35.5419,-97.3414,267
34.8494,-97.0031,272
40.0739,-87.5067,239
39.4833,-83.8500,222
34.5289,-97.7647,300
44.2394,-95.3153,217
39.4708,-87.4081,200
36.2872,-88.2958,311
36.0286,-99.3464,250
44.0708,-93.5264,217
34.9819,-97.5208,272
35.7197,-86.9653,261
35.9986,-97.0481,267
36.8314,-99.6411,250
31.3706,-100.4942,294
32.4714,-87.2314,283
33.4692,-88.7822,322
38.7386,-87.4878,250
34.4397,-99.1375,300
41.0267,-86.5867,233
63.9647,-145.1050,117
34.1678,-97.9883,300
35.4139,-86.8086,256
31.0383,-85.8708,300
32.8978,-90.8853,311
36.5994,-89.9894,233
34.6856,-99.8333,289
34.3325,-96.6789,289
36.1208,-97.0953,278
36.0147,-85.1314,228
33.2422,-103.3611,261
35.6872,-90.0964,294
36.0719,-99.9031,239
36.7256,-99.1422,261
35.1489,-98.4658,272
35.8417,-98.5261,250
35.6528,-96.8042,250
34.1936,-97.5881,294
38.5200,-89.8467,250
38.5350,-121.7761,317
33.3867,-97.7164,311
35.2358,-97.4647,267
34.7156,-97.2292,294
35.8989,-98.9603,261
34.3997,-98.3458,289
34.5989,-103.2161,217
35.2006,-103.6867,239
41.4439,-86.9294,211
40.7928,-87.7556,206
38.4931,-88.9703,261
34.1647,-88.7239,294
36.9869,-99.0108,261
40.9361,-90.7197,244
35.4017,-99.0583,261
35.5483,-98.0364,261
39.3925,-101.0689,261
34.8083,-98.0233,278
34.2281,-97.2014,272
44.8831,-85.6753,228
41.6661,-111.8914,183
34.3086,-95.9969,250
40.2539,-85.1483,244
30.7342,-85.0306,-178
31.1414,-87.0486,256
34.5519,-96.7178,294
36.3558,-97.1531,261
31.2353,-88.9186,294
36.7925,-97.7458,256
36.8981,-96.9103,261
34.8219,-89.4347,156
34.1922,-97.0858,300
36.3925,-89.0317,328
34.4744,-91.4172,283
35.0322,-97.9144,278
31.9461,-90.3775,317
36.6897,-108.3086,217
36.0908,-106.0567,228
32.4219,-93.6381,294
40.8142,-85.1547,211
29.6211,-96.3661,311
34.5658,-96.9503,311
32.8986,-80.0403,272
31.4269,-94.8942,250
46.7281,-116.9558,211
34.1381,-88.9983,322
35.2722,-97.9553,261
34.1925,-86.7972,261
45.4825,-120.7236,267
36.7542,-97.2544,267
33.1772,-90.4919,339
