38.8586,-99.3358,367
43.2828,-123.3536,272
38.9422,-92.3200,289
34.7392,-90.7664,383
34.7986,-96.6692,344
33.8936,-97.2692,394
45.5900,-95.8744,322
36.4231,-99.4167,317
34.2392,-98.7444,339
35.8542,-97.9544,317
36.4711,-86.8414,350
35.3647,-96.9481,322
35.9328,-88.7267,383
36.1903,-99.0403,311
40.1100,-87.9567,256
41.1453,-85.4897,244
47.0575,-109.9514,272
36.0642,-97.2128,328
34.5872,-99.3381,344
35.8489,-97.4797,300
44.6342,-123.1900,350
36.3842,-98.1114,317
36.1056,-82.8436,294
36.7081,-98.7094,294
34.6892,-86.8819,294
41.8161,-80.4250,250
40.4750,-86.9919,278
34.6089,-96.3331,367
30.5497,-84.5836,339
36.1472,-97.2858,311
36.4119,-97.6939,294
43.0431,-96.9033,311
34.1864,-90.5572,383
35.2050,-99.8033,289
39.3669,-101.7000,283
32.2061,-90.5133,333
34.7675,-106.7611,372
31.8769,-105.2369,372
35.4842,-98.4814,300
42.1397,-87.7853,267
45.6750,-111.1550,250
36.7481,-98.3628,317
34.9678,-97.9519,333
39.7194,-76.8028,311
35.1867,-102.0797,311
40.7833,-81.9167,239
35.5461,-99.7278,289
35.1131,-89.2122,389
33.8103,-91.2778,283
35.5083,-98.7750,300
33.4311,-90.9108,378
34.7281,-90.3683,389
40.4719,-74.4364,339
34.7292,-98.5694,367
63.9033,-152.2817,117
30.5467,-87.8808,356
34.9897,-99.0528,306
33.7092,-93.5564,411
34.0356,-96.9433,389
31.3625,-85.3397,383
36.1167,-97.6067,306
42.0208,-93.7742,272
35.5914,-99.2706,306
35.1297,-89.8036,361
33.9208,-96.3203,383
34.9142,-98.2922,328
44.9847,-93.1772,300
39.8058,-90.8236,272
35.6214,-88.8456,322
35.8819,-83.9572,356
35.5419,-97.3414,322
34.8494,-97.0031,333
40.0739,-87.5067,278
39.4833,-83.8500,256
34.5289,-97.7647,333
44.2394,-95.3153,294
39.4708,-87.4081,250
36.2872,-88.2958,344
36.0286,-99.3464,311
44.0708,-93.5264,322
34.9819,-97.5208,328
35.7197,-86.9653,278
35.9986,-97.0481,311
36.8314,-99.6411,317
31.3706,-100.4942,339
32.4714,-87.2314,311
33.4692,-88.7822,356
38.7386,-87.4878,283
34.4397,-99.1375,350
41.0267,-86.5867,283
63.9647,-145.1050,128
34.1678,-97.9883,372
37.3822,-102.2986,261
35.4139,-86.8086,256
31.0383,-85.8708,383
32.8978,-90.8853,433
36.5994,-89.9894,300
34.6856,-99.8333,328
34.3325,-96.6789,372
36.1208,-97.0953,317
36.0147,-85.1314,233
33.2422,-103.3611,289
35.6872,-90.0964,389
36.0719,-99.9031,278
36.7256,-99.1422,311
35.1489,-98.4658,322
35.8417,-98.5261,306
35.6528,-96.8042,311
34.1936,-97.5881,350
38.5200,-89.8467,294
38.5350,-121.7761,389
33.3867,-97.7164,339
35.2358,-97.4647,317
34.7156,-97.2292,333
35.8989,-98.9603,306
34.3997,-98.3458,378
34.5989,-103.2161,328
35.2006,-103.6867,344
41.4439,-86.9294,322
40.7928,-87.7556,228
38.4931,-88.9703,278
34.1647,-88.7239,372
36.9869,-99.0108,317
40.9361,-90.7197,289
35.4017,-99.0583,306
35.5483,-98.0364,300
39.3925,-101.0689,289
34.8083,-98.0233,328
34.2281,-97.2014,344
44.8831,-85.6753,294
41.6661,-111.8914,239
34.3086,-95.9969,361
40.2539,-85.1483,311
30.7342,-85.0306,-178
31.1414,-87.0486,356
34.5519,-96.7178,333
36.3558,-97.1531,300
31.2353,-88.9186,361
36.7925,-97.7458,300
36.8981,-96.9103,317
34.8219,-89.4347,156
34.1922,-97.0858,356
36.3925,-89.0317,333
34.4744,-91.4172,344
35.0322,-97.9144,339
31.9461,-90.3775,406
36.6897,-108.3086,333
36.0908,-106.0567,244
32.4219,-93.6381,311
40.8142,-85.1547,283
29.6211,-96.3661,439
34.5658,-96.9503,344
32.8986,-80.0403,306
31.4269,-94.8942,267
46.7281,-116.9558,267
34.1381,-88.9983,350
35.2722,-97.9553,300
34.1925,-86.7972,322
45.4825,-120.7236,322
36.7542,-97.2544,322
33.1772,-90.4919,356
