30.6836,-97.7172,0
36.4622,-116.8669,191
33.9544,-102.7783,79
39.2494,-106.3714,56
31.3706,-100.4942,61
45.7206,-118.6264,86
34.5697,-93.1947,66
45.6911,-118.8522,79
30.7189,-97.3211,56
41.2986,-80.7647,592
38.7403,-104.3994,76
35.1108,-81.9675,58
36.0147,-85.1314,25
39.0936,-106.3514,64
45.4825,-120.7236,81
33.1481,-95.6269,64
40.4750,-86.9919,28
38.4661,-101.7758,102
35.6414,-106.3322,69
39.0172,-92.7558,0
40.2842,-109.8611,76
38.2597,-104.7169,94
38.0633,-102.9297,117
36.5575,-105.2628,574
44.6342,-123.1900,74
39.3925,-101.0689,64
33.4594,-104.4042,533
36.2403,-106.4278,97
40.1739,-101.0611,64
37.9050,-93.3169,36
26.5581,-99.1372,114
32.8242,-95.5275,71
38.8586,-99.3358,94
34.1981,-101.7461,79
38.6644,-94.8900,0
37.7617,-117.5658,76
46.7047,-92.5253,2159
34.5822,-119.9817,107
39.7506,-92.5064,8
35.4072,-104.1906,114
32.7547,-104.3836,91
18.0331,-67.0722,56
37.9931,-100.8122,76
40.4719,-74.4364,18
38.7978,-99.7231,99
42.8767,-77.0308,33
34.6033,-104.3811,69
64.8569,-147.8611,18
37.2792,-86.2492,33
26.5650,-98.1236,97
39.3903,-94.5553,74
44.7764,-108.7592,76
40.2539,-85.1483,58
29.8608,-98.1958,66
39.0422,-108.4664,74
32.2683,-101.4858,102
35.1161,-93.6506,0
26.1781,-97.9708,89
34.9881,-120.3211,89
41.6661,-111.8914,84
38.5200,-89.8467,64
30.7053,-104.0233,36
42.9592,-120.7897,61
36.5508,-114.4581,140
26.3769,-98.8117,94
40.2233,-86.1086,48
