40.7264,-122.7947,189
38.8586,-99.3358,144
37.9050,-93.3169,222
44.7764,-108.7592,144
40.4750,-86.9919,150
42.9592,-120.7897,156
40.2842,-109.8611,106
34.5822,-119.9817,222
40.1739,-101.0611,128
36.4622,-116.8669,272
42.8767,-77.0308,128
40.2233,-86.1086,161
64.8569,-147.8611,11
38.4661,-101.7758,128
34.9881,-120.3211,200
38.7978,-99.7231,139
37.7617,-117.5658,133
36.0147,-85.1314,172
36.5575,-105.2628,89
35.4072,-104.1906,156
45.6911,-118.8522,139
36.5508,-114.4581,167
39.3925,-101.0689,139
41.6661,-111.8914,117
40.2539,-85.1483,183
26.5581,-99.1372,256
30.7053,-104.0233,156
37.9931,-100.8122,150
45.4825,-120.7236,128
