32.5667,-117.1167,63
30.0494,-90.0289,89
43.9906,-70.9475,40
45.6194,-121.1661,116
35.2333,-101.7089,112
34.2622,-88.7714,81
32.3367,-90.2214,76
32.6500,-114.6167,58
37.1431,-107.7597,130
37.4389,-105.8614,112
30.0481,-102.2131,72
34.2675,-77.8997,63
45.2486,-122.7686,103
46.7708,-100.7603,148
34.2008,-119.2069,76
35.2372,-120.6414,103
28.8208,-81.8097,54
43.0661,-108.4767,148
60.7850,-161.8292,54
64.7767,-141.1483,54
41.6117,-90.5808,107
37.2253,-89.5706,76
38.8169,-92.2183,98
27.4981,-80.3767,54
40.4122,-86.9369,89
38.9286,-90.4281,139
34.8822,-95.7831,134
35.0169,-80.6206,36
38.3000,-76.4167,54
36.2117,-115.1958,89
41.3461,-82.1794,58
40.9781,-124.1086,72
46.7994,-102.7972,161
37.7461,-97.2211,112
41.7806,-122.4717,76
33.0375,-116.9158,67
42.8153,-108.7261,134
34.9883,-117.8647,107
32.5722,-116.9794,63
36.0097,-94.1694,130
42.5950,-87.9381,98
39.6014,-116.0056,98
47.2856,-68.3133,89
34.1750,-91.9347,89
43.0206,-102.5183,116
44.4683,-73.1500,54
41.8833,-91.7167,103
39.8233,-93.5792,72
43.5164,-112.0672,143
36.0394,-95.9844,103
29.7333,-85.0333,67
34.4258,-119.8425,125
43.9922,-76.0217,45
41.6764,-70.9583,58
44.1278,-123.2206,103
42.2333,-83.5333,58
31.3214,-85.4497,40
38.3794,-81.5900,31
46.9208,-114.0925,54
36.7414,-104.5022,125
41.2531,-70.0608,67
44.2558,-121.1392,112
41.5272,-85.7922,89
31.3558,-85.7511,36
44.3592,-89.8369,81
37.3278,-95.5042,107
41.6264,-80.2150,45
60.1283,-149.4167,45
43.9658,-107.9508,63
42.2667,-84.4667,67
35.1442,-111.6664,81
61.2169,-149.8550,40
40.0397,-88.2778,112
64.5500,-149.0717,72
26.2500,-80.1083,63
36.9839,-77.0075,45
48.4608,-119.5167,89
40.0681,-118.5692,81
21.4500,-157.7833,54
38.8761,-98.8092,130
30.0675,-95.5561,54
44.3394,-105.5419,116
32.7800,-79.9319,76
41.0089,-74.7367,40
34.0511,-118.2353,63
37.9272,-100.7247,148
39.3792,-74.4242,36
26.5361,-81.7550,54
39.8447,-89.6839,143
37.2839,-98.5528,130
39.5703,-104.8489,116
64.3267,-158.7417,54
40.4847,-80.2144,45
30.5892,-96.3647,81
44.7694,-106.9689,143
44.0511,-101.6011,139
40.7789,-73.9692,58
44.5344,-72.6144,45
34.9894,-99.0525,112
35.3889,-97.6006,112
35.4344,-119.0542,76
33.9786,-98.4928,125
39.0725,-95.6261,107
36.3189,-119.6289,89
40.6825,-74.1694,67
40.0803,-95.5919,89
27.7839,-97.5108,103
41.9097,-70.7294,54
46.7439,-117.1086,134
42.9486,-78.7369,54
37.9917,-122.0550,76
42.6958,-73.1708,45
29.3389,-98.4719,72
42.6425,-77.0564,36
42.7431,-73.8092,45
42.0647,-104.1528,157
28.4339,-81.3250,54
44.3814,-100.2856,134
41.1519,-104.8061,170
44.3853,-74.2067,45
33.6267,-116.1594,89
37.6542,-122.1150,72
40.4422,-109.5144,130
34.0500,-94.4008,89
41.6686,-70.2800,63
38.3650,-82.5550,40
33.6228,-111.9106,45
41.1583,-73.1289,58
33.6361,-91.7556,67
59.7494,-154.9089,103
39.4519,-87.3089,76
36.7800,-119.7194,89
37.0911,-95.5664,130
30.0375,-91.8839,67
42.9550,-87.9044,98
42.1469,-121.7242,98
32.3542,-95.4025,89
39.9369,-91.1919,98
41.4525,-87.0058,76
37.7214,-122.2208,94
42.9667,-83.7494,58
37.2833,-102.6139,143
45.7728,-122.8611,81
40.8764,-74.2831,45
34.6517,-112.4208,76
36.0969,-79.9433,58
33.8117,-78.7239,67
33.1783,-86.7817,45
37.5050,-77.3203,67
45.0717,-83.5644,72
45.6689,-96.9914,134
38.9408,-77.4636,45
42.8939,-85.5447,81
42.5519,-71.7558,36
32.5428,-93.7450,67
41.2639,-72.8872,63
34.2006,-118.3575,103
58.6794,-156.6294,139
62.3200,-150.0950,40
47.5303,-122.3008,72
38.5050,-107.8975,112
45.4558,-98.4131,148
45.5511,-122.4089,89
42.1094,-77.9919,31
41.6328,-91.5431,89
33.2119,-87.6161,63
46.9253,-96.8111,157
46.1569,-123.8825,81
34.9869,-81.0575,54
40.8436,-72.6322,63
41.0731,-71.9233,54
41.3375,-84.4289,72
39.3669,-101.7000,161
36.3333,-119.9500,112
39.9444,-81.8922,45
33.4050,-118.4158,67
34.6294,-118.0836,143
34.4272,-100.2831,130
31.4208,-110.8458,89
37.3031,-108.6275,94
39.2292,-106.3169,134
44.5483,-95.0803,107
29.7036,-98.0281,76
33.8750,-84.3022,58
40.8217,-72.8689,58
42.5544,-92.4011,112
36.1189,-86.6892,107
32.6847,-83.6528,63
42.4092,-83.0100,58
36.6239,-87.4194,98
48.5428,-109.7633,76
32.2622,-107.7206,94
40.8203,-82.5178,54
31.3711,-100.4922,98
35.6169,-106.0889,116
30.3208,-97.7603,63
40.0489,-107.8853,125
41.5944,-109.0528,165
35.5931,-88.9167,89
42.7611,-87.8136,81
41.5631,-83.4764,63
47.4444,-122.3139,89
46.0947,-118.2869,179
39.3450,-81.4392,45
32.3500,-91.0278,63
32.9733,-97.3181,89
27.5333,-99.4667,72
30.7797,-86.5225,45
38.6956,-121.5897,45
48.0944,-105.5744,103
33.9519,-117.4386,67
48.2553,-101.2733,143
41.4333,-99.6333,98
7.0833,171.3833,72
38.8000,-97.6500,94
71.2833,-156.7814,81
31.3347,-92.5586,67
29.6381,-95.2819,63
45.0133,-84.7014,63
42.7461,-86.0967,76
40.1519,-122.2536,63
33.5656,-86.7450,67
27.9106,-82.6875,63
42.1128,-92.9175,125
37.3711,-118.3581,125
30.4781,-87.1869,54
29.1097,-95.4619,67
40.1203,-76.2944,40
43.4075,-94.7461,112
44.6381,-90.1875,89
30.6794,-88.2397,54
32.7667,-97.4500,98
38.4167,-113.0167,81
46.4167,-86.6500,72
33.9381,-118.3889,98
47.9078,-122.2803,76
40.7794,-73.8803,63
32.7336,-117.1831,58
38.7642,-87.6056,94
45.8183,-88.1144,76
66.9161,-151.5089,45
37.7086,-113.0944,89
40.2064,-100.5914,116
46.4267,-105.8825,139
35.8922,-78.7819,81
36.0167,-102.5500,98
38.1811,-85.7392,67
26.0719,-80.1536,67
40.6331,-93.9019,89
33.6800,-117.8664,63
41.5333,-71.2833,54
28.4736,-82.4544,63
17.7028,-64.8056,76
48.5222,-123.0231,58
40.6161,-83.0636,63
38.8853,-79.8528,58
39.4019,-77.9844,63
42.4167,-87.8667,76
70.6392,-159.9950,94
29.1828,-81.0483,58
43.1406,-89.3453,94
37.2958,-81.2078,76
32.3336,-104.2581,76
25.7906,-80.3164,67
26.9172,-81.9914,54
32.8342,-115.5786,67
31.9514,-85.1289,36
34.7442,-87.5997,67
33.4669,-82.0386,54
39.1667,-76.6833,54
35.9333,-79.0642,58
45.1947,-123.1339,125
18.3331,-64.9667,72
41.8678,-84.0794,63
44.3675,-71.5450,54
41.1078,-92.4467,98
36.1625,-97.0894,112
47.9375,-124.5550,67
41.1214,-100.6694,112
24.5550,-81.7522,67
43.7700,-88.4864,81
46.0261,-91.4442,94
28.8614,-96.9303,81
45.5433,-94.0514,89
41.5175,-81.6836,76
40.4719,-81.4236,45
24.5833,-81.6833,63
40.6508,-75.4492,58
41.5092,-74.2650,54
32.8519,-96.8556,94
36.8167,-76.0333,89
18.2550,-65.6408,72
38.8100,-104.6883,192
34.1853,-79.7239,54
41.2433,-76.9217,45
25.9069,-80.2803,67
47.0492,-109.4578,76
36.7683,-96.0261,107
31.4156,-87.0442,45
42.3075,-85.2511,67
43.5331,-84.0797,58
36.9878,-120.1106,98
41.1389,-75.3794,63
38.7550,-109.7542,89
40.2383,-75.5572,45
35.5144,-108.7939,89
33.9706,-80.9958,40
34.2167,-119.0833,58
48.2138,-106.6213,116
48.1203,-123.4983,67
35.2236,-80.9553,54
26.1522,-81.7753,58
44.5169,-108.0822,103
38.6572,-90.6558,89
47.9742,-117.4283,103
39.3756,-99.8297,125
38.8983,-119.9947,76
31.9433,-102.1889,67
34.2900,-93.0600,76
32.8167,-115.6833,72
28.0622,-81.7542,54
44.8428,-117.8086,125
39.7556,-82.6572,63
30.4000,-81.4167,81
35.2578,-93.0947,72
18.4325,-66.0108,103
34.6439,-86.7861,67
31.6072,-110.4281,125
37.2622,-104.3378,125
40.2769,-74.8158,54
42.0800,-80.1825,63
63.9944,-145.7214,76
47.3258,-106.9475,112
46.5486,-90.9189,72
55.5800,-133.0750,67
46.8706,-68.0172,63
32.8158,-117.1394,63
47.4933,-122.2144,72
30.1831,-97.6800,81
35.1822,-103.6031,103
40.8289,-115.7886,125
33.3644,-81.9633,54
39.4781,-88.2803,103
21.3167,-158.0667,98
43.3500,-73.6167,45
59.4556,-135.3239,76
30.9119,-102.9167,98
39.1258,-123.2008,58
37.7064,-112.1456,94
44.9047,-97.1494,103
45.5464,-100.4078,139
40.1667,-103.2167,165
43.1711,-86.2367,89
33.7792,-84.5214,63
60.7850,-148.8389,89
31.8606,-86.0122,54
45.0319,-102.0192,179
31.6189,-97.2283,98
35.5342,-97.6469,125
43.8789,-91.2528,94
13.4836,144.7961,94
47.2675,-122.5761,72
34.8831,-82.2203,58
44.3981,-98.2231,116
31.8311,-104.8089,148
47.6831,-117.3214,67
47.3078,-119.5153,89
39.1333,-86.6167,98
35.8550,-77.8931,58
40.7833,-91.1253,103
35.0028,-105.6628,148
39.9181,-76.8742,45
67.7317,-164.5483,36
39.6428,-79.9164,40
30.6264,-88.0681,54
40.5175,-122.2986,54
36.6206,-116.0278,103
30.3975,-84.3289,45
42.8375,-103.0953,125
28.7247,-96.2536,63
46.0139,-102.6547,161
45.9647,-112.5006,107
37.2353,-93.4003,130
38.3083,-75.1239,58
42.8914,-73.2469,45
38.0442,-87.5206,89
19.7192,-155.0531,58
30.5069,-86.9597,58
39.7075,-86.2803,89
37.1319,-76.4930,67
39.6728,-75.6008,45
26.1839,-98.2539,76
44.7408,-85.5825,58
41.7361,-72.6506,54
38.3306,-96.1897,103
22.0333,-159.7833,76
48.6033,-112.3753,89
43.4133,-124.2436,67
36.2967,-99.7689,130
34.2719,-83.8303,54
41.8706,-103.5931,143
43.8339,-111.8045,98
39.8344,-88.8656,116
39.8328,-104.6575,130
42.2706,-71.8731,54
37.6928,-121.8144,72
42.1928,-89.0931,89
37.0683,-88.7719,72
39.5936,-84.2264,72
44.0433,-103.0536,134
41.2003,-74.6231,40
33.4964,-90.0867,76
41.4131,-81.8600,58
37.1467,-94.5022,134
32.6261,-116.4681,81
36.1994,-95.8872,130
39.1033,-84.4189,63
57.1553,-170.2222,161
40.6675,-89.6839,94
46.8369,-92.2097,94
40.1764,-80.6472,63
30.7044,-87.0231,54
37.6544,-97.4425,112
37.7081,-77.4344,45
32.7817,-98.0603,98
39.4900,-121.6183,58
46.9258,-98.6692,148
31.5358,-82.5067,36
34.9000,-76.8833,81
42.8050,-72.0036,36
41.7219,-71.4325,54
35.0564,-89.9864,98
35.3331,-94.3625,107
41.3931,-70.6150,63
44.4983,-88.1111,72
36.6636,-121.6081,76
39.3667,-75.0667,45
55.0389,-131.5786,58
37.0872,-84.0769,67
34.0158,-118.4514,89
29.9506,-94.0206,63
31.3928,-92.2956,58
41.5097,-72.8278,58
42.5906,-117.8644,130
32.4833,-80.7167,58
41.6875,-69.9933,54
27.6531,-80.2428,63
43.1544,-93.3269,112
37.6242,-120.9506,98
34.7000,-77.3833,67
38.1386,-78.4530,58
41.9950,-87.9336,98
7.3333,134.4833,57
26.2281,-97.6542,81
29.3783,-100.9269,63
35.9403,-89.8308,67
33.8117,-118.1464,63
34.4978,-82.7097,54
39.5781,-85.8033,76
46.1442,-115.5964,22
40.5100,-101.6200,130
70.1917,-148.4772,89
44.1708,-114.9272,81
41.3119,-105.6747,161
43.2781,-70.9222,40
42.4819,-114.4869,161
30.3489,-85.7881,54
59.4433,-151.7017,63
32.5156,-92.0406,63
33.2367,-107.2681,116
32.6808,-96.8681,94
30.3433,-89.8222,63
37.7608,-99.9683,139
42.7803,-84.5789,63
31.8456,-86.6108,45
32.7100,-96.2672,103
42.5417,-113.7661,139
35.0678,-77.0481,58
38.0494,-103.5122,116
30.8356,-85.1839,58
44.0206,-117.0128,125
38.2900,-104.4983,116
55.3567,-131.7117,63
59.2433,-135.5094,72
41.0375,-81.4642,45
29.9933,-90.2511,54
36.9358,-121.7886,54
39.3644,-84.5247,63
38.5911,-92.1558,107
47.0339,-120.5303,143
45.8258,-119.2611,170
47.4667,-87.8833,72
30.7406,-98.2353,81
31.4583,-109.6061,107
36.7436,-108.2292,89
48.7939,-122.5372,63
38.9597,-94.3714,107
39.5514,-97.6508,107
34.3622,-98.9761,107
39.2231,-106.8683,76
15.1167,145.7167,103
47.2078,-119.3192,98
40.8097,-124.1603,40
41.6236,-98.9517,76
39.8683,-75.2311,72
38.2281,-85.6636,54
41.1014,-102.9847,139
46.1236,-67.7928,58
40.7083,-84.0267,67
40.8500,-74.0614,54
38.5000,-77.3000,58
34.8536,-116.7858,143
32.8978,-97.0189,112
39.1894,-103.7158,139
36.6950,-76.1356,67
33.1281,-117.2794,58
31.1500,-92.9667,31
29.6333,-83.1053,54
42.9203,-112.5711,179
43.7694,-87.8506,67
43.6497,-70.3003,58
36.5881,-121.8453,63
30.5108,-99.7664,89
31.1828,-90.4708,58
41.7781,-80.6958,40
34.5467,-93.5781,63
37.6703,-95.4842,107
35.9508,-85.0814,63
35.2578,-113.9331,72
45.6478,-68.6925,58
34.7336,-76.6606,81
28.5453,-81.3331,58
43.1561,-90.6775,67
26.5850,-81.8614,58
41.7419,-72.1836,40
38.7667,-104.3000,89
41.9922,-93.6217,112
43.1111,-76.1039,31
35.7425,-81.3819,54
34.7436,-118.7242,237
33.3075,-104.5083,81
34.8994,-120.4486,125
42.6003,-123.3642,89
33.8281,-116.5053,98
48.7167,-94.6000,112
41.5339,-93.6531,103
42.3811,-122.8722,40
40.4953,-107.5211,116
47.4733,-111.3822,81
39.4839,-119.7711,94
46.9733,-122.9033,72
38.5714,-90.1572,94
47.3864,-92.8389,76
45.8678,-95.3942,107
42.2228,-83.7444,54
42.1244,-86.4267,89
37.3208,-79.2067,63
41.9856,-97.4353,89
39.2775,-120.7103,54
46.5683,-120.5428,107
43.9636,-69.7117,36
35.6575,-109.0614,89
43.3906,-99.8422,134
35.1350,-90.2344,76
35.4319,-82.5375,67
30.7439,-95.5861,63
39.0083,-95.2117,94
34.7675,-114.6189,45
39.8250,-86.2958,67
44.6500,-73.4667,54
55.2208,-162.7325,89
34.2097,-118.4892,170
41.4914,-120.5644,81
30.3567,-95.4139,63
33.4617,-80.8581,58
44.8831,-93.2289,94
47.9428,-97.1839,139
38.8317,-94.8897,103
38.8483,-77.0342,63
31.2819,-89.2531,54
43.6264,-72.3047,45
34.6719,-82.8864,45
44.9050,-123.0011,98
32.5161,-84.9422,54
41.3714,-73.4828,54
36.9647,-86.4239,67
58.3567,-134.5639,45
29.6919,-82.2756,54
39.1208,-94.5969,103
26.1658,-97.3458,81
38.0408,-84.6058,81
36.9261,-111.4478,67
29.2733,-94.8592,58
39.5264,-107.7264,125
35.8311,-90.6464,116
41.9144,-88.2464,81
41.8756,-71.0211,40
46.4047,-94.1308,98
42.3978,-90.7036,94
-14.3306,-170.7136,41
27.4014,-82.5586,67
37.5908,-83.3131,40
34.1167,-119.1167,81
35.2100,-99.1200,130
33.4825,-90.9853,76
35.6567,-95.3614,125
44.8322,-93.4706,94
34.9914,-78.8803,63
35.2325,-75.6219,72
45.5644,-84.7928,63
61.1689,-150.0278,54
47.7472,-90.3444,54
29.9800,-95.3600,72
32.2997,-86.4075,58
34.7272,-92.2389,89
42.6650,-83.4181,58
36.2833,-94.3000,125
39.1342,-108.5400,94
33.5872,-85.8556,54
30.4844,-81.7019,67
38.1847,-84.9033,63
43.2119,-90.1814,98
29.5622,-91.5256,31
40.9017,-117.8081,103
33.8719,-117.9789,58
47.1686,-88.4889,76
40.0819,-75.0111,54
41.5886,-83.8014,67
43.3497,-76.3847,45
40.8731,-81.8867,45
39.0431,-84.6717,67
25.9989,-80.2411,67
36.7367,-97.1019,112
31.3500,-85.6667,45
39.4203,-83.8217,72
41.8056,-107.1997,165
38.0511,-117.0903,134
43.1167,-77.6767,54
34.7917,-79.3661,45
42.8975,-106.4636,143
48.5614,-93.3981,72
32.1314,-110.9553,72
7.4500,151.8333,67
26.1969,-80.1708,63
36.6817,-101.5053,143
34.8461,-82.3461,58
45.6983,-110.4408,143
36.0236,-84.2375,58
41.7072,-86.3164,94
44.5761,-71.1786,45
30.7825,-83.2767,45
27.7628,-82.6261,72
33.6542,-101.8136,112
37.1681,-97.0369,112
43.1953,-71.5011,45
30.2050,-91.9875,54
26.6847,-80.0994,63
30.5372,-91.1469,63
43.1644,-95.2017,103
6.9667,158.2167,46
62.9614,-141.9292,45
42.3914,-96.3792,98
57.0481,-135.3647,76
42.9333,-71.4383,54
46.3583,-104.2500,139
45.8069,-108.5422,103
39.9492,-74.8417,45
41.7803,-124.2367,67
33.4536,-94.0075,81
47.6458,-101.4394,157
45.6044,-103.5464,192
8.7333,167.7333,134
42.5700,-72.2911,63
60.4889,-145.4511,67
35.0281,-110.7208,98
20.8997,-156.4286,63
45.4622,-69.5953,89
40.9706,-85.2064,76
32.6636,-97.0939,103
33.9486,-81.1186,58
31.2361,-94.7544,63
42.4933,-79.2722,58
40.0781,-83.0781,63
40.1936,-76.7633,58
44.3592,-84.6739,58
62.1592,-145.4589,31
66.8667,-162.6333,45
36.2667,-93.1567,125
57.7511,-152.4856,148
30.3503,-81.8831,54
32.3347,-88.7442,58
42.5844,-110.1075,112
60.5797,-151.2392,76
46.2667,-119.1167,125
39.4167,-118.7167,89
42.4700,-71.2894,45
38.2103,-122.2847,76
33.9753,-117.6361,81
44.5228,-114.2150,116
37.4058,-122.0481,76
32.0311,-96.3989,94
40.6386,-73.7622,72
39.1353,-96.6778,116
62.9575,-155.6103,27
33.3633,-84.5658,54
41.6267,-73.8842,58
35.6875,-117.6931,63
34.5183,-109.3792,107
41.1783,-78.8989,45
46.6056,-111.9636,81
37.3169,-79.9742,67
42.0572,-102.8000,139
45.5406,-122.9486,112
38.6892,-75.3592,54
32.4106,-99.6822,125
28.4567,-99.2183,67
40.0972,-92.5433,94
41.3103,-95.8992,179
42.1208,-87.9047,72
38.9833,-76.4667,45
47.4569,-115.6450,45
34.6081,-79.0592,40
25.9156,-97.4186,76
42.8783,-100.5500,125
41.7700,-88.4814,94
38.9503,-95.6639,103
36.2606,-76.1750,76
32.8547,-109.6353,67
27.9619,-82.5403,98
36.9500,-76.2833,81
29.5442,-98.4839,72
32.4506,-93.8411,76
31.5883,-110.3442,103
21.3239,-157.9294,89
37.8892,-121.2258,94
41.4653,-90.5233,116
40.7342,-73.4169,67
41.9381,-72.6825,45
36.7725,-90.3247,98
33.1803,-96.5903,116
43.5950,-118.9564,94
59.5119,-139.6711,40
39.7736,-94.9233,89
33.4278,-112.0039,58
45.0619,-93.3508,112
34.7411,-118.2117,143
33.2208,-92.8142,72
32.3206,-90.0778,63
40.8206,-76.8642,45
33.9228,-118.3342,72
36.8781,-91.9025,112
30.1250,-93.2158,54
39.2447,-102.2842,174
34.0561,-117.6003,76
19.7356,-156.0489,63
43.2389,-123.3547,45
29.3331,-89.4075,54
35.6950,-101.3950,98
44.8889,-116.1017,89
42.1594,-76.8919,58
39.1019,-121.5678,54
41.3325,-122.3328,22
31.5356,-84.1944,58
42.7172,-71.1239,36
40.0228,-82.4625,63
44.3814,-106.7211,116
43.9042,-92.4917,107
42.1908,-71.1736,40
44.2033,-72.5794,54
42.7972,-105.3856,170
66.0689,-162.7639,94
41.2731,-111.0306,148
29.5189,-95.2417,63
39.7078,-77.7297,67
45.6308,-89.4653,76
40.9167,-81.4333,54
35.9461,-112.1547,63
38.3406,-75.5103,54
47.6217,-117.5281,98
31.8111,-106.3758,130
41.3275,-72.0494,63
41.0669,-73.7075,76
41.7872,-111.8533,112
21.1544,-157.0961,58
47.2381,-123.1408,98
37.3592,-121.9239,72
38.7525,-90.3736,130
45.5114,-118.4247,63
42.4272,-73.2892,63
38.0700,-102.6881,125
43.9844,-88.5569,72
34.6525,-86.9453,81
32.8192,-97.3614,103
33.2194,-117.3494,63
44.9319,-93.0556,107
40.3161,-78.8339,45
42.2314,-83.3308,54
35.6697,-120.6283,72
41.2544,-80.6739,54
38.1311,-91.7683,112
61.5961,-149.0917,76
38.0653,-97.8606,103
43.5667,-116.2406,112
64.5111,-165.4400,27
30.3361,-81.5147,72
35.0419,-106.6156,89
21.9839,-159.3405,67
41.0467,-78.4117,45
40.6044,-98.4272,94
41.3336,-75.7269,58
42.5708,-77.7133,54
61.1781,-149.9664,54
32.7000,-117.2000,58
37.7836,-81.1231,45
28.1011,-80.6439,67
31.7800,-103.2017,76
31.9206,-102.3867,89
25.6475,-80.4331,67
42.1997,-75.9850,40
39.9914,-82.8808,54
42.1578,-72.7161,54
32.3847,-94.7117,81
36.9033,-76.1922,76
33.6186,-114.7142,63
40.3667,-75.9667,40
47.3978,-120.2014,116
45.7881,-111.1608,63
27.7411,-98.0247,98
35.8517,-97.4142,125
32.1300,-81.2100,54
64.8039,-147.8761,58
40.3547,-79.9217,45
35.1967,-81.1558,54
29.3600,-99.1742,76
36.4486,-103.1539,130
27.5000,-97.8167,94
33.2061,-97.1989,107
43.7331,-103.6114,112
30.7167,-87.0167,45
38.8500,-94.7392,98
41.1961,-112.0114,94
40.3300,-75.1225,54
30.2333,-81.6667,89
41.3497,-71.7989,54
41.7861,-87.7522,81
44.7978,-68.8186,58
40.2172,-76.8514,40
27.6833,-97.2833,98
48.3042,-114.2636,72
33.6300,-84.4417,63
42.5842,-70.9175,54
30.4119,-89.0808,81
43.3436,-72.5178,54
44.0219,-82.7931,63
44.3206,-69.7972,40
36.4731,-82.4044,72
48.3500,-122.6667,94
40.2964,-78.3203,36
38.7042,-93.1833,98
33.9481,-83.3275,45
9.4833,138.0833,98
37.6197,-122.3647,116
70.2117,-151.0017,89
38.3775,-121.9575,76
33.6883,-112.0817,58
30.4000,-86.4717,45
34.5583,-98.4172,94
32.8667,-117.1333,67
36.5728,-79.3361,63
40.8508,-96.7475,170
37.2847,-120.5128,112
38.5039,-122.8103,45
40.9611,-98.3136,76
43.7667,-98.0333,107
31.4000,-93.2833,40
45.6906,-118.8528,192
45.6208,-122.6572,98
37.7797,-89.2497,94
34.3478,-85.1611,45
48.1739,-103.6367,134
43.2339,-75.4117,40
37.9406,-75.4631,72
44.9258,-89.6256,98
39.6092,-110.7547,112
32.8986,-80.0403,54
30.4636,-88.5319,63
42.3606,-71.0106,58
46.4794,-84.3572,54
29.6222,-95.6564,67
39.2956,-80.2289,58
28.0836,-97.0464,81
42.2347,-85.5519,58
35.6542,-105.1419,116
39.2972,-94.7306,107
36.0719,-115.1633,89
45.5908,-122.6003,125
46.9006,-95.0678,107
36.1336,-80.2222,58
28.7797,-81.2436,58
43.1072,-78.9453,58
40.7781,-111.9694,94
41.7636,-96.1778,157
34.1231,-84.8486,54
36.3689,-92.4703,94
38.5069,-121.4950,54
44.8664,-91.4878,94
43.5878,-96.7289,94
24.7258,-81.0517,54
39.2953,-114.8467,98
42.7267,-114.4564,174
39.4494,-74.5672,54
45.2575,-112.5545,116
46.3747,-117.0156,130
39.9061,-84.2186,72
38.1417,-76.4292,45
44.5444,-110.4211,58
34.2486,-82.1592,45
40.7939,-73.1017,67
35.0311,-85.2014,54
41.8031,-78.6403,31
59.6419,-151.4908,94
41.0136,-83.6686,67
46.9728,-123.9303,81
44.9358,-74.8458,45
35.8181,-83.9858,63
31.1522,-81.3908,89
36.0467,-79.4769,45
