45.8981,-86.5483,58
46.2314,-112.1136,89
39.4206,-79.0050,54
47.8344,-120.0006,89
38.6644,-94.8900,143
47.2753,-88.4169,22
40.1100,-87.9567,121
47.6497,-120.0800,80
35.5953,-82.5567,98
30.5347,-94.4456,45
41.0103,-103.8769,215
37.1317,-86.1481,54
39.8814,-77.3506,63
39.7750,-105.1169,134
47.2919,-88.4208,67
40.5764,-105.0858,121
39.7194,-76.8028,67
45.6656,-97.0392,152
44.4933,-68.4583,94
34.6242,-106.3103,121
38.5039,-95.7036,103
35.1375,-77.9892,103
34.2183,-116.4072,121
34.1206,-115.8500,116
45.4525,-99.3358,103
42.3997,-89.9903,121
61.5889,-149.0992,31
47.0083,-88.4317,85
41.7392,-77.9711,67
39.0733,-93.7075,130
47.8306,-110.6608,76
45.2925,-111.9481,116
40.8250,-92.8925,94
40.9656,-105.2186,197
61.2967,-149.4400,63
61.1025,-149.7169,63
40.8600,-102.8031,103
48.0750,-111.2597,36
48.9981,-110.2158,107
40.6558,-97.2208,165
48.4628,-108.7792,40
45.0961,-112.0856,130
34.7994,-109.8850,148
35.0761,-89.7430,45
47.0111,-109.2261,54
41.2847,-105.5319,170
