36.7900,-105.2400,52
43.7600,-116.1000,89
39.2900,-117.1100,52
36.2500,-115.6300,53
44.3800,-116.3400,69
44.7900,-116.0900,96
40.8300,-111.7600,84
36.0700,-105.6300,59
44.2100,-110.6700,81
36.9600,-106.6600,42
36.7200,-106.2600,51
43.7300,-113.8300,52
36.0300,-106.8100,40
43.7600,-115.2400,78
46.2400,-117.3900,73
40.5300,-106.7800,49
39.8000,-106.0300,334
36.0000,-106.8300,29
35.7700,-105.7800,35
43.8000,-114.8500,67
38.4000,-119.5400,59
39.3100,-111.4300,150
39.3600,-106.0600,65
35.9200,-106.3900,34
36.1300,-105.5300,38
41.4000,-107.2600,59
35.3400,-111.6500,54
36.5100,-106.3200,9
36.9900,-105.2600,91
39.1900,-120.2600,112
36.8600,-106.2300,27
48.7200,-116.4600,55
36.1900,-105.5600,36
36.3100,-115.6800,44
39.4300,-120.3100,31
40.3000,-111.2600,86
