18.1747,-66.7978,56
40.7264,-122.7947,61
38.8586,-99.3358,51
28.0372,-97.8725,41
43.8544,-116.4664,0
36.9969,-119.7072,69
37.1503,-104.5567,41
37.2792,-86.2492,61
40.7142,-122.4161,76
36.4711,-86.8414,38
35.9328,-88.7267,36
37.9050,-93.3169,0
26.3769,-98.8117,25
33.6731,-111.1508,117
40.1100,-87.9567,41
47.0575,-109.9514,43
33.9544,-102.7783,84
44.6342,-123.1900,64
28.4675,-98.2525,15
36.1056,-82.8436,25
40.4750,-86.9919,66
42.9592,-120.7897,51
26.5650,-98.1236,23
32.7547,-104.3836,91
39.0303,-76.9314,58
40.6117,-122.5281,43
31.6164,-94.6431,30
34.5822,-119.9817,79
40.1739,-101.0611,43
34.7675,-106.7611,51
40.5764,-105.0858,46
36.4622,-116.8669,109
34.5697,-93.1947,13
30.8408,-89.5453,0
39.0172,-92.7558,28
35.1867,-102.0797,81
37.5147,-122.0325,51
32.8964,-107.3078,86
33.7542,-99.1442,43
35.1131,-89.2122,28
34.7281,-90.3683,36
48.1375,-103.7372,157
38.4917,-122.1242,53
38.5039,-95.7036,74
37.0683,-88.7725,13
30.5467,-87.8808,25
33.7092,-93.5564,48
45.9228,-108.2444,48
42.0208,-93.7742,51
35.1297,-89.8036,20
39.2475,-96.5994,23
30.0689,-94.2928,20
40.2233,-86.1086,15
18.0331,-67.0722,51
40.1550,-103.1417,23
18.2583,-65.9922,56
39.0744,-96.8983,30
35.6214,-88.8456,38
35.8819,-83.9572,10
38.4661,-101.7758,48
31.6003,-97.2169,81
35.3886,-106.5439,81
37.7967,-121.5828,102
31.8611,-97.3750,18
36.2403,-106.4278,53
34.6033,-104.3811,84
34.9881,-120.3211,69
31.0372,-97.5283,84
31.3706,-100.4942,48
26.8400,-81.0872,76
41.9342,-88.7756,51
28.7156,-97.1742,15
41.0267,-86.5867,33
34.1419,-80.8700,13
37.3822,-102.2986,20
40.0892,-99.2133,51
35.4139,-86.8086,5
33.4258,-111.9217,76
38.7978,-99.7231,48
35.6414,-106.3322,53
31.0619,-94.1011,28
35.1108,-81.9675,33
32.8242,-95.5275,71
43.5492,-71.4647,0
36.0147,-85.1314,36
34.8847,-99.2964,61
48.4983,-109.8014,8362
44.1183,-121.2103,58
35.6872,-90.0964,48
30.2003,-92.6642,15
38.5350,-121.7761,71
46.6722,-120.4994,36
38.6450,-95.5661,28
34.6603,-82.8236,48
36.5928,-106.7300,41
38.4931,-122.0047,69
38.0633,-102.9297,69
34.1981,-101.7461,114
35.4072,-104.1906,51
32.8522,-95.8864,84
45.6911,-118.8522,53
34.3961,-89.7903,43
35.1161,-93.6506,0
29.8608,-98.1958,23
38.6078,-97.9597,89
32.2822,-106.7597,91
34.5989,-103.2161,89
35.2006,-103.6867,76
33.0642,-101.0489,84
41.4439,-86.9294,74
33.1481,-95.6269,97
36.5508,-114.4581,94
33.1461,-107.1842,94
31.9611,-96.6881,61
38.2597,-104.7169,66
39.3925,-101.0689,56
29.4608,-101.0286,53
31.9633,-98.4942,81
40.2539,-85.1483,56
26.5581,-99.1372,3
30.7189,-97.3211,51
35.0489,-97.9158,56
25.8175,-80.2858,94
34.0828,-106.8831,787
38.0047,-120.4864,81
30.7053,-104.0233,114
36.6897,-108.3086,46
32.4219,-93.6381,79
37.9931,-100.8122,38
29.6211,-96.3661,28
30.6836,-97.7172,48
33.3192,-95.6039,71
34.1381,-88.9983,142
45.4825,-120.7236,66
32.2683,-101.4858,107
32.9203,-94.7225,91
