18.1747,-66.7978,39
40.7264,-122.7947,29
38.8586,-99.3358,171
43.8544,-116.4664,0
36.9969,-119.7072,72
40.7142,-122.4161,53
36.4711,-86.8414,37
36.1056,-82.8436,6
42.9592,-120.7897,42
39.0303,-76.9314,56
40.6117,-122.5281,11
31.6164,-94.6431,72
34.1864,-90.5572,71
43.8083,-111.7892,150
34.5822,-119.9817,58
40.1739,-101.0611,138
31.8769,-105.2369,129
40.5764,-105.0858,103
36.4622,-116.8669,63
34.5697,-93.1947,13
30.8408,-89.5453,24
39.0172,-92.7558,21
37.5147,-122.0325,158
32.8964,-107.3078,101
35.1131,-89.2122,32
34.7281,-90.3683,71
30.7931,-94.1819,21
38.4917,-122.1242,35
47.7283,-104.1467,98
45.9228,-108.2444,103
35.1297,-89.8036,35
39.2475,-96.5994,82
30.0689,-94.2928,98
40.2233,-86.1086,34
18.0331,-67.0722,92
40.1550,-103.1417,224
18.2583,-65.9922,6
35.6214,-88.8456,58
35.8819,-83.9572,31
38.4661,-101.7758,143
34.6033,-104.3811,196
34.9881,-120.3211,101
31.3706,-100.4942,92
26.8400,-81.0872,124
41.9342,-88.7756,145
42.1231,-111.3133,167
37.3822,-102.2986,190
40.0892,-99.2133,85
35.4139,-86.8086,51
37.7617,-117.5658,174
32.8242,-95.5275,100
43.5492,-71.4647,154
36.0147,-85.1314,103
44.1183,-121.2103,56
35.6872,-90.0964,74
30.2003,-92.6642,64
39.9614,-86.0586,21
38.4931,-122.0047,29
42.3806,-96.9575,6
32.8522,-95.8864,101
45.6911,-118.8522,114
32.2822,-106.7597,103
34.5989,-103.2161,295
35.2006,-103.6867,182
33.0642,-101.0489,151
41.4439,-86.9294,187
33.1481,-95.6269,0
36.5508,-114.4581,31
33.1461,-107.1842,159
39.3925,-101.0689,229
44.8831,-85.6753,257
40.2539,-85.1483,69
26.5581,-99.1372,45
35.0489,-97.9158,98
25.8175,-80.2858,58
34.0828,-106.8831,64
44.3089,-85.2050,127
38.0047,-120.4864,58
30.7053,-104.0233,126
36.6897,-108.3086,142
32.4219,-93.6381,90
37.9931,-100.8122,146
29.6211,-96.3661,69
34.1381,-88.9983,32
32.9203,-94.7225,122
