32.5667,-117.1167,100
40.2342,-85.3936,60
30.0494,-90.0289,230
43.9906,-70.9475,300
45.6194,-121.1661,60
35.2333,-101.7089,310
34.2622,-88.7714,350
32.3367,-90.2214,270
32.6500,-114.6167,40
37.1431,-107.7597,10
37.4389,-105.8614,230
30.0481,-102.2131,350
34.2675,-77.8997,180
45.2486,-122.7686,180
46.7708,-100.7603,320
34.2008,-119.2069,70
35.2372,-120.6414,120
28.8208,-81.8097,270
43.0661,-108.4767,260
60.7850,-161.8292,20
64.7767,-141.1483,290
41.6117,-90.5808,20
37.2253,-89.5706,360
38.8169,-92.2183,350
27.4981,-80.3767,310
40.4122,-86.9369,60
38.9286,-90.4281,360
34.8822,-95.7831,330
35.0169,-80.6206,200
38.3000,-76.4167,240
36.2117,-115.1958,350
41.3461,-82.1794,60
40.9781,-124.1086,330
46.7994,-102.7972,270
37.7461,-97.2211,330
41.7806,-122.4717,190
32.5667,-117.1167,100
40.2342,-85.3936,60
30.0494,-90.0289,230
43.9906,-70.9475,300
45.6194,-121.1661,60
35.2333,-101.7089,310
34.2622,-88.7714,350
32.3367,-90.2214,270
32.6500,-114.6167,40
37.1431,-107.7597,10
37.4389,-105.8614,230
30.0481,-102.2131,350
34.2675,-77.8997,180
45.2486,-122.7686,180
46.7708,-100.7603,320
34.2008,-119.2069,70
35.2372,-120.6414,120
28.8208,-81.8097,270
43.0661,-108.4767,260
60.7850,-161.8292,20
64.7767,-141.1483,290
41.6117,-90.5808,20
37.2253,-89.5706,360
38.8169,-92.2183,350
27.4981,-80.3767,310
40.4122,-86.9369,60
38.9286,-90.4281,360
34.8822,-95.7831,330
35.0169,-80.6206,200
38.3000,-76.4167,240
36.2117,-115.1958,350
41.3461,-82.1794,60
40.9781,-124.1086,330
46.7994,-102.7972,270
37.7461,-97.2211,330
41.7806,-122.4717,190
33.0375,-116.9158,70
42.8153,-108.7261,250
32.5722,-116.9794,120
36.0097,-94.1694,330
42.5950,-87.9381,40
39.6014,-116.0056,200
47.2856,-68.3133,290
34.1750,-91.9347,290
43.0206,-102.5183,280
39.7333,-77.4333,60
44.4683,-73.1500,340
41.8833,-91.7167,50
39.8233,-93.5792,360
43.5164,-112.0672,10
36.0394,-95.9844,320
29.7333,-85.0333,290
34.4258,-119.8425,270
43.9922,-76.0217,350
41.6764,-70.9583,280
44.1278,-123.2206,220
42.2333,-83.5333,50
31.3214,-85.4497,210
38.3794,-81.5900,150
46.9208,-114.0925,250
36.7414,-104.5022,50
41.2531,-70.0608,270
44.2558,-121.1392,180
41.5272,-85.7922,70
31.3558,-85.7511,210
44.3592,-89.8369,80
37.3278,-95.5042,320
41.6264,-80.2150,260
60.1283,-149.4167,350
43.9658,-107.9508,180
42.2667,-84.4667,30
35.1442,-111.6664,70
61.2169,-149.8550,30
40.0397,-88.2778,40
64.5500,-149.0717,290
26.2500,-80.1083,330
36.9839,-77.0075,160
48.4608,-119.5167,310
40.0681,-118.5692,190
21.4500,-157.7833,40
38.8761,-98.8092,350
30.0675,-95.5561,290
44.3394,-105.5419,290
32.7800,-79.9319,190
41.0089,-74.7367,350
34.0511,-118.2353,270
37.9272,-100.7247,340
39.3792,-74.4242,280
26.5361,-81.7550,40
39.8447,-89.6839,10
37.2839,-98.5528,340
39.5703,-104.8489,340
64.3267,-158.7417,220
40.4847,-80.2144,60
30.5892,-96.3647,320
44.7694,-106.9689,200
44.0511,-101.6011,330
40.7789,-73.9692,250
44.5344,-72.6144,330
34.9894,-99.0525,340
35.3889,-97.6006,340
35.4344,-119.0542,330
33.9786,-98.4928,340
39.0725,-95.6261,320
36.3189,-119.6289,200
40.6825,-74.1694,300
40.0803,-95.5919,310
27.7839,-97.5108,330
41.9097,-70.7294,270
46.7439,-117.1086,100
42.9486,-78.7369,310
37.9917,-122.0550,30
42.6958,-73.1708,280
29.3389,-98.4719,350
42.6425,-77.0564,320
42.7431,-73.8092,290
42.0647,-104.1528,270
28.4339,-81.3250,340
44.3814,-100.2856,310
41.1519,-104.8061,310
44.3853,-74.2067,280
33.6267,-116.1594,310
37.6542,-122.1150,50
40.4422,-109.5144,240
34.0500,-94.4008,290
41.6686,-70.2800,250
38.3650,-82.5550,190
33.6228,-111.9106,180
41.1583,-73.1289,290
33.6361,-91.7556,280
59.7494,-154.9089,360
39.4519,-87.3089,20
36.7800,-119.7194,200
37.0911,-95.5664,330
30.0375,-91.8839,240
42.9550,-87.9044,50
42.1469,-121.7242,330
32.3542,-95.4025,310
39.9369,-91.1919,20
41.4525,-87.0058,60
37.7214,-122.2208,90
42.9667,-83.7494,50
37.2833,-102.6139,340
45.7728,-122.8611,140
40.8764,-74.2831,290
34.6517,-112.4208,30
36.0969,-79.9433,170
33.8117,-78.7239,230
33.1783,-86.7817,300
37.5050,-77.3203,270
45.0717,-83.5644,30
45.6689,-96.9914,360
38.9408,-77.4636,290
42.8939,-85.5447,80
42.5519,-71.7558,290
32.5428,-93.7450,310
41.2639,-72.8872,230
34.2006,-118.3575,180
58.6794,-156.6294,360
62.3200,-150.0950,40
47.5303,-122.3008,160
38.5050,-107.8975,150
45.4558,-98.4131,350
45.5511,-122.4089,100
42.1094,-77.9919,300
41.6328,-91.5431,50
33.2119,-87.6161,270
46.9253,-96.8111,190
46.1569,-123.8825,80
34.9869,-81.0575,220
40.8436,-72.6322,300
41.0731,-71.9233,260
41.3375,-84.4289,60
39.3669,-101.7000,330
36.3333,-119.9500,160
39.9444,-81.8922,200
33.4050,-118.4158,110
34.6294,-118.0836,90
34.4272,-100.2831,360
31.4208,-110.8458,150
37.3031,-108.6275,180
39.2292,-106.3169,330
44.5483,-95.0803,30
29.7036,-98.0281,10
33.8750,-84.3022,300
40.8217,-72.8689,300
42.5544,-92.4011,50
36.1189,-86.6892,180
32.6847,-83.6528,190
42.4092,-83.0100,40
36.6239,-87.4194,330
48.5428,-109.7633,210
32.2622,-107.7206,80
40.8203,-82.5178,220
31.3711,-100.4922,30
35.6169,-106.0889,340
30.3208,-97.7603,340
40.0489,-107.8853,40
41.5944,-109.0528,270
35.5931,-88.9167,340
42.7611,-87.8136,40
41.5631,-83.4764,50
47.4444,-122.3139,190
46.0947,-118.2869,180
39.3450,-81.4392,210
32.3500,-91.0278,270
32.9733,-97.3181,320
30.7797,-86.5225,230
38.6956,-121.5897,160
48.0944,-105.5744,250
33.9519,-117.4386,40
48.2553,-101.2733,250
41.4333,-99.6333,330
7.0833,171.3833,50
38.8000,-97.6500,330
71.2833,-156.7814,270
31.3347,-92.5586,310
29.6381,-95.2819,290
45.0133,-84.7014,40
42.7461,-86.0967,70
40.1519,-122.2536,320
33.5656,-86.7450,270
27.9106,-82.6875,30
42.1128,-92.9175,50
37.3711,-118.3581,180
30.4781,-87.1869,230
29.1097,-95.4619,310
40.1203,-76.2944,270
43.4075,-94.7461,20
44.6381,-90.1875,80
30.6794,-88.2397,230
32.7667,-97.4500,320
38.4167,-113.0167,10
46.4167,-86.6500,30
33.9381,-118.3889,220
47.9078,-122.2803,180
40.7794,-73.8803,300
32.7336,-117.1831,330
38.7642,-87.6056,360
45.8183,-88.1144,30
66.9161,-151.5089,30
37.7086,-113.0944,360
40.2064,-100.5914,340
46.4267,-105.8825,250
35.8922,-78.7819,230
36.0167,-102.5500,260
38.1811,-85.7392,350
26.0719,-80.1536,350
40.6331,-93.9019,10
33.6800,-117.8664,60
41.5333,-71.2833,310
28.4736,-82.4544,290
17.7028,-64.8056,90
48.5222,-123.0231,350
40.6161,-83.0636,40
38.8853,-79.8528,250
39.4019,-77.9844,270
42.4167,-87.8667,10
29.1828,-81.0483,270
43.1406,-89.3453,50
37.2958,-81.2078,280
32.3336,-104.2581,290
25.7906,-80.3164,300
26.9172,-81.9914,270
32.8342,-115.5786,350
31.9514,-85.1289,190
34.7442,-87.5997,280
33.4669,-82.0386,190
39.1667,-76.6833,270
35.9333,-79.0642,130
45.1947,-123.1339,140
18.3331,-64.9667,90
41.8678,-84.0794,80
44.3675,-71.5450,300
41.1078,-92.4467,40
36.1625,-97.0894,330
47.9375,-124.5550,200
41.1214,-100.6694,330
24.5550,-81.7522,340
43.7700,-88.4864,20
46.0261,-91.4442,40
28.8614,-96.9303,280
45.5433,-94.0514,50
41.5175,-81.6836,30
40.4719,-81.4236,20
24.5833,-81.6833,320
40.6508,-75.4492,240
41.5092,-74.2650,300
32.8519,-96.8556,330
36.8167,-76.0333,270
18.2550,-65.6408,130
38.8100,-104.6883,20
34.1853,-79.7239,170
41.2433,-76.9217,310
25.9069,-80.2803,360
47.0492,-109.4578,240
36.7683,-96.0261,340
31.4156,-87.0442,200
42.3075,-85.2511,50
43.5331,-84.0797,50
36.9878,-120.1106,120
41.1389,-75.3794,310
38.7550,-109.7542,320
40.2383,-75.5572,40
35.5144,-108.7939,50
33.9706,-80.9958,200
34.2167,-119.0833,70
48.2138,-106.6213,140
48.1203,-123.4983,290
35.2236,-80.9553,170
26.1522,-81.7753,310
44.5169,-108.0822,250
38.6572,-90.6558,350
47.9742,-117.4283,360
39.3756,-99.8297,350
38.8983,-119.9947,190
31.9433,-102.1889,10
34.2900,-93.0600,310
32.8167,-115.6833,10
28.0622,-81.7542,350
44.8428,-117.8086,320
39.7556,-82.6572,30
30.4000,-81.4167,210
35.2578,-93.0947,300
18.4325,-66.0108,60
34.6439,-86.7861,270
31.6072,-110.4281,80
37.2622,-104.3378,250
40.2769,-74.8158,280
42.0800,-80.1825,60
63.9944,-145.7214,280
47.3258,-106.9475,280
46.5486,-90.9189,50
55.5800,-133.0750,220
46.8706,-68.0172,300
32.8158,-117.1394,220
47.4933,-122.2144,330
30.1831,-97.6800,350
35.1822,-103.6031,220
40.8289,-115.7886,70
33.3644,-81.9633,220
39.4781,-88.2803,30
21.3167,-158.0667,20
43.3500,-73.6167,350
59.4556,-135.3239,210
30.9119,-102.9167,230
39.1258,-123.2008,280
37.7064,-112.1456,40
44.9047,-97.1494,10
45.5464,-100.4078,320
40.1667,-103.2167,340
43.1711,-86.2367,50
33.7792,-84.5214,290
60.7850,-148.8389,270
31.8606,-86.0122,210
45.0319,-102.0192,290
31.6189,-97.2283,340
35.5342,-97.6469,340
43.8789,-91.2528,60
13.4836,144.7961,80
47.2675,-122.5761,190
34.8831,-82.2203,200
44.3981,-98.2231,340
47.6831,-117.3214,200
47.3078,-119.5153,320
39.1333,-86.6167,20
35.8550,-77.8931,280
40.7833,-91.1253,40
35.0028,-105.6628,300
39.9181,-76.8742,240
67.7317,-164.5483,20
39.6428,-79.9164,220
30.6264,-88.0681,230
40.5175,-122.2986,160
36.6206,-116.0278,130
30.3975,-84.3289,240
42.8375,-103.0953,300
28.7247,-96.2536,300
46.0139,-102.6547,280
45.9647,-112.5006,260
37.2353,-93.4003,320
38.3083,-75.1239,250
42.8914,-73.2469,270
38.0442,-87.5206,350
19.7192,-155.0531,40
30.5069,-86.9597,230
39.7075,-86.2803,30
37.1319,-76.4930,180
39.6728,-75.6008,290
26.1839,-98.2539,300
44.7408,-85.5825,60
41.7361,-72.6506,290
38.3306,-96.1897,330
22.0333,-159.7833,10
48.6033,-112.3753,260
43.4133,-124.2436,140
36.2967,-99.7689,330
34.2719,-83.8303,250
41.8706,-103.5931,330
43.8339,-111.8045,30
39.8344,-88.8656,20
39.8328,-104.6575,170
42.2706,-71.8731,290
37.6928,-121.8144,60
42.1928,-89.0931,30
37.0683,-88.7719,340
39.5936,-84.2264,40
44.0433,-103.0536,330
41.2003,-74.6231,280
33.4964,-90.0867,260
41.4131,-81.8600,40
37.1467,-94.5022,320
32.6261,-116.4681,50
36.1994,-95.8872,320
39.1033,-84.4189,20
57.1553,-170.2222,60
40.6675,-89.6839,40
46.8369,-92.2097,70
40.1764,-80.6472,230
30.7044,-87.0231,180
37.6544,-97.4425,330
37.7081,-77.4344,210
32.7817,-98.0603,330
39.4900,-121.6183,140
46.9258,-98.6692,200
31.5358,-82.5067,230
34.9000,-76.8833,160
42.8050,-72.0036,280
41.7219,-71.4325,280
35.0564,-89.9864,300
35.3331,-94.3625,290
41.3931,-70.6150,280
44.4983,-88.1111,40
36.6636,-121.6081,100
39.3667,-75.0667,290
55.0389,-131.5786,210
37.0872,-84.0769,230
34.0158,-118.4514,200
29.9506,-94.0206,260
31.3928,-92.2956,260
41.5097,-72.8278,320
42.5906,-117.8644,150
32.4833,-80.7167,200
41.6875,-69.9933,280
27.6531,-80.2428,330
43.1544,-93.3269,20
37.6242,-120.9506,150
34.7000,-77.3833,170
38.1386,-78.4530,190
41.9950,-87.9336,40
7.3333,134.4833,40
26.2281,-97.6542,220
29.3783,-100.9269,270
35.9403,-89.8308,340
33.8117,-118.1464,100
34.4978,-82.7097,210
39.5781,-85.8033,30
46.1442,-115.5964,340
40.5100,-101.6200,330
70.1917,-148.4772,250
44.1708,-114.9272,110
41.3119,-105.6747,270
43.2781,-70.9222,320
42.4819,-114.4869,70
30.3489,-85.7881,200
59.4433,-151.7017,20
32.5156,-92.0406,280
33.2367,-107.2681,30
32.6808,-96.8681,320
30.3433,-89.8222,230
37.7608,-99.9683,350
42.7803,-84.5789,50
40.6239,-74.6694,300
31.8456,-86.6108,220
32.7100,-96.2672,310
42.5417,-113.7661,50
35.0678,-77.0481,170
38.0494,-103.5122,260
30.8356,-85.1839,220
44.0206,-117.0128,310
38.2900,-104.4983,20
55.3567,-131.7117,120
59.2433,-135.5094,120
41.0375,-81.4642,40
29.9933,-90.2511,240
36.9358,-121.7886,80
39.3644,-84.5247,20
38.5911,-92.1558,340
47.0339,-120.5303,150
45.8258,-119.2611,60
47.4667,-87.8833,80
30.7406,-98.2353,330
31.4583,-109.6061,90
36.7436,-108.2292,90
48.7939,-122.5372,160
38.9597,-94.3714,360
39.5514,-97.6508,320
34.3622,-98.9761,320
39.2231,-106.8683,210
15.1167,145.7167,60
47.2078,-119.3192,360
40.8097,-124.1603,280
41.6236,-98.9517,330
39.8683,-75.2311,240
38.2281,-85.6636,320
41.1014,-102.9847,310
46.1236,-67.7928,280
40.7083,-84.0267,40
40.8500,-74.0614,310
38.5000,-77.3000,180
34.8536,-116.7858,270
32.8978,-97.0189,320
39.1894,-103.7158,340
36.6950,-76.1356,170
33.1281,-117.2794,260
31.1500,-92.9667,250
29.6333,-83.1053,240
42.9203,-112.5711,40
43.7694,-87.8506,50
43.6497,-70.3003,290
36.5881,-121.8453,90
30.5108,-99.7664,360
31.1828,-90.4708,230
41.7781,-80.6958,270
32.5500,-88.5667,300
34.5467,-93.5781,310
37.6703,-95.4842,340
35.9508,-85.0814,300
35.2578,-113.9331,20
45.6478,-68.6925,300
34.7336,-76.6606,310
28.5453,-81.3331,270
43.1561,-90.6775,70
26.5850,-81.8614,280
41.7419,-72.1836,280
56.6000,-169.5650,60
38.7667,-104.3000,40
41.9922,-93.6217,30
43.1111,-76.1039,300
35.7425,-81.3819,190
34.7436,-118.7242,80
33.3075,-104.5083,170
34.8994,-120.4486,260
42.6003,-123.3642,120
33.8281,-116.5053,330
48.7167,-94.6000,180
41.5339,-93.6531,30
42.3811,-122.8722,260
40.4953,-107.5211,80
47.4733,-111.3822,230
39.4839,-119.7711,100
46.9733,-122.9033,210
38.5714,-90.1572,350
47.3864,-92.8389,150
45.8678,-95.3942,190
42.2228,-83.7444,40
42.1244,-86.4267,60
37.3208,-79.2067,270
41.9856,-97.4353,330
39.2775,-120.7103,60
46.5683,-120.5428,70
43.9636,-69.7117,300
35.6575,-109.0614,110
43.3906,-99.8422,330
35.1350,-90.2344,320
35.4319,-82.5375,200
30.7439,-95.5861,310
39.0083,-95.2117,330
34.7675,-114.6189,20
39.8250,-86.2958,20
44.6500,-73.4667,310
55.2208,-162.7325,120
34.2097,-118.4892,360
41.4914,-120.5644,50
30.3567,-95.4139,290
33.4617,-80.8581,180
44.8831,-93.2289,10
47.9428,-97.1839,190
38.8317,-94.8897,310
38.8483,-77.0342,290
31.2819,-89.2531,230
43.6264,-72.3047,320
34.6719,-82.8864,260
44.9050,-123.0011,170
32.5161,-84.9422,210
41.3714,-73.4828,290
36.9647,-86.4239,250
58.3567,-134.5639,270
29.6919,-82.2756,250
39.1208,-94.5969,320
26.1658,-97.3458,220
38.0408,-84.6058,160
36.9261,-111.4478,10
29.2733,-94.8592,230
39.5264,-107.7264,270
35.8311,-90.6464,290
41.9144,-88.2464,30
41.8756,-71.0211,270
46.4047,-94.1308,40
42.3978,-90.7036,30
-14.3306,-170.7136,320
27.4014,-82.5586,230
37.5908,-83.3131,180
34.1167,-119.1167,60
35.2100,-99.1200,340
33.4825,-90.9853,320
35.6567,-95.3614,320
44.8322,-93.4706,30
34.9914,-78.8803,170
35.2325,-75.6219,300
45.5644,-84.7928,360
61.1689,-150.0278,350
47.7472,-90.3444,210
29.9800,-95.3600,280
32.2997,-86.4075,230
34.7272,-92.2389,280
42.6650,-83.4181,40
36.2833,-94.3000,300
39.1342,-108.5400,140
33.5872,-85.8556,280
30.4844,-81.7019,220
38.1847,-84.9033,200
43.2119,-90.1814,70
29.5622,-91.5256,260
40.9017,-117.8081,50
33.8719,-117.9789,100
47.1686,-88.4889,70
40.0819,-75.0111,320
41.5886,-83.8014,60
43.3497,-76.3847,300
40.8731,-81.8867,30
39.0431,-84.6717,10
25.9989,-80.2411,340
36.7367,-97.1019,320
31.3500,-85.6667,210
39.4203,-83.8217,30
41.8056,-107.1997,250
38.0511,-117.0903,10
43.1167,-77.6767,320
34.7917,-79.3661,160
42.8975,-106.4636,210
48.5614,-93.3981,80
32.1314,-110.9553,130
7.4500,151.8333,60
26.1969,-80.1708,330
36.6817,-101.5053,340
34.8461,-82.3461,240
45.6983,-110.4408,260
36.0236,-84.2375,200
41.7072,-86.3164,70
44.5761,-71.1786,290
30.7825,-83.2767,180
27.7628,-82.6261,50
33.6542,-101.8136,360
37.1681,-97.0369,330
40.1606,-113.3508,40
43.1953,-71.5011,310
30.2050,-91.9875,230
26.6847,-80.0994,330
31.0425,-86.3117,210
30.5372,-91.1469,230
43.1644,-95.2017,10
6.9667,158.2167,300
62.9614,-141.9292,310
42.3914,-96.3792,350
57.0481,-135.3647,290
42.9333,-71.4383,290
46.3583,-104.2500,260
45.8069,-108.5422,270
39.9492,-74.8417,320
41.7803,-124.2367,170
33.4536,-94.0075,290
47.6458,-101.4394,320
45.6044,-103.5464,300
8.7333,167.7333,40
42.5700,-72.2911,270
60.4889,-145.4511,120
35.0281,-110.7208,220
20.8997,-156.4286,30
45.4622,-69.5953,310
40.9706,-85.2064,60
32.6636,-97.0939,310
33.9486,-81.1186,170
31.2361,-94.7544,280
42.4933,-79.2722,250
40.0781,-83.0781,20
40.1936,-76.7633,270
44.3592,-84.6739,50
62.1592,-145.4589,360
66.8667,-162.6333,350
36.2667,-93.1567,300
57.7511,-152.4856,240
32.3347,-88.7442,200
42.5844,-110.1075,340
60.5797,-151.2392,80
46.2667,-119.1167,360
39.4167,-118.7167,60
42.4700,-71.2894,290
38.2103,-122.2847,90
33.9753,-117.6361,80
44.5228,-114.2150,360
37.4058,-122.0481,360
32.0311,-96.3989,320
40.6386,-73.7622,290
39.1353,-96.6778,360
62.9575,-155.6103,320
33.3633,-84.5658,290
41.6267,-73.8842,290
35.6875,-117.6931,200
34.5183,-109.3792,170
41.1783,-78.8989,260
46.6056,-111.9636,260
37.3169,-79.9742,310
42.0572,-102.8000,310
45.5406,-122.9486,290
38.6892,-75.3592,220
32.4106,-99.6822,350
28.4567,-99.2183,320
40.0972,-92.5433,30
41.3103,-95.8992,340
42.1208,-87.9047,30
38.9833,-76.4667,320
47.4569,-115.6450,240
34.6081,-79.0592,150
25.9156,-97.4186,220
42.8783,-100.5500,320
41.7700,-88.4814,20
38.9503,-95.6639,320
36.2606,-76.1750,270
32.8547,-109.6353,130
27.9619,-82.5403,170
36.9500,-76.2833,270
29.5442,-98.4839,10
32.4506,-93.8411,310
31.5883,-110.3442,130
21.3239,-157.9294,40
37.8892,-121.2258,130
41.4653,-90.5233,50
40.7342,-73.4169,270
41.9381,-72.6825,280
36.7725,-90.3247,350
33.1803,-96.5903,310
43.5950,-118.9564,300
59.5119,-139.6711,240
39.7736,-94.9233,350
33.4278,-112.0039,80
45.0619,-93.3508,30
34.7411,-118.2117,50
33.2208,-92.8142,280
32.3206,-90.0778,220
40.8206,-76.8642,40
33.9228,-118.3342,230
36.8781,-91.9025,330
30.1250,-93.2158,250
39.2447,-102.2842,340
34.0561,-117.6003,50
19.7356,-156.0489,340
43.2389,-123.3547,240
29.3331,-89.4075,260
35.6950,-101.3950,330
44.8889,-116.1017,170
42.1594,-76.8919,310
39.1019,-121.5678,180
41.3325,-122.3328,290
31.5356,-84.1944,210
42.7172,-71.1239,250
40.0228,-82.4625,30
44.3814,-106.7211,180
43.9042,-92.4917,60
42.1908,-71.1736,280
44.2033,-72.5794,290
42.7972,-105.3856,300
66.0689,-162.7639,250
41.2731,-111.0306,220
29.5189,-95.2417,300
39.7078,-77.7297,290
45.6308,-89.4653,80
40.9167,-81.4333,30
35.9461,-112.1547,50
38.3406,-75.5103,240
47.6217,-117.5281,210
31.8111,-106.3758,190
41.3275,-72.0494,290
41.0669,-73.7075,300
41.7872,-111.8533,200
21.1544,-157.0961,30
47.2381,-123.1408,210
37.3592,-121.9239,300
38.7525,-90.3736,350
45.5114,-118.4247,190
42.4272,-73.2892,280
38.0700,-102.6881,10
43.9844,-88.5569,30
34.6525,-86.9453,280
32.8192,-97.3614,310
33.2194,-117.3494,240
44.9319,-93.0556,20
40.3161,-78.8339,280
42.2314,-83.3308,10
35.6697,-120.6283,90
41.2544,-80.6739,30
38.1311,-91.7683,330
61.5961,-149.0917,350
38.0653,-97.8606,320
43.5667,-116.2406,280
64.5111,-165.4400,20
30.3361,-81.5147,230
35.0419,-106.6156,350
21.9839,-159.3405,30
41.0467,-78.4117,60
40.6044,-98.4272,310
41.3336,-75.7269,300
42.5708,-77.7133,320
61.1781,-149.9664,350
32.7000,-117.2000,360
37.7836,-81.1231,140
28.1011,-80.6439,310
31.7800,-103.2017,40
31.9206,-102.3867,30
25.6475,-80.4331,10
42.1997,-75.9850,310
39.9914,-82.8808,30
42.1578,-72.7161,320
32.3847,-94.7117,310
36.9033,-76.1922,260
33.6186,-114.7142,350
40.3667,-75.9667,300
47.3978,-120.2014,280
45.7881,-111.1608,170
27.7411,-98.0247,350
35.8517,-97.4142,330
32.1300,-81.2100,170
64.8039,-147.8761,30
40.3547,-79.9217,240
35.1967,-81.1558,180
29.3600,-99.1742,350
36.4486,-103.1539,360
27.5000,-97.8167,220
33.2061,-97.1989,330
43.7331,-103.6114,340
30.7167,-87.0167,220
38.8500,-94.7392,310
41.1961,-112.0114,170
40.3300,-75.1225,290
30.2333,-81.6667,230
41.3497,-71.7989,250
41.7861,-87.7522,30
44.7978,-68.8186,310
40.2172,-76.8514,290
27.6833,-97.2833,260
48.3042,-114.2636,220
33.6300,-84.4417,290
42.5842,-70.9175,290
30.4119,-89.0808,230
43.3436,-72.5178,280
44.0219,-82.7931,40
44.3206,-69.7972,290
36.4731,-82.4044,340
48.3500,-122.6667,120
40.2964,-78.3203,260
38.7042,-93.1833,350
33.9481,-83.3275,220
9.4833,138.0833,60
37.6197,-122.3647,20
70.2117,-151.0017,240
38.3775,-121.9575,150
33.6883,-112.0817,60
30.4000,-86.4717,240
34.5583,-98.4172,340
32.8667,-117.1333,40
36.5728,-79.3361,230
40.8508,-96.7475,330
37.2847,-120.5128,130
38.5039,-122.8103,310
40.9611,-98.3136,340
43.7667,-98.0333,340
31.4000,-93.2833,280
45.6906,-118.8528,310
45.6208,-122.6572,270
37.7797,-89.2497,340
34.3478,-85.1611,180
48.1739,-103.6367,330
43.2339,-75.4117,290
37.9406,-75.4631,250
44.9258,-89.6256,90
39.6092,-110.7547,50
32.8986,-80.0403,200
30.4636,-88.5319,230
42.3606,-71.0106,270
46.4794,-84.3572,360
29.6222,-95.6564,310
39.2956,-80.2289,260
28.0836,-97.0464,250
42.2347,-85.5519,50
35.6542,-105.1419,190
39.2972,-94.7306,350
36.0719,-115.1633,200
45.5908,-122.6003,270
46.9006,-95.0678,200
36.1336,-80.2222,170
28.7797,-81.2436,230
43.1072,-78.9453,280
40.7781,-111.9694,330
41.7636,-96.1778,340
34.1231,-84.8486,180
36.3689,-92.4703,310
38.5069,-121.4950,30
44.8664,-91.4878,40
43.5878,-96.7289,360
24.7258,-81.0517,20
39.2953,-114.8467,10
42.7267,-114.4564,50
39.4494,-74.5672,290
45.2575,-112.5545,240
46.3747,-117.0156,150
39.9061,-84.2186,40
38.1417,-76.4292,190
44.5444,-110.4211,250
34.2486,-82.1592,220
40.7939,-73.1017,300
35.0311,-85.2014,210
41.8031,-78.6403,290
59.6419,-151.4908,80
41.0136,-83.6686,60
46.9728,-123.9303,80
44.9358,-74.8458,300
35.8181,-83.9858,230
31.1522,-81.3908,210
36.0467,-79.4769,200
