43.1406,-89.3453,1
40.3667,-75.9667,1
40.7514,-74.1567,1
41.3044,-95.3844,1
42.1928,-89.0931,1
30.1250,-93.2158,1
41.5886,-83.8014,1
39.4206,-79.0050,1
40.5972,-79.1186,1
42.3075,-85.2511,1
33.5872,-85.8556,1
35.8311,-90.6464,1
38.9597,-94.3714,1
30.4119,-89.0808,1
34.6747,-82.2267,1
39.6428,-79.9164,1
39.5333,-89.3069,1
33.4617,-80.8581,1
42.4272,-73.2892,1
37.7797,-89.2497,1
41.9922,-93.6217,1
44.5344,-72.6144,1
33.3064,-92.4833,1
39.0083,-95.2117,1
44.9047,-97.1494,1
30.7825,-83.2767,1
41.2544,-80.6739,1
38.2103,-122.2847,1
38.0442,-87.5206,1
41.1078,-92.4467,1
39.2972,-94.7306,1
43.1561,-90.6775,1
15.1167,145.7167,1
39.4019,-77.9844,1
30.2050,-91.9875,1
43.8339,-111.8045,1
37.0683,-88.7719,1
44.7978,-68.8186,1
39.9061,-84.2186,1
64.8039,-147.8761,1
42.5544,-92.4011,1
42.8939,-85.5447,1
40.5175,-122.2986,1
43.5164,-112.0672,1
35.5453,-82.6986,1
43.9922,-76.0217,1
36.3278,-119.2994,1
42.9389,-72.3247,1
44.8831,-93.2289,1
46.1569,-123.8825,1
57.1553,-170.2222,1
30.6794,-88.2397,1
42.5417,-113.7661,1
43.9042,-92.4917,1
35.5931,-88.9167,1
40.4122,-86.9369,1
65.1744,-152.1069,1
21.4500,-157.7833,1
41.3375,-84.4289,1
29.9506,-94.0206,1
44.2964,-112.4094,1
34.7442,-87.5997,1
38.1311,-91.7683,1
48.2006,-122.1281,1
25.5011,-80.5500,1
39.8800,-86.0514,1
38.9286,-90.4281,1
43.5594,-90.8761,1
42.3978,-90.7036,1
33.8750,-84.3022,1
40.4719,-81.4236,1
42.2122,-71.1136,1
31.1828,-90.4708,1
43.1111,-76.1039,1
39.7075,-86.2803,1
42.2342,-113.8981,1
43.6039,-116.5753,1
41.4131,-81.8600,1
44.2436,-112.2006,1
41.9856,-97.4353,1
46.7708,-100.7603,1
41.4653,-90.5233,1
59.2381,-135.4494,1
40.6675,-89.6839,1
48.7939,-122.5372,1
40.0972,-92.5433,1
38.3139,-81.7186,1
39.9444,-81.8922,1
42.2417,-83.6933,1
39.7078,-77.7297,1
36.1189,-86.6892,1
44.3853,-74.2067,1
43.3906,-99.8422,1
36.2033,-119.0545,1
37.6197,-122.3647,1
40.2342,-85.3936,1
38.6572,-90.6558,1
45.6208,-122.6572,1
37.0683,-88.7725,1
40.1519,-122.2536,1
42.9667,-83.7494,1
37.8892,-121.2258,1
41.8678,-84.0794,1
42.9486,-78.7369,1
44.8428,-117.8086,1
43.2389,-123.3547,1
47.6217,-117.5281,1
40.7781,-111.9694,1
36.0236,-84.2375,1
44.8889,-116.1017,1
41.8161,-80.4250,1
62.9575,-155.6103,1
56.6000,-169.5650,1
38.8169,-92.2183,1
37.6928,-121.8144,1
41.6569,-69.9589,1
64.5111,-165.4400,1
43.5667,-116.2406,1
42.2947,-83.7108,1
43.1953,-71.5011,1
39.7736,-94.9233,1
39.9964,-79.0833,1
39.0431,-84.6717,1
47.6831,-117.3214,1
38.3794,-81.5900,1
40.6331,-93.9019,1
36.7800,-119.7194,1
39.1258,-123.2008,1
64.9592,-147.6261,1
40.2964,-78.3203,1
43.4075,-94.7461,1
39.4781,-88.2803,1
37.7767,-79.4386,1
39.7333,-77.4333,1
38.8317,-94.8897,1
42.1128,-92.9175,1
55.0389,-131.5786,1
48.4608,-119.5167,1
36.9647,-86.4239,1
35.4186,-119.0508,1
46.9733,-122.9033,1
31.3558,-85.7511,1
36.3689,-92.4703,1
64.8553,-147.7217,1
44.4622,-115.5817,1
39.8344,-88.8656,1
42.7611,-87.8136,1
42.9203,-112.5711,1
71.2833,-156.7814,1
38.1811,-85.7392,1
43.5878,-96.7289,1
40.9611,-98.3136,1
41.3325,-122.3328,1
34.3478,-85.1611,1
44.6500,-73.4667,1
38.7642,-87.6056,1
44.5228,-114.2150,1
35.9508,-85.0814,1
40.0397,-88.2778,1
35.5500,-88.7169,1
40.9167,-81.4333,1
43.0428,-112.4133,1
38.3775,-121.9575,1
47.8453,-121.9944,1
36.3189,-119.6289,1
44.2667,-71.2994,1
38.8853,-79.8528,1
36.7458,-86.2258,1
39.8447,-89.6839,1
41.7372,-87.7775,1
58.4111,-135.7089,1
47.9742,-117.4283,1
46.8706,-68.0172,1
42.7461,-86.0967,1
45.5511,-122.4089,1
39.4519,-87.3089,1
43.7667,-98.0333,1
41.6328,-91.5431,1
44.2033,-72.5794,1
44.3981,-98.2231,1
47.3978,-120.2014,1
46.5022,-116.3217,1
45.0831,-91.3311,1
48.2553,-101.2733,1
42.4819,-114.4869,1
43.1711,-86.2367,1
40.3161,-78.8339,1
27.4981,-80.3767,1
41.7072,-86.3164,1
36.8781,-91.9025,1
35.0197,-82.6925,1
40.1764,-80.6472,1
37.9339,-114.4522,1
38.5069,-121.4950,1
39.8250,-86.2958,1
29.1097,-95.4619,1
37.6183,-79.4358,1
47.2078,-119.3192,1
42.2667,-84.4667,1
45.4558,-98.4131,1
36.3158,-119.6369,1
30.5372,-91.1469,1
43.5139,-112.0125,1
41.6117,-90.5808,1
40.4847,-80.2144,1
46.6722,-120.4994,1
44.5228,-116.0481,1
41.1783,-78.8989,1
45.5406,-122.9486,1
42.2706,-71.8731,1
38.7525,-90.3736,1
30.0375,-91.8839,1
44.0303,-71.1383,1
40.7500,-88.2886,1
34.1231,-84.8486,1
40.9706,-85.2064,1
42.5950,-87.9381,1
59.5119,-139.6711,1
41.3933,-87.7650,1
37.9917,-122.0550,1
42.2314,-83.3308,1
41.8833,-91.7167,1
55.5800,-133.0750,1
42.0628,-88.2861,1
38.0408,-84.6058,1
38.4844,-93.2556,1
36.9878,-120.1106,1
45.1947,-123.1339,1
41.8031,-78.6403,1
41.8264,-96.0506,1
48.3042,-114.2636,1
45.2486,-122.7686,1
42.8633,-70.8997,1
42.0800,-80.1825,1
38.8700,-87.0917,1
38.1847,-84.9033,1
39.9914,-82.8808,1
37.2253,-89.5706,1
47.3078,-119.5153,1
20.8997,-156.4286,1
41.1733,-86.7572,1
38.6956,-121.5897,1
45.7728,-122.8611,1
47.9375,-124.5550,1
40.7083,-84.0267,1
38.5039,-122.8103,1
36.6239,-87.4194,1
38.4306,-122.8647,1
43.5697,-76.1164,1
42.7803,-84.5789,1
39.1019,-121.5678,1
40.1100,-87.9567,1
46.9728,-123.9303,1
40.8203,-82.5178,1
43.2119,-90.1814,1
36.7725,-90.3247,1
47.5303,-122.3008,1
37.7836,-81.1231,1
42.1106,-104.9492,1
13.4836,144.7961,1
61.1689,-150.0278,1
40.4953,-107.5211,1
42.8917,-112.4086,1
36.2667,-93.1567,1
34.2622,-88.7714,1
44.5169,-108.0822,1
64.8172,-147.8739,1
34.2675,-77.8997,1
47.4444,-122.3139,1
55.2208,-162.7325,1
35.0564,-89.9864,1
40.8097,-124.1603,1
38.8500,-94.7392,1
44.0206,-117.0128,1
37.6242,-120.9506,1
41.4914,-120.5644,1
46.9208,-114.0925,1
41.3103,-95.8992,1
42.3811,-122.8722,1
38.5911,-92.1558,1
41.9950,-87.9336,1
47.3767,-121.9614,1
42.2347,-85.5519,1
37.2353,-93.4003,1
39.2728,-79.3683,1
40.9667,-78.5872,1
39.5781,-85.8033,1
34.0500,-94.4008,1
45.5908,-122.6003,1
37.5908,-83.3131,1
38.3650,-82.5550,1
40.9781,-124.1086,1
43.3500,-73.6167,1
39.1333,-86.6167,1
40.1936,-76.7633,1
37.2958,-81.2078,1
42.1997,-75.9850,1
41.5272,-85.7922,1
40.7833,-91.1253,1
41.5183,-84.1453,1
41.7636,-96.1778,1
41.7806,-122.4717,1
38.5714,-90.1572,1
47.0036,-114.4781,1
44.1278,-123.2206,1
37.5658,-76.8000,1
38.2281,-85.6636,1
19.7192,-155.0531,1
34.9281,-82.4781,1
48.9514,-115.6267,1
42.1469,-121.7242,1
40.8839,-73.3722,1
43.1544,-93.3269,1
26.1839,-98.2539,1
38.7042,-93.1833,1
37.2847,-120.5128,1
41.7803,-124.2367,1
46.9258,-98.6692,1
35.4344,-119.0542,1
45.5464,-100.4078,1
44.9050,-123.0011,1
42.1244,-86.4267,1
42.3914,-96.3792,1
39.3450,-81.4392,1
33.2119,-87.6161,1
41.5339,-93.6531,1
