40.1100,-87.9567,360
40.9656,-105.2186,270
40.5764,-105.0858,184
41.0103,-103.8769,315
34.2183,-116.4072,230
61.2967,-149.4400,0
40.6558,-97.2208,340
47.0083,-88.4317,45
44.4933,-68.4583,45
39.6442,-74.8072,10
40.8600,-102.8031,45
39.0733,-93.7075,270
41.8161,-80.4250,30
45.4525,-99.3358,360
39.7750,-105.1169,140
47.2919,-88.4208,26
39.7194,-76.8028,340
47.0111,-109.2261,23
39.1439,-103.4897,340
48.0750,-111.2597,135
47.6497,-120.0800,97
39.4206,-79.0050,220
35.0761,-89.7430,180
35.1375,-77.9892,200
30.5347,-94.4456,360
41.7392,-77.9711,180
34.6242,-106.3103,260
45.6656,-97.0392,315
48.9981,-110.2158,27
34.1206,-115.8500,293
46.2314,-112.1136,201
