42.9827,-95.9939,13
46.8730,-113.8638,305
40.6702,-76.2308,185
46.5631,-119.6060,3
45.1864,-85.1478,0
42.2832,-83.7715,295
38.9018,-97.1242,5
49.8599,-97.1128,0
46.3526,-61.0776,18
38.7575,-120.6046,0
41.0086,-74.6819,173
43.2422,-88.2889,89
40.5472,-105.0749,0
47.5275,-114.1048,53
39.0664,-89.7281,0
46.5704,-105.7049,127
48.0913,-114.4642,20
44.3552,-72.4554,23
39.7169,-86.2417,3
39.0432,-79.0496,0
35.4049,-78.6810,0
40.8784,-87.8462,178
44.0250,-66.1030,0
42.4981,-76.8715,142
44.4991,-63.5264,0
41.5886,-81.3491,246
42.2107,-70.8904,104
46.3118,-116.0553,15
41.7833,-93.7999,76
38.7449,-97.7235,13
39.6025,-104.9762,0
42.5973,-74.5931,140
40.7739,-84.0800,147
40.7683,-89.6672,36
44.8720,-69.4203,0
38.3401,-107.0943,0
42.9962,-82.4643,290
45.1715,-67.0816,0
40.1385,-89.3456,48
37.7847,-79.9165,0
40.8123,-72.7718,5
39.5362,-76.5446,86
42.1587,-78.4905,175
40.5538,-105.1289,0
41.5577,-87.6594,130
40.3038,-103.1114,0
34.6544,-86.5617,0
47.8101,-118.1101,0
37.7751,-97.3693,0
41.3493,-75.7714,124
42.0181,-74.0151,234
47.5857,-122.6092,0
46.4667,-63.9892,0
40.7915,-74.1398,203
44.8353,-122.6836,0
46.4393,-95.5887,0
49.8922,-97.0283,0
44.4412,-90.1289,0
42.1070,-84.6260,152
47.7708,-120.6646,33
51.1240,-104.9917,0
42.4675,-71.4820,81
41.6425,-86.0415,254
41.9286,-74.0195,127
35.5813,-88.8306,0
46.9392,-114.0194,28
35.3782,-88.5490,0
37.7892,-120.7518,0
39.8895,-82.7680,168
44.4171,-72.2350,38
42.4000,-88.7424,203
41.8026,-75.6972,157
42.0044,-87.8460,368
45.4788,-122.7692,0
33.9837,-83.1378,0
41.5538,-70.6115,36
41.3846,-79.6979,157
43.6394,-108.2133,0
39.5462,-104.9655,0
41.4088,-81.7448,170
42.5110,-76.9155,124
41.0497,-72.4302,89
38.4935,-90.7942,0
41.8029,-72.7767,140
46.7985,-96.1218,0
43.9917,-79.6778,10
42.8370,-78.7433,127
41.7523,-73.6488,142
45.4681,-122.6813,0
39.7013,-86.4079,69
41.6225,-86.2163,259
37.6782,-96.9723,8
41.7788,-107.1169,0
44.0390,-122.8500,0
42.4921,-70.8758,102
39.6450,-106.3953,8
46.2728,-106.6471,0
44.5179,-103.6698,0
40.0781,-88.2537,94
45.8608,-84.7197,0
36.7500,-93.9400,0
42.7590,-71.5370,66
45.6745,-118.8079,0
43.8981,-72.1377,5
36.1595,-86.8513,0
42.1739,-88.2993,193
45.7139,-89.4215,0
42.8253,-85.5894,145
38.3299,-97.7787,0
39.5482,-104.1273,8
40.8796,-74.2270,267
42.0478,-91.5743,51
40.7990,-76.4322,102
35.9727,-86.7521,5
42.8360,-78.7897,155
41.2949,-75.8682,102
39.3578,-76.5532,74
45.4818,-91.1468,0
36.7207,-86.0349,0
45.8802,-123.2946,0
39.1051,-95.5490,13
46.4698,-63.4920,0
47.2227,-93.4960,0
34.6614,-86.5575,0
47.9533,-117.4769,41
30.8176,-83.8965,0
42.2379,-73.3503,89
34.6250,-86.5367,0
40.7237,-74.2598,188
40.6262,-74.6535,251
40.1499,-74.9333,206
48.3169,-104.9105,5
44.4764,-71.1773,8
43.0521,-78.7643,150
41.9162,-74.1832,211
46.4424,-116.1072,25
42.1823,-83.4364,363
43.0520,-77.2570,114
42.7243,-73.7570,91
35.2470,-83.4140,0
43.2115,-71.4143,0
44.5187,-72.3028,102
39.7140,-86.4090,46
40.9136,-90.2935,30
43.0553,-92.3204,33
41.8001,-90.2751,130
40.2124,-105.0426,0
46.8658,-117.0899,81
38.2752,-97.1940,0
41.3262,-82.4920,193
47.3720,-122.2230,0
42.8480,-88.7542,76
44.0679,-72.8336,86
34.9542,-86.4506,0
35.6072,-87.0592,0
44.7029,-106.3261,0
44.7195,-89.0223,0
39.7729,-86.2799,10
41.2017,-90.7417,889
44.7825,-108.6879,0
39.1746,-75.5132,0
40.9027,-74.0834,218
43.5375,-81.3964,86
40.4407,-105.0619,0
40.7606,-86.7599,185
41.8363,-86.3890,762
44.6654,-94.8544,8
40.9658,-74.4878,249
39.0171,-95.6113,10
41.4405,-93.6883,89
43.9887,-84.7023,91
36.4843,-80.9996,0
45.2753,-62.7127,0
42.2469,-83.0804,259
45.5075,-66.0986,0
43.7706,-66.1120,0
39.3723,-112.3339,0
55.9553,-133.6178,15
43.8668,-70.1507,0
44.5179,-92.2237,0
41.1149,-87.1997,132
41.3740,-74.6845,279
35.5344,-77.3821,0
43.1848,-71.5186,56
47.7746,-116.7996,41
36.2325,-84.9407,0
41.8161,-80.4250,216
39.7978,-93.4997,25
36.0297,-86.9009,0
41.2214,-74.6600,173
41.8939,-88.4761,213
42.9409,-87.9823,147
35.5909,-82.5549,0
39.4582,-107.1839,0
42.4717,-79.3336,203
39.5168,-101.9302,0
42.0043,-87.6697,234
47.9461,-117.2509,48
41.9351,-75.0784,89
38.6639,-77.9756,0
35.1404,-84.2961,3
46.5894,-107.7488,8
41.2216,-85.7949,244
40.6713,-74.5175,203
41.2986,-104.8278,0
44.0800,-99.1300,8
39.2325,-94.7805,5
38.9052,-104.8491,0
29.7643,-98.6535,0
35.6345,-117.9782,0
39.5515,-84.5840,0
40.7494,-96.5928,30
43.9237,-70.2579,0
46.3554,-98.9177,0
40.2469,-75.9981,122
42.8167,-106.4108,0
40.1848,-105.0820,0
42.3775,-71.6583,76
38.7835,-104.8293,0
36.0243,-86.7509,0
47.3714,-102.7606,0
44.4932,-71.7045,8
39.9660,-105.5125,0
43.5695,-116.3248,0
40.6831,-74.5524,231
39.7647,-84.6338,3
41.5832,-88.1911,221
34.7411,-86.7697,5
40.2778,-74.7926,84
52.2915,-104.5762,0
42.8213,-73.7855,102
36.2120,-87.4058,0
39.7918,-94.4804,127
40.3417,-80.1229,41
45.4000,-123.1830,0
44.2899,-96.7871,0
40.5562,-105.0643,0
48.3844,-116.2578,38
47.6421,-65.6876,0
47.7130,-118.9412,0
39.2619,-86.5936,0
40.2763,-75.3006,99
41.4896,-87.0580,193
38.6704,-91.7726,0
40.8656,-74.3851,269
35.5681,-87.6280,0
40.9364,-72.5778,206
41.6189,-87.0825,213
39.4195,-77.2905,51
39.0704,-84.9758,0
41.6598,-87.5529,381
38.5735,-90.0660,0
43.1764,-78.6834,203
51.2522,-106.5403,0
34.6286,-86.5561,0
42.8264,-106.3988,0
40.7157,-89.4123,102
34.7842,-86.7544,0
40.3484,-104.4383,0
42.6038,-76.1637,163
43.5570,-91.5130,8
37.9959,-97.2452,0
43.3189,-89.0268,104
43.2896,-73.7190,137
44.6310,-72.2800,10
39.6742,-89.6693,48
41.1429,-104.7897,0
41.4644,-81.0652,244
41.4406,-73.3904,165
34.7345,-86.2100,0
45.9973,-110.6622,0
34.7058,-86.7503,0
40.0839,-105.3689,0
42.6532,-85.4405,170
40.7623,-74.9719,180
41.9563,-72.5730,132
40.2104,-74.6204,38
42.9919,-85.6944,91
41.5264,-90.5858,147
43.5370,-110.8250,56
44.3592,-72.6964,5
40.3833,-105.1390,5
40.9733,-87.2905,89
42.3420,-83.3021,279
42.0170,-70.7720,89
39.9420,-83.8051,0
40.5382,-74.5921,147
45.4505,-98.5086,0
53.5972,-105.7361,0
39.7054,-104.9754,0
36.1520,-115.3396,0
42.4650,-92.3410,114
38.3339,-104.7898,0
42.6732,-85.6801,175
42.5918,-85.3161,419
41.7304,-88.2376,58
50.1475,-95.8902,0
34.1649,-95.5431,0
44.8745,-123.0444,0
43.5868,-99.7114,0
42.0911,-84.4773,300
39.4405,-98.6906,8
41.5019,-86.3851,185
38.0902,-97.9380,0
39.4617,-104.8911,0
39.0295,-95.1391,97
43.0420,-89.4682,147
39.0562,-98.8450,0
39.0172,-92.7558,18
30.6186,-88.2779,0
44.1756,-72.7961,36
35.1537,-106.2848,0
45.7942,-65.5907,0
40.8565,-74.2004,221
42.7614,-75.5554,135
40.5069,-85.4275,145
43.3617,-110.8370,13
41.8356,-76.4237,66
39.9734,-76.9178,66
37.2595,-93.2523,15
40.5161,-105.1026,0
42.1726,-87.8884,315
42.0576,-86.1399,218
34.7829,-76.9040,0
40.3926,-105.1587,0
44.4560,-92.2907,0
42.1880,-87.9590,124
40.2843,-105.1608,0
40.8173,-76.9097,132
39.7811,-78.4334,61
46.0272,-66.6746,0
40.2077,-75.3522,86
42.7688,-96.9067,165
46.5673,-87.6869,13
43.1425,-80.0696,191
41.2084,-124.1027,0
48.8511,-97.7775,0
39.6879,-104.7063,5
41.4996,-87.9603,163
40.8990,-85.7872,8
43.1070,-71.6171,69
43.2161,-77.9525,97
41.5067,-87.5248,193
41.4645,-87.1026,163
40.5938,-91.1467,69
43.1269,-86.2431,251
48.0324,-116.8062,69
44.6987,-99.4139,8
46.1326,-91.4050,0
44.9846,-93.3744,0
47.0421,-114.0968,23
42.2930,-81.9734,185
34.7806,-86.8644,0
42.8972,-85.7791,170
42.9900,-73.8000,216
44.6053,-72.3094,13
38.8274,-75.4303,0
48.2619,-114.1556,38
45.4340,-122.5036,0
43.6037,-70.9867,28
29.7210,-98.1655,0
44.4677,-87.9735,0
44.2321,-80.7061,33
40.0806,-106.8929,8
42.9021,-87.9666,119
39.7144,-96.8729,20
40.8398,-74.5432,277
43.8737,-80.1343,147
42.8403,-84.4197,236
55.4900,-107.9236,0
34.8567,-86.6850,0
42.4788,-73.2738,51
43.6215,-110.6253,36
38.5524,-90.0805,0
45.6208,-109.1040,0
42.8181,-106.3455,0
40.7666,-87.1520,51
40.0136,-86.2901,13
32.2918,-85.1893,0
38.6418,-77.7672,0
44.9663,-93.8489,0
43.6293,-65.7999,0
40.9511,-74.1183,264
42.4113,-84.5276,216
40.7708,-96.6279,43
40.7301,-85.1607,157
40.4657,-106.8035,76
38.4595,-78.1136,0
39.5128,-86.6418,25
37.5505,-94.5092,0
43.5200,-71.8190,56
41.0233,-100.3669,0
47.7657,-122.3001,0
43.8057,-71.9168,25
41.8163,-88.3068,277
41.1157,-88.8529,185
38.1617,-85.8566,0
41.3728,-88.8415,201
37.1306,-80.5720,0
42.2898,-73.3195,81
43.0387,-99.2259,0
41.3940,-79.4131,201
41.9062,-87.7819,251
38.0288,-84.8988,0
32.1154,-81.2509,0
38.7462,-77.1386,0
35.1375,-77.9892,0
45.3147,-64.4289,0
48.4946,-120.2480,8
45.1702,-91.2361,0
34.5434,-112.3764,0
40.7912,-78.0118,102
41.7814,-88.0674,264
44.3200,-90.8300,28
43.4394,-71.5373,13
41.3221,-105.5837,0
39.1156,-98.6920,254
39.6490,-80.7382,0
43.3544,-70.4795,5
46.4779,-108.4165,0
40.7206,-105.4150,0
41.2225,-87.8185,191
40.8549,-74.9815,221
44.4136,-74.1521,41
42.6785,-91.9289,109
36.0512,-83.9862,0
42.5031,-83.3766,211
42.3663,-87.8356,343
43.7440,-70.4890,5
40.0590,-94.6600,28
39.0252,-95.7272,23
47.6013,-122.6043,0
41.1134,-82.3036,127
42.7938,-73.8639,152
42.9705,-78.8284,150
39.7237,-104.8568,0
43.4472,-88.8526,51
37.6702,-91.8739,8
42.1460,-71.3794,114
41.0483,-93.9496,119
47.9597,-116.7939,53
46.8201,-109.7935,0
41.8777,-71.7513,61
33.1637,-96.6851,0
36.2347,-86.3817,0
42.1906,-89.0604,99
43.1112,-92.9940,180
39.4504,-104.7122,0
40.1421,-89.3559,43
41.1668,-87.2640,84
40.8892,-83.6603,107
42.3917,-72.7384,89
41.5177,-90.6072,142
49.1290,-98.2684,0
42.7729,-83.8187,25
41.5007,-81.5526,221
42.6353,-85.7611,102
47.5749,-120.5976,0
42.1573,-77.0600,124
40.6945,-74.3898,305
38.9846,-94.7633,15
41.7018,-87.7820,267
41.7202,-88.3340,206
49.1971,-100.1496,0
42.6308,-89.8950,71
35.9350,-87.2662,8
41.2233,-85.0570,193
47.0235,-122.8918,0
49.8996,-97.1875,0
39.5186,-104.9492,0
46.7288,-116.9729,43
46.1855,-60.7343,25
42.2406,-84.4669,97
45.1019,-64.4144,10
40.6114,-75.2259,221
39.2849,-85.9526,0
48.6770,-100.8026,0
31.1200,-81.9300,0
42.2115,-70.9506,114
39.9875,-104.6539,5
39.9463,-84.4537,5
41.2313,-90.4354,122
36.5921,-94.4507,0
32.7904,-105.8204,0
40.9158,-74.4758,394
39.1462,-93.4680,8
42.5680,-77.6790,142
39.2323,-106.0516,0
42.5336,-75.6306,173
38.8319,-107.9670,0
39.4202,-84.1493,5
40.2510,-74.2819,84
46.5189,-66.2667,0
40.5140,-106.8240,114
45.6018,-94.1991,0
44.3579,-100.3721,5
39.1949,-104.9333,0
43.6595,-83.8885,117
35.2143,-85.1217,0
40.6600,-75.0080,284
42.5455,-74.1475,140
39.2728,-82.2430,0
43.7434,-92.3065,18
38.9162,-97.5999,3
33.8614,-84.0280,0
45.4060,-122.8780,0
42.0019,-87.6985,366
49.6913,-97.2734,0
42.6536,-85.7597,124
41.1364,-96.0596,25
39.2270,-96.9618,20
33.7476,-84.7452,0
41.9174,-88.6891,91
42.5754,-73.7995,91
41.4469,-74.0214,254
46.8822,-113.9044,33
48.1856,-116.6779,66
39.5865,-86.6333,89
45.2943,-91.6247,0
42.7767,-71.7799,117
36.6144,-93.8363,0
49.8631,-97.2622,0
41.1842,-87.2099,114
39.3032,-95.8141,10
45.1940,-67.3225,0
46.2507,-119.3197,0
34.4344,-86.9153,0
39.5936,-75.0692,15
39.7650,-74.9615,0
42.1913,-87.9403,124
48.8576,-117.3738,36
41.9692,-88.1873,257
45.4624,-75.9712,10
44.3606,-72.8077,20
32.9881,-97.3932,0
43.2471,-75.2775,102
47.0724,-114.0798,0
45.9217,-64.5150,0
40.2896,-88.8020,38
39.0212,-84.2186,0
44.2832,-83.4992,51
40.0668,-93.4576,25
49.7791,-124.3371,0
40.7780,-74.3992,251
47.5017,-64.9355,0
44.7518,-63.7910,0
44.3425,-92.9792,5
40.6398,-74.8297,264
43.8567,-70.4664,0
40.7926,-96.6348,25
41.2144,-85.1242,201
47.1172,-117.3857,61
46.2344,-65.8519,0
48.5050,-121.4800,0
42.3223,-76.5899,178
37.1154,-93.3080,0
42.1331,-73.7854,127
34.7015,-86.0978,0
45.6063,-122.5104,0
34.7911,-86.9092,0
39.7332,-106.6806,0
40.0584,-79.2616,30
46.6046,-90.6492,0
41.0521,-83.5773,104
44.0917,-93.2138,18
42.5088,-72.6973,114
42.0160,-79.1249,1143
41.0127,-74.5103,246
34.7056,-76.9898,0
43.4201,-72.0910,69
42.4516,-76.0437,170
47.1753,-113.4370,43
41.4342,-87.1450,239
45.0043,-65.1169,0
42.9726,-110.9605,48
45.9190,-66.6269,0
39.6250,-97.8920,13
39.4847,-94.4417,10
34.7756,-86.7803,0
45.9290,-66.6283,0
29.4854,-98.6561,0
34.8183,-86.5050,0
43.8335,-73.8978,69
39.0326,-75.5169,0
40.2707,-74.7295,124
29.7409,-97.6802,0
40.5035,-88.9682,94
48.0757,-117.1926,66
43.4514,-88.5956,229
43.0789,-85.6282,170
45.5416,-122.6401,0
45.7904,-66.1473,0
44.7208,-93.1497,10
52.1381,-106.5720,0
39.9757,-78.4087,102
46.9934,-65.5069,0
36.9544,-86.3366,0
39.3740,-74.8471,0
44.2659,-85.2553,36
45.9770,-66.8682,0
43.1551,-99.2584,0
40.5219,-106.9593,53
48.4535,-89.2239,0
37.5990,-101.2911,0
48.9536,-54.6186,0
43.6304,-96.9442,3
44.7910,-75.3822,36
38.6049,-89.9685,0
42.9141,-71.6102,51
40.8173,-74.6049,226
41.5324,-84.8853,119
42.0944,-71.3776,71
34.6444,-86.5056,0
40.5091,-74.8549,109
41.9117,-76.8605,109
34.4972,-87.2300,0
42.8095,-106.3315,0
42.2139,-104.5192,0
41.5417,-87.2715,899
41.8912,-88.0223,264
38.6784,-92.1014,8
40.2835,-78.8901,89
44.0487,-103.2173,0
45.4662,-122.8088,0
38.0565,-94.2890,15
32.4066,-96.3347,0
39.5794,-85.5713,0
40.3895,-75.7541,221
43.1876,-70.8685,46
39.0589,-92.4370,41
43.3818,-84.6586,71
47.5480,-52.8882,0
42.3417,-78.4528,145
39.0284,-88.5659,0
39.7725,-88.8655,69
34.7981,-86.7047,0
38.3207,-90.7217,3
42.1790,-71.5339,79
40.3100,-74.7243,66
42.7112,-87.8457,351
38.3820,-96.0972,0
42.7864,-76.7034,102
47.7454,-117.4141,51
40.0958,-88.2620,69
36.5869,-93.2692,0
41.6904,-72.7163,323
37.2003,-93.2740,0
41.1977,-80.9721,155
41.0589,-83.1127,127
34.9842,-83.3917,0
41.6293,-88.2991,180
44.5125,-78.3606,48
41.7550,-87.8173,305
44.6532,-85.6640,0
38.6664,-86.7911,135
40.1152,-86.4551,46
42.7198,-73.9304,107
32.3772,-86.2575,0
41.5670,-79.7639,152
43.6306,-70.7142,30
34.7296,-86.7048,0
36.1066,-88.0443,0
38.3455,-120.7719,0
43.4301,-110.7976,5
42.8762,-71.6828,48
41.2800,-85.4729,315
41.6326,-74.5604,211
41.2571,-77.0085,140
41.4977,-87.0730,221
43.6224,-71.5351,25
37.5643,-85.7362,0
39.7818,-98.7839,216
37.9018,-88.9341,0
47.5640,-52.7134,13
40.0496,-84.9474,91
39.9223,-104.9554,0
38.6169,-77.9696,0
45.1187,-95.0551,0
32.3191,-90.0806,0
35.9597,-86.6575,0
38.7387,-84.8496,0
42.6509,-78.6106,117
40.5358,-94.8879,76
46.2358,-63.0821,0
42.2660,-87.8460,241
35.5268,-87.5333,0
49.5196,-96.6794,0
41.8339,-90.5439,86
46.4457,-63.3121,0
39.4712,-118.7915,0
43.5141,-89.5691,38
40.4424,-105.1030,0
47.6720,-65.0911,0
43.3439,-91.6443,15
43.8324,-70.1200,0
45.7393,-65.5222,0
42.7856,-72.7695,119
34.8240,-92.2531,0
33.4387,-88.8695,0
42.1753,-122.6572,0
37.9663,-103.5443,0
49.8917,-97.3055,0
45.0713,-64.4857,157
41.3235,-89.5047,152
42.9300,-74.6264,114
43.1543,-71.5486,51
44.2143,-70.5405,18
39.4166,-102.2036,0
41.4082,-83.6716,409
45.6001,-109.0899,0
45.9220,-116.1260,0
40.5504,-105.0328,0
35.5066,-108.7308,0
42.9734,-70.9195,36
41.0890,-74.5399,224
41.4229,-82.7905,33
42.7672,-83.6855,206
39.6693,-104.8220,0
38.1195,-105.5777,0
39.0410,-104.8241,5
40.0945,-88.1282,79
38.2872,-81.7874,0
40.3922,-105.0539,0
39.8725,-86.1373,79
41.9766,-88.0598,137
37.7327,-85.5174,0
41.7321,-93.6498,76
41.0202,-74.3289,206
39.6724,-104.7609,0
39.7220,-106.1370,5
41.3179,-88.6065,178
37.7409,-93.5913,3
45.1226,-93.4579,0
37.4378,-87.4418,0
48.7501,-108.6002,3
46.8153,-92.0637,0
42.1262,-83.8109,206
40.8977,-86.6525,196
39.1570,-104.5034,0
37.8039,-96.8601,0
42.1079,-93.6511,48
42.1653,-75.2585,117
40.6872,-74.8575,328
44.0303,-71.1383,5
40.7846,-89.4822,51
39.4688,-106.0109,25
39.5404,-104.9123,0
43.6911,-80.6535,74
29.5120,-95.0994,0
34.0151,-81.1920,0
39.4041,-79.3722,0
36.2332,-84.9356,0
48.7094,-118.7214,15
43.8705,-93.3036,13
37.9210,-91.4377,15
43.0961,-79.0281,170
27.9855,-81.7902,0
47.5734,-114.0436,69
41.3658,-83.0754,343
46.2084,-119.1658,0
42.5970,-82.1781,292
37.2492,-93.9439,0
42.2845,-83.0346,259
39.8265,-103.5733,0
39.3428,-82.0964,0
41.6048,-75.2833,201
44.0385,-100.2656,0
42.4927,-72.9454,127
43.5629,-79.7347,218
41.1623,-81.5037,97
43.1499,-71.5565,48
37.2596,-97.1112,0
39.4809,-76.3948,152
42.4334,-122.9869,0
41.2492,-85.7967,290
41.3160,-81.1434,157
35.8840,-85.0450,8
40.6259,-105.0621,0
38.9669,-95.2967,13
44.0429,-71.6729,132
53.6050,-105.8944,0
45.4899,-74.6457,5
45.3608,-63.2682,0
43.4282,-97.2533,23
40.5192,-105.1593,0
35.9397,-87.1718,277
44.4136,-68.5873,104
43.5073,-65.6096,0
39.7674,-78.4844,13
41.9221,-111.8193,0
42.8339,-79.9298,61
41.7084,-87.7539,267
40.7447,-111.8677,0
41.5193,-87.9193,239
44.3320,-70.2685,0
44.8916,-72.4435,20
44.1337,-84.0743,20
41.6874,-87.7911,229
34.2024,-78.0948,0
61.6185,-149.1258,0
40.7524,-74.4297,284
43.0137,-78.8296,279
41.1338,-85.0307,251
43.4356,-71.5069,28
29.6849,-95.2197,0
40.4552,-74.6361,97
40.9147,-73.9775,198
41.7920,-86.7519,0
39.4722,-105.3913,0
36.2184,-81.6720,0
34.6389,-86.5436,0
42.9632,-78.8669,127
44.3358,-72.9842,25
44.8382,-92.9359,0
35.7373,-83.9132,0
40.9645,-79.1989,198
36.2528,-81.9136,0
44.9769,-106.8475,0
46.5824,-90.8839,8
36.3188,-85.5019,0
43.8885,-70.2944,13
41.2942,-81.2316,188
41.3190,-82.3773,290
37.6910,-97.4777,3
44.8122,-106.9763,0
42.8316,-74.1152,109
40.5083,-74.8152,249
38.9786,-92.4232,15
41.2833,-75.4500,165
45.0641,-66.8216,0
40.3503,-86.4867,86
42.5019,-92.4418,107
41.2604,-85.8487,206
40.9519,-74.1577,231
40.9142,-91.4293,145
43.6763,-70.4604,5
43.6025,-83.9294,221
39.5753,-104.9746,0
46.2508,-60.6434,36
44.1964,-88.3307,33
38.5059,-91.1376,0
44.5654,-106.9281,0
41.9864,-91.6339,28
38.9433,-119.1916,0
44.7591,-123.2325,0
44.6115,-74.9719,33
39.7948,-105.5730,0
45.7086,-61.9024,23
47.8325,-116.7257,64
41.2098,-81.3548,218
42.8532,-90.7086,102
40.5510,-105.0664,0
40.6418,-74.8827,264
41.5846,-72.8688,38
44.2885,-94.0764,5
42.8988,-72.5235,94
40.4907,-94.4078,76
39.1993,-96.6329,8
39.1692,-85.2361,0
43.8583,-71.2597,5
41.8991,-106.2002,0
40.0403,-82.7980,23
43.0033,-72.5334,109
43.2957,-123.0787,0
44.5014,-68.2208,0
48.0125,-123.1709,0
39.2142,-84.1716,0
41.1667,-104.6039,0
36.1648,-81.6055,0
44.8567,-93.6864,0
40.5355,-82.5628,173
43.1951,-76.2883,137
42.2658,-85.8619,269
34.5360,-92.7651,0
39.5280,-104.9532,0
44.7878,-105.2674,0
39.8171,-105.1774,0
40.9982,-96.9093,13
39.8994,-86.1283,8
47.7934,-116.9023,28
53.3290,-106.1377,0
42.1343,-70.9521,61
41.6336,-71.7895,5
39.6526,-104.8237,0
41.0413,-93.9805,124
40.1833,-89.5779,18
39.7537,-75.7519,86
34.7917,-86.7239,0
38.0450,-85.7155,0
39.9759,-89.7253,23
45.9896,-66.5918,0
41.2418,-88.4149,97
39.6919,-77.1171,61
33.9554,-86.5439,0
43.3367,-72.0606,56
42.1139,-88.0178,251
42.0734,-91.6663,91
36.4671,-93.7370,0
41.9279,-88.4562,147
39.1834,-96.5852,13
44.6698,-64.8526,0
41.5880,-73.8922,170
51.5694,-107.2341,0
41.5007,-79.8497,160
41.2812,-84.3454,274
40.9234,-73.3305,175
41.3719,-92.4975,102
44.0277,-69.5686,0
46.9162,-60.4946,33
47.9026,-114.2078,51
40.4857,-106.8472,64
48.5544,-58.6185,64
41.3297,-86.3568,318
39.9918,-86.0789,81
42.1016,-87.7290,348
39.0382,-88.7500,0
44.0098,-92.9856,28
45.8812,-66.7623,0
41.3003,-73.5700,193
41.5401,-90.4492,160
44.5981,-72.9188,5
38.1335,-97.4363,0
38.6331,-109.4104,0
39.6267,-91.4106,15
41.5247,-89.0906,940
40.4697,-106.8139,74
42.2591,-73.1321,94
41.6470,-73.8970,104
38.4193,-107.9422,3
41.7346,-88.2391,234
38.4849,-92.4041,0
44.5103,-109.0994,0
43.6695,-116.2653,0
43.9873,-81.1033,150
40.8000,-85.1318,140
49.8299,-99.9746,0
40.8451,-74.5969,211
44.2612,-94.9922,8
44.0207,-88.7797,48
43.3472,-72.6968,112
31.8142,-93.0856,0
41.0105,-95.8890,36
41.8183,-86.3423,267
39.6679,-104.9440,0
45.9631,-65.9694,0
39.4915,-102.8229,0
42.0826,-75.9912,66
39.8785,-85.6849,56
42.4429,-73.7866,117
35.3620,-85.3797,0
45.6686,-122.6862,0
41.3677,-81.7018,38
41.8040,-91.4891,61
40.5460,-105.0731,0
42.8410,-81.7084,160
34.7700,-86.4750,0
40.0488,-76.6948,74
40.1597,-89.4532,30
29.5110,-95.0898,0
41.6846,-73.7205,127
51.9130,-101.4930,0
43.9930,-66.1468,0
44.8000,-69.1684,0
43.3265,-98.4354,8
42.5430,-114.5525,0
41.5819,-88.1937,150
38.6205,-87.1359,0
40.2779,-75.6306,216
42.8334,-85.6520,442
30.4144,-97.7664,0
42.9980,-88.0238,119
40.8481,-74.0002,371
42.4093,-86.0481,203
40.4217,-104.7057,0
40.0414,-105.0729,0
36.4003,-84.8954,0
36.3189,-86.5612,0
43.7847,-87.7664,74
39.4170,-92.4504,13
40.0905,-104.7986,0
39.6011,-105.9773,0
38.7696,-92.1797,10
37.0169,-94.4925,0
41.7887,-69.9786,94
39.9645,-93.7809,8
39.3061,-102.2608,0
47.3638,-120.2284,0
46.4238,-94.3033,0
43.4800,-71.5500,33
41.5124,-72.9437,112
42.9542,-81.4349,71
39.1516,-77.2368,0
37.8871,-93.3466,0
39.9873,-105.1703,0
41.6228,-86.0127,193
40.4848,-106.8092,64
44.8344,-93.0358,0
40.8675,-74.7536,254
41.8554,-75.7111,246
34.7293,-87.6472,0
48.1810,-117.1712,71
40.2329,-75.5423,147
41.1207,-85.0895,130
49.4587,-97.0062,0
29.2650,-81.0472,0
44.9215,-83.4270,5
37.7398,-89.8603,0
34.8957,-76.9161,0
39.6221,-86.7790,84
41.3537,-80.0505,198
44.1128,-71.1396,8
43.3085,-87.9848,170
38.8047,-97.6190,5
39.3929,-74.6248,0
40.4754,-106.8085,71
34.1109,-109.9003,0
42.4970,-71.7750,76
35.4606,-81.3296,0
40.6064,-74.8710,198
42.0213,-83.3945,160
42.4310,-83.3819,259
45.5519,-116.3028,0
39.7849,-86.3939,76
48.7176,-118.2049,41
43.2686,-72.0051,18
47.7084,-116.8367,48
39.8546,-84.2112,0
41.5904,-86.7343,422
47.1653,-122.3783,0
49.5171,-96.7356,0
39.7866,-77.7253,33
38.9539,-92.3381,0
36.3087,-87.7842,3
38.1208,-76.3651,0
37.9215,-94.8177,0
42.0168,-87.8557,249
43.7281,-96.6377,0
42.9880,-85.8103,51
37.3996,-119.7381,0
36.1264,-85.3139,5
36.3772,-85.8983,0
24.5695,-81.7559,0
44.6658,-70.0272,0
42.9300,-84.1046,208
41.2853,-95.8336,53
41.2050,-82.8380,109
35.6874,-88.8809,0
41.4393,-87.3542,135
44.7246,-63.8192,0
35.6283,-108.7928,0
43.4868,-70.4347,25
37.6236,-93.8051,0
36.1967,-86.6055,0
38.2859,-85.6141,0
40.0591,-105.1717,0
33.6239,-117.6275,0
40.6834,-74.5731,239
41.5997,-85.0895,175
35.9947,-106.0535,0
47.1556,-53.4722,0
44.8913,-93.3141,0
62.2272,-150.0731,0
40.5421,-74.1476,236
37.0503,-94.5565,0
44.2933,-83.6841,53
40.4624,-90.7452,33
41.5090,-71.1590,25
39.0400,-108.5210,0
39.5539,-97.0631,173
41.9778,-88.1036,104
41.0653,-74.2571,269
45.3825,-63.2281,0
42.8055,-71.6252,135
44.0866,-103.3701,0
40.8737,-85.2148,226
41.8633,-89.2257,231
46.6028,-95.7984,0
45.4174,-83.8106,5
44.7586,-72.1168,8
44.3541,-66.1026,3
42.8966,-76.6727,66
41.4089,-87.3899,130
48.1077,-114.0643,38
40.5674,-74.1327,310
40.5876,-105.1473,0
44.3882,-71.2695,5
40.1800,-74.0520,414
40.9436,-74.1523,274
36.4636,-93.8235,8
44.7584,-108.7769,0
39.6311,-90.4496,107
41.4971,-85.3071,259
40.6317,-75.1045,196
37.4842,-105.8738,0
41.5411,-83.6497,91
40.0177,-105.1288,0
37.1499,-93.3310,0
44.1385,-77.4300,43
39.1223,-77.8187,0
43.3194,-88.1681,147
43.8977,-78.8744,188
47.5939,-52.7288,0
36.1897,-86.5713,0
44.1138,-115.4306,76
39.8626,-74.1410,0
44.6900,-75.4920,41
39.0894,-108.1042,0
42.3523,-74.5783,104
41.2116,-95.8480,3
46.7762,-116.8570,0
42.3778,-87.9674,124
40.9039,-75.3749,211
45.4232,-76.0453,15
47.7446,-122.5097,0
42.8230,-86.0678,114
46.1661,-113.0853,5
41.3661,-89.4519,109
42.8918,-88.1423,23
39.7197,-105.2472,0
47.4669,-121.6806,0
46.4288,-102.4705,0
41.8089,-88.2528,124
42.6602,-73.8103,64
31.8449,-102.4858,0
38.7338,-120.7110,0
46.2508,-63.3342,3
47.3635,-68.3479,99
41.2649,-73.7899,201
41.5745,-88.0330,226
42.9678,-96.0626,8
40.3778,-105.1202,0
46.7544,-117.0005,58
44.0397,-92.4375,8
42.9864,-78.8706,86
44.5292,-109.0755,0
38.3029,-104.7910,0
39.3544,-77.8552,3
43.2772,-97.0896,5
44.0662,-123.0083,0
44.8345,-73.0656,3
40.0891,-97.1959,15
41.8809,-74.0574,211
44.9324,-94.6955,0
42.3600,-83.3533,300
41.5738,-70.5321,81
35.0114,-86.8392,0
39.1971,-96.5813,0
45.9689,-94.3772,0
37.8339,-87.5840,0
45.0336,-123.4277,0
40.3189,-79.3894,0
43.8028,-81.1838,23
43.0810,-70.7138,64
43.5949,-71.7414,38
34.2917,-83.3236,0
41.7010,-84.9867,257
41.4345,-87.1124,262
42.8475,-95.7024,20
39.6268,-104.7828,0
38.0614,-108.9101,0
44.6209,-106.8029,0
41.4854,-71.6291,10
46.9386,-90.8349,5
38.8978,-76.5965,0
38.7845,-76.0739,0
28.1669,-81.8219,0
39.4819,-106.0325,13
50.1784,-100.4396,0
42.4284,-87.8838,86
38.9831,-104.6904,0
43.6107,-73.0466,89
44.6877,-94.0384,0
40.8756,-86.0561,163
45.7699,-64.2180,0
42.5597,-87.8566,163
39.1448,-86.0467,107
41.5843,-70.5687,28
43.5658,-70.9430,0
40.7853,-74.8612,297
32.2529,-80.7350,0
43.3117,-71.1351,79
44.7849,-116.0475,36
36.4590,-81.1525,0
35.8628,-86.2398,0
42.2180,-112.6360,0
39.3722,-81.9231,0
34.1939,-87.3895,0
