32.5667,-117.1167,54
40.2342,-85.3936,107
30.0494,-90.0289,139
43.9906,-70.9475,63
45.6194,-121.1661,89
35.2333,-101.7089,130
34.2622,-88.7714,103
32.3367,-90.2214,98
32.6500,-114.6167,67
37.1431,-107.7597,58
37.4389,-105.8614,54
30.0481,-102.2131,63
34.2675,-77.8997,174
45.2486,-122.7686,76
46.7708,-100.7603,94
34.2008,-119.2069,58
35.2372,-120.6414,98
28.8208,-81.8097,98
43.0661,-108.4767,103
60.7850,-161.8292,81
64.7767,-141.1483,116
41.6117,-90.5808,89
37.2253,-89.5706,116
38.8169,-92.2183,112
27.4981,-80.3767,116
40.4122,-86.9369,98
38.9286,-90.4281,112
34.8822,-95.7831,98
35.0169,-80.6206,125
38.3000,-76.4167,179
36.2117,-115.1958,54
41.3461,-82.1794,116
40.9781,-124.1086,58
46.7994,-102.7972,98
37.7461,-97.2211,94
41.7806,-122.4717,89
33.0375,-116.9158,54
42.8153,-108.7261,63
32.5722,-116.9794,45
36.0097,-94.1694,98
42.5950,-87.9381,89
39.6014,-116.0056,125
47.2856,-68.3133,89
34.1750,-91.9347,103
43.0206,-102.5183,98
39.7333,-77.4333,116
44.4683,-73.1500,81
41.8833,-91.7167,63
39.8233,-93.5792,54
43.5164,-112.0672,81
36.0394,-95.9844,63
29.7333,-85.0333,112
34.4258,-119.8425,45
43.9922,-76.0217,112
41.6764,-70.9583,125
44.1278,-123.2206,72
42.2333,-83.5333,134
31.3214,-85.4497,134
38.3794,-81.5900,130
46.9208,-114.0925,45
36.7414,-104.5022,67
41.2531,-70.0608,174
44.2558,-121.1392,112
41.5272,-85.7922,125
31.3558,-85.7511,107
44.3592,-89.8369,58
37.3278,-95.5042,98
41.6264,-80.2150,81
60.1283,-149.4167,58
43.9658,-107.9508,67
42.2667,-84.4667,94
35.1442,-111.6664,76
61.2169,-149.8550,31
40.0397,-88.2778,134
64.5500,-149.0717,107
26.2500,-80.1083,98
36.9839,-77.0075,103
48.4608,-119.5167,36
40.0681,-118.5692,54
21.4500,-157.7833,72
38.8761,-98.8092,112
30.0675,-95.5561,98
44.3394,-105.5419,107
32.7800,-79.9319,107
41.0089,-74.7367,89
34.0511,-118.2353,31
37.9272,-100.7247,107
39.3792,-74.4242,94
26.5361,-81.7550,98
39.8447,-89.6839,112
37.2839,-98.5528,76
39.5703,-104.8489,103
64.3267,-158.7417,27
40.4847,-80.2144,139
30.5892,-96.3647,94
44.7694,-106.9689,116
44.0511,-101.6011,130
40.7789,-73.9692,98
44.5344,-72.6144,81
34.9894,-99.0525,116
35.3889,-97.6006,139
35.4344,-119.0542,31
33.9786,-98.4928,94
39.0725,-95.6261,76
36.3189,-119.6289,31
40.6825,-74.1694,130
40.0803,-95.5919,72
27.7839,-97.5108,139
41.9097,-70.7294,143
46.7439,-117.1086,103
42.9486,-78.7369,107
37.9917,-122.0550,54
42.6958,-73.1708,148
29.3389,-98.4719,107
42.6425,-77.0564,107
42.7431,-73.8092,81
42.0647,-104.1528,103
28.4339,-81.3250,130
44.3814,-100.2856,94
41.1519,-104.8061,161
44.3853,-74.2067,89
33.6267,-116.1594,40
37.6542,-122.1150,40
40.4422,-109.5144,40
34.0500,-94.4008,89
41.6686,-70.2800,139
38.3650,-82.5550,98
33.6228,-111.9106,31
41.1583,-73.1289,139
33.6361,-91.7556,72
59.7494,-154.9089,63
39.4519,-87.3089,103
36.7800,-119.7194,27
37.0911,-95.5664,98
30.0375,-91.8839,103
42.9550,-87.9044,94
42.1469,-121.7242,76
32.3542,-95.4025,94
39.9369,-91.1919,107
41.4525,-87.0058,76
37.7214,-122.2208,40
42.9667,-83.7494,107
37.2833,-102.6139,76
45.7728,-122.8611,45
40.8764,-74.2831,125
34.6517,-112.4208,76
36.0969,-79.9433,161
33.8117,-78.7239,130
33.1783,-86.7817,112
37.5050,-77.3203,148
45.0717,-83.5644,81
45.6689,-96.9914,81
38.9408,-77.4636,174
42.8939,-85.5447,103
42.5519,-71.7558,81
32.5428,-93.7450,81
41.2639,-72.8872,130
34.2006,-118.3575,54
58.6794,-156.6294,72
62.3200,-150.0950,40
47.5303,-122.3008,112
38.5050,-107.8975,54
45.4558,-98.4131,81
45.5511,-122.4089,116
42.1094,-77.9919,130
41.6328,-91.5431,63
33.2119,-87.6161,103
46.9253,-96.8111,76
46.1569,-123.8825,112
34.9869,-81.0575,130
40.8436,-72.6322,125
41.0731,-71.9233,103
41.3375,-84.4289,89
39.3669,-101.7000,89
36.3333,-119.9500,54
39.9444,-81.8922,98
33.4050,-118.4158,45
34.6294,-118.0836,63
34.4272,-100.2831,76
31.4208,-110.8458,63
37.3031,-108.6275,89
39.2292,-106.3169,125
44.5483,-95.0803,76
29.7036,-98.0281,116
33.8750,-84.3022,130
40.8217,-72.8689,125
42.5544,-92.4011,58
36.1189,-86.6892,112
32.6847,-83.6528,130
42.4092,-83.0100,107
36.6239,-87.4194,130
48.5428,-109.7633,58
32.2622,-107.7206,40
40.8203,-82.5178,125
31.3711,-100.4922,81
35.6169,-106.0889,63
30.3208,-97.7603,67
40.0489,-107.8853,63
41.5944,-109.0528,192
35.5931,-88.9167,125
42.7611,-87.8136,107
41.5631,-83.4764,103
47.4444,-122.3139,143
46.0947,-118.2869,94
39.3450,-81.4392,116
32.3500,-91.0278,81
32.9733,-97.3181,103
27.5333,-99.4667,116
30.7797,-86.5225,107
38.6956,-121.5897,40
48.0944,-105.5744,72
33.9519,-117.4386,40
48.2553,-101.2733,89
41.4333,-99.6333,112
7.0833,171.3833,62
38.8000,-97.6500,94
71.2833,-156.7814,94
31.3347,-92.5586,112
29.6381,-95.2819,125
45.0133,-84.7014,63
42.7461,-86.0967,89
40.1519,-122.2536,67
33.5656,-86.7450,116
27.9106,-82.6875,103
42.1128,-92.9175,72
37.3711,-118.3581,54
30.4781,-87.1869,125
29.1097,-95.4619,107
40.1203,-76.2944,148
43.4075,-94.7461,89
44.6381,-90.1875,63
30.6794,-88.2397,112
32.7667,-97.4500,107
38.4167,-113.0167,63
46.4167,-86.6500,76
33.9381,-118.3889,58
47.9078,-122.2803,89
40.7794,-73.8803,143
32.7336,-117.1831,54
38.7642,-87.6056,130
45.8183,-88.1144,72
66.9161,-151.5089,54
37.7086,-113.0944,54
40.2064,-100.5914,72
46.4267,-105.8825,81
35.8922,-78.7819,116
36.0167,-102.5500,103
38.1811,-85.7392,130
26.0719,-80.1536,107
40.6331,-93.9019,67
33.6800,-117.8664,45
41.5333,-71.2833,125
28.4736,-82.4544,107
17.7028,-64.8056,116
48.5222,-123.0231,45
40.6161,-83.0636,112
38.8853,-79.8528,130
39.4019,-77.9844,161
42.4167,-87.8667,94
29.1828,-81.0483,116
43.1406,-89.3453,81
37.2958,-81.2078,116
32.3336,-104.2581,98
25.7906,-80.3164,94
26.9172,-81.9914,89
32.8342,-115.5786,36
31.9514,-85.1289,72
34.7442,-87.5997,112
33.4669,-82.0386,112
39.1667,-76.6833,148
35.9333,-79.0642,112
45.1947,-123.1339,89
18.3331,-64.9667,107
41.8678,-84.0794,116
44.3675,-71.5450,81
41.1078,-92.4467,76
36.1625,-97.0894,81
47.9375,-124.5550,94
41.1214,-100.6694,58
24.5550,-81.7522,72
43.7700,-88.4864,94
46.0261,-91.4442,63
28.8614,-96.9303,116
45.5433,-94.0514,72
41.5175,-81.6836,139
40.4719,-81.4236,94
24.5833,-81.6833,81
40.6508,-75.4492,157
41.5092,-74.2650,130
32.8519,-96.8556,103
36.8167,-76.0333,192
18.2550,-65.6408,81
38.8100,-104.6883,76
34.1853,-79.7239,143
41.2433,-76.9217,130
25.9069,-80.2803,112
47.0492,-109.4578,125
36.7683,-96.0261,58
31.4156,-87.0442,94
42.3075,-85.2511,112
43.5331,-84.0797,116
36.9878,-120.1106,31
41.1389,-75.3794,148
38.7550,-109.7542,40
40.2383,-75.5572,125
35.5144,-108.7939,40
33.9706,-80.9958,139
34.2167,-119.0833,45
48.2138,-106.6213,98
48.1203,-123.4983,67
35.2236,-80.9553,134
26.1522,-81.7753,76
44.5169,-108.0822,45
38.6572,-90.6558,107
47.9742,-117.4283,54
39.3756,-99.8297,94
38.8983,-119.9947,76
31.9433,-102.1889,98
34.2900,-93.0600,98
32.8167,-115.6833,45
28.0622,-81.7542,94
44.8428,-117.8086,58
39.7556,-82.6572,103
30.4000,-81.4167,103
35.2578,-93.0947,103
18.4325,-66.0108,107
34.6439,-86.7861,103
31.6072,-110.4281,72
37.2622,-104.3378,139
40.2769,-74.8158,125
42.0800,-80.1825,125
63.9944,-145.7214,165
47.3258,-106.9475,81
46.5486,-90.9189,67
55.5800,-133.0750,94
46.8706,-68.0172,94
32.8158,-117.1394,54
47.4933,-122.2144,94
30.1831,-97.6800,107
35.1822,-103.6031,139
40.8289,-115.7886,89
33.3644,-81.9633,157
39.4781,-88.2803,143
21.3167,-158.0667,98
43.3500,-73.6167,76
59.4556,-135.3239,183
30.9119,-102.9167,81
39.1258,-123.2008,31
37.7064,-112.1456,94
44.9047,-97.1494,76
45.5464,-100.4078,103
40.1667,-103.2167,98
43.1711,-86.2367,94
33.7792,-84.5214,134
60.7850,-148.8389,27
31.8606,-86.0122,107
45.0319,-102.0192,130
31.6189,-97.2283,103
35.5342,-97.6469,98
43.8789,-91.2528,58
13.4836,144.7961,98
47.2675,-122.5761,89
34.8831,-82.2203,125
44.3981,-98.2231,89
31.8311,-104.8089,148
47.6831,-117.3214,63
47.3078,-119.5153,58
39.1333,-86.6167,81
35.8550,-77.8931,130
40.7833,-91.1253,81
35.0028,-105.6628,125
39.9181,-76.8742,130
67.7317,-164.5483,107
39.6428,-79.9164,94
30.6264,-88.0681,130
40.5175,-122.2986,58
36.6206,-116.0278,58
30.3975,-84.3289,130
42.8375,-103.0953,112
28.7247,-96.2536,161
46.0139,-102.6547,107
45.9647,-112.5006,94
37.2353,-93.4003,94
38.3083,-75.1239,139
42.8914,-73.2469,112
38.0442,-87.5206,103
19.7192,-155.0531,103
30.5069,-86.9597,116
39.7075,-86.2803,112
37.1319,-76.4930,161
39.6728,-75.6008,165
26.1839,-98.2539,116
44.7408,-85.5825,76
41.7361,-72.6506,94
38.3306,-96.1897,89
22.0333,-159.7833,94
48.6033,-112.3753,116
43.4133,-124.2436,63
36.2967,-99.7689,94
34.2719,-83.8303,134
41.8706,-103.5931,81
43.8339,-111.8045,36
39.8344,-88.8656,125
39.8328,-104.6575,98
42.2706,-71.8731,112
37.6928,-121.8144,63
42.1928,-89.0931,112
37.0683,-88.7719,116
39.5936,-84.2264,98
44.0433,-103.0536,130
41.2003,-74.6231,107
33.4964,-90.0867,89
41.4131,-81.8600,125
37.1467,-94.5022,103
32.6261,-116.4681,72
36.1994,-95.8872,94
39.1033,-84.4189,103
57.1553,-170.2222,116
40.6675,-89.6839,76
46.8369,-92.2097,81
40.1764,-80.6472,125
30.7044,-87.0231,125
37.6544,-97.4425,89
37.7081,-77.4344,125
32.7817,-98.0603,98
39.4900,-121.6183,63
46.9258,-98.6692,98
31.5358,-82.5067,125
34.9000,-76.8833,148
42.8050,-72.0036,54
41.7219,-71.4325,125
35.0564,-89.9864,107
35.3331,-94.3625,103
41.3931,-70.6150,134
44.4983,-88.1111,98
36.6636,-121.6081,67
39.3667,-75.0667,139
55.0389,-131.5786,63
37.0872,-84.0769,125
34.0158,-118.4514,45
29.9506,-94.0206,130
31.3928,-92.2956,63
41.5097,-72.8278,112
42.5906,-117.8644,125
32.4833,-80.7167,143
41.6875,-69.9933,98
27.6531,-80.2428,112
43.1544,-93.3269,72
37.6242,-120.9506,36
34.7000,-77.3833,143
38.1386,-78.4530,107
41.9950,-87.9336,107
7.3333,134.4833,57
26.2281,-97.6542,143
29.3783,-100.9269,58
35.9403,-89.8308,139
33.8117,-118.1464,40
34.4978,-82.7097,143
39.5781,-85.8033,107
46.1442,-115.5964,31
40.5100,-101.6200,94
70.1917,-148.4772,125
44.1708,-114.9272,63
41.3119,-105.6747,165
43.2781,-70.9222,98
42.4819,-114.4869,76
30.3489,-85.7881,112
59.4433,-151.7017,22
32.5156,-92.0406,107
33.2367,-107.2681,58
32.6808,-96.8681,125
30.3433,-89.8222,98
37.7608,-99.9683,98
42.7803,-84.5789,112
40.6239,-74.6694,125
32.7100,-96.2672,81
42.5417,-113.7661,63
35.0678,-77.0481,165
38.0494,-103.5122,67
30.8356,-85.1839,112
44.0206,-117.0128,36
38.2900,-104.4983,89
55.3567,-131.7117,40
59.2433,-135.5094,103
41.0375,-81.4642,107
29.9933,-90.2511,125
36.9358,-121.7886,40
39.3644,-84.5247,103
38.5911,-92.1558,94
47.0339,-120.5303,130
45.8258,-119.2611,94
47.4667,-87.8833,112
30.7406,-98.2353,67
31.4583,-109.6061,58
36.7436,-108.2292,116
48.7939,-122.5372,67
38.9597,-94.3714,103
39.5514,-97.6508,89
34.3622,-98.9761,94
39.2231,-106.8683,58
15.1167,145.7167,98
47.2078,-119.3192,58
40.8097,-124.1603,40
41.6236,-98.9517,76
39.8683,-75.2311,170
38.2281,-85.6636,130
41.1014,-102.9847,103
46.1236,-67.7928,98
40.7083,-84.0267,107
40.8500,-74.0614,139
38.5000,-77.3000,157
34.8536,-116.7858,63
32.8978,-97.0189,112
39.1894,-103.7158,63
36.6950,-76.1356,103
33.1281,-117.2794,36
31.1500,-92.9667,45
29.6333,-83.1053,107
42.9203,-112.5711,112
43.7694,-87.8506,98
43.6497,-70.3003,116
36.5881,-121.8453,45
30.5108,-99.7664,54
31.1828,-90.4708,116
41.7781,-80.6958,94
32.5500,-88.5667,112
34.5467,-93.5781,81
37.6703,-95.4842,98
35.9508,-85.0814,112
35.2578,-113.9331,40
45.6478,-68.6925,81
34.7336,-76.6606,161
28.5453,-81.3331,116
43.1561,-90.6775,54
26.5850,-81.8614,76
41.7419,-72.1836,94
56.6000,-169.5650,170
38.7667,-104.3000,67
41.9922,-93.6217,76
43.1111,-76.1039,125
35.7425,-81.3819,148
34.7436,-118.7242,130
33.3075,-104.5083,89
34.8994,-120.4486,63
42.6003,-123.3642,89
33.8281,-116.5053,45
48.7167,-94.6000,54
41.5339,-93.6531,63
42.3811,-122.8722,36
40.4953,-107.5211,67
47.4733,-111.3822,103
39.4839,-119.7711,130
46.9733,-122.9033,89
38.5714,-90.1572,130
47.3864,-92.8389,58
45.8678,-95.3942,67
42.2228,-83.7444,103
42.1244,-86.4267,89
37.3208,-79.2067,107
41.9856,-97.4353,94
39.2775,-120.7103,45
46.5683,-120.5428,54
43.9636,-69.7117,58
35.6575,-109.0614,72
43.3906,-99.8422,103
35.1350,-90.2344,94
35.4319,-82.5375,148
30.7439,-95.5861,72
39.0083,-95.2117,94
34.7675,-114.6189,45
39.8250,-86.2958,103
44.6500,-73.4667,89
55.2208,-162.7325,130
34.2097,-118.4892,45
41.4914,-120.5644,58
30.3567,-95.4139,89
33.4617,-80.8581,161
44.8831,-93.2289,63
47.9428,-97.1839,72
38.8317,-94.8897,98
38.8483,-77.0342,161
31.2819,-89.2531,98
43.6264,-72.3047,63
34.6719,-82.8864,125
44.9050,-123.0011,89
32.5161,-84.9422,116
41.3714,-73.4828,98
36.9647,-86.4239,103
58.3567,-134.5639,125
29.6919,-82.2756,112
39.1208,-94.5969,72
26.1658,-97.3458,134
38.0408,-84.6058,116
36.9261,-111.4478,36
29.2733,-94.8592,165
39.5264,-107.7264,54
35.8311,-90.6464,98
41.9144,-88.2464,112
41.8756,-71.0211,98
46.4047,-94.1308,67
42.3978,-90.7036,76
-14.3306,-170.7136,62
27.4014,-82.5586,98
37.5908,-83.3131,103
35.2100,-99.1200,130
33.4825,-90.9853,112
35.6567,-95.3614,112
44.8322,-93.4706,67
34.9914,-78.8803,139
35.2325,-75.6219,116
45.5644,-84.7928,63
61.1689,-150.0278,40
47.7472,-90.3444,76
29.9800,-95.3600,125
32.2997,-86.4075,125
34.7272,-92.2389,130
42.6650,-83.4181,107
36.2833,-94.3000,94
39.1342,-108.5400,40
33.5872,-85.8556,107
30.4844,-81.7019,130
38.1847,-84.9033,107
43.2119,-90.1814,58
40.9017,-117.8081,94
33.8719,-117.9789,36
47.1686,-88.4889,103
40.0819,-75.0111,179
41.5886,-83.8014,98
43.3497,-76.3847,98
40.8731,-81.8867,125
39.0431,-84.6717,116
25.9989,-80.2411,107
36.7367,-97.1019,89
31.3500,-85.6667,103
39.4203,-83.8217,116
41.8056,-107.1997,179
38.0511,-117.0903,58
43.1167,-77.6767,125
34.7917,-79.3661,139
42.8975,-106.4636,116
48.5614,-93.3981,45
32.1314,-110.9553,81
7.4500,151.8333,57
26.1969,-80.1708,98
36.6817,-101.5053,107
34.8461,-82.3461,116
45.6983,-110.4408,197
36.0236,-84.2375,81
41.7072,-86.3164,98
44.5761,-71.1786,67
30.7825,-83.2767,67
27.7628,-82.6261,98
33.6542,-101.8136,116
37.1681,-97.0369,98
43.1953,-71.5011,94
30.2050,-91.9875,107
26.6847,-80.0994,103
31.0425,-86.3117,76
30.5372,-91.1469,89
43.1644,-95.2017,81
6.9667,158.2167,41
62.9614,-141.9292,22
42.3914,-96.3792,89
57.0481,-135.3647,63
42.9333,-71.4383,107
46.3583,-104.2500,94
45.8069,-108.5422,107
39.9492,-74.8417,130
41.7803,-124.2367,72
33.4536,-94.0075,94
47.6458,-101.4394,94
45.6044,-103.5464,125
8.7333,167.7333,67
42.5700,-72.2911,107
60.4889,-145.4511,27
35.0281,-110.7208,54
20.8997,-156.4286,148
45.4622,-69.5953,98
40.9706,-85.2064,94
32.6636,-97.0939,116
33.9486,-81.1186,174
31.2361,-94.7544,63
42.4933,-79.2722,107
40.0781,-83.0781,116
40.1936,-76.7633,161
44.3592,-84.6739,76
62.1592,-145.4589,31
66.8667,-162.6333,107
36.2667,-93.1567,103
57.7511,-152.4856,54
30.3503,-81.8831,125
32.3347,-88.7442,103
42.5844,-110.1075,58
60.5797,-151.2392,45
46.2667,-119.1167,45
39.4167,-118.7167,76
42.4700,-71.2894,98
38.2103,-122.2847,58
33.9753,-117.6361,54
44.5228,-114.2150,36
37.4058,-122.0481,40
32.0311,-96.3989,94
40.6386,-73.7622,139
39.1353,-96.6778,81
62.9575,-155.6103,27
33.3633,-84.5658,116
41.6267,-73.8842,81
35.6875,-117.6931,40
34.5183,-109.3792,58
41.1783,-78.8989,143
46.6056,-111.9636,116
37.3169,-79.9742,148
42.0572,-102.8000,112
45.5406,-122.9486,76
38.6892,-75.3592,116
32.4106,-99.6822,72
28.4567,-99.2183,81
40.0972,-92.5433,72
41.3103,-95.8992,103
42.1208,-87.9047,94
38.9833,-76.4667,130
47.4569,-115.6450,67
34.6081,-79.0592,157
25.9156,-97.4186,116
42.8783,-100.5500,98
41.7700,-88.4814,125
38.9503,-95.6639,89
36.2606,-76.1750,134
32.8547,-109.6353,63
27.9619,-82.5403,89
36.9500,-76.2833,157
29.5442,-98.4839,98
32.4506,-93.8411,107
21.3239,-157.9294,89
37.8892,-121.2258,54
41.4653,-90.5233,67
40.7342,-73.4169,112
41.9381,-72.6825,103
36.7725,-90.3247,125
33.1803,-96.5903,112
43.5950,-118.9564,94
59.5119,-139.6711,54
39.7736,-94.9233,81
33.4278,-112.0039,40
45.0619,-93.3508,63
34.7411,-118.2117,58
33.2208,-92.8142,72
32.3206,-90.0778,107
40.8206,-76.8642,107
33.9228,-118.3342,45
36.8781,-91.9025,116
30.1250,-93.2158,116
39.2447,-102.2842,89
34.0561,-117.6003,45
19.7356,-156.0489,116
43.2389,-123.3547,45
29.3331,-89.4075,125
35.6950,-101.3950,103
44.8889,-116.1017,45
42.1594,-76.8919,94
39.1019,-121.5678,45
41.3325,-122.3328,31
31.5356,-84.1944,116
42.7172,-71.1239,112
40.0228,-82.4625,112
44.3814,-106.7211,139
43.9042,-92.4917,72
42.1908,-71.1736,98
44.2033,-72.5794,72
42.7972,-105.3856,125
66.0689,-162.7639,116
41.2731,-111.0306,107
29.5189,-95.2417,94
39.7078,-77.7297,165
45.6308,-89.4653,94
40.9167,-81.4333,112
35.9461,-112.1547,58
38.3406,-75.5103,139
47.6217,-117.5281,103
31.8111,-106.3758,54
41.3275,-72.0494,116
41.0669,-73.7075,125
41.7872,-111.8533,67
21.1544,-157.0961,125
47.2381,-123.1408,112
37.3592,-121.9239,45
38.7525,-90.3736,98
45.5114,-118.4247,27
42.4272,-73.2892,98
38.0700,-102.6881,54
43.9844,-88.5569,89
34.6525,-86.9453,103
32.8192,-97.3614,89
33.2194,-117.3494,54
44.9319,-93.0556,63
40.3161,-78.8339,148
42.2314,-83.3308,107
35.6697,-120.6283,54
41.2544,-80.6739,107
38.1311,-91.7683,103
61.5961,-149.0917,31
38.0653,-97.8606,98
43.5667,-116.2406,72
64.5111,-165.4400,107
30.3361,-81.5147,116
35.0419,-106.6156,72
21.9839,-159.3405,143
41.0467,-78.4117,116
40.6044,-98.4272,81
41.3336,-75.7269,116
42.5708,-77.7133,130
61.1781,-149.9664,31
32.7000,-117.2000,58
37.7836,-81.1231,112
28.1011,-80.6439,116
31.7800,-103.2017,89
31.9206,-102.3867,103
25.6475,-80.4331,98
42.1997,-75.9850,116
39.9914,-82.8808,116
42.1578,-72.7161,103
32.3847,-94.7117,107
36.9033,-76.1922,143
33.6186,-114.7142,45
40.3667,-75.9667,161
47.3978,-120.2014,40
45.7881,-111.1608,103
27.7411,-98.0247,116
35.8517,-97.4142,58
32.1300,-81.2100,143
64.8039,-147.8761,27
40.3547,-79.9217,116
35.1967,-81.1558,81
29.3600,-99.1742,107
36.4486,-103.1539,107
27.5000,-97.8167,107
33.2061,-97.1989,103
43.7331,-103.6114,94
30.7167,-87.0167,125
38.8500,-94.7392,89
41.1961,-112.0114,63
40.3300,-75.1225,148
30.2333,-81.6667,125
41.3497,-71.7989,103
41.7861,-87.7522,112
44.7978,-68.8186,112
40.2172,-76.8514,134
27.6833,-97.2833,157
48.3042,-114.2636,40
33.6300,-84.4417,134
42.5842,-70.9175,107
30.4119,-89.0808,112
43.3436,-72.5178,67
44.0219,-82.7931,148
44.3206,-69.7972,130
36.4731,-82.4044,125
48.3500,-122.6667,72
40.2964,-78.3203,148
38.7042,-93.1833,112
33.9481,-83.3275,130
9.4833,138.0833,72
37.6197,-122.3647,45
70.2117,-151.0017,112
38.3775,-121.9575,54
33.6883,-112.0817,40
30.4000,-86.4717,130
34.5583,-98.4172,112
32.8667,-117.1333,45
36.5728,-79.3361,143
40.8508,-96.7475,89
37.2847,-120.5128,27
38.5039,-122.8103,36
40.9611,-98.3136,107
43.7667,-98.0333,89
31.4000,-93.2833,63
45.6906,-118.8528,116
45.6208,-122.6572,63
37.7797,-89.2497,130
34.3478,-85.1611,112
48.1739,-103.6367,103
43.2339,-75.4117,89
37.9406,-75.4631,157
44.9258,-89.6256,72
39.6092,-110.7547,40
32.8986,-80.0403,148
30.4636,-88.5319,98
42.3606,-71.0106,161
46.4794,-84.3572,54
29.6222,-95.6564,125
39.2956,-80.2289,107
28.0836,-97.0464,134
42.2347,-85.5519,103
35.6542,-105.1419,143
39.2972,-94.7306,81
36.0719,-115.1633,63
45.5908,-122.6003,89
46.9006,-95.0678,58
36.1336,-80.2222,125
28.7797,-81.2436,98
43.1072,-78.9453,130
40.7781,-111.9694,72
41.7636,-96.1778,98
34.1231,-84.8486,67
36.3689,-92.4703,76
38.5069,-121.4950,45
44.8664,-91.4878,72
43.5878,-96.7289,89
24.7258,-81.0517,63
39.2953,-114.8467,112
42.7267,-114.4564,58
39.4494,-74.5672,161
45.2575,-112.5545,112
46.3747,-117.0156,72
39.9061,-84.2186,112
38.1417,-76.4292,148
44.5444,-110.4211,58
34.2486,-82.1592,112
40.7939,-73.1017,130
35.0311,-85.2014,116
41.8031,-78.6403,130
59.6419,-151.4908,36
41.0136,-83.6686,112
46.9728,-123.9303,112
44.9358,-74.8458,130
35.8181,-83.9858,116
31.1522,-81.3908,107
36.0467,-79.4769,148
