45.8981,-86.5483,94
46.2314,-112.1136,94
39.4206,-79.0050,85
47.8344,-120.0006,9
38.6644,-94.8900,156
40.1100,-87.9567,143
47.6497,-120.0800,54
35.5953,-82.5567,174
30.5347,-94.4456,76
41.8161,-80.4250,89
41.0103,-103.8769,170
37.1317,-86.1481,156
39.8814,-77.3506,49
39.7750,-105.1169,49
47.2919,-88.4208,54
40.5764,-105.0858,80
39.7194,-76.8028,179
45.6656,-97.0392,103
44.4933,-68.4583,183
34.6242,-106.3103,103
38.5039,-95.7036,192
35.1375,-77.9892,148
34.2183,-116.4072,58
34.1206,-115.8500,49
45.4525,-99.3358,103
42.3997,-89.9903,72
61.5889,-149.0992,0
42.2947,-83.7108,139
47.0083,-88.4317,72
41.7392,-77.9711,72
39.0733,-93.7075,201
47.8306,-110.6608,27
39.3903,-94.5553,156
40.8250,-92.8925,89
40.9656,-105.2186,206
61.2967,-149.4400,0
39.1439,-103.4897,89
61.1025,-149.7169,27
40.8600,-102.8031,121
48.0750,-111.2597,80
48.9981,-110.2158,94
40.6558,-97.2208,206
48.4628,-108.7792,27
45.0961,-112.0856,107
34.7994,-109.8850,72
35.0761,-89.7430,121
47.0111,-109.2261,27
41.2847,-105.5319,139
