39.4206,-79.0050,1
34.8894,-89.6042,1
40.1139,-76.7122,1
38.3794,-81.5900,1
41.5217,-76.4042,1
33.8586,-89.3158,1
41.8564,-71.7333,1
39.8958,-76.3947,1
39.3983,-77.7211,1
39.8583,-77.4775,1
40.6825,-74.1694,1
40.1692,-79.1411,1
40.8728,-78.2161,1
40.8839,-73.3722,1
40.8344,-76.1353,1
39.8814,-77.3506,1
40.7794,-73.8803,1
41.1758,-87.9353,1
41.2433,-76.9217,1
40.9300,-77.0669,1
40.5864,-77.5692,1
39.1483,-89.1022,1
35.8325,-83.1164,1
40.2769,-74.8158,1
40.8533,-76.7892,1
41.7375,-77.1158,1
41.9067,-78.6500,1
40.8483,-75.9994,1
40.5711,-75.2781,1
41.4131,-81.8600,1
41.3300,-77.7381,1
41.7219,-71.4325,1
40.1358,-74.9550,1
35.7586,-82.2711,1
40.8208,-76.4983,1
40.7933,-77.8672,1
41.2486,-76.9833,1
39.2647,-77.2319,1
39.4889,-86.0731,1
40.4681,-78.7289,1
41.4233,-76.4933,1
39.7808,-79.0411,1
40.1936,-76.7633,1
40.3333,-76.4667,1
40.4667,-78.2000,1
39.9964,-79.0833,1
40.6386,-73.7622,1
40.3814,-78.0753,1
41.0072,-76.4483,1
40.6644,-78.2192,1
39.7658,-78.2350,1
40.9667,-78.5872,1
41.2322,-76.3422,1
36.3211,-87.2217,1
41.5833,-81.1833,1
40.0136,-78.3653,1
41.6767,-78.8036,1
40.4600,-76.8703,1
39.0719,-89.7008,1
41.4197,-78.7492,1
40.7939,-73.1017,1
35.0311,-85.2014,1
