43.8544,-116.4664,350
43.9794,-117.0247,217
40.1100,-87.9567,244
41.1453,-85.4897,217
33.8083,-79.8567,344
47.0575,-109.9514,228
33.2564,-81.2422,272
34.1944,-79.2472,294
41.8161,-80.4250,222
40.4750,-86.9919,244
32.7547,-104.3836,239
34.2183,-81.0731,317
42.7831,-71.4147,244
37.1317,-86.1481,283
37.8194,-85.3847,289
42.1397,-87.7853,244
28.4575,-97.7061,283
64.1539,-145.8894,156
44.4933,-68.4583,194
40.4719,-74.4364,228
62.1925,-150.5033,183
37.0683,-88.7725,256
46.8706,-68.0172,183
38.4558,-86.6983,283
40.2233,-86.1086,272
44.9847,-93.1772,239
34.4719,-81.8839,272
35.6214,-88.8456,294
32.3500,-94.6500,328
37.9311,-98.0297,261
40.0739,-87.5067,267
39.4833,-83.8500,256
42.2947,-83.7108,217
34.7289,-80.0389,322
37.1244,-87.8672,206
38.4661,-101.7758,300
39.4708,-87.4081,222
27.7792,-97.5056,272
38.7003,-82.4736,306
39.4700,-80.8572,261
38.7386,-87.4878,278
28.7156,-97.1742,267
41.0267,-86.5867,244
34.1419,-80.8700,306
35.6042,-91.2744,272
45.0853,-67.1203,200
38.5200,-89.8467,250
34.6603,-82.8236,339
38.8894,-86.5519,261
64.9156,-148.2711,56
42.3806,-96.9575,206
32.2822,-106.7597,389
41.4439,-86.9294,267
40.7928,-87.7556,239
47.6811,-117.6267,189
33.7775,-81.8467,339
40.9361,-90.7197,256
36.1306,-80.5481,294
32.5133,-92.3486,317
44.8831,-85.6753,256
40.2539,-85.1483,256
32.9206,-86.6708,300
46.3414,-86.9242,206
38.3139,-81.7186,250
36.7578,-90.4056,278
28.8608,-97.0181,300
40.8142,-85.1547,217
37.9931,-100.8122,294
37.1167,-84.6167,228
44.5208,-101.6192,167
36.5914,-101.6181,328
20.7583,-156.3211,267
