41.0267,-86.5867,244
32.5133,-92.3486,333
35.6042,-91.2744,283
40.1100,-87.9567,267
40.4719,-74.4364,222
38.7003,-82.4736,300
40.4750,-86.9919,233
64.9156,-148.2711,89
36.5914,-101.6181,350
36.7578,-90.4056,294
35.6214,-88.8456,317
38.3139,-81.7186,250
36.1306,-80.5481,-178
42.3806,-96.9575,272
44.5208,-101.6192,211
32.3500,-94.6500,361
33.8103,-91.2778,278
38.8894,-86.5519,272
40.9361,-90.7197,283
46.8706,-68.0172,206
40.0739,-87.5067,278
32.7547,-104.3836,250
42.1397,-87.7853,261
44.4933,-68.4583,206
37.0683,-88.7725,278
37.1167,-84.6167,239
41.1453,-85.4897,217
39.4700,-80.8572,272
41.4439,-86.9294,278
47.6811,-117.6267,206
47.0575,-109.9514,228
32.2822,-106.7597,383
40.8142,-85.1547,233
42.7831,-71.4147,239
32.9206,-86.6708,306
44.8831,-85.6753,261
34.1944,-79.2472,306
64.1539,-145.8894,139
37.9311,-98.0297,272
37.9931,-100.8122,283
38.4661,-101.7758,300
44.9847,-93.1772,267
33.7775,-81.8467,322
62.1925,-150.5033,167
38.7386,-87.4878,317
27.7792,-97.5056,289
40.2539,-85.1483,300
33.8083,-79.8567,344
38.4558,-86.6983,272
34.2183,-81.0731,311
34.1419,-80.8700,300
37.8194,-85.3847,300
40.2233,-86.1086,300
46.3414,-86.9242,244
28.7156,-97.1742,283
43.9794,-117.0247,211
28.8608,-97.0181,328
39.4833,-83.8500,283
45.0853,-67.1203,211
34.6603,-82.8236,339
41.8161,-80.4250,239
42.2947,-83.7108,228
37.1317,-86.1481,294
33.2564,-81.2422,278
