40.0839,-88.2403,48
34.0828,-106.8831,1031
33.6731,-111.1508,104
31.0619,-94.1011,15
39.9000,-98.0256,69
28.6575,-96.5553,53
32.9506,-97.0553,20
37.2792,-86.2492,48
43.8544,-116.4664,5
39.0303,-76.9314,41
39.1172,-95.4097,43
33.2564,-81.2422,66
36.0147,-85.1314,81
38.7403,-104.3994,58
32.8964,-107.3078,94
40.1739,-101.0611,48
44.1183,-121.2103,20
35.1297,-89.8036,48
37.9050,-93.3169,58
38.4917,-122.1242,38
40.0892,-99.2133,56
34.5697,-93.1947,5
34.7281,-90.3683,41
29.6211,-96.3661,38
35.4139,-86.8086,76
35.2006,-103.6867,157
36.9969,-119.7072,56
46.6722,-120.4994,38
41.0267,-86.5867,0
35.8819,-83.9572,53
39.0422,-108.4664,58
39.2475,-96.5994,69
30.6836,-97.7172,0
48.1375,-103.7372,48
34.3961,-89.7903,46
32.6475,-97.4439,38
38.6078,-97.9597,43
38.8586,-99.3358,89
48.4983,-109.8014,6121
34.8847,-99.2964,28
36.5508,-114.4581,102
32.2822,-106.7597,81
42.0208,-93.7742,36
31.3625,-85.3397,74
38.6450,-95.5661,51
33.6897,-101.8219,64
28.7156,-97.1742,28
40.3708,-81.7908,33
32.6406,-96.9747,23
37.9931,-100.8122,64
37.5147,-122.0325,58
34.6033,-104.3811,102
35.6414,-106.3322,69
38.5350,-121.7761,74
37.3822,-102.2986,76
18.2583,-65.9922,51
40.2539,-85.1483,38
32.2683,-101.4858,94
40.4719,-74.4364,18
35.9328,-88.7267,51
18.0258,-66.5253,71
40.2233,-86.1086,38
26.5581,-99.1372,38
36.2403,-106.4278,51
45.6911,-118.8522,41
34.8219,-89.4347,483
28.0372,-97.8725,53
39.0172,-92.7558,30
45.4825,-120.7236,30
33.4258,-111.9217,48
33.7542,-99.1442,8
37.0683,-88.7725,36
36.6897,-108.3086,66
40.1100,-87.9567,30
28.4675,-98.2525,33
39.0744,-96.8983,56
41.4439,-86.9294,51
35.6214,-88.8456,43
37.1503,-104.5567,33
25.8175,-80.2858,97
31.8611,-97.3750,25
40.7142,-122.4161,69
39.6619,-99.1228,76
31.0372,-97.5283,23
38.6644,-94.8900,41
33.9544,-102.7783,56
26.8400,-81.0872,0
32.7547,-104.3836,74
40.8250,-92.8925,51
34.1981,-101.7461,127
30.7189,-97.3211,38
34.6603,-82.8236,66
34.9881,-120.3211,61
47.0575,-109.9514,69
34.5822,-119.9817,61
38.0047,-120.4864,64
45.7206,-118.6264,43
35.3886,-106.5439,81
27.4272,-80.4053,0
30.7053,-104.0233,8
40.1167,-76.4333,71
35.0489,-97.9158,0
33.6772,-93.9903,13
30.7931,-94.1819,33
38.2597,-104.7169,69
26.1781,-97.9708,48
45.9228,-108.2444,38
38.0633,-102.9297,36
38.4931,-122.0047,81
42.9592,-120.7897,48
31.3706,-100.4942,43
33.1461,-107.1842,84
43.5492,-71.4647,0
39.4031,-99.4192,53
34.5989,-103.2161,104
32.4219,-93.6381,38
31.9633,-98.4942,30
46.0436,-118.4628,38
33.1481,-95.6269,25
39.3925,-101.0689,53
40.4750,-86.9919,58
33.0353,-96.4861,33
32.2631,-96.6369,23
39.8114,-99.9386,58
34.1647,-88.7239,38
31.6164,-94.6431,10
35.1108,-81.9675,76
33.0642,-101.0489,43
35.1161,-93.6506,48
40.6117,-122.5281,18
30.5467,-87.8808,53
32.9206,-86.6708,648
40.7264,-122.7947,53
32.8522,-95.8864,23
35.3872,-76.7764,66
38.4661,-101.7758,69
18.0331,-67.0722,53
40.1550,-103.1417,76
37.7617,-117.5658,76
35.4072,-104.1906,58
34.1381,-88.9983,25
33.7092,-93.5564,30
36.4711,-86.8414,69
35.6872,-90.0964,74
26.2656,-97.8714,48
36.4622,-116.8669,114
34.7675,-106.7611,69
36.5928,-106.7300,56
37.6967,-93.7722,43
39.5039,-98.3150,76
36.1056,-82.8436,51
35.1131,-89.2122,56
34.1419,-80.8700,56
35.1867,-102.0797,79
31.9611,-96.6881,28
31.6003,-97.2169,5
44.6342,-123.1900,13
40.5764,-105.0858,43
38.5039,-95.7036,46
31.2022,-93.5725,46
37.7967,-121.5828,112
36.8047,-107.6214,51
30.2003,-92.6642,41
41.9342,-88.7756,43
30.0689,-94.2928,41
38.9408,-95.3397,51
29.4608,-101.0286,69
32.8242,-95.5275,33
28.4575,-97.7061,56
