47.0575,-109.9514,50
38.7403,-104.3994,33
37.1503,-104.5567,111
43.5492,-71.4647,-178
39.8114,-99.9386,56
37.7967,-121.5828,122
36.4711,-86.8414,83
39.4031,-99.4192,61
34.5822,-119.9817,117
39.6619,-99.1228,50
30.7053,-104.0233,89
35.4072,-104.1906,128
34.9881,-120.3211,128
25.8175,-80.2858,239
29.4608,-101.0286,189
35.6214,-88.8456,72
40.1739,-101.0611,111
35.2006,-103.6867,44
40.6117,-122.5281,133
39.0422,-108.4664,72
30.2003,-92.6642,222
38.9408,-95.3397,144
44.1183,-121.2103,17
37.0683,-88.7725,100
28.4675,-98.2525,250
45.9228,-108.2444,83
34.7675,-106.7611,56
26.5581,-99.1372,211
40.1167,-76.4333,22
40.1550,-103.1417,78
35.4139,-86.8086,100
38.5350,-121.7761,133
35.0489,-97.9158,128
38.6644,-94.8900,156
37.6967,-93.7722,94
37.9050,-93.3169,94
38.4917,-122.1242,111
38.8586,-99.3358,72
39.0303,-76.9314,33
46.6722,-120.4994,67
40.7142,-122.4161,122
45.6911,-118.8522,56
38.4931,-122.0047,133
40.2233,-86.1086,33
34.5989,-103.2161,89
36.8047,-107.6214,28
40.4750,-86.9919,67
38.0047,-120.4864,128
26.8400,-81.0872,228
33.6731,-111.1508,161
39.3925,-101.0689,72
46.0436,-118.4628,122
42.9592,-120.7897,56
32.2822,-106.7597,111
38.4661,-101.7758,100
34.0828,-106.8831,39
40.2539,-85.1483,28
38.6450,-95.5661,206
41.4439,-86.9294,17
43.8544,-116.4664,67
36.5508,-114.4581,111
36.4622,-116.8669,178
48.4983,-109.8014,89
39.9000,-98.0256,67
33.7542,-99.1442,156
41.9342,-88.7756,22
34.8847,-99.2964,178
