-37.7869,145.2847,3
-37.8587,145.1847,5
-36.3098,140.7400,3
-37.0525,146.0872,3
-17.3436,145.9217,5
-37.8333,147.6206,5
-29.9182,149.7919,5
-27.4914,152.7519,7
-19.6667,147.4147,3
-32.0063,151.9597,3
-25.5908,151.2986,3
-37.5267,142.0414,2
-37.8586,145.6532,2
-24.8303,143.9331,3
-38.0651,145.1294,3
-37.2618,147.7229,3
-28.0686,153.4241,3
-34.9617,117.3567,3
-42.8136,147.2544,3
-26.0858,152.2381,3
-31.3490,150.6480,3
-34.0111,149.8369,3
-12.4706,130.8455,11
-37.9445,145.1764,3
-27.7347,153.3275,5
-29.4421,151.8483,5
-38.3427,143.5848,3
-37.0364,141.2967,3
-38.6520,146.1997,2
-35.3705,149.4251,5
-37.6694,143.5159,8
-16.1196,130.4282,3
-12.4121,130.9669,3
-34.1685,150.6145,3
-26.7850,153.0686,2
-35.5355,138.9010,5
-33.4278,148.3721,3
-26.8848,152.1006,4
-16.9806,122.6667,2
-26.6225,152.8656,2
-29.4445,151.5987,3
-36.4948,149.7434,3
-33.1851,138.3001,3
-36.6287,142.6321,3
-35.2459,149.1068,3
-38.2358,145.0667,3
-34.9423,138.7270,2
-17.2639,145.8536,5
-43.0156,147.3275,3
-34.9482,138.8071,3
-38.5304,143.5390,3
-26.3172,151.8756,3
-38.1954,143.6399,2
-30.2204,151.6714,3
-37.8361,145.0294,3
-37.6563,145.4762,5
-27.5300,153.4194,3
-33.0025,151.5794,3
-28.0621,152.3675,3
-35.3098,149.1269,3
-26.4275,150.5044,3
-34.7823,149.2681,2
-32.7537,148.6478,3
-34.4550,138.8101,3
-33.4660,138.5412,3
-33.8025,123.0331,5
-37.9535,145.1655,2
-37.5483,142.7393,2
-28.9231,151.9306,3
-34.5033,139.0452,3
-34.4674,150.8813,3
-12.4721,130.9924,2
-31.4605,151.1275,5
-37.0277,145.1491,3
-16.9283,145.7647,3
-28.6225,153.0036,5
-17.2700,145.8997,5
-33.2036,138.6059,3
-42.5847,147.7908,3
-13.8242,131.8321,3
-38.5198,143.7150,3
-24.8192,151.7114,5
-18.6508,146.2047,3
-29.3899,151.2448,3
-17.0692,145.7742,3
-12.3551,130.8857,3
-24.9933,151.9606,2
-34.4578,149.4693,3
-24.8503,152.3994,5
-35.3305,146.2652,3
-34.7314,140.5036,3
-34.7810,150.6917,4
-17.7667,145.5778,4
-22.3458,149.5356,3
-29.0747,149.6347,3
-12.4126,130.9202,2
-42.3961,146.4897,3
-33.8771,151.0577,3
-34.4997,147.8802,2
-35.0203,137.6064,3
-27.3042,152.0542,2
-31.8803,141.5930,3
-37.7869,145.2847,3
-37.8587,145.1847,5
-36.3098,140.7400,3
-37.0525,146.0872,3
-17.3436,145.9217,5
-37.8333,147.6206,5
-29.9182,149.7919,5
-27.4914,152.7519,7
-19.6667,147.4147,3
-32.0063,151.9597,3
-25.5908,151.2986,3
-37.5267,142.0414,2
-37.8586,145.6532,2
-24.8303,143.9331,3
-38.0651,145.1294,3
-37.2618,147.7229,3
-28.0686,153.4241,3
-34.9617,117.3567,3
-42.8136,147.2544,3
-26.0858,152.2381,3
-31.3490,150.6480,3
-34.0111,149.8369,3
-12.4706,130.8455,11
-37.9445,145.1764,3
-27.7347,153.3275,5
-29.4421,151.8483,5
-38.3427,143.5848,3
-37.0364,141.2967,3
-38.6520,146.1997,2
-35.3705,149.4251,5
-37.6694,143.5159,8
-16.1196,130.4282,3
-12.4121,130.9669,3
-34.1685,150.6145,3
-26.7850,153.0686,2
-35.5355,138.9010,5
-33.4278,148.3721,3
-26.8848,152.1006,4
-16.9806,122.6667,2
-26.6225,152.8656,2
-29.4445,151.5987,3
-36.4948,149.7434,3
-33.1851,138.3001,3
-36.6287,142.6321,3
-35.2459,149.1068,3
-38.2358,145.0667,3
-34.9423,138.7270,2
-17.2639,145.8536,5
-43.0156,147.3275,3
-34.9482,138.8071,3
-38.5304,143.5390,3
-26.3172,151.8756,3
-38.1954,143.6399,2
-30.2204,151.6714,3
-37.8361,145.0294,3
-37.6563,145.4762,5
-27.5300,153.4194,3
-33.0025,151.5794,3
-28.0621,152.3675,3
-35.3098,149.1269,3
-26.4275,150.5044,3
-34.7823,149.2681,2
-32.7537,148.6478,3
-34.4550,138.8101,3
-33.4660,138.5412,3
-33.8025,123.0331,5
-37.9535,145.1655,2
-37.5483,142.7393,2
-28.9231,151.9306,3
-34.5033,139.0452,3
-34.4674,150.8813,3
-12.4721,130.9924,2
-31.4605,151.1275,5
-37.0277,145.1491,3
-16.9283,145.7647,3
-28.6225,153.0036,5
-17.2700,145.8997,5
-33.2036,138.6059,3
-42.5847,147.7908,3
-13.8242,131.8321,3
-38.5198,143.7150,3
-24.8192,151.7114,5
-18.6508,146.2047,3
-29.3899,151.2448,3
-17.0692,145.7742,3
-12.3551,130.8857,3
-24.9933,151.9606,2
-34.4578,149.4693,3
-24.8503,152.3994,5
-35.3305,146.2652,3
-34.7314,140.5036,3
-34.7810,150.6917,4
-17.7667,145.5778,4
-22.3458,149.5356,3
-29.0747,149.6347,3
-12.4126,130.9202,2
-42.3961,146.4897,3
-33.8771,151.0577,3
-34.4997,147.8802,2
-35.0203,137.6064,3
-27.3042,152.0542,2
-31.8803,141.5930,3
