40.7264,-122.7947,172
43.8544,-116.4664,-178
40.7142,-122.4161,122
38.6644,-94.8900,22
37.9050,-93.3169,44
33.6731,-111.1508,128
28.4675,-98.2525,156
40.6117,-122.5281,78
34.5822,-119.9817,139
36.4622,-116.8669,111
38.4917,-122.1242,94
33.7092,-93.5564,-178
45.9228,-108.2444,-178
39.1172,-95.4097,11
39.0744,-96.8983,17
37.7967,-121.5828,128
34.9881,-120.3211,183
26.8400,-81.0872,294
38.9408,-95.3397,6
43.5492,-71.4647,-178
30.2003,-92.6642,133
38.5350,-121.7761,122
38.4931,-122.0047,122
32.2822,-106.7597,-178
36.5508,-114.4581,83
29.4608,-101.0286,100
26.5581,-99.1372,50
25.8175,-80.2858,294
38.0047,-120.4864,106
40.7264,-122.7947,172
43.8544,-116.4664,-178
40.7142,-122.4161,122
38.6644,-94.8900,22
37.9050,-93.3169,44
33.6731,-111.1508,128
28.4675,-98.2525,156
40.6117,-122.5281,78
34.5822,-119.9817,139
36.4622,-116.8669,111
38.4917,-122.1242,94
33.7092,-93.5564,-178
45.9228,-108.2444,-178
39.1172,-95.4097,11
39.0744,-96.8983,17
37.7967,-121.5828,128
34.9881,-120.3211,183
26.8400,-81.0872,294
38.9408,-95.3397,6
43.5492,-71.4647,-178
30.2003,-92.6642,133
38.5350,-121.7761,122
38.4931,-122.0047,122
32.2822,-106.7597,-178
36.5508,-114.4581,83
29.4608,-101.0286,100
26.5581,-99.1372,50
25.8175,-80.2858,294
38.0047,-120.4864,106
