45.5900,-95.8744,-67
47.0575,-109.9514,22
40.4750,-86.9919,-11
30.5497,-84.5836,144
45.6750,-111.1550,6
40.4719,-74.4364,22
42.0208,-93.7742,-33
44.9847,-93.1772,0
44.2394,-95.3153,-11
44.0708,-93.5264,-33
38.5350,-121.7761,67
40.2539,-85.1483,22
40.2472,-93.7158,28
45.5900,-95.8744,-67
47.0575,-109.9514,22
40.4750,-86.9919,-11
30.5497,-84.5836,144
45.6750,-111.1550,6
40.4719,-74.4364,22
42.0208,-93.7742,-33
44.9847,-93.1772,0
44.2394,-95.3153,-11
44.0708,-93.5264,-33
38.5350,-121.7761,67
40.2539,-85.1483,22
40.2472,-93.7158,28
