39.7750,-105.1169,76
40.9656,-105.2186,174
46.2314,-112.1136,40
47.0111,-109.2261,18
35.5953,-82.5567,170
35.1375,-77.9892,148
34.2183,-116.4072,45
39.1439,-103.4897,80
37.1317,-86.1481,112
45.0961,-112.0856,94
40.1100,-87.9567,161
41.7392,-77.9711,183
39.8814,-77.3506,224
48.9981,-110.2158,134
40.8600,-102.8031,63
61.5889,-149.0992,0
38.5039,-95.7036,165
41.8161,-80.4250,156
61.2967,-149.4400,0
39.7194,-76.8028,210
34.6242,-106.3103,116
35.0761,-89.7430,98
45.4525,-99.3358,85
39.0733,-93.7075,170
47.6497,-120.0800,36
40.8250,-92.8925,72
41.2847,-105.5319,161
47.2919,-88.4208,130
48.0750,-111.2597,0
34.1206,-115.8500,49
40.5764,-105.0858,143
45.8981,-86.5483,134
47.2753,-88.4169,80
61.1025,-149.7169,45
47.8344,-120.0006,40
48.4628,-108.7792,31
44.4933,-68.4583,241
30.5347,-94.4456,67
42.3997,-89.9903,85
47.8306,-110.6608,54
34.7994,-109.8850,40
38.6644,-94.8900,130
42.2947,-83.7108,148
39.4206,-79.0050,259
45.6656,-97.0392,67
47.0083,-88.4317,98
40.6558,-97.2208,125
