36.3200,-115.7000,22
36.7200,-106.2600,41
43.8000,-114.8500,59
43.7600,-116.1000,77
35.7700,-105.7800,58
40.3000,-111.2600,60
43.7600,-115.2400,66
43.7300,-113.8300,52
39.1900,-120.2600,40
39.3600,-106.0600,94
36.2500,-115.6300,25
39.2900,-117.1100,38
36.8600,-106.2300,33
46.2400,-117.3900,105
44.2100,-110.6700,139
44.7900,-116.0900,63
38.4000,-119.5400,36
35.9200,-106.3900,28
48.7200,-116.4600,33
41.4000,-107.2600,61
36.1900,-105.5600,38
40.8300,-111.7600,47
36.0300,-106.8100,46
36.0700,-105.6300,49
36.9600,-106.6600,22
35.3400,-111.6500,22
36.7900,-105.2400,67
39.4300,-120.3100,32
36.0000,-106.8300,23
40.5300,-106.7800,25
36.3100,-115.6800,22
39.8000,-106.0300,333
36.9900,-105.2600,42
36.1300,-105.5300,30
44.3800,-116.3400,64
39.3100,-111.4300,144
35.7800,-105.5400,34
36.3200,-115.7000,22
36.7200,-106.2600,41
43.8000,-114.8500,59
43.7600,-116.1000,77
35.7700,-105.7800,58
40.3000,-111.2600,60
43.7600,-115.2400,66
43.7300,-113.8300,52
39.1900,-120.2600,40
39.3600,-106.0600,94
36.2500,-115.6300,25
39.2900,-117.1100,38
36.8600,-106.2300,33
46.2400,-117.3900,105
44.2100,-110.6700,139
44.7900,-116.0900,63
38.4000,-119.5400,36
35.9200,-106.3900,28
48.7200,-116.4600,33
41.4000,-107.2600,61
36.1900,-105.5600,38
40.8300,-111.7600,47
36.0300,-106.8100,46
36.0700,-105.6300,49
36.9600,-106.6600,22
35.3400,-111.6500,22
36.7900,-105.2400,67
39.4300,-120.3100,32
36.0000,-106.8300,23
40.5300,-106.7800,25
36.3100,-115.6800,22
39.8000,-106.0300,333
36.9900,-105.2600,42
36.1300,-105.5300,30
44.3800,-116.3400,64
39.3100,-111.4300,144
35.7800,-105.5400,34
