47.2856,-68.3133,1
40.4847,-80.2144,1
45.0717,-83.5644,1
41.4333,-99.6333,1
46.4267,-105.8825,1
41.8678,-84.0794,1
43.1711,-86.2367,1
44.7408,-85.5825,1
44.0433,-103.0536,1
41.6236,-98.9517,1
43.1111,-76.1039,1
41.9856,-97.4353,1
43.3906,-99.8422,1
45.5644,-84.7928,1
43.1167,-77.6767,1
40.9167,-81.4333,1
40.3161,-78.8339,1
42.2314,-83.3308,1
44.7978,-68.8186,1
46.4794,-84.3572,1
41.8031,-78.6403,1
47.2856,-68.3133,1
40.4847,-80.2144,1
45.0717,-83.5644,1
41.4333,-99.6333,1
46.4267,-105.8825,1
41.8678,-84.0794,1
43.1711,-86.2367,1
44.7408,-85.5825,1
44.0433,-103.0536,1
41.6236,-98.9517,1
43.1111,-76.1039,1
41.9856,-97.4353,1
43.3906,-99.8422,1
45.5644,-84.7928,1
43.1167,-77.6767,1
40.9167,-81.4333,1
40.3161,-78.8339,1
42.2314,-83.3308,1
44.7978,-68.8186,1
46.4794,-84.3572,1
41.8031,-78.6403,1
