70.2117,-151.0017,53
47.3600,-121.5700,2
31.1828,-90.4708,18
47.6217,-117.5281,47
38.8500,-94.7392,34
25.9989,-80.2411,27
41.7219,-71.4325,29
46.0947,-118.2869,37
38.2281,-85.6636,23
29.7333,-85.0333,23
42.8050,-72.0036,8
34.1750,-91.9347,34
46.4794,-84.3572,25
30.4636,-88.5319,16
36.0300,-106.8100,5
35.9461,-112.1547,26
46.6461,-119.9061,0
40.7939,-73.1017,35
43.1544,-93.3269,43
40.0781,-83.0781,30
30.5892,-96.3647,34
39.7333,-77.4333,3
36.7200,-106.2600,6
34.2486,-82.1592,26
44.8831,-93.2289,41
37.2847,-120.5128,43
64.8039,-147.8761,21
42.1578,-72.7161,17
33.4825,-90.9853,33
41.9144,-88.2464,45
38.5039,-122.8103,20
37.6544,-97.4425,47
40.4122,-86.9369,31
28.9844,-95.3808,27
41.3275,-72.0494,21
35.6697,-120.6283,45
39.2292,-106.3169,22
33.4669,-82.0386,26
47.4569,-115.6450,14
40.6675,-89.6839,38
43.0206,-102.5183,21
39.7053,-105.6997,22
39.3600,-106.0600,8
33.5656,-86.7450,18
36.0167,-102.5500,44
37.2958,-81.2078,42
38.8853,-79.8528,11
38.5069,-121.4950,27
42.3914,-96.3792,34
40.8508,-96.7475,24
41.3103,-95.8992,30
39.8447,-89.6839,39
40.7794,-73.8803,35
40.9781,-124.1086,33
34.3478,-85.1611,13
44.9319,-93.0556,43
64.7767,-141.1483,19
29.1828,-81.0483,20
42.7972,-105.3856,33
43.6264,-72.3047,17
38.4167,-113.0167,56
39.8233,-93.5792,23
17.7028,-64.8056,71
40.7083,-84.0267,37
36.7436,-108.2292,34
41.1014,-102.9847,39
42.5708,-77.7133,34
42.9486,-78.7369,34
34.1853,-79.7239,43
39.7556,-82.6572,22
32.8158,-117.1394,24
41.0669,-73.7075,18
35.0678,-77.0481,20
61.5961,-149.0917,39
40.0397,-88.2778,36
32.8342,-115.5786,28
31.3089,-86.3939,16
44.3800,-116.3400,9
39.2900,-117.1100,5
32.7800,-79.9319,31
48.5614,-93.3981,19
41.6764,-70.9583,26
38.8761,-98.8092,46
37.3169,-79.9742,20
29.1097,-95.4619,25
40.0819,-75.0111,18
40.2342,-85.3936,38
48.5428,-109.7633,56
29.5189,-95.2417,21
35.0169,-80.6206,17
45.6044,-103.5464,65
36.9033,-76.1922,27
59.6419,-151.4908,17
62.9614,-141.9292,21
36.7900,-105.2400,1
32.6808,-96.8681,32
37.3031,-108.6275,24
35.6169,-106.0889,34
41.8706,-103.5931,28
48.0944,-105.5744,43
28.0836,-97.0464,43
42.4092,-83.0100,29
42.1928,-89.0931,45
31.5356,-84.1944,19
45.6689,-96.9914,41
41.7700,-88.4814,43
34.2008,-119.2069,34
42.2314,-83.3308,27
43.1561,-90.6775,20
36.2500,-115.6300,15
34.0511,-118.2353,8
28.7247,-96.2536,51
33.4536,-94.0075,34
35.9200,-106.3900,3
30.8356,-85.1839,20
33.2194,-117.3494,21
38.9286,-90.4281,29
36.2967,-99.7689,58
29.5622,-91.5256,23
41.6686,-70.2800,32
33.2367,-107.2681,33
56.6000,-169.5650,35
27.7839,-97.5108,49
40.6386,-73.7622,32
41.6236,-98.9517,28
45.5433,-94.0514,32
43.1711,-86.2367,42
47.3000,-121.6000,7
36.9647,-86.4239,39
43.2389,-123.3547,16
42.8914,-73.2469,24
34.2097,-118.4892,23
42.3606,-71.0106,29
39.1019,-121.5678,24
46.9728,-123.9303,37
41.8833,-91.7167,39
41.9381,-72.6825,28
45.8678,-95.3942,37
34.4978,-82.7097,31
31.8311,-104.8089,44
36.7800,-119.7194,46
39.3644,-84.5247,20
59.2433,-135.5094,42
45.6308,-89.4653,24
31.8111,-106.3758,37
45.2575,-112.5545,39
46.9208,-114.0925,23
31.4208,-110.8458,22
40.1100,-87.9567,22
39.6014,-116.0056,31
33.2119,-87.6161,17
30.7797,-86.5225,8
39.4300,-120.3100,6
45.5908,-122.6003,31
42.1244,-86.4267,42
21.9839,-159.3405,66
34.5467,-93.5781,9
39.9061,-84.2186,35
38.6956,-121.5897,32
41.0731,-71.9233,13
32.8167,-115.6833,37
42.6003,-123.3642,19
37.6242,-120.9506,43
41.3714,-73.4828,18
43.1406,-89.3453,33
30.3433,-89.8222,15
30.0675,-95.5561,29
39.3756,-99.8297,35
33.8281,-116.5053,36
39.2775,-120.7103,20
37.5050,-77.3203,25
32.6261,-116.4681,38
40.8600,-102.8031,13
40.6161,-83.0636,36
33.3075,-104.5083,26
61.1689,-150.0278,34
36.1189,-86.6892,24
47.6497,-120.0800,9
36.9900,-105.2600,3
31.6072,-110.4281,38
43.0661,-108.4767,34
47.9078,-122.2803,24
38.1847,-84.9033,23
44.7694,-106.9689,22
41.5944,-109.0528,37
45.7728,-122.8611,25
44.5444,-110.4211,13
35.7047,-101.5492,18
19.7192,-155.0531,28
39.1667,-76.6833,8
31.3500,-85.6667,16
40.5300,-106.7800,5
41.9856,-97.4353,34
29.7036,-98.0281,38
41.1389,-75.3794,21
41.8056,-107.1997,46
42.7267,-114.4564,25
70.6392,-159.9950,64
44.0219,-82.7931,23
34.9883,-117.8647,50
47.2381,-123.1408,32
31.9206,-102.3867,47
43.0303,-78.1692,22
38.6892,-75.3592,17
27.6833,-97.2833,62
55.2208,-162.7325,31
34.8822,-95.7831,38
40.4953,-107.5211,21
33.4964,-90.0867,22
34.7500,-111.4100,536
39.2231,-106.8683,22
71.2833,-156.7814,64
60.7850,-148.8389,39
33.5872,-85.8556,18
37.1431,-107.7597,23
40.1936,-76.7633,16
47.1686,-88.4889,39
41.5092,-74.2650,14
21.4500,-157.7833,44
39.1353,-96.6778,30
46.1442,-115.5964,8
27.5000,-97.8167,47
45.4622,-69.5953,12
24.7258,-81.0517,17
35.7800,-105.5400,3
44.9050,-123.0011,25
59.7494,-154.9089,36
46.1236,-67.7928,13
40.6508,-75.4492,13
25.6475,-80.4331,19
42.9550,-87.9044,50
67.7317,-164.5483,31
38.1811,-85.7392,39
42.5950,-87.9381,53
41.7636,-96.1778,29
44.7408,-85.5825,13
30.7044,-87.0231,13
41.3119,-105.6747,42
31.3558,-85.7511,14
42.0647,-104.1528,34
38.8483,-77.0342,20
38.1386,-78.4530,13
44.4683,-73.1500,27
40.8217,-72.8689,27
35.6875,-117.6931,39
40.9611,-98.3136,34
31.4000,-93.2833,9
35.1350,-90.2344,25
42.1908,-71.1736,14
34.2719,-83.8303,27
33.4617,-80.8581,26
45.9647,-112.5006,27
37.2253,-89.5706,36
40.1203,-76.2944,19
40.7781,-111.9694,42
47.4733,-111.3822,42
46.3583,-104.2500,58
21.1544,-157.0961,61
35.6575,-109.0614,15
41.7072,-86.3164,42
33.6542,-101.8136,50
35.0761,-89.7430,22
21.3167,-158.0667,22
34.6439,-86.7861,21
32.7000,-117.2000,29
44.6500,-73.4667,27
36.6817,-101.5053,32
34.6517,-112.4208,40
36.5881,-121.8453,35
40.6331,-93.9019,30
26.5850,-81.8614,22
32.4106,-99.6822,46
44.4911,-71.5725,0
41.5097,-72.8278,13
45.8619,-96.5650,27
34.8461,-82.3461,30
38.9503,-95.6639,35
41.7872,-111.8533,22
45.6906,-118.8528,36
32.8547,-109.6353,31
44.5169,-108.0822,35
45.4353,-67.7214,18
55.0389,-131.5786,26
62.1592,-145.4589,46
44.7978,-68.8186,15
25.9069,-80.2803,26
37.9050,-93.3169,22
42.5417,-113.7661,23
38.6572,-90.6558,36
40.9706,-85.2064,34
43.7667,-98.0333,41
27.4014,-82.5586,26
37.0911,-95.5664,44
38.7550,-109.7542,43
38.0700,-102.6881,35
27.7628,-82.6261,24
35.2236,-80.9553,26
41.2433,-76.9217,15
35.0281,-110.7208,47
35.4111,-80.5833,22
34.6719,-82.8864,25
37.1467,-94.5022,56
36.1300,-105.5300,4
41.0089,-74.7367,9
39.7750,-105.1169,0
28.4567,-99.2183,44
42.7172,-71.1239,21
40.4719,-81.4236,13
42.1208,-87.9047,43
44.3981,-98.2231,46
41.8756,-71.0211,13
44.9258,-89.6256,37
30.5069,-86.9597,14
31.9433,-102.1889,42
31.2819,-89.2531,10
61.2169,-149.8550,21
42.0572,-102.8000,22
34.2167,-119.0833,26
33.9786,-98.4928,56
18.4325,-66.0108,61
40.0681,-118.5692,34
42.4819,-114.4869,34
37.0683,-88.7719,35
32.8667,-117.1333,27
40.8436,-72.6322,23
43.8789,-91.2528,29
32.7100,-96.2672,34
33.6267,-116.1594,41
35.0419,-106.6156,31
34.9914,-78.8803,31
31.3928,-92.2956,13
44.3592,-84.6739,29
47.7472,-90.3444,20
47.0492,-109.4578,36
45.0133,-84.7014,32
29.5442,-98.4839,40
47.2078,-119.3192,35
35.2333,-101.7089,46
41.8678,-84.0794,26
41.5333,-71.2833,26
47.8306,-110.6608,13
32.5428,-93.7450,35
41.1078,-92.4467,41
58.3567,-134.5639,32
45.5406,-122.9486,21
31.3072,-95.4508,18
43.7331,-103.6114,31
34.6525,-86.9453,24
33.6186,-114.7142,36
40.5100,-101.6200,31
57.1553,-170.2222,36
40.1550,-103.1417,36
47.9428,-97.1839,19
41.3336,-75.7269,21
41.4131,-81.8600,39
45.5644,-84.7928,26
42.7431,-73.8092,27
42.9203,-112.5711,34
40.9017,-117.8081,28
40.2769,-74.8158,24
47.2856,-68.3133,25
45.6194,-121.1661,51
36.4731,-82.4044,24
26.0719,-80.1536,31
36.0097,-94.1694,32
41.4333,-99.6333,19
46.3747,-117.0156,30
38.8000,-97.6500,38
58.6794,-156.6294,24
43.5164,-112.0672,31
28.1011,-80.6439,43
41.4525,-87.0058,44
42.9600,-121.1800,3
30.2333,-81.6667,34
39.8683,-75.2311,24
43.2119,-90.1814,23
36.7367,-97.1019,31
38.5000,-77.3000,22
44.2667,-71.2994,69
40.0972,-92.5433,32
43.6497,-70.3003,20
47.5303,-122.3008,24
41.5272,-85.7922,42
41.7781,-80.6958,18
47.6458,-101.4394,40
35.8517,-97.4142,47
43.5331,-84.0797,36
41.8031,-78.6403,28
30.4119,-89.0808,25
46.0139,-102.6547,49
42.3978,-90.7036,42
37.5908,-83.3131,5
43.7600,-115.2400,10
37.0872,-84.0769,18
42.2706,-71.8731,26
30.0481,-102.2131,34
39.5703,-104.8489,29
38.4000,-119.5400,12
37.9406,-75.4631,31
45.8258,-119.2611,29
39.7736,-94.9233,26
35.8922,-78.7819,29
42.4167,-87.8667,43
34.8536,-116.7858,54
34.3447,-108.4922,0
13.4836,144.7961,19
43.9042,-92.4917,46
34.6081,-79.0592,30
37.7214,-122.2208,54
34.0500,-94.4008,15
34.7336,-76.6606,30
45.0800,-117.5500,2
45.4558,-98.4131,55
33.3644,-81.9633,23
32.3367,-90.2214,20
43.3497,-76.3847,16
45.6478,-68.6925,9
48.3042,-114.2636,29
32.5161,-84.9422,26
42.6650,-83.4181,30
38.6644,-94.8900,22
35.6542,-105.1419,36
64.5500,-149.0717,19
36.9839,-77.0075,12
35.6950,-101.3950,35
40.8289,-115.7886,22
45.5464,-100.4078,45
34.2622,-88.7714,21
43.3906,-99.8422,38
38.8983,-119.9947,16
32.2997,-86.4075,21
40.3667,-75.9667,18
46.4267,-105.8825,51
36.8781,-91.9025,34
39.1894,-103.7158,43
33.9481,-83.3275,21
38.0442,-87.5206,44
39.4494,-74.5672,22
39.4206,-79.0050,9
42.1997,-75.9850,24
42.9333,-71.4383,22
47.4667,-87.8833,17
38.9408,-77.4636,13
44.3394,-105.5419,23
40.3300,-75.1225,11
41.4914,-120.5644,17
48.5222,-123.0231,12
45.6983,-110.4408,38
24.5550,-81.7522,28
29.6381,-95.2819,29
32.8519,-96.8556,43
39.5936,-84.2264,35
32.3542,-95.4025,42
48.1739,-103.6367,49
34.7917,-79.3661,34
46.5683,-120.5428,29
36.0719,-115.1633,54
40.8097,-124.1603,22
39.0083,-95.2117,25
24.5833,-81.6833,22
37.4058,-122.0481,35
33.9228,-118.3342,26
42.1128,-92.9175,33
59.5119,-139.6711,30
42.4933,-79.2722,23
40.8250,-92.8925,22
46.8706,-68.0172,17
31.0425,-86.3117,7
46.9258,-98.6692,45
55.5800,-133.0750,12
35.5342,-97.6469,72
47.3078,-119.5153,44
42.2667,-84.4667,33
39.6428,-79.9164,17
40.9656,-105.2186,22
34.2900,-93.0600,24
45.0717,-83.5644,30
39.8344,-88.8656,48
34.8994,-120.4486,41
36.9500,-76.2833,26
47.8344,-120.0006,4
25.9156,-97.4186,48
37.7461,-97.2211,46
19.7356,-156.0489,35
38.0653,-97.8606,40
45.5511,-122.4089,14
35.2325,-75.6219,32
44.3675,-71.5450,8
38.3406,-75.5103,22
36.9878,-120.1106,42
46.9733,-122.9033,16
43.9658,-107.9508,31
40.8206,-76.8642,15
39.2956,-80.2289,21
36.3189,-119.6289,44
35.2578,-113.9331,53
37.3208,-79.2067,17
45.0319,-102.0192,55
33.1281,-117.2794,17
32.5500,-88.5667,19
26.1658,-97.3458,51
42.1094,-77.9919,26
27.7411,-98.0247,40
30.4781,-87.1869,24
36.4486,-103.1539,39
26.6847,-80.0994,32
55.3567,-131.7117,36
32.6636,-97.0939,38
35.2578,-93.0947,13
36.1336,-80.2222,19
47.9375,-124.5550,20
44.2033,-72.5794,18
35.4319,-82.5375,29
35.9333,-79.0642,16
30.4000,-81.4167,33
39.9914,-82.8808,25
39.2972,-94.7306,36
34.7436,-118.7242,56
30.5108,-99.7664,31
27.5333,-99.4667,55
44.8428,-117.8086,17
34.6294,-118.0836,56
38.3000,-76.4167,26
64.3267,-158.7417,6
33.6300,-84.4417,24
41.3497,-71.7989,22
27.9619,-82.5403,22
29.6333,-83.1053,18
38.7042,-93.1833,49
47.6428,-115.9172,0
36.0394,-95.9844,41
35.7425,-81.3819,23
62.3200,-150.0950,14
37.7608,-99.9683,39
31.1500,-92.9667,7
59.4556,-135.3239,59
34.0561,-117.6003,29
37.3592,-121.9239,40
29.3783,-100.9269,42
48.1203,-123.4983,40
28.8208,-81.8097,20
37.7064,-112.1456,32
33.4050,-118.4158,33
35.4344,-119.0542,30
39.4900,-121.6183,20
43.9906,-70.9475,17
35.0564,-89.9864,30
37.6542,-122.1150,42
39.7075,-86.2803,50
38.7525,-90.3736,50
35.2100,-99.1200,68
42.4272,-73.2892,16
30.0494,-90.0289,48
47.0339,-120.5303,71
36.6206,-116.0278,40
43.1072,-78.9453,29
39.3792,-74.4242,28
41.5339,-93.6531,37
34.8831,-82.2203,27
62.9575,-155.6103,0
39.1033,-84.4189,25
42.7900,-121.9800,2
33.9486,-81.1186,29
30.0375,-91.8839,20
33.4278,-112.0039,38
66.8667,-162.6333,23
34.4258,-119.8425,25
39.2447,-102.2842,43
41.2731,-111.0306,49
31.3214,-85.4497,28
29.9933,-90.2511,34
38.2103,-122.2847,40
42.4700,-71.2894,29
34.0158,-118.4514,26
34.1231,-84.8486,5
26.5361,-81.7550,17
41.8161,-80.4250,0
47.4933,-122.2144,24
36.1900,-105.5600,5
39.9369,-91.1919,32
41.0136,-83.6686,36
41.9097,-70.7294,12
7.4500,151.8333,19
32.5156,-92.0406,26
39.8000,-106.0300,369
42.6425,-77.0564,29
44.5483,-95.0803,38
41.5175,-81.6836,26
26.2500,-80.1083,32
41.6264,-80.2150,17
36.0236,-84.2375,11
35.7700,-105.7800,4
41.3325,-122.3328,6
35.0311,-85.2014,15
36.9358,-121.7886,23
40.7342,-73.4169,30
35.1967,-81.1558,11
43.7600,-116.1000,9
46.7708,-100.7603,43
32.7667,-97.4500,50
40.7833,-91.1253,34
28.7797,-81.2436,24
37.1681,-97.0369,51
57.0481,-135.3647,36
45.1947,-123.1339,23
18.3331,-64.9667,65
44.1708,-114.9272,15
46.5486,-90.9189,19
30.3975,-84.3289,19
39.9181,-76.8742,14
43.1167,-77.6767,30
33.8750,-84.3022,24
43.4133,-124.2436,31
45.2486,-122.7686,19
7.3333,134.4833,38
7.0833,171.3833,65
34.7000,-77.3833,21
42.2333,-83.5333,28
48.7200,-116.4600,13
37.7797,-89.2497,44
38.3794,-81.5900,30
38.0511,-117.0903,30
35.8311,-90.6464,45
42.7461,-86.0967,42
44.8664,-91.4878,27
39.0725,-95.6261,23
36.1306,-80.5481,0
40.2172,-76.8514,19
36.5728,-79.3361,14
41.3931,-70.6150,30
37.3278,-95.5042,34
35.1822,-103.6031,39
44.3744,-70.3164,4
38.8169,-92.2183,47
44.9358,-74.8458,14
36.1625,-97.0894,47
29.2733,-94.8592,48
47.2675,-122.5761,24
39.4781,-88.2803,38
31.5358,-82.5067,23
38.8317,-94.8897,41
42.0800,-80.1825,21
43.5950,-118.9564,23
26.1839,-98.2539,53
36.3333,-119.9500,49
57.7511,-152.4856,32
33.6228,-111.9106,21
39.3669,-101.7000,36
46.2667,-119.1167,26
41.7361,-72.6506,34
40.1606,-113.3508,80
43.2339,-75.4117,20
39.5264,-107.7264,23
42.6958,-73.1708,18
41.4000,-107.2600,5
32.6847,-83.6528,22
47.3978,-120.2014,43
32.4506,-93.8411,29
60.5797,-151.2392,25
47.6831,-117.3214,31
43.7700,-88.4864,37
41.0467,-78.4117,21
36.8167,-76.0333,28
39.4839,-119.7711,36
29.6919,-82.2756,17
46.9006,-95.0678,26
37.2833,-102.6139,46
60.1283,-149.4167,17
32.7336,-117.1831,22
36.8600,-106.2300,319
63.9944,-145.7214,36
36.7683,-96.0261,27
30.3208,-97.7603,23
40.4847,-80.2144,25
35.1442,-111.6664,29
32.7817,-98.0603,33
44.3814,-100.2856,50
37.2353,-93.4003,43
43.3500,-73.6167,16
40.6044,-98.4272,25
48.8700,-121.7900,0
30.6794,-88.2397,25
31.9514,-85.1289,14
26.9172,-81.9914,23
41.4653,-90.5233,33
32.3336,-104.2581,26
18.2550,-65.6408,39
33.9706,-80.9958,17
37.9917,-122.0550,54
46.6056,-111.9636,29
38.8100,-104.6883,43
31.8456,-86.6108,16
30.1250,-93.2158,24
30.3361,-81.5147,30
38.3650,-82.5550,28
41.6328,-91.5431,31
30.7439,-95.5861,33
21.3239,-157.9294,53
45.8069,-108.5422,38
32.3847,-94.7117,34
42.8375,-103.0953,26
44.7900,-116.0900,14
42.5906,-117.8644,28
33.6883,-112.0817,31
35.5144,-108.7939,22
47.3864,-92.8389,28
41.5886,-83.8014,22
60.7850,-161.8292,25
31.3711,-100.4922,36
66.9161,-151.5089,17
39.3667,-75.0667,14
30.4844,-81.7019,24
48.6033,-112.3753,48
38.7642,-87.6056,40
39.4717,-76.1697,0
32.5722,-116.9794,21
34.6242,-106.3103,0
59.4433,-151.7017,8
45.8183,-88.1144,21
32.2622,-107.7206,36
36.3100,-115.6800,4
41.7861,-87.7522,50
31.1522,-81.3908,33
37.7836,-81.1231,35
41.9950,-87.9336,43
42.3811,-122.8722,25
44.6381,-90.1875,37
38.0408,-84.6058,30
42.2347,-85.5519,34
41.1519,-104.8061,47
43.7694,-87.8506,35
30.9119,-102.9167,51
43.8000,-114.8500,5
66.0689,-162.7639,39
44.5761,-71.1786,6
33.0375,-116.9158,23
46.7994,-102.7972,60
38.9833,-76.4667,18
43.5667,-116.2406,28
37.3711,-118.3581,27
39.1342,-108.5400,21
42.8783,-100.5500,24
45.5114,-118.4247,5
34.4272,-100.2831,49
29.9800,-95.3600,24
40.6825,-74.1694,27
38.3306,-96.1897,43
31.8606,-86.0122,19
43.9636,-69.7117,13
43.2781,-70.9222,18
37.8892,-121.2258,45
36.9600,-106.6600,6
33.2061,-97.1989,43
41.1214,-100.6694,25
44.3206,-69.7972,20
40.3161,-78.8339,35
6.9667,158.2167,21
39.6092,-110.7547,32
41.9922,-93.6217,38
35.8181,-83.9858,31
39.3450,-81.4392,22
30.3503,-81.8831,17
46.4167,-86.6500,22
36.7414,-104.5022,47
45.6208,-122.6572,26
31.4583,-109.6061,34
44.1278,-123.2206,23
34.7411,-118.2117,57
33.9381,-118.3889,41
30.6264,-88.0681,20
33.9753,-117.6361,30
-14.3306,-170.7136,67
46.9253,-96.8111,33
39.4167,-118.7167,27
30.7167,-87.0167,17
60.4889,-145.4511,14
36.9261,-111.4478,34
42.9667,-83.7494,33
48.2553,-101.2733,48
34.3622,-98.9761,57
35.9508,-85.0814,21
32.1300,-81.2100,27
48.3500,-122.6667,26
28.4736,-82.4544,24
28.0622,-81.7542,17
37.1319,-76.4930,30
33.6800,-117.8664,24
43.4075,-94.7461,42
39.7078,-77.7297,26
39.4203,-83.8217,34
42.5700,-72.2911,17
41.7803,-124.2367,26
48.2138,-106.6213,47
40.8300,-111.7600,14
42.2228,-83.7444,30
30.2050,-91.9875,30
37.9272,-100.7247,57
41.2544,-80.6739,28
39.8328,-104.6575,44
36.0969,-79.9433,24
36.3689,-92.4703,22
34.9869,-81.0575,13
33.8719,-117.9789,20
33.8117,-118.1464,29
29.9506,-94.0206,30
44.2558,-121.1392,18
48.4608,-119.5167,38
32.8978,-97.0189,48
42.8153,-108.7261,31
47.9742,-117.4283,24
33.1803,-96.5903,40
29.3600,-99.1742,32
42.7611,-87.8136,44
32.3500,-91.0278,10
42.3075,-85.2511,43
38.7667,-104.3000,44
40.1667,-103.2167,36
40.8500,-74.0614,22
41.0375,-81.4642,33
33.8117,-78.7239,45
41.2531,-70.0608,26
41.1583,-73.1289,25
37.6928,-121.8144,37
43.1644,-95.2017,49
39.3100,-111.4300,24
40.2964,-78.3203,17
28.8614,-96.9303,34
39.9508,-119.5986,13
39.9444,-81.8922,21
48.7167,-94.6000,23
43.8339,-111.8045,26
40.0803,-95.5919,24
40.8731,-81.8867,26
48.7939,-122.5372,30
44.0433,-103.0536,26
32.4833,-80.7167,29
34.2006,-118.3575,26
36.3200,-115.7000,9
30.7825,-83.2767,8
35.9403,-89.8308,39
27.4981,-80.3767,33
44.8889,-116.1017,15
64.5111,-165.4400,14
45.0619,-93.3508,39
25.7906,-80.3164,25
35.3331,-94.3625,22
27.9106,-82.6875,25
42.7803,-84.5789,35
40.1764,-80.6472,27
41.6117,-90.5808,33
46.4047,-94.1308,23
42.5519,-71.7558,19
46.2400,-117.3900,9
30.7406,-98.2353,29
44.3592,-89.8369,38
40.1519,-122.2536,25
41.1961,-112.0114,30
39.4519,-87.3089,33
40.5175,-122.2986,18
36.0700,-105.6300,6
31.3347,-92.5586,21
30.5844,-97.4156,18
35.5953,-82.5567,9
39.4019,-77.9844,17
37.2839,-98.5528,29
42.1594,-76.8919,16
37.2622,-104.3378,50
38.1417,-76.4292,30
43.3436,-72.5178,17
40.9167,-81.4333,35
34.2675,-77.8997,26
41.7419,-72.1836,14
32.3206,-90.0778,13
39.9492,-74.8417,8
42.5844,-110.1075,25
9.4833,138.0833,36
42.5544,-92.4011,34
46.8369,-92.2097,27
46.7439,-117.1086,32
38.9597,-94.3714,40
37.6703,-95.4842,47
30.1831,-97.6800,39
33.1783,-86.7817,11
32.8986,-80.0403,30
39.5514,-97.6508,40
44.5344,-72.6144,8
34.7675,-114.6189,29
38.1311,-91.7683,46
39.8250,-86.2958,31
61.1781,-149.9664,27
41.1783,-78.8989,30
33.7792,-84.5214,18
41.7806,-122.4717,22
36.2117,-115.1958,34
44.3814,-106.7211,35
40.5764,-105.0858,63
31.7800,-103.2017,40
26.1522,-81.7753,25
46.0261,-91.4442,11
40.8203,-82.5178,35
27.6531,-80.2428,41
38.3083,-75.1239,20
35.3889,-97.6006,54
20.8997,-156.4286,77
41.3461,-82.1794,30
36.0000,-106.8300,3
39.6728,-75.6008,31
39.1900,-120.2600,30
36.6636,-121.6081,43
31.4156,-87.0442,12
33.3633,-84.5658,13
34.5183,-109.3792,28
38.5714,-90.1572,27
32.9733,-97.3181,37
42.1469,-121.7242,24
31.6189,-97.2283,50
36.6950,-76.1356,18
35.2372,-120.6414,40
35.5931,-88.9167,36
34.7442,-87.5997,26
38.5911,-92.1558,29
36.2667,-93.1567,26
40.4422,-109.5144,28
28.4339,-81.3250,20
37.6197,-122.3647,79
40.2064,-100.5914,34
34.5583,-98.4172,38
38.3775,-121.9575,30
35.8550,-77.8931,20
26.2281,-97.6542,50
34.9000,-76.8833,12
31.2361,-94.7544,22
39.2953,-114.8467,52
70.1917,-148.4772,43
43.7300,-113.8300,7
35.6567,-95.3614,39
30.3489,-85.7881,18
41.5631,-83.4764,33
40.8764,-74.2831,17
39.1258,-123.2008,24
42.3200,-120.8300,5
29.3331,-89.4075,31
42.8939,-85.5447,39
32.8192,-97.3614,45
39.7194,-76.8028,40
36.6239,-87.4194,30
43.9922,-76.0217,17
42.8975,-106.4636,43
40.3547,-79.9217,27
37.7086,-113.0944,43
32.3347,-88.7442,15
41.6875,-69.9933,26
26.1969,-80.1708,28
33.2208,-92.8142,18
39.1208,-94.5969,37
38.2900,-104.4983,38
36.2833,-94.3000,37
36.2606,-76.1750,26
38.0494,-103.5122,42
37.7081,-77.4344,9
41.6267,-73.8842,16
47.4444,-122.3139,31
44.2100,-110.6700,16
34.7272,-92.2389,34
37.4389,-105.8614,26
44.4983,-88.1111,33
40.3000,-111.2600,11
43.1111,-76.1039,27
40.0489,-107.8853,20
44.0206,-117.0128,26
40.0228,-82.4625,24
47.3258,-106.9475,56
29.3389,-98.4719,30
42.5842,-70.9175,22
40.7789,-73.9692,12
30.4000,-86.4717,16
41.2003,-74.6231,9
36.5100,-106.3200,375
44.9047,-97.1494,47
33.6361,-91.7556,28
46.1569,-123.8825,44
39.3903,-94.5553,18
33.9519,-117.4386,21
29.6222,-95.6564,33
30.3567,-95.4139,30
43.9844,-88.5569,34
44.0511,-101.6011,35
39.1333,-86.6167,28
28.5453,-81.3331,23
32.6500,-114.6167,23
45.7881,-111.1608,29
39.5781,-85.8033,36
32.0311,-96.3989,42
15.1167,145.7167,39
36.1994,-95.8872,54
36.7725,-90.3247,34
43.5878,-96.7289,36
32.1314,-110.9553,40
41.3375,-84.4289,26
41.2639,-72.8872,21
43.1953,-71.5011,16
30.5372,-91.1469,26
44.8322,-93.4706,31
44.3853,-74.2067,22
39.0431,-84.6717,29
44.5228,-114.2150,32
34.9894,-99.0525,63
38.5050,-107.8975,35
