38.8586,-99.3358,417
43.2828,-123.3536,278
38.9422,-92.3200,328
34.7392,-90.7664,372
34.7986,-96.6692,372
33.8936,-97.2692,378
45.5900,-95.8744,206
36.4231,-99.4167,383
34.2392,-98.7444,289
35.8542,-97.9544,367
36.4711,-86.8414,333
35.3647,-96.9481,306
35.9328,-88.7267,367
36.1903,-99.0403,361
40.1100,-87.9567,244
41.1453,-85.4897,211
47.0575,-109.9514,239
36.0642,-97.2128,361
34.5872,-99.3381,350
44.6342,-123.1900,306
36.3842,-98.1114,350
36.1056,-82.8436,278
36.7081,-98.7094,367
34.6892,-86.8819,294
41.8161,-80.4250,228
40.4750,-86.9919,272
34.6089,-96.3331,322
30.5497,-84.5836,344
36.1472,-97.2858,367
36.4119,-97.6939,317
43.0431,-96.9033,328
34.1864,-90.5572,289
35.2050,-99.8033,378
39.3669,-101.7000,283
32.2061,-90.5133,322
34.7675,-106.7611,339
31.8769,-105.2369,333
35.4842,-98.4814,356
42.1397,-87.7853,294
45.6750,-111.1550,233
36.7481,-98.3628,383
34.9678,-97.9519,367
39.7194,-76.8028,306
35.1867,-102.0797,289
40.7833,-81.9167,189
35.5461,-99.7278,372
35.1131,-89.2122,389
33.8103,-91.2778,272
35.5083,-98.7750,350
33.4311,-90.9108,394
34.7281,-90.3683,378
40.4719,-74.4364,300
34.7292,-98.5694,400
63.9033,-152.2817,128
30.5467,-87.8808,328
34.9897,-99.0528,361
33.7092,-93.5564,378
34.0356,-96.9433,333
31.3625,-85.3397,433
36.1167,-97.6067,311
42.0208,-93.7742,267
35.5914,-99.2706,361
35.1297,-89.8036,361
33.9208,-96.3203,356
34.9142,-98.2922,356
44.9847,-93.1772,306
39.8058,-90.8236,300
35.6214,-88.8456,322
35.8819,-83.9572,350
35.5419,-97.3414,383
34.8494,-97.0031,317
40.0739,-87.5067,256
39.4833,-83.8500,244
34.5289,-97.7647,356
44.2394,-95.3153,322
36.2872,-88.2958,350
35.1714,-96.6311,367
36.0286,-99.3464,383
44.0708,-93.5264,322
34.9819,-97.5208,328
35.7197,-86.9653,289
35.9986,-97.0481,389
36.8314,-99.6411,394
31.3706,-100.4942,306
32.4714,-87.2314,322
33.4692,-88.7822,339
38.7386,-87.4878,294
34.4397,-99.1375,356
41.0267,-86.5867,256
63.9647,-145.1050,139
34.1678,-97.9883,356
37.3822,-102.2986,233
36.3444,-88.8636,361
35.4139,-86.8086,322
31.0383,-85.8708,411
32.8978,-90.8853,394
36.5994,-89.9894,289
34.6856,-99.8333,322
34.3325,-96.6789,328
36.1208,-97.0953,361
36.0147,-85.1314,233
33.2422,-103.3611,261
35.6872,-90.0964,389
36.0719,-99.9031,383
36.7256,-99.1422,339
35.1489,-98.4658,361
35.8417,-98.5261,350
35.6528,-96.8042,344
34.1936,-97.5881,311
38.5200,-89.8467,333
38.5350,-121.7761,350
33.3867,-97.7164,311
35.0708,-96.3561,339
35.2358,-97.4647,317
34.7156,-97.2292,317
35.8989,-98.9603,361
34.3997,-98.3458,367
34.5989,-103.2161,311
35.2006,-103.6867,350
41.4439,-86.9294,278
40.7928,-87.7556,217
34.1647,-88.7239,361
36.9869,-99.0108,394
40.9361,-90.7197,333
35.4017,-99.0583,383
35.5483,-98.0364,300
39.3925,-101.0689,289
34.8083,-98.0233,311
34.2281,-97.2014,344
44.8831,-85.6753,311
41.6661,-111.8914,278
34.3086,-95.9969,350
40.2539,-85.1483,294
30.7342,-85.0306,-178
32.8472,-97.4761,328
34.5519,-96.7178,344
36.3558,-97.1531,322
31.2353,-88.9186,361
36.7925,-97.7458,333
36.8981,-96.9103,344
34.1922,-97.0858,306
36.3925,-89.0317,350
34.4744,-91.4172,328
35.0322,-97.9144,389
31.9461,-90.3775,400
36.6897,-108.3086,283
36.0908,-106.0567,256
34.8358,-99.4239,372
32.4219,-93.6381,311
40.8142,-85.1547,222
29.6211,-96.3661,428
34.5658,-96.9503,361
32.8986,-80.0403,306
31.4269,-94.8942,261
46.7281,-116.9558,244
34.1381,-88.9983,322
35.2722,-97.9553,350
35.3736,-83.7006,211
34.1925,-86.7972,311
45.4825,-120.7236,294
36.7542,-97.2544,339
33.1772,-90.4919,333
