32.5667,-117.1167,63
40.2342,-85.3936,139
30.0494,-90.0289,94
43.9906,-70.9475,58
45.6194,-121.1661,107
35.2333,-101.7089,76
34.2622,-88.7714,58
32.3367,-90.2214,54
32.6500,-114.6167,67
37.1431,-107.7597,76
37.4389,-105.8614,94
30.0481,-102.2131,76
34.2675,-77.8997,116
45.2486,-122.7686,58
46.7708,-100.7603,107
34.2008,-119.2069,94
35.2372,-120.6414,98
28.8208,-81.8097,67
43.0661,-108.4767,89
60.7850,-161.8292,67
64.7767,-141.1483,63
41.6117,-90.5808,81
37.2253,-89.5706,76
38.8169,-92.2183,76
27.4981,-80.3767,103
40.4122,-86.9369,125
38.9286,-90.4281,72
34.8822,-95.7831,72
35.0169,-80.6206,103
38.3000,-76.4167,67
36.2117,-115.1958,98
41.3461,-82.1794,81
40.9781,-124.1086,98
46.7994,-102.7972,134
37.7461,-97.2211,76
41.7806,-122.4717,116
33.0375,-116.9158,67
42.8153,-108.7261,94
34.9883,-117.8647,130
32.5722,-116.9794,63
36.0097,-94.1694,81
42.5950,-87.9381,210
39.6014,-116.0056,112
47.2856,-68.3133,45
34.1750,-91.9347,67
43.0206,-102.5183,54
39.7333,-77.4333,36
44.4683,-73.1500,72
41.8833,-91.7167,76
39.8233,-93.5792,54
43.5164,-112.0672,107
36.0394,-95.9844,81
29.7333,-85.0333,76
34.4258,-119.8425,72
43.9922,-76.0217,54
41.6764,-70.9583,58
44.1278,-123.2206,72
42.2333,-83.5333,76
31.3214,-85.4497,54
38.3794,-81.5900,134
46.9208,-114.0925,112
36.7414,-104.5022,170
41.2531,-70.0608,45
44.2558,-121.1392,94
41.5272,-85.7922,139
31.3558,-85.7511,125
44.3592,-89.8369,165
37.3278,-95.5042,67
41.6264,-80.2150,54
60.1283,-149.4167,63
43.9658,-107.9508,112
42.2667,-84.4667,98
35.1442,-111.6664,89
61.2169,-149.8550,81
40.0397,-88.2778,72
64.5500,-149.0717,89
26.2500,-80.1083,81
36.9839,-77.0075,45
48.4608,-119.5167,72
40.0681,-118.5692,67
21.4500,-157.7833,67
38.8761,-98.8092,98
30.0675,-95.5561,67
44.3394,-105.5419,76
32.7800,-79.9319,94
41.0089,-74.7367,45
34.0511,-118.2353,40
37.9272,-100.7247,241
39.3792,-74.4242,40
26.5361,-81.7550,63
39.8447,-89.6839,139
37.2839,-98.5528,58
39.5703,-104.8489,116
64.3267,-158.7417,36
40.4847,-80.2144,58
30.5892,-96.3647,67
44.7694,-106.9689,94
44.0511,-101.6011,81
40.7789,-73.9692,45
44.5344,-72.6144,45
34.9894,-99.0525,112
35.3889,-97.6006,94
35.4344,-119.0542,67
33.9786,-98.4928,98
39.0725,-95.6261,81
36.3189,-119.6289,81
40.6825,-74.1694,63
40.0803,-95.5919,67
27.7839,-97.5108,89
41.9097,-70.7294,54
46.7439,-117.1086,67
42.9486,-78.7369,76
37.9917,-122.0550,98
42.6958,-73.1708,58
29.3389,-98.4719,63
42.6425,-77.0564,76
42.7431,-73.8092,72
42.0647,-104.1528,116
28.4339,-81.3250,76
44.3814,-100.2856,98
41.1519,-104.8061,112
44.3853,-74.2067,103
33.6267,-116.1594,98
37.6542,-122.1150,72
40.4422,-109.5144,143
34.0500,-94.4008,49
41.6686,-70.2800,63
38.3650,-82.5550,116
33.6228,-111.9106,63
41.1583,-73.1289,58
33.6361,-91.7556,58
59.7494,-154.9089,72
39.4519,-87.3089,67
36.7800,-119.7194,81
37.0911,-95.5664,94
30.0375,-91.8839,63
42.9550,-87.9044,170
42.1469,-121.7242,89
32.3542,-95.4025,67
39.9369,-91.1919,215
41.4525,-87.0058,112
37.7214,-122.2208,107
42.9667,-83.7494,72
37.2833,-102.6139,116
45.7728,-122.8611,63
40.8764,-74.2831,67
34.6517,-112.4208,98
36.0969,-79.9433,237
33.8117,-78.7239,139
33.1783,-86.7817,45
37.5050,-77.3203,72
45.0717,-83.5644,81
45.6689,-96.9914,103
38.9408,-77.4636,36
42.8939,-85.5447,103
42.5519,-71.7558,54
32.5428,-93.7450,63
41.2639,-72.8872,58
34.2006,-118.3575,58
58.6794,-156.6294,98
62.3200,-150.0950,76
47.5303,-122.3008,58
38.5050,-107.8975,139
45.4558,-98.4131,107
45.5511,-122.4089,54
42.1094,-77.9919,67
41.6328,-91.5431,76
33.2119,-87.6161,63
46.9253,-96.8111,72
46.1569,-123.8825,94
34.9869,-81.0575,112
40.8436,-72.6322,54
41.0731,-71.9233,31
41.3375,-84.4289,89
39.3669,-101.7000,81
36.3333,-119.9500,81
39.9444,-81.8922,58
33.4050,-118.4158,67
34.6294,-118.0836,112
34.4272,-100.2831,94
31.4208,-110.8458,107
37.3031,-108.6275,94
39.2292,-106.3169,98
44.5483,-95.0803,98
29.7036,-98.0281,67
33.8750,-84.3022,67
40.8217,-72.8689,63
42.5544,-92.4011,72
36.1189,-86.6892,63
32.6847,-83.6528,67
42.4092,-83.0100,76
36.6239,-87.4194,67
48.5428,-109.7633,107
32.2622,-107.7206,103
40.8203,-82.5178,76
31.3711,-100.4922,72
35.6169,-106.0889,107
30.3208,-97.7603,58
40.0489,-107.8853,81
41.5944,-109.0528,103
35.5931,-88.9167,67
42.7611,-87.8136,130
41.5631,-83.4764,107
47.4444,-122.3139,72
46.0947,-118.2869,67
39.3450,-81.4392,58
32.3500,-91.0278,40
32.9733,-97.3181,67
27.5333,-99.4667,94
30.7797,-86.5225,98
38.6956,-121.5897,63
48.0944,-105.5744,89
33.9519,-117.4386,76
48.2553,-101.2733,89
41.4333,-99.6333,63
7.0833,171.3833,129
38.8000,-97.6500,94
71.2833,-156.7814,81
31.3347,-92.5586,40
29.6381,-95.2819,67
45.0133,-84.7014,107
42.7461,-86.0967,179
40.1519,-122.2536,58
33.5656,-86.7450,58
27.9106,-82.6875,58
42.1128,-92.9175,67
37.3711,-118.3581,81
30.4781,-87.1869,67
29.1097,-95.4619,76
40.1203,-76.2944,54
43.4075,-94.7461,76
44.6381,-90.1875,179
30.6794,-88.2397,125
32.7667,-97.4500,76
38.4167,-113.0167,125
46.4167,-86.6500,67
33.9381,-118.3889,103
47.9078,-122.2803,54
40.7794,-73.8803,72
32.7336,-117.1831,54
38.7642,-87.6056,89
45.8183,-88.1144,63
66.9161,-151.5089,58
37.7086,-113.0944,103
40.2064,-100.5914,81
46.4267,-105.8825,107
35.8922,-78.7819,107
36.0167,-102.5500,81
38.1811,-85.7392,130
26.0719,-80.1536,89
40.6331,-93.9019,130
33.6800,-117.8664,67
41.5333,-71.2833,58
28.4736,-82.4544,67
17.7028,-64.8056,107
48.5222,-123.0231,54
40.6161,-83.0636,94
38.8853,-79.8528,58
39.4019,-77.9844,63
42.4167,-87.8667,94
70.6392,-159.9950,94
29.1828,-81.0483,58
43.1406,-89.3453,157
37.2958,-81.2078,98
32.3336,-104.2581,58
25.7906,-80.3164,94
26.9172,-81.9914,63
32.8342,-115.5786,89
31.9514,-85.1289,45
34.7442,-87.5997,72
33.4669,-82.0386,72
39.1667,-76.6833,58
35.9333,-79.0642,72
45.1947,-123.1339,63
18.3331,-64.9667,103
41.8678,-84.0794,67
44.3675,-71.5450,76
41.1078,-92.4467,76
36.1625,-97.0894,89
47.9375,-124.5550,63
41.1214,-100.6694,67
24.5550,-81.7522,54
43.7700,-88.4864,148
46.0261,-91.4442,58
28.8614,-96.9303,81
45.5433,-94.0514,94
41.5175,-81.6836,76
40.4719,-81.4236,54
24.5833,-81.6833,45
40.6508,-75.4492,45
41.5092,-74.2650,58
32.8519,-96.8556,76
36.8167,-76.0333,94
18.2550,-65.6408,76
38.8100,-104.6883,98
34.1853,-79.7239,183
41.2433,-76.9217,81
25.9069,-80.2803,94
36.7683,-96.0261,67
31.4156,-87.0442,94
42.3075,-85.2511,112
43.5331,-84.0797,116
36.9878,-120.1106,72
41.1389,-75.3794,76
38.7550,-109.7542,130
35.5144,-108.7939,89
33.9706,-80.9958,72
34.2167,-119.0833,72
48.2138,-106.6213,103
48.1203,-123.4983,81
35.2236,-80.9553,134
26.1522,-81.7753,67
44.5169,-108.0822,157
38.6572,-90.6558,98
47.9742,-117.4283,103
39.3756,-99.8297,81
38.8983,-119.9947,67
31.9433,-102.1889,72
34.2900,-93.0600,67
32.8167,-115.6833,130
28.0622,-81.7542,72
44.8428,-117.8086,76
39.7556,-82.6572,67
30.4000,-81.4167,98
35.2578,-93.0947,54
18.4325,-66.0108,112
34.6439,-86.7861,54
31.6072,-110.4281,112
37.2622,-104.3378,174
40.2769,-74.8158,76
42.0800,-80.1825,76
63.9944,-145.7214,103
47.3258,-106.9475,103
46.5486,-90.9189,63
55.5800,-133.0750,40
46.8706,-68.0172,40
32.8158,-117.1394,63
47.4933,-122.2144,67
30.1831,-97.6800,72
35.1822,-103.6031,76
40.8289,-115.7886,72
33.3644,-81.9633,76
39.4781,-88.2803,76
21.3167,-158.0667,63
43.3500,-73.6167,76
59.4556,-135.3239,130
30.9119,-102.9167,107
39.1258,-123.2008,72
37.7064,-112.1456,76
44.9047,-97.1494,112
45.5464,-100.4078,112
40.1667,-103.2167,139
43.1711,-86.2367,125
33.7792,-84.5214,54
60.7850,-148.8389,94
31.8606,-86.0122,58
45.0319,-102.0192,112
31.6189,-97.2283,76
35.5342,-97.6469,98
43.8789,-91.2528,170
13.4836,144.7961,58
47.2675,-122.5761,63
34.8831,-82.2203,98
44.3981,-98.2231,139
31.8311,-104.8089,98
47.6831,-117.3214,98
47.3078,-119.5153,89
39.1333,-86.6167,125
35.8550,-77.8931,58
40.7833,-91.1253,76
39.9181,-76.8742,45
67.7317,-164.5483,67
39.6428,-79.9164,40
30.6264,-88.0681,54
40.5175,-122.2986,67
36.6206,-116.0278,112
30.3975,-84.3289,130
42.8375,-103.0953,67
28.7247,-96.2536,72
46.0139,-102.6547,125
45.9647,-112.5006,130
37.2353,-93.4003,81
38.3083,-75.1239,58
42.8914,-73.2469,67
38.0442,-87.5206,89
19.7192,-155.0531,72
30.5069,-86.9597,63
39.7075,-86.2803,161
37.1319,-76.4930,72
39.6728,-75.6008,81
26.1839,-98.2539,89
44.7408,-85.5825,54
41.7361,-72.6506,81
38.3306,-96.1897,72
48.6033,-112.3753,103
43.4133,-124.2436,67
36.2967,-99.7689,103
34.2719,-83.8303,72
41.8706,-103.5931,98
43.8339,-111.8045,103
39.8344,-88.8656,103
39.8328,-104.6575,125
42.2706,-71.8731,58
37.6928,-121.8144,89
42.1928,-89.0931,233
37.0683,-88.7719,89
39.5936,-84.2264,139
44.0433,-103.0536,54
41.2003,-74.6231,45
33.4964,-90.0867,58
41.4131,-81.8600,76
37.1467,-94.5022,94
32.6261,-116.4681,98
36.1994,-95.8872,98
39.1033,-84.4189,179
57.1553,-170.2222,58
40.6675,-89.6839,94
46.8369,-92.2097,72
40.1764,-80.6472,63
30.7044,-87.0231,76
37.6544,-97.4425,81
37.7081,-77.4344,58
32.7817,-98.0603,63
39.4900,-121.6183,36
46.9258,-98.6692,89
31.5358,-82.5067,58
34.9000,-76.8833,81
42.8050,-72.0036,45
41.7219,-71.4325,67
35.0564,-89.9864,67
35.3331,-94.3625,63
41.3931,-70.6150,58
44.4983,-88.1111,161
36.6636,-121.6081,89
39.3667,-75.0667,54
55.0389,-131.5786,58
37.0872,-84.0769,107
34.0158,-118.4514,72
29.9506,-94.0206,67
31.3928,-92.2956,40
41.5097,-72.8278,58
42.5906,-117.8644,94
32.4833,-80.7167,76
41.6875,-69.9933,54
27.6531,-80.2428,76
43.1544,-93.3269,98
37.6242,-120.9506,103
34.7000,-77.3833,67
38.1386,-78.4530,40
41.9950,-87.9336,143
7.3333,134.4833,62
26.2281,-97.6542,89
29.3783,-100.9269,76
35.9403,-89.8308,89
33.8117,-118.1464,72
34.4978,-82.7097,67
39.5781,-85.8033,125
46.1442,-115.5964,58
40.5100,-101.6200,72
70.1917,-148.4772,81
44.1708,-114.9272,76
41.3119,-105.6747,125
43.2781,-70.9222,45
42.4819,-114.4869,103
30.3489,-85.7881,89
59.4433,-151.7017,36
32.5156,-92.0406,63
33.2367,-107.2681,116
32.6808,-96.8681,72
30.3433,-89.8222,54
37.7608,-99.9683,143
42.7803,-84.5789,89
31.8456,-86.6108,63
32.7100,-96.2672,76
42.5417,-113.7661,94
35.0678,-77.0481,76
38.0494,-103.5122,103
30.8356,-85.1839,134
44.0206,-117.0128,72
38.2900,-104.4983,116
55.3567,-131.7117,81
59.2433,-135.5094,72
41.0375,-81.4642,67
29.9933,-90.2511,81
36.9358,-121.7886,54
39.3644,-84.5247,143
38.5911,-92.1558,76
47.0339,-120.5303,125
45.8258,-119.2611,58
47.4667,-87.8833,63
30.7406,-98.2353,67
31.4583,-109.6061,139
36.7436,-108.2292,81
48.7939,-122.5372,94
38.9597,-94.3714,76
39.5514,-97.6508,76
34.3622,-98.9761,103
39.2231,-106.8683,125
15.1167,145.7167,67
47.2078,-119.3192,72
40.8097,-124.1603,54
41.6236,-98.9517,67
39.8683,-75.2311,67
38.2281,-85.6636,107
41.1014,-102.9847,148
46.1236,-67.7928,40
40.7083,-84.0267,143
40.8500,-74.0614,63
38.5000,-77.3000,54
34.8536,-116.7858,107
32.8978,-97.0189,81
39.1894,-103.7158,94
36.6950,-76.1356,94
33.1281,-117.2794,58
31.1500,-92.9667,31
29.6333,-83.1053,98
42.9203,-112.5711,103
43.7694,-87.8506,112
43.6497,-70.3003,54
36.5881,-121.8453,76
30.5108,-99.7664,72
31.1828,-90.4708,40
41.7781,-80.6958,58
32.5500,-88.5667,58
34.5467,-93.5781,36
37.6703,-95.4842,76
35.9508,-85.0814,54
35.2578,-113.9331,116
45.6478,-68.6925,40
34.7336,-76.6606,94
28.5453,-81.3331,76
43.1561,-90.6775,116
26.5850,-81.8614,67
41.7419,-72.1836,58
56.6000,-169.5650,67
38.7667,-104.3000,107
41.9922,-93.6217,81
43.1111,-76.1039,67
35.7425,-81.3819,107
34.7436,-118.7242,98
33.3075,-104.5083,94
34.8994,-120.4486,89
42.6003,-123.3642,63
33.8281,-116.5053,112
48.7167,-94.6000,58
41.5339,-93.6531,76
42.3811,-122.8722,72
40.4953,-107.5211,94
47.4733,-111.3822,98
39.4839,-119.7711,94
46.9733,-122.9033,58
38.5714,-90.1572,63
47.3864,-92.8389,72
45.8678,-95.3942,98
42.2228,-83.7444,72
42.1244,-86.4267,125
37.3208,-79.2067,63
41.9856,-97.4353,89
39.2775,-120.7103,58
46.5683,-120.5428,94
43.9636,-69.7117,45
35.6575,-109.0614,76
43.3906,-99.8422,81
35.1350,-90.2344,58
35.4319,-82.5375,165
30.7439,-95.5861,58
39.0083,-95.2117,94
34.7675,-114.6189,81
39.8250,-86.2958,206
44.6500,-73.4667,98
55.2208,-162.7325,54
34.2097,-118.4892,63
41.4914,-120.5644,76
30.3567,-95.4139,63
33.4617,-80.8581,76
44.8831,-93.2289,98
47.9428,-97.1839,89
38.8317,-94.8897,107
38.8483,-77.0342,40
31.2819,-89.2531,45
43.6264,-72.3047,63
34.6719,-82.8864,63
44.9050,-123.0011,81
32.5161,-84.9422,67
41.3714,-73.4828,63
36.9647,-86.4239,76
58.3567,-134.5639,67
29.6919,-82.2756,94
39.1208,-94.5969,72
26.1658,-97.3458,103
38.0408,-84.6058,157
36.9261,-111.4478,107
29.2733,-94.8592,98
39.5264,-107.7264,72
35.8311,-90.6464,89
41.9144,-88.2464,130
41.8756,-71.0211,40
46.4047,-94.1308,112
42.3978,-90.7036,130
-14.3306,-170.7136,103
27.4014,-82.5586,63
37.5908,-83.3131,76
35.2100,-99.1200,103
33.4825,-90.9853,67
35.6567,-95.3614,76
44.8322,-93.4706,94
34.9914,-78.8803,76
35.2325,-75.6219,76
45.5644,-84.7928,76
61.1689,-150.0278,94
47.7472,-90.3444,76
29.9800,-95.3600,58
32.2997,-86.4075,58
34.7272,-92.2389,72
42.6650,-83.4181,89
36.2833,-94.3000,76
39.1342,-108.5400,89
33.5872,-85.8556,63
30.4844,-81.7019,76
38.1847,-84.9033,134
43.2119,-90.1814,241
29.5622,-91.5256,40
40.9017,-117.8081,72
33.8719,-117.9789,58
47.1686,-88.4889,98
40.0819,-75.0111,58
41.5886,-83.8014,98
43.3497,-76.3847,67
40.8731,-81.8867,72
39.0431,-84.6717,179
25.9989,-80.2411,76
36.7367,-97.1019,58
31.3500,-85.6667,94
39.4203,-83.8217,157
41.8056,-107.1997,116
38.0511,-117.0903,89
43.1167,-77.6767,72
34.7917,-79.3661,76
42.8975,-106.4636,130
48.5614,-93.3981,67
32.1314,-110.9553,94
7.4500,151.8333,31
26.1969,-80.1708,76
36.6817,-101.5053,58
34.8461,-82.3461,89
45.6983,-110.4408,143
36.0236,-84.2375,40
41.7072,-86.3164,143
44.5761,-71.1786,45
30.7825,-83.2767,54
27.7628,-82.6261,67
33.6542,-101.8136,89
37.1681,-97.0369,81
40.1606,-113.3508,165
43.1953,-71.5011,58
30.2050,-91.9875,67
26.6847,-80.0994,89
31.0425,-86.3117,89
30.5372,-91.1469,54
43.1644,-95.2017,94
6.9667,158.2167,36
62.9614,-141.9292,63
42.3914,-96.3792,192
57.0481,-135.3647,94
42.9333,-71.4383,58
46.3583,-104.2500,116
45.8069,-108.5422,130
39.9492,-74.8417,40
41.7803,-124.2367,67
33.4536,-94.0075,72
47.6458,-101.4394,94
45.6044,-103.5464,134
8.7333,167.7333,98
42.5700,-72.2911,67
60.4889,-145.4511,45
35.0281,-110.7208,116
20.8997,-156.4286,130
45.4622,-69.5953,40
40.9706,-85.2064,134
32.6636,-97.0939,89
33.9486,-81.1186,81
31.2361,-94.7544,54
42.4933,-79.2722,112
40.0781,-83.0781,103
40.1936,-76.7633,58
44.3592,-84.6739,67
62.1592,-145.4589,98
66.8667,-162.6333,63
36.2667,-93.1567,58
57.7511,-152.4856,72
30.3503,-81.8831,139
32.3347,-88.7442,54
42.5844,-110.1075,72
60.5797,-151.2392,81
46.2667,-119.1167,67
39.4167,-118.7167,63
42.4700,-71.2894,63
38.2103,-122.2847,89
33.9753,-117.6361,89
44.5228,-114.2150,125
37.4058,-122.0481,103
32.0311,-96.3989,72
40.6386,-73.7622,67
39.1353,-96.6778,67
62.9575,-155.6103,22
33.3633,-84.5658,45
41.6267,-73.8842,54
31.3089,-86.3939,76
35.6875,-117.6931,94
34.5183,-109.3792,81
41.1783,-78.8989,67
46.6056,-111.9636,143
37.3169,-79.9742,76
42.0572,-102.8000,72
45.5406,-122.9486,72
38.6892,-75.3592,67
32.4106,-99.6822,76
28.4567,-99.2183,94
40.0972,-92.5433,107
41.3103,-95.8992,94
42.1208,-87.9047,139
38.9833,-76.4667,98
47.4569,-115.6450,40
34.6081,-79.0592,76
25.9156,-97.4186,76
42.8783,-100.5500,63
41.7700,-88.4814,143
38.9503,-95.6639,89
36.2606,-76.1750,76
32.8547,-109.6353,116
27.9619,-82.5403,58
36.9500,-76.2833,76
29.5442,-98.4839,81
32.4506,-93.8411,63
21.3239,-157.9294,112
37.8892,-121.2258,94
41.4653,-90.5233,81
40.7342,-73.4169,63
41.9381,-72.6825,63
36.7725,-90.3247,76
33.1803,-96.5903,81
43.5950,-118.9564,148
59.5119,-139.6711,58
39.7736,-94.9233,67
33.4278,-112.0039,94
45.0619,-93.3508,103
34.7411,-118.2117,112
33.2208,-92.8142,58
32.3206,-90.0778,45
40.8206,-76.8642,63
33.9228,-118.3342,72
36.8781,-91.9025,67
30.1250,-93.2158,63
39.2447,-102.2842,98
34.0561,-117.6003,81
19.7356,-156.0489,67
43.2389,-123.3547,72
29.3331,-89.4075,63
35.6950,-101.3950,76
44.8889,-116.1017,63
42.1594,-76.8919,72
39.1019,-121.5678,54
41.3325,-122.3328,36
31.5356,-84.1944,89
42.7172,-71.1239,58
40.0228,-82.4625,58
44.3814,-106.7211,72
43.9042,-92.4917,170
42.1908,-71.1736,54
44.2033,-72.5794,63
42.7972,-105.3856,94
66.0689,-162.7639,58
41.2731,-111.0306,116
29.5189,-95.2417,58
39.7078,-77.7297,72
45.6308,-89.4653,116
40.9167,-81.4333,67
35.9461,-112.1547,94
38.3406,-75.5103,58
47.6217,-117.5281,107
31.8111,-106.3758,157
41.3275,-72.0494,58
41.0669,-73.7075,63
41.7872,-111.8533,72
21.1544,-157.0961,107
47.2381,-123.1408,76
37.3592,-121.9239,98
38.7525,-90.3736,81
45.5114,-118.4247,31
42.4272,-73.2892,67
38.0700,-102.6881,130
43.9844,-88.5569,98
34.6525,-86.9453,58
32.8192,-97.3614,72
33.2194,-117.3494,67
44.9319,-93.0556,125
40.3161,-78.8339,67
42.2314,-83.3308,76
35.6697,-120.6283,94
41.2544,-80.6739,58
38.1311,-91.7683,67
61.5961,-149.0917,116
38.0653,-97.8606,89
43.5667,-116.2406,98
64.5111,-165.4400,58
30.3361,-81.5147,94
35.0419,-106.6156,103
21.9839,-159.3405,98
41.0467,-78.4117,63
40.6044,-98.4272,72
41.3336,-75.7269,58
42.5708,-77.7133,72
61.1781,-149.9664,89
32.7000,-117.2000,63
37.7836,-81.1231,139
28.1011,-80.6439,76
31.7800,-103.2017,89
31.9206,-102.3867,89
25.6475,-80.4331,72
42.1997,-75.9850,63
39.9914,-82.8808,94
42.1578,-72.7161,58
32.3847,-94.7117,63
36.9033,-76.1922,81
33.6186,-114.7142,94
40.3667,-75.9667,63
47.3978,-120.2014,94
45.7881,-111.1608,157
27.7411,-98.0247,81
35.8517,-97.4142,76
32.1300,-81.2100,103
64.8039,-147.8761,107
40.3547,-79.9217,67
35.1967,-81.1558,54
29.3600,-99.1742,67
36.4486,-103.1539,98
27.5000,-97.8167,89
33.2061,-97.1989,81
43.7331,-103.6114,76
30.7167,-87.0167,116
38.8500,-94.7392,67
41.1961,-112.0114,67
40.3300,-75.1225,45
30.2333,-81.6667,107
41.3497,-71.7989,54
41.7861,-87.7522,134
44.7978,-68.8186,67
40.2172,-76.8514,58
27.6833,-97.2833,94
48.3042,-114.2636,81
33.6300,-84.4417,72
42.5842,-70.9175,63
30.4119,-89.0808,63
43.3436,-72.5178,63
44.0219,-82.7931,94
44.3206,-69.7972,45
36.4731,-82.4044,103
48.3500,-122.6667,63
40.2964,-78.3203,58
38.7042,-93.1833,81
33.9481,-83.3275,58
9.4833,138.0833,67
37.6197,-122.3647,148
70.2117,-151.0017,81
38.3775,-121.9575,76
33.6883,-112.0817,94
30.4000,-86.4717,45
34.5583,-98.4172,89
32.8667,-117.1333,130
36.5728,-79.3361,107
40.8508,-96.7475,81
37.2847,-120.5128,89
38.5039,-122.8103,67
40.9611,-98.3136,72
43.7667,-98.0333,143
31.4000,-93.2833,36
45.6906,-118.8528,81
45.6208,-122.6572,67
37.7797,-89.2497,76
34.3478,-85.1611,54
48.1739,-103.6367,89
43.2339,-75.4117,58
37.9406,-75.4631,67
44.9258,-89.6256,157
39.6092,-110.7547,116
32.8986,-80.0403,134
30.4636,-88.5319,58
42.3606,-71.0106,67
46.4794,-84.3572,72
29.6222,-95.6564,67
39.2956,-80.2289,63
28.0836,-97.0464,76
42.2347,-85.5519,116
35.6542,-105.1419,103
39.2972,-94.7306,67
36.0719,-115.1633,116
45.5908,-122.6003,72
46.9006,-95.0678,81
36.1336,-80.2222,94
28.7797,-81.2436,67
43.1072,-78.9453,81
40.7781,-111.9694,103
41.7636,-96.1778,89
34.1231,-84.8486,36
36.3689,-92.4703,45
38.5069,-121.4950,72
44.8664,-91.4878,89
43.5878,-96.7289,76
24.7258,-81.0517,36
39.2953,-114.8467,103
42.7267,-114.4564,94
39.4494,-74.5672,58
45.2575,-112.5545,139
46.3747,-117.0156,98
39.9061,-84.2186,134
38.1417,-76.4292,67
44.5444,-110.4211,63
34.2486,-82.1592,72
40.7939,-73.1017,63
35.0311,-85.2014,58
41.8031,-78.6403,72
59.6419,-151.4908,45
41.0136,-83.6686,103
46.9728,-123.9303,89
44.9358,-74.8458,116
35.8181,-83.9858,67
31.1522,-81.3908,58
36.0467,-79.4769,89
