41.7806,-122.4717,1
32.5722,-116.9794,1
42.5950,-87.9381,1
39.7333,-77.4333,1
44.4683,-73.1500,1
43.9922,-76.0217,1
31.3214,-85.4497,1
46.9208,-114.0925,1
35.1442,-111.6664,1
21.4500,-157.7833,1
37.9272,-100.7247,1
40.4847,-80.2144,1
44.5344,-72.6144,1
42.9667,-83.7494,1
36.0969,-79.9433,1
34.2006,-118.3575,1
41.3375,-84.4289,1
39.9444,-81.8922,1
27.5333,-99.4667,1
48.0944,-105.5744,1
43.4075,-94.7461,1
30.6794,-88.2397,1
36.0167,-102.5500,1
37.2958,-81.2078,1
39.1667,-76.6833,1
28.8614,-96.9303,1
33.9706,-80.9958,1
34.2167,-119.0833,1
47.9742,-117.4283,1
39.3756,-99.8297,1
34.6439,-86.7861,1
42.0800,-80.1825,1
33.3644,-81.9633,1
43.3500,-73.6167,1
43.8789,-91.2528,1
34.8831,-82.2203,1
40.7833,-91.1253,1
67.7317,-164.5483,1
39.6428,-79.9164,1
39.7075,-86.2803,1
26.1839,-98.2539,1
39.8328,-104.6575,1
42.2706,-71.8731,1
46.8369,-92.2097,1
40.1764,-80.6472,1
44.4983,-88.1111,1
38.1386,-78.4530,1
39.5781,-85.8033,1
32.6808,-96.8681,1
35.0678,-77.0481,1
41.6236,-98.9517,1
41.1014,-102.9847,1
46.1236,-67.7928,1
40.8500,-74.0614,1
32.8978,-97.0189,1
43.6497,-70.3003,1
35.9508,-85.0814,1
45.6478,-68.6925,1
34.7336,-76.6606,1
38.7667,-104.3000,1
26.1658,-97.3458,1
29.2733,-94.8592,1
32.2997,-86.4075,1
43.2119,-90.1814,1
41.5886,-83.8014,1
36.0236,-84.2375,1
40.1936,-76.7633,1
33.9753,-117.6361,1
31.3089,-86.3939,1
41.1783,-78.8989,1
34.6081,-79.0592,1
29.5442,-98.4839,1
41.9381,-72.6825,1
39.2447,-102.2842,1
34.0561,-117.6003,1
19.7356,-156.0489,1
44.2033,-72.5794,1
35.9461,-112.1547,1
64.5111,-165.4400,1
21.9839,-159.3405,1
40.3667,-75.9667,1
36.4486,-103.1539,1
33.2061,-97.1989,1
44.7978,-68.8186,1
44.3206,-69.7972,1
40.2964,-78.3203,1
33.9481,-83.3275,1
32.8667,-117.1333,1
36.5728,-79.3361,1
38.5039,-122.8103,1
37.7797,-89.2497,1
34.3478,-85.1611,1
29.6222,-95.6564,1
28.0836,-97.0464,1
39.2972,-94.7306,1
24.7258,-81.0517,1
39.9061,-84.2186,1
41.8031,-78.6403,1
44.9358,-74.8458,1
