39.6092,-110.7547,76
43.4133,-124.2436,58
71.2833,-156.7814,94
38.3000,-76.4167,165
32.4506,-93.8411,103
48.1739,-103.6367,98
45.5511,-122.4089,40
35.0419,-106.6156,157
43.3906,-99.8422,112
33.9519,-117.4386,89
33.1783,-86.7817,67
38.1386,-78.4530,103
19.7192,-155.0531,76
41.3336,-75.7269,125
42.7803,-84.5789,143
43.1711,-86.2367,112
37.2847,-120.5128,98
32.2622,-107.7206,89
36.9033,-76.1922,112
45.1947,-123.1339,63
38.0408,-84.6058,81
33.9753,-117.6361,89
36.1336,-80.2222,112
30.0481,-102.2131,89
44.9319,-93.0556,76
18.3331,-64.9667,94
33.6800,-117.8664,67
39.0431,-84.6717,76
47.2856,-68.3133,148
37.1319,-76.4930,112
58.3567,-134.5639,54
38.8169,-92.2183,67
44.8831,-93.2289,72
37.7608,-99.9683,130
32.7000,-117.2000,67
64.7767,-141.1483,58
42.1928,-89.0931,112
35.6169,-106.0889,94
28.7247,-96.2536,103
38.9597,-94.3714,81
42.2667,-84.4667,134
32.8667,-117.1333,63
36.6950,-76.1356,94
39.6428,-79.9164,76
38.9286,-90.4281,58
40.9167,-81.4333,98
35.2236,-80.9553,107
41.1583,-73.1289,157
31.4583,-109.6061,107
39.4203,-83.8217,103
32.5156,-92.0406,107
42.1594,-76.8919,125
36.2667,-93.1567,54
36.1625,-97.0894,72
41.0089,-74.7367,94
34.2006,-118.3575,67
31.3089,-86.3939,76
42.8050,-72.0036,98
35.9333,-79.0642,98
32.8167,-115.6833,81
63.9944,-145.7214,54
41.6117,-90.5808,112
37.1467,-94.5022,63
40.8731,-81.8867,103
44.3394,-105.5419,72
33.8281,-116.5053,76
24.5833,-81.6833,63
42.8939,-85.5447,143
39.6014,-116.0056,107
44.2033,-72.5794,130
29.6381,-95.2819,103
43.9906,-70.9475,94
39.3756,-99.8297,134
45.2486,-122.7686,36
36.5881,-121.8453,72
40.7939,-73.1017,161
43.6497,-70.3003,134
40.0228,-82.4625,94
70.1917,-148.4772,112
35.8922,-78.7819,107
40.9781,-124.1086,67
44.9358,-74.8458,98
30.5108,-99.7664,94
26.1658,-97.3458,98
42.6650,-83.4181,143
33.9228,-118.3342,67
43.7331,-103.6114,81
37.7461,-97.2211,179
41.3375,-84.4289,98
36.0969,-79.9433,148
47.1686,-88.4889,107
48.2138,-106.6213,112
47.7472,-90.3444,81
36.7367,-97.1019,72
27.5000,-97.8167,98
35.6875,-117.6931,103
46.5486,-90.9189,81
41.8678,-84.0794,107
47.5303,-122.3008,45
39.3450,-81.4392,94
41.1783,-78.8989,112
66.0689,-162.7639,63
39.9492,-74.8417,116
29.5442,-98.4839,107
42.1997,-75.9850,125
39.3644,-84.5247,103
36.2606,-76.1750,107
38.8000,-97.6500,107
42.3914,-96.3792,139
62.3200,-150.0950,31
59.4433,-151.7017,36
41.5272,-85.7922,130
44.8889,-116.1017,112
42.3811,-122.8722,58
41.0467,-78.4117,107
27.9106,-82.6875,72
43.2389,-123.3547,45
29.2733,-94.8592,134
39.1333,-86.6167,81
39.5264,-107.7264,116
32.4833,-80.7167,103
48.3042,-114.2636,89
41.7700,-88.4814,130
35.8517,-97.4142,63
39.5703,-104.8489,72
40.8764,-74.2831,134
31.4156,-87.0442,81
37.6703,-95.4842,67
30.5372,-91.1469,72
44.1708,-114.9272,58
31.7800,-103.2017,89
39.5781,-85.8033,94
30.0675,-95.5561,76
43.1544,-93.3269,130
41.9950,-87.9336,130
40.0397,-88.2778,98
32.8158,-117.1394,67
33.8117,-118.1464,81
43.5667,-116.2406,67
43.9658,-107.9508,134
44.5228,-114.2150,130
41.2731,-111.0306,139
44.3814,-106.7211,139
43.1406,-89.3453,98
44.3675,-71.5450,103
34.2008,-119.2069,67
41.1519,-104.8061,98
31.9514,-85.1289,58
41.5092,-74.2650,130
40.6386,-73.7622,170
38.6956,-121.5897,81
33.6300,-84.4417,112
39.4494,-74.5672,161
36.1189,-86.6892,67
45.7881,-111.1608,98
40.6239,-74.6694,130
36.2117,-115.1958,76
38.3306,-96.1897,94
32.1314,-110.9553,81
37.7064,-112.1456,103
43.3436,-72.5178,107
32.1300,-81.2100,76
45.5908,-122.6003,45
27.6833,-97.2833,139
39.1033,-84.4189,81
38.2900,-104.4983,81
30.4119,-89.0808,89
45.6194,-121.1661,72
39.4167,-118.7167,116
43.4075,-94.7461,143
32.3347,-88.7442,107
32.5428,-93.7450,76
42.4933,-79.2722,112
42.5519,-71.7558,161
39.1353,-96.6778,103
36.4486,-103.1539,161
44.9050,-123.0011,63
42.0647,-104.1528,98
31.3347,-92.5586,81
36.9500,-76.2833,107
35.8550,-77.8931,112
40.6508,-75.4492,134
38.0700,-102.6881,134
36.6636,-121.6081,89
30.3489,-85.7881,76
43.6264,-72.3047,112
70.2117,-151.0017,107
42.9550,-87.9044,125
39.1667,-76.6833,139
18.2550,-65.6408,67
40.5175,-122.2986,143
30.3975,-84.3289,72
34.2167,-119.0833,63
43.1111,-76.1039,116
46.4267,-105.8825,58
38.3406,-75.5103,134
41.3497,-71.7989,107
45.6983,-110.4408,130
40.8097,-124.1603,54
43.7700,-88.4864,130
32.3367,-90.2214,67
46.0947,-118.2869,81
37.2958,-81.2078,94
39.6728,-75.6008,165
31.4208,-110.8458,89
32.8978,-97.0189,81
41.5886,-83.8014,116
40.7789,-73.9692,107
38.6572,-90.6558,63
33.3633,-84.5658,94
34.0500,-94.4008,63
37.2253,-89.5706,54
41.1078,-92.4467,116
20.8997,-156.4286,112
41.6328,-91.5431,107
40.6331,-93.9019,116
44.9258,-89.6256,125
66.9161,-151.5089,54
41.7806,-122.4717,76
43.5950,-118.9564,81
15.1167,145.7167,103
29.6333,-83.1053,76
40.1519,-122.2536,89
39.8683,-75.2311,161
44.5444,-110.4211,63
34.2622,-88.7714,98
39.9181,-76.8742,139
30.7797,-86.5225,72
42.6003,-123.3642,36
40.7342,-73.4169,134
36.0236,-84.2375,58
17.7028,-64.8056,94
22.0333,-159.7833,54
47.3078,-119.5153,67
46.0261,-91.4442,63
31.8311,-104.8089,219
33.6883,-112.0817,67
39.3667,-75.0667,143
42.5544,-92.4011,94
43.5331,-84.0797,130
31.3928,-92.2956,67
32.8986,-80.0403,89
33.2194,-117.3494,58
33.9786,-98.4928,103
29.7333,-85.0333,89
39.2292,-106.3169,112
46.7708,-100.7603,58
40.4953,-107.5211,130
34.1853,-79.7239,107
29.5189,-95.2417,98
36.7436,-108.2292,58
27.6531,-80.2428,63
40.3547,-79.9217,103
44.3206,-69.7972,130
34.3478,-85.1611,103
37.5908,-83.3131,54
42.8914,-73.2469,107
44.3853,-74.2067,72
41.7636,-96.1778,139
37.3208,-79.2067,81
40.8217,-72.8689,148
48.1203,-123.4983,58
40.2342,-85.3936,94
64.5111,-165.4400,112
40.8203,-82.5178,98
39.1208,-94.5969,81
34.7675,-114.6189,67
34.7411,-118.2117,116
41.0375,-81.4642,94
41.6267,-73.8842,116
41.4914,-120.5644,98
32.5722,-116.9794,67
43.2119,-90.1814,107
34.4978,-82.7097,72
48.5614,-93.3981,89
42.8375,-103.0953,81
21.1544,-157.0961,98
48.4608,-119.5167,40
40.8436,-72.6322,161
33.1281,-117.2794,58
44.3592,-84.6739,76
40.2383,-75.5572,125
36.0097,-94.1694,45
44.0219,-82.7931,112
39.0725,-95.6261,94
46.9728,-123.9303,94
60.1283,-149.4167,72
38.7550,-109.7542,72
37.5050,-77.3203,134
34.7000,-77.3833,125
41.2544,-80.6739,103
37.7086,-113.0944,107
40.6825,-74.1694,161
42.0800,-80.1825,103
42.0572,-102.8000,94
34.8822,-95.7831,67
26.9172,-81.9914,67
45.6044,-103.5464,94
39.9061,-84.2186,103
42.9333,-71.4383,148
33.4050,-118.4158,67
36.1994,-95.8872,63
34.7917,-79.3661,103
58.6794,-156.6294,103
41.7361,-72.6506,130
41.7219,-71.4325,165
33.3644,-81.9633,94
32.7336,-117.1831,63
34.7436,-118.7242,94
31.9433,-102.1889,103
37.0911,-95.5664,63
30.4636,-88.5319,98
31.5358,-82.5067,63
18.4325,-66.0108,94
42.1908,-71.1736,157
27.7411,-98.0247,98
43.2781,-70.9222,157
45.6906,-118.8528,67
39.7556,-82.6572,76
41.3119,-105.6747,125
35.0678,-77.0481,107
34.9883,-117.8647,116
27.4014,-82.5586,72
26.5850,-81.8614,67
38.5069,-121.4950,98
33.4825,-90.9853,103
39.2956,-80.2289,107
32.3542,-95.4025,89
41.6686,-70.2800,157
46.7439,-117.1086,81
43.7667,-98.0333,103
44.5344,-72.6144,103
19.7356,-156.0489,58
47.2675,-122.5761,40
40.0489,-107.8853,125
40.2172,-76.8514,125
47.6458,-101.4394,81
46.1236,-67.7928,107
59.2433,-135.5094,72
41.4333,-99.6333,148
39.7736,-94.9233,107
43.1953,-71.5011,143
45.4558,-98.4131,98
62.9614,-141.9292,54
33.4617,-80.8581,81
57.0481,-135.3647,54
57.7511,-152.4856,81
36.2967,-99.7689,107
30.6794,-88.2397,107
40.7833,-91.1253,107
32.5161,-84.9422,76
34.6439,-86.7861,89
44.3814,-100.2856,58
35.1442,-111.6664,112
29.3331,-89.4075,58
35.8181,-83.9858,89
42.5950,-87.9381,130
28.4736,-82.4544,72
38.8483,-77.0342,148
33.9481,-83.3275,76
28.8614,-96.9303,103
34.9000,-76.8833,125
37.6242,-120.9506,103
33.6186,-114.7142,63
26.1522,-81.7753,72
34.4272,-100.2831,76
43.2339,-75.4117,112
30.3503,-81.8831,72
30.3361,-81.5147,107
39.3792,-74.4242,81
41.7803,-124.2367,54
47.9078,-122.2803,67
45.8258,-119.2611,63
59.6419,-151.4908,58
41.5333,-71.2833,130
36.3189,-119.6289,76
40.1764,-80.6472,103
42.4092,-83.0100,112
43.9636,-69.7117,81
29.6919,-82.2756,89
37.2353,-93.4003,63
33.1803,-96.5903,72
34.2900,-93.0600,76
7.3333,134.4833,31
40.4847,-80.2144,116
34.4258,-119.8425,54
30.7044,-87.0231,89
32.6636,-97.0939,89
45.0619,-93.3508,76
38.1311,-91.7683,58
40.9706,-85.2064,116
43.7694,-87.8506,125
44.0206,-117.0128,76
48.7167,-94.6000,72
35.2100,-99.1200,81
44.5169,-108.0822,125
33.9381,-118.3889,67
29.3783,-100.9269,81
34.8536,-116.7858,103
34.5467,-93.5781,54
32.7800,-79.9319,76
57.1553,-170.2222,165
39.5936,-84.2264,107
33.4536,-94.0075,76
40.8508,-96.7475,125
47.2381,-123.1408,58
41.5339,-93.6531,112
42.5417,-113.7661,107
46.9258,-98.6692,76
33.4278,-112.0039,67
43.5878,-96.7289,98
34.8831,-82.2203,103
39.1342,-108.5400,76
35.2325,-75.6219,107
38.8983,-119.9947,125
37.9406,-75.4631,139
38.0494,-103.5122,116
13.4836,144.7961,103
35.6567,-95.3614,63
47.4444,-122.3139,54
36.7800,-119.7194,76
40.9611,-98.3136,139
35.1822,-103.6031,116
41.7072,-86.3164,130
46.4047,-94.1308,63
33.6228,-111.9106,54
24.7258,-81.0517,45
41.8833,-91.7167,103
27.9619,-82.5403,67
41.2433,-76.9217,112
42.4272,-73.2892,148
38.7042,-93.1833,67
44.5761,-71.1786,76
45.5114,-118.4247,36
56.6000,-169.5650,174
34.1231,-84.8486,103
41.7419,-72.1836,134
42.7972,-105.3856,130
47.4569,-115.6450,40
47.4733,-111.3822,94
41.5097,-72.8278,143
47.3864,-92.8389,89
47.6831,-117.3214,72
43.5164,-112.0672,112
43.9844,-88.5569,125
62.1592,-145.4589,98
45.2575,-112.5545,112
30.0494,-90.0289,139
42.1244,-86.4267,107
33.3075,-104.5083,94
38.7667,-104.3000,103
38.0511,-117.0903,107
47.4933,-122.2144,40
32.4106,-99.6822,81
41.3275,-72.0494,157
41.7872,-111.8533,103
29.1828,-81.0483,72
47.9428,-97.1839,72
47.3978,-120.2014,81
26.6847,-80.0994,67
25.9069,-80.2803,63
37.6928,-121.8144,94
39.0083,-95.2117,89
40.1667,-103.2167,94
38.0442,-87.5206,54
36.9358,-121.7886,58
40.3161,-78.8339,134
26.0719,-80.1536,67
27.7628,-82.6261,67
37.4389,-105.8614,125
40.6044,-98.4272,116
25.6475,-80.4331,63
45.0319,-102.0192,76
38.0653,-97.8606,112
45.8678,-95.3942,63
38.3794,-81.5900,81
34.2675,-77.8997,112
42.8975,-106.4636,116
37.8892,-121.2258,107
29.6222,-95.6564,103
33.4669,-82.0386,76
38.7642,-87.6056,72
48.7939,-122.5372,63
39.3669,-101.7000,130
34.9914,-78.8803,112
35.5144,-108.7939,125
36.6239,-87.4194,89
29.3389,-98.4719,103
40.1936,-76.7633,125
6.9667,158.2167,41
33.8117,-78.7239,94
42.4167,-87.8667,116
44.6500,-73.4667,130
61.5961,-149.0917,45
36.0167,-102.5500,143
32.3500,-91.0278,112
32.3336,-104.2581,81
34.5583,-98.4172,63
34.6081,-79.0592,103
29.9800,-95.3600,98
35.6697,-120.6283,89
33.2208,-92.8142,76
40.2064,-100.5914,139
42.2314,-83.3308,125
30.2333,-81.6667,89
27.5333,-99.4667,116
44.2558,-121.1392,72
46.9253,-96.8111,72
35.1967,-81.1558,94
43.9922,-76.0217,107
40.6675,-89.6839,98
38.6892,-75.3592,107
35.9403,-89.8308,89
34.2097,-118.4892,76
36.0719,-115.1633,89
39.2972,-94.7306,94
32.6847,-83.6528,94
37.2833,-102.6139,174
41.5631,-83.4764,116
37.0872,-84.0769,76
48.5428,-109.7633,130
40.2769,-74.8158,143
38.5039,-122.8103,89
42.3978,-90.7036,107
59.5119,-139.6711,45
32.6261,-116.4681,98
32.3206,-90.0778,103
42.8783,-100.5500,139
42.5708,-77.7133,94
44.7694,-106.9689,72
60.7850,-148.8389,72
30.7406,-98.2353,94
42.2333,-83.5333,139
24.5550,-81.7522,63
39.1019,-121.5678,81
45.0717,-83.5644,76
62.9575,-155.6103,63
44.7978,-68.8186,139
44.6381,-90.1875,103
31.5356,-84.1944,89
32.8192,-97.3614,72
43.8789,-91.2528,94
39.2775,-120.7103,89
33.6361,-91.7556,81
28.8208,-81.8097,63
33.2119,-87.6161,94
47.0339,-120.5303,72
40.7781,-111.9694,103
45.7728,-122.8611,58
28.0622,-81.7542,58
26.5361,-81.7550,67
32.7667,-97.4500,72
61.1689,-150.0278,63
39.4019,-77.9844,139
45.5433,-94.0514,89
40.4122,-86.9369,94
40.5100,-101.6200,107
31.1828,-90.4708,98
34.8994,-120.4486,125
41.2639,-72.8872,112
33.6267,-116.1594,67
40.8206,-76.8642,107
48.6033,-112.3753,98
61.1781,-149.9664,45
40.3300,-75.1225,134
38.3650,-82.5550,72
48.3500,-122.6667,76
44.7408,-85.5825,94
29.9506,-94.0206,107
37.7836,-81.1231,103
46.1442,-115.5964,40
40.6161,-83.0636,94
42.2347,-85.5519,125
37.2622,-104.3378,139
45.6689,-96.9914,58
31.2361,-94.7544,76
30.6264,-88.0681,103
28.5453,-81.3331,72
38.8317,-94.8897,89
32.9733,-97.3181,76
41.8706,-103.5931,89
30.9119,-102.9167,89
30.4844,-81.7019,89
35.6542,-105.1419,125
37.3592,-121.9239,107
30.7825,-83.2767,58
31.1500,-92.9667,63
42.5844,-110.1075,143
44.0433,-103.0536,89
36.7414,-104.5022,161
33.9706,-80.9958,67
27.4981,-80.3767,67
29.1097,-95.4619,98
42.6958,-73.1708,125
36.3689,-92.4703,40
38.2281,-85.6636,67
38.5714,-90.1572,67
44.5483,-95.0803,72
37.2839,-98.5528,98
39.9444,-81.8922,81
45.8183,-88.1144,94
36.6206,-116.0278,107
41.9922,-93.6217,116
46.4794,-84.3572,98
35.2372,-120.6414,134
41.6236,-98.9517,143
39.4900,-121.6183,81
42.9203,-112.5711,98
41.3461,-82.1794,103
30.3433,-89.8222,98
42.6425,-77.0564,98
40.9017,-117.8081,116
41.1961,-112.0114,81
34.7272,-92.2389,72
41.4653,-90.5233,116
34.6517,-112.4208,89
35.0028,-105.6628,98
36.6817,-101.5053,130
-14.3306,-170.7136,82
38.7525,-90.3736,58
45.6478,-68.6925,116
43.3500,-73.6167,125
36.8781,-91.9025,54
48.2553,-101.2733,81
21.3167,-158.0667,58
43.0206,-102.5183,81
31.8606,-86.0122,103
46.8706,-68.0172,148
45.5464,-100.4078,103
48.0944,-105.5744,98
37.6544,-97.4425,107
37.6197,-122.3647,157
46.2667,-119.1167,45
31.3558,-85.7511,72
34.7442,-87.5997,72
37.4058,-122.0481,103
34.6525,-86.9453,89
38.1417,-76.4292,139
34.9894,-99.0525,76
39.4839,-119.7711,143
42.1128,-92.9175,94
31.1522,-81.3908,58
47.2078,-119.3192,58
39.8233,-93.5792,67
48.5222,-123.0231,54
64.3267,-158.7417,58
41.9144,-88.2464,125
42.2706,-71.8731,161
46.3583,-104.2500,76
40.4719,-81.4236,98
30.4781,-87.1869,94
43.3497,-76.3847,130
29.3600,-99.1742,107
37.7214,-122.2208,116
41.4131,-81.8600,94
46.1569,-123.8825,81
35.4319,-82.5375,143
42.4819,-114.4869,112
30.7167,-87.0167,63
45.0133,-84.7014,89
60.4889,-145.4511,76
45.4622,-69.5953,165
27.7839,-97.5108,116
39.9914,-82.8808,103
42.7611,-87.8136,107
44.1278,-123.2206,72
42.3075,-85.2511,130
41.7781,-80.6958,89
38.3775,-121.9575,89
34.6294,-118.0836,116
38.8500,-94.7392,72
46.5683,-120.5428,58
55.3567,-131.7117,54
37.6542,-122.1150,98
39.7075,-86.2803,98
47.0492,-109.4578,112
47.9742,-117.4283,76
31.5883,-110.3442,94
39.8344,-88.8656,94
38.4167,-113.0167,125
43.1561,-90.6775,89
41.9097,-70.7294,157
30.1250,-93.2158,116
43.1167,-77.6767,116
36.7683,-96.0261,58
31.8111,-106.3758,81
32.7100,-96.2672,81
43.9042,-92.4917,94
47.9375,-124.5550,72
35.5931,-88.9167,103
34.1750,-91.9347,98
37.0683,-88.7719,72
41.6875,-69.9933,98
40.0972,-92.5433,98
44.8428,-117.8086,63
47.6217,-117.5281,81
45.8069,-108.5422,89
36.9839,-77.0075,81
32.5500,-88.5667,98
37.9272,-100.7247,148
33.5656,-86.7450,94
28.4339,-81.3250,67
34.2486,-82.1592,94
29.7036,-98.0281,130
36.5728,-79.3361,134
36.9261,-111.4478,40
39.1258,-123.2008,76
39.9369,-91.1919,94
35.7425,-81.3819,94
30.5069,-86.9597,72
42.5842,-70.9175,161
47.4667,-87.8833,112
30.8356,-85.1839,89
33.7792,-84.5214,81
34.2719,-83.8303,89
36.8167,-76.0333,116
46.4167,-86.6500,76
61.2169,-149.8550,40
35.0281,-110.7208,107
41.3931,-70.6150,139
41.4525,-87.0058,130
33.6542,-101.8136,103
41.6264,-80.2150,89
35.2333,-101.7089,130
33.8750,-84.3022,94
40.2964,-78.3203,125
39.2447,-102.2842,125
28.1011,-80.6439,58
32.2997,-86.4075,81
35.5342,-97.6469,67
37.7081,-77.4344,112
44.9047,-97.1494,103
42.7172,-71.1239,143
55.0389,-131.5786,40
38.8853,-79.8528,98
37.7797,-89.2497,54
43.0661,-108.4767,103
38.8100,-104.6883,143
7.4500,151.8333,62
37.3711,-118.3581,81
35.6575,-109.0614,112
32.6808,-96.8681,89
36.7725,-90.3247,58
41.2531,-70.0608,148
32.7817,-98.0603,76
30.3208,-97.7603,76
44.3981,-98.2231,107
35.9508,-85.0814,72
42.1469,-121.7242,81
46.9733,-122.9033,63
42.7267,-114.4564,89
38.9503,-95.6639,94
40.0803,-95.5919,103
34.0511,-118.2353,40
33.8719,-117.9789,58
40.8289,-115.7886,130
25.9989,-80.2411,67
38.1811,-85.7392,81
67.7317,-164.5483,63
39.2231,-106.8683,81
45.6308,-89.4653,98
21.3239,-157.9294,98
41.8056,-107.1997,143
46.7994,-102.7972,107
40.7794,-73.8803,139
64.8039,-147.8761,40
40.4422,-109.5144,63
34.5183,-109.3792,112
7.0833,171.3833,62
55.5800,-133.0750,49
40.7083,-84.0267,112
44.8664,-91.4878,98
42.5906,-117.8644,94
41.1014,-102.9847,98
44.0511,-101.6011,63
44.4983,-88.1111,116
39.8250,-86.2958,81
25.9156,-97.4186,76
26.1839,-98.2539,94
30.4000,-86.4717,76
46.9208,-114.0925,98
31.2819,-89.2531,94
40.3667,-75.9667,148
36.9647,-86.4239,63
37.9917,-122.0550,94
33.2367,-107.2681,81
46.9006,-95.0678,58
37.1431,-107.7597,76
29.9933,-90.2511,103
25.7906,-80.3164,67
33.2061,-97.1989,63
60.7850,-161.8292,107
36.9878,-120.1106,94
33.4964,-90.0867,103
36.2833,-94.3000,58
46.6056,-111.9636,134
34.0158,-118.4514,58
26.2500,-80.1083,63
40.0681,-118.5692,116
30.1831,-97.6800,134
42.1208,-87.9047,112
39.2953,-114.8467,116
39.8328,-104.6575,94
31.3711,-100.4922,94
36.3333,-119.9500,94
41.7861,-87.7522,125
37.3031,-108.6275,89
38.8761,-98.8092,134
38.1847,-84.9033,76
64.5500,-149.0717,67
41.0731,-71.9233,94
34.7336,-76.6606,112
30.5892,-96.3647,103
30.3567,-95.4139,72
45.6208,-122.6572,36
45.5406,-122.9486,54
39.5514,-97.6508,125
42.9486,-78.7369,134
34.0561,-117.6003,89
28.0836,-97.0464,107
41.0136,-83.6686,125
42.8153,-108.7261,130
46.3747,-117.0156,54
31.3214,-85.4497,76
39.1894,-103.7158,94
45.9647,-112.5006,103
59.4556,-135.3239,67
41.9381,-72.6825,170
35.0311,-85.2014,98
35.0169,-80.6206,107
33.5872,-85.8556,72
59.7494,-154.9089,67
39.4519,-87.3089,76
36.0394,-95.9844,54
42.3606,-71.0106,165
40.8500,-74.0614,143
30.7439,-95.5861,58
40.1606,-113.3508,81
21.4500,-157.7833,63
35.4344,-119.0542,63
38.3083,-75.1239,134
28.4567,-99.2183,103
42.1094,-77.9919,112
41.3103,-95.8992,112
43.1644,-95.2017,125
26.1969,-80.1708,63
21.9839,-159.3405,72
32.8519,-96.8556,81
41.1389,-75.3794,148
43.1072,-78.9453,116
31.6072,-110.4281,107
40.1203,-76.2944,139
41.8031,-78.6403,107
34.3622,-98.9761,63
38.5050,-107.8975,98
37.3169,-79.9742,125
35.1350,-90.2344,89
32.6500,-114.6167,54
34.9869,-81.0575,103
41.5175,-81.6836,107
41.0669,-73.7075,161
38.9408,-77.4636,170
32.8342,-115.5786,67
39.4781,-88.2803,72
39.7078,-77.7297,139
31.9206,-102.3867,98
66.8667,-162.6333,58
42.2228,-83.7444,134
42.7461,-86.0967,139
41.5944,-109.0528,107
30.2050,-91.9875,125
60.5797,-151.2392,67
41.2003,-74.6231,112
32.3847,-94.7117,76
44.4683,-73.1500,125
40.0781,-83.0781,98
34.8461,-82.3461,112
33.0375,-116.9158,89
40.0819,-75.0111,157
38.5000,-77.3000,148
34.6719,-82.8864,67
44.3592,-89.8369,112
41.1214,-100.6694,134
55.2208,-162.7325,165
31.3500,-85.6667,76
33.9486,-81.1186,81
35.6950,-101.3950,98
41.6764,-70.9583,148
43.8339,-111.8045,143
41.3714,-73.4828,112
35.0564,-89.9864,98
35.3889,-97.6006,67
28.7797,-81.2436,76
46.0139,-102.6547,107
26.2281,-97.6542,103
38.5911,-92.1558,54
47.3258,-106.9475,94
42.7431,-73.8092,157
8.7333,167.7333,76
41.3325,-122.3328,40
9.4833,138.0833,52
45.5644,-84.7928,98
41.8756,-71.0211,116
35.3331,-94.3625,72
46.8369,-92.2097,89
30.4000,-81.4167,76
42.4700,-71.2894,179
70.6392,-159.9950,103
42.1578,-72.7161,165
38.9833,-76.4667,125
35.9461,-112.1547,107
36.4731,-82.4044,107
30.0375,-91.8839,112
37.3278,-95.5042,58
42.5700,-72.2911,134
35.2578,-113.9331,94
41.9856,-97.4353,134
42.9667,-83.7494,143
31.6189,-97.2283,89
38.2103,-122.2847,125
39.8447,-89.6839,94
44.8322,-93.4706,63
35.2578,-93.0947,76
37.1681,-97.0369,89
32.8547,-109.6353,67
32.0311,-96.3989,94
