39.6108,-77.8472,1
45.2486,-122.7686,1
28.8208,-81.8097,1
60.7850,-161.8292,1
40.4122,-86.9369,1
42.7392,-78.5878,1
40.9781,-124.1086,1
39.7739,-75.5414,1
47.2856,-68.3133,1
44.4683,-73.1500,1
29.7333,-85.0333,1
43.9922,-76.0217,1
44.1278,-123.2206,1
31.3214,-85.4497,1
40.6142,-79.7192,1
31.3558,-85.7511,1
40.1100,-87.9567,1
41.8564,-71.7333,1
43.1003,-78.9436,1
57.2178,-134.8770,1
40.4847,-80.2144,1
40.7789,-73.9692,1
44.5344,-72.6144,1
39.0725,-95.6261,1
40.6825,-74.1694,1
27.7839,-97.5108,1
42.9486,-78.7369,1
42.7431,-73.8092,1
42.9389,-72.3247,1
44.3853,-74.2067,1
34.0500,-94.4008,1
41.1583,-73.1289,1
30.0375,-91.8839,1
33.1783,-86.7817,1
58.3814,-134.6450,1
58.6794,-156.6294,1
45.5511,-122.4089,1
33.2119,-87.6161,1
42.4264,-78.1919,1
46.1569,-123.8825,1
42.8633,-70.8997,1
39.8814,-77.3506,1
42.9108,-71.2008,1
33.8750,-84.3022,1
32.6847,-83.6528,1
37.6694,-79.2775,1
48.5428,-109.7633,1
39.7750,-105.1169,1
44.2667,-71.2994,1
31.3711,-100.4922,1
46.0947,-118.2869,1
31.3347,-92.5586,1
45.0133,-84.7014,1
41.7850,-70.9175,1
41.5325,-70.6589,1
29.1097,-95.4619,1
30.6794,-88.2397,1
40.7794,-73.8803,1
38.8853,-79.8528,1
29.1828,-81.0483,1
26.9172,-81.9914,1
45.1947,-123.1339,1
47.9375,-124.5550,1
29.6833,-91.1761,1
24.5550,-81.7522,1
36.2769,-93.8214,1
40.4719,-81.4236,1
40.6508,-75.4492,1
41.2433,-76.9217,1
41.1389,-75.3794,1
33.9706,-80.9958,1
40.9300,-77.0669,1
40.2769,-74.8158,1
42.0800,-80.1825,1
46.8706,-68.0172,1
33.7792,-84.5214,1
31.6189,-97.2283,1
13.4836,144.7961,1
42.2472,-78.8125,1
30.3975,-84.3289,1
42.8914,-73.2469,1
19.7192,-155.0531,1
39.6728,-75.6008,1
25.5011,-80.5500,1
26.1839,-98.2539,1
48.6033,-112.3753,1
40.5711,-75.2781,1
42.2706,-71.8731,1
41.4131,-81.8600,1
37.1467,-94.5022,1
44.4536,-71.1853,1
57.1553,-170.2222,1
32.1669,-92.1075,1
41.6569,-69.9589,1
40.1764,-80.6472,1
41.7392,-77.9711,1
41.7219,-71.4325,1
55.0389,-131.5786,1
29.9506,-94.0206,1
42.1608,-71.2461,1
26.2281,-97.6542,1
46.5044,-122.5939,1
34.4978,-82.7097,1
39.0483,-79.4406,1
30.3489,-85.7881,1
30.4922,-83.7833,1
40.1358,-74.9550,1
30.8356,-85.1839,1
29.9933,-90.2511,1
38.4844,-93.2556,1
48.7939,-122.5372,1
41.7144,-70.4717,1
39.8683,-75.2311,1
42.5242,-71.1264,1
46.1236,-67.7928,1
40.8500,-74.0614,1
40.1394,-83.9289,1
43.7694,-87.8506,1
43.6497,-70.3003,1
31.1828,-90.4708,1
41.6267,-71.2092,1
45.6478,-68.6925,1
34.7336,-76.6606,1
43.1111,-76.1039,1
34.8994,-120.4486,1
46.9733,-122.9033,1
43.5697,-76.1164,1
40.4350,-105.0850,1
44.6500,-73.4667,1
55.2208,-162.7325,1
31.2819,-89.2531,1
44.9050,-123.0011,1
32.5161,-84.9422,1
30.3961,-84.3556,1
29.6919,-82.2756,1
26.1658,-97.3458,1
26.7897,-81.3045,1
58.1072,-135.4278,1
32.2997,-86.4075,1
33.5872,-85.8556,1
30.4844,-81.7019,1
43.1167,-77.6767,1
48.5614,-93.3981,1
35.7636,-86.9322,1
44.5761,-71.1786,1
30.7825,-83.2767,1
43.1953,-71.5011,1
30.2050,-91.9875,1
41.4233,-76.4933,1
30.5372,-91.1469,1
41.7803,-124.2367,1
40.1936,-76.7633,1
44.3592,-84.6739,1
40.6386,-73.7622,1
33.3633,-84.5658,1
41.6267,-73.8842,1
41.1783,-78.8989,1
41.0072,-76.4483,1
45.5406,-122.9486,1
40.6644,-78.2192,1
25.9156,-97.4186,1
41.9381,-72.6825,1
30.1250,-93.2158,1
43.2389,-123.3547,1
44.2033,-72.5794,1
58.2944,-134.6753,1
40.9667,-78.5872,1
40.9167,-81.4333,1
44.8297,-70.3936,1
47.6217,-117.5281,1
41.0669,-73.7075,1
35.8550,-94.0203,1
45.5114,-118.4247,1
42.4272,-73.2892,1
42.5881,-70.8372,1
33.2194,-117.3494,1
40.3161,-78.8339,1
42.2122,-71.1136,1
41.2544,-80.6739,1
64.5111,-165.4400,1
30.3361,-81.5147,1
41.3336,-75.7269,1
61.1781,-149.9664,1
28.1011,-80.6439,1
25.6475,-80.4331,1
42.1997,-75.9850,1
40.3667,-75.9667,1
45.7881,-111.1608,1
27.7411,-98.0247,1
29.3600,-99.1742,1
56.8056,-132.9372,1
44.7978,-68.8186,1
48.3042,-114.2636,1
33.6300,-84.4417,1
30.4119,-89.0808,1
43.3436,-72.5178,1
44.3206,-69.7972,1
33.9481,-83.3275,1
32.8667,-117.1333,1
45.6906,-118.8528,1
40.2914,-82.6547,1
45.6208,-122.6572,1
42.3606,-71.0106,1
45.5908,-122.6003,1
40.4803,-83.8131,1
34.1231,-84.8486,1
42.7167,-74.9267,1
40.7939,-73.1017,1
41.8031,-78.6403,1
46.9728,-123.9303,1
44.9358,-74.8458,1
31.1522,-81.3908,1
