37.0875,-82.9925,1
38.3217,-83.6642,1
38.4503,-83.7355,1
35.2622,-88.9892,1
35.6764,-84.8547,1
34.9092,-87.2747,1
33.9786,-98.4928,1
35.8317,-87.4219,1
36.4819,-87.8628,1
37.0856,-87.4986,1
37.8106,-79.9883,1
33.8750,-84.3022,1
39.7994,-79.3664,1
31.3711,-100.4922,1
32.3492,-93.2014,1
47.9375,-124.5550,1
34.7544,-83.0750,1
37.1025,-82.8047,1
36.9028,-82.0383,1
32.5511,-92.9186,1
33.7792,-84.5214,1
36.7458,-86.2258,1
31.6189,-97.2283,1
42.2706,-71.8731,1
35.8036,-82.6658,1
32.3919,-93.7803,1
32.3550,-93.8619,1
37.1186,-82.8281,1
42.1608,-71.2461,1
26.2281,-97.6542,1
37.9483,-83.4825,1
38.8472,-91.9414,1
30.7406,-98.2353,1
36.7458,-84.1753,1
35.3883,-89.3717,1
38.4947,-83.0183,1
35.7103,-88.8222,1
38.9886,-85.5858,1
29.6919,-82.2756,1
26.1658,-97.3458,1
37.6336,-83.7161,1
35.8950,-82.8311,1
42.2269,-70.9125,1
32.2997,-86.4075,1
35.5453,-82.6986,1
30.4844,-81.7019,1
35.7636,-86.9322,1
33.6542,-101.8136,1
38.2186,-83.1431,1
38.0583,-83.9333,1
33.5281,-101.8761,1
38.0969,-83.1189,1
31.2361,-94.7544,1
39.2400,-86.2294,1
34.2833,-86.9142,1
37.3542,-84.3369,1
33.3633,-84.5658,1
36.4583,-86.3239,1
37.3578,-83.7706,1
25.9156,-97.4186,1
39.0800,-82.7078,1
31.8142,-93.0856,1
38.8050,-83.4356,1
42.5881,-70.8372,1
32.8192,-97.3614,1
37.8725,-82.5194,1
42.2122,-71.1136,1
37.8300,-84.0347,1
30.3361,-81.5147,1
35.0197,-82.6925,1
33.6300,-84.4417,1
42.3606,-71.0106,1
35.2983,-86.3631,1
34.1925,-86.7972,1
37.8175,-82.7883,1
31.1522,-81.3908,1
