38.2222,-103.7219,64
34.3061,-89.9806,356
38.9239,-122.5672,0
45.7883,-92.2325,0
37.2778,-97.4097,251
33.8300,-88.5214,183
-37.3495,144.7494,40
-35.3678,141.0625,162
35.9547,-107.0856,81
-36.8402,149.5257,2
-21.0544,116.2575,76
33.8997,-88.1325,257
34.1864,-90.5572,61
45.1111,-87.6117,0
37.4000,-82.2333,0
-41.4372,145.5258,90
-23.3817,114.4375,70
34.4092,-79.3564,229
40.4150,-102.6267,211
-30.9904,138.5787,170
-31.7750,138.6529,530
28.7503,-81.5308,914
30.3678,-89.4544,1029
-34.9594,149.8551,72
-17.4694,145.7311,385
-34.7796,150.4614,52
42.1103,-102.8967,406
41.3997,-84.1119,0
-31.4843,142.3315,114
-35.5889,149.4478,135
35.9308,-91.0547,0
35.0317,-81.4928,76
-21.2475,116.0733,88
-24.3086,116.9111,5
-42.7283,146.6656,114
-35.2078,138.6496,198
-32.0760,140.9969,280
29.7853,-90.1158,602
27.5969,-98.4161,188
-33.8025,123.0331,20
41.4500,-85.2272,0
-21.1594,116.1197,90
-35.8764,145.5461,488
27.4467,-97.2967,135
34.6158,-83.5428,102
30.8714,-89.1214,43
34.8878,-83.3967,445
32.0597,-85.4953,508
