43.8544,-116.4664,89
43.9794,-117.0247,83
40.1100,-87.9567,117
41.1453,-85.4897,56
33.8083,-79.8567,172
47.0575,-109.9514,78
33.2564,-81.2422,144
34.1944,-79.2472,167
41.8161,-80.4250,100
40.4750,-86.9919,83
32.7547,-104.3836,128
34.2183,-81.0731,183
42.7831,-71.4147,67
37.1317,-86.1481,156
37.8194,-85.3847,183
42.1397,-87.7853,100
44.4933,-68.4583,39
40.4719,-74.4364,100
62.1925,-150.5033,6
37.0683,-88.7725,161
46.8706,-68.0172,0
38.4558,-86.6983,156
40.2233,-86.1086,156
44.9847,-93.1772,83
34.4719,-81.8839,167
35.6214,-88.8456,189
32.3500,-94.6500,200
37.9311,-98.0297,156
40.0739,-87.5067,128
39.4833,-83.8500,133
42.2947,-83.7108,94
34.7289,-80.0389,156
37.1244,-87.8672,72
38.4661,-101.7758,133
39.4708,-87.4081,139
27.7792,-97.5056,233
38.7003,-82.4736,183
39.4700,-80.8572,128
38.7386,-87.4878,139
28.7156,-97.1742,222
41.0267,-86.5867,94
42.6006,-114.7453,89
34.1419,-80.8700,150
35.6042,-91.2744,144
45.0853,-67.1203,6
34.6603,-82.8236,167
38.8894,-86.5519,144
64.9156,-148.2711,6
42.3806,-96.9575,122
32.2822,-106.7597,161
41.4439,-86.9294,94
33.7775,-81.8467,161
40.9361,-90.7197,133
36.1306,-80.5481,128
32.5133,-92.3486,211
40.2539,-85.1483,128
46.3414,-86.9242,61
38.3139,-81.7186,144
36.7578,-90.4056,161
28.8608,-97.0181,239
40.8142,-85.1547,72
37.9931,-100.8122,128
37.1167,-84.6167,117
31.4269,-94.8942,161
20.7583,-156.3211,183
