32.5667,-117.1167,72
40.2342,-85.3936,121
30.0494,-90.0289,241
43.9906,-70.9475,139
45.6194,-121.1661,58
47.2767,-121.3372,89
35.2333,-101.7089,85
34.2622,-88.7714,98
32.3367,-90.2214,130
32.6500,-114.6167,72
37.1431,-107.7597,63
37.4389,-105.8614,40
30.0481,-102.2131,134
34.2675,-77.8997,63
45.2486,-122.7686,143
46.7708,-100.7603,67
34.2008,-119.2069,94
35.2372,-120.6414,130
28.8208,-81.8097,103
43.0661,-108.4767,107
60.7850,-161.8292,58
64.7767,-141.1483,49
41.6117,-90.5808,40
37.2253,-89.5706,94
38.8169,-92.2183,103
27.4981,-80.3767,116
40.4122,-86.9369,89
38.9286,-90.4281,85
34.8822,-95.7831,103
35.0169,-80.6206,67
38.3000,-76.4167,134
36.2117,-115.1958,49
41.3461,-82.1794,103
40.9781,-124.1086,98
46.7994,-102.7972,72
37.7461,-97.2211,63
41.7806,-122.4717,161
33.0375,-116.9158,67
42.8153,-108.7261,72
34.9883,-117.8647,45
32.5722,-116.9794,63
36.0097,-94.1694,94
42.5950,-87.9381,63
39.6014,-116.0056,63
47.2856,-68.3133,161
34.1750,-91.9347,130
43.0206,-102.5183,63
39.7333,-77.4333,107
44.4683,-73.1500,197
41.8833,-91.7167,40
39.8233,-93.5792,54
43.5164,-112.0672,63
36.0394,-95.9844,103
29.7333,-85.0333,116
34.4258,-119.8425,76
43.9922,-76.0217,179
41.6764,-70.9583,94
44.1278,-123.2206,161
42.2333,-83.5333,103
31.3214,-85.4497,85
38.3794,-81.5900,112
46.9208,-114.0925,63
36.7414,-104.5022,94
41.2531,-70.0608,134
44.2558,-121.1392,112
41.5272,-85.7922,81
31.3558,-85.7511,63
44.3592,-89.8369,67
37.3278,-95.5042,81
41.6264,-80.2150,98
60.1283,-149.4167,49
43.9658,-107.9508,63
42.2667,-84.4667,94
35.1442,-111.6664,76
61.2169,-149.8550,36
40.0397,-88.2778,89
64.5500,-149.0717,54
26.2500,-80.1083,98
36.9839,-77.0075,72
48.4608,-119.5167,130
40.0681,-118.5692,76
21.4500,-157.7833,85
38.8761,-98.8092,81
30.0675,-95.5561,143
44.3394,-105.5419,103
41.0089,-74.7367,107
34.0511,-118.2353,49
37.9272,-100.7247,98
39.3792,-74.4242,103
26.5361,-81.7550,103
39.8447,-89.6839,94
37.2839,-98.5528,54
39.5703,-104.8489,72
64.3267,-158.7417,27
40.4847,-80.2144,112
30.5892,-96.3647,161
44.7694,-106.9689,54
44.0511,-101.6011,112
40.7789,-73.9692,98
44.5344,-72.6144,130
34.9894,-99.0525,98
35.3889,-97.6006,103
35.4344,-119.0542,85
33.9786,-98.4928,116
39.0725,-95.6261,76
36.3189,-119.6289,81
40.6825,-74.1694,134
40.0803,-95.5919,63
27.7839,-97.5108,192
41.9097,-70.7294,112
46.7439,-117.1086,121
42.9486,-78.7369,161
37.9917,-122.0550,89
42.6958,-73.1708,130
29.3389,-98.4719,152
42.6425,-77.0564,130
42.7431,-73.8092,143
42.0647,-104.1528,72
28.4339,-81.3250,246
44.3814,-100.2856,103
41.1519,-104.8061,89
44.3853,-74.2067,130
33.6267,-116.1594,54
37.6542,-122.1150,89
40.4422,-109.5144,45
41.6686,-70.2800,143
38.3650,-82.5550,94
33.6228,-111.9106,94
41.1583,-73.1289,143
33.6361,-91.7556,116
59.7494,-154.9089,116
39.4519,-87.3089,89
36.7800,-119.7194,94
37.0911,-95.5664,98
30.0375,-91.8839,134
42.9550,-87.9044,67
42.1469,-121.7242,157
32.3542,-95.4025,139
39.9369,-91.1919,81
41.4525,-87.0058,81
37.7214,-122.2208,76
42.9667,-83.7494,112
37.2833,-102.6139,125
45.7728,-122.8611,85
40.8764,-74.2831,107
34.6517,-112.4208,107
36.0969,-79.9433,67
33.8117,-78.7239,49
33.1783,-86.7817,67
37.5050,-77.3203,94
45.0717,-83.5644,107
45.6689,-96.9914,85
38.9408,-77.4636,112
42.8939,-85.5447,107
42.5519,-71.7558,112
32.5428,-93.7450,116
41.2639,-72.8872,112
34.2006,-118.3575,45
58.6794,-156.6294,152
62.3200,-150.0950,40
47.5303,-122.3008,143
38.5050,-107.8975,63
45.4558,-98.4131,81
45.5511,-122.4089,174
42.1094,-77.9919,134
41.6328,-91.5431,40
33.2119,-87.6161,85
46.9253,-96.8111,58
46.1569,-123.8825,161
34.9869,-81.0575,63
40.8436,-72.6322,139
41.0731,-71.9233,139
41.3375,-84.4289,89
39.3669,-101.7000,134
36.3333,-119.9500,89
39.9444,-81.8922,85
33.4050,-118.4158,58
34.6294,-118.0836,63
34.4272,-100.2831,72
31.4208,-110.8458,72
37.3031,-108.6275,89
39.2292,-106.3169,76
44.5483,-95.0803,125
29.7036,-98.0281,161
33.8750,-84.3022,63
40.8217,-72.8689,121
42.5544,-92.4011,58
36.1189,-86.6892,94
32.6847,-83.6528,81
42.4092,-83.0100,112
36.6239,-87.4194,76
48.5428,-109.7633,81
40.8203,-82.5178,94
31.3711,-100.4922,107
35.6169,-106.0889,81
30.3208,-97.7603,139
40.0489,-107.8853,94
41.5944,-109.0528,85
35.5931,-88.9167,112
42.7611,-87.8136,81
41.5631,-83.4764,125
47.4444,-122.3139,143
46.0947,-118.2869,98
39.3450,-81.4392,76
32.3500,-91.0278,152
32.9733,-97.3181,107
27.5333,-99.4667,157
30.7797,-86.5225,72
38.6956,-121.5897,89
48.0944,-105.5744,72
33.9519,-117.4386,45
48.2553,-101.2733,45
41.4333,-99.6333,130
38.8000,-97.6500,63
71.2833,-156.7814,76
31.3347,-92.5586,170
29.6381,-95.2819,179
45.0133,-84.7014,103
42.7461,-86.0967,85
40.1519,-122.2536,89
33.5656,-86.7450,98
27.9106,-82.6875,98
42.1128,-92.9175,54
37.3711,-118.3581,63
30.4781,-87.1869,130
29.1097,-95.4619,192
40.1203,-76.2944,116
43.4075,-94.7461,89
44.6381,-90.1875,58
30.6794,-88.2397,139
32.7667,-97.4500,103
38.4167,-113.0167,116
46.4167,-86.6500,139
33.9381,-118.3889,76
47.9078,-122.2803,152
40.7794,-73.8803,134
32.7336,-117.1831,45
38.7642,-87.6056,89
45.8183,-88.1144,121
66.9161,-151.5089,45
37.7086,-113.0944,112
40.2064,-100.5914,130
46.4267,-105.8825,94
35.8922,-78.7819,72
36.0167,-102.5500,94
38.1811,-85.7392,85
26.0719,-80.1536,121
40.6331,-93.9019,54
33.6800,-117.8664,58
41.5333,-71.2833,116
28.4736,-82.4544,89
17.7028,-64.8056,103
48.5222,-123.0231,94
40.6161,-83.0636,107
38.8853,-79.8528,94
39.4019,-77.9844,121
42.4167,-87.8667,58
70.6392,-159.9950,54
29.1828,-81.0483,98
43.1406,-89.3453,54
37.2958,-81.2078,89
32.3336,-104.2581,49
25.7906,-80.3164,107
26.9172,-81.9914,98
32.8342,-115.5786,49
31.9514,-85.1289,98
34.7442,-87.5997,85
33.4669,-82.0386,45
39.1667,-76.6833,125
35.9333,-79.0642,63
18.3331,-64.9667,116
41.8678,-84.0794,107
44.3675,-71.5450,121
41.1078,-92.4467,63
36.1625,-97.0894,85
47.9375,-124.5550,76
41.1214,-100.6694,116
24.5550,-81.7522,143
43.7700,-88.4864,54
46.0261,-91.4442,72
28.8614,-96.9303,179
45.5433,-94.0514,67
41.5175,-81.6836,139
40.4719,-81.4236,89
24.5833,-81.6833,112
40.6508,-75.4492,112
41.5092,-74.2650,121
32.8519,-96.8556,121
36.8167,-76.0333,112
18.2550,-65.6408,130
38.8100,-104.6883,81
34.1853,-79.7239,54
41.2433,-76.9217,134
25.9069,-80.2803,107
47.0492,-109.4578,103
36.7683,-96.0261,81
31.4156,-87.0442,85
42.3075,-85.2511,89
43.5331,-84.0797,107
36.9878,-120.1106,98
41.1389,-75.3794,143
38.7550,-109.7542,103
40.2383,-75.5572,107
35.5144,-108.7939,85
33.9706,-80.9958,40
34.2167,-119.0833,67
48.2138,-106.6213,94
48.1203,-123.4983,98
35.2236,-80.9553,89
26.1522,-81.7753,121
44.5169,-108.0822,94
38.6572,-90.6558,81
47.9742,-117.4283,125
39.3756,-99.8297,103
38.8983,-119.9947,188
31.9433,-102.1889,89
34.2900,-93.0600,116
32.8167,-115.6833,45
28.0622,-81.7542,98
44.8428,-117.8086,121
39.7556,-82.6572,85
30.4000,-81.4167,72
35.2578,-93.0947,94
18.4325,-66.0108,103
34.6439,-86.7861,85
31.6072,-110.4281,206
37.2622,-104.3378,98
40.2769,-74.8158,107
42.0800,-80.1825,125
63.9944,-145.7214,85
47.3258,-106.9475,98
46.5486,-90.9189,54
55.5800,-133.0750,49
46.8706,-68.0172,152
32.8158,-117.1394,54
47.4933,-122.2144,103
30.1831,-97.6800,157
35.1822,-103.6031,89
40.8289,-115.7886,116
33.3644,-81.9633,45
39.4781,-88.2803,89
21.3167,-158.0667,103
43.3500,-73.6167,103
59.4556,-135.3239,45
30.9119,-102.9167,81
39.1258,-123.2008,76
37.7064,-112.1456,94
44.9047,-97.1494,81
45.5464,-100.4078,103
40.1667,-103.2167,94
43.1711,-86.2367,98
33.7792,-84.5214,45
60.7850,-148.8389,81
31.8606,-86.0122,81
45.0319,-102.0192,103
31.6189,-97.2283,121
35.5342,-97.6469,89
43.8789,-91.2528,49
13.4836,144.7961,67
47.2675,-122.5761,157
34.8831,-82.2203,63
44.3981,-98.2231,67
31.8311,-104.8089,157
47.6831,-117.3214,103
47.3078,-119.5153,103
39.1333,-86.6167,85
35.8550,-77.8931,67
40.7833,-91.1253,72
35.0028,-105.6628,94
39.9181,-76.8742,112
67.7317,-164.5483,40
39.6428,-79.9164,89
30.6264,-88.0681,139
40.5175,-122.2986,94
36.6206,-116.0278,54
30.3975,-84.3289,112
42.8375,-103.0953,72
28.7247,-96.2536,206
46.0139,-102.6547,112
45.9647,-112.5006,89
37.2353,-93.4003,103
38.3083,-75.1239,85
42.8914,-73.2469,121
38.0442,-87.5206,89
19.7192,-155.0531,85
30.5069,-86.9597,130
39.7075,-86.2803,89
37.1319,-76.4930,76
39.6728,-75.6008,116
26.1839,-98.2539,192
44.7408,-85.5825,98
41.7361,-72.6506,107
38.3306,-96.1897,72
48.6033,-112.3753,85
43.4133,-124.2436,125
36.2967,-99.7689,54
34.2719,-83.8303,63
41.8706,-103.5931,85
43.8339,-111.8045,54
39.8344,-88.8656,89
39.8328,-104.6575,81
42.2706,-71.8731,148
37.6928,-121.8144,81
42.1928,-89.0931,40
37.0683,-88.7719,98
39.5936,-84.2264,89
44.0433,-103.0536,81
41.2003,-74.6231,103
33.4964,-90.0867,112
41.4131,-81.8600,116
37.1467,-94.5022,98
32.6261,-116.4681,72
36.1994,-95.8872,103
39.1033,-84.4189,81
57.1553,-170.2222,152
40.6675,-89.6839,67
46.8369,-92.2097,85
40.1764,-80.6472,98
30.7044,-87.0231,148
37.6544,-97.4425,63
37.7081,-77.4344,58
32.7817,-98.0603,98
39.4900,-121.6183,94
46.9258,-98.6692,72
31.5358,-82.5067,58
34.9000,-76.8833,63
42.8050,-72.0036,107
41.7219,-71.4325,107
35.0564,-89.9864,107
35.3331,-94.3625,85
41.3931,-70.6150,112
44.4983,-88.1111,63
36.6636,-121.6081,103
39.3667,-75.0667,89
55.0389,-131.5786,76
37.0872,-84.0769,67
34.0158,-118.4514,63
29.9506,-94.0206,197
31.3928,-92.2956,139
41.5097,-72.8278,116
42.5906,-117.8644,143
32.4833,-80.7167,49
41.6875,-69.9933,94
27.6531,-80.2428,94
30.8458,-85.6014,67
43.1544,-93.3269,76
37.6242,-120.9506,125
34.7000,-77.3833,63
38.1386,-78.4530,63
41.9950,-87.9336,76
26.2281,-97.6542,197
29.3783,-100.9269,134
35.9403,-89.8308,98
33.8117,-118.1464,67
34.4978,-82.7097,54
39.5781,-85.8033,94
46.1442,-115.5964,54
40.5100,-101.6200,116
70.1917,-148.4772,54
44.1708,-114.9272,103
41.3119,-105.6747,98
43.2781,-70.9222,130
42.4819,-114.4869,121
30.3489,-85.7881,85
59.4433,-151.7017,27
32.5156,-92.0406,174
33.2367,-107.2681,85
32.6808,-96.8681,107
30.3433,-89.8222,201
37.7608,-99.9683,76
42.7803,-84.5789,103
40.6239,-74.6694,103
32.7100,-96.2672,121
42.5417,-113.7661,161
35.0678,-77.0481,63
38.0494,-103.5122,72
30.8356,-85.1839,72
44.0206,-117.0128,148
38.2900,-104.4983,76
55.3567,-131.7117,89
59.2433,-135.5094,103
41.0375,-81.4642,121
29.9933,-90.2511,206
36.9358,-121.7886,72
39.3644,-84.5247,85
38.5911,-92.1558,81
47.0339,-120.5303,94
45.8258,-119.2611,76
47.4667,-87.8833,170
30.7406,-98.2353,121
31.4583,-109.6061,107
36.7436,-108.2292,72
48.7939,-122.5372,116
38.9597,-94.3714,81
39.5514,-97.6508,81
34.3622,-98.9761,107
39.2231,-106.8683,63
15.1167,145.7167,58
47.2078,-119.3192,94
40.8097,-124.1603,67
41.6236,-98.9517,125
39.8683,-75.2311,143
38.2281,-85.6636,76
41.1014,-102.9847,89
46.1236,-67.7928,134
40.7083,-84.0267,112
40.8500,-74.0614,179
38.5000,-77.3000,107
34.8536,-116.7858,67
32.8978,-97.0189,134
39.1894,-103.7158,103
36.6950,-76.1356,89
33.1281,-117.2794,45
31.1500,-92.9667,134
29.6333,-83.1053,81
42.9203,-112.5711,121
43.7694,-87.8506,67
43.6497,-70.3003,121
36.5881,-121.8453,85
30.5108,-99.7664,125
31.1828,-90.4708,134
41.7781,-80.6958,107
32.5500,-88.5667,103
34.5467,-93.5781,63
37.6703,-95.4842,89
35.9508,-85.0814,85
35.2578,-113.9331,107
45.6478,-68.6925,125
34.7336,-76.6606,67
28.5453,-81.3331,98
43.1561,-90.6775,49
26.5850,-81.8614,98
41.7419,-72.1836,107
56.6000,-169.5650,192
38.7667,-104.3000,67
41.9922,-93.6217,67
43.1111,-76.1039,139
35.7425,-81.3819,76
34.7436,-118.7242,116
33.3075,-104.5083,76
34.8994,-120.4486,125
42.6003,-123.3642,143
33.8281,-116.5053,63
48.7167,-94.6000,58
41.5339,-93.6531,72
42.3811,-122.8722,157
40.4953,-107.5211,85
47.4733,-111.3822,67
39.4839,-119.7711,157
46.9733,-122.9033,157
38.5714,-90.1572,76
47.3864,-92.8389,67
45.8678,-95.3942,85
42.2228,-83.7444,112
42.1244,-86.4267,98
37.3208,-79.2067,67
41.9856,-97.4353,130
39.2775,-120.7103,107
46.5683,-120.5428,76
43.9636,-69.7117,116
43.3906,-99.8422,107
35.1350,-90.2344,107
35.4319,-82.5375,81
30.7439,-95.5861,121
39.0083,-95.2117,76
34.7675,-114.6189,58
39.8250,-86.2958,103
44.6500,-73.4667,148
55.2208,-162.7325,183
34.2097,-118.4892,54
41.4914,-120.5644,165
30.3567,-95.4139,134
33.4617,-80.8581,40
44.8831,-93.2289,63
47.9428,-97.1839,54
38.8317,-94.8897,76
38.8483,-77.0342,112
31.2819,-89.2531,134
43.6264,-72.3047,121
34.6719,-82.8864,45
44.9050,-123.0011,139
32.5161,-84.9422,81
41.3714,-73.4828,116
36.9647,-86.4239,81
58.3567,-134.5639,40
29.6919,-82.2756,98
39.1208,-94.5969,76
26.1658,-97.3458,192
38.0408,-84.6058,76
36.9261,-111.4478,63
29.2733,-94.8592,250
39.5264,-107.7264,94
35.8311,-90.6464,121
41.9144,-88.2464,40
41.8756,-71.0211,85
46.4047,-94.1308,49
42.3978,-90.7036,58
27.4014,-82.5586,125
37.5908,-83.3131,76
34.1167,-119.1167,81
35.2100,-99.1200,85
33.4825,-90.9853,121
35.6567,-95.3614,94
44.8322,-93.4706,63
34.9914,-78.8803,63
35.2325,-75.6219,89
45.5644,-84.7928,112
61.1689,-150.0278,40
47.7472,-90.3444,76
29.9800,-95.3600,161
32.2997,-86.4075,98
34.7272,-92.2389,116
42.6650,-83.4181,130
36.2833,-94.3000,103
39.1342,-108.5400,58
33.5872,-85.8556,63
30.4844,-81.7019,89
38.1847,-84.9033,72
43.2119,-90.1814,54
40.9017,-117.8081,85
33.8719,-117.9789,54
47.1686,-88.4889,139
40.0819,-75.0111,134
41.5886,-83.8014,107
43.3497,-76.3847,152
40.8731,-81.8867,98
39.0431,-84.6717,94
25.9989,-80.2411,116
36.7367,-97.1019,94
31.3500,-85.6667,98
39.4203,-83.8217,94
41.8056,-107.1997,125
38.0511,-117.0903,67
43.1167,-77.6767,148
34.7917,-79.3661,63
42.8975,-106.4636,103
48.5614,-93.3981,49
32.1314,-110.9553,134
26.1969,-80.1708,121
36.6817,-101.5053,85
34.8461,-82.3461,54
45.6983,-110.4408,121
36.0236,-84.2375,81
41.7072,-86.3164,85
44.5761,-71.1786,134
30.7825,-83.2767,63
27.7628,-82.6261,103
33.6542,-101.8136,72
37.1681,-97.0369,76
43.1953,-71.5011,125
30.2050,-91.9875,107
26.6847,-80.0994,103
31.0425,-86.3117,94
30.5372,-91.1469,161
43.1644,-95.2017,107
62.9614,-141.9292,36
42.3914,-96.3792,107
57.0481,-135.3647,45
42.9333,-71.4383,125
46.3583,-104.2500,116
45.8069,-108.5422,76
39.9492,-74.8417,112
41.7803,-124.2367,165
33.4536,-94.0075,116
47.6458,-101.4394,58
45.6044,-103.5464,107
42.5700,-72.2911,116
60.4889,-145.4511,54
35.0281,-110.7208,89
20.8997,-156.4286,76
45.4622,-69.5953,161
40.9706,-85.2064,89
32.6636,-97.0939,130
33.9486,-81.1186,49
31.2361,-94.7544,130
42.4933,-79.2722,139
40.0781,-83.0781,94
40.1936,-76.7633,134
44.3592,-84.6739,112
62.1592,-145.4589,58
66.8667,-162.6333,103
36.2667,-93.1567,72
57.7511,-152.4856,112
32.3347,-88.7442,125
42.5844,-110.1075,49
60.5797,-151.2392,76
46.2667,-119.1167,81
39.4167,-118.7167,112
42.4700,-71.2894,107
38.2103,-122.2847,94
33.9753,-117.6361,49
44.5228,-114.2150,148
37.4058,-122.0481,89
32.0311,-96.3989,125
40.6386,-73.7622,174
39.1353,-96.6778,58
62.9575,-155.6103,31
33.3633,-84.5658,49
41.6267,-73.8842,125
35.6875,-117.6931,63
34.5183,-109.3792,76
41.1783,-78.8989,116
46.6056,-111.9636,49
37.3169,-79.9742,85
42.0572,-102.8000,89
45.5406,-122.9486,112
38.6892,-75.3592,81
32.4106,-99.6822,134
46.5311,-87.5483,94
28.4567,-99.2183,134
40.0972,-92.5433,58
41.3103,-95.8992,76
42.1208,-87.9047,54
38.9833,-76.4667,112
47.4569,-115.6450,121
34.6081,-79.0592,45
25.9156,-97.4186,188
42.8783,-100.5500,116
41.7700,-88.4814,49
38.9503,-95.6639,72
36.2606,-76.1750,81
32.8547,-109.6353,107
27.9619,-82.5403,85
36.9500,-76.2833,98
29.5442,-98.4839,161
32.4506,-93.8411,134
31.5883,-110.3442,81
21.3239,-157.9294,89
37.8892,-121.2258,94
41.4653,-90.5233,45
40.7342,-73.4169,116
41.9381,-72.6825,116
36.7725,-90.3247,89
33.1803,-96.5903,103
43.5950,-118.9564,183
59.5119,-139.6711,36
39.7736,-94.9233,63
33.4278,-112.0039,81
45.0619,-93.3508,76
34.7411,-118.2117,63
33.2208,-92.8142,112
32.3206,-90.0778,134
40.8206,-76.8642,107
33.9228,-118.3342,67
36.8781,-91.9025,98
30.1250,-93.2158,179
39.2447,-102.2842,125
34.0561,-117.6003,54
19.7356,-156.0489,98
43.2389,-123.3547,81
29.3331,-89.4075,165
35.6950,-101.3950,72
44.8889,-116.1017,85
42.1594,-76.8919,121
39.1019,-121.5678,85
41.3325,-122.3328,85
31.5356,-84.1944,89
42.7172,-71.1239,107
40.0228,-82.4625,76
44.3814,-106.7211,58
43.9042,-92.4917,58
42.1908,-71.1736,98
44.2033,-72.5794,152
42.7972,-105.3856,116
66.0689,-162.7639,76
41.2731,-111.0306,134
29.5189,-95.2417,183
39.7078,-77.7297,121
45.6308,-89.4653,81
40.9167,-81.4333,107
35.9461,-112.1547,67
38.3406,-75.5103,107
47.6217,-117.5281,112
31.8111,-106.3758,81
41.3275,-72.0494,116
41.0669,-73.7075,143
41.7872,-111.8533,54
21.1544,-157.0961,81
47.2381,-123.1408,161
37.3592,-121.9239,94
45.5114,-118.4247,81
42.4272,-73.2892,152
38.0700,-102.6881,103
43.9844,-88.5569,63
34.6525,-86.9453,103
32.8192,-97.3614,130
33.2194,-117.3494,54
44.9319,-93.0556,67
40.3161,-78.8339,116
42.2314,-83.3308,116
41.2544,-80.6739,121
38.1311,-91.7683,98
61.5961,-149.0917,72
38.0653,-97.8606,81
43.5667,-116.2406,148
64.5111,-165.4400,58
30.3361,-81.5147,63
35.0419,-106.6156,76
21.9839,-159.3405,89
41.0467,-78.4117,98
40.6044,-98.4272,98
41.3336,-75.7269,121
42.5708,-77.7133,116
61.1781,-149.9664,45
32.7000,-117.2000,49
37.7836,-81.1231,81
28.1011,-80.6439,112
31.7800,-103.2017,67
31.9206,-102.3867,85
25.6475,-80.4331,103
42.1997,-75.9850,130
39.9914,-82.8808,103
42.1578,-72.7161,148
32.3847,-94.7117,112
36.9033,-76.1922,121
33.6186,-114.7142,45
40.3667,-75.9667,152
47.3978,-120.2014,58
45.7881,-111.1608,54
27.7411,-98.0247,174
35.8517,-97.4142,76
32.1300,-81.2100,81
64.8039,-147.8761,40
40.3547,-79.9217,112
35.1967,-81.1558,67
29.3600,-99.1742,157
36.4486,-103.1539,116
27.5000,-97.8167,183
33.2061,-97.1989,103
43.7331,-103.6114,67
30.7167,-87.0167,143
38.8500,-94.7392,72
41.1961,-112.0114,89
40.3300,-75.1225,112
30.2333,-81.6667,94
41.3497,-71.7989,107
41.7861,-87.7522,67
44.7978,-68.8186,152
40.2172,-76.8514,116
27.6833,-97.2833,228
48.3042,-114.2636,107
33.6300,-84.4417,81
42.5842,-70.9175,121
30.4119,-89.0808,219
43.3436,-72.5178,85
44.0219,-82.7931,139
44.3206,-69.7972,121
36.4731,-82.4044,54
40.2964,-78.3203,116
38.7042,-93.1833,89
33.9481,-83.3275,54
37.6197,-122.3647,112
70.2117,-151.0017,36
38.3775,-121.9575,85
33.6883,-112.0817,81
30.4000,-86.4717,116
34.5583,-98.4172,125
32.8667,-117.1333,63
36.5728,-79.3361,72
40.8508,-96.7475,85
37.2847,-120.5128,94
38.5039,-122.8103,67
40.9611,-98.3136,107
43.7667,-98.0333,89
31.4000,-93.2833,157
45.6906,-118.8528,107
45.6208,-122.6572,125
37.7797,-89.2497,85
34.3478,-85.1611,40
48.1739,-103.6367,40
43.2339,-75.4117,139
37.9406,-75.4631,98
44.9258,-89.6256,76
39.6092,-110.7547,63
32.8986,-80.0403,58
30.4636,-88.5319,152
42.3606,-71.0106,157
46.4794,-84.3572,116
29.6222,-95.6564,170
39.2956,-80.2289,85
28.0836,-97.0464,197
42.2347,-85.5519,89
35.6542,-105.1419,121
39.2972,-94.7306,89
36.0719,-115.1633,45
45.5908,-122.6003,130
46.9006,-95.0678,49
36.1336,-80.2222,85
28.7797,-81.2436,103
43.1072,-78.9453,157
40.7781,-111.9694,98
41.7636,-96.1778,103
34.1231,-84.8486,63
36.3689,-92.4703,81
38.5069,-121.4950,76
44.8664,-91.4878,58
43.5878,-96.7289,112
24.7258,-81.0517,94
39.2953,-114.8467,94
42.7267,-114.4564,98
39.4494,-74.5672,107
45.2575,-112.5545,81
46.3747,-117.0156,121
39.9061,-84.2186,107
38.1417,-76.4292,94
44.5444,-110.4211,58
34.2486,-82.1592,40
40.7939,-73.1017,121
35.0311,-85.2014,81
41.8031,-78.6403,121
59.6419,-151.4908,36
41.0136,-83.6686,112
46.9728,-123.9303,197
44.9358,-74.8458,157
35.8181,-83.9858,89
31.1522,-81.3908,67
36.0467,-79.4769,81
