36.7200,-106.2600,5
32.2997,-86.4075,19
47.9742,-117.4283,39
47.4733,-111.3822,66
37.3208,-79.2067,11
60.1283,-149.4167,92
40.8250,-92.8925,0
40.6161,-83.0636,22
38.1847,-84.9033,27
48.0944,-105.5744,41
37.7836,-81.1231,9
21.4500,-157.7833,42
6.9667,158.2167,35
32.8158,-117.1394,24
47.2381,-123.1408,41
43.0661,-108.4767,51
37.4389,-105.8614,26
30.4636,-88.5319,9
35.5342,-97.6469,23
42.4092,-83.0100,17
34.8536,-116.7858,75
47.4667,-87.8833,20
24.5833,-81.6833,65
37.6928,-121.8144,35
45.6689,-96.9914,45
34.8831,-82.2203,16
33.1783,-86.7817,9
35.9403,-89.8308,26
43.8339,-111.8045,55
36.7683,-96.0261,14
43.4075,-94.7461,46
37.5908,-83.3131,2
31.3500,-85.6667,14
39.8328,-104.6575,41
47.4569,-115.6450,32
41.4653,-90.5233,8
35.4319,-82.5375,9
38.1417,-76.4292,26
35.4344,-119.0542,37
45.0133,-84.7014,22
44.4983,-88.1111,19
40.1936,-76.7633,15
45.0319,-102.0192,56
40.9656,-105.2186,22
38.5714,-90.1572,15
40.2769,-74.8158,22
28.4567,-99.2183,35
31.8311,-104.8089,68
48.8700,-121.7900,2
36.8600,-106.2300,346
40.5100,-101.6200,62
41.8678,-84.0794,15
67.7317,-164.5483,59
48.4608,-119.5167,64
59.7494,-154.9089,63
44.8664,-91.4878,30
45.0717,-83.5644,12
30.7797,-86.5225,10
36.4731,-82.4044,6
44.5444,-110.4211,17
31.3347,-92.5586,10
37.2253,-89.5706,22
40.7083,-84.0267,31
44.2100,-110.6700,24
45.5908,-122.6003,40
35.2100,-99.1200,25
39.1258,-123.2008,24
59.4556,-135.3239,16
46.0139,-102.6547,34
42.7267,-114.4564,38
34.1231,-84.8486,13
36.3200,-115.7000,11
42.1208,-87.9047,9
42.4272,-73.2892,10
44.2033,-72.5794,10
39.2292,-106.3169,21
41.7636,-96.1778,30
39.4167,-118.7167,21
37.2833,-102.6139,51
43.1644,-95.2017,41
34.9869,-81.0575,7
41.7419,-72.1836,13
39.9492,-74.8417,14
32.8167,-115.6833,53
40.2064,-100.5914,39
40.1550,-103.1417,49
31.8606,-86.0122,9
39.4781,-88.2803,23
46.2667,-119.1167,63
32.6500,-114.6167,28
43.1953,-71.5011,10
41.7072,-86.3164,15
64.3267,-158.7417,22
36.3333,-119.9500,60
27.7628,-82.6261,39
41.0375,-81.4642,27
46.7708,-100.7603,35
7.3333,134.4833,38
48.6033,-112.3753,108
31.7800,-103.2017,33
7.0833,171.3833,32
35.0028,-105.6628,43
42.7803,-84.5789,19
40.8300,-111.7600,13
32.5428,-93.7450,16
40.2964,-78.3203,18
43.7667,-98.0333,65
42.1094,-77.9919,24
40.6239,-74.6694,9
43.5878,-96.7289,52
38.1811,-85.7392,34
32.3367,-90.2214,19
40.4719,-81.4236,17
19.7356,-156.0489,33
36.2500,-115.6300,15
40.4122,-86.9369,11
40.3667,-75.9667,14
41.2531,-70.0608,45
40.0972,-92.5433,21
35.9200,-106.3900,3
45.5511,-122.4089,28
33.2061,-97.1989,43
42.8153,-108.7261,55
46.3583,-104.2500,42
45.8258,-119.2611,43
35.1822,-103.6031,34
36.2606,-76.1750,22
32.7100,-96.2672,33
31.9433,-102.1889,29
56.6000,-169.5650,41
37.3169,-79.9742,11
36.3189,-119.6289,49
31.2819,-89.2531,8
39.9369,-91.1919,22
32.3847,-94.7117,26
48.1739,-103.6367,31
41.6764,-70.9583,33
47.6831,-117.3214,37
35.0281,-110.7208,28
26.9172,-81.9914,31
44.3206,-69.7972,17
31.1522,-81.3908,33
37.7461,-97.2211,19
40.8508,-96.7475,34
32.5722,-116.9794,20
41.5339,-93.6531,18
31.3089,-86.3939,9
61.1000,-149.6936,98
60.7850,-148.8389,51
32.7800,-79.9319,38
40.7342,-73.4169,34
38.4167,-113.0167,72
40.4847,-80.2144,18
35.2578,-113.9331,59
46.4794,-84.3572,26
48.1203,-123.4983,17
41.2433,-76.9217,10
42.2706,-71.8731,36
47.3258,-106.9475,47
59.5119,-139.6711,17
30.4000,-81.4167,43
26.2281,-97.6542,34
66.9161,-151.5089,10
27.9106,-82.6875,33
36.2833,-94.3000,26
26.0719,-80.1536,52
38.8169,-92.2183,22
33.6542,-101.8136,31
34.0511,-118.2353,7
36.3100,-115.6800,7
44.8889,-116.1017,26
13.4836,144.7961,7
45.8678,-95.3942,53
46.7439,-117.1086,47
39.1667,-76.6833,15
60.4889,-145.4511,22
36.5881,-121.8453,22
38.7642,-87.6056,21
31.3928,-92.2956,10
35.2578,-93.0947,11
32.7667,-97.4500,40
38.5000,-77.3000,21
40.3000,-111.2600,11
41.4525,-87.0058,14
39.4519,-87.3089,18
39.2231,-106.8683,30
36.9647,-86.4239,23
38.3650,-82.5550,18
35.8517,-97.4142,19
38.5911,-92.1558,14
41.9097,-70.7294,25
39.1900,-120.2600,30
42.1244,-86.4267,17
42.6425,-77.0564,10
34.7272,-92.2389,21
42.4700,-71.2894,18
31.1828,-90.4708,10
43.5164,-112.0672,59
31.1500,-92.9667,4
37.6544,-97.4425,23
43.9844,-88.5569,18
35.9461,-112.1547,29
35.2325,-75.6219,18
48.7200,-116.4600,15
43.9906,-70.9475,5
32.7000,-117.2000,26
40.3300,-75.1225,21
35.1350,-90.2344,30
37.4058,-122.0481,34
32.1300,-81.2100,30
40.0397,-88.2778,13
30.7044,-87.0231,9
33.9481,-83.3275,22
66.8667,-162.6333,59
34.0158,-118.4514,22
37.8892,-121.2258,46
41.4914,-120.5644,22
40.8203,-82.5178,28
44.8831,-93.2289,39
47.3864,-92.8389,22
41.5175,-81.6836,26
44.2558,-121.1392,36
43.3906,-99.8422,91
36.7436,-108.2292,36
34.8994,-120.4486,51
32.6847,-83.6528,22
34.5583,-98.4172,22
42.5844,-110.1075,49
36.0000,-106.8300,3
24.7258,-81.0517,47
41.0089,-74.7367,9
41.3119,-105.6747,50
35.6567,-95.3614,19
42.9486,-78.7369,24
41.2544,-80.6739,23
40.6331,-93.9019,10
38.9286,-90.4281,15
40.5764,-105.0858,0
38.8000,-97.6500,20
34.6439,-86.7861,24
32.3347,-88.7442,22
40.6044,-98.4272,41
40.2172,-76.8514,14
19.7192,-155.0531,29
42.0800,-80.1825,22
38.3083,-75.1239,23
42.8939,-85.5447,20
32.2622,-107.7206,24
34.6517,-112.4208,27
47.3000,-121.6000,7
38.0511,-117.0903,32
32.8986,-80.0403,30
46.3747,-117.0156,25
43.2339,-75.4117,9
33.2119,-87.6161,21
36.7800,-119.7194,58
45.6194,-121.1661,55
34.2008,-119.2069,31
37.9272,-100.7247,37
34.2622,-88.7714,29
38.8100,-104.6883,33
45.9647,-112.5006,49
42.1469,-121.7242,40
47.2856,-68.3133,31
40.0781,-83.0781,28
26.5361,-81.7550,26
36.2967,-99.7689,21
55.5800,-133.0750,45
32.3542,-95.4025,38
38.8500,-94.7392,25
26.1522,-81.7753,35
28.0836,-97.0464,38
30.3361,-81.5147,23
39.3667,-75.0667,17
44.9258,-89.6256,22
40.5175,-122.2986,16
40.8600,-102.8031,45
42.0647,-104.1528,39
40.1606,-113.3508,97
46.8369,-92.2097,47
32.7336,-117.1831,21
41.1583,-73.1289,36
30.5844,-97.4156,13
38.3406,-75.5103,18
31.8111,-106.3758,26
39.7053,-105.6997,22
42.4819,-114.4869,47
41.8756,-71.0211,20
41.3714,-73.4828,17
38.7525,-90.3736,22
39.9061,-84.2186,37
46.5683,-120.5428,39
39.0725,-95.6261,6
39.9914,-82.8808,24
62.9614,-141.9292,42
42.1128,-92.9175,17
30.7825,-83.2767,12
30.4000,-86.4717,15
44.5228,-114.2150,49
35.7800,-105.5400,2
28.4339,-81.3250,34
60.7850,-161.8292,72
31.8456,-86.6108,8
42.3075,-85.2511,22
35.4111,-80.5833,0
40.1764,-80.6472,20
35.8550,-77.8931,10
39.7750,-105.1169,0
34.6242,-106.3103,0
42.1997,-75.9850,17
33.4536,-94.0075,31
30.2333,-81.6667,26
38.0653,-97.8606,19
38.5050,-107.8975,37
34.3622,-98.9761,22
35.6542,-105.1419,39
44.9319,-93.0556,34
42.2667,-84.4667,16
45.8069,-108.5422,57
30.3208,-97.7603,14
29.1828,-81.0483,20
25.9989,-80.2411,37
29.2733,-94.8592,28
36.0719,-115.1633,46
36.6239,-87.4194,22
36.6950,-76.1356,11
46.9728,-123.9303,55
44.3744,-70.3164,9
36.7367,-97.1019,21
48.5222,-123.0231,20
70.2117,-151.0017,39
40.7794,-73.8803,34
38.0494,-103.5122,30
41.8031,-78.6403,15
39.1208,-94.5969,23
39.4900,-121.6183,18
37.7081,-77.4344,13
47.9078,-122.2803,72
32.1314,-110.9553,39
47.9428,-97.1839,64
70.1917,-148.4772,48
32.3336,-104.2581,24
38.0408,-84.6058,30
34.7411,-118.2117,78
38.8317,-94.8897,26
37.7064,-112.1456,31
35.1967,-81.1558,9
36.9839,-77.0075,5
36.5100,-106.3200,376
26.1658,-97.3458,32
46.9253,-96.8111,69
42.5417,-113.7661,35
38.2281,-85.6636,17
38.0700,-102.6881,44
40.1667,-103.2167,67
37.1431,-107.7597,26
43.5950,-118.9564,39
44.6500,-73.4667,18
33.6883,-112.0817,29
44.9047,-97.1494,62
38.8483,-77.0342,34
43.1561,-90.6775,9
44.3814,-106.7211,38
37.7214,-122.2208,48
61.2169,-149.8550,43
46.8706,-68.0172,31
31.9514,-85.1289,8
40.6508,-75.4492,12
31.5883,-110.3442,21
37.2353,-93.4003,38
31.4583,-109.6061,22
39.5936,-84.2264,24
34.8822,-95.7831,20
27.7411,-98.0247,32
34.9894,-99.0525,21
41.8706,-103.5931,36
34.6719,-82.8864,14
31.4156,-87.0442,8
47.2675,-122.5761,43
39.9181,-76.8742,10
36.1900,-105.5600,6
37.0683,-88.7719,18
38.3000,-76.4167,21
37.5050,-77.3203,20
37.2847,-120.5128,53
44.3394,-105.5419,54
30.7406,-98.2353,18
40.8217,-72.8689,35
41.0731,-71.9233,28
42.3200,-120.8300,18
35.0761,-89.7430,22
32.4106,-99.6822,29
42.2314,-83.3308,17
32.5500,-88.5667,23
40.0228,-82.4625,19
18.4325,-66.0108,40
41.1783,-78.8989,20
36.4486,-103.1539,46
31.4208,-110.8458,25
42.5700,-72.2911,10
39.4494,-74.5672,30
43.2389,-123.3547,17
48.5428,-109.7633,82
36.1625,-97.0894,17
32.3500,-91.0278,9
36.1306,-80.5481,0
27.4014,-82.5586,31
30.6794,-88.2397,15
44.0219,-82.7931,14
35.6697,-120.6283,48
39.5781,-85.8033,25
44.7900,-116.0900,20
46.9733,-122.9033,34
42.7900,-121.9800,1
34.3478,-85.1611,17
21.3239,-157.9294,38
30.2050,-91.9875,9
38.3794,-81.5900,12
47.0492,-109.4578,43
64.7767,-141.1483,25
42.9667,-83.7494,18
40.2342,-85.3936,25
46.0261,-91.4442,42
43.5331,-84.0797,16
39.2447,-102.2842,66
42.8914,-73.2469,8
40.3547,-79.9217,26
39.1894,-103.7158,33
41.3461,-82.1794,22
33.4278,-112.0039,38
41.7700,-88.4814,9
35.9508,-85.0814,6
42.1908,-71.1736,21
34.2006,-118.3575,31
41.2003,-74.6231,9
39.8683,-75.2311,44
29.3331,-89.4075,10
24.5550,-81.7522,58
21.1544,-157.0961,43
29.1097,-95.4619,15
35.6575,-109.0614,17
44.0206,-117.0128,38
59.4433,-151.7017,36
42.5519,-71.7558,13
37.3592,-121.9239,43
66.0689,-162.7639,86
33.2208,-92.8142,11
41.4333,-99.6333,41
28.1011,-80.6439,35
25.9156,-97.4186,31
46.9208,-114.0925,26
30.0481,-102.2131,25
30.7167,-87.0167,16
31.3214,-85.4497,15
33.1281,-117.2794,25
43.9658,-107.9508,29
41.1078,-92.4467,17
42.3606,-71.0106,40
36.9358,-121.7886,18
33.1803,-96.5903,40
33.4964,-90.0867,24
34.2675,-77.8997,11
41.6117,-90.5808,13
35.7425,-81.3819,6
57.1553,-170.2222,34
39.6428,-79.9164,14
41.7781,-80.6958,18
39.7078,-77.7297,23
41.5097,-72.8278,16
40.7789,-73.9692,18
45.6983,-110.4408,84
41.8833,-91.7167,16
43.0303,-78.1692,27
42.2228,-83.7444,12
15.1167,145.7167,17
47.1686,-88.4889,27
34.7336,-76.6606,20
9.4833,138.0833,37
46.6056,-111.9636,48
42.2347,-85.5519,18
37.2622,-104.3378,39
43.1711,-86.2367,15
42.6650,-83.4181,17
40.1100,-87.9567,9
32.4506,-93.8411,18
44.5761,-71.1786,9
30.9119,-102.9167,37
29.9800,-95.3600,13
38.8983,-119.9947,35
32.5161,-84.9422,25
33.4669,-82.0386,26
33.0375,-116.9158,24
61.1781,-149.9664,60
39.3600,-106.0600,8
39.5514,-97.6508,25
41.0669,-73.7075,11
40.0489,-107.8853,30
36.8781,-91.9025,12
39.0431,-84.6717,24
39.7333,-77.4333,5
41.3275,-72.0494,30
39.3756,-99.8297,29
48.3042,-114.2636,42
47.2078,-119.3192,51
30.0675,-95.5561,11
33.9228,-118.3342,26
46.1569,-123.8825,57
44.9358,-74.8458,26
41.1961,-112.0114,32
33.5872,-85.8556,27
36.0097,-94.1694,15
42.7972,-105.3856,37
44.8428,-117.8086,33
43.7600,-116.1000,13
42.4933,-79.2722,25
33.4617,-80.8581,19
34.0500,-94.4008,19
34.7917,-79.3661,14
62.1592,-145.4589,49
40.8206,-76.8642,4
30.0375,-91.8839,13
40.8097,-124.1603,12
41.8056,-107.1997,65
36.0969,-79.9433,17
71.2833,-156.7814,48
40.4953,-107.5211,35
33.6361,-91.7556,10
36.7414,-104.5022,32
58.6794,-156.6294,47
30.3567,-95.4139,6
41.3497,-71.7989,22
36.8167,-76.0333,19
48.5614,-93.3981,23
44.7694,-106.9689,31
41.5631,-83.4764,26
48.2138,-106.6213,50
32.8519,-96.8556,31
42.1594,-76.8919,15
33.9486,-81.1186,21
43.1544,-93.3269,33
41.6875,-69.9933,34
62.3200,-150.0950,20
34.9883,-117.8647,63
33.4825,-90.9853,22
37.7608,-99.9683,33
39.2953,-114.8467,50
41.7803,-124.2367,41
39.2972,-94.7306,29
35.1442,-111.6664,26
36.2667,-93.1567,24
40.6386,-73.7622,43
41.9381,-72.6825,18
44.5344,-72.6144,6
43.5667,-116.2406,26
32.8192,-97.3614,35
46.1236,-67.7928,32
45.0619,-93.3508,41
29.3389,-98.4719,22
39.4019,-77.9844,18
31.4000,-93.2833,7
46.4047,-94.1308,47
47.6217,-117.5281,62
43.7694,-87.8506,15
39.1342,-108.5400,39
41.3103,-95.8992,36
38.5069,-121.4950,21
44.3814,-100.2856,60
39.7556,-82.6572,23
29.7333,-85.0333,22
36.0394,-95.9844,13
47.3078,-119.5153,45
44.3853,-74.2067,17
40.0803,-95.5919,6
43.1111,-76.1039,13
35.8311,-90.6464,26
38.2103,-122.2847,33
39.2956,-80.2289,21
28.7247,-96.2536,28
41.6267,-73.8842,8
39.2900,-117.1100,7
39.3903,-94.5553,22
43.8789,-91.2528,27
41.9856,-97.4353,51
30.1831,-97.6800,18
45.7728,-122.8611,30
44.3981,-98.2231,64
42.7172,-71.1239,25
26.1969,-80.1708,45
42.3978,-90.7036,11
40.3161,-78.8339,31
36.0236,-84.2375,4
39.9444,-81.8922,20
35.0169,-80.6206,5
43.1167,-77.6767,17
39.1019,-121.5678,24
37.9050,-93.3169,13
39.1033,-84.4189,14
41.9922,-93.6217,16
37.1681,-97.0369,19
43.1072,-78.9453,21
44.1278,-123.2206,41
39.7736,-94.9233,11
41.6236,-98.9517,36
33.9786,-98.4928,26
41.6686,-70.2800,51
37.1319,-76.4930,17
17.7028,-64.8056,51
36.7725,-90.3247,18
41.8161,-80.4250,31
37.0872,-84.0769,9
35.8181,-83.9858,16
35.8922,-78.7819,11
28.0622,-81.7542,35
41.5092,-74.2650,14
36.5728,-79.3361,12
34.7675,-114.6189,44
37.3711,-118.3581,20
41.4131,-81.8600,27
41.0467,-78.4117,16
34.1750,-91.9347,17
33.6186,-114.7142,34
34.7500,-111.4100,536
36.1336,-80.2222,9
37.2839,-98.5528,18
44.1708,-114.9272,29
30.3489,-85.7881,17
27.4981,-80.3767,30
41.1389,-75.3794,29
41.6264,-80.2150,14
31.9206,-102.3867,35
45.5644,-84.7928,18
36.6206,-116.0278,55
32.8978,-97.0189,43
38.8761,-98.8092,37
26.2500,-80.1083,54
34.2486,-82.1592,21
39.3669,-101.7000,67
36.0167,-102.5500,37
43.6264,-72.3047,6
32.6261,-116.4681,37
45.6044,-103.5464,43
43.7331,-103.6114,30
42.5842,-70.9175,17
33.6800,-117.8664,26
34.6294,-118.0836,55
46.7994,-102.7972,47
32.7817,-98.0603,24
41.2731,-111.0306,68
29.6381,-95.2819,10
43.9636,-69.7117,6
31.3072,-95.4508,0
31.5356,-84.1944,16
47.6458,-101.4394,37
45.8619,-96.5650,54
34.6525,-86.9453,7
37.6542,-122.1150,38
35.5144,-108.7939,18
35.3889,-97.6006,26
39.8447,-89.6839,9
36.2117,-115.1958,57
39.7194,-76.8028,45
36.9500,-76.2833,18
29.9933,-90.2511,22
44.3592,-89.8369,18
45.2575,-112.5545,64
27.5000,-97.8167,30
33.8117,-118.1464,28
40.8731,-81.8867,18
42.7611,-87.8136,23
45.7881,-111.1608,38
55.2208,-162.7325,51
44.8322,-93.4706,45
33.8719,-117.9789,22
27.7839,-97.5108,35
44.5169,-108.0822,25
44.3675,-71.5450,8
64.5111,-165.4400,81
44.6381,-90.1875,26
31.6072,-110.4281,32
30.6264,-88.0681,21
46.4267,-105.8825,53
47.7472,-90.3444,13
33.3075,-104.5083,26
55.3567,-131.7117,47
45.4622,-69.5953,8
40.9706,-85.2064,20
42.6958,-73.1708,4
48.7939,-122.5372,50
42.3914,-96.3792,43
7.4500,151.8333,39
58.3567,-134.5639,33
38.6892,-75.3592,25
41.1014,-102.9847,55
46.0947,-118.2869,47
41.1214,-100.6694,42
39.5703,-104.8489,38
37.6242,-120.9506,60
-14.3306,-170.7136,85
39.2775,-120.7103,25
30.4119,-89.0808,14
41.5272,-85.7922,14
35.0419,-106.6156,24
34.7000,-77.3833,10
39.1333,-86.6167,16
42.1578,-72.7161,11
25.9069,-80.2803,44
47.4444,-122.3139,47
36.7900,-105.2400,0
32.8547,-109.6353,35
32.5156,-92.0406,20
37.9406,-75.4631,25
35.6169,-106.0889,29
37.3278,-95.5042,7
40.9781,-124.1086,21
30.5069,-86.9597,20
62.9575,-155.6103,31
36.9261,-111.4478,29
41.9950,-87.9336,18
29.5442,-98.4839,30
40.4422,-109.5144,22
40.1519,-122.2536,17
42.8050,-72.0036,13
35.9333,-79.0642,3
41.7806,-122.4717,32
38.3306,-96.1897,19
45.0800,-117.5500,6
18.3331,-64.9667,45
32.8667,-117.1333,22
47.5303,-122.3008,41
33.9519,-117.4386,18
43.7700,-88.4864,17
32.8342,-115.5786,41
37.7797,-89.2497,25
41.2639,-72.8872,24
40.9167,-81.4333,28
45.5114,-118.4247,4
45.4353,-67.7214,9
47.9375,-124.5550,37
38.6572,-90.6558,1
38.3775,-121.9575,17
34.4272,-100.2831,18
41.5944,-109.0528,53
42.9600,-121.1800,3
45.5406,-122.9486,39
42.1928,-89.0931,11
41.3375,-84.4289,13
43.9922,-76.0217,14
44.2667,-71.2994,111
35.0678,-77.0481,11
61.5961,-149.0917,27
45.6478,-68.6925,13
41.6328,-91.5431,9
40.8500,-74.0614,23
44.4683,-73.1500,12
44.7408,-85.5825,13
64.5500,-149.0717,17
27.6833,-97.2833,43
46.9006,-95.0678,51
34.7442,-87.5997,16
42.9203,-112.5711,58
33.2367,-107.2681,28
34.9000,-76.8833,12
34.5183,-109.3792,19
34.6081,-79.0592,9
43.8000,-114.8500,12
36.6636,-121.6081,40
37.2958,-81.2078,9
40.8764,-74.2831,12
29.7036,-98.0281,20
26.6847,-80.0994,54
38.1311,-91.7683,26
47.3978,-120.2014,36
31.2361,-94.7544,15
44.4911,-71.5725,0
45.2486,-122.7686,36
29.6222,-95.6564,14
37.0911,-95.5664,15
47.3600,-121.5700,6
42.8375,-103.0953,35
42.7431,-73.8092,7
46.5486,-90.9189,42
36.0700,-105.6300,6
35.7700,-105.7800,4
40.0819,-75.0111,30
39.1353,-96.6778,9
30.4781,-87.1869,22
38.9408,-77.4636,20
34.2097,-118.4892,27
33.8117,-78.7239,26
40.6675,-89.6839,16
48.7167,-94.6000,39
44.0511,-101.6011,42
32.9733,-97.3181,32
35.3331,-94.3625,25
34.2900,-93.0600,15
31.3711,-100.4922,24
35.0564,-89.9864,24
34.0561,-117.6003,29
45.1947,-123.1339,39
39.4839,-119.7711,33
29.6919,-82.2756,17
40.9017,-117.8081,34
42.5544,-92.4011,20
41.7861,-87.7522,21
59.2433,-135.5094,16
33.3644,-81.9633,16
45.4558,-98.4131,70
43.1406,-89.3453,12
42.5950,-87.9381,18
30.4844,-81.7019,22
37.6703,-95.4842,15
39.6014,-116.0056,22
25.7906,-80.3164,36
40.6825,-74.1694,33
36.3689,-92.4703,13
40.8436,-72.6322,36
40.1203,-76.2944,20
35.6950,-101.3950,22
59.6419,-151.4908,45
45.6308,-89.4653,32
38.5039,-122.8103,25
46.9258,-98.6692,58
34.4978,-82.7097,26
39.8000,-106.0300,10
37.3031,-108.6275,29
28.8614,-96.9303,26
29.3783,-100.9269,37
29.5189,-95.2417,13
42.6003,-123.3642,37
31.5358,-82.5067,20
21.9839,-159.3405,57
35.5931,-88.9167,19
39.4300,-120.3100,8
42.0572,-102.8000,51
36.0300,-106.8100,6
38.9597,-94.3714,25
29.9506,-94.0206,12
33.2194,-117.3494,26
20.8997,-156.4286,52
28.8208,-81.8097,29
39.3644,-84.5247,12
40.7781,-111.9694,44
33.9381,-118.3889,32
37.7086,-113.0944,53
41.1519,-104.8061,43
41.7872,-111.8533,30
39.4203,-83.8217,25
46.4167,-86.6500,42
21.3167,-158.0667,17
38.7042,-93.1833,21
39.8344,-88.8656,21
42.5708,-77.7133,20
28.7797,-81.2436,31
37.9917,-122.0550,39
32.6636,-97.0939,30
27.6531,-80.2428,33
36.6817,-101.5053,26
39.4206,-79.0050,9
39.5264,-107.7264,21
35.5953,-82.5567,4
61.1689,-150.0278,60
37.6197,-122.3647,76
33.6267,-116.1594,36
42.9333,-71.4383,12
38.8853,-79.8528,6
41.5333,-71.2833,22
39.6092,-110.7547,26
30.1250,-93.2158,5
46.2400,-117.3900,8
43.3500,-73.6167,10
39.8233,-93.5792,9
41.3325,-122.3328,6
27.9619,-82.5403,25
45.5433,-94.0514,44
29.3600,-99.1742,29
39.3450,-81.4392,17
43.3497,-76.3847,5
43.7600,-115.2400,13
32.0311,-96.3989,35
33.9753,-117.6361,29
39.6728,-75.6008,32
31.3558,-85.7511,8
28.4736,-82.4544,21
38.4000,-119.5400,18
34.9914,-78.8803,10
30.5892,-96.3647,20
33.9706,-80.9958,9
38.7550,-109.7542,31
34.7436,-118.7242,63
43.2119,-90.1814,10
33.8750,-84.3022,17
43.2781,-70.9222,5
38.9833,-76.4667,24
44.0433,-103.0536,43
33.6300,-84.4417,45
40.5300,-106.7800,6
48.3500,-122.6667,53
22.0333,-159.7833,28
38.7667,-104.3000,36
42.8975,-106.4636,71
39.3100,-111.4300,39
41.7219,-71.4325,35
40.8289,-115.7886,38
36.1189,-86.6892,18
34.2167,-119.0833,25
38.0442,-87.5206,20
44.9050,-123.0011,47
30.3433,-89.8222,11
37.1467,-94.5022,19
45.5464,-100.4078,60
39.8250,-86.2958,15
47.0339,-120.5303,60
41.5886,-83.8014,19
33.4050,-118.4158,36
36.9033,-76.1922,18
33.3633,-84.5658,14
33.6228,-111.9106,17
36.9900,-105.2600,4
36.9600,-106.6600,5
41.0136,-83.6686,25
34.2719,-83.8303,27
35.2333,-101.7089,28
40.7833,-91.1253,16
34.1853,-79.7239,18
42.2333,-83.5333,16
30.3975,-84.3289,17
36.9878,-120.1106,47
43.0206,-102.5183,50
40.2383,-75.5572,14
34.5467,-93.5781,7
39.7075,-86.2803,32
64.8039,-147.8761,27
57.7511,-152.4856,93
44.3592,-84.6739,12
42.8783,-100.5500,78
38.6956,-121.5897,26
43.6497,-70.3003,13
42.9550,-87.9044,21
57.0481,-135.3647,52
35.7047,-101.5492,18
38.9503,-95.6639,6
30.7439,-95.5861,15
40.7939,-73.1017,39
30.0494,-90.0289,23
33.5656,-86.7450,26
28.9844,-95.3808,4
63.9944,-145.7214,48
60.5797,-151.2392,36
30.8356,-85.1839,13
42.3811,-122.8722,30
27.5333,-99.4667,38
38.1386,-78.4530,13
39.3792,-74.4242,47
44.3800,-116.3400,16
34.4258,-119.8425,27
47.8306,-110.6608,18
45.8183,-88.1144,23
43.9042,-92.4917,42
41.3336,-75.7269,25
45.6906,-118.8528,50
40.0681,-118.5692,22
55.0389,-131.5786,43
46.1442,-115.5964,2
38.2900,-104.4983,32
30.5108,-99.7664,15
44.5483,-95.0803,50
31.6189,-97.2283,31
43.3436,-72.5178,6
41.4000,-107.2600,8
25.6475,-80.4331,37
26.1839,-98.2539,42
42.7461,-86.0967,13
41.3931,-70.6150,36
41.9144,-88.2464,13
32.6808,-96.8681,27
41.7361,-72.6506,15
44.7978,-68.8186,20
35.2372,-120.6414,64
45.6208,-122.6572,27
36.1994,-95.8872,22
32.4833,-80.7167,26
28.5453,-81.3331,32
42.5906,-117.8644,55
33.8281,-116.5053,38
26.5850,-81.8614,31
48.2553,-101.2733,34
32.3206,-90.0778,21
33.7792,-84.5214,29
34.8461,-82.3461,21
30.5372,-91.1469,8
40.9611,-98.3136,51
35.2236,-80.9553,17
29.6333,-83.1053,13
39.0083,-95.2117,14
35.0311,-85.2014,11
42.4167,-87.8667,13
