39.1025,-107.8989,2
-37.6901,142.7253,2
44.6825,-91.1358,3
43.7822,-122.9631,2
-37.4652,145.2637,2
-25.5908,151.2986,2
40.5517,-82.2014,6
35.5836,-92.4511,2
-37.8586,145.6532,2
41.8742,-88.4728,6
-41.5664,147.2444,13
42.2864,-94.1664,9
-26.0858,152.2381,2
34.2553,-87.1814,2
42.3008,-93.6389,2
37.5442,-77.2758,6
-30.3081,115.0311,2
-35.0151,117.7577,2
45.0156,-109.9683,30
-17.4694,145.7311,5
41.2633,-85.8678,2
-23.6528,150.6453,2
45.9156,-89.4894,2
-31.7117,128.8867,6
45.4294,-123.7619,2
-36.7872,145.8225,2
38.8867,-102.7233,3
39.4931,-96.1758,3
-37.5414,148.9386,2
29.0361,-80.9181,2
18.4736,-67.0289,2
-42.9142,147.2739,2
42.2550,-88.8644,2
-27.6696,153.0442,2
42.9228,-84.8856,2
33.1678,-96.0983,2
32.8111,-104.7386,2
-42.9272,147.2517,2
42.5881,-70.8372,2
-34.3420,150.8999,5
38.1864,-83.4669,2
46.1358,-123.8783,3
18.4725,-67.1156,2
41.4167,-83.8667,3
19.4917,-155.9117,3
45.1703,-84.4397,2
