36.5575,-105.2628,233
40.1739,-101.0611,339
45.4825,-120.7236,211
25.8175,-80.2858,361
38.8586,-99.3358,300
43.8083,-111.7892,244
42.1231,-111.3133,239
44.8406,-106.8383,261
47.0575,-109.9514,239
35.4139,-86.8086,406
35.4072,-104.1906,372
30.2003,-92.6642,367
32.2822,-106.7597,361
42.7467,-71.0425,256
37.7617,-117.5658,294
38.4931,-122.0047,328
41.9342,-88.7756,322
37.9931,-100.8122,328
40.2233,-86.1086,283
36.5508,-114.4581,356
34.5989,-103.2161,261
44.0622,-103.4819,239
35.0489,-97.9158,350
48.7178,-122.5114,233
37.7967,-121.5828,333
46.0436,-118.4628,211
42.9536,-112.8253,256
43.5492,-71.4647,300
35.6214,-88.8456,367
45.6911,-118.8522,244
38.0047,-120.4864,322
42.1397,-87.7853,206
34.7675,-106.7611,344
46.6722,-120.4994,211
40.7833,-81.9167,289
34.9881,-120.3211,333
38.6450,-95.5661,378
46.8706,-68.0172,250
41.4439,-86.9294,217
26.5581,-99.1372,239
40.2458,-111.6508,328
38.4661,-101.7758,300
40.4750,-86.9919,256
35.2006,-103.6867,383
28.4675,-98.2525,367
64.8569,-147.8611,78
36.4622,-116.8669,378
38.5039,-95.7036,244
40.2539,-85.1483,339
45.6750,-111.1550,300
36.0147,-85.1314,317
61.5664,-149.2542,111
34.5822,-119.9817,328
26.8400,-81.0872,322
40.7142,-122.4161,267
30.7053,-104.0233,267
40.2842,-109.8611,328
33.7092,-93.5564,300
36.9969,-119.7072,-178
35.7047,-101.5492,294
39.3925,-101.0689,311
29.4608,-101.0286,367
37.9050,-93.3169,267
48.4983,-109.8014,256
36.6897,-108.3086,356
33.7542,-99.1442,333
42.9592,-120.7897,256
38.9408,-95.3397,278
38.5350,-121.7761,317
39.0744,-96.8983,256
39.0303,-76.9314,311
38.4917,-122.1242,322
33.6731,-111.1508,378
42.8767,-77.0308,278
39.1172,-95.4097,278
