32.5667,-117.1167,63
40.2342,-85.3936,67
30.0494,-90.0289,58
43.9906,-70.9475,31
45.6194,-121.1661,134
35.2333,-101.7089,58
34.2622,-88.7714,67
32.3367,-90.2214,45
32.6500,-114.6167,76
37.1431,-107.7597,94
37.4389,-105.8614,94
30.0481,-102.2131,67
34.2675,-77.8997,54
45.2486,-122.7686,72
46.7708,-100.7603,89
34.2008,-119.2069,89
35.2372,-120.6414,143
28.8208,-81.8097,67
43.0661,-108.4767,134
60.7850,-161.8292,125
64.7767,-141.1483,58
41.6117,-90.5808,31
37.2253,-89.5706,58
38.8169,-92.2183,40
27.4981,-80.3767,112
40.4122,-86.9369,54
38.9286,-90.4281,40
34.8822,-95.7831,76
35.0169,-80.6206,31
38.3000,-76.4167,54
36.2117,-115.1958,112
41.3461,-82.1794,58
40.9781,-124.1086,67
46.7994,-102.7972,81
37.7461,-97.2211,45
41.7806,-122.4717,76
33.0375,-116.9158,76
42.8153,-108.7261,161
34.9883,-117.8647,125
32.5722,-116.9794,63
36.0097,-94.1694,67
42.5950,-87.9381,36
39.6014,-116.0056,76
47.2856,-68.3133,72
34.1750,-91.9347,58
43.0206,-102.5183,94
39.7333,-77.4333,40
44.4683,-73.1500,40
41.8833,-91.7167,40
39.8233,-93.5792,36
43.5164,-112.0672,125
36.0394,-95.9844,45
29.7333,-85.0333,54
34.4258,-119.8425,67
43.9922,-76.0217,45
41.6764,-70.9583,76
44.1278,-123.2206,89
42.2333,-83.5333,54
31.3214,-85.4497,54
38.3794,-81.5900,45
46.9208,-114.0925,143
36.7414,-104.5022,98
41.2531,-70.0608,72
44.2558,-121.1392,98
41.5272,-85.7922,58
31.3558,-85.7511,54
44.3592,-89.8369,63
37.3278,-95.5042,36
41.6264,-80.2150,54
60.1283,-149.4167,139
43.9658,-107.9508,94
42.2667,-84.4667,45
35.1442,-111.6664,107
61.2169,-149.8550,81
40.0397,-88.2778,40
64.5500,-149.0717,54
26.2500,-80.1083,139
36.9839,-77.0075,36
48.4608,-119.5167,107
40.0681,-118.5692,94
21.4500,-157.7833,58
38.8761,-98.8092,72
30.0675,-95.5561,40
44.3394,-105.5419,130
32.7800,-79.9319,89
41.0089,-74.7367,45
34.0511,-118.2353,36
37.9272,-100.7247,76
39.3792,-74.4242,72
26.5361,-81.7550,103
39.8447,-89.6839,31
37.2839,-98.5528,40
39.5703,-104.8489,94
64.3267,-158.7417,67
40.4847,-80.2144,67
30.5892,-96.3647,45
44.7694,-106.9689,112
44.0511,-101.6011,98
40.7789,-73.9692,54
44.5344,-72.6144,31
34.9894,-99.0525,40
35.3889,-97.6006,54
35.4344,-119.0542,67
33.9786,-98.4928,63
39.0725,-95.6261,36
36.3189,-119.6289,89
40.6825,-74.1694,76
40.0803,-95.5919,27
27.7839,-97.5108,98
41.9097,-70.7294,72
46.7439,-117.1086,116
42.9486,-78.7369,63
37.9917,-122.0550,72
42.6958,-73.1708,36
29.3389,-98.4719,67
42.6425,-77.0564,54
42.7431,-73.8092,31
42.0647,-104.1528,107
28.4339,-81.3250,103
44.3814,-100.2856,116
41.1519,-104.8061,107
44.3853,-74.2067,54
33.6267,-116.1594,94
37.6542,-122.1150,89
40.4422,-109.5144,116
34.0500,-94.4008,72
41.6686,-70.2800,94
38.3650,-82.5550,58
33.6228,-111.9106,63
41.1583,-73.1289,67
33.6361,-91.7556,58
59.7494,-154.9089,107
39.4519,-87.3089,63
36.7800,-119.7194,89
37.0911,-95.5664,36
30.0375,-91.8839,58
42.9550,-87.9044,45
42.1469,-121.7242,94
32.3542,-95.4025,58
39.9369,-91.1919,36
41.4525,-87.0058,36
37.7214,-122.2208,89
42.9667,-83.7494,54
37.2833,-102.6139,98
45.7728,-122.8611,89
40.8764,-74.2831,54
34.6517,-112.4208,94
36.0969,-79.9433,40
33.8117,-78.7239,58
33.1783,-86.7817,58
37.5050,-77.3203,63
45.0717,-83.5644,58
45.6689,-96.9914,98
38.9408,-77.4636,58
42.8939,-85.5447,63
42.5519,-71.7558,63
32.5428,-93.7450,40
41.2639,-72.8872,54
34.2006,-118.3575,67
58.6794,-156.6294,98
62.3200,-150.0950,58
47.5303,-122.3008,76
38.5050,-107.8975,116
45.4558,-98.4131,103
45.5511,-122.4089,72
42.1094,-77.9919,54
41.6328,-91.5431,36
33.2119,-87.6161,58
46.9253,-96.8111,103
46.1569,-123.8825,98
34.9869,-81.0575,40
40.8436,-72.6322,67
41.0731,-71.9233,58
41.3375,-84.4289,54
39.3669,-101.7000,112
36.3333,-119.9500,98
39.9444,-81.8922,72
33.4050,-118.4158,76
34.6294,-118.0836,103
34.4272,-100.2831,45
31.4208,-110.8458,179
37.3031,-108.6275,157
39.2292,-106.3169,76
44.5483,-95.0803,76
29.7036,-98.0281,67
33.8750,-84.3022,58
40.8217,-72.8689,67
42.5544,-92.4011,58
36.1189,-86.6892,58
32.6847,-83.6528,67
42.4092,-83.0100,67
36.6239,-87.4194,67
48.5428,-109.7633,161
32.2622,-107.7206,67
40.8203,-82.5178,67
31.3711,-100.4922,103
35.6169,-106.0889,112
30.3208,-97.7603,45
40.0489,-107.8853,139
41.5944,-109.0528,174
35.5931,-88.9167,67
42.7611,-87.8136,40
41.5631,-83.4764,63
47.4444,-122.3139,89
46.0947,-118.2869,89
39.3450,-81.4392,63
32.3500,-91.0278,45
32.9733,-97.3181,76
27.5333,-99.4667,103
30.7797,-86.5225,40
38.6956,-121.5897,54
48.0944,-105.5744,170
33.9519,-117.4386,72
48.2553,-101.2733,94
41.4333,-99.6333,81
7.0833,171.3833,52
38.8000,-97.6500,58
71.2833,-156.7814,76
31.3347,-92.5586,58
29.6381,-95.2819,58
45.0133,-84.7014,58
42.7461,-86.0967,54
40.1519,-122.2536,45
33.5656,-86.7450,58
27.9106,-82.6875,63
42.1128,-92.9175,45
37.3711,-118.3581,54
30.4781,-87.1869,63
29.1097,-95.4619,63
40.1203,-76.2944,58
43.4075,-94.7461,76
44.6381,-90.1875,58
30.6794,-88.2397,58
32.7667,-97.4500,81
38.4167,-113.0167,157
46.4167,-86.6500,76
33.9381,-118.3889,63
47.9078,-122.2803,116
40.7794,-73.8803,107
32.7336,-117.1831,54
38.7642,-87.6056,54
45.8183,-88.1144,63
66.9161,-151.5089,36
37.7086,-113.0944,139
40.2064,-100.5914,103
46.4267,-105.8825,148
35.8922,-78.7819,45
36.0167,-102.5500,72
38.1811,-85.7392,81
26.0719,-80.1536,134
40.6331,-93.9019,36
33.6800,-117.8664,67
41.5333,-71.2833,58
28.4736,-82.4544,72
17.7028,-64.8056,89
48.5222,-123.0231,58
40.6161,-83.0636,76
38.8853,-79.8528,45
39.4019,-77.9844,72
42.4167,-87.8667,31
29.1828,-81.0483,72
43.1406,-89.3453,45
37.2958,-81.2078,36
32.3336,-104.2581,72
25.7906,-80.3164,112
26.9172,-81.9914,81
32.8342,-115.5786,107
31.9514,-85.1289,36
34.7442,-87.5997,54
33.4669,-82.0386,67
39.1667,-76.6833,36
35.9333,-79.0642,22
45.1947,-123.1339,89
18.3331,-64.9667,81
41.8678,-84.0794,63
44.3675,-71.5450,45
41.1078,-92.4467,36
36.1625,-97.0894,45
47.9375,-124.5550,89
41.1214,-100.6694,94
24.5550,-81.7522,112
43.7700,-88.4864,40
46.0261,-91.4442,76
28.8614,-96.9303,76
45.5433,-94.0514,76
41.5175,-81.6836,89
40.4719,-81.4236,45
24.5833,-81.6833,107
40.6508,-75.4492,72
41.5092,-74.2650,67
32.8519,-96.8556,76
36.8167,-76.0333,45
38.8100,-104.6883,81
34.1853,-79.7239,58
41.2433,-76.9217,94
25.9069,-80.2803,116
47.0492,-109.4578,134
36.7683,-96.0261,36
31.4156,-87.0442,45
42.3075,-85.2511,58
43.5331,-84.0797,40
36.9878,-120.1106,76
41.1389,-75.3794,63
38.7550,-109.7542,165
40.2383,-75.5572,45
35.5144,-108.7939,94
33.9706,-80.9958,45
34.2167,-119.0833,63
48.2138,-106.6213,134
48.1203,-123.4983,40
35.2236,-80.9553,58
26.1522,-81.7753,94
44.5169,-108.0822,94
38.6572,-90.6558,45
47.9742,-117.4283,107
39.3756,-99.8297,81
38.8983,-119.9947,81
31.9433,-102.1889,81
34.2900,-93.0600,45
32.8167,-115.6833,130
28.0622,-81.7542,76
44.8428,-117.8086,112
39.7556,-82.6572,63
30.4000,-81.4167,112
35.2578,-93.0947,45
18.4325,-66.0108,98
34.6439,-86.7861,67
31.6072,-110.4281,98
37.2622,-104.3378,125
40.2769,-74.8158,54
42.0800,-80.1825,63
63.9944,-145.7214,98
47.3258,-106.9475,139
46.5486,-90.9189,72
55.5800,-133.0750,98
46.8706,-68.0172,63
32.8158,-117.1394,58
47.4933,-122.2144,94
30.1831,-97.6800,67
35.1822,-103.6031,72
40.8289,-115.7886,107
33.3644,-81.9633,116
39.4781,-88.2803,63
21.3167,-158.0667,54
43.3500,-73.6167,45
59.4556,-135.3239,72
30.9119,-102.9167,89
39.1258,-123.2008,81
37.7064,-112.1456,125
44.9047,-97.1494,94
45.5464,-100.4078,107
40.1667,-103.2167,103
43.1711,-86.2367,45
33.7792,-84.5214,89
60.7850,-148.8389,98
31.8606,-86.0122,54
45.0319,-102.0192,148
31.6189,-97.2283,67
35.5342,-97.6469,58
43.8789,-91.2528,58
13.4836,144.7961,58
47.2675,-122.5761,81
34.8831,-82.2203,58
44.3981,-98.2231,103
31.8311,-104.8089,107
47.6831,-117.3214,107
47.3078,-119.5153,116
39.1333,-86.6167,40
35.8550,-77.8931,54
40.7833,-91.1253,54
35.0028,-105.6628,116
39.9181,-76.8742,67
67.7317,-164.5483,94
39.6428,-79.9164,54
30.6264,-88.0681,54
40.5175,-122.2986,40
36.6206,-116.0278,130
30.3975,-84.3289,58
42.8375,-103.0953,81
28.7247,-96.2536,76
46.0139,-102.6547,81
45.9647,-112.5006,134
37.2353,-93.4003,67
38.3083,-75.1239,58
42.8914,-73.2469,36
38.0442,-87.5206,58
19.7192,-155.0531,54
30.5069,-86.9597,72
39.7075,-86.2803,72
37.1319,-76.4930,58
39.6728,-75.6008,67
26.1839,-98.2539,112
44.7408,-85.5825,58
41.7361,-72.6506,58
38.3306,-96.1897,54
22.0333,-159.7833,67
48.6033,-112.3753,233
43.4133,-124.2436,58
36.2967,-99.7689,54
34.2719,-83.8303,58
41.8706,-103.5931,81
43.8339,-111.8045,116
39.8344,-88.8656,54
39.8328,-104.6575,94
42.2706,-71.8731,76
37.6928,-121.8144,72
42.1928,-89.0931,40
37.0683,-88.7719,67
39.5936,-84.2264,76
44.0433,-103.0536,192
41.2003,-74.6231,45
33.4964,-90.0867,72
41.4131,-81.8600,72
37.1467,-94.5022,54
32.6261,-116.4681,107
36.1994,-95.8872,45
39.1033,-84.4189,67
57.1553,-170.2222,67
40.6675,-89.6839,36
46.8369,-92.2097,63
40.1764,-80.6472,58
30.7044,-87.0231,45
37.6544,-97.4425,54
37.7081,-77.4344,40
32.7817,-98.0603,58
39.4900,-121.6183,45
46.9258,-98.6692,94
31.5358,-82.5067,72
34.9000,-76.8833,45
42.8050,-72.0036,45
41.7219,-71.4325,67
35.0564,-89.9864,89
35.3331,-94.3625,67
41.3931,-70.6150,76
44.4983,-88.1111,54
36.6636,-121.6081,81
39.3667,-75.0667,45
55.0389,-131.5786,139
37.0872,-84.0769,40
34.0158,-118.4514,67
29.9506,-94.0206,40
31.3928,-92.2956,45
41.5097,-72.8278,67
42.5906,-117.8644,103
32.4833,-80.7167,72
41.6875,-69.9933,67
27.6531,-80.2428,161
43.1544,-93.3269,72
37.6242,-120.9506,107
34.7000,-77.3833,36
38.1386,-78.4530,36
41.9950,-87.9336,40
7.3333,134.4833,77
26.2281,-97.6542,94
29.3783,-100.9269,89
35.9403,-89.8308,58
33.8117,-118.1464,58
34.4978,-82.7097,81
39.5781,-85.8033,58
46.1442,-115.5964,31
40.5100,-101.6200,112
70.1917,-148.4772,89
44.1708,-114.9272,81
41.3119,-105.6747,157
43.2781,-70.9222,45
42.4819,-114.4869,89
30.3489,-85.7881,58
59.4433,-151.7017,81
32.5156,-92.0406,54
33.2367,-107.2681,76
32.6808,-96.8681,63
30.3433,-89.8222,54
37.7608,-99.9683,58
42.7803,-84.5789,54
40.6239,-74.6694,45
31.8456,-86.6108,45
32.7100,-96.2672,89
42.5417,-113.7661,67
35.0678,-77.0481,40
38.0494,-103.5122,94
30.8356,-85.1839,63
44.0206,-117.0128,98
38.2900,-104.4983,98
55.3567,-131.7117,134
59.2433,-135.5094,58
41.0375,-81.4642,63
29.9933,-90.2511,54
36.9358,-121.7886,45
39.3644,-84.5247,54
38.5911,-92.1558,40
47.0339,-120.5303,107
45.8258,-119.2611,94
47.4667,-87.8833,54
30.7406,-98.2353,63
31.4583,-109.6061,103
36.7436,-108.2292,130
48.7939,-122.5372,67
38.9597,-94.3714,45
39.5514,-97.6508,72
34.3622,-98.9761,58
39.2231,-106.8683,107
15.1167,145.7167,40
47.2078,-119.3192,112
40.8097,-124.1603,40
41.6236,-98.9517,81
39.8683,-75.2311,81
38.2281,-85.6636,58
41.1014,-102.9847,103
46.1236,-67.7928,72
40.7083,-84.0267,94
40.8500,-74.0614,89
38.5000,-77.3000,63
34.8536,-116.7858,112
32.8978,-97.0189,81
39.1894,-103.7158,72
36.6950,-76.1356,63
33.1281,-117.2794,54
31.1500,-92.9667,31
29.6333,-83.1053,63
42.9203,-112.5711,112
43.7694,-87.8506,54
43.6497,-70.3003,45
36.5881,-121.8453,67
30.5108,-99.7664,130
31.1828,-90.4708,45
41.7781,-80.6958,72
32.5500,-88.5667,63
34.5467,-93.5781,45
37.6703,-95.4842,36
35.9508,-85.0814,36
35.2578,-113.9331,139
45.6478,-68.6925,54
34.7336,-76.6606,45
28.5453,-81.3331,81
43.1561,-90.6775,40
26.5850,-81.8614,76
41.7419,-72.1836,58
56.6000,-169.5650,67
38.7667,-104.3000,72
41.9922,-93.6217,54
43.1111,-76.1039,36
35.7425,-81.3819,36
34.7436,-118.7242,134
33.3075,-104.5083,72
34.8994,-120.4486,116
42.6003,-123.3642,81
33.8281,-116.5053,116
48.7167,-94.6000,67
41.5339,-93.6531,40
42.3811,-122.8722,103
40.4953,-107.5211,148
47.4733,-111.3822,179
39.4839,-119.7711,94
46.9733,-122.9033,76
38.5714,-90.1572,54
47.3864,-92.8389,45
45.8678,-95.3942,81
42.2228,-83.7444,54
42.1244,-86.4267,63
37.3208,-79.2067,40
41.9856,-97.4353,81
39.2775,-120.7103,67
46.5683,-120.5428,116
43.9636,-69.7117,45
35.6575,-109.0614,103
43.3906,-99.8422,125
35.1350,-90.2344,72
35.4319,-82.5375,45
30.7439,-95.5861,36
39.0083,-95.2117,45
34.7675,-114.6189,103
39.8250,-86.2958,54
44.6500,-73.4667,67
55.2208,-162.7325,89
34.2097,-118.4892,67
41.4914,-120.5644,72
30.3567,-95.4139,36
33.4617,-80.8581,54
44.8831,-93.2289,67
47.9428,-97.1839,98
38.8317,-94.8897,54
38.8483,-77.0342,58
31.2819,-89.2531,40
43.6264,-72.3047,45
34.6719,-82.8864,58
44.9050,-123.0011,76
32.5161,-84.9422,58
41.3714,-73.4828,58
36.9647,-86.4239,67
58.3567,-134.5639,107
29.6919,-82.2756,72
39.1208,-94.5969,54
26.1658,-97.3458,89
38.0408,-84.6058,72
36.9261,-111.4478,139
29.2733,-94.8592,58
39.5264,-107.7264,143
35.8311,-90.6464,63
41.9144,-88.2464,40
41.8756,-71.0211,58
46.4047,-94.1308,72
42.3978,-90.7036,36
-14.3306,-170.7136,98
27.4014,-82.5586,67
37.5908,-83.3131,27
35.2100,-99.1200,54
33.4825,-90.9853,54
35.6567,-95.3614,103
44.8322,-93.4706,76
34.9914,-78.8803,54
35.2325,-75.6219,40
45.5644,-84.7928,63
61.1689,-150.0278,103
47.7472,-90.3444,45
29.9800,-95.3600,63
32.2997,-86.4075,63
34.7272,-92.2389,63
42.6650,-83.4181,54
36.2833,-94.3000,67
39.1342,-108.5400,143
33.5872,-85.8556,67
30.4844,-81.7019,94
38.1847,-84.9033,67
43.2119,-90.1814,40
40.9017,-117.8081,94
33.8719,-117.9789,58
47.1686,-88.4889,72
40.0819,-75.0111,72
41.5886,-83.8014,58
43.3497,-76.3847,31
40.8731,-81.8867,89
39.0431,-84.6717,89
25.9989,-80.2411,116
36.7367,-97.1019,54
31.3500,-85.6667,54
39.4203,-83.8217,72
41.8056,-107.1997,157
38.0511,-117.0903,72
43.1167,-77.6767,54
34.7917,-79.3661,58
42.8975,-106.4636,161
48.5614,-93.3981,36
32.1314,-110.9553,98
7.4500,151.8333,52
26.1969,-80.1708,107
36.6817,-101.5053,63
34.8461,-82.3461,63
45.6983,-110.4408,179
36.0236,-84.2375,36
41.7072,-86.3164,54
44.5761,-71.1786,54
30.7825,-83.2767,72
27.7628,-82.6261,76
33.6542,-101.8136,63
37.1681,-97.0369,54
40.1606,-113.3508,143
43.1953,-71.5011,54
30.2050,-91.9875,45
26.6847,-80.0994,134
30.5372,-91.1469,40
43.1644,-95.2017,76
6.9667,158.2167,62
62.9614,-141.9292,72
42.3914,-96.3792,72
57.0481,-135.3647,134
42.9333,-71.4383,54
46.3583,-104.2500,107
45.8069,-108.5422,179
39.9492,-74.8417,45
41.7803,-124.2367,89
33.4536,-94.0075,67
47.6458,-101.4394,89
45.6044,-103.5464,98
8.7333,167.7333,63
42.5700,-72.2911,40
60.4889,-145.4511,81
35.0281,-110.7208,107
20.8997,-156.4286,89
45.4622,-69.5953,54
40.9706,-85.2064,63
32.6636,-97.0939,67
33.9486,-81.1186,94
31.2361,-94.7544,67
42.4933,-79.2722,58
40.0781,-83.0781,63
40.1936,-76.7633,72
44.3592,-84.6739,36
62.1592,-145.4589,89
66.8667,-162.6333,94
36.2667,-93.1567,67
57.7511,-152.4856,174
32.3347,-88.7442,98
42.5844,-110.1075,143
60.5797,-151.2392,94
46.2667,-119.1167,139
39.4167,-118.7167,67
42.4700,-71.2894,67
38.2103,-122.2847,89
33.9753,-117.6361,81
44.5228,-114.2150,170
37.4058,-122.0481,98
32.0311,-96.3989,67
40.6386,-73.7622,76
39.1353,-96.6778,58
62.9575,-155.6103,72
33.3633,-84.5658,45
41.6267,-73.8842,67
31.3089,-86.3939,54
34.5183,-109.3792,98
41.1783,-78.8989,63
46.6056,-111.9636,148
37.3169,-79.9742,54
42.0572,-102.8000,89
45.5406,-122.9486,76
38.6892,-75.3592,67
32.4106,-99.6822,76
28.4567,-99.2183,89
40.0972,-92.5433,40
41.3103,-95.8992,72
42.1208,-87.9047,40
38.9833,-76.4667,67
47.4569,-115.6450,76
34.6081,-79.0592,40
25.9156,-97.4186,89
42.8783,-100.5500,148
41.7700,-88.4814,31
38.9503,-95.6639,45
36.2606,-76.1750,45
32.8547,-109.6353,72
27.9619,-82.5403,76
36.9500,-76.2833,45
29.5442,-98.4839,72
32.4506,-93.8411,58
31.5883,-110.3442,107
21.3239,-157.9294,67
37.8892,-121.2258,81
41.4653,-90.5233,31
40.7342,-73.4169,67
41.9381,-72.6825,94
36.7725,-90.3247,45
33.1803,-96.5903,76
43.5950,-118.9564,112
59.5119,-139.6711,54
39.7736,-94.9233,45
33.4278,-112.0039,116
45.0619,-93.3508,67
34.7411,-118.2117,116
33.2208,-92.8142,45
32.3206,-90.0778,54
40.8206,-76.8642,45
33.9228,-118.3342,63
36.8781,-91.9025,45
30.1250,-93.2158,31
39.2447,-102.2842,107
34.0561,-117.6003,72
19.7356,-156.0489,72
43.2389,-123.3547,67
29.3331,-89.4075,36
35.6950,-101.3950,58
44.8889,-116.1017,98
42.1594,-76.8919,58
39.1019,-121.5678,54
41.3325,-122.3328,36
31.5356,-84.1944,63
42.7172,-71.1239,63
40.0228,-82.4625,81
44.3814,-106.7211,161
43.9042,-92.4917,72
42.1908,-71.1736,72
44.2033,-72.5794,40
42.7972,-105.3856,107
66.0689,-162.7639,130
41.2731,-111.0306,143
29.5189,-95.2417,76
39.7078,-77.7297,72
45.6308,-89.4653,67
40.9167,-81.4333,63
35.9461,-112.1547,103
38.3406,-75.5103,63
47.6217,-117.5281,116
31.8111,-106.3758,58
41.3275,-72.0494,72
41.0669,-73.7075,45
41.7872,-111.8533,94
21.1544,-157.0961,76
47.2381,-123.1408,107
37.3592,-121.9239,98
38.7525,-90.3736,54
45.5114,-118.4247,36
42.4272,-73.2892,45
38.0700,-102.6881,98
43.9844,-88.5569,54
34.6525,-86.9453,54
32.8192,-97.3614,76
33.2194,-117.3494,58
44.9319,-93.0556,72
40.3161,-78.8339,63
42.2314,-83.3308,49
35.6697,-120.6283,98
41.2544,-80.6739,54
38.1311,-91.7683,63
61.5961,-149.0917,58
38.0653,-97.8606,58
43.5667,-116.2406,76
64.5111,-165.4400,134
30.3361,-81.5147,81
35.0419,-106.6156,89
21.9839,-159.3405,89
41.0467,-78.4117,58
40.6044,-98.4272,81
41.3336,-75.7269,72
42.5708,-77.7133,54
61.1781,-149.9664,112
32.7000,-117.2000,58
37.7836,-81.1231,36
28.1011,-80.6439,112
31.7800,-103.2017,76
31.9206,-102.3867,81
25.6475,-80.4331,157
42.1997,-75.9850,40
39.9914,-82.8808,67
42.1578,-72.7161,40
32.3847,-94.7117,58
36.9033,-76.1922,45
33.6186,-114.7142,94
40.3667,-75.9667,54
47.3978,-120.2014,116
45.7881,-111.1608,143
27.7411,-98.0247,94
35.8517,-97.4142,40
32.1300,-81.2100,89
64.8039,-147.8761,40
40.3547,-79.9217,63
35.1967,-81.1558,45
29.3600,-99.1742,76
36.4486,-103.1539,81
27.5000,-97.8167,98
33.2061,-97.1989,81
43.7331,-103.6114,81
30.7167,-87.0167,54
38.8500,-94.7392,54
41.1961,-112.0114,98
40.3300,-75.1225,45
30.2333,-81.6667,94
41.3497,-71.7989,58
41.7861,-87.7522,40
44.7978,-68.8186,63
40.2172,-76.8514,67
27.6833,-97.2833,94
48.3042,-114.2636,125
33.6300,-84.4417,94
42.5842,-70.9175,58
30.4119,-89.0808,63
43.3436,-72.5178,36
44.0219,-82.7931,63
44.3206,-69.7972,63
36.4731,-82.4044,40
48.3500,-122.6667,134
40.2964,-78.3203,45
38.7042,-93.1833,45
33.9481,-83.3275,63
9.4833,138.0833,52
37.6197,-122.3647,157
70.2117,-151.0017,76
38.3775,-121.9575,67
33.6883,-112.0817,76
30.4000,-86.4717,45
34.5583,-98.4172,45
32.8667,-117.1333,63
36.5728,-79.3361,40
40.8508,-96.7475,72
37.2847,-120.5128,89
38.5039,-122.8103,72
40.9611,-98.3136,81
43.7667,-98.0333,107
31.4000,-93.2833,36
45.6906,-118.8528,103
45.6208,-122.6572,72
37.7797,-89.2497,58
34.3478,-85.1611,63
48.1739,-103.6367,116
43.2339,-75.4117,45
37.9406,-75.4631,58
44.9258,-89.6256,58
39.6092,-110.7547,98
32.8986,-80.0403,67
30.4636,-88.5319,45
42.3606,-71.0106,76
46.4794,-84.3572,72
29.6222,-95.6564,76
39.2956,-80.2289,58
28.0836,-97.0464,76
42.2347,-85.5519,40
35.6542,-105.1419,103
39.2972,-94.7306,58
36.0719,-115.1633,103
45.5908,-122.6003,89
46.9006,-95.0678,81
36.1336,-80.2222,36
28.7797,-81.2436,125
43.1072,-78.9453,58
40.7781,-111.9694,89
41.7636,-96.1778,63
34.1231,-84.8486,45
36.3689,-92.4703,54
38.5069,-121.4950,63
44.8664,-91.4878,72
43.5878,-96.7289,81
24.7258,-81.0517,67
39.2953,-114.8467,112
42.7267,-114.4564,89
39.4494,-74.5672,67
45.2575,-112.5545,157
46.3747,-117.0156,63
39.9061,-84.2186,89
38.1417,-76.4292,45
44.5444,-110.4211,58
34.2486,-82.1592,58
40.7939,-73.1017,72
35.0311,-85.2014,31
41.8031,-78.6403,58
59.6419,-151.4908,81
41.0136,-83.6686,72
46.9728,-123.9303,98
44.9358,-74.8458,58
35.8181,-83.9858,27
31.1522,-81.3908,81
36.0467,-79.4769,40
