35.2333,-101.7089,1
40.9781,-124.1086,1
46.7994,-102.7972,1
36.0097,-94.1694,1
43.0206,-102.5183,1
39.7333,-77.4333,1
43.9922,-76.0217,1
46.9208,-114.0925,1
41.5272,-85.7922,1
42.2667,-84.4667,1
40.0397,-88.2778,1
48.4608,-119.5167,1
37.9272,-100.7247,1
40.7789,-73.9692,1
34.9894,-99.0525,1
36.3189,-119.6289,1
37.9917,-122.0550,1
42.7431,-73.8092,1
44.3814,-100.2856,1
34.0500,-94.4008,1
30.0375,-91.8839,1
42.9550,-87.9044,1
42.9667,-83.7494,1
42.8939,-85.5447,1
47.5303,-122.3008,1
45.5511,-122.4089,1
41.3375,-84.4289,1
39.3669,-101.7000,1
39.9444,-81.8922,1
34.4272,-100.2831,1
31.4208,-110.8458,1
48.5428,-109.7633,1
48.0944,-105.5744,1
48.2553,-101.2733,1
42.7461,-86.0967,1
37.3711,-118.3581,1
38.7642,-87.6056,1
40.2064,-100.5914,1
46.4267,-105.8825,1
36.0167,-102.5500,1
40.6331,-93.9019,1
39.4019,-77.9844,1
29.1828,-81.0483,1
33.4669,-82.0386,1
41.8678,-84.0794,1
40.6508,-75.4492,1
41.2433,-76.9217,1
47.0492,-109.4578,1
43.5331,-84.0797,1
41.1389,-75.3794,1
33.9706,-80.9958,1
48.2138,-106.6213,1
47.9742,-117.4283,1
39.3756,-99.8297,1
31.9433,-102.1889,1
34.2900,-93.0600,1
18.4325,-66.0108,1
37.2622,-104.3378,1
33.3644,-81.9633,1
39.4781,-88.2803,1
45.5464,-100.4078,1
43.1711,-86.2367,1
39.6428,-79.9164,1
42.8375,-103.0953,1
46.0139,-102.6547,1
45.9647,-112.5006,1
42.8914,-73.2469,1
44.7408,-85.5825,1
48.6033,-112.3753,1
44.0433,-103.0536,1
37.1467,-94.5022,1
40.6675,-89.6839,1
37.6544,-97.4425,1
35.3331,-94.3625,1
44.4983,-88.1111,1
37.0872,-84.0769,1
27.6531,-80.2428,1
41.9950,-87.9336,1
41.3119,-105.6747,1
37.7608,-99.9683,1
42.7803,-84.5789,1
40.7083,-84.0267,1
34.5467,-93.5781,1
35.9508,-85.0814,1
41.5339,-93.6531,1
47.4733,-111.3822,1
43.3906,-99.8422,1
39.0083,-95.2117,1
38.8317,-94.8897,1
39.1208,-94.5969,1
33.4825,-90.9853,1
34.9914,-78.8803,1
36.7367,-97.1019,1
36.6817,-101.5053,1
45.6983,-110.4408,1
41.7072,-86.3164,1
27.7628,-82.6261,1
26.6847,-80.0994,1
42.3914,-96.3792,1
46.3583,-104.2500,1
45.8069,-108.5422,1
20.8997,-156.4286,1
40.9706,-85.2064,1
33.9486,-81.1186,1
40.1936,-76.7633,1
46.2667,-119.1167,1
33.9753,-117.6361,1
33.3633,-84.5658,1
31.3089,-86.3939,1
41.1783,-78.8989,1
46.6056,-111.9636,1
40.0972,-92.5433,1
41.3103,-95.8992,1
33.2208,-92.8142,1
33.9228,-118.3342,1
35.6950,-101.3950,1
44.8889,-116.1017,1
42.7972,-105.3856,1
40.9167,-81.4333,1
38.0700,-102.6881,1
43.9844,-88.5569,1
42.2314,-83.3308,1
40.3667,-75.9667,1
45.7881,-111.1608,1
29.3600,-99.1742,1
40.2964,-78.3203,1
48.1739,-103.6367,1
42.2347,-85.5519,1
39.2972,-94.7306,1
36.3689,-92.4703,1
24.7258,-81.0517,1
46.3747,-117.0156,1
31.1522,-81.3908,1
