39.5592,-97.6697,1
39.5253,-91.6450,1
40.1019,-87.5961,1
32.3367,-90.2214,1
38.8586,-99.3358,1
37.0875,-82.9925,1
28.8208,-81.8097,1
34.8492,-89.1597,1
35.7044,-79.8378,1
38.9422,-92.3200,1
38.0517,-102.1317,1
38.8169,-92.2183,1
40.4122,-86.9369,1
38.9286,-90.4281,1
37.2008,-80.5864,1
34.8822,-95.7831,1
29.9100,-90.0342,1
38.8700,-87.0917,1
37.8658,-97.6647,1
30.4494,-91.0478,1
36.0097,-94.1694,1
39.0589,-101.2439,1
34.1750,-91.9347,1
36.0394,-95.9844,1
37.4536,-103.3219,1
38.4503,-83.7355,1
29.7333,-85.0333,1
37.0925,-81.3358,1
37.8617,-83.9228,1
38.0344,-97.3431,1
31.3214,-85.4497,1
38.3794,-81.5900,1
44.2558,-121.1392,1
39.1139,-87.6564,1
31.3558,-85.7511,1
44.3592,-89.8369,1
40.5233,-101.0344,1
40.0397,-88.2778,1
26.2500,-80.1083,1
42.0425,-101.0458,1
30.4192,-91.1303,1
40.0739,-97.1669,1
38.5853,-92.1825,1
30.0675,-95.5561,1
37.9272,-100.7247,1
39.8447,-89.6839,1
37.3339,-92.9097,1
38.2692,-87.1631,1
30.5347,-94.4456,1
34.9894,-99.0525,1
31.1417,-93.2397,1
40.0083,-88.7267,1
33.9786,-98.4928,1
39.0725,-95.6261,1
34.9833,-76.3000,1
40.7742,-77.1575,1
38.6811,-77.7678,1
40.0803,-95.5919,1
30.3644,-91.1672,1
41.0103,-103.8769,1
39.3033,-95.4861,1
34.0500,-94.4008,1
38.3650,-82.5550,1
33.6361,-91.7556,1
38.8147,-90.5169,1
47.3714,-102.7606,1
35.2547,-90.7964,1
30.0375,-91.8839,1
42.1469,-121.7242,1
37.3931,-97.3497,1
38.7853,-76.9947,1
31.9478,-86.3131,1
36.0969,-79.9433,1
33.8117,-78.7239,1
39.0542,-96.2367,1
33.1783,-86.7817,1
38.4617,-76.6992,1
34.6008,-93.7667,1
37.5983,-101.2908,1
43.0431,-96.9033,1
36.8225,-79.4103,1
45.4558,-98.4131,1
31.3972,-81.2811,1
41.4086,-102.9661,1
33.2119,-87.6161,1
39.4761,-88.1653,1
34.4272,-100.2831,1
40.1739,-101.0611,1
31.4208,-110.8458,1
37.4000,-82.2333,1
44.5483,-95.0803,1
33.8750,-84.3022,1
42.5544,-92.4011,1
36.1189,-86.6892,1
37.7433,-77.0400,1
37.6694,-79.2775,1
36.6239,-87.4194,1
39.2317,-95.6653,1
33.1975,-108.2075,1
39.7750,-105.1169,1
31.3711,-100.4922,1
44.9311,-93.1539,1
35.5931,-88.9167,1
40.5764,-105.0858,1
48.1603,-90.8842,1
47.8214,-101.2922,1
32.3500,-91.0278,1
32.9733,-97.3181,1
32.3492,-93.2014,1
39.7194,-76.8028,1
40.2042,-95.7064,1
38.8000,-97.6500,1
31.3347,-92.5586,1
29.6381,-95.2819,1
35.7192,-78.7878,1
38.3650,-98.5844,1
33.5656,-86.7450,1
37.5811,-106.1869,1
40.1519,-89.3386,1
30.4781,-87.1869,1
30.6794,-88.2397,1
35.1883,-100.9286,1
40.5453,-102.3411,1
39.8586,-97.2936,1
38.7642,-87.6056,1
41.4539,-102.7850,1
35.8922,-78.7819,1
38.1811,-85.7392,1
26.0719,-80.1536,1
40.6331,-93.9019,1
39.8183,-97.6375,1
39.1569,-93.8906,1
39.5719,-103.2922,1
29.1828,-81.0483,1
39.1972,-96.5814,1
37.2958,-81.2078,1
25.7906,-80.3164,1
42.8003,-103.7867,1
26.9172,-81.9914,1
31.9514,-85.1289,1
34.7442,-87.5997,1
32.9203,-107.5656,1
61.9772,-151.2169,1
37.4314,-76.4414,1
37.1278,-80.4033,1
42.2342,-113.8981,1
45.5433,-94.0514,1
39.7772,-98.7783,1
36.9933,-82.9867,1
35.1075,-75.9872,1
32.8519,-96.8556,1
38.8100,-104.6883,1
25.9069,-80.2803,1
36.7683,-96.0261,1
37.0683,-88.7725,1
39.3686,-89.0867,1
37.1025,-82.8047,1
35.2236,-80.9553,1
26.1522,-81.7753,1
37.9136,-104.9483,1
38.6572,-90.6558,1
32.8642,-91.3800,1
39.3756,-99.8297,1
39.1483,-89.1022,1
37.0347,-96.4631,1
34.2900,-93.0600,1
38.3569,-97.2025,1
39.2942,-96.9264,1
35.2578,-93.0947,1
34.6439,-86.7861,1
36.9028,-82.0383,1
39.5756,-95.1108,1
38.7583,-89.6556,1
37.4336,-98.2825,1
30.9119,-102.9167,1
32.5511,-92.9186,1
33.7792,-84.5214,1
31.8606,-86.0122,1
30.3931,-89.0008,1
34.8831,-82.2203,1
46.8339,-100.7969,1
39.1333,-86.6167,1
39.0597,-87.6625,1
44.6828,-107.0089,1
41.1644,-84.8483,1
30.3975,-84.3289,1
32.4169,-93.4428,1
37.2353,-93.4003,1
39.7067,-86.2808,1
39.1181,-88.6244,1
38.0442,-87.5206,1
43.1114,-100.6083,1
37.2364,-95.7003,1
39.7075,-86.2803,1
37.2000,-93.3000,1
40.1561,-106.9092,1
38.1150,-85.6444,1
38.3306,-96.1897,1
34.2719,-83.8303,1
40.5156,-98.9514,1
38.0328,-78.5225,1
35.5500,-88.7169,1
37.0683,-88.7719,1
37.8131,-100.3456,1
37.1467,-94.5022,1
41.8644,-103.6397,1
39.4833,-83.8500,1
40.0506,-86.5744,1
38.2364,-75.3789,1
45.4247,-97.3269,1
32.9544,-105.7353,1
44.0622,-103.4819,1
32.3919,-93.7803,1
38.2306,-90.3981,1
37.6544,-97.4425,1
32.7817,-98.0603,1
32.3550,-93.8619,1
39.1025,-90.3431,1
46.9258,-98.6692,1
37.1186,-82.8281,1
31.5358,-82.5067,1
39.8311,-96.1833,1
35.0564,-89.9864,1
35.3331,-94.3625,1
36.2994,-103.7408,1
39.0292,-104.8017,1
37.0872,-84.0769,1
29.9506,-94.0206,1
27.6531,-80.2428,1
37.9117,-89.0092,1
43.1544,-93.3269,1
39.0636,-94.8958,1
45.0100,-93.3792,1
40.2872,-78.7242,1
39.1661,-85.9228,1
34.4978,-82.7097,1
39.5781,-85.8033,1
40.5694,-84.5364,1
37.9483,-83.4825,1
30.3489,-85.7881,1
37.2039,-80.4144,1
38.5458,-78.0981,1
32.5156,-92.0406,1
32.6808,-96.8681,1
37.7608,-99.9683,1
31.8456,-86.6108,1
38.7386,-87.4878,1
32.7100,-96.2672,1
35.0678,-77.0481,1
35.7425,-78.8369,1
39.7133,-90.2286,1
38.8472,-91.9414,1
29.9933,-90.2511,1
38.4844,-93.2556,1
31.4583,-109.6061,1
34.3622,-98.9761,1
32.8339,-97.2975,1
38.2281,-85.6636,1
38.9917,-88.1828,1
39.5333,-89.3069,1
38.1869,-97.8417,1
39.9961,-86.3542,1
37.5669,-95.2456,1
32.8978,-97.0189,1
39.7756,-96.3503,1
41.6028,-98.9269,1
40.1394,-83.9289,1
36.7458,-84.1753,1
31.1828,-90.4708,1
37.6703,-95.4842,1
35.9508,-85.0814,1
30.6264,-89.0550,1
28.5453,-81.3331,1
43.9750,-89.8308,1
43.1561,-90.6775,1
26.5850,-81.8614,1
38.4947,-83.0183,1
32.7750,-92.4075,1
35.7425,-81.3819,1
44.7336,-94.3417,1
38.9886,-85.5858,1
38.7956,-105.2003,1
38.5714,-90.1572,1
36.7297,-76.6014,1
45.8678,-95.3942,1
41.1733,-86.7572,1
37.3208,-79.2067,1
32.4200,-88.7603,1
35.4319,-82.5375,1
40.4350,-105.0850,1
39.0083,-95.2117,1
39.8250,-86.2958,1
33.2422,-103.3611,1
41.4914,-120.5644,1
44.8831,-93.2289,1
38.8317,-94.8897,1
31.2819,-89.2531,1
32.5161,-84.9422,1
36.9647,-86.4239,1
38.2133,-89.0850,1
29.6919,-82.2756,1
39.1208,-94.5969,1
38.0408,-84.6058,1
37.6336,-83.7161,1
29.2733,-94.8592,1
35.8311,-90.6464,1
35.5544,-100.9736,1
39.4889,-86.0731,1
45.1219,-95.9269,1
34.3942,-104.2503,1
37.5908,-83.3131,1
35.2100,-99.1200,1
37.5922,-100.4389,1
35.6567,-95.3614,1
44.8322,-93.4706,1
34.9914,-78.8803,1
29.9800,-95.3600,1
32.2997,-86.4075,1
34.7272,-92.2389,1
31.8728,-106.6981,1
37.9825,-103.5439,1
36.2833,-94.3000,1
33.5872,-85.8556,1
30.4844,-81.7019,1
37.2317,-86.6867,1
38.1847,-84.9033,1
35.1967,-77.5433,1
40.1750,-97.5903,1
40.3706,-95.7469,1
39.0431,-84.6717,1
31.3500,-85.6667,1
39.1131,-100.9447,1
32.1314,-110.9553,1
26.1969,-80.1708,1
40.3544,-96.1939,1
33.7367,-90.7444,1
30.7825,-83.2767,1
33.6542,-101.8136,1
34.7764,-76.8769,1
38.8894,-86.5519,1
30.2050,-91.9875,1
38.2186,-83.1431,1
40.3444,-91.1125,1
26.6847,-80.0994,1
31.0425,-86.3117,1
30.5372,-91.1469,1
64.9156,-148.2711,1
38.0583,-83.9333,1
27.6606,-97.3983,1
33.4536,-94.0075,1
39.7633,-104.8694,1
39.2975,-87.9747,1
32.6636,-97.0939,1
39.3197,-88.4617,1
38.0969,-83.1189,1
39.5894,-89.4556,1
37.2531,-93.7275,1
33.9486,-81.1186,1
39.2400,-86.2294,1
37.0522,-78.6497,1
36.2667,-93.1567,1
40.9656,-105.2186,1
32.3347,-88.7442,1
34.2833,-86.9142,1
35.2006,-103.6867,1
33.0642,-101.0489,1
38.1739,-97.1114,1
38.7297,-98.2250,1
32.0311,-96.3989,1
39.1353,-96.6778,1
37.3542,-84.3369,1
33.3633,-84.5658,1
31.3089,-86.3939,1
35.8100,-80.8808,1
37.9572,-91.7758,1
34.5183,-109.3792,1
37.3169,-79.9742,1
37.3578,-83.7706,1
32.4106,-99.6822,1
40.0972,-92.5433,1
37.6497,-86.4308,1
34.6081,-79.0592,1
39.3739,-97.1275,1
42.8783,-100.5500,1
36.2606,-76.1750,1
32.8547,-109.6353,1
38.7983,-94.4436,1
38.9111,-101.5853,1
31.8142,-93.0856,1
38.6058,-88.3117,1
37.2294,-101.9511,1
31.5883,-110.3442,1
38.8050,-83.4356,1
42.1717,-100.0106,1
40.9319,-103.8678,1
36.8708,-76.2289,1
33.1803,-96.5903,1
39.7736,-94.9233,1
39.4458,-88.5961,1
32.3206,-90.0778,1
36.8781,-91.9025,1
39.8361,-89.6250,1
30.1250,-93.2158,1
40.0503,-101.5325,1
40.5378,-90.0422,1
39.3061,-102.2608,1
41.2664,-102.6586,1
31.5356,-84.1944,1
39.8800,-86.0514,1
33.4367,-101.6472,1
38.8711,-98.7053,1
38.3406,-75.5103,1
30.0719,-91.0278,1
35.1842,-87.0422,1
31.8111,-106.3758,1
38.7525,-90.3736,1
36.0603,-79.4481,1
30.3703,-103.7808,1
35.2342,-93.1675,1
34.6525,-86.9453,1
32.8192,-97.3614,1
46.8925,-101.4897,1
44.9319,-93.0556,1
37.8725,-82.5194,1
38.1311,-91.7683,1
37.2225,-96.0547,1
30.3361,-81.5147,1
35.0419,-106.6156,1
37.7836,-81.1231,1
28.1011,-80.6439,1
31.7800,-103.2017,1
30.7053,-104.0233,1
25.6475,-80.4331,1
38.1311,-105.4661,1
38.2322,-78.1203,1
37.4347,-97.3922,1
39.5539,-97.0631,1
40.0225,-95.7883,1
33.2061,-97.1989,1
38.8500,-94.7392,1
44.7978,-68.8186,1
37.7500,-77.4833,1
32.4219,-93.6381,1
30.4119,-89.0808,1
40.5208,-101.6550,1
36.4731,-82.4044,1
40.9931,-102.2625,1
37.3875,-75.9744,1
39.0719,-89.7008,1
43.2358,-97.5714,1
36.5728,-79.3361,1
43.7667,-98.0333,1
34.3478,-85.1611,1
35.0258,-99.1058,1
48.1739,-103.6367,1
37.9406,-75.4631,1
39.1547,-84.6233,1
40.7478,-86.3878,1
29.6222,-95.6564,1
38.6308,-96.6717,1
39.2972,-94.7306,1
37.8175,-82.7883,1
28.7797,-81.2436,1
34.1231,-84.8486,1
36.3689,-92.4703,1
44.8664,-91.4878,1
43.5878,-96.7289,1
39.9061,-84.2186,1
35.0311,-85.2014,1
36.2283,-99.1700,1
35.8181,-83.9858,1
31.1522,-81.3908,1
