32.5667,-117.1167,1337
30.0494,-90.0289,2143
43.9906,-70.9475,643
45.6194,-121.1661,1530
34.2008,-119.2069,1611
64.7767,-141.1483,1632
34.8822,-95.7831,925
35.0169,-80.6206,2206
38.3000,-76.4167,1010
41.3461,-82.1794,1708
37.7461,-97.2211,1802
34.9883,-117.8647,1929
39.7333,-77.4333,916
41.6764,-70.9583,1614
42.2333,-83.5333,1722
36.7414,-104.5022,1320
41.2531,-70.0608,1615
31.3558,-85.7511,1339
37.3278,-95.5042,1257
41.6264,-80.2150,1047
60.1283,-149.4167,1059
61.2169,-149.8550,1501
64.5500,-149.0717,1832
36.9839,-77.0075,1151
40.0681,-118.5692,1307
21.4500,-157.7833,1303
38.8761,-98.8092,858
41.0089,-74.7367,801
26.5361,-81.7550,2050
64.3267,-158.7417,1744
41.9097,-70.7294,2252
42.6958,-73.1708,415
42.6425,-77.0564,7
41.6686,-70.2800,1330
59.7494,-154.9089,2343
37.0911,-95.5664,1258
39.9369,-91.1919,1026
41.4525,-87.0058,1332
40.8764,-74.2831,1304
42.5519,-71.7558,1016
32.5428,-93.7450,1713
41.2639,-72.8872,724
62.3200,-150.0950,1255
47.5303,-122.3008,1126
42.1094,-77.9919,340
34.9869,-81.0575,2358
40.8436,-72.6322,2201
41.0731,-71.9233,2052
36.3333,-119.9500,1507
33.4050,-118.4158,1957
40.8217,-72.8689,708
42.4092,-83.0100,1428
35.6169,-106.0889,1436
41.5631,-83.4764,1210
30.7797,-86.5225,1356
38.6956,-121.5897,1507
27.9106,-82.6875,1710
40.1203,-76.2944,1432
32.7667,-97.4500,1739
38.4167,-113.0167,1500
46.4167,-86.6500,1602
47.9078,-122.2803,1100
45.8183,-88.1144,1415
66.9161,-151.5089,1217
41.5333,-71.2833,1610
28.4736,-82.4544,1329
17.7028,-64.8056,1404
48.5222,-123.0231,1457
40.6161,-83.0636,1526
42.4167,-87.8667,1514
70.6392,-159.9950,1541
31.9514,-85.1289,1259
35.9333,-79.0642,846
18.3331,-64.9667,1153
41.8678,-84.0794,1403
44.3675,-71.5450,334
46.0261,-91.4442,1202
41.5175,-81.6836,1607
24.5833,-81.6833,1458
41.5092,-74.2650,1306
36.8167,-76.0333,1618
18.2550,-65.6408,848
31.4156,-87.0442,1359
40.2383,-75.5572,619
35.5144,-108.7939,1505
48.1203,-123.4983,1641
38.8983,-119.9947,1355
32.8167,-115.6833,1444
28.0622,-81.7542,1043
39.7556,-82.6572,1614
30.4000,-81.4167,1110
18.4325,-66.0108,1537
31.6072,-110.4281,1115
63.9944,-145.7214,1252
46.5486,-90.9189,1021
47.4933,-122.2144,1451
35.1822,-103.6031,800
59.4556,-135.3239,1330
37.7064,-112.1456,1601
60.7850,-148.8389,1334
47.2675,-122.5761,1814
35.8550,-77.8931,1705
35.0028,-105.6628,2355
39.9181,-76.8742,831
67.7317,-164.5483,14
30.6264,-88.0681,1647
38.3083,-75.1239,1152
30.5069,-86.9597,1403
37.1319,-76.4930,1723
41.7361,-72.6506,749
22.0333,-159.7833,1404
39.5936,-84.2264,1300
41.2003,-74.6231,815
39.1033,-84.4189,1404
30.7044,-87.0231,1524
37.7081,-77.4344,928
39.4900,-121.6183,2232
34.9000,-76.8833,1453
42.8050,-72.0036,811
41.3931,-70.6150,2234
39.3667,-75.0667,757
31.3928,-92.2956,1843
41.5097,-72.8278,826
32.4833,-80.7167,1242
41.6875,-69.9933,2342
30.8458,-85.6014,1332
34.7000,-77.3833,1303
35.9403,-89.8308,1051
46.1442,-115.5964,731
70.1917,-148.4772,112
43.2781,-70.9222,721
59.4433,-151.7017,1532
30.3433,-89.8222,1926
40.6239,-74.6694,751
31.8456,-86.6108,1535
30.8356,-85.1839,1227
55.3567,-131.7117,1052
59.2433,-135.5094,4
41.0375,-81.4642,1440
39.3644,-84.5247,1444
47.0339,-120.5303,1512
45.8258,-119.2611,1745
47.4667,-87.8833,110
36.7436,-108.2292,1602
40.8500,-74.0614,1416
38.5000,-77.3000,815
36.6950,-76.1356,1721
31.1500,-92.9667,1806
41.7781,-80.6958,1538
32.5500,-88.5667,1457
41.7419,-72.1836,1526
56.6000,-169.5650,735
38.7667,-104.3000,1424
42.6003,-123.3642,1951
48.7167,-94.6000,1241
47.3864,-92.8389,1346
42.2228,-83.7444,1533
39.2775,-120.7103,1346
43.9636,-69.7117,826
35.1350,-90.2344,1147
34.2097,-118.4892,1725
43.6264,-72.3047,429
34.6719,-82.8864,1510
41.3714,-73.4828,917
58.3567,-134.5639,1206
41.9144,-88.2464,1115
41.8756,-71.0211,1139
46.4047,-94.1308,1341
61.1689,-150.0278,1639
47.7472,-90.3444,1309
42.6650,-83.4181,26
47.1686,-88.4889,1147
40.0819,-75.0111,720
43.3497,-76.3847,1200
40.8731,-81.8867,1122
31.3500,-85.6667,1409
39.4203,-83.8217,1518
34.7917,-79.3661,2203
34.8461,-82.3461,1343
44.5761,-71.1786,933
37.1681,-97.0369,1128
31.0425,-86.3117,1345
43.1644,-95.2017,1458
62.9614,-141.9292,1951
57.0481,-135.3647,1414
42.9333,-71.4383,1233
39.9492,-74.8417,1255
42.5700,-72.2911,931
60.4889,-145.4511,1854
45.4622,-69.5953,1043
42.4933,-79.2722,1233
40.0781,-83.0781,1057
62.1592,-145.4589,1610
60.5797,-151.2392,1728
39.4167,-118.7167,2108
42.4700,-71.2894,831
35.6875,-117.6931,2136
42.1208,-87.9047,1502
38.9833,-76.4667,904
47.4569,-115.6450,2051
41.7700,-88.4814,1438
38.9503,-95.6639,1041
36.9500,-76.2833,1351
31.5883,-110.3442,2146
40.7342,-73.4169,902
40.8206,-76.8642,1315
29.3331,-89.4075,826
42.1594,-76.8919,1337
42.7172,-71.1239,804
40.0228,-82.4625,1433
42.1908,-71.1736,1213
66.0689,-162.7639,2058
41.3275,-72.0494,1025
41.0669,-73.7075,1115
41.7872,-111.8533,1601
47.2381,-123.1408,1434
61.5961,-149.0917,229
38.0653,-97.8606,1309
41.0467,-78.4117,1453
42.5708,-77.7133,1539
61.1781,-149.9664,1748
32.7000,-117.2000,1505
42.1578,-72.7161,318
40.3547,-79.9217,1048
35.1967,-81.1558,2322
27.5000,-97.8167,1730
30.7167,-87.0167,1532
41.1961,-112.0114,2346
40.3300,-75.1225,826
30.2333,-81.6667,1559
41.3497,-71.7989,1031
41.7861,-87.7522,1359
40.2172,-76.8514,421
27.6833,-97.2833,1630
42.5842,-70.9175,827
44.0219,-82.7931,36
48.3500,-122.6667,758
70.2117,-151.0017,749
30.4000,-86.4717,1343
32.8667,-117.1333,1556
31.4000,-93.2833,1750
43.2339,-75.4117,119
39.6092,-110.7547,1449
30.4636,-88.5319,1438
39.2956,-80.2289,1624
35.6542,-105.1419,1906
46.9006,-95.0678,1424
36.1336,-80.2222,2346
43.1072,-78.9453,1407
38.1417,-76.4292,1031
59.6419,-151.4908,25
41.0136,-83.6686,1531
36.0467,-79.4769,1110
