34.9914,-78.8803,40
36.3189,-119.6289,290
47.3978,-120.2014,250
36.6206,-116.0278,200
36.6239,-87.4194,360
42.7461,-86.0967,210
42.2347,-85.5519,40
37.6197,-122.3647,280
44.3394,-105.5419,230
61.1689,-150.0278,290
35.9403,-89.8308,50
33.4825,-90.9853,350
28.4567,-99.2183,140
42.7431,-73.8092,290
36.2667,-93.1567,130
32.5722,-116.9794,280
39.7556,-82.6572,40
59.7494,-154.9089,320
41.5944,-109.0528,250
38.3083,-75.1239,20
47.5303,-122.3008,210
39.2292,-106.3169,360
43.5950,-118.9564,260
35.9461,-112.1547,290
29.3331,-89.4075,340
30.7044,-87.0231,160
37.1681,-97.0369,180
28.0622,-81.7542,20
38.8100,-104.6883,150
41.9381,-72.6825,360
40.4422,-109.5144,320
34.2675,-77.8997,10
38.9833,-76.4667,360
44.1278,-123.2206,350
59.5119,-139.6711,70
18.2550,-65.6408,110
47.9742,-117.4283,210
34.2008,-119.2069,270
44.0219,-82.7931,330
34.2097,-118.4892,300
33.6300,-84.4417,330
41.7872,-111.8533,280
32.3336,-104.2581,160
42.2667,-84.4667,70
44.6381,-90.1875,170
39.1894,-103.7158,200
42.0647,-104.1528,300
34.0511,-118.2353,270
44.8322,-93.4706,180
35.2578,-113.9331,270
38.9597,-94.3714,140
39.3669,-101.7000,180
38.7550,-109.7542,270
39.6428,-79.9164,330
70.1917,-148.4772,60
45.2575,-112.5545,220
39.4167,-118.7167,90
41.9144,-88.2464,180
42.8375,-103.0953,260
34.6517,-112.4208,50
41.0467,-78.4117,50
44.3592,-89.8369,240
36.5881,-121.8453,90
31.4583,-109.6061,140
36.9839,-77.0075,350
43.1544,-93.3269,200
38.6892,-75.3592,20
56.6000,-169.5650,350
40.0819,-75.0111,10
41.5092,-74.2650,60
42.9203,-112.5711,240
33.2119,-87.6161,300
24.7258,-81.0517,310
35.8517,-97.4142,160
26.0719,-80.1536,40
29.6919,-82.2756,100
33.1783,-86.7817,300
45.6208,-122.6572,280
33.2208,-92.8142,360
47.1686,-88.4889,270
32.1300,-81.2100,30
46.4047,-94.1308,200
36.6950,-76.1356,10
42.8153,-108.7261,180
48.5614,-93.3981,210
25.6475,-80.4331,70
31.8111,-106.3758,140
32.7100,-96.2672,40
34.3622,-98.9761,140
38.9408,-77.4636,360
39.8683,-75.2311,10
59.4433,-151.7017,20
40.6331,-93.9019,150
38.8983,-119.9947,210
30.7167,-87.0167,190
29.7333,-85.0333,160
35.6875,-117.6931,200
31.4156,-87.0442,220
45.0319,-102.0192,280
32.5500,-88.5667,340
36.8167,-76.0333,340
30.5069,-86.9597,200
63.9944,-145.7214,90
27.5000,-97.8167,80
30.8458,-85.6014,20
33.9753,-117.6361,240
30.6794,-88.2397,170
32.7336,-117.1831,310
41.7419,-72.1836,10
37.6928,-121.8144,50
35.0311,-85.2014,10
47.4733,-111.3822,230
41.2531,-70.0608,20
45.7881,-111.1608,230
41.5175,-81.6836,30
34.1231,-84.8486,10
35.6567,-95.3614,320
48.5222,-123.0231,230
44.7978,-68.8186,330
39.2956,-80.2289,360
40.0781,-83.0781,50
35.0419,-106.6156,290
46.2667,-119.1167,220
60.1283,-149.4167,50
21.3239,-157.9294,40
41.3336,-75.7269,10
43.1111,-76.1039,310
40.4847,-80.2144,20
42.5906,-117.8644,200
33.1803,-96.5903,20
36.1625,-97.0894,130
35.6575,-109.0614,300
34.7442,-87.5997,10
26.6847,-80.0994,60
40.7342,-73.4169,350
47.9078,-122.2803,180
30.2333,-81.6667,120
29.9506,-94.0206,220
37.4389,-105.8614,360
42.5950,-87.9381,130
42.1244,-86.4267,310
35.8550,-77.8931,20
34.2622,-88.7714,360
38.0700,-102.6881,150
30.3361,-81.5147,50
34.8831,-82.2203,250
34.0561,-117.6003,270
37.0683,-88.7719,40
46.5486,-90.9189,190
42.2333,-83.5333,100
19.7192,-155.0531,40
35.5144,-108.7939,40
38.1311,-91.7683,110
36.7725,-90.3247,60
26.1522,-81.7753,290
42.5417,-113.7661,210
33.4050,-118.4158,300
42.3914,-96.3792,190
35.0028,-105.6628,220
33.6800,-117.8664,230
30.7406,-98.2353,180
40.7083,-84.0267,10
42.6425,-77.0564,320
44.6500,-73.4667,280
35.2100,-99.1200,170
36.9033,-76.1922,350
31.3347,-92.5586,360
62.1592,-145.4589,120
60.4889,-145.4511,60
31.2819,-89.2531,280
30.3975,-84.3289,360
31.3928,-92.2956,30
46.9006,-95.0678,190
28.4736,-82.4544,40
29.5442,-98.4839,140
44.2558,-121.1392,300
41.4333,-99.6333,190
36.6636,-121.6081,100
42.1594,-76.8919,40
46.7439,-117.1086,240
40.0803,-95.5919,140
38.0494,-103.5122,360
44.5483,-95.0803,200
32.8519,-96.8556,20
39.3667,-75.0667,20
39.5781,-85.8033,70
43.1711,-86.2367,210
41.6264,-80.2150,30
39.1333,-86.6167,80
33.5656,-86.7450,310
36.9261,-111.4478,340
34.6719,-82.8864,260
33.9706,-80.9958,280
37.6703,-95.4842,160
34.2006,-118.3575,190
31.6072,-110.4281,60
41.1078,-92.4467,140
38.5039,-122.8103,270
33.9519,-117.4386,250
30.3433,-89.8222,360
40.8500,-74.0614,50
39.0083,-95.2117,150
46.8706,-68.0172,340
64.8039,-147.8761,30
41.2433,-76.9217,30
43.9636,-69.7117,310
36.8781,-91.9025,100
46.9733,-122.9033,230
34.8536,-116.7858,270
42.7267,-114.4564,30
35.6169,-106.0889,260
25.7906,-80.3164,90
42.4819,-114.4869,180
29.1097,-95.4619,150
32.4506,-93.8411,350
33.8117,-78.7239,40
39.3756,-99.8297,160
33.1281,-117.2794,290
30.7797,-86.5225,310
40.6825,-74.1694,40
24.5833,-81.6833,310
42.1908,-71.1736,310
31.3711,-100.4922,190
45.8069,-108.5422,260
44.0206,-117.0128,150
41.2544,-80.6739,20
46.7708,-100.7603,270
33.2061,-97.1989,30
35.2578,-93.0947,350
17.7028,-64.8056,100
34.4978,-82.7097,240
46.5683,-120.5428,300
45.6478,-68.6925,310
44.3981,-98.2231,160
58.6794,-156.6294,20
41.5886,-83.8014,70
22.0333,-159.7833,330
29.5189,-95.2417,150
45.5406,-122.9486,310
34.7000,-77.3833,10
36.1336,-80.2222,70
41.7806,-122.4717,10
36.5728,-79.3361,30
43.5878,-96.7289,180
48.0944,-105.5744,230
45.7728,-122.8611,120
42.3075,-85.2511,40
31.1828,-90.4708,340
44.5761,-71.1786,340
61.1781,-149.9664,320
46.6056,-111.9636,270
39.5514,-97.6508,160
39.7075,-86.2803,70
39.6728,-75.6008,10
34.7411,-118.2117,70
34.4272,-100.2831,170
44.7408,-85.5825,260
31.1522,-81.3908,100
33.3075,-104.5083,200
45.8678,-95.3942,170
43.1072,-78.9453,40
47.9375,-124.5550,180
37.3208,-79.2067,50
43.9922,-76.0217,30
46.4794,-84.3572,220
66.8667,-162.6333,20
37.9406,-75.4631,50
34.9869,-81.0575,100
46.0261,-91.4442,190
60.7850,-161.8292,330
39.5264,-107.7264,270
42.1578,-72.7161,300
40.4122,-86.9369,50
34.6525,-86.9453,320
32.5156,-92.0406,350
33.6542,-101.8136,190
47.7472,-90.3444,240
31.4000,-93.2833,360
30.3489,-85.7881,170
42.9333,-71.4383,360
44.4683,-73.1500,290
42.8050,-72.0036,280
33.2367,-107.2681,150
44.5228,-114.2150,220
35.4319,-82.5375,340
38.9286,-90.4281,110
41.1961,-112.0114,170
32.6808,-96.8681,40
38.4167,-113.0167,10
27.5333,-99.4667,100
33.6267,-116.1594,120
36.0167,-102.5500,240
39.9181,-76.8742,360
30.7439,-95.5861,200
36.2833,-94.3000,340
38.1811,-85.7392,60
39.8328,-104.6575,220
39.9492,-74.8417,10
41.3103,-95.8992,160
36.3689,-92.4703,130
38.5069,-121.4950,290
47.3864,-92.8389,200
41.9950,-87.9336,110
40.1519,-122.2536,190
36.4486,-103.1539,240
41.6117,-90.5808,170
42.3606,-71.0106,320
39.7333,-77.4333,10
15.1167,145.7167,50
40.3547,-79.9217,360
41.5339,-93.6531,200
43.6497,-70.3003,320
37.3169,-79.9742,140
31.2361,-94.7544,30
42.4272,-73.2892,280
43.1561,-90.6775,190
45.6044,-103.5464,260
40.0681,-118.5692,190
46.9208,-114.0925,280
38.2900,-104.4983,110
26.5850,-81.8614,100
38.2103,-122.2847,80
30.8356,-85.1839,20
30.4781,-87.1869,180
41.9922,-93.6217,220
40.3300,-75.1225,20
36.9647,-86.4239,50
35.3331,-94.3625,70
41.3714,-73.4828,350
41.7781,-80.6958,20
36.2967,-99.7689,160
42.4700,-71.2894,300
41.1583,-73.1289,350
45.5433,-94.0514,170
33.9786,-98.4928,120
36.9500,-76.2833,20
28.8208,-81.8097,40
42.8783,-100.5500,190
34.2719,-83.8303,260
48.1203,-123.4983,310
43.1644,-95.2017,150
38.7667,-104.3000,210
43.2119,-90.1814,200
31.1500,-92.9667,20
34.3478,-85.1611,330
41.1783,-78.8989,30
21.4500,-157.7833,40
37.4058,-122.0481,330
39.9369,-91.1919,140
44.8831,-93.2289,150
41.1214,-100.6694,130
43.2339,-75.4117,280
37.1431,-107.7597,210
37.1467,-94.5022,190
43.7694,-87.8506,160
39.1019,-121.5678,280
36.2117,-115.1958,130
33.7792,-84.5214,280
37.0872,-84.0769,30
42.6958,-73.1708,280
41.5272,-85.7922,30
43.1406,-89.3453,170
21.3167,-158.0667,60
38.9503,-95.6639,160
38.2281,-85.6636,40
40.1936,-76.7633,350
26.1658,-97.3458,100
42.5844,-110.1075,320
18.3331,-64.9667,140
33.6883,-112.0817,220
33.6228,-111.9106,200
43.9042,-92.4917,190
27.6531,-80.2428,30
35.0678,-77.0481,360
40.4719,-81.4236,360
44.9258,-89.6256,170
38.8761,-98.8092,180
41.7861,-87.7522,90
31.6189,-97.2283,40
37.9272,-100.7247,150
67.7317,-164.5483,20
35.0281,-110.7208,360
42.9550,-87.9044,130
57.7511,-152.4856,280
41.5333,-71.2833,10
30.4844,-81.7019,60
39.9444,-81.8922,40
47.0339,-120.5303,320
32.8167,-115.6833,130
39.2972,-94.7306,150
48.6033,-112.3753,230
44.9319,-93.0556,170
42.3978,-90.7036,170
40.9167,-81.4333,60
39.1033,-84.4189,20
27.4014,-82.5586,270
32.3206,-90.0778,350
42.2228,-83.7444,30
41.4131,-81.8600,40
39.8344,-88.8656,90
36.7367,-97.1019,120
62.9575,-155.6103,330
36.3333,-119.9500,10
42.5842,-70.9175,330
42.8975,-106.4636,260
31.8456,-86.6108,330
35.1350,-90.2344,10
41.6686,-70.2800,360
66.0689,-162.7639,240
45.0133,-84.7014,260
37.5050,-77.3203,360
39.7078,-77.7297,20
57.1553,-170.2222,340
28.5453,-81.3331,60
43.4075,-94.7461,200
31.9514,-85.1289,50
43.8339,-111.8045,200
40.9781,-124.1086,280
32.4833,-80.7167,280
47.0492,-109.4578,240
36.0969,-79.9433,90
37.3592,-121.9239,280
36.7414,-104.5022,170
43.6264,-72.3047,360
43.3497,-76.3847,320
38.0653,-97.8606,150
45.1947,-123.1339,290
61.5961,-149.0917,340
34.2167,-119.0833,240
42.7803,-84.5789,30
43.5331,-84.0797,310
66.9161,-151.5089,30
40.8731,-81.8867,60
31.3558,-85.7511,210
71.2833,-156.7814,10
37.7086,-113.0944,150
19.7356,-156.0489,140
43.0206,-102.5183,260
42.1208,-87.9047,100
40.7781,-111.9694,10
46.1569,-123.8825,320
34.7436,-118.7242,340
48.7939,-122.5372,160
42.5700,-72.2911,350
45.2486,-122.7686,260
34.8461,-82.3461,190
41.7636,-96.1778,150
45.5908,-122.6003,270
41.3325,-122.3328,290
46.0947,-118.2869,240
45.6308,-89.4653,190
40.5175,-122.2986,180
37.3278,-95.5042,130
39.7736,-94.9233,160
47.6831,-117.3214,220
39.1342,-108.5400,320
41.7361,-72.6506,340
30.6264,-88.0681,210
48.1739,-103.6367,260
38.7525,-90.3736,110
45.0717,-83.5644,210
41.3275,-72.0494,20
38.0408,-84.6058,40
48.7167,-94.6000,160
33.8719,-117.9789,280
55.2208,-162.7325,300
35.1822,-103.6031,240
42.4167,-87.8667,110
40.6386,-73.7622,10
27.7628,-82.6261,70
47.3078,-119.5153,200
30.0494,-90.0289,250
43.8789,-91.2528,180
41.0731,-71.9233,10
40.5100,-101.6200,190
36.9878,-120.1106,320
41.3375,-84.4289,20
32.8978,-97.0189,30
34.5183,-109.3792,280
41.2731,-111.0306,260
41.8678,-84.0794,80
33.4669,-82.0386,200
38.3306,-96.1897,160
32.7000,-117.2000,350
38.5714,-90.1572,90
37.7081,-77.4344,10
32.6261,-116.4681,60
32.2622,-107.7206,160
32.3847,-94.7117,60
39.4494,-74.5672,350
40.2769,-74.8158,350
39.8233,-93.5792,170
45.4622,-69.5953,320
36.1189,-86.6892,10
34.5467,-93.5781,330
32.7817,-98.0603,50
26.9172,-81.9914,140
45.8183,-88.1144,230
44.8889,-116.1017,170
36.7436,-108.2292,280
39.1353,-96.6778,150
30.3208,-97.7603,140
30.2050,-91.9875,20
39.1208,-94.5969,120
30.7825,-83.2767,30
40.7794,-73.8803,340
42.9486,-78.7369,60
36.6817,-101.5053,220
40.0397,-88.2778,100
27.9106,-82.6875,320
27.7839,-97.5108,110
35.1967,-81.1558,80
42.4092,-83.0100,80
38.6956,-121.5897,330
41.3119,-105.6747,240
29.9933,-90.2511,320
33.9481,-83.3275,280
35.0169,-80.6206,60
40.3667,-75.9667,30
39.2231,-106.8683,310
42.5519,-71.7558,310
45.5511,-122.4089,210
38.6572,-90.6558,100
30.0675,-95.5561,100
44.4983,-88.1111,190
39.0431,-84.6717,50
29.9800,-95.3600,130
44.9358,-74.8458,290
40.0972,-92.5433,150
37.1319,-76.4930,30
35.7425,-81.3819,70
46.4267,-105.8825,300
37.2847,-120.5128,330
32.9733,-97.3181,20
37.7064,-112.1456,290
32.3347,-88.7442,330
59.6419,-151.4908,240
31.7800,-103.2017,160
47.2675,-122.5761,210
31.5358,-82.5067,260
21.1544,-157.0961,50
26.5361,-81.7550,140
42.7611,-87.8136,150
48.4608,-119.5167,180
37.6542,-122.1150,300
46.1236,-67.7928,320
41.6764,-70.9583,20
41.3931,-70.6150,40
46.1442,-115.5964,350
36.9358,-121.7886,250
64.3267,-158.7417,30
43.5164,-112.0672,200
39.9914,-82.8808,30
45.6906,-118.8528,270
25.9156,-97.4186,170
42.0572,-102.8000,240
40.7833,-91.1253,130
34.9894,-99.0525,150
38.8853,-79.8528,300
37.0911,-95.5664,190
40.1203,-76.2944,20
25.9069,-80.2803,30
41.6875,-69.9933,50
33.5872,-85.8556,270
40.2342,-85.3936,80
41.3497,-71.7989,330
40.7939,-73.1017,350
41.8706,-103.5931,300
41.7072,-86.3164,40
42.2314,-83.3308,40
40.8289,-115.7886,250
35.3889,-97.6006,180
25.9989,-80.2411,360
35.0564,-89.9864,50
41.8031,-78.6403,20
42.1997,-75.9850,10
31.9433,-102.1889,160
41.5631,-83.4764,10
28.1011,-80.6439,30
28.7797,-81.2436,70
47.2381,-123.1408,200
35.2236,-80.9553,90
70.6392,-159.9950,30
44.9047,-97.1494,200
41.0136,-83.6686,70
40.3161,-78.8339,360
32.0311,-96.3989,20
42.1928,-89.0931,150
39.5703,-104.8489,10
42.1128,-92.9175,200
42.6003,-123.3642,340
24.5550,-81.7522,290
40.6044,-98.4272,160
32.3500,-91.0278,30
35.6697,-120.6283,210
43.9658,-107.9508,100
40.0489,-107.8853,110
34.0158,-118.4514,240
41.6267,-73.8842,20
41.4914,-120.5644,260
43.3500,-73.6167,340
40.7789,-73.9692,40
40.8203,-82.5178,20
33.4964,-90.0867,30
41.9856,-97.4353,170
39.0725,-95.6261,140
41.0089,-74.7367,10
39.2953,-114.8467,270
47.4933,-122.2144,170
38.5050,-107.8975,310
21.9839,-159.3405,70
44.3206,-69.7972,320
44.5169,-108.0822,130
37.2839,-98.5528,190
38.1847,-84.9033,40
34.8822,-95.7831,110
41.1389,-75.3794,340
37.2253,-89.5706,30
44.3675,-71.5450,310
35.4344,-119.0542,310
38.0442,-87.5206,40
38.7642,-87.6056,80
29.3600,-99.1742,160
45.4558,-98.4131,190
40.6161,-83.0636,50
64.5500,-149.0717,350
30.0375,-91.8839,20
36.2606,-76.1750,10
47.2856,-68.3133,320
32.6500,-114.6167,170
42.1469,-121.7242,330
30.4000,-81.4167,40
36.0719,-115.1633,40
38.8317,-94.8897,150
29.3783,-100.9269,120
39.3450,-81.4392,50
38.7042,-93.1833,160
31.4208,-110.8458,120
35.5342,-97.6469,180
40.8764,-74.2831,50
41.7219,-71.4325,350
44.9050,-123.0011,240
29.6333,-83.1053,270
39.1667,-76.6833,330
46.5311,-87.5483,270
32.8547,-109.6353,150
38.5000,-77.3000,360
30.4119,-89.0808,160
42.5708,-77.7133,320
70.2117,-151.0017,60
43.3436,-72.5178,280
42.2706,-71.8731,10
32.3542,-95.4025,20
43.3906,-99.8422,190
44.0511,-101.6011,270
43.9844,-88.5569,180
29.6381,-95.2819,110
37.6544,-97.4425,180
43.7331,-103.6114,270
29.3389,-98.4719,130
34.9883,-117.8647,280
41.4525,-87.0058,90
34.9000,-76.8833,30
30.0481,-102.2131,40
48.5428,-109.7633,230
38.3000,-76.4167,10
33.9228,-118.3342,270
42.7172,-71.1239,320
31.0425,-86.3117,360
43.2781,-70.9222,330
41.6236,-98.9517,180
41.0669,-73.7075,340
48.3500,-122.6667,140
39.2775,-120.7103,170
33.9381,-118.3889,300
34.7336,-76.6606,50
37.3031,-108.6275,240
40.1764,-80.6472,50
59.4556,-135.3239,210
46.9258,-98.6692,250
38.3794,-81.5900,70
37.2833,-102.6139,340
39.6092,-110.7547,220
29.7036,-98.0281,160
38.8483,-77.0342,340
47.4444,-122.3139,210
34.0500,-94.4008,110
27.6833,-97.2833,110
60.5797,-151.2392,20
42.1094,-77.9919,320
39.4203,-83.8217,60
13.4836,144.7961,280
27.7411,-98.0247,120
32.8192,-97.3614,40
41.6328,-91.5431,180
26.1839,-98.2539,110
48.2553,-101.2733,230
38.1386,-78.4530,30
41.5097,-72.8278,310
44.7694,-106.9689,70
43.1167,-77.6767,10
37.7836,-81.1231,350
40.8508,-96.7475,170
33.8750,-84.3022,280
39.3644,-84.5247,70
41.2003,-74.6231,350
44.2033,-72.5794,310
41.1014,-102.9847,310
34.6294,-118.0836,40
46.3583,-104.2500,260
58.3567,-134.5639,110
47.4569,-115.6450,240
44.0433,-103.0536,110
40.9611,-98.3136,170
43.1953,-71.5011,300
33.6361,-91.7556,40
32.8667,-117.1333,330
44.8664,-91.4878,170
28.4339,-81.3250,50
46.4167,-86.6500,190
46.0139,-102.6547,270
39.4839,-119.7711,360
37.7608,-99.9683,160
45.0619,-93.3508,170
40.9017,-117.8081,130
29.6222,-95.6564,170
33.8117,-118.1464,290
34.7675,-114.6189,40
42.3811,-122.8722,20
38.8000,-97.6500,160
35.1442,-111.6664,100
40.8206,-76.8642,20
47.2078,-119.3192,270
46.7994,-102.7972,250
30.4636,-88.5319,200
64.5111,-165.4400,340
48.3042,-114.2636,160
32.8986,-80.0403,140
33.4278,-112.0039,120
45.6689,-96.9914,200
37.2958,-81.2078,350
38.8500,-94.7392,150
39.5936,-84.2264,80
40.2383,-75.5572,20
31.3500,-85.6667,250
40.2172,-76.8514,340
32.4106,-99.6822,140
33.4617,-80.8581,240
37.7461,-97.2211,170
42.8914,-73.2469,270
44.5344,-72.6144,310
34.1750,-91.9347,10
46.3747,-117.0156,290
36.0236,-84.2375,90
40.8217,-72.8689,360
31.9206,-102.3867,160
35.9333,-79.0642,330
41.8756,-71.0211,340
47.4667,-87.8833,280
41.2639,-72.8872,360
30.9119,-102.9167,30
36.0097,-94.1694,170
34.1853,-79.7239,20
37.8892,-121.2258,310
34.7917,-79.3661,70
37.6242,-120.9506,320
29.1828,-81.0483,20
35.9508,-85.0814,40
31.5883,-110.3442,30
41.1519,-104.8061,310
39.4019,-77.9844,330
43.9906,-70.9475,280
38.3650,-82.5550,90
31.5356,-84.1944,250
18.4325,-66.0108,70
35.8181,-83.9858,10
34.8994,-120.4486,320
40.1667,-103.2167,280
55.3567,-131.7117,130
40.6239,-74.6694,350
40.4953,-107.5211,250
34.5583,-98.4172,40
35.5931,-88.9167,20
39.3792,-74.4242,10
41.4653,-90.5233,140
43.7667,-98.0333,160
32.6847,-83.6528,320
40.9706,-85.2064,60
34.2900,-93.0600,90
47.9428,-97.1839,180
26.1969,-80.1708,80
42.5544,-92.4011,180
33.8281,-116.5053,80
57.0481,-135.3647,240
32.5428,-93.7450,20
32.7667,-97.4500,30
38.1417,-76.4292,20
46.9728,-123.9303,190
35.2372,-120.6414,330
32.3367,-90.2214,320
47.6217,-117.5281,230
45.5644,-84.7928,270
39.9061,-84.2186,10
64.7767,-141.1483,330
39.8447,-89.6839,40
35.6950,-101.3950,180
38.5911,-92.1558,120
38.3406,-75.5103,20
42.0800,-80.1825,50
42.4933,-79.2722,20
44.5444,-110.4211,260
33.3644,-81.9633,290
59.2433,-135.5094,70
62.3200,-150.0950,290
41.7803,-124.2367,330
35.6542,-105.1419,160
34.6439,-86.7861,310
39.4900,-121.6183,70
33.9486,-81.1186,330
29.2733,-94.8592,160
41.7700,-88.4814,100
36.7800,-119.7194,300
40.2064,-100.5914,220
30.5892,-96.3647,150
30.4000,-86.4717,200
39.8250,-86.2958,20
43.0661,-108.4767,300
40.8436,-72.6322,30
39.2447,-102.2842,190
61.2169,-149.8550,300
42.7972,-105.3856,270
27.9619,-82.5403,10
44.3592,-84.6739,200
35.2325,-75.6219,10
45.5114,-118.4247,320
27.4981,-80.3767,20
37.7797,-89.2497,70
31.3214,-85.4497,330
43.2389,-123.3547,10
33.2194,-117.3494,290
26.2281,-97.6542,130
32.6636,-97.0939,360
36.1994,-95.8872,360
34.7272,-92.2389,350
55.0389,-131.5786,300
44.3814,-100.2856,190
36.0394,-95.9844,120
30.1831,-97.6800,100
45.5464,-100.4078,160
31.8606,-86.0122,360
38.8169,-92.2183,130
28.0836,-97.0464,140
37.5908,-83.3131,70
39.1258,-123.2008,300
45.8258,-119.2611,270
42.8939,-85.5447,150
44.3814,-106.7211,160
28.8614,-96.9303,130
41.8056,-107.1997,240
37.7214,-122.2208,310
41.0375,-81.4642,50
40.6508,-75.4492,10
32.8158,-117.1394,320
39.4519,-87.3089,70
38.0511,-117.0903,40
40.6675,-89.6839,100
34.6081,-79.0592,20
42.9667,-83.7494,100
35.8922,-78.7819,60
20.8997,-156.4286,40
37.9917,-122.0550,10
40.2964,-78.3203,350
44.8428,-117.8086,70
37.2622,-104.3378,250
32.5161,-84.9422,320
42.6650,-83.4181,340
33.0375,-116.9158,270
47.6458,-101.4394,270
48.2138,-106.6213,270
39.6014,-116.0056,280
39.4781,-88.2803,70
45.6983,-110.4408,200
60.7850,-148.8389,270
32.2997,-86.4075,310
41.9097,-70.7294,30
40.0228,-82.4625,90
44.1708,-114.9272,260
36.4731,-82.4044,350
47.3258,-106.9475,230
44.3853,-74.2067,300
35.8311,-90.6464,60
43.5667,-116.2406,130
46.8369,-92.2097,190
26.2500,-80.1083,20
33.3633,-84.5658,270
37.2353,-93.4003,150
30.3567,-95.4139,160
62.9614,-141.9292,190
35.2333,-101.7089,140
28.7247,-96.2536,110
45.6194,-121.1661,320
41.3461,-82.1794,60
30.1250,-93.2158,40
43.7700,-88.4864,210
38.3775,-121.9575,50
36.7683,-96.0261,160
33.4536,-94.0075,10
45.9647,-112.5006,250
30.5372,-91.1469,50
46.9253,-96.8111,170
37.3711,-118.3581,170
30.5108,-99.7664,60
