32.5667,-117.1167,103
40.2342,-85.3936,85
30.0494,-90.0289,63
43.9906,-70.9475,89
45.6194,-121.1661,174
35.2333,-101.7089,139
34.2622,-88.7714,76
32.3367,-90.2214,76
32.6500,-114.6167,107
37.1431,-107.7597,112
37.4389,-105.8614,72
30.0481,-102.2131,94
34.2675,-77.8997,81
45.2486,-122.7686,76
46.7708,-100.7603,103
34.2008,-119.2069,112
35.2372,-120.6414,94
28.8208,-81.8097,72
43.0661,-108.4767,139
60.7850,-161.8292,121
64.7767,-141.1483,49
41.6117,-90.5808,63
37.2253,-89.5706,72
38.8169,-92.2183,89
27.4981,-80.3767,98
40.4122,-86.9369,72
38.9286,-90.4281,76
34.8822,-95.7831,76
35.0169,-80.6206,72
38.3000,-76.4167,125
36.2117,-115.1958,58
41.3461,-82.1794,89
40.9781,-124.1086,89
46.7994,-102.7972,130
37.7461,-97.2211,94
41.7806,-122.4717,98
33.0375,-116.9158,112
42.8153,-108.7261,112
34.9883,-117.8647,63
32.5722,-116.9794,89
36.0097,-94.1694,94
42.5950,-87.9381,81
39.6014,-116.0056,89
47.2856,-68.3133,165
34.1750,-91.9347,94
43.0206,-102.5183,89
39.7333,-77.4333,94
44.4683,-73.1500,125
39.8233,-93.5792,81
43.5164,-112.0672,103
36.0394,-95.9844,103
29.7333,-85.0333,72
43.9922,-76.0217,94
41.6764,-70.9583,85
44.1278,-123.2206,89
42.2333,-83.5333,63
31.3214,-85.4497,54
38.3794,-81.5900,76
46.9208,-114.0925,161
36.7414,-104.5022,94
41.2531,-70.0608,139
44.2558,-121.1392,107
41.5272,-85.7922,72
31.3558,-85.7511,45
44.3592,-89.8369,89
37.3278,-95.5042,58
41.6264,-80.2150,85
60.1283,-149.4167,103
43.9658,-107.9508,76
42.2667,-84.4667,72
35.1442,-111.6664,81
61.2169,-149.8550,49
40.0397,-88.2778,76
64.5500,-149.0717,63
26.2500,-80.1083,107
36.9839,-77.0075,81
48.4608,-119.5167,165
40.0681,-118.5692,67
21.4500,-157.7833,116
38.8761,-98.8092,116
30.0675,-95.5561,63
44.3394,-105.5419,89
41.0089,-74.7367,107
34.0511,-118.2353,67
37.9272,-100.7247,103
39.3792,-74.4242,85
26.5361,-81.7550,98
39.8447,-89.6839,81
37.2839,-98.5528,116
39.5703,-104.8489,67
64.3267,-158.7417,63
40.4847,-80.2144,98
30.5892,-96.3647,121
44.7694,-106.9689,58
44.0511,-101.6011,94
40.7789,-73.9692,103
44.5344,-72.6144,130
34.9894,-99.0525,125
35.3889,-97.6006,107
35.4344,-119.0542,76
33.9786,-98.4928,134
39.0725,-95.6261,94
36.3189,-119.6289,67
40.6825,-74.1694,130
40.0803,-95.5919,98
27.7839,-97.5108,98
41.9097,-70.7294,130
46.7439,-117.1086,143
42.9486,-78.7369,76
37.9917,-122.0550,67
42.6958,-73.1708,94
29.3389,-98.4719,76
42.6425,-77.0564,76
42.7431,-73.8092,152
42.0647,-104.1528,72
28.4339,-81.3250,89
44.3814,-100.2856,125
41.1519,-104.8061,130
44.3853,-74.2067,103
33.6267,-116.1594,72
37.6542,-122.1150,67
40.4422,-109.5144,49
34.0500,-94.4008,89
41.6686,-70.2800,121
38.3650,-82.5550,94
33.6228,-111.9106,67
41.1583,-73.1289,116
33.6361,-91.7556,67
59.7494,-154.9089,81
39.4519,-87.3089,81
36.7800,-119.7194,76
37.0911,-95.5664,72
30.0375,-91.8839,85
42.9550,-87.9044,98
42.1469,-121.7242,89
32.3542,-95.4025,130
39.9369,-91.1919,76
41.4525,-87.0058,67
37.7214,-122.2208,72
42.9667,-83.7494,40
37.2833,-102.6139,125
45.7728,-122.8611,58
40.8764,-74.2831,98
34.6517,-112.4208,81
36.0969,-79.9433,98
33.8117,-78.7239,67
33.1783,-86.7817,76
37.5050,-77.3203,103
45.0717,-83.5644,76
45.6689,-96.9914,107
38.9408,-77.4636,107
42.8939,-85.5447,45
42.5519,-71.7558,112
32.5428,-93.7450,85
41.2639,-72.8872,130
34.2006,-118.3575,67
58.6794,-156.6294,121
62.3200,-150.0950,40
47.5303,-122.3008,134
38.5050,-107.8975,85
45.4558,-98.4131,94
45.5511,-122.4089,54
42.1094,-77.9919,94
41.6328,-91.5431,72
33.2119,-87.6161,76
46.9253,-96.8111,130
46.1569,-123.8825,134
34.9869,-81.0575,63
40.8436,-72.6322,116
41.0731,-71.9233,107
41.3375,-84.4289,81
39.3669,-101.7000,98
36.3333,-119.9500,72
39.9444,-81.8922,89
33.4050,-118.4158,103
34.6294,-118.0836,63
34.4272,-100.2831,143
31.4208,-110.8458,89
37.3031,-108.6275,103
39.2292,-106.3169,107
44.5483,-95.0803,143
29.7036,-98.0281,89
33.8750,-84.3022,130
40.8217,-72.8689,121
42.5544,-92.4011,112
36.1189,-86.6892,81
32.6847,-83.6528,76
42.4092,-83.0100,72
36.6239,-87.4194,81
48.5428,-109.7633,210
32.2622,-107.7206,76
40.8203,-82.5178,89
31.3711,-100.4922,67
35.6169,-106.0889,103
30.3208,-97.7603,67
40.0489,-107.8853,94
41.5944,-109.0528,134
35.5931,-88.9167,81
42.7611,-87.8136,85
41.5631,-83.4764,76
47.4444,-122.3139,139
46.0947,-118.2869,125
39.3450,-81.4392,98
32.3500,-91.0278,81
32.9733,-97.3181,107
27.5333,-99.4667,121
30.7797,-86.5225,76
38.6956,-121.5897,54
48.0944,-105.5744,125
33.9519,-117.4386,85
48.2553,-101.2733,121
41.4333,-99.6333,116
38.8000,-97.6500,103
71.2833,-156.7814,72
31.3347,-92.5586,107
29.6381,-95.2819,58
45.0133,-84.7014,85
42.7461,-86.0967,58
40.1519,-122.2536,58
33.5656,-86.7450,72
27.9106,-82.6875,72
42.1128,-92.9175,103
37.3711,-118.3581,81
30.4781,-87.1869,81
29.1097,-95.4619,67
40.1203,-76.2944,103
43.4075,-94.7461,130
44.6381,-90.1875,85
30.6794,-88.2397,81
32.7667,-97.4500,107
38.4167,-113.0167,67
46.4167,-86.6500,85
33.9381,-118.3889,112
47.9078,-122.2803,210
40.7794,-73.8803,116
32.7336,-117.1831,98
38.7642,-87.6056,76
45.8183,-88.1144,89
66.9161,-151.5089,67
37.7086,-113.0944,54
40.2064,-100.5914,89
46.4267,-105.8825,107
35.8922,-78.7819,76
36.0167,-102.5500,121
38.1811,-85.7392,103
26.0719,-80.1536,98
40.6331,-93.9019,89
33.6800,-117.8664,67
41.5333,-71.2833,89
28.4736,-82.4544,72
17.7028,-64.8056,134
48.5222,-123.0231,94
40.6161,-83.0636,98
38.8853,-79.8528,72
39.4019,-77.9844,107
42.4167,-87.8667,76
70.6392,-159.9950,67
29.1828,-81.0483,98
43.1406,-89.3453,81
37.2958,-81.2078,49
32.3336,-104.2581,94
25.7906,-80.3164,107
26.9172,-81.9914,85
31.9514,-85.1289,76
34.7442,-87.5997,63
33.4669,-82.0386,58
39.1667,-76.6833,81
35.9333,-79.0642,81
45.1947,-123.1339,85
18.3331,-64.9667,76
41.8678,-84.0794,67
44.3675,-71.5450,116
41.1078,-92.4467,89
36.1625,-97.0894,76
47.9375,-124.5550,112
41.1214,-100.6694,72
24.5550,-81.7522,72
43.7700,-88.4864,72
46.0261,-91.4442,125
28.8614,-96.9303,98
45.5433,-94.0514,134
41.5175,-81.6836,103
40.4719,-81.4236,89
24.5833,-81.6833,67
40.6508,-75.4492,112
41.5092,-74.2650,94
32.8519,-96.8556,112
36.8167,-76.0333,116
18.2550,-65.6408,85
38.8100,-104.6883,98
34.1853,-79.7239,58
41.2433,-76.9217,107
25.9069,-80.2803,130
47.0492,-109.4578,143
36.7683,-96.0261,67
31.4156,-87.0442,45
42.3075,-85.2511,58
43.5331,-84.0797,40
36.9878,-120.1106,54
41.1389,-75.3794,125
38.7550,-109.7542,72
40.2383,-75.5572,103
35.5144,-108.7939,85
33.9706,-80.9958,63
34.2167,-119.0833,76
48.2138,-106.6213,143
48.1203,-123.4983,112
35.2236,-80.9553,107
26.1522,-81.7753,81
44.5169,-108.0822,67
38.6572,-90.6558,58
47.9742,-117.4283,161
39.3756,-99.8297,107
38.8983,-119.9947,98
31.9433,-102.1889,116
34.2900,-93.0600,81
32.8167,-115.6833,58
28.0622,-81.7542,107
44.8428,-117.8086,94
39.7556,-82.6572,89
30.4000,-81.4167,58
35.2578,-93.0947,67
18.4325,-66.0108,98
34.6439,-86.7861,67
31.6072,-110.4281,121
37.2622,-104.3378,121
40.2769,-74.8158,103
42.0800,-80.1825,98
63.9944,-145.7214,54
47.3258,-106.9475,125
46.5486,-90.9189,116
46.8706,-68.0172,130
32.8158,-117.1394,107
47.4933,-122.2144,125
30.1831,-97.6800,85
35.1822,-103.6031,148
40.8289,-115.7886,98
33.3644,-81.9633,67
39.4781,-88.2803,76
21.3167,-158.0667,107
43.3500,-73.6167,107
59.4556,-135.3239,116
30.9119,-102.9167,94
39.1258,-123.2008,72
37.7064,-112.1456,94
44.9047,-97.1494,121
45.5464,-100.4078,94
40.1667,-103.2167,112
43.1711,-86.2367,76
33.7792,-84.5214,63
60.7850,-148.8389,54
31.8606,-86.0122,63
45.0319,-102.0192,112
31.6189,-97.2283,130
35.5342,-97.6469,98
43.8789,-91.2528,89
13.4836,144.7961,143
47.2675,-122.5761,116
34.8831,-82.2203,54
44.3981,-98.2231,98
47.6831,-117.3214,170
47.3078,-119.5153,165
39.1333,-86.6167,76
35.8550,-77.8931,81
40.7833,-91.1253,67
35.0028,-105.6628,121
39.9181,-76.8742,103
67.7317,-164.5483,81
39.6428,-79.9164,89
30.6264,-88.0681,58
40.5175,-122.2986,49
36.6206,-116.0278,81
30.3975,-84.3289,63
42.8375,-103.0953,81
28.7247,-96.2536,81
46.0139,-102.6547,116
45.9647,-112.5006,125
37.2353,-93.4003,76
38.3083,-75.1239,116
42.8914,-73.2469,98
38.0442,-87.5206,89
19.7192,-155.0531,121
30.5069,-86.9597,139
39.7075,-86.2803,85
37.1319,-76.4930,94
39.6728,-75.6008,107
26.1839,-98.2539,94
44.7408,-85.5825,67
41.7361,-72.6506,116
38.3306,-96.1897,89
22.0333,-159.7833,63
48.6033,-112.3753,233
36.2967,-99.7689,130
34.2719,-83.8303,63
41.8706,-103.5931,72
43.8339,-111.8045,103
39.8344,-88.8656,72
39.8328,-104.6575,85
42.2706,-71.8731,112
37.6928,-121.8144,76
42.1928,-89.0931,63
37.0683,-88.7719,76
39.5936,-84.2264,85
44.0433,-103.0536,76
41.2003,-74.6231,89
33.4964,-90.0867,85
41.4131,-81.8600,112
37.1467,-94.5022,63
32.6261,-116.4681,125
36.1994,-95.8872,103
39.1033,-84.4189,81
57.1553,-170.2222,192
40.6675,-89.6839,58
46.8369,-92.2097,134
40.1764,-80.6472,85
30.7044,-87.0231,76
37.6544,-97.4425,98
37.7081,-77.4344,89
32.7817,-98.0603,130
39.4900,-121.6183,58
46.9258,-98.6692,125
31.5358,-82.5067,63
34.9000,-76.8833,85
42.8050,-72.0036,98
41.7219,-71.4325,116
35.0564,-89.9864,76
35.3331,-94.3625,67
41.3931,-70.6150,134
44.4983,-88.1111,81
36.6636,-121.6081,94
39.3667,-75.0667,112
55.0389,-131.5786,67
37.0872,-84.0769,76
34.0158,-118.4514,76
29.9506,-94.0206,206
31.3928,-92.2956,81
41.5097,-72.8278,112
42.5906,-117.8644,121
32.4833,-80.7167,58
41.6875,-69.9933,107
27.6531,-80.2428,107
30.8458,-85.6014,54
43.1544,-93.3269,125
37.6242,-120.9506,98
34.7000,-77.3833,81
38.1386,-78.4530,76
41.9950,-87.9336,76
26.2281,-97.6542,89
29.3783,-100.9269,89
35.9403,-89.8308,89
33.8117,-118.1464,107
34.4978,-82.7097,67
39.5781,-85.8033,85
46.1442,-115.5964,45
40.5100,-101.6200,89
70.1917,-148.4772,107
44.1708,-114.9272,76
41.3119,-105.6747,134
43.2781,-70.9222,125
42.4819,-114.4869,81
30.3489,-85.7881,103
59.4433,-151.7017,67
32.5156,-92.0406,98
33.2367,-107.2681,85
32.6808,-96.8681,103
30.3433,-89.8222,67
37.7608,-99.9683,125
42.7803,-84.5789,54
40.6239,-74.6694,121
31.8456,-86.6108,63
32.7100,-96.2672,112
42.5417,-113.7661,67
35.0678,-77.0481,76
38.0494,-103.5122,81
30.8356,-85.1839,81
44.0206,-117.0128,58
38.2900,-104.4983,72
55.3567,-131.7117,67
59.2433,-135.5094,107
41.0375,-81.4642,85
29.9933,-90.2511,63
36.9358,-121.7886,76
39.3644,-84.5247,85
38.5911,-92.1558,85
47.0339,-120.5303,165
45.8258,-119.2611,125
47.4667,-87.8833,112
30.7406,-98.2353,72
31.4583,-109.6061,89
36.7436,-108.2292,107
48.7939,-122.5372,134
38.9597,-94.3714,72
39.5514,-97.6508,98
34.3622,-98.9761,112
39.2231,-106.8683,81
15.1167,145.7167,134
47.2078,-119.3192,161
40.8097,-124.1603,58
41.6236,-98.9517,103
39.8683,-75.2311,125
38.2281,-85.6636,89
41.1014,-102.9847,116
46.1236,-67.7928,121
40.7083,-84.0267,89
40.8500,-74.0614,107
38.5000,-77.3000,116
34.8536,-116.7858,85
32.8978,-97.0189,103
39.1894,-103.7158,103
36.6950,-76.1356,103
33.1281,-117.2794,67
31.1500,-92.9667,76
29.6333,-83.1053,58
42.9203,-112.5711,98
43.7694,-87.8506,76
43.6497,-70.3003,116
36.5881,-121.8453,130
30.5108,-99.7664,76
31.1828,-90.4708,94
41.7781,-80.6958,76
32.5500,-88.5667,89
34.5467,-93.5781,54
37.6703,-95.4842,81
35.9508,-85.0814,81
35.2578,-113.9331,76
45.6478,-68.6925,152
34.7336,-76.6606,103
28.5453,-81.3331,81
43.1561,-90.6775,76
26.5850,-81.8614,89
41.7419,-72.1836,94
56.6000,-169.5650,224
38.7667,-104.3000,72
41.9922,-93.6217,112
43.1111,-76.1039,98
35.7425,-81.3819,76
34.7436,-118.7242,121
33.3075,-104.5083,107
34.8994,-120.4486,85
42.6003,-123.3642,81
33.8281,-116.5053,85
48.7167,-94.6000,134
41.5339,-93.6531,94
42.3811,-122.8722,63
40.4953,-107.5211,85
47.4733,-111.3822,174
39.4839,-119.7711,89
46.9733,-122.9033,116
38.5714,-90.1572,72
47.3864,-92.8389,130
45.8678,-95.3942,139
42.2228,-83.7444,58
42.1244,-86.4267,54
37.3208,-79.2067,76
41.9856,-97.4353,130
39.2775,-120.7103,89
46.5683,-120.5428,148
43.9636,-69.7117,98
35.6575,-109.0614,81
43.3906,-99.8422,139
35.1350,-90.2344,85
35.4319,-82.5375,76
30.7439,-95.5861,63
39.0083,-95.2117,107
34.7675,-114.6189,63
39.8250,-86.2958,76
44.6500,-73.4667,112
55.2208,-162.7325,192
34.2097,-118.4892,72
41.4914,-120.5644,85
30.3567,-95.4139,81
33.4617,-80.8581,58
44.8831,-93.2289,121
47.9428,-97.1839,125
38.8317,-94.8897,107
38.8483,-77.0342,107
31.2819,-89.2531,121
43.6264,-72.3047,125
34.6719,-82.8864,63
44.9050,-123.0011,76
32.5161,-84.9422,76
41.3714,-73.4828,121
36.9647,-86.4239,85
58.3567,-134.5639,94
29.6919,-82.2756,49
39.1208,-94.5969,89
26.1658,-97.3458,89
38.0408,-84.6058,112
36.9261,-111.4478,58
29.2733,-94.8592,89
39.5264,-107.7264,81
35.8311,-90.6464,85
41.9144,-88.2464,63
41.8756,-71.0211,85
46.4047,-94.1308,143
42.3978,-90.7036,67
27.4014,-82.5586,67
37.5908,-83.3131,58
35.2100,-99.1200,134
33.4825,-90.9853,89
35.6567,-95.3614,103
44.8322,-93.4706,121
34.9914,-78.8803,67
35.2325,-75.6219,107
45.5644,-84.7928,98
61.1689,-150.0278,40
47.7472,-90.3444,49
29.9800,-95.3600,63
32.2997,-86.4075,67
34.7272,-92.2389,36
42.6650,-83.4181,58
36.2833,-94.3000,67
39.1342,-108.5400,94
33.5872,-85.8556,76
30.4844,-81.7019,63
38.1847,-84.9033,89
43.2119,-90.1814,72
40.9017,-117.8081,121
33.8719,-117.9789,72
47.1686,-88.4889,112
40.0819,-75.0111,116
41.5886,-83.8014,81
43.3497,-76.3847,89
40.8731,-81.8867,85
39.0431,-84.6717,107
25.9989,-80.2411,125
36.7367,-97.1019,72
31.3500,-85.6667,58
39.4203,-83.8217,116
41.8056,-107.1997,157
38.0511,-117.0903,94
43.1167,-77.6767,85
34.7917,-79.3661,72
42.8975,-106.4636,130
48.5614,-93.3981,121
26.1969,-80.1708,76
36.6817,-101.5053,103
34.8461,-82.3461,54
45.6983,-110.4408,215
36.0236,-84.2375,49
41.7072,-86.3164,58
44.5761,-71.1786,116
30.7825,-83.2767,54
27.7628,-82.6261,76
33.6542,-101.8136,103
37.1681,-97.0369,76
43.1953,-71.5011,139
30.2050,-91.9875,63
26.6847,-80.0994,94
31.0425,-86.3117,54
30.5372,-91.1469,85
43.1644,-95.2017,134
62.9614,-141.9292,45
42.3914,-96.3792,125
57.0481,-135.3647,85
42.9333,-71.4383,125
46.3583,-104.2500,112
45.8069,-108.5422,161
39.9492,-74.8417,94
41.7803,-124.2367,94
33.4536,-94.0075,76
47.6458,-101.4394,121
45.6044,-103.5464,165
42.5700,-72.2911,112
60.4889,-145.4511,81
35.0281,-110.7208,58
20.8997,-156.4286,148
45.4622,-69.5953,134
40.9706,-85.2064,89
32.6636,-97.0939,125
33.9486,-81.1186,58
31.2361,-94.7544,89
42.4933,-79.2722,81
40.0781,-83.0781,89
40.1936,-76.7633,103
44.3592,-84.6739,85
62.1592,-145.4589,76
66.8667,-162.6333,58
36.2667,-93.1567,63
57.7511,-152.4856,72
32.3347,-88.7442,103
42.5844,-110.1075,85
60.5797,-151.2392,72
46.2667,-119.1167,161
39.4167,-118.7167,67
42.4700,-71.2894,116
38.2103,-122.2847,76
33.9753,-117.6361,76
44.5228,-114.2150,98
37.4058,-122.0481,67
32.0311,-96.3989,107
40.6386,-73.7622,116
39.1353,-96.6778,81
62.9575,-155.6103,67
33.3633,-84.5658,54
41.6267,-73.8842,130
35.6875,-117.6931,58
34.5183,-109.3792,72
41.1783,-78.8989,98
46.6056,-111.9636,116
37.3169,-79.9742,76
42.0572,-102.8000,85
45.5406,-122.9486,89
38.6892,-75.3592,103
32.4106,-99.6822,98
46.5311,-87.5483,89
28.4567,-99.2183,116
40.0972,-92.5433,81
41.3103,-95.8992,112
42.1208,-87.9047,72
38.9833,-76.4667,103
47.4569,-115.6450,161
34.6081,-79.0592,72
25.9156,-97.4186,112
42.8783,-100.5500,134
41.7700,-88.4814,63
38.9503,-95.6639,85
36.2606,-76.1750,94
32.8547,-109.6353,107
27.9619,-82.5403,67
36.9500,-76.2833,112
29.5442,-98.4839,94
32.4506,-93.8411,103
31.5883,-110.3442,107
21.3239,-157.9294,139
37.8892,-121.2258,58
41.4653,-90.5233,72
40.7342,-73.4169,116
41.9381,-72.6825,116
36.7725,-90.3247,72
33.1803,-96.5903,103
43.5950,-118.9564,98
59.5119,-139.6711,143
39.7736,-94.9233,89
33.4278,-112.0039,107
45.0619,-93.3508,112
34.7411,-118.2117,63
33.2208,-92.8142,72
32.3206,-90.0778,94
40.8206,-76.8642,98
33.9228,-118.3342,89
36.8781,-91.9025,63
30.1250,-93.2158,72
39.2447,-102.2842,94
34.0561,-117.6003,85
19.7356,-156.0489,81
43.2389,-123.3547,85
29.3331,-89.4075,49
35.6950,-101.3950,165
44.8889,-116.1017,107
42.1594,-76.8919,103
39.1019,-121.5678,72
41.3325,-122.3328,63
31.5356,-84.1944,58
42.7172,-71.1239,121
40.0228,-82.4625,81
44.3814,-106.7211,85
43.9042,-92.4917,134
42.1908,-71.1736,103
44.2033,-72.5794,116
42.7972,-105.3856,121
66.0689,-162.7639,98
41.2731,-111.0306,112
29.5189,-95.2417,63
39.7078,-77.7297,130
45.6308,-89.4653,94
40.9167,-81.4333,89
35.9461,-112.1547,72
38.3406,-75.5103,103
47.6217,-117.5281,174
31.8111,-106.3758,63
41.3275,-72.0494,107
41.0669,-73.7075,130
41.7872,-111.8533,54
21.1544,-157.0961,157
47.2381,-123.1408,143
37.3592,-121.9239,76
38.7525,-90.3736,76
45.5114,-118.4247,63
42.4272,-73.2892,148
38.0700,-102.6881,89
43.9844,-88.5569,76
34.6525,-86.9453,85
32.8192,-97.3614,112
33.2194,-117.3494,130
44.9319,-93.0556,116
40.3161,-78.8339,85
42.2314,-83.3308,67
35.6697,-120.6283,98
41.2544,-80.6739,85
38.1311,-91.7683,85
61.5961,-149.0917,54
38.0653,-97.8606,112
43.5667,-116.2406,81
64.5111,-165.4400,112
30.3361,-81.5147,67
35.0419,-106.6156,72
21.9839,-159.3405,116
41.0467,-78.4117,85
40.6044,-98.4272,112
41.3336,-75.7269,139
42.5708,-77.7133,85
61.1781,-149.9664,40
32.7000,-117.2000,121
37.7836,-81.1231,72
28.1011,-80.6439,98
31.7800,-103.2017,81
31.9206,-102.3867,103
25.6475,-80.4331,116
42.1997,-75.9850,121
39.9914,-82.8808,89
42.1578,-72.7161,121
32.3847,-94.7117,103
36.9033,-76.1922,130
40.3667,-75.9667,107
47.3978,-120.2014,179
45.7881,-111.1608,130
27.7411,-98.0247,98
35.8517,-97.4142,116
32.1300,-81.2100,63
64.8039,-147.8761,81
40.3547,-79.9217,81
35.1967,-81.1558,72
29.3600,-99.1742,85
36.4486,-103.1539,103
27.5000,-97.8167,103
33.2061,-97.1989,112
43.7331,-103.6114,103
30.7167,-87.0167,89
38.8500,-94.7392,85
41.1961,-112.0114,63
40.3300,-75.1225,116
30.2333,-81.6667,67
41.3497,-71.7989,94
41.7861,-87.7522,72
44.7978,-68.8186,134
40.2172,-76.8514,98
27.6833,-97.2833,107
48.3042,-114.2636,116
33.6300,-84.4417,76
42.5842,-70.9175,130
30.4119,-89.0808,63
43.3436,-72.5178,98
44.0219,-82.7931,76
44.3206,-69.7972,116
36.4731,-82.4044,85
48.3500,-122.6667,107
40.2964,-78.3203,98
38.7042,-93.1833,85
33.9481,-83.3275,49
37.6197,-122.3647,98
70.2117,-151.0017,98
38.3775,-121.9575,54
33.6883,-112.0817,76
30.4000,-86.4717,67
34.5583,-98.4172,116
32.8667,-117.1333,98
36.5728,-79.3361,103
40.8508,-96.7475,112
37.2847,-120.5128,76
38.5039,-122.8103,67
40.9611,-98.3136,116
43.7667,-98.0333,94
31.4000,-93.2833,85
45.6906,-118.8528,148
45.6208,-122.6572,63
37.7797,-89.2497,72
34.3478,-85.1611,89
48.1739,-103.6367,139
43.2339,-75.4117,89
37.9406,-75.4631,125
44.9258,-89.6256,81
39.6092,-110.7547,81
32.8986,-80.0403,72
30.4636,-88.5319,76
42.3606,-71.0106,107
46.4794,-84.3572,94
29.6222,-95.6564,76
39.2956,-80.2289,89
28.0836,-97.0464,85
42.2347,-85.5519,49
35.6542,-105.1419,121
39.2972,-94.7306,89
36.0719,-115.1633,58
45.5908,-122.6003,72
46.9006,-95.0678,143
36.1336,-80.2222,85
28.7797,-81.2436,85
43.1072,-78.9453,63
40.7781,-111.9694,58
41.7636,-96.1778,112
34.1231,-84.8486,54
36.3689,-92.4703,45
38.5069,-121.4950,63
44.8664,-91.4878,103
43.5878,-96.7289,157
24.7258,-81.0517,58
39.2953,-114.8467,89
42.7267,-114.4564,67
39.4494,-74.5672,103
45.2575,-112.5545,130
46.3747,-117.0156,107
39.9061,-84.2186,89
38.1417,-76.4292,98
44.5444,-110.4211,81
40.7939,-73.1017,121
35.0311,-85.2014,76
41.8031,-78.6403,89
59.6419,-151.4908,72
41.0136,-83.6686,89
46.9728,-123.9303,125
44.9358,-74.8458,85
35.8181,-83.9858,58
31.1522,-81.3908,58
36.0467,-79.4769,94
