42.1172,-77.9475,1
35.3331,-94.3625,1
36.0097,-94.1694,1
32.7131,-102.6597,1
34.9894,-99.0525,1
40.0506,-86.5744,1
37.3578,-83.7706,1
35.8517,-97.4142,1
25.9069,-80.2803,1
13.4836,144.7961,1
36.7683,-96.0261,1
32.0186,-102.0258,1
35.6567,-95.3614,1
42.2497,-77.7583,1
33.9786,-98.4928,1
35.2100,-99.1200,1
31.5333,-101.2842,1
43.1003,-78.9436,1
36.2833,-94.3000,1
30.9119,-102.9167,1
44.8831,-93.2289,1
32.3081,-101.8775,1
32.3347,-88.7442,1
44.9319,-93.0556,1
45.0619,-93.3508,1
25.7906,-80.3164,1
34.2900,-93.0600,1
36.1994,-95.8872,1
31.7414,-99.9764,1
26.0719,-80.1536,1
26.2500,-80.1083,1
34.0275,-93.4333,1
42.7392,-78.5878,1
42.6472,-78.7111,1
44.8322,-93.4706,1
36.0394,-95.9844,1
34.0500,-94.4008,1
35.3889,-97.6006,1
35.5342,-97.6469,1
