18.1747,-66.7978,23
40.7264,-122.7947,42
38.8586,-99.3358,320
43.8544,-116.4664,42
36.9969,-119.7072,37
40.7142,-122.4161,55
33.8300,-88.5214,51
36.4711,-86.8414,82
47.0575,-109.9514,232
42.9536,-112.8253,153
36.1056,-82.8436,53
42.9592,-120.7897,98
37.3806,-107.5811,48
39.0303,-76.9314,76
40.6117,-122.5281,16
43.0431,-96.9033,257
31.6164,-94.6431,26
34.1864,-90.5572,32
46.0436,-118.4628,101
43.8083,-111.7892,53
34.5822,-119.9817,68
40.1739,-101.0611,142
31.8769,-105.2369,47
42.1397,-87.7853,2
40.5764,-105.0858,34
36.4622,-116.8669,1007
34.5697,-93.1947,24
30.8408,-89.5453,0
39.0172,-92.7558,16
37.5147,-122.0325,198
40.7833,-81.9167,39
32.8964,-107.3078,101
33.7542,-99.1442,285
35.1131,-89.2122,34
34.7281,-90.3683,47
38.4917,-122.1242,55
47.7283,-104.1467,55
33.7092,-93.5564,45
45.9228,-108.2444,106
39.1172,-95.4097,140
46.8706,-68.0172,60
35.1297,-89.8036,37
39.2475,-96.5994,113
30.0689,-94.2928,105
40.2233,-86.1086,29
40.1550,-103.1417,90
18.2583,-65.9922,6
35.6214,-88.8456,56
35.8819,-83.9572,23
64.8569,-147.8611,48
44.0622,-103.4819,40
38.4661,-101.7758,209
43.4033,-103.2683,29
34.6033,-104.3811,95
34.9881,-120.3211,105
31.3706,-100.4942,209
26.8400,-81.0872,163
41.9342,-88.7756,34
33.4692,-88.7822,43
41.0267,-86.5867,8
42.1231,-111.3133,119
37.3822,-102.2986,288
40.0892,-99.2133,126
35.4139,-86.8086,79
37.7617,-117.5658,169
38.9408,-95.3397,37
32.8242,-95.5275,119
43.5492,-71.4647,93
36.0147,-85.1314,48
44.1183,-121.2103,43
35.6872,-90.0964,58
30.2003,-92.6642,63
39.9614,-86.0586,13
35.7047,-101.5492,280
38.4931,-122.0047,72
31.8456,-99.5606,167
42.3806,-96.9575,6
32.8522,-95.8864,124
45.6911,-118.8522,154
32.2822,-106.7597,79
34.5989,-103.2161,241
35.2006,-103.6867,209
33.0642,-101.0489,190
41.4439,-86.9294,27
42.7467,-71.0425,23
33.1481,-95.6269,108
47.6811,-117.6267,132
34.1647,-88.7239,51
36.5508,-114.4581,117
33.1461,-107.1842,109
39.3925,-101.0689,219
44.8831,-85.6753,98
40.2539,-85.1483,26
26.5581,-99.1372,0
35.0489,-97.9158,235
25.8175,-80.2858,68
31.9497,-91.2336,76
34.0828,-106.8831,11
39.6619,-99.1228,82
44.3089,-85.2050,31
38.0047,-120.4864,39
30.7053,-104.0233,58
36.6897,-108.3086,87
32.4219,-93.6381,68
37.9931,-100.8122,343
29.6211,-96.3661,63
46.7047,-92.5253,29
32.3378,-89.0817,34
46.7281,-116.9558,48
34.1381,-88.9983,34
45.4825,-120.7236,378
44.3253,-96.7686,237
32.9203,-94.7225,111
41.4903,-71.5431,23
