36.3200,-115.7000,41
36.7200,-106.2600,42
43.8000,-114.8500,38
43.7600,-116.1000,46
35.7700,-105.7800,10
36.5100,-106.3200,7
40.3000,-111.2600,86
43.7600,-115.2400,37
39.1900,-120.2600,87
39.3600,-106.0600,37
36.2500,-115.6300,51
39.2900,-117.1100,25
36.8600,-106.2300,8
46.2400,-117.3900,59
44.2100,-110.6700,84
44.7900,-116.0900,48
38.4000,-119.5400,42
35.9200,-106.3900,27
48.7200,-116.4600,84
41.4000,-107.2600,25
36.1900,-105.5600,23
40.8300,-111.7600,46
36.0300,-106.8100,23
36.0700,-105.6300,20
36.9600,-106.6600,35
35.3400,-111.6500,37
36.7900,-105.2400,50
41.2300,-105.3800,10
39.4300,-120.3100,38
36.0000,-106.8300,14
40.5300,-106.7800,26
36.3100,-115.6800,42
39.8000,-106.0300,334
36.9900,-105.2600,30
44.3800,-116.3400,41
39.3100,-111.4300,83
35.7800,-105.5400,14
