40.3131,-88.1594,1
34.2622,-88.7714,1
32.6500,-114.6167,1
41.3328,-92.1975,1
28.8208,-81.8097,1
64.7803,-147.2750,1
37.2253,-89.5706,1
45.7883,-92.2325,1
42.0356,-92.5806,1
42.0500,-91.5881,1
34.9883,-117.8647,1
37.8658,-97.6647,1
37.8264,-99.6542,1
37.5433,-99.6383,1
34.7800,-103.7492,1
44.4683,-73.1500,1
34.2192,-102.7328,1
36.0394,-95.9844,1
29.7333,-85.0333,1
38.7339,-77.4925,1
31.3214,-85.4497,1
41.2211,-96.7775,1
31.3558,-85.7511,1
42.2667,-84.4667,1
40.0397,-88.2778,1
26.2500,-80.1083,1
41.3286,-88.7533,1
40.0839,-88.2403,1
37.9272,-100.7247,1
35.5303,-102.2564,1
40.1264,-82.9433,1
34.9603,-80.0772,1
44.6103,-92.6100,1
43.3817,-92.9233,1
34.9894,-99.0525,1
40.0083,-88.7267,1
37.4664,-96.2714,1
39.0725,-95.6261,1
38.0900,-97.9125,1
41.2542,-89.3378,1
37.6183,-79.4358,1
42.2417,-83.6933,1
38.6811,-77.7678,1
40.0803,-95.5919,1
28.4339,-81.3250,1
39.3033,-95.4861,1
38.6656,-96.9494,1
40.4961,-88.9994,1
44.0700,-70.7467,1
30.1922,-84.2117,1
33.6228,-111.9106,1
39.4519,-87.3089,1
40.2394,-94.6833,1
36.4819,-87.8628,1
30.0375,-91.8839,1
37.0856,-87.4986,1
42.9667,-83.7494,1
38.7853,-76.9947,1
39.0542,-96.2367,1
33.1783,-86.7817,1
38.4617,-76.6992,1
36.8225,-79.4103,1
44.6889,-70.1567,1
45.1900,-95.0586,1
41.0908,-89.8614,1
33.2119,-87.6161,1
41.3375,-84.4289,1
44.1600,-91.8122,1
34.6294,-118.0836,1
34.4272,-100.2831,1
31.4208,-110.8458,1
41.1042,-97.3094,1
37.6694,-79.2775,1
36.6239,-87.4194,1
38.0781,-96.8878,1
33.1975,-108.2075,1
32.2622,-107.7206,1
40.8203,-82.5178,1
35.5931,-88.9167,1
44.9467,-69.5456,1
42.6800,-91.8750,1
34.1142,-109.8589,1
40.2042,-95.7064,1
38.8000,-97.6500,1
35.1867,-102.0797,1
34.1239,-109.9219,1
31.3347,-92.5586,1
37.5442,-77.2758,1
38.3650,-98.5844,1
33.5656,-86.7450,1
42.6853,-91.5325,1
42.1128,-92.9175,1
30.4781,-87.1869,1
29.1097,-95.4619,1
30.6794,-88.2397,1
42.3161,-90.2269,1
44.8592,-94.0503,1
38.7642,-87.6056,1
37.0058,-101.8867,1
38.1811,-85.7392,1
26.0719,-80.1536,1
40.6331,-93.9019,1
39.1569,-93.8906,1
43.5458,-92.0122,1
30.4603,-90.4497,1
39.1972,-96.5814,1
43.1406,-89.3453,1
32.3336,-104.2581,1
25.7906,-80.3164,1
26.9172,-81.9914,1
32.8342,-115.5786,1
31.9514,-85.1289,1
34.7442,-87.5997,1
33.4669,-82.0386,1
40.7764,-90.0203,1
37.4414,-100.9792,1
41.8678,-84.0794,1
41.1078,-92.4467,1
39.7947,-88.2908,1
33.3433,-103.6783,1
40.6006,-89.4653,1
38.1386,-97.4350,1
41.1758,-87.9353,1
43.9336,-92.4728,1
25.9069,-80.2803,1
43.5331,-84.0797,1
37.0683,-88.7725,1
39.3686,-89.0867,1
34.7544,-83.0750,1
26.1522,-81.7753,1
37.9136,-104.9483,1
31.9433,-102.1889,1
34.6439,-86.7861,1
37.2622,-104.3378,1
34.8172,-102.4003,1
43.2722,-78.1664,1
39.5756,-95.1108,1
39.0461,-78.9664,1
33.3644,-81.9633,1
38.7583,-89.6556,1
43.6933,-92.3925,1
36.7458,-86.2258,1
31.8606,-86.0122,1
30.3931,-89.0008,1
34.8831,-82.2203,1
42.1619,-95.7836,1
39.1333,-86.6167,1
30.3975,-84.3289,1
40.7492,-89.6203,1
38.5311,-79.7714,1
38.0442,-87.5206,1
37.6553,-97.4431,1
38.1150,-85.6444,1
34.1311,-109.2750,1
38.3306,-96.1897,1
36.2967,-99.7689,1
34.2719,-83.8303,1
41.8706,-103.5931,1
38.0328,-78.5225,1
35.5500,-88.7169,1
44.2944,-94.4083,1
39.8344,-88.8656,1
37.0683,-88.7719,1
41.4131,-81.8600,1
37.8131,-100.3456,1
36.1994,-95.8872,1
40.6675,-89.6839,1
32.9544,-105.7353,1
42.2947,-83.7108,1
30.7044,-87.0231,1
37.6544,-97.4425,1
44.4717,-70.1594,1
37.7767,-79.4386,1
31.5358,-82.5067,1
39.8311,-96.1833,1
36.0606,-102.5211,1
41.1758,-91.8183,1
27.6531,-80.2428,1
39.0636,-94.8958,1
34.4978,-82.7097,1
39.0483,-79.4406,1
37.9483,-83.4825,1
30.3489,-85.7881,1
37.2039,-80.4144,1
34.5081,-110.0839,1
33.2367,-107.2681,1
37.7608,-99.9683,1
29.9933,-90.2511,1
41.0517,-95.7492,1
41.1431,-96.4808,1
31.4583,-109.6061,1
38.9597,-94.3714,1
39.5514,-97.6508,1
64.9111,-147.9242,1
41.3933,-87.7650,1
41.7144,-70.4717,1
38.2281,-85.6636,1
43.0514,-91.1350,1
40.7083,-84.0267,1
41.8450,-96.7142,1
38.1869,-97.8417,1
34.8536,-116.7858,1
39.1894,-103.7158,1
39.7756,-96.3503,1
42.8125,-92.2575,1
31.1828,-90.4708,1
41.8136,-89.0239,1
37.6703,-95.4842,1
35.9508,-85.0814,1
30.6264,-89.0550,1
28.5453,-81.3331,1
26.5850,-81.8614,1
38.7667,-104.3000,1
39.4931,-96.1758,1
65.1744,-152.1069,1
35.7425,-81.3819,1
33.3075,-104.5083,1
41.1839,-97.5500,1
44.9892,-70.6719,1
45.0908,-91.4864,1
35.4319,-82.5375,1
39.0083,-95.2117,1
41.0625,-96.0069,1
44.6500,-73.4667,1
33.2422,-103.3611,1
38.8317,-94.8897,1
38.4331,-96.5578,1
32.5161,-84.9422,1
36.9647,-86.4239,1
29.6919,-82.2756,1
39.1208,-94.5969,1
38.0408,-84.6058,1
37.6336,-83.7161,1
35.8311,-90.6464,1
31.9381,-108.7689,1
34.3942,-104.2503,1
27.4014,-82.5586,1
40.7244,-95.0192,1
35.2100,-99.1200,1
32.2997,-86.4075,1
31.8728,-106.6981,1
33.5872,-85.8556,1
37.2317,-86.6867,1
38.1847,-84.9033,1
40.3706,-95.7469,1
39.0431,-84.6717,1
42.3458,-72.1542,1
41.8264,-96.0506,1
43.0453,-92.3122,1
31.3336,-108.5306,1
35.7636,-86.9322,1
32.1314,-110.9553,1
36.6817,-101.5053,1
34.6847,-81.1958,1
42.3861,-72.5375,1
40.3544,-96.1939,1
27.7628,-82.6261,1
31.9353,-109.2186,1
64.8464,-148.0256,1
30.2050,-91.9875,1
26.6847,-80.0994,1
30.5372,-91.1469,1
64.9156,-148.2711,1
41.1203,-90.1642,1
44.2822,-70.2561,1
39.2975,-87.9747,1
40.2411,-83.3669,1
41.1586,-96.1922,1
35.0281,-110.7208,1
36.3783,-79.2544,1
42.0981,-89.9842,1
37.0522,-78.6497,1
34.6350,-81.5206,1
32.3347,-88.7442,1
34.2833,-86.9142,1
35.2006,-103.6867,1
39.1353,-96.6778,1
36.4583,-86.3239,1
31.3089,-86.3939,1
34.5183,-109.3792,1
35.6364,-101.4542,1
37.3578,-83.7706,1
40.0972,-92.5433,1
39.5608,-88.6067,1
37.6497,-86.4308,1
39.3739,-97.1275,1
39.0722,-95.6303,1
34.6153,-105.4739,1
32.8547,-109.6353,1
27.9619,-82.5403,1
38.7983,-94.4436,1
36.1306,-80.5481,1
43.7203,-91.9717,1
39.7736,-94.9233,1
29.8233,-91.5442,1
36.8781,-91.9025,1
30.1250,-93.2158,1
44.0908,-92.6400,1
31.5356,-84.1944,1
43.8669,-91.2725,1
43.6750,-90.8078,1
40.5492,-88.9500,1
35.1842,-87.0422,1
31.8111,-106.3758,1
41.1222,-98.0283,1
65.0033,-147.3408,1
34.4206,-117.2661,1
30.3703,-103.7808,1
34.6736,-86.0536,1
34.6525,-86.9453,1
42.2314,-83.3308,1
41.6042,-88.0850,1
42.0772,-91.3028,1
36.3211,-87.2217,1
37.8300,-84.0347,1
35.0419,-106.6156,1
31.4028,-106.0581,1
30.7053,-104.0233,1
44.2992,-92.6661,1
39.9914,-82.8808,1
35.9028,-103.5272,1
34.3050,-112.1650,1
38.1311,-105.4661,1
42.6611,-92.9083,1
43.6478,-70.6750,1
42.5836,-94.2006,1
64.8039,-147.8761,1
40.0225,-95.7883,1
38.8500,-94.7392,1
64.9592,-147.6261,1
35.0197,-82.6925,1
43.5594,-90.8761,1
44.6353,-70.0003,1
32.2767,-104.5136,1
30.4119,-89.0808,1
44.3206,-69.7972,1
36.4731,-82.4044,1
33.6883,-112.0817,1
37.5442,-79.4031,1
41.3661,-89.4519,1
39.1467,-75.5056,1
37.7797,-89.2497,1
46.0250,-99.9911,1
38.3614,-98.8281,1
38.2006,-99.5344,1
32.3478,-104.2225,1
39.1547,-84.6233,1
38.6308,-96.6717,1
39.2972,-94.7306,1
38.9644,-97.0119,1
28.7797,-81.2436,1
42.4669,-83.3625,1
39.9061,-84.2186,1
40.9369,-90.0881,1
33.8492,-109.1469,1
42.6333,-91.8633,1
