32.5667,-117.1167,1219
30.0494,-90.0289,305
43.9906,-70.9475,1557
45.6194,-121.1661,23
34.2008,-119.2069,1341
64.7767,-141.1483,810
35.0169,-80.6206,1439
38.3000,-76.4167,2137
41.3461,-82.1794,1746
37.7461,-97.2211,707
39.7333,-77.4333,1539
41.6764,-70.9583,859
42.2333,-83.5333,2126
36.7414,-104.5022,1541
41.2531,-70.0608,1151
31.3558,-85.7511,1342
37.3278,-95.5042,1053
41.6264,-80.2150,913
60.1283,-149.4167,1329
61.2169,-149.8550,30
64.5500,-149.0717,2343
36.9839,-77.0075,1300
40.0681,-118.5692,1208
38.8761,-98.8092,1446
41.0089,-74.7367,2312
26.5361,-81.7550,1520
64.3267,-158.7417,2343
41.9097,-70.7294,1010
42.6958,-73.1708,128
42.6425,-77.0564,436
41.6686,-70.2800,916
59.7494,-154.9089,2347
37.0911,-95.5664,1220
39.9369,-91.1919,1141
41.4525,-87.0058,816
40.8764,-74.2831,1011
42.5519,-71.7558,1244
32.5428,-93.7450,2113
41.2639,-72.8872,207
62.3200,-150.0950,58
47.5303,-122.3008,1508
42.1094,-77.9919,9
34.9869,-81.0575,1542
40.8436,-72.6322,1055
41.0731,-71.9233,135
36.3333,-119.9500,1318
33.4050,-118.4158,1509
44.5483,-95.0803,2201
40.8217,-72.8689,1049
42.4092,-83.0100,2346
35.6169,-106.0889,2346
41.5631,-83.4764,1914
30.7797,-86.5225,1536
38.6956,-121.5897,1159
27.9106,-82.6875,1426
40.1203,-76.2944,1530
32.7667,-97.4500,2005
38.4167,-113.0167,1507
46.4167,-86.6500,2208
47.9078,-122.2803,1525
45.8183,-88.1144,242
66.9161,-151.5089,337
41.5333,-71.2833,909
28.4736,-82.4544,1540
17.7028,-64.8056,1538
48.5222,-123.0231,1437
40.6161,-83.0636,1553
42.4167,-87.8667,1604
70.6392,-159.9950,703
31.9514,-85.1289,1310
35.9333,-79.0642,1334
18.3331,-64.9667,12
41.8678,-84.0794,2032
44.3675,-71.5450,1251
46.0261,-91.4442,331
41.5175,-81.6836,1458
24.5833,-81.6833,102
41.5092,-74.2650,108
36.8167,-76.0333,933
18.2550,-65.6408,1441
31.4156,-87.0442,1446
40.2383,-75.5572,1527
35.5144,-108.7939,1720
38.8983,-119.9947,1528
32.8167,-115.6833,1251
28.0622,-81.7542,1605
39.7556,-82.6572,1318
30.4000,-81.4167,1419
18.4325,-66.0108,1136
31.6072,-110.4281,1534
63.9944,-145.7214,307
46.5486,-90.9189,604
55.5800,-133.0750,2138
47.4933,-122.2144,1950
35.1822,-103.6031,1348
59.4556,-135.3239,2346
37.7064,-112.1456,2111
60.7850,-148.8389,32
47.2675,-122.5761,2031
35.8550,-77.8931,1553
35.0028,-105.6628,647
39.9181,-76.8742,1747
67.7317,-164.5483,2107
30.6264,-88.0681,1530
38.3083,-75.1239,1238
30.5069,-86.9597,1354
37.1319,-76.4930,2314
41.7361,-72.6506,2102
22.0333,-159.7833,1026
39.5936,-84.2264,117
41.2003,-74.6231,8
39.1033,-84.4189,1505
30.7044,-87.0231,1123
37.7081,-77.4344,1840
39.4900,-121.6183,1334
34.9000,-76.8833,1904
42.8050,-72.0036,11
41.3931,-70.6150,159
39.3667,-75.0667,1348
31.3928,-92.2956,1555
41.5097,-72.8278,2141
32.4833,-80.7167,1338
41.6875,-69.9933,1313
34.7000,-77.3833,1428
7.3333,134.4833,1504
35.9403,-89.8308,1831
46.1442,-115.5964,1515
70.1917,-148.4772,1305
43.2781,-70.9222,1913
59.4433,-151.7017,1108
30.3433,-89.8222,1455
40.6239,-74.6694,128
31.8456,-86.6108,1611
30.8356,-85.1839,1425
55.3567,-131.7117,2258
59.2433,-135.5094,1634
41.0375,-81.4642,711
39.3644,-84.5247,937
47.0339,-120.5303,15
45.8258,-119.2611,1732
47.4667,-87.8833,459
36.7436,-108.2292,1515
40.8500,-74.0614,909
38.5000,-77.3000,334
36.6950,-76.1356,1629
31.1500,-92.9667,1058
29.6333,-83.1053,1449
41.7781,-80.6958,1618
32.5500,-88.5667,1417
41.7419,-72.1836,902
56.6000,-169.5650,2221
38.7667,-104.3000,754
42.6003,-123.3642,2313
48.7167,-94.6000,1816
47.3864,-92.8389,14
45.8678,-95.3942,948
42.2228,-83.7444,2005
39.2775,-120.7103,2356
43.9636,-69.7117,1522
35.1350,-90.2344,1354
34.2097,-118.4892,1540
43.6264,-72.3047,112
34.6719,-82.8864,1500
41.3714,-73.4828,139
58.3567,-134.5639,2032
41.9144,-88.2464,1557
41.8756,-71.0211,954
46.4047,-94.1308,1434
34.1167,-119.1167,56
44.8322,-93.4706,2103
61.1689,-150.0278,1033
47.7472,-90.3444,57
42.6650,-83.4181,2313
47.1686,-88.4889,48
40.0819,-75.0111,1608
43.3497,-76.3847,4
40.8731,-81.8867,2355
31.3500,-85.6667,1301
39.4203,-83.8217,2157
34.7917,-79.3661,1451
7.4500,151.8333,1510
34.8461,-82.3461,1411
44.5761,-71.1786,1906
37.1681,-97.0369,1039
31.0425,-86.3117,2019
43.1644,-95.2017,2023
6.9667,158.2167,1040
62.9614,-141.9292,1652
57.0481,-135.3647,408
42.9333,-71.4383,219
39.9492,-74.8417,1657
42.5700,-72.2911,45
60.4889,-145.4511,1443
45.4622,-69.5953,2003
42.4933,-79.2722,316
40.0781,-83.0781,2359
62.1592,-145.4589,1816
60.5797,-151.2392,315
39.4167,-118.7167,200
42.4700,-71.2894,117
31.3089,-86.3939,1455
35.6875,-117.6931,2233
42.1208,-87.9047,1759
38.9833,-76.4667,1623
47.4569,-115.6450,6
41.7700,-88.4814,1750
38.9503,-95.6639,1513
36.9500,-76.2833,1448
31.5883,-110.3442,1441
40.7342,-73.4169,1047
45.0619,-93.3508,2038
40.8206,-76.8642,1211
29.3331,-89.4075,737
42.1594,-76.8919,309
42.7172,-71.1239,1135
40.0228,-82.4625,1622
42.1908,-71.1736,1057
66.0689,-162.7639,2150
41.3275,-72.0494,515
41.0669,-73.7075,602
41.7872,-111.8533,1509
47.2381,-123.1408,1553
44.9319,-93.0556,323
61.5961,-149.0917,13
38.0653,-97.8606,544
41.0467,-78.4117,1308
42.5708,-77.7133,1348
61.1781,-149.9664,946
32.7000,-117.2000,1359
42.1578,-72.7161,515
40.3547,-79.9217,1223
35.1967,-81.1558,1158
27.5000,-97.8167,1651
30.7167,-87.0167,1330
41.1961,-112.0114,1548
40.3300,-75.1225,1533
30.2333,-81.6667,1524
41.3497,-71.7989,1357
41.7861,-87.7522,1655
40.2172,-76.8514,1448
27.6833,-97.2833,2352
42.5842,-70.9175,817
44.0219,-82.7931,1143
48.3500,-122.6667,2341
9.4833,138.0833,945
70.2117,-151.0017,1018
30.4000,-86.4717,1356
32.8667,-117.1333,1642
31.4000,-93.2833,1722
43.2339,-75.4117,1
39.6092,-110.7547,1921
30.4636,-88.5319,1415
39.2956,-80.2289,1425
35.6542,-105.1419,41
46.9006,-95.0678,135
36.1336,-80.2222,1316
43.1072,-78.9453,130
38.1417,-76.4292,1001
34.2486,-82.1592,1500
59.6419,-151.4908,1050
41.0136,-83.6686,2322
36.0467,-79.4769,1344
32.5667,-117.1167,1219
30.0494,-90.0289,305
43.9906,-70.9475,1557
45.6194,-121.1661,23
34.2008,-119.2069,1341
64.7767,-141.1483,810
35.0169,-80.6206,1439
38.3000,-76.4167,2137
41.3461,-82.1794,1746
37.7461,-97.2211,707
39.7333,-77.4333,1539
41.6764,-70.9583,859
42.2333,-83.5333,2126
36.7414,-104.5022,1541
41.2531,-70.0608,1151
31.3558,-85.7511,1342
37.3278,-95.5042,1053
41.6264,-80.2150,913
60.1283,-149.4167,1329
61.2169,-149.8550,30
64.5500,-149.0717,2343
36.9839,-77.0075,1300
40.0681,-118.5692,1208
38.8761,-98.8092,1446
41.0089,-74.7367,2312
26.5361,-81.7550,1520
64.3267,-158.7417,2343
41.9097,-70.7294,1010
42.6958,-73.1708,128
42.6425,-77.0564,436
41.6686,-70.2800,916
59.7494,-154.9089,2347
37.0911,-95.5664,1220
39.9369,-91.1919,1141
41.4525,-87.0058,816
40.8764,-74.2831,1011
42.5519,-71.7558,1244
32.5428,-93.7450,2113
41.2639,-72.8872,207
62.3200,-150.0950,58
47.5303,-122.3008,1508
42.1094,-77.9919,9
34.9869,-81.0575,1542
40.8436,-72.6322,1055
41.0731,-71.9233,135
36.3333,-119.9500,1318
33.4050,-118.4158,1509
44.5483,-95.0803,2201
40.8217,-72.8689,1049
42.4092,-83.0100,2346
35.6169,-106.0889,2346
41.5631,-83.4764,1914
30.7797,-86.5225,1536
38.6956,-121.5897,1159
27.9106,-82.6875,1426
40.1203,-76.2944,1530
32.7667,-97.4500,2005
38.4167,-113.0167,1507
46.4167,-86.6500,2208
47.9078,-122.2803,1525
45.8183,-88.1144,242
66.9161,-151.5089,337
41.5333,-71.2833,909
28.4736,-82.4544,1540
17.7028,-64.8056,1538
48.5222,-123.0231,1437
40.6161,-83.0636,1553
42.4167,-87.8667,1604
70.6392,-159.9950,703
31.9514,-85.1289,1310
35.9333,-79.0642,1334
18.3331,-64.9667,12
41.8678,-84.0794,2032
44.3675,-71.5450,1251
46.0261,-91.4442,331
41.5175,-81.6836,1458
24.5833,-81.6833,102
41.5092,-74.2650,108
36.8167,-76.0333,933
18.2550,-65.6408,1441
31.4156,-87.0442,1446
40.2383,-75.5572,1527
35.5144,-108.7939,1720
38.8983,-119.9947,1528
32.8167,-115.6833,1251
28.0622,-81.7542,1605
39.7556,-82.6572,1318
30.4000,-81.4167,1419
18.4325,-66.0108,1136
31.6072,-110.4281,1534
63.9944,-145.7214,307
46.5486,-90.9189,604
55.5800,-133.0750,2138
47.4933,-122.2144,1950
35.1822,-103.6031,1348
59.4556,-135.3239,2346
37.7064,-112.1456,2111
60.7850,-148.8389,32
47.2675,-122.5761,2031
35.8550,-77.8931,1553
35.0028,-105.6628,647
39.9181,-76.8742,1747
67.7317,-164.5483,2107
30.6264,-88.0681,1530
38.3083,-75.1239,1238
30.5069,-86.9597,1354
37.1319,-76.4930,2314
41.7361,-72.6506,2102
22.0333,-159.7833,1026
39.5936,-84.2264,117
41.2003,-74.6231,8
39.1033,-84.4189,1505
30.7044,-87.0231,1123
37.7081,-77.4344,1840
39.4900,-121.6183,1334
34.9000,-76.8833,1904
42.8050,-72.0036,11
41.3931,-70.6150,159
39.3667,-75.0667,1348
31.3928,-92.2956,1555
41.5097,-72.8278,2141
32.4833,-80.7167,1338
41.6875,-69.9933,1313
34.7000,-77.3833,1428
7.3333,134.4833,1504
35.9403,-89.8308,1831
46.1442,-115.5964,1515
70.1917,-148.4772,1305
43.2781,-70.9222,1913
59.4433,-151.7017,1108
30.3433,-89.8222,1455
40.6239,-74.6694,128
31.8456,-86.6108,1611
30.8356,-85.1839,1425
55.3567,-131.7117,2258
59.2433,-135.5094,1634
41.0375,-81.4642,711
39.3644,-84.5247,937
47.0339,-120.5303,15
45.8258,-119.2611,1732
47.4667,-87.8833,459
36.7436,-108.2292,1515
40.8500,-74.0614,909
38.5000,-77.3000,334
36.6950,-76.1356,1629
31.1500,-92.9667,1058
29.6333,-83.1053,1449
41.7781,-80.6958,1618
32.5500,-88.5667,1417
41.7419,-72.1836,902
56.6000,-169.5650,2221
38.7667,-104.3000,754
42.6003,-123.3642,2313
48.7167,-94.6000,1816
47.3864,-92.8389,14
45.8678,-95.3942,948
42.2228,-83.7444,2005
39.2775,-120.7103,2356
43.9636,-69.7117,1522
35.1350,-90.2344,1354
34.2097,-118.4892,1540
43.6264,-72.3047,112
34.6719,-82.8864,1500
41.3714,-73.4828,139
58.3567,-134.5639,2032
41.9144,-88.2464,1557
41.8756,-71.0211,954
46.4047,-94.1308,1434
34.1167,-119.1167,56
44.8322,-93.4706,2103
61.1689,-150.0278,1033
47.7472,-90.3444,57
42.6650,-83.4181,2313
47.1686,-88.4889,48
40.0819,-75.0111,1608
43.3497,-76.3847,4
40.8731,-81.8867,2355
31.3500,-85.6667,1301
39.4203,-83.8217,2157
34.7917,-79.3661,1451
7.4500,151.8333,1510
34.8461,-82.3461,1411
44.5761,-71.1786,1906
37.1681,-97.0369,1039
31.0425,-86.3117,2019
43.1644,-95.2017,2023
6.9667,158.2167,1040
62.9614,-141.9292,1652
57.0481,-135.3647,408
42.9333,-71.4383,219
39.9492,-74.8417,1657
42.5700,-72.2911,45
60.4889,-145.4511,1443
45.4622,-69.5953,2003
42.4933,-79.2722,316
40.0781,-83.0781,2359
62.1592,-145.4589,1816
60.5797,-151.2392,315
39.4167,-118.7167,200
42.4700,-71.2894,117
31.3089,-86.3939,1455
35.6875,-117.6931,2233
42.1208,-87.9047,1759
38.9833,-76.4667,1623
47.4569,-115.6450,6
41.7700,-88.4814,1750
38.9503,-95.6639,1513
36.9500,-76.2833,1448
31.5883,-110.3442,1441
40.7342,-73.4169,1047
45.0619,-93.3508,2038
40.8206,-76.8642,1211
29.3331,-89.4075,737
42.1594,-76.8919,309
42.7172,-71.1239,1135
40.0228,-82.4625,1622
42.1908,-71.1736,1057
66.0689,-162.7639,2150
41.3275,-72.0494,515
41.0669,-73.7075,602
41.7872,-111.8533,1509
47.2381,-123.1408,1553
44.9319,-93.0556,323
61.5961,-149.0917,13
38.0653,-97.8606,544
41.0467,-78.4117,1308
42.5708,-77.7133,1348
61.1781,-149.9664,946
32.7000,-117.2000,1359
42.1578,-72.7161,515
40.3547,-79.9217,1223
35.1967,-81.1558,1158
27.5000,-97.8167,1651
30.7167,-87.0167,1330
41.1961,-112.0114,1548
40.3300,-75.1225,1533
30.2333,-81.6667,1524
41.3497,-71.7989,1357
41.7861,-87.7522,1655
40.2172,-76.8514,1448
27.6833,-97.2833,2352
42.5842,-70.9175,817
44.0219,-82.7931,1143
48.3500,-122.6667,2341
9.4833,138.0833,945
70.2117,-151.0017,1018
30.4000,-86.4717,1356
32.8667,-117.1333,1642
31.4000,-93.2833,1722
43.2339,-75.4117,1
39.6092,-110.7547,1921
30.4636,-88.5319,1415
39.2956,-80.2289,1425
35.6542,-105.1419,41
46.9006,-95.0678,135
36.1336,-80.2222,1316
43.1072,-78.9453,130
38.1417,-76.4292,1001
34.2486,-82.1592,1500
59.6419,-151.4908,1050
41.0136,-83.6686,2322
36.0467,-79.4769,1344
