45.8678,-95.3942,948
30.7797,-86.5225,1536
37.3278,-95.5042,1053
28.0622,-81.7542,1605
31.9514,-85.1289,1310
36.7414,-104.5022,1541
24.5833,-81.6833,102
61.1781,-149.9664,946
31.4000,-93.2833,1722
42.7172,-71.1239,1135
18.3331,-64.9667,12
38.6956,-121.5897,1159
40.3547,-79.9217,1223
42.1908,-71.1736,1057
59.4556,-135.3239,2346
35.9403,-89.8308,1831
35.1350,-90.2344,1354
7.4500,151.8333,1510
35.0028,-105.6628,647
60.5797,-151.2392,315
40.0819,-75.0111,1608
34.2486,-82.1592,1500
36.0467,-79.4769,1344
41.2639,-72.8872,207
70.6392,-159.9950,703
41.6686,-70.2800,916
38.4167,-113.0167,1507
46.1442,-115.5964,1515
42.4092,-83.0100,2346
40.0781,-83.0781,2359
30.8356,-85.1839,1425
35.9333,-79.0642,1334
47.3864,-92.8389,14
44.0219,-82.7931,1143
42.1094,-77.9919,9
61.5961,-149.0917,13
18.4325,-66.0108,1136
40.8206,-76.8642,1211
37.7081,-77.4344,1840
38.1417,-76.4292,1001
42.2333,-83.5333,2126
40.2172,-76.8514,1448
42.4167,-87.8667,1604
43.9636,-69.7117,1522
34.2008,-119.2069,1341
59.4433,-151.7017,1108
35.8550,-77.8931,1553
28.4736,-82.4544,1540
55.3567,-131.7117,2258
42.6650,-83.4181,2313
35.6875,-117.6931,2233
59.7494,-154.9089,2347
34.9869,-81.0575,1542
48.5222,-123.0231,1437
47.2381,-123.1408,1553
64.5500,-149.0717,2343
43.9906,-70.9475,1557
22.0333,-159.7833,1026
34.8461,-82.3461,1411
31.4156,-87.0442,1446
38.3000,-76.4167,2137
43.6264,-72.3047,112
42.6003,-123.3642,2313
41.7361,-72.6506,2102
61.1689,-150.0278,1033
30.4636,-88.5319,1415
59.6419,-151.4908,1050
41.1961,-112.0114,1548
40.8436,-72.6322,1055
30.0494,-90.0289,305
38.9833,-76.4667,1623
42.4933,-79.2722,316
60.4889,-145.4511,1443
41.7872,-111.8533,1509
62.3200,-150.0950,58
45.8183,-88.1144,242
38.0653,-97.8606,544
41.4525,-87.0058,816
40.2383,-75.5572,1527
70.2117,-151.0017,1018
42.1208,-87.9047,1759
39.9369,-91.1919,1141
41.0089,-74.7367,2312
42.4700,-71.2894,117
40.1203,-76.2944,1530
38.5000,-77.3000,334
42.6958,-73.1708,128
40.8731,-81.8867,2355
32.7000,-117.2000,1359
47.4933,-122.2144,1950
63.9944,-145.7214,307
30.5069,-86.9597,1354
30.7167,-87.0167,1330
37.1319,-76.4930,2314
30.3433,-89.8222,1455
17.7028,-64.8056,1538
36.9839,-77.0075,1300
41.7419,-72.1836,902
31.3558,-85.7511,1342
29.6333,-83.1053,1449
39.9492,-74.8417,1657
37.0911,-95.5664,1220
39.7556,-82.6572,1318
38.7667,-104.3000,754
30.4000,-81.4167,1419
56.6000,-169.5650,2221
66.0689,-162.7639,2150
43.2339,-75.4117,1
41.3714,-73.4828,139
45.8258,-119.2611,1732
31.8456,-86.6108,1611
41.0467,-78.4117,1308
31.1500,-92.9667,1058
46.0261,-91.4442,331
26.5361,-81.7550,1520
39.3644,-84.5247,937
41.6875,-69.9933,1313
41.5631,-83.4764,1914
39.2775,-120.7103,2356
41.8756,-71.0211,954
41.5097,-72.8278,2141
46.9006,-95.0678,135
42.1578,-72.7161,515
30.2333,-81.6667,1524
42.5519,-71.7558,1244
34.9000,-76.8833,1904
36.1336,-80.2222,1316
29.3331,-89.4075,737
41.9144,-88.2464,1557
43.3497,-76.3847,4
43.2781,-70.9222,1913
38.8761,-98.8092,1446
46.5486,-90.9189,604
45.4622,-69.5953,2003
47.4569,-115.6450,6
43.1644,-95.2017,2023
48.3500,-122.6667,2341
45.6194,-121.1661,23
31.3500,-85.6667,1301
47.5303,-122.3008,1508
40.8764,-74.2831,1011
57.0481,-135.3647,408
41.7861,-87.7522,1655
41.5175,-81.6836,1458
36.7436,-108.2292,1515
40.3300,-75.1225,1533
58.3567,-134.5639,2032
41.2531,-70.0608,1151
39.3667,-75.0667,1348
41.5092,-74.2650,108
41.3497,-71.7989,1357
48.7167,-94.6000,1816
61.2169,-149.8550,30
41.9097,-70.7294,1010
41.3931,-70.6150,159
47.2675,-122.5761,2031
30.4000,-86.4717,1356
34.6719,-82.8864,1500
36.6950,-76.1356,1629
27.6833,-97.2833,2352
35.5144,-108.7939,1720
34.7917,-79.3661,1451
32.7667,-97.4500,2005
47.4667,-87.8833,459
41.7781,-80.6958,1618
35.1822,-103.6031,1348
41.6264,-80.2150,913
41.0669,-73.7075,602
31.3089,-86.3939,1455
40.8217,-72.8689,1049
18.2550,-65.6408,1441
41.5333,-71.2833,909
31.5883,-110.3442,1441
42.1594,-76.8919,309
41.3461,-82.1794,1746
42.5842,-70.9175,817
27.5000,-97.8167,1651
38.3083,-75.1239,1238
42.2228,-83.7444,2005
32.8667,-117.1333,1642
6.9667,158.2167,1040
31.3928,-92.2956,1555
60.7850,-148.8389,32
36.8167,-76.0333,933
32.5500,-88.5667,1417
39.4900,-121.6183,1334
44.5483,-95.0803,2201
40.6161,-83.0636,1553
44.3675,-71.5450,1251
32.8167,-115.6833,1251
41.3275,-72.0494,515
34.2097,-118.4892,1540
64.3267,-158.7417,2343
47.1686,-88.4889,48
41.0375,-81.4642,711
38.9503,-95.6639,1513
70.1917,-148.4772,1305
41.2003,-74.6231,8
39.1033,-84.4189,1505
38.8983,-119.9947,1528
43.1072,-78.9453,130
46.4047,-94.1308,1434
27.9106,-82.6875,1426
41.8678,-84.0794,2032
35.6169,-106.0889,2346
42.9333,-71.4383,219
44.9319,-93.0556,323
41.6764,-70.9583,859
34.1167,-119.1167,56
33.4050,-118.4158,1509
41.0731,-71.9233,135
62.9614,-141.9292,1652
64.7767,-141.1483,810
37.7064,-112.1456,2111
55.5800,-133.0750,2138
47.9078,-122.2803,1525
40.6239,-74.6694,128
40.0228,-82.4625,1622
39.2956,-80.2289,1425
39.7333,-77.4333,1539
39.4167,-118.7167,200
35.0169,-80.6206,1439
44.8322,-93.4706,2103
62.1592,-145.4589,1816
41.7700,-88.4814,1750
40.8500,-74.0614,909
35.1967,-81.1558,1158
42.5708,-77.7133,1348
30.6264,-88.0681,1530
40.7342,-73.4169,1047
60.1283,-149.4167,1329
42.8050,-72.0036,11
42.6425,-77.0564,436
31.6072,-110.4281,1534
7.3333,134.4833,1504
59.2433,-135.5094,1634
37.1681,-97.0369,1039
34.7000,-77.3833,1428
39.9181,-76.8742,1747
32.5667,-117.1167,1219
47.0339,-120.5303,15
36.9500,-76.2833,1448
9.4833,138.0833,945
31.0425,-86.3117,2019
46.4167,-86.6500,2208
32.4833,-80.7167,1338
41.0136,-83.6686,2322
39.5936,-84.2264,117
39.4203,-83.8217,2157
67.7317,-164.5483,2107
36.3333,-119.9500,1318
66.9161,-151.5089,337
45.0619,-93.3508,2038
44.5761,-71.1786,1906
40.0681,-118.5692,1208
30.7044,-87.0231,1123
42.5700,-72.2911,45
37.7461,-97.2211,707
35.6542,-105.1419,41
47.7472,-90.3444,57
39.6092,-110.7547,1921
32.5428,-93.7450,2113
