32.2631,-96.6369,46
32.6406,-96.9747,56
32.9203,-94.7225,61
34.5697,-93.1947,10
29.6211,-96.3661,38
36.5508,-114.4581,46
37.7617,-117.5658,0
25.8175,-80.2858,43
34.1419,-80.8700,18
32.9206,-86.6708,688
26.3769,-98.8117,15
31.8611,-97.3750,5
33.7092,-93.5564,0
26.2656,-97.8714,20
33.6772,-93.9903,33
29.4608,-101.0286,51
31.3625,-85.3397,0
32.8522,-95.8864,56
32.8964,-107.3078,130
30.8408,-89.5453,23
28.7156,-97.1742,36
35.3886,-106.5439,25
29.8608,-98.1958,53
37.1503,-104.5567,20
30.5467,-87.8808,30
35.3872,-76.7764,38
38.4931,-122.0047,13
21.3153,-157.9992,38
36.4622,-116.8669,48
33.1461,-107.1842,23
33.1481,-95.6269,97
26.8400,-81.0872,41
28.4575,-97.7061,119
38.5350,-121.7761,8
34.6603,-82.8236,28
33.3192,-95.6039,30
30.7189,-97.3211,43
35.4072,-104.1906,25
34.5822,-119.9817,38
27.4272,-80.4053,10
31.6003,-97.2169,64
30.2003,-92.6642,30
26.5650,-98.1236,23
32.2822,-106.7597,56
40.1100,-87.9567,0
18.3906,-66.0542,152
34.1647,-88.7239,0
32.7547,-104.3836,0
36.9969,-119.7072,8
39.7506,-92.5064,0
33.6731,-111.1508,23
33.0642,-101.0489,25
33.0353,-96.4861,38
37.7967,-121.5828,13
43.5492,-71.4647,0
28.0372,-97.8725,48
43.8544,-116.4664,0
37.5147,-122.0325,25
32.4219,-93.6381,43
41.9342,-88.7756,3
31.0372,-97.5283,10
31.6164,-94.6431,20
33.2564,-81.2422,18
18.0331,-67.0722,30
39.0744,-96.8983,10
30.6836,-97.7172,8
35.8819,-83.9572,0
40.7142,-122.4161,33
31.9611,-96.6881,48
40.7264,-122.7947,8
31.9633,-98.4942,137
35.7047,-101.5492,43
31.3706,-100.4942,28
32.9506,-97.0553,18
31.2022,-93.5725,51
35.6414,-106.3322,23
31.0619,-94.1011,33
31.8769,-105.2369,0
18.2583,-65.9922,10
45.9228,-108.2444,0
33.4258,-111.9217,13
30.0689,-94.2928,53
26.5581,-99.1372,13
38.4917,-122.1242,8
40.6117,-122.5281,28
32.6475,-97.4439,36
34.9881,-120.3211,33
32.8242,-95.5275,13
28.6575,-96.5553,28
38.0047,-120.4864,13
38.7978,-99.7231,0
38.0633,-102.9297,20
36.2403,-106.4278,20
35.1161,-93.6506,30
28.4675,-98.2525,20
