36.7900,-105.2400,29
36.8600,-106.2300,12
44.2100,-110.6700,29
43.7300,-113.8300,47
36.9600,-106.6600,47
39.2900,-117.1100,88
36.1300,-105.5300,30
35.9200,-106.3900,21
48.7200,-116.4600,31
36.0000,-106.8300,25
36.0300,-106.8100,35
35.7700,-105.7800,27
44.3800,-116.3400,50
35.3400,-111.6500,62
40.8300,-111.7600,34
36.9900,-105.2600,35
40.3000,-111.2600,28
39.3100,-111.4300,133
43.7600,-116.1000,63
43.7600,-115.2400,37
39.1900,-120.2600,82
46.2400,-117.3900,55
40.5300,-106.7800,29
44.7900,-116.0900,35
39.8000,-106.0300,333
39.4300,-120.3100,35
39.3600,-106.0600,34
38.4000,-119.5400,45
36.0700,-105.6300,24
43.8000,-114.8500,56
36.7200,-106.2600,35
36.5100,-106.3200,7
36.1900,-105.5600,24
41.4000,-107.2600,32
36.3100,-115.6800,66
36.2500,-115.6300,47
