45.1900,-118.5500,114
39.5592,-97.6697,172
39.6000,-106.5400,98
46.3003,-92.5336,117
45.2219,-70.1983,67
37.7342,-89.9200,111
44.1300,-110.6700,36
44.5000,-107.4300,83
56.0000,-132.8333,33
41.9497,-83.2800,144
38.2222,-103.7219,122
39.5253,-91.6450,128
42.4900,-110.5300,43
40.1275,-79.4058,161
39.5600,-114.6300,114
36.3200,-115.7000,154
44.5900,-111.8200,163
44.4947,-70.6564,50
40.8900,-111.0700,141
31.9556,-112.8003,378
39.4483,-98.9703,178
40.7264,-122.7947,72
40.2031,-96.4631,178
43.8864,-88.7444,144
42.9453,-72.2369,50
45.8981,-86.5483,122
43.5231,-90.0003,139
38.6197,-80.3822,89
43.2750,-122.4497,172
40.5375,-81.9197,89
30.0747,-99.1081,161
42.8453,-77.2808,128
43.6700,-109.3800,35
36.3225,-95.5808,156
35.3950,-76.3261,233
47.4289,-120.3100,139
40.9678,-106.0003,-22
38.3431,-89.3586,156
40.0889,-108.7728,83
38.8586,-99.3358,172
40.5972,-79.1186,106
45.2700,-110.2500,156
31.6017,-109.6686,278
28.8028,-82.3125,217
42.4603,-75.0642,78
39.9678,-87.8228,122
39.4667,-80.1333,178
39.9969,-79.5964,117
41.2789,-98.9697,172
37.0875,-82.9925,156
34.6053,-81.6628,167
43.2422,-88.2889,144
30.2717,-82.1856,189
60.3900,-149.6900,28
28.0372,-97.8725,222
43.2292,-121.7894,0
38.8183,-106.6086,144
47.9544,-118.9997,211
37.8500,-105.4400,55
33.3000,-81.0306,211
34.0864,-116.5622,233
34.0906,-82.5883,161
41.9797,-122.3378,128
44.5733,-116.6753,300
40.7436,-74.3539,133
33.7200,-117.7231,322
42.3969,-94.6292,156
37.4336,-86.0089,139
40.4000,-105.9600,19
41.3400,-116.9800,158
27.1819,-81.3508,228
32.7019,-87.5814,167
34.8492,-89.1597,150
35.7781,-95.3339,150
59.3500,-151.8500,104
18.4308,-66.4661,261
38.5636,-99.2350,150
46.2314,-112.1136,283
62.9583,-155.5903,61
36.9969,-119.7072,200
33.4517,-90.5097,206
64.7803,-147.2750,-11
30.3492,-97.3683,228
29.4706,-96.9397,311
37.1503,-104.5567,67
41.8600,-111.5100,142
41.2400,-120.7900,74
40.1389,-87.6483,256
39.7600,-105.9100,44
39.5100,-79.1400,111
43.2828,-123.3536,100
37.2792,-86.2492,156
39.7786,-81.1008,150
44.5842,-74.9572,61
40.2022,-115.4930,106
38.9422,-92.3200,183
38.0517,-102.1317,111
43.2117,-91.0986,189
43.4719,-88.8825,139
39.4206,-79.0050,83
39.3731,-90.9053,156
35.6836,-80.4822,172
44.9800,-111.9500,141
42.5650,-77.7175,117
34.1583,-89.6311,183
42.4594,-98.6564,156
34.7392,-90.7664,172
38.4197,-82.2986,122
44.0517,-96.5928,139
44.3800,-108.0350,111
35.9419,-85.7892,150
38.8678,-115.0167,144
32.7225,-113.9192,294
44.1925,-69.1461,100
43.4136,-110.1631,183
44.8497,-93.5644,128
39.8289,-88.9506,189
31.5333,-101.2842,200
37.0375,-77.9461,167
39.4411,-90.3789,133
32.5111,-94.5889,194
38.3197,-76.4525,217
33.6025,-117.8803,283
55.4772,-133.1408,67
37.2008,-80.5864,133
40.6600,-111.6400,153
39.4133,-79.4000,150
39.0800,-106.6100,30
27.5683,-99.4983,256
44.5200,-122.0900,107
39.9425,-105.8172,222
32.7669,-115.5617,283
40.8500,-111.0500,105
36.3464,-78.8858,172
33.7442,-117.8667,311
42.7022,-87.7861,178
39.9222,-81.4347,100
40.7142,-122.4161,172
29.7286,-92.8181,217
44.5800,-107.2000,123
45.7300,-114.4800,81
45.0100,-110.0100,73
37.6667,-93.1067,150
30.2000,-101.8333,189
40.2986,-86.5067,150
42.7392,-78.5878,94
39.6553,-102.6803,133
38.6003,-100.6197,128
44.6825,-91.1358,150
44.6800,-107.5800,114
48.8800,-121.2600,69
44.4400,-121.9500,57
35.4606,-81.3289,183
37.2778,-97.4097,156
37.0678,-78.9517,172
47.8344,-120.0006,144
29.9100,-90.0342,228
36.7200,-106.2600,92
33.6989,-80.2003,217
37.4800,-106.8000,87
45.5900,-95.8744,161
45.4100,-112.9600,130
40.8400,-110.6600,19
43.5900,-122.0600,73
42.5806,-88.0903,139
43.3572,-115.4522,128
43.0731,-77.3019,111
59.7800,-150.7600,42
39.4039,-86.4530,122
43.6758,-111.9125,294
34.2289,-84.1275,161
42.0356,-92.5806,144
42.0500,-91.5881,244
48.3100,-114.8400,57
37.5142,-111.9883,289
60.6100,-149.0600,21
38.8522,-107.6236,117
38.9339,-80.8325,111
40.6222,-91.3339,194
42.9011,-87.8494,178
42.0633,-95.8364,167
43.9300,-109.8200,124
38.6644,-94.8900,183
40.7700,-110.0100,43
39.9353,-77.6394,167
38.8700,-87.0917,272
35.0781,-89.6653,156
44.0100,-118.8400,116
30.8878,-102.3008,189
60.5500,-145.7500,39
35.4442,-88.7244,139
37.3017,-76.7039,200
38.5933,-86.6114,139
39.0736,-79.6339,128
40.6661,-96.1892,172
44.1500,-110.2200,63
43.6100,-122.1200,78
42.0464,-124.2878,117
44.0500,-71.6667,67
48.9947,-117.3544,61
33.1964,-95.2236,178
70.4322,-150.4094,-17
43.3656,-109.2756,33
47.7681,-118.7239,156
35.0700,-111.8400,77
44.9167,-110.4203,44
37.5700,-112.8400,103
43.0161,-84.1800,122
36.4992,-80.6508,139
34.3725,-89.5308,178
38.7000,-106.3700,39
43.8000,-114.8500,142
39.7739,-75.5414,172
36.4161,-81.4286,106
35.1033,-92.4903,167
38.5528,-86.7944,111
45.3653,-119.5639,122
35.4867,-82.9681,128
34.9228,-94.0944,150
38.7556,-90.6106,122
34.9325,-100.8903,139
43.2683,-79.0103,133
34.7800,-103.7492,183
44.4100,-113.4000,66
41.5800,-115.9300,100
33.0094,-109.9855,206
34.3344,-86.3297,172
32.9261,-99.2342,194
43.5700,-111.2100,131
29.1853,-102.9622,167
33.9664,-83.2911,156
36.3661,-85.6553,150
42.8592,-117.6569,283
38.9803,-80.2200,106
45.6000,-111.9600,153
39.0200,-119.7089,94
34.1500,-85.6847,161
42.2611,-90.4230,139
34.9386,-81.2250,150
36.4783,-77.6717,189
36.8061,-93.4661,139
42.7200,-93.7336,156
45.9428,-118.4089,156
46.6461,-119.9061,233
45.4078,-96.8619,139
25.7553,-80.3836,244
34.2192,-102.7328,128
36.4711,-86.8414,167
37.4536,-103.3219,100
39.2764,-114.9911,78
45.4200,-110.0900,97
48.8900,-116.7600,123
31.8836,-100.5358,206
36.4194,-92.9158,133
45.3167,-95.6167,172
48.3700,-116.6400,111
38.6800,-111.6000,49
38.2553,-110.1800,183
38.4503,-83.7355,133
39.9367,-120.9475,44
36.9231,-90.2836,161
39.4931,-117.0675,250
45.1322,-85.6472,161
39.2103,-93.5297,167
43.7917,-72.2578,61
43.4458,-86.0264,133
34.0103,-78.5450,222
37.0925,-81.3358,100
59.2381,-135.4494,72
36.1308,-81.2275,133
39.6600,-78.9358,128
45.0000,-117.1700,94
38.0344,-97.3431,150
38.3064,-79.7197,122
38.7339,-77.4925,150
45.8944,-69.9647,22
41.3414,-85.1292,150
42.5522,-99.8556,183
45.4731,-109.0097,100
40.9200,-110.1900,96
46.4700,-113.3900,91
44.7742,-107.5217,117
35.5567,-87.5414,189
40.9442,-90.6381,128
37.2008,-113.2686,222
46.4581,-101.2000,106
35.6558,-88.0064,167
29.6100,-100.4519,156
39.2900,-106.5500,65
33.7600,-109.4800,78
40.6475,-80.3861,128
28.8147,-81.2778,233
45.2267,-96.6233,133
41.7267,-73.9200,122
27.4419,-80.3508,228
30.7586,-98.2339,161
41.4992,-80.4681,117
42.7256,-94.1953,161
43.4583,-89.7269,111
45.8608,-84.7197,144
26.8639,-80.6256,244
39.7425,-94.0347,183
34.7583,-84.7642,172
38.3858,-122.9661,217
45.7653,-99.6222,133
35.2622,-88.9892,144
70.2700,-148.5700,4
31.8878,-82.5808,156
34.4406,-85.7236,167
35.9328,-88.7267,139
41.4619,-84.5272,156
37.9050,-93.3169,144
33.6692,-117.3319,356
30.2889,-82.9650,278
46.4656,-90.1892,117
43.2372,-108.1097,306
47.5369,-94.8297,194
40.6142,-79.7192,133
37.6800,-112.8600,97
18.3850,-66.4300,272
32.1614,-94.3397,194
38.5778,-112.3347,44
44.3022,-120.8081,83
43.7186,-87.7089,150
38.6753,-93.2228,150
39.9058,-91.4281,161
41.4014,-102.3464,111
39.1742,-86.5214,117
41.2211,-96.7775,178
36.7386,-103.9936,222
24.5500,-81.7833,278
40.8508,-101.5428,150
37.2344,-82.3436,122
40.4528,-74.8081,122
26.3769,-98.8117,206
43.4406,-88.6325,144
44.5028,-72.2203,28
39.2189,-81.0486,106
46.6803,-92.9542,117
20.9625,-156.6753,278
40.0358,-107.9058,33
37.7500,-107.6900,37
33.6731,-111.1508,217
44.5700,-107.3000,131
18.1731,-66.4928,256
40.7206,-114.0358,211
46.2700,-113.1600,98
42.6858,-103.8842,78
30.1061,-98.4286,178
36.8833,-94.8833,150
41.8417,-73.0086,78
41.0211,-91.9553,150
40.1400,-105.5900,72
48.8700,-121.7900,36
41.4100,-115.4500,171
39.3533,-100.4397,167
40.5233,-101.0344,161
40.5500,-110.3500,107
40.1100,-87.9567,144
37.3908,-93.9489,144
42.4400,-122.2300,90
43.3008,-89.3269,122
39.3181,-120.1450,50
47.3767,-121.9614,106
42.0944,-121.9022,44
40.3917,-79.8594,144
45.8800,-113.3300,85
41.2469,-109.5967,56
39.3475,-85.4892,178
47.6497,-120.0800,128
45.7575,-94.2072,122
32.1633,-95.8300,200
33.8083,-79.8567,211
37.0156,-82.3214,117
31.3450,-109.5394,294
36.4528,-89.3028,144
38.4600,-109.8214,189
44.9400,-109.5700,104
48.3100,-116.0700,107
33.8586,-89.3158,183
30.9594,-92.1786,206
29.4250,-81.5161,211
34.9400,-111.5200,94
35.6764,-84.8547,167
42.1153,-88.1639,144
37.2100,-105.1200,33
48.7647,-114.2842,-33
38.5100,-119.6300,100
45.9353,-107.1375,156
41.1056,-100.9775,161
41.6725,-75.0642,122
48.0508,-92.7636,139
43.7500,-110.0600,90
46.5800,-111.2700,175
42.4244,-123.3236,83
44.8658,-101.4672,150
33.9881,-84.7475,178
42.0425,-101.0458,156
27.5706,-82.1378,239
38.2894,-79.8186,128
35.8847,-77.5386,194
41.3053,-86.6286,117
43.4403,-102.1431,89
42.3600,-111.5600,118
31.7119,-110.0686,233
37.5972,-81.8203,144
31.4714,-88.2503,178
64.9333,-161.1500,-11
42.3208,-103.0733,117
41.4039,-78.0183,111
32.7019,-80.8517,194
43.6058,-116.9211,56
40.4900,-112.6100,170
40.3500,-106.3800,80
40.0739,-97.1669,183
38.5853,-92.1825,139
39.7858,-85.7611,133
37.2669,-83.6500,150
44.1747,-90.3483,122
34.6997,-76.7381,217
44.4972,-108.3906,183
45.8328,-109.9503,300
40.0839,-88.2403,156
43.2111,-88.2092,144
45.9900,-120.8100,95
37.8400,-111.8800,93
46.6825,-107.2039,89
46.0900,-110.4300,143
29.2694,-103.7575,178
42.2100,-121.1300,104
38.3772,-97.6097,161
33.2564,-81.2422,217
39.7506,-92.5064,161
37.0856,-107.5333,67
43.1003,-78.9436,122
40.6472,-98.3836,172
44.0647,-107.3819,306
38.4900,-106.3400,69
34.3697,-102.1175,117
37.5339,-83.3492,150
33.9544,-102.7783,156
39.2422,-93.9700,144
38.0406,-114.1800,289
35.2150,-100.2503,144
39.0044,-80.4744,106
36.7672,-119.7092,211
42.7158,-109.6903,6
42.7519,-124.5011,111
45.1700,-113.5000,87
44.4394,-68.9892,50
39.6000,-106.5100,95
41.9200,-113.4100,140
34.1167,-95.0833,200
35.9203,-86.3728,167
39.8958,-76.3947,139
41.8975,-77.1419,122
37.5339,-95.8269,172
39.5353,-83.4239,133
36.4333,-95.6833,200
38.8681,-94.0353,144
41.1100,-107.1700,99
37.3339,-92.9097,144
44.6600,-118.4300,117
44.6342,-123.1900,117
35.5303,-102.2564,161
32.7744,-101.4539,244
43.0100,-109.7600,125
42.9506,-123.3572,294
60.7300,-150.4800,78
34.9700,-111.5100,137
38.1436,-82.3828,139
43.5136,-87.8547,128
40.1264,-82.9433,233
39.6678,-95.5200,189
42.9383,-114.4169,183
46.4122,-86.6625,150
38.2692,-87.1631,150
48.7600,-121.7000,71
48.5700,-120.7800,68
35.9325,-82.0019,122
43.4022,-94.3831,161
30.7394,-94.9256,294
44.4400,-113.3200,128
37.9561,-86.1161,144
35.1242,-90.1805,178
30.1925,-103.2717,133
65.2500,-146.1500,-34
41.9622,-84.9925,161
44.6103,-92.6100,172
43.9997,-70.0964,67
30.5347,-94.4456,183
47.3300,-121.4700,75
36.4261,-94.4481,256
41.6853,-98.0083,172
43.7600,-116.1000,138
38.8200,-106.5900,40
46.5600,-115.2900,53
35.5158,-83.3056,156
34.2067,-119.1375,211
44.6719,-117.9942,39
45.2669,-69.5839,67
40.7361,-95.6431,178
34.5592,-115.7442,294
34.1944,-79.2472,200
43.6300,-115.4400,109
44.3547,-89.0592,156
25.9492,-81.7139,250
47.7800,-121.7000,63
30.5317,-86.4928,178
36.4742,-79.7433,156
45.3200,-121.7200,88
39.3983,-77.7211,106
47.2000,-121.7800,58
44.6392,-85.3250,200
36.4100,-105.3300,94
48.3000,-113.3300,151
41.8369,-110.7706,272
34.3592,-116.5378,250
33.8089,-115.4508,283
34.9092,-87.2747,178
37.7200,-107.2600,53
34.2044,-90.2908,172
42.5700,-78.0406,117
39.8583,-77.4775,139
46.3153,-118.0022,106
30.7267,-91.3672,228
41.9897,-118.6336,317
33.3781,-116.8400,228
41.6397,-84.9897,150
45.0333,-123.9239,167
47.0381,-110.7861,256
37.3036,-89.9664,272
44.8919,-108.5928,233
28.4675,-98.2525,211
38.5961,-122.6014,267
39.7233,-91.3719,156
42.8278,-90.7889,144
34.1797,-102.1356,144
31.1417,-93.2397,228
38.4800,-109.2700,89
42.2231,-123.0472,78
26.0814,-97.1033,272
14.1717,145.2428,261
39.4900,-106.1700,39
34.4219,-106.8325,161
40.6944,-99.7008,161
30.2133,-97.9822,300
41.0408,-96.3811,178
38.5019,-94.9597,178
33.4678,-88.3847,206
39.4344,-105.1208,94
37.5742,-81.5356,144
44.7900,-107.5300,81
40.0333,-77.3000,133
47.8947,-92.5336,144
43.0608,-83.3075,128
44.4800,-110.1600,82
37.4664,-96.2714,167
44.7200,-107.4000,120
45.2700,-117.6900,62
61.0800,-146.3000,32
41.9553,-83.6489,139
47.8206,-112.1919,283
37.1542,-92.2617,122
46.4283,-67.8442,94
46.2350,-88.4539,128
42.0811,-76.3178,106
38.0900,-97.9125,172
44.7764,-108.7592,100
39.3886,-120.0936,6
36.1483,-85.2650,156
36.1056,-82.8436,144
39.8900,-110.7500,143
40.0750,-76.0717,161
40.2575,-94.0269,156
36.1636,-82.0953,128
38.6650,-80.7672,122
20.2403,-155.8389,228
47.4300,-113.7800,142
33.9000,-109.1600,79
34.6892,-86.8819,167
36.6619,-75.9114,233
36.1839,-105.0608,172
32.3664,-99.1925,194
37.2389,-77.3925,189
36.8753,-92.8514,122
35.7700,-105.7800,66
46.1500,-122.1500,92
30.1192,-85.2042,178
41.2542,-89.3378,261
43.1025,-94.6833,211
43.7533,-108.1431,39
45.5556,-90.9592,144
47.0800,-112.7300,166
42.2417,-83.6933,150
34.2939,-82.5328,161
33.1986,-101.3744,183
36.5100,-106.3200,105
38.0694,-117.2355,178
43.0603,-92.6717,172
41.8161,-80.4250,83
40.7275,-91.9683,128
33.9153,-92.8267,150
47.3328,-118.6967,50
41.2781,-114.1706,133
47.9200,-112.7900,104
41.7003,-77.3872,89
41.6517,-76.8464,100
41.0500,-107.2700,88
41.3044,-95.3844,167
32.0444,-100.1069,200
36.3897,-100.8239,156
38.6811,-77.7678,172
36.8239,-114.0525,244
42.2553,-88.0769,122
41.8300,-115.4500,99
42.5189,-93.2536,150
36.0717,-91.6169,111
43.7072,-85.4822,139
34.2531,-93.1486,178
44.1431,-87.5678,156
44.2644,-105.4919,300
41.2214,-74.6600,111
45.8864,-89.7322,94
42.1800,-114.2900,111
32.4111,-87.0144,183
39.3800,-106.2000,56
40.5617,-110.4922,89
34.1175,-83.3045,156
21.9189,-159.6278,244
40.8700,-111.7200,162
34.7586,-87.6411,189
44.6997,-87.3967,150
45.6444,-109.2675,67
37.8958,-90.8411,144
40.1692,-79.1411,111
40.8500,-106.9700,108
35.3692,-117.6525,228
37.8675,-109.3514,72
45.9903,-84.8361,139
41.0558,-80.0600,128
41.5500,-72.7167,139
43.1433,-70.9500,167
35.8317,-87.4219,167
47.2800,-120.4900,86
37.4400,-108.0200,62
40.4750,-86.9919,133
40.7908,-111.4078,283
41.0103,-103.8769,61
43.7467,-93.7367,172
44.7303,-92.4586,139
33.4408,-79.5672,189
64.7581,-147.3253,-11
39.6700,-105.9000,54
28.1136,-80.6539,222
30.3392,-93.2150,222
44.4700,-112.9800,121
42.9389,-72.3247,67
64.9194,-147.9372,-22
34.5128,-93.0486,217
34.8822,-91.2153,172
47.6714,-94.5175,156
38.9133,-76.9700,172
42.9592,-120.7897,261
33.4164,-86.1350,167
34.4478,-77.5739,222
33.5575,-111.5358,228
43.7925,-75.4825,83
39.3033,-95.4861,189
39.5833,-120.3706,72
20.7939,-156.0414,283
35.6808,-78.9158,172
42.1236,-83.8200,133
26.8600,-80.0553,250
42.5300,-110.6600,111
39.2872,-112.6519,178
39.9133,-93.9803,161
42.3200,-120.8300,126
35.5247,-111.3703,222
46.8100,-116.8500,142
44.2814,-92.1942,161
35.9086,-79.0794,172
43.9758,-84.4908,161
43.0528,-114.1581,144
19.5336,-155.9258,200
46.7492,-121.8120,100
44.6714,-103.8511,306
38.6656,-96.9494,172
42.4486,-74.4653,111
41.1600,-106.9300,79
32.9947,-111.5367,306
41.6600,-115.3200,144
28.0394,-80.7172,222
36.6206,-90.8125,161
35.2947,-113.3664,122
42.5608,-87.8156,178
33.2558,-116.4036,406
36.0639,-79.3831,167
42.5692,-72.9956,117
43.3500,-111.2167,106
44.0700,-70.7467,67
40.9461,-72.3069,139
39.6567,-102.1192,122
39.9003,-116.5875,72
30.5497,-84.5836,167
42.1103,-72.1269,83
46.3500,-111.8500,76
42.7292,-110.9297,39
37.4700,-106.5400,62
47.1944,-102.8414,144
37.4436,-122.1403,172
32.7481,-109.1214,250
36.9092,-119.0883,361
40.6000,-110.4300,22
39.6828,-92.0467,139
26.1781,-97.9708,211
44.4700,-114.4900,131
37.8000,-107.9200,28
35.8147,-85.4244,178
46.9589,-95.6472,156
34.6747,-82.2267,150
39.0900,-106.5400,23
44.2839,-83.5036,156
45.3600,-118.4700,106
27.6528,-80.4031,222
47.4883,-111.2781,256
32.3750,-81.6730,167
31.2208,-99.8494,178
44.1497,-111.0461,72
38.7778,-80.9636,100
45.6200,-121.7000,110
41.7806,-88.3092,161
42.9500,-111.3600,97
28.6242,-80.8158,250
32.7547,-104.3836,172
42.8744,-109.8581,233
35.8444,-92.0978,167
46.1281,-85.5697,139
46.4800,-110.7100,160
42.0644,-97.9667,167
44.7281,-85.1728,139
42.7339,-76.6592,122
42.4686,-93.7972,167
46.4328,-109.8311,72
47.6800,-113.9600,95
47.9200,-112.8200,122
15.2136,145.7497,306
42.4492,-76.4492,111
42.7900,-121.9800,119
41.6111,-102.9014,100
39.6772,-79.7719,144
47.0092,-111.6739,89
40.3000,-111.2600,98
47.5300,-115.7800,69
40.8728,-78.2161,117
47.3714,-102.7606,111
40.2394,-94.6833,178
34.2183,-81.0731,183
36.4819,-87.8628,161
44.5247,-72.8153,78
43.2278,-110.4358,111
44.8131,-93.6311,172
38.6453,-88.9461,161
36.4300,-80.1789,144
44.2586,-85.9394,139
43.0719,-88.0294,156
67.9300,-162.2800,-14
47.1889,-120.9131,122
40.8839,-73.3722,144
43.7483,-101.9414,222
40.5914,-90.4642,133
41.0939,-102.4717,150
34.1547,-114.2897,289
31.7633,-84.1869,167
40.8344,-76.1353,139
38.7853,-76.9947,167
44.3500,-107.0100,117
34.2614,-88.4569,167
37.5000,-108.1100,90
37.3900,-94.7025,161
32.2442,-101.4536,189
33.1111,-91.9481,183
40.4100,-105.8200,52
43.7639,-94.1661,167
41.2453,-103.6344,56
45.5794,-94.3919,189
29.5175,-97.4597,217
40.2486,-94.3308,178
44.0122,-97.5242,144
43.0689,-98.5325,156
37.7922,-87.5708,178
27.8722,-98.6175,228
41.8186,-113.4133,211
31.7383,-98.9456,194
43.9500,-115.2700,72
39.3536,-88.5000,128
18.1506,-66.7719,272
5.3264,163.0050,272
38.6100,-119.9200,122
42.9675,-88.5497,156
43.4867,-110.7614,44
46.1972,-108.0039,89
40.6200,-111.5300,156
35.8731,-101.9725,133
47.7000,-121.6908,111
40.8000,-110.8800,91
40.6117,-122.5281,172
41.5683,-117.8389,222
58.3814,-134.6450,56
40.1678,-110.3950,261
38.4617,-76.6992,178
43.6483,-108.2036,333
33.2353,-117.2322,294
39.2850,-94.9500,167
36.1136,-86.6781,194
47.8700,-123.0800,44
45.1708,-87.1536,139
43.1342,-90.8372,161
44.4139,-108.9006,167
41.2578,-111.8378,61
43.3544,-71.7364,117
29.6603,-103.1736,228
39.5475,-81.6283,139
43.1994,-85.7717,122
42.2200,-122.3700,101
37.8253,-96.2644,161
40.4864,-89.0864,128
38.9719,-76.3381,178
65.1000,-144.9300,-32
43.4892,-99.0631,211
34.1819,-118.5744,372
42.7831,-71.4147,89
29.3092,-97.4061,211
46.8769,-97.2328,133
37.5983,-101.2908,133
42.4400,-105.8600,103
38.1350,-94.8161,200
35.6550,-83.4411,100
37.2036,-89.0422,167
37.6664,-77.8769,167
43.8567,-110.5889,22
63.9400,-145.4000,3
42.3869,-72.9211,78
37.7000,-112.6500,90
40.7400,-109.6700,61
33.5500,-102.3758,161
45.1369,-69.2806,50
48.8744,-104.0503,133
40.4575,-92.1822,128
41.2683,-120.2947,44
41.6300,-79.6931,89
36.8225,-79.4103,156
36.2358,-100.2675,139
34.0067,-100.2989,178
30.4453,-99.8045,167
31.6164,-94.6431,278
42.7467,-105.3603,139
31.1681,-81.5022,222
41.3072,-81.0133,106
44.6889,-70.1567,28
29.2828,-97.7675,189
45.1900,-95.0586,172
39.8356,-95.5319,183
40.2878,-109.9586,300
37.6128,-114.5264,89
41.5667,-88.0833,161
41.7950,-72.2286,122
39.1600,-119.9000,127
35.1311,-76.8161,228
35.8306,-91.7944,144
26.4700,-80.6403,217
32.6161,-106.7403,178
33.7086,-116.2153,406
47.9800,-114.3500,152
44.7281,-75.4442,111
43.7600,-115.2400,153
65.0800,-145.8700,-999
36.4947,-91.5350,144
35.7636,-117.3908,228
41.6458,-80.4250,139
47.5933,-91.6514,122
31.3972,-81.2811,172
41.4086,-102.9661,133
41.2428,-89.8997,128
45.8003,-91.4594,200
37.1317,-86.1481,244
41.7600,-115.6900,149
42.2356,-74.1433,44
46.0436,-118.4628,39
37.2100,-105.2000,50
44.9958,-88.3786,133
48.5042,-111.8553,72
41.1169,-81.0094,106
43.9500,-110.4500,76
34.4094,-78.7914,206
43.8900,-107.0600,171
35.7072,-82.0289,150
38.6661,-78.3728,167
26.2422,-98.3992,211
38.0936,-102.6306,133
41.6092,-91.5050,150
39.3389,-78.7728,89
44.3800,-109.7900,128
45.5022,-104.4478,200
40.5092,-106.0056,128
35.7683,-119.2600,222
33.2725,-86.8336,200
40.6117,-116.8917,306
44.1600,-91.8122,217
44.4400,-111.9900,145
34.5031,-114.3603,283
43.5397,-109.6553,39
34.5822,-119.9817,167
30.9592,-81.7072,183
42.1703,-92.0078,161
39.4761,-88.1653,222
39.7294,-105.0083,89
33.0536,-85.0317,161
33.4797,-94.6175,156
34.5528,-86.4450,167
47.8800,-117.0900,127
42.8633,-70.8997,100
28.8439,-96.9214,272
46.7322,-121.5728,100
37.3300,-105.0700,68
48.3600,-119.0800,97
26.8261,-80.1489,250
45.5119,-88.7594,111
44.4633,-83.7217,156
43.7728,-111.0339,167
38.4506,-91.3756,94
42.9050,-88.8589,139
43.2631,-82.5328,172
40.1739,-101.0611,156
46.6400,-121.8300,77
30.1981,-91.1256,228
45.4803,-122.4664,117
47.2800,-121.6700,72
35.3872,-76.7764,233
44.6467,-84.1158,133
41.1042,-97.3094,183
30.2503,-94.1786,194
32.1794,-110.7364,267
38.2900,-105.8500,84
32.2061,-90.5133,183
34.3389,-82.8342,161
43.7300,-113.8300,118
46.4378,-92.7578,122
45.1900,-119.2500,95
36.7600,-88.1386,178
47.9400,-123.4300,21
40.7053,-94.2428,211
32.0186,-102.0258,294
33.2097,-117.3950,239
34.7675,-106.7611,100
37.8106,-79.9883,144
35.2300,-111.8214,239
40.7600,-111.6300,146
39.2600,-106.6300,39
43.3339,-88.2978,150
43.1653,-95.1467,150
32.9403,-99.8036,217
38.2778,-122.2647,322
43.3081,-87.9553,156
47.4597,-111.3847,206
39.9575,-75.1728,200
44.9500,-111.3600,73
39.7994,-79.3664,94
34.7522,-112.1114,233
38.7411,-103.5428,89
41.4003,-79.8306,106
37.8194,-85.3847,161
37.9878,-89.1931,183
38.4200,-108.3800,101
39.1900,-120.2600,126
44.1014,-122.6886,156
42.1397,-87.7853,167
42.5192,-76.3311,111
40.2000,-105.6000,62
44.0300,-109.1800,105
39.3167,-91.4833,133
32.7500,-98.9017,122
32.9200,-108.1500,115
33.8706,-83.1136,156
44.5400,-115.5600,77
36.6667,-80.4481,150
36.8583,-83.3303,128
60.9583,-149.1108,-17
48.9992,-108.3894,306
42.4100,-111.1700,78
36.8978,-86.1247,156
64.8553,-147.7217,11
33.1975,-108.2075,256
46.0081,-114.8442,44
39.6106,-82.9547,144
39.1400,-111.5600,131
39.7750,-105.1169,83
31.8453,-83.9408,161
40.5800,-110.5900,64
41.2825,-91.7078,144
44.2667,-71.2994,17
45.3533,-94.3056,156
39.1400,-120.2200,87
34.7706,-112.0264,356
43.8575,-95.1167,156
37.4417,-105.8614,33
45.0831,-91.3311,156
44.3514,-87.8120,139
44.9311,-93.1539,144
43.4300,-96.1686,161
45.0700,-116.4500,130
45.7206,-118.6264,56
45.9336,-88.2583,117
40.0575,-106.3681,94
36.4161,-82.9839,128
46.0931,-115.5356,78
27.2169,-97.6956,211
35.9067,-85.4750,167
47.2919,-88.4208,139
39.4247,-92.8106,150
27.0997,-80.2628,244
40.3611,-109.3464,128
39.8000,-105.7800,82
31.4461,-83.4767,150
40.6019,-112.5075,128
41.3589,-85.6997,156
38.1211,-81.1178,139
41.5975,-99.8258,156
40.5764,-105.0858,206
37.6100,-105.3700,32
47.0792,-96.7758,228
41.1922,-79.4361,133
35.5164,-78.3458,194
30.9072,-102.9153,172
37.9567,-119.1194,144
59.4503,-136.3614,22
39.7086,-116.0494,150
37.7667,-85.7000,161
40.5614,-86.3425,128
44.3544,-103.7430,200
40.9100,-109.9600,109
40.8800,-106.0500,30
35.8644,-106.3214,144
43.6253,-84.0189,161
38.0422,-78.0061,194
43.0675,-83.5919,122
48.1603,-90.8842,117
32.0142,-85.7464,217
39.0875,-111.1325,156
31.2739,-81.9197,167
38.5000,-111.7700,64
47.8214,-101.2922,139
35.4867,-119.1458,228
34.9772,-91.4978,172
40.0825,-93.6086,161
34.2553,-87.1814,178
43.7178,-123.0578,128
41.5461,-98.5331,172
43.1100,-109.9500,51
39.4194,-92.4369,161
35.9500,-96.2833,183
37.5544,-91.8831,144
39.7489,-105.1206,100
36.4622,-116.8669,289
38.7539,-108.0278,128
45.7211,-120.2064,128
35.8022,-103.9439,250
31.1331,-102.2217,206
39.2814,-103.0614,111
46.6533,-123.7300,128
40.9619,-72.7158,211
42.6992,-71.1658,172
43.6303,-72.5072,78
42.7325,-114.5192,139
44.9467,-69.5456,50
41.5167,-109.4703,72
44.9131,-73.8222,17
40.4925,-107.2547,244
32.1225,-96.4867,200
39.1092,-104.5997,150
46.4119,-94.3608,150
34.5697,-93.1947,156
34.2414,-85.1583,161
36.4303,-114.5139,317
45.3261,-108.9092,144
30.8694,-100.5994,183
42.4647,-79.0031,128
36.4522,-77.0803,194
44.3000,-122.0400,114
43.5817,-84.5889,144
40.1600,-111.2100,145
45.4650,-91.1236,128
36.6633,-80.9139,133
42.1492,-112.2872,311
42.4733,-91.4517,139
44.7136,-119.1017,94
38.0803,-78.8750,156
34.1142,-109.8589,78
38.8400,-119.8900,113
41.6833,-80.6667,161
39.0172,-92.7558,156
42.2050,-121.1314,28
45.9981,-120.3006,111
41.7372,-87.7775,200
33.4028,-82.6222,172
43.1808,-95.8528,161
31.3783,-103.6331,211
44.1756,-72.7961,44
42.6903,-88.0336,150
33.5500,-81.6969,183
35.2683,-91.7164,189
39.8942,-85.3953,100
48.3589,-107.8714,300
39.7194,-76.8028,189
37.2556,-81.2264,122
37.9900,-107.2000,70
43.3050,-76.3939,128
43.2761,-75.1567,117
35.1867,-102.0797,133
41.4900,-119.0000,132
46.5700,-115.7400,122
43.3086,-114.0667,83
37.4000,-113.4600,154
41.1531,-102.6400,100
59.7400,-151.2500,65
32.0111,-85.0900,206
60.4906,-150.9189,0
34.0219,-85.9878,189
34.7967,-77.4008,217
36.1006,-94.1744,139
40.4022,-104.6992,267
47.6000,-103.2597,167
43.0353,-106.9894,78
39.2583,-111.6306,233
43.5525,-97.5017,150
37.5147,-122.0325,183
35.7192,-78.7878,172
44.1150,-103.2828,94
39.3447,-91.1711,144
33.1581,-85.2911,189
40.5800,-105.6300,60
44.5331,-88.0981,150
39.4086,-81.4328,117
42.5483,-119.6556,122
36.1067,-112.0947,333
41.7850,-70.9175,128
46.2014,-119.7581,111
25.1936,-80.3492,294
40.4897,-103.0822,117
40.7200,-110.4700,46
34.5025,-117.8969,328
39.8800,-107.6000,98
58.1422,-133.7386,56
40.7833,-81.9167,100
41.3831,-83.6111,178
33.7542,-99.1442,200
37.7083,-113.1439,183
37.5811,-106.1869,33
29.1639,-82.0778,300
31.5069,-94.1072,244
43.9900,-88.9411,144
40.1519,-89.3386,150
37.9567,-122.5447,294
48.9800,-121.0800,95
41.5325,-70.6589,139
43.7047,-92.5644,150
29.0181,-81.3106,211
42.0650,-94.8500,150
34.0044,-100.8250,183
39.4500,-120.2900,112
42.1397,-109.4308,33
45.1100,-119.5000,97
43.6725,-92.0747,144
45.4856,-111.6325,300
39.4717,-76.1697,172
29.1333,-98.1628,183
31.2842,-98.7589,206
36.0028,-88.4253,150
44.2100,-103.7900,122
42.6772,-75.5067,78
43.6300,-113.9700,131
36.2600,-115.6450,133
39.3000,-106.6100,33
37.5319,-87.2669,150
42.0650,-100.2472,161
33.2733,-97.5769,172
44.6500,-109.7800,122
35.1131,-89.2122,172
42.3161,-90.2269,139
33.5972,-85.0806,167
33.3953,-87.0078,200
33.1211,-117.0900,306
41.3214,-92.6467,150
47.2325,-117.3625,78
48.9100,-114.7700,78
42.5700,-106.0900,114
42.8767,-77.0308,100
39.0000,-120.1300,137
42.1611,-83.7819,128
44.9628,-115.4961,33
48.5700,-115.4500,111
35.3322,-112.8797,311
38.9200,-119.9200,84
40.4831,-124.1036,239
40.5453,-102.3411,128
34.3950,-80.0486,194
40.7042,-93.3697,156
39.1853,-106.8381,111
33.8103,-91.2778,178
41.0489,-77.9411,72
40.0400,-105.5400,32
36.4975,-87.3356,156
40.3803,-76.0275,139
45.5100,-100.0356,156
39.3100,-109.5300,118
37.8639,-94.0156,178
44.5486,-95.0997,167
40.6000,-111.5800,127
39.4247,-93.1331,161
40.4547,-88.1417,117
46.5022,-116.3217,89
40.2817,-76.8703,128
46.8875,-96.7483,183
37.0058,-101.8867,128
40.0375,-106.2039,89
45.7533,-93.6617,139
41.2664,-73.7975,122
18.4311,-65.9917,278
45.5397,-106.9597,306
64.1539,-145.8894,0
33.8472,-97.6528,178
46.0406,-99.3742,122
40.5839,-90.9686,156
38.8800,-105.0700,56
39.3600,-106.0600,52
32.8672,-116.4194,256
37.3617,-79.9592,167
33.4561,-101.0925,189
32.5906,-86.2103,261
40.1347,-90.4792,128
33.3172,-80.4183,211
42.8294,-98.4583,178
45.6900,-113.9700,142
38.9664,-112.3278,289
48.6928,-116.3103,89
37.6331,-91.5364,283
44.4706,-95.7908,172
43.7806,-89.3169,139
42.8700,-109.0900,92
34.9047,-83.4128,128
39.8183,-97.6375,178
35.5044,-82.5967,133
33.4783,-109.7517,117
47.7722,-121.4819,128
40.8800,-110.5400,85
42.7314,-77.9053,106
43.3042,-91.7953,228
44.2100,-118.6400,77
39.1569,-93.8906,161
41.2211,-99.2939,139
37.3800,-106.5500,77
32.8556,-100.4611,206
38.8247,-106.1275,83
34.7281,-90.3683,183
34.8792,-88.6178,150
44.8919,-87.9550,144
36.2500,-115.6300,150
39.5719,-103.2922,72
34.7319,-79.8833,194
41.4947,-87.6803,144
37.5300,-113.0500,102
38.3989,-79.9950,83
31.2975,-85.8997,167
37.7272,-80.6592,139
33.5511,-97.8472,211
44.5478,-107.7633,117
43.8578,-72.8045,61
42.0997,-76.8358,128
44.3539,-75.5122,100
42.0494,-90.7489,144
38.9617,-101.1664,144
39.4900,-120.2800,80
40.0300,-105.5800,37
38.1500,-107.7583,28
35.2283,-82.7358,128
37.3444,-108.5950,128
45.5958,-96.8283,122
39.1972,-96.5814,194
34.4092,-79.3564,194
47.0239,-92.0700,117
39.5600,-115.8400,94
41.8700,-98.5494,167
47.4172,-122.2433,150
43.8200,-114.2600,84
55.3500,-131.7000,67
36.3481,-94.8244,183
35.6000,-95.0500,150
45.4136,-83.8142,156
37.7150,-105.2353,72
44.1719,-73.2472,72
42.8003,-103.7867,94
40.4150,-102.6267,128
37.7417,-95.9333,172
44.8000,-109.6600,118
61.2344,-149.2708,-6
48.7167,-111.4747,72
38.8961,-101.7514,111
40.4719,-74.4364,172
37.1122,-77.2017,183
39.9436,-104.8361,100
34.1650,-84.7300,156
48.8542,-110.5961,94
39.6811,-77.2914,128
41.1522,-104.8056,111
40.9100,-110.5000,90
42.5008,-70.8644,172
38.4600,-105.2256,144
41.4511,-90.1486,161
36.4914,-118.8253,206
45.1758,-105.7517,328
62.1925,-150.5033,28
42.8267,-105.7878,89
32.6714,-90.0361,161
63.2000,-145.6300,-77
43.7400,-113.9400,78
45.2200,-110.2400,137
43.3392,-72.5056,67
38.6900,-119.9900,125
37.1764,-94.8397,150
37.4414,-100.9792,272
32.3067,-95.2969,211
45.3725,-84.9767,144
37.4314,-76.4414,217
37.7158,-109.0828,111
39.5436,-80.4647,83
31.1444,-99.3492,211
46.5067,-99.7692,122
48.6061,-100.2911,128
41.9983,-72.2606,89
45.6611,-67.8614,61
26.4622,-81.4406,233
30.7931,-94.1819,200
44.5078,-123.4575,133
46.2719,-106.6744,222
61.3500,-142.7100,14
40.1200,-75.5011,150
34.5500,-84.2500,178
34.7056,-79.5683,239
30.0986,-83.5742,256
38.4917,-122.1242,139
41.5500,-116.0100,154
42.7858,-91.0958,200
28.6836,-95.9733,211
42.7572,-95.5378,161
42.3000,-110.6800,108
44.6411,-90.1333,122
32.7572,-97.0736,222
38.2917,-111.2622,161
46.0400,-109.4930,89
34.2208,-95.6150,150
46.7000,-92.0167,122
47.0700,-121.5900,90
35.4322,-84.5833,161
32.6089,-85.0756,167
46.6500,-109.4800,111
34.5350,-117.3058,233
39.3200,-119.8900,111
34.2333,-97.4203,167
37.1278,-80.4033,128
34.1736,-86.8133,161
38.0636,-103.2153,139
39.3200,-114.6200,110
38.6700,-119.6100,128
44.0725,-72.9736,44
40.1433,-91.5158,156
29.6833,-91.1761,217
34.1333,-94.7000,211
39.1136,-108.3506,183
36.8047,-97.2764,172
34.6242,-106.3103,72
26.2028,-97.6728,217
46.1081,-123.2058,133
47.7283,-104.1467,322
39.7947,-88.2908,128
39.4047,-105.4767,122
43.7000,-109.6700,69
42.6400,-120.9500,16
32.5992,-85.4653,183
32.7019,-96.0150,211
44.4169,-71.5008,44
46.2400,-113.7700,98
38.9392,-92.8103,144
31.4831,-111.5436,256
33.9850,-101.3339,150
44.1400,-121.6400,109
40.9125,-89.0339,133
44.4200,-84.0233,117
43.9981,-95.9572,178
44.0869,-87.6522,183
40.3700,-106.7400,87
33.3433,-103.6783,150
42.7536,-92.8022,167
59.0800,-154.2800,105
35.6503,-88.3903,144
40.5158,-108.0947,-6
34.4167,-119.6844,278
41.3600,-111.4900,161
36.0975,-119.5817,356
36.1683,-83.4028,167
62.1044,-150.0589,-17
39.3667,-81.3167,122
39.2900,-117.1100,152
31.6728,-102.4133,189
67.2500,-150.1800,-22
40.2306,-75.4353,144
43.3772,-72.1811,61
34.1425,-77.8789,233
46.1000,-121.9600,117
63.9033,-152.2817,28
47.5600,-115.8200,118
40.4600,-112.2500,158
40.9300,-111.8100,171
48.9100,-114.8600,88
44.8197,-120.7533,61
42.9283,-110.1272,33
46.6200,-121.3900,67
28.9844,-95.3808,233
40.9800,-110.8500,74
39.0017,-85.5997,233
30.3764,-103.6600,139
39.4200,-111.2500,76
42.6000,-116.5600,147
41.0233,-100.3669,189
34.6189,-89.1911,150
38.2611,-94.4050,139
43.4800,-114.8300,133
37.9050,-111.4200,233
39.8914,-94.3600,167
34.6344,-88.5622,167
46.7900,-109.5100,124
32.7264,-103.1314,178
31.6953,-82.9239,150
28.1522,-82.7539,244
39.7772,-98.7783,161
36.9933,-82.9867,117
40.8600,-110.8000,113
30.3519,-101.2519,172
44.2294,-85.9572,211
39.0600,-120.1292,67
39.3933,-81.2192,128
45.1125,-103.2792,211
45.4600,-121.7000,90
45.2236,-91.1269,133
43.1592,-74.2042,100
38.2800,-119.6100,109
44.0108,-107.9686,94
41.6331,-103.9542,44
39.6100,-111.3000,122
35.8742,-103.1819,122
43.5958,-101.0094,183
41.4300,-96.4669,178
31.8967,-85.0375,150
39.1400,-111.5100,93
38.5039,-95.7036,178
38.8000,-111.6800,101
39.1833,-78.1167,150
36.6669,-107.9603,289
47.1414,-121.9356,111
40.6189,-111.7836,311
35.2058,-82.2517,139
43.7053,-72.2856,189
41.2700,-116.8000,154
29.6339,-97.0644,239
31.8833,-109.2056,233
41.7175,-97.0031,239
40.2381,-96.0847,178
60.7800,-149.1800,3
46.3286,-85.5033,133
44.5897,-85.0486,133
37.4800,-107.6300,77
43.1828,-104.6036,72
34.5731,-94.2494,161
42.0500,-122.8500,96
38.7842,-93.8008,161
34.6033,-91.9928,150
32.4758,-88.8111,167
47.1664,-67.9397,28
39.9400,-105.5900,132
43.9708,-74.2219,56
39.5700,-105.8000,43
42.6472,-78.7111,144
41.3853,-70.5181,189
35.5325,-90.6872,172
37.0683,-88.7725,206
42.6158,-82.5436,150
42.7600,-110.5900,63
39.3686,-89.0867,133
44.4233,-118.9594,44
40.5314,-97.5964,206
31.7414,-99.9764,222
34.3947,-92.8364,161
34.7544,-83.0750,156
43.3894,-92.0939,144
39.7750,-93.5358,167
27.1006,-82.4364,244
45.0500,-109.9100,139
39.6911,-121.8211,122
32.2314,-98.2319,178
30.2392,-98.9089,178
30.5467,-87.8808,161
44.8797,-87.3356,144
32.7128,-82.5414,178
45.3803,-87.9567,156
37.1025,-82.8047,139
37.1561,-91.3589,106
43.2419,-77.3883,144
35.0492,-118.1619,283
40.5864,-77.5692,122
44.3867,-97.5606,172
32.5192,-87.8800,172
46.0625,-122.2042,117
30.2650,-89.7697,206
42.4942,-107.8292,28
42.5600,-111.3000,94
45.6775,-94.8022,139
36.6003,-78.3011,178
37.9136,-104.9483,150
37.9286,-87.8956,183
45.8175,-121.3531,139
35.6494,-94.1542,139
34.2183,-116.4072,239
37.8122,-109.0133,56
34.3347,-80.7030,194
45.0317,-110.7036,289
39.1483,-89.1022,128
45.9042,-100.2875,206
46.8572,-95.6056,150
41.3100,-111.4500,137
41.3011,-123.1331,122
46.7600,-115.3000,132
48.7167,-115.8833,22
33.7092,-93.5564,172
39.8144,-74.7883,233
61.4181,-142.9961,-33
34.1206,-115.8500,300
34.5283,-82.6606,156
33.7264,-82.7058,161
40.8400,-110.0100,61
42.3800,-122.3500,100
36.1631,-81.1494,144
43.6600,-109.0100,141
40.1900,-111.3600,147
40.1117,-96.1514,178
61.1303,-146.3517,33
44.8550,-85.8353,183
31.8075,-94.1642,189
48.0600,-116.2300,118
45.9228,-108.2444,83
44.8000,-107.8400,127
41.9353,-84.6411,156
32.8203,-86.6522,233
39.0200,-107.0500,50
40.5300,-105.8900,28
42.3489,-77.7044,100
40.7294,-114.0383,222
44.3547,-106.6992,122
36.0750,-87.3958,178
44.3964,-120.4264,39
39.1172,-95.4097,183
64.2453,-149.1828,6
46.0044,-102.6472,89
30.3636,-95.0839,183
43.5753,-75.5208,106
39.0800,-107.1400,82
46.0556,-88.6275,111
45.2700,-118.8500,81
41.7900,-111.5500,155
39.9364,-105.3503,67
36.8600,-106.2300,65
46.3200,-121.9400,81
36.2114,-81.6442,106
41.1275,-101.7206,133
46.3600,-121.0800,91
34.8172,-102.4003,117
68.1300,-149.4800,-88
44.8500,-106.2889,300
45.3783,-96.1542,189
36.8125,-100.5308,139
35.5328,-93.4036,178
43.2722,-78.1664,189
36.9028,-82.0383,128
39.8536,-94.7078,183
33.2425,-79.9869,250
34.2314,-87.6353,200
41.9300,-79.2969,67
45.6603,-69.8120,11
34.1867,-118.3481,206
42.8508,-88.7247,128
33.6194,-94.0994,189
46.0289,-110.5100,94
46.1458,-98.0919,106
44.8419,-74.3081,61
40.5756,-105.0236,122
39.0647,-94.3861,167
39.2203,-105.2783,61
41.7750,-78.0417,94
46.1864,-84.3239,200
47.6539,-101.4197,128
42.3469,-83.1736,156
40.8533,-76.7892,117
44.0764,-116.9311,117
32.8117,-111.6314,350
35.1297,-89.8036,161
37.7647,-81.1939,122
42.5800,-109.0900,146
33.1819,-110.5261,89
32.7483,-97.7700,178
42.0628,-88.2861,150
39.3300,-120.3700,95
45.1500,-118.2200,82
44.4628,-87.5050,150
34.5706,-112.4322,133
37.0864,-80.1422,133
40.9247,-79.2825,100
40.9475,-76.8786,117
48.2064,-94.3939,128
42.7919,-77.5136,106
39.1300,-111.3500,94
45.6178,-113.4514,244
42.3108,-78.0231,167
38.3100,-119.6000,120
42.7364,-97.4969,150
33.5311,-84.3544,156
42.5100,-110.9100,143
38.9031,-103.0192,122
41.3197,-96.3672,161
46.8400,-112.5100,139
40.2300,-106.6000,14
34.4722,-101.3006,178
40.0953,-98.9450,178
37.8800,-107.3600,52
45.4500,-122.0300,107
41.5800,-120.3000,118
26.7458,-81.4264,222
39.1300,-107.2900,115
45.2128,-112.6447,144
35.4583,-91.0561,267
39.2042,-121.0681,133
40.3900,-106.6000,67
59.7000,-150.7100,82
45.9997,-121.5403,178
37.8100,-109.4900,111
37.3678,-95.2892,194
34.4386,-100.2183,161
46.9244,-114.0911,161
39.2475,-96.5994,194
30.0689,-94.2928,256
44.7600,-118.3100,98
45.4525,-99.3358,111
40.5739,-74.8811,167
46.1800,-121.9300,100
41.8900,-111.5700,94
30.1592,-96.3972,233
42.0414,-97.1747,167
47.8453,-121.9944,128
46.6447,-88.4811,144
40.2233,-86.1086,133
18.0331,-67.0722,294
39.2425,-87.3906,194
18.3808,-67.1569,244
43.9325,-103.5594,33
39.3419,-79.6697,117
36.3817,-119.0264,200
48.2211,-95.2475,167
33.3600,-107.8300,128
40.7442,-106.2792,61
38.0800,-110.7700,142
64.8939,-147.8753,-28
37.8428,-94.7086,161
47.9753,-91.4556,128
29.7856,-92.2047,211
42.9503,-100.9450,144
41.5575,-85.8825,206
32.2714,-109.2256,256
36.5044,-96.7439,200
64.7856,-141.2036,-22
39.0100,-111.5800,150
36.7458,-86.2258,156
29.9592,-91.7108,194
41.5239,-112.0436,300
42.5039,-89.0311,128
38.6989,-90.6828,133
40.7597,-92.4394,144
34.7753,-86.9508,189
46.1694,-90.9808,128
39.7203,-79.8561,83
38.1228,-83.5328,128
64.8172,-147.8739,-33
33.9294,-93.8583,183
37.9192,-122.3772,228
47.6800,-114.0000,115
41.0908,-88.8158,167
39.9661,-75.0217,172
47.8881,-96.2658,161
37.9667,-87.5833,178
38.2800,-95.2178,189
45.9983,-83.9014,139
39.4500,-111.2700,54
30.3236,-96.1594,222
39.7489,-104.9425,144
30.3931,-89.0008,261
42.1164,-71.9075,78
40.1550,-103.1417,117
39.7556,-103.4986,72
34.2528,-82.0350,194
35.7522,-87.7958,139
41.7594,-104.8222,67
48.1503,-104.5089,333
42.0647,-92.9244,144
48.9514,-115.6267,106
44.0500,-115.4400,176
44.0761,-108.9547,78
32.5183,-94.7189,206
38.0522,-107.3036,39
38.6842,-102.1614,94
44.6125,-121.9486,44
46.8339,-100.7969,133
37.7900,-108.0200,48
39.6600,-110.3800,68
43.4372,-111.2792,83
44.8358,-123.4525,122
44.4356,-121.9433,22
35.5406,-82.6531,139
42.6475,-89.0644,139
36.3458,-92.3939,167
33.7481,-87.0586,172
61.4494,-149.3231,11
29.4589,-103.4994,183
46.9300,-121.9500,77
35.3253,-81.5325,156
44.5681,-120.1156,89
38.0500,-111.3400,104
37.7092,-78.2886,144
39.5169,-115.9622,133
28.7300,-80.8794,244
43.9000,-122.0300,76
64.0917,-141.9211,-61
40.2528,-108.6406,122
43.9317,-69.8564,78
40.7442,-115.4855,39
38.9039,-78.1822,128
42.1619,-95.7836,161
41.3247,-93.1008,150
36.4258,-84.9419,150
39.0597,-87.6625,272
38.5100,-112.0200,121
44.6828,-107.0089,128
45.1569,-67.4044,100
45.9306,-119.2956,117
44.6531,-70.7942,22
48.7200,-120.6600,31
42.8200,-110.8400,110
47.1358,-122.2558,117
42.4100,-121.6800,114
45.2500,-123.2800,126
35.2511,-75.6047,244
43.6253,-72.9781,67
40.8236,-94.0475,150
42.9447,-117.3389,39
40.5511,-75.9914,139
41.0700,-106.9400,76
40.7247,-84.1294,133
43.0303,-71.0839,111
43.6064,-93.3019,161
45.1219,-122.0700,83
34.3006,-83.8600,133
62.1086,-145.5328,-61
42.6194,-112.0067,89
42.2497,-77.7583,78
41.1644,-84.8483,144
36.8825,-83.8819,150
37.9672,-120.3872,133
42.2472,-78.8125,89
46.5258,-93.6675,133
40.6800,-110.9500,71
35.1183,-97.6700,178
42.2972,-89.6039,133
39.0600,-108.0600,69
38.0211,-96.6036,161
43.0597,-89.4819,139
37.3997,-87.7622,156
44.4908,-108.0411,139
28.2939,-97.3297,211
34.1653,-79.3875,200
36.0519,-88.0828,150
38.5500,-119.8000,117
35.8917,-105.4481,150
38.9539,-109.0528,122
44.4139,-122.6728,117
36.5800,-105.4600,77
47.7817,-92.2783,139
45.0403,-105.4855,311
42.5319,-88.3325,139
46.2400,-117.3900,151
34.2978,-81.6236,172
45.0156,-109.9683,44
45.9647,-94.8892,139
45.8900,-110.9400,157
40.4750,-93.0031,144
48.4400,-120.9200,75
34.9797,-80.5233,172
42.3200,-113.6200,153
21.6369,-158.0536,278
39.0744,-96.8983,194
42.3997,-89.9903,194
40.3503,-92.9492,139
39.7067,-86.2808,178
46.5458,-87.3794,161
29.6756,-97.6578,189
35.2028,-85.9172,167
39.1181,-88.6244,139
33.7608,-89.8136,189
35.0567,-83.1983,122
35.1808,-97.4378,189
39.3506,-76.6508,161
64.8603,-147.8483,-22
44.6819,-83.2808,150
41.1489,-102.6361,100
34.0497,-94.7381,306
37.2858,-120.5117,350
42.5400,-90.6461,156
38.5311,-79.7714,106
35.7108,-76.1269,222
31.8414,-82.3756,156
37.1872,-95.4508,144
41.9600,-121.4744,283
46.2111,-119.1011,94
48.9978,-107.8331,294
43.1114,-100.6083,150
44.9489,-72.1911,44
45.8775,-93.3147,128
37.2092,-112.9814,200
42.4281,-72.0275,67
44.5658,-73.5700,172
33.0725,-82.0061,189
60.9800,-153.9200,44
41.7217,-84.2147,156
35.8667,-95.2333,183
33.1497,-99.7350,194
31.9356,-109.8378,283
42.3417,-75.9653,106
29.4083,-82.8186,289
39.6203,-79.9697,133
36.2836,-88.7064,156
35.8578,-98.4139,144
47.7100,-123.4600,38
43.4047,-95.7483,161
37.2364,-95.7003,178
41.8558,-87.6094,194
42.6394,-72.2244,100
32.0467,-84.3711,178
42.0283,-84.1108,156
34.4719,-81.8839,161
37.2000,-93.3000,156
46.1100,-110.4700,164
34.3011,-79.8767,194
42.1103,-102.8967,100
37.6553,-97.4431,189
45.7189,-97.4769,144
37.0564,-120.8667,206
41.2300,-116.0300,107
40.1197,-75.3583,222
39.4078,-88.7739,150
61.5889,-149.0992,78
40.1561,-106.9092,67
35.6842,-121.1683,244
43.7383,-116.2022,244
43.1300,-110.2000,122
44.4622,-115.5817,11
39.7053,-105.6997,72
43.5100,-121.9800,81
40.5361,-79.8153,139
47.5689,-122.6828,122
34.8039,-90.0103,156
44.0200,-113.4700,141
44.2100,-121.8700,37
25.5011,-80.5500,250
38.1150,-85.6444,150
38.6856,-90.5231,150
30.5833,-94.4000,183
43.2300,-121.8100,63
40.7808,-115.1853,222
43.4378,-103.4739,222
41.1247,-84.5919,150
41.3586,-77.9261,122
33.2544,-100.5725,189
43.4036,-94.7472,167
44.9367,-109.1375,89
61.6267,-149.0364,-22
44.8700,-88.9044,156
41.4256,-91.0094,161
35.5392,-86.2283,172
58.2989,-134.4111,72
41.8975,-78.7144,100
37.5081,-94.8392,161
31.3944,-92.7164,228
33.1908,-102.2681,167
46.4800,-115.6300,146
38.3531,-98.7639,161
24.6589,-81.2761,267
18.2972,-65.2900,300
39.7675,-101.8067,128
32.1103,-103.1872,267
43.2356,-70.6350,100
42.0811,-83.6769,144
37.9531,-86.7747,156
33.9167,-82.1500,167
40.7100,-106.0100,92
33.8228,-92.3989,161
37.7686,-111.5978,306
43.9092,-118.1522,56
47.0731,-109.4017,228
34.0919,-96.7708,183
32.7131,-102.6597,183
40.5156,-98.9514,167
47.1064,-104.7183,328
37.7900,-108.1800,82
59.5900,-135.2100,38
37.2633,-101.7886,133
40.8600,-115.1200,150
34.6522,-101.4969,133
44.8128,-71.8903,106
39.2367,-107.9797,78
29.9167,-99.7908,128
37.0614,-95.6356,178
32.3500,-94.6500,211
47.6000,-114.6833,22
40.5411,-121.5767,72
38.5253,-106.9672,28
40.3764,-80.6283,111
31.2503,-89.8361,194
46.3689,-90.6417,128
45.5986,-89.4508,111
43.8497,-104.1886,206
41.8128,-88.0728,156
39.8700,-111.2800,125
39.0300,-106.0800,46
40.5711,-75.2781,133
38.0328,-78.5225,150
38.9764,-77.4869,144
42.7672,-74.1711,61
32.3417,-99.6525,167
37.6600,-107.8000,77
39.7997,-101.0422,144
35.5500,-88.7169,178
39.8053,-120.4719,50
42.9944,-88.8042,156
46.8947,-99.9483,250
40.3967,-91.3750,161
40.6972,-75.2042,133
44.3900,-122.1700,97
45.2689,-122.3186,111
37.5300,-110.7203,150
39.2728,-79.3683,111
40.0744,-75.3178,150
42.8783,-97.3633,172
46.1300,-113.3100,57
39.5283,-85.7914,144
38.6308,-89.3658,144
44.2100,-110.6700,128
33.2064,-97.7761,189
40.2650,-74.5642,122
40.0500,-76.2742,117
30.8264,-82.3606,178
37.0200,-106.4500,57
47.2992,-96.5161,150
41.1311,-77.4336,122
38.7833,-79.2833,106
46.1000,-113.1300,150
64.8569,-147.8611,-22
41.3392,-86.3358,139
36.0086,-93.5206,172
35.0264,-90.7347,194
37.1786,-104.4869,161
21.3356,-157.7114,256
31.4403,-98.5903,228
46.4178,-104.5164,244
39.5683,-119.7956,211
36.9178,-106.5781,222
42.5300,-122.1800,104
36.6214,-78.5506,172
40.7900,-106.6000,58
41.5033,-88.1028,167
46.5600,-111.2900,142
37.2167,-86.8936,133
37.0175,-98.4900,156
37.2592,-85.5022,156
43.6303,-94.7744,156
36.3919,-81.3039,106
41.8978,-90.1544,161
30.4292,-91.2069,233
37.1397,-91.6272,117
45.8619,-119.3120,50
40.4883,-106.8233,17
29.2739,-97.1556,228
39.7197,-105.2472,133
34.6647,-83.7342,156
41.5697,-101.6914,150
30.4406,-83.9858,178
40.0739,-87.5067,172
33.4192,-111.6444,367
37.8131,-100.3456,139
35.7178,-89.4986,239
42.1597,-123.6422,244
41.8644,-103.6397,100
42.3092,-88.2533,133
38.2100,-111.4800,76
43.2619,-89.7350,133
45.7508,-108.5706,172
37.5108,-86.2892,128
36.0686,-115.4603,278
42.0025,-76.6383,100
46.5333,-109.3442,78
39.4833,-83.8500,122
39.7458,-122.1997,156
38.4547,-78.9353,133
44.4536,-71.1853,44
29.8858,-81.2883,261
31.2581,-95.9744,189
45.0800,-117.5500,157
45.6700,-113.9500,85
31.3456,-110.2542,261
29.2000,-96.2653,217
32.5181,-84.9378,161
34.1294,-116.3878,244
30.2264,-93.7394,189
47.2800,-121.4700,73
35.0883,-107.5178,156
40.4178,-110.0511,156
41.0569,-100.7494,156
44.6264,-73.3031,100
35.8036,-82.6658,128
47.2900,-120.3700,110
40.4000,-105.8500,48
45.3581,-86.8911,161
43.5100,-115.5700,158
46.4858,-90.4372,139
43.8567,-70.4664,94
43.8564,-111.2769,111
48.0119,-106.4117,339
47.4600,-115.7100,125
40.8100,-105.7700,48
60.5561,-145.7531,78
32.3744,-92.9433,244
39.8189,-100.5339,150
32.1669,-92.1075,200
62.6211,-141.0061,-78
45.7317,-107.6092,339
45.4247,-97.3269,256
41.6569,-69.9589,172
32.9544,-105.7353,139
44.5114,-89.5856,144
44.0622,-103.4819,33
32.3919,-93.7803,200
41.6317,-87.0881,156
42.2947,-83.7108,233
39.3594,-93.4886,156
40.3450,-115.6206,100
41.3300,-77.7381,122
45.5697,-115.4528,-6
41.7675,-72.0531,106
40.9842,-86.8872,150
39.6467,-80.4067,83
40.4256,-105.2103,106
34.7289,-80.0389,194
37.1244,-87.8672,278
42.1106,-104.9492,217
32.7306,-111.6917,250
42.6083,-82.8183,178
42.8753,-100.5517,150
41.6814,-115.5289,44
41.9442,-71.9031,78
28.4558,-81.7233,228
42.0500,-111.6000,121
44.6100,-111.1500,87
38.2306,-90.3981,128
45.4108,-84.2233,194
21.3331,-157.8025,228
42.4897,-95.5489,178
33.2950,-93.2325,217
43.7333,-71.4833,117
31.0833,-82.5653,172
42.3264,-84.0133,172
29.7878,-94.6342,211
38.4661,-101.7758,111
39.2472,-119.9419,228
40.8556,-85.4981,206
40.8900,-110.8300,52
44.7900,-116.0900,82
47.0700,-115.9600,119
47.0083,-88.4317,122
32.5344,-92.6889,183
48.3425,-114.0217,106
44.4717,-70.1594,67
37.7767,-79.4386,156
39.1025,-90.3431,117
47.8664,-93.0267,144
40.2258,-77.1894,100
31.4450,-86.9533,161
39.4708,-87.4081,189
33.1544,-88.5586,161
43.5278,-89.4342,133
36.2872,-88.2958,178
34.0697,-118.4428,267
41.3575,-79.2172,83
42.3194,-83.2378,178
44.2600,-106.9800,124
44.2842,-121.5486,22
47.4661,-115.8114,67
47.9161,-113.8389,39
42.9986,-84.0744,106
46.4992,-87.8450,128
39.8311,-96.1833,167
41.9700,-118.1900,192
41.7392,-77.9711,106
35.8375,-86.0894,167
43.0581,-83.3606,139
47.1500,-116.2700,115
37.6411,-112.1689,61
45.1672,-84.9139,250
33.6461,-97.0592,194
44.4900,-104.4100,158
34.1281,-116.0369,378
40.9900,-72.5119,156
39.7200,-106.1600,31
29.3272,-103.2061,167
46.3600,-112.2600,116
38.9933,-105.8919,-17
46.4100,-113.4300,145
43.0803,-88.8967,133
48.9500,-118.9900,72
46.6300,-114.5800,90
37.1275,-88.6531,150
41.5917,-74.6142,67
31.9194,-108.3442,244
42.4194,-94.9761,144
33.7183,-102.7586,128
35.3056,-120.6619,283
70.3289,-149.6114,-6
41.9000,-111.6300,147
41.8553,-90.9200,128
37.1942,-99.7633,172
31.1681,-84.7664,172
37.3475,-87.5239,250
36.3561,-91.8036,133
36.2994,-103.7408,106
44.1472,-71.9656,61
39.7833,-79.9167,117
24.7706,-80.9072,261
39.0292,-104.8017,100
44.8872,-116.1047,267
47.1600,-121.4200,58
47.2142,-113.5203,289
44.0708,-93.5264,172
36.9167,-96.1000,167
44.0069,-72.3194,39
40.8400,-111.7100,132
46.0750,-87.4894,128
43.1017,-93.8014,150
34.2594,-106.0931,244
37.1189,-113.6067,178
32.3197,-100.1222,183
30.5997,-103.8869,228
38.2119,-119.0142,100
33.6631,-82.1897,183
35.3886,-106.5439,133
44.2994,-120.7264,83
40.5906,-111.6369,211
43.9000,-75.0367,111
39.0733,-93.7075,167
43.1003,-72.7836,67
41.6775,-93.5822,167
37.7967,-121.5828,350
32.6014,-110.6339,267
42.1608,-71.2461,139
43.3728,-103.8778,100
43.6536,-110.7169,67
31.8611,-97.3750,211
31.5339,-84.1489,161
39.2142,-96.3703,189
40.7747,-91.1164,161
43.6842,-114.3603,44
39.6308,-113.8858,289
39.5008,-108.3794,189
38.3422,-104.0567,256
32.6997,-93.6619,206
44.8611,-71.5400,6
43.0589,-76.8386,111
38.9128,-105.2850,206
47.5400,-121.0900,90
46.7603,-117.1861,139
42.8108,-78.3978,128
45.2400,-109.4600,191
39.7539,-121.6242,228
32.5067,-97.3444,200
46.4533,-87.3039,144
43.2500,-110.0200,42
40.8292,-75.0836,111
35.1647,-88.5994,178
37.9700,-111.8300,49
39.4600,-119.9400,126
28.0236,-82.1422,300
39.0636,-94.8958,178
45.0100,-93.3792,133
35.8489,-90.6589,139
37.8133,-92.2319,117
43.2900,-116.8500,196
39.4578,-95.7550,183
38.3483,-88.8533,156
46.5044,-122.5939,144
39.6261,-106.0353,6
43.1447,-82.8011,106
39.2500,-119.8800,172
39.2775,-103.4958,150
29.4631,-90.3072,239
37.5000,-113.9400,179
35.5158,-86.0875,167
43.6089,-84.2011,133
38.3950,-93.7711,178
43.2844,-93.6306,150
43.4033,-103.2683,78
41.4900,-120.5436,283
48.8000,-113.6700,171
45.5500,-122.0000,100
37.2992,-77.2775,228
34.7508,-79.4664,194
39.1661,-85.9228,122
38.4000,-119.5400,98
43.9761,-75.8753,117
41.4714,-91.0464,144
46.4314,-95.5464,156
34.3700,-111.0100,138
42.6900,-121.4300,73
36.2403,-106.4278,117
47.3467,-102.5869,144
41.9069,-83.4158,139
38.8561,-80.3075,133
29.6333,-83.1053,194
62.8256,-149.9061,-6
41.8275,-74.9506,100
43.1700,-110.1400,49
40.5700,-112.1700,180
39.0483,-79.4406,122
30.3011,-99.2681,161
37.2822,-82.0894,139
34.6033,-104.3811,133
43.8769,-103.4578,156
44.9800,-90.5545,133
39.4689,-86.0408,139
48.9711,-97.2417,139
36.8047,-107.6214,133
39.9300,-111.6300,159
43.6000,-114.6700,150
35.5231,-81.4439,144
34.8600,-111.6100,89
45.0400,-116.1300,87
34.9881,-120.3211,222
44.0069,-70.3608,78
41.0656,-92.7867,139
45.9336,-90.4506,133
35.7992,-107.1814,244
37.6761,-81.6214,161
41.6686,-94.4972,144
27.7792,-97.5056,233
35.0317,-81.4928,189
35.7978,-89.1175,150
36.2472,-121.7803,267
60.1900,-149.6200,31
29.7547,-90.7747,233
43.3008,-96.5972,250
34.3739,-81.0928,178
48.1700,-109.6500,107
45.0025,-96.1661,167
44.4200,-111.3900,87
31.8708,-85.4500,167
31.0372,-97.5283,200
31.3706,-100.4942,200
36.4511,-86.6456,156
37.2039,-80.4144,139
48.1300,-113.0200,108
39.9400,-112.4100,168
39.3128,-119.6483,211
42.0028,-83.9336,156
47.0036,-114.4781,33
40.6683,-84.9300,139
43.7292,-98.7131,133
42.3667,-85.2667,178
44.0644,-99.4603,156
45.4283,-101.0764,217
45.9717,-109.2569,322
34.5081,-110.0839,256
33.1525,-100.2333,183
41.7767,-96.2328,178
34.3475,-80.8353,194
44.8500,-113.8400,135
40.8200,-106.7500,143
42.9967,-72.3128,89
35.6672,-82.1236,139
43.3217,-89.5311,128
47.3389,-108.4983,72
39.6600,-105.5900,56
37.6303,-104.7956,100
43.8322,-82.6428,167
32.4714,-87.2314,211
33.0353,-96.4861,217
40.1358,-74.9550,128
26.8400,-81.0872,244
44.9072,-84.7189,122
30.8056,-83.2736,167
39.8383,-96.6364,194
38.0700,-119.2300,121
46.9800,-115.0300,111
41.7200,-92.7489,150
32.9539,-105.8225,194
38.7003,-82.4736,111
41.9342,-88.7756,144
48.8217,-100.4525,128
21.9000,-159.4211,239
33.9200,-109.4600,69
45.8783,-69.1775,61
33.4692,-88.7822,194
44.4300,-120.3300,97
38.7700,-111.6800,134
38.3833,-81.8344,133
39.4700,-80.8572,94
39.6800,-110.4300,68
28.7156,-97.1742,211
36.4650,-118.8619,372
41.4100,-111.5400,159
47.3800,-121.0600,80
35.9150,-81.5378,133
44.6453,-67.6494,89
31.1819,-87.4389,172
42.8267,-71.6261,83
44.6100,-122.2300,102
5.3544,162.9533,289
37.8717,-81.9947,156
33.5950,-112.3014,383
35.7425,-78.8369,178
39.7133,-90.2286,122
63.4258,-150.3117,-11
36.5758,-98.8797,150
38.8472,-91.9414,139
44.8772,-117.1094,250
41.3408,-105.6069,183
41.2019,-80.8106,83
38.5331,-93.5314,161
44.7442,-116.4325,67
41.8700,-115.2500,128
40.2100,-105.5700,79
35.6392,-85.3586,150
37.9233,-95.4242,172
41.9500,-73.3667,106
45.7728,-92.6886,161
44.7242,-122.2547,117
32.7228,-101.9456,167
63.6772,-144.6011,11
40.0750,-103.5678,67
36.8550,-86.8883,156
30.4064,-97.0136,228
44.9783,-93.2469,178
41.6800,-111.4200,125
35.6381,-87.0864,161
35.3514,-101.3897,267
41.0517,-95.7492,183
45.7081,-89.8489,111
47.4122,-105.5950,328
38.4844,-93.2556,178
37.9842,-89.9492,133
41.1431,-96.4808,178
35.0128,-106.0450,56
31.5553,-110.2847,172
39.2467,-121.0008,294
43.8800,-114.6700,78
39.7811,-97.8956,178
44.6167,-121.0011,33
47.4581,-92.5303,133
48.1803,-101.2964,150
39.2450,-99.3808,167
43.1742,-88.7364,150
37.4900,-112.5800,45
48.6600,-119.8400,79
37.5200,-112.2700,128
38.1922,-99.0967,156
41.8200,-116.1000,162
46.8100,-121.3300,88
47.3164,-116.5789,78
43.1244,-121.0620,106
47.0200,-121.4600,50
40.7900,-111.1200,98
44.2656,-85.3967,122
35.1072,-82.6256,117
45.0469,-101.6050,261
41.7144,-70.4717,100
38.7403,-104.3994,256
42.3717,-79.4867,222
32.8339,-97.2975,239
59.7300,-150.6600,68
38.7744,-84.9672,144
36.2333,-80.3069,150
44.7592,-96.6872,139
35.3028,-93.6369,161
43.6514,-97.7847,144
45.7000,-115.2300,42
42.1231,-111.3133,78
39.0981,-79.4322,106
63.9647,-145.1050,-33
45.0058,-71.6903,83
47.4500,-112.8100,107
45.3331,-97.5228,178
43.0411,-89.4286,139
37.5800,-112.9000,105
40.4583,-86.1758,139
44.0139,-96.3258,144
30.7425,-98.6542,311
43.0514,-91.1350,172
29.7986,-98.7353,167
38.9917,-88.1828,183
39.6381,-105.3150,39
35.6278,-120.6856,139
45.6778,-122.6511,133
37.8994,-86.7072,156
47.4825,-100.4444,250
39.7347,-90.1978,106
34.1419,-80.8700,189
43.8600,-114.2100,56
39.4467,-79.5469,128
20.8906,-156.2128,228
46.3197,-93.5014,122
41.8450,-96.7142,178
44.3744,-70.3164,50
38.6489,-87.1989,261
45.4350,-109.8081,272
41.1833,-122.2736,67
37.3822,-102.2986,139
40.3100,-105.6400,75
36.1028,-78.3039,183
44.5175,-120.9389,44
39.3672,-101.4461,106
39.0000,-115.4200,157
31.3747,-93.3911,211
40.2156,-100.6203,167
48.1600,-113.9500,121
39.9961,-86.3542,217
33.9800,-109.5000,65
60.4922,-149.8089,-28
33.8167,-96.5667,211
45.5286,-102.4650,239
42.6722,-122.6750,72
42.7342,-122.5164,256
33.6267,-100.3369,183
45.9511,-86.2514,167
42.4467,-72.5300,89
38.8350,-91.1386,278
36.8894,-81.7711,133
34.6989,-89.8214,167
36.3444,-88.8636,217
43.3597,-122.2208,89
35.0097,-85.3444,150
59.5272,-135.2319,78
41.9211,-72.9636,106
35.2700,-111.7400,48
38.6844,-82.1836,150
38.9667,-98.4889,172
44.4911,-71.5725,44
40.0028,-86.8011,128
43.7144,-106.6375,72
35.0714,-83.9683,150
41.7769,-99.1433,167
47.1175,-118.3714,94
46.5500,-121.1700,78
47.9361,-110.5022,56
36.3806,-84.8744,150
45.1900,-109.3500,155
41.9300,-85.6386,139
44.4983,-88.1119,167
37.1550,-98.0283,161
33.9153,-91.7711,183
35.4111,-80.5833,161
41.5217,-77.4478,117
39.9167,-76.7500,122
42.9919,-97.8703,156
41.8500,-74.0500,133
44.8375,-108.4042,94
67.0833,-157.8500,39
35.0247,-78.2758,194
36.7056,-79.8650,150
35.2522,-106.6347,128
38.1878,-80.8483,117
27.5311,-97.8497,239
45.0456,-92.8522,161
46.1800,-117.5400,122
35.7586,-82.2711,83
39.7333,-82.2156,100
34.5883,-118.0939,356
44.4600,-110.1400,24
47.8306,-110.6608,56
42.8103,-98.6558,178
46.9100,-110.8500,109
45.9203,-96.8308,144
43.0769,-89.1911,144
40.8822,-91.0233,150
35.4139,-86.8086,161
40.1100,-107.2900,92
65.3700,-146.5900,-29
38.6786,-88.4797,144
44.4200,-121.8600,91
34.2431,-116.9169,250
39.1197,-108.5247,183
37.3781,-89.6678,150
37.4725,-122.4433,189
38.9608,-105.2158,50
42.8125,-92.2575,167
34.3519,-82.9300,156
43.4839,-83.3919,128
37.1644,-88.4311,189
61.3800,-149.0000,38
35.9200,-106.3900,90
41.6358,-115.8008,200
33.8017,-118.3411,250
44.3200,-70.7567,61
36.6122,-88.3083,194
41.2986,-80.7647,133
24.6278,-82.8736,283
37.4900,-113.8500,135
45.1000,-121.7500,103
42.0364,-95.3289,150
45.4300,-121.8600,98
42.8942,-71.9842,78
63.3100,-147.6500,-39
37.6908,-106.3083,61
33.9431,-114.0242,356
39.0900,-107.6300,58
40.5003,-75.2044,117
34.6044,-78.6481,206
45.2500,-121.7400,94
37.7000,-107.7800,74
45.7000,-118.1100,104
42.9892,-71.3933,128
46.3450,-120.0289,67
45.8161,-106.2314,222
40.7497,-111.7222,311
46.9914,-112.0122,294
34.5225,-119.6822,211
29.7853,-90.1158,211
41.2514,-122.1383,111
38.1947,-81.3706,150
45.8525,-105.0350,267
29.6319,-81.2061,206
41.0319,-98.9214,167
29.7653,-81.4697,194
38.1600,-106.6000,71
48.7200,-116.4600,156
62.0700,-142.0500,10
43.6300,-107.1800,161
38.3769,-84.3031,189
42.2058,-104.5561,78
36.7458,-84.1753,156
58.3869,-134.7658,78
34.2639,-110.0075,256
48.9700,-115.9500,106
47.3000,-121.6000,65
45.5000,-110.9700,114
38.5000,-112.0100,128
40.7933,-77.8672,133
43.7186,-113.5472,72
37.6178,-86.5044,139
41.6267,-71.2092,133
34.4883,-87.2989,178
39.1614,-87.2436,133
35.9886,-92.7161,122
40.4639,-94.4978,172
45.0400,-121.9300,100
30.9392,-95.9203,200
43.6408,-87.9050,139
59.8600,-151.3200,62
36.2147,-112.0620,200
38.7978,-99.7231,161
44.2500,-118.5200,117
43.7028,-88.9989,117
41.8406,-86.2658,261
37.6200,-107.0300,52
42.3994,-90.3861,133
33.8000,-109.1500,67
40.4056,-81.3436,106
40.4506,-107.5894,56
39.6222,-90.8058,111
38.8739,-106.9772,22
37.2775,-95.7769,200
48.5397,-121.7422,128
35.6414,-106.3322,111
38.8867,-102.7233,128
32.6064,-80.3267,200
30.4183,-92.0442,317
41.5181,-90.5647,189
48.7800,-104.5678,111
38.9536,-74.9358,194
30.4392,-82.7847,183
43.9750,-89.8308,139
41.4000,-107.2600,84
41.4083,-99.6750,156
48.6525,-121.6931,111
43.0519,-88.1775,156
46.3286,-114.0836,117
44.5100,-111.1300,98
46.2450,-91.8047,139
38.4947,-83.0183,122
30.7064,-95.5422,217
34.9536,-89.8297,183
43.8764,-116.9903,89
39.3903,-94.5553,189
44.4122,-104.3567,189
40.5261,-80.6275,139
40.5453,-111.5042,56
40.3533,-83.7747,156
46.3308,-111.5378,267
39.0422,-108.4664,167
39.6500,-105.8700,69
35.1500,-86.5411,178
65.1744,-152.1069,0
32.7750,-92.4075,278
38.9408,-95.3397,189
42.3647,-92.7594,150
18.1511,-66.9889,222
48.5883,-109.2256,106
34.9817,-92.0064,189
35.7103,-88.8222,139
43.7472,-105.7331,117
31.0383,-85.8708,167
31.0619,-94.1011,211
42.8447,-108.7406,44
44.7336,-94.3417,161
40.0961,-75.7514,144
38.5778,-110.7078,139
46.6539,-68.0089,144
41.1839,-97.5500,178
46.4414,-108.5397,356
39.0061,-87.7769,139
38.3706,-110.7153,317
45.8000,-112.5200,121
40.3675,-111.7339,294
35.5050,-96.9772,167
37.9700,-106.5600,88
45.1900,-121.6900,101
41.9117,-89.0708,133
33.5714,-116.0767,383
39.5861,-122.5342,150
41.4581,-100.5986,156
44.1647,-72.6567,39
38.8100,-94.2647,178
36.5994,-89.9894,161
35.1108,-81.9675,156
44.7200,-110.5100,63
47.0000,-113.9300,139
43.0300,-109.1700,92
44.9892,-70.6719,28
43.0608,-86.2047,139
33.2372,-116.7614,150
58.4111,-135.7089,17
45.0500,-98.0956,111
43.8836,-94.1664,211
27.8986,-81.8433,228
41.5269,-72.0642,117
39.2647,-77.2319,156
27.1897,-80.2397,256
33.1272,-88.1550,222
45.0908,-91.4864,139
38.5253,-121.9778,222
42.0736,-78.4517,111
35.1311,-76.9153,222
37.2328,-119.5097,144
64.5300,-163.4200,1
32.2844,-110.7314,256
44.8933,-102.6125,100
41.0497,-112.9367,294
42.1300,-120.8400,101
41.8394,-94.1106,167
48.4300,-113.9400,73
44.3747,-72.5822,50
47.0022,-118.5658,261
41.9900,-120.7200,111
29.1967,-81.0083,244
41.7092,-87.8761,189
35.8575,-84.5278,156
35.3117,-83.1747,139
33.6403,-96.1661,194
41.2667,-82.6167,111
36.1033,-87.1153,150
43.6700,-122.5700,97
40.8603,-115.7425,183
47.2422,-121.1869,44
40.3600,-111.0900,51
3.8500,155.0167,272
62.1300,-150.0400,24
40.5800,-85.6586,122
45.3394,-111.7111,83
44.2308,-74.4383,67
46.2600,-122.1800,86
38.9000,-77.2664,156
29.1378,-95.6253,206
41.8350,-89.5136,156
32.8242,-95.5275,222
28.9606,-98.4772,217
40.8619,-75.6428,139
40.8600,-115.2200,183
45.2100,-117.1900,134
35.9167,-76.2667,222
43.5697,-76.1164,122
32.8358,-116.7775,322
44.9097,-72.8136,39
48.8742,-117.8667,67
33.8647,-117.8425,339
43.5492,-71.4647,156
41.0347,-74.4233,122
35.4544,-93.4397,139
47.3847,-94.6147,167
39.6442,-74.8072,156
48.9300,-121.2000,37
40.4372,-95.3867,183
33.8161,-111.9019,361
40.1239,-102.7214,139
32.7047,-99.3011,200
40.6986,-95.8867,183
42.7600,-112.4800,113
39.4500,-115.9800,161
62.6300,-150.7800,-16
33.2119,-87.6161,244
40.4350,-105.0850,72
39.3136,-80.0297,111
42.0019,-76.5250,106
43.2667,-72.9000,78
36.9825,-104.3753,50
40.1808,-118.5100,322
41.6650,-91.9978,144
43.0864,-95.6292,261
31.5447,-90.4581,172
41.1183,-75.7278,94
38.1150,-103.5100,106
37.3261,-78.8275,156
46.2942,-107.2278,333
46.3911,-97.2392,133
36.1900,-105.5600,90
44.5900,-111.1200,125
46.1400,-114.5100,118
41.0625,-96.0069,172
38.5547,-107.6872,106
48.0600,-112.7600,142
37.4900,-107.5100,106
36.0147,-85.1314,156
41.3111,-122.8045,289
33.2422,-103.3611,161
27.5478,-81.7994,233
40.8592,-102.5167,117
41.7036,-122.6408,94
46.3253,-108.7403,94
42.0931,-72.8036,117
42.8133,-83.8039,100
35.3247,-78.6881,189
41.3978,-88.2819,172
42.1389,-74.0914,83
40.3000,-75.1333,161
47.8769,-95.0161,167
34.8847,-99.2964,161
48.4983,-109.8014,89
46.3500,-121.5100,88
38.4331,-96.5578,183
46.5775,-109.9475,256
30.1064,-83.1819,178
36.2067,-83.3325,139
39.7122,-111.8319,211
43.3400,-88.6006,156
44.9214,-85.5161,150
46.5092,-95.3800,144
39.6667,-80.8667,122
39.9708,-75.6350,144
41.2200,-111.3600,96
30.3961,-84.3556,189
24.7425,-80.9819,272
37.7922,-90.4103,167
34.4758,-84.4461,156
36.1092,-92.1636,133
45.1700,-113.5800,132
43.1086,-88.0306,150
38.6611,-80.6969,122
37.6600,-112.7400,91
43.5606,-103.4881,222
39.8089,-97.0550,189
44.1183,-121.2103,111
37.6336,-83.7161,150
29.7956,-82.9178,167
43.5706,-91.2294,228
43.2794,-92.8106,156
38.7200,-119.8900,87
33.4367,-94.0772,194
41.7511,-76.4431,111
35.5544,-100.9736,133
37.4747,-88.4122,161
35.8950,-82.8311,150
40.2333,-100.8300,144
35.6042,-91.2744,161
33.9000,-81.5389,189
40.0000,-107.2400,83
33.9978,-81.7747,172
67.4192,-150.1069,-39
45.4000,-110.9600,127
37.1497,-109.8675,133
34.5858,-102.3120,117
35.1411,-114.5686,428
42.2269,-70.9125,117
31.9381,-108.7689,217
26.7897,-81.3045,217
31.3206,-92.4611,206
41.2019,-90.7417,133
34.7975,-83.2678,144
38.9900,-106.7500,52
37.0947,-81.7936,122
34.3942,-104.2503,267
33.6517,-101.2450,167
37.7717,-107.1097,17
32.9744,-82.8045,183
40.3500,-106.0900,19
43.2131,-123.3658,106
40.3458,-94.8342,189
37.8700,-109.4500,101
44.0303,-71.1383,61
36.2131,-84.0603,156
43.9592,-115.8453,17
38.4800,-109.2900,105
46.2300,-116.0339,289
33.8342,-118.3758,239
35.6872,-90.0964,183
40.7244,-95.0192,183
46.1900,-122.2500,78
34.1408,-82.8550,161
28.0547,-80.5511,250
46.4900,-115.8000,58
41.7456,-111.8033,172
43.4622,-76.4933,194
39.7267,-112.3069,167
36.3894,-95.0597,178
41.1333,-81.2833,106
44.9900,-113.4400,134
39.6361,-91.2494,156
58.1072,-135.4278,56
42.4000,-86.0667,139
48.0800,-116.0014,250
40.6100,-111.1000,121
40.9025,-90.2897,156
41.6381,-95.7883,178
37.8900,-108.2000,55
36.0956,-81.8311,106
27.5947,-81.5267,239
42.1500,-110.6800,88
43.1878,-103.2372,72
36.6594,-121.6664,239
40.6458,-91.5639,139
47.3706,-123.1600,122
46.1400,-114.4500,71
39.6350,-91.7231,150
60.2600,-149.3400,44
34.3208,-77.9206,217
43.8925,-70.2544,83
44.6197,-91.9794,161
30.8839,-87.7853,183
40.9900,-111.8200,147
36.1800,-108.9500,120
47.4989,-97.3514,128
40.5903,-116.4750,322
48.1900,-118.4600,124
40.4356,-85.2892,156
32.7667,-99.8900,200
41.9164,-84.0158,167
38.2200,-80.8939,122
40.6514,-78.5550,183
36.5381,-98.2661,167
42.4697,-73.9267,78
36.3300,-109.0600,110
63.3336,-143.0372,17
31.8728,-106.6981,200
41.3331,-83.1189,122
37.9825,-103.5439,106
30.2003,-92.6642,272
40.4300,-105.7300,34
36.5575,-105.2628,-22
46.1600,-122.1800,87
43.4122,-83.9561,156
36.1500,-96.2500,183
26.8519,-81.5572,222
41.4725,-73.6550,122
43.6656,-123.3275,100
35.5453,-82.6986,139
43.7550,-74.2692,72
46.4444,-97.6928,106
40.7819,-79.2375,122
31.5519,-90.1058,200
38.2778,-85.7917,178
43.4106,-88.1939,156
39.3478,-84.5897,172
32.3850,-90.8753,194
43.6308,-91.5028,156
31.0417,-104.8372,178
40.8300,-111.7600,128
40.9500,-110.4800,85
39.9614,-86.0586,206
43.6542,-92.9739,156
42.6283,-113.7622,133
42.8519,-106.2842,78
48.8000,-113.8600,124
43.5139,-112.0125,311
42.2292,-122.3814,44
37.2317,-86.6867,156
42.0347,-94.4114,150
47.9803,-116.5594,39
40.7200,-109.5400,44
26.3283,-80.9958,228
40.8250,-92.8925,150
35.1967,-77.5433,211
40.5100,-79.5458,133
37.7500,-112.7800,110
48.7272,-121.0722,106
59.7444,-151.6347,83
32.1433,-89.5525,150
41.1439,-99.7633,217
40.1750,-97.5903,183
42.9131,-98.8511,161
41.4100,-111.8300,166
48.0700,-120.8500,94
38.9100,-81.0844,111
39.3500,-112.3300,191
35.5497,-89.7000,150
40.3706,-95.7469,194
41.8467,-79.1494,111
41.3300,-106.5000,55
44.2900,-115.6600,78
43.5575,-73.4011,117
42.5900,-108.9000,90
40.2706,-84.1508,128
46.9300,-110.9000,75
41.9725,-73.2208,111
36.0300,-106.8100,64
40.4300,-111.6200,116
33.1992,-97.1050,200
38.1964,-99.9181,139
45.0853,-67.1203,83
40.7708,-111.8964,311
53.8950,-166.5433,78
32.4725,-94.7172,189
43.2386,-76.1964,133
40.4386,-109.5211,83
38.5200,-89.8467,289
47.7600,-123.0300,56
46.6786,-109.7536,94
46.5917,-101.8075,111
37.6361,-98.1136,167
32.7100,-100.9111,206
42.7292,-94.6614,167
37.7308,-89.1658,122
32.8006,-116.9281,306
46.0900,-121.7600,77
35.2719,-82.6475,128
46.4867,-84.4089,139
42.7000,-122.1400,102
44.5664,-113.8953,17
42.8733,-110.9075,44
42.3458,-72.1542,72
36.0700,-105.6300,90
43.2389,-88.1222,139
32.7692,-89.1303,178
32.2600,-86.2181,200
36.1533,-109.5394,278
42.8947,-102.2036,122
25.8064,-80.1336,267
43.8225,-91.1914,150
46.9500,-116.3400,53
33.8400,-101.8581,144
31.4364,-100.8781,183
38.5350,-121.7761,228
39.7858,-111.1189,28
47.2467,-94.2228,167
20.6617,-156.0442,267
47.9711,-89.6908,117
40.2764,-99.7836,183
48.1300,-115.6200,109
42.9164,-83.5097,133
66.5700,-145.2500,3
35.1692,-114.5806,322
39.8297,-105.2353,100
38.9389,-94.3558,144
39.3000,-111.4500,75
46.6722,-120.4994,106
35.7297,-81.6728,128
45.9000,-122.2200,105
36.3825,-79.6947,150
44.6981,-102.5608,111
45.5300,-123.3000,100
38.6550,-101.6961,89
44.5272,-69.6544,78
29.4372,-103.9583,211
41.1925,-91.0578,144
40.5514,-80.2167,133
42.4422,-76.7586,78
41.8264,-96.0506,172
38.8500,-120.0800,140
40.7258,-99.0133,172
40.3458,-121.6092,44
29.3486,-103.5950,194
41.4600,-106.2800,31
38.6700,-119.8200,121
38.4478,-99.9100,144
41.2492,-97.1328,172
44.5147,-109.0450,211
36.8639,-94.3600,150
43.0453,-92.3122,156
25.9500,-80.2158,244
33.3867,-97.7164,183
44.7900,-112.0600,117
39.1131,-100.9447,133
34.3956,-100.8972,189
30.9044,-99.7864,167
35.7047,-101.5492,144
48.9800,-115.8200,65
44.8300,-118.1900,128
32.4481,-100.5264,194
38.4758,-102.7769,128
35.7636,-86.9322,172
42.7753,-91.4536,150
39.4600,-114.6500,144
39.4872,-75.2200,161
40.8483,-84.9300,133
46.9100,-121.4800,67
36.8775,-89.6231,161
39.9356,-77.2578,167
38.6867,-105.3925,172
39.0500,-111.4700,103
47.8600,-117.0400,147
29.0361,-80.9181,244
65.1200,-146.7300,-29
42.5700,-108.8400,98
41.8250,-111.3208,244
37.9806,-105.6897,100
34.6847,-81.1958,167
30.3961,-88.4781,194
48.8200,-121.9300,38
42.7742,-77.6083,156
47.9422,-94.4553,133
34.1892,-101.7022,156
32.8067,-91.1730,200
40.5019,-80.0833,128
37.9325,-87.3744,178
44.0042,-124.0947,133
39.3000,-106.1100,57
38.5167,-81.6453,117
38.6450,-95.5661,183
26.0283,-80.1342,250
33.5900,-92.8236,150
41.6117,-86.7297,172
40.4950,-78.4667,139
33.8044,-106.8908,150
42.9608,-90.1161,144
38.4058,-111.6433,39
39.6211,-105.0656,94
34.0050,-118.4139,261
18.3236,-64.8542,322
37.2333,-83.0333,150
39.6800,-111.3200,95
34.9589,-111.7553,211
41.8900,-115.8600,187
38.9500,-115.3800,177
40.6500,-115.3800,138
36.6542,-80.9183,150
38.5417,-90.9753,106
38.3703,-96.5483,167
44.0328,-88.1469,133
42.3861,-72.5375,106
43.5936,-115.9236,111
41.3144,-116.2225,244
46.7800,-110.6200,131
40.3544,-96.1939,178
33.7367,-90.7444,172
47.0400,-121.9400,52
42.9108,-89.2133,133
39.8900,-111.2500,81
41.5519,-89.5989,161
36.5928,-106.7300,122
46.8800,-113.3200,112
41.2400,-106.2300,79
38.4931,-122.0047,211
38.6800,-119.9600,141
34.4278,-103.6250,183
40.0589,-77.5214,150
46.2858,-105.2919,306
34.7764,-76.8769,217
44.9714,-116.2933,6
44.0569,-121.2850,78
45.5853,-69.7186,22
34.9925,-86.8561,183
46.8700,-113.2800,116
39.3672,-106.1897,150
34.8928,-117.0219,289
43.4053,-108.1633,100
38.8894,-86.5519,139
42.7200,-123.2000,96
36.8144,-83.3144,167
31.9353,-109.2186,178
40.3800,-115.5300,164
25.8603,-81.0331,261
39.2400,-111.5200,144
35.7269,-118.7006,133
45.1786,-89.6617,106
40.8997,-97.0908,178
43.9364,-90.8164,133
48.9761,-111.3994,217
37.8900,-107.7100,45
30.2875,-81.3928,256
34.1472,-115.1219,267
38.1692,-79.0844,139
38.2186,-83.1431,139
44.7700,-116.2500,114
38.0633,-102.9297,122
40.3444,-91.1125,139
40.7831,-76.8617,117
40.7131,-79.5144,89
39.3831,-74.8289,156
42.4717,-79.3336,133
33.8642,-79.7297,206
34.5569,-86.9503,172
42.2031,-98.7467,161
31.8353,-110.3553,183
36.2528,-81.9136,117
47.3700,-121.4400,63
39.0100,-114.3100,127
39.4608,-105.6786,56
41.9539,-70.9572,56
36.2953,-86.6569,172
43.9181,-113.6317,278
41.4233,-76.4933,117
43.6028,-72.3622,72
42.1342,-77.0692,122
34.0250,-91.3444,300
44.2764,-72.4153,22
32.5575,-82.9000,172
44.5781,-106.4472,206
39.6200,-106.3800,108
41.3600,-106.2300,58
43.9158,-83.0831,139
41.8158,-78.2872,94
45.2700,-111.4300,143
45.0900,-71.2906,33
35.8092,-85.6417,167
40.9467,-123.6364,294
28.2764,-81.4239,239
37.7889,-80.3083,156
40.5228,-78.3694,133
41.5300,-116.0100,155
30.7478,-99.2306,233
34.1981,-101.7461,133
30.5228,-82.9447,172
35.4186,-119.0508,339
41.1203,-90.1642,122
42.5200,-111.9600,121
38.9300,-120.0500,99
38.0583,-83.9333,139
43.0908,-73.1244,106
43.8600,-109.3200,102
29.8833,-97.9494,211
34.0464,-94.3481,178
41.9003,-79.8611,111
42.5497,-78.5767,194
37.4403,-112.4819,233
34.4417,-83.5161,156
44.2822,-70.2561,83
45.8700,-110.9300,146
27.6606,-97.3983,244
44.0206,-88.5581,172
48.6008,-120.4275,122
42.9328,-76.5447,111
32.5403,-94.3508,200
34.6269,-79.0250,194
37.7558,-87.6456,172
33.1244,-94.1661,189
44.0686,-98.0833,144
43.2581,-72.0028,50
32.4178,-110.9303,267
47.7850,-120.6456,128
45.3047,-93.5842,150
42.6500,-110.8100,85
39.7633,-104.8694,100
44.2581,-71.2525,89
34.0967,-87.9914,167
36.1075,-85.5033,172
37.6167,-93.3911,139
41.3708,-88.4336,161
31.1903,-84.2036,144
36.4650,-83.5603,139
17.7469,-64.7014,289
34.5475,-101.7614,128
43.2356,-99.4339,156
64.9767,-147.5211,-6
37.2597,-91.4278,89
32.3778,-103.7986,250
48.1925,-106.6383,228
47.0600,-112.6000,62
44.3700,-110.5800,29
34.6111,-82.7269,156
45.2172,-70.4825,17
36.2469,-86.5631,178
39.7808,-79.0411,67
44.5400,-107.1800,138
45.6403,-68.6747,6
34.2878,-85.9681,161
39.2975,-87.9747,139
42.4078,-82.8892,200
40.2411,-83.3669,178
32.5339,-96.6608,189
35.4072,-104.1906,161
40.3589,-75.3222,133
26.1408,-80.1061,256
36.8586,-112.7386,222
32.3697,-112.8600,322
47.6856,-119.1111,133
41.8089,-72.7806,144
33.7544,-78.8219,222
40.5400,-106.6800,100
43.7022,-95.1519,156
42.6178,-71.9158,94
38.4400,-119.3700,106
45.5333,-92.0222,139
41.1586,-96.1922,178
38.2122,-75.6822,228
46.8400,-116.1200,136
41.3489,-73.0694,117
64.8500,-147.8000,-21
48.1989,-120.7736,111
43.5861,-83.1805,128
65.4900,-145.4100,-55
30.5844,-97.4156,200
43.4131,-106.2772,83
40.6233,-93.9508,161
26.1019,-80.2011,244
40.8900,-115.2000,154
35.2244,-85.8417,161
37.1317,-96.1861,161
40.2800,-111.6100,164
45.4478,-99.0383,167
33.4528,-87.3572,183
43.8583,-71.2597,39
29.3364,-99.1383,217
39.8986,-80.1656,83
31.2489,-92.4489,222
18.1281,-66.2642,239
42.7000,-108.9000,75
46.8844,-98.6850,122
45.3575,-88.1919,128
47.2386,-68.6136,6
40.3600,-116.8600,183
40.0567,-80.7283,122
38.0969,-83.1189,133
35.6008,-105.9322,94
30.0206,-92.7681,217
31.8367,-102.3586,178
35.7539,-99.7628,144
46.9878,-104.1567,189
32.8522,-95.8864,206
46.4700,-114.6300,87
39.9919,-105.2667,278
45.6911,-118.8522,228
39.4400,-105.9100,34
33.7033,-96.6419,211
18.3169,-65.8664,239
37.6150,-118.0106,117
41.0664,-86.2097,122
42.0981,-89.9842,172
41.1500,-106.9700,105
48.6100,-95.1817,139
40.4006,-110.7586,78
1.0833,154.8000,272
32.4514,-93.8417,228
33.1714,-101.7981,172
37.0556,-80.7842,128
38.1869,-94.0281,172
64.8500,-146.2100,-36
39.6633,-77.5828,111
47.2336,-123.9897,156
45.4164,-91.7719,150
20.5569,-156.5750,228
32.3994,-91.1842,228
17.9722,-67.0461,278
43.7117,-75.4258,111
35.1161,-93.6506,161
35.5894,-89.2586,178
44.1614,-88.0803,144
46.9161,-103.5264,139
45.0194,-99.9403,144
33.2850,-86.3431,172
40.3333,-76.4667,161
47.9558,-124.3539,161
34.1483,-118.1447,228
42.5719,-72.5975,83
31.3072,-95.4508,211
29.8608,-98.1958,217
33.1144,-91.2628,183
34.6350,-81.5206,194
32.7047,-108.7281,272
43.6425,-123.5828,78
30.4653,-83.4022,178
40.9656,-105.2186,39
61.1561,-149.9847,61
29.9347,-90.1361,239
43.1900,-122.1400,55
47.1686,-92.4628,144
38.6078,-97.9597,178
34.2256,-92.0189,189
32.2822,-106.7597,183
37.5194,-97.3142,144
44.6247,-124.0469,94
42.1600,-114.1900,148
44.6650,-72.0233,6
33.0217,-117.0814,256
34.6108,-111.1922,89
41.0469,-102.1467,111
34.2833,-86.9142,189
38.3772,-120.8008,244
37.3500,-105.2300,70
32.2842,-83.4681,161
38.9189,-81.9114,117
31.7831,-95.6039,189
30.6036,-92.7739,194
41.2458,-111.9369,156
33.7158,-108.7769,100
46.7900,-110.6800,64
36.9783,-91.3847,106
44.7892,-122.8142,111
41.5700,-115.0300,179
42.6667,-74.4333,72
33.0642,-101.0489,200
41.9928,-71.1667,83
36.8619,-93.9619,144
31.2547,-89.3392,194
38.4800,-112.3900,102
29.3167,-100.4144,183
39.7417,-74.7258,211
43.7667,-88.4669,172
44.4200,-72.0194,178
36.7100,-105.4164,33
42.0417,-93.8906,150
40.5100,-105.7700,-2
45.3397,-92.9125,156
39.5064,-78.3158,122
33.3592,-91.0600,228
45.5000,-110.0800,119
41.4439,-86.9294,128
35.1400,-112.1500,100
39.3758,-112.3342,183
38.1253,-82.6936,144
18.2264,-65.9114,233
33.6617,-115.7206,256
39.0056,-114.2206,211
29.9381,-82.1164,200
42.7000,-120.8000,99
19.2036,-155.4858,194
34.7261,-100.5372,178
31.5253,-87.9278,167
37.1639,-101.3400,167
37.6000,-112.9200,90
44.5767,-106.9061,189
26.5650,-98.1203,222
37.4900,-106.8400,30
61.2967,-149.4400,72
43.4700,-107.2400,141
44.6122,-72.0481,61
44.9600,-111.2900,127
37.3858,-109.0750,133
37.5581,-115.2236,167
45.2436,-109.7311,222
45.3614,-84.9511,139
41.9903,-77.1567,128
38.1678,-109.7597,172
40.8778,-88.6364,156
40.9386,-117.7514,78
44.4500,-119.9300,90
43.3606,-70.4697,78
38.5744,-109.5458,333
40.7928,-87.7556,133
40.9400,-115.1000,173
43.8111,-107.3653,28
42.7467,-71.0425,100
37.3542,-84.3369,161
33.1481,-95.6269,200
21.2717,-157.8167,272
46.0003,-91.5075,200
41.8039,-89.9744,139
36.4583,-86.3239,167
34.9786,-85.8008,178
39.1439,-103.4897,78
60.4500,-151.9167,39
37.8786,-95.7292,172
32.9619,-102.8219,172
36.3278,-119.2994,217
41.5778,-109.2394,289
59.7667,-151.1667,-22
36.6686,-81.9647,122
35.8100,-80.8808,139
46.0544,-90.5217,117
45.8833,-91.0700,144
38.9817,-81.5658,106
25.5819,-80.4361,244
38.4931,-88.9703,139
40.7667,-82.6167,172
47.7500,-121.0900,71
35.3042,-87.7592,150
37.9572,-91.7758,178
40.8222,-75.6961,156
38.7075,-112.9539,206
40.9486,-91.5647,133
47.2300,-120.2900,90
32.8100,-93.0625,167
43.8894,-100.7078,156
34.1433,-93.0589,167
43.5000,-109.7500,54
30.5831,-100.6503,183
42.7561,-93.2019,139
43.1631,-93.1953,156
47.6811,-117.6267,106
35.4467,-83.4622,139
33.1353,-107.2317,228
29.0892,-97.3433,183
69.4200,-148.6900,-5
39.3000,-120.1800,151
36.1878,-81.8736,89
37.3578,-83.7706,139
38.3311,-79.6586,133
44.9342,-95.7461,161
44.7631,-88.6183,144
44.3000,-115.2300,81
35.2836,-106.6194,117
40.8917,-74.3961,144
46.0258,-68.4975,67
40.6831,-79.6683,122
43.3864,-84.6492,150
33.7775,-81.8467,172
38.8008,-81.3583,117
45.1308,-90.3439,117
30.4267,-101.0367,161
29.2703,-103.3003,183
46.4625,-90.1956,144
36.5508,-114.4581,222
39.5608,-88.6067,111
45.0483,-93.0958,233
38.4039,-106.4236,-33
37.6497,-86.4308,156
58.1900,-133.8300,84
45.5231,-92.7489,144
42.5117,-75.5197,72
40.0600,-107.0100,73
32.1664,-103.4250,178
41.0461,-83.6622,178
31.0286,-84.8911,178
41.1072,-88.4111,128
40.9361,-90.7197,144
42.4100,-122.2700,72
43.9500,-119.5400,134
39.3200,-106.6100,36
38.9267,-97.2128,200
43.3656,-83.5828,128
34.4600,-111.4100,151
31.8278,-99.4319,178
47.4144,-121.7561,100
36.4700,-105.1900,96
46.1047,-110.0500,228
42.6469,-95.1933,150
41.3800,-74.6847,117
39.1331,-94.0639,172
39.3739,-97.1275,178
34.7961,-92.8417,156
40.2300,-105.9200,73
46.1800,-113.8500,87
35.6878,-83.5372,150
43.3800,-109.8800,97
41.0194,-93.7503,133
43.9072,-99.8628,244
45.4442,-105.4072,333
36.0003,-89.4100,150
40.4517,-99.3803,167
33.6900,-109.2200,71
37.0222,-100.9294,167
38.2900,-106.3700,75
35.4417,-100.8114,111
37.1150,-103.2986,128
45.5600,-118.4500,138
40.6653,-86.9550,122
31.9611,-96.6881,217
35.0381,-108.3492,156
38.2597,-104.7169,106
43.9994,-91.4378,222
34.6153,-105.4739,106
41.7350,-111.8564,128
41.5183,-84.1453,144
27.0267,-98.9808,211
42.8967,-122.1328,56
33.4000,-105.7900,88
44.5358,-83.7022,100
41.9844,-71.4908,106
46.0725,-97.1461,139
40.7514,-74.1567,178
42.6333,-89.3867,133
38.6758,-96.5097,189
36.5472,-87.3353,189
41.7644,-105.3750,61
26.8339,-97.7078,217
36.6364,-80.2514,161
44.0697,-102.4478,117
39.9600,-110.9900,117
38.7983,-94.4436,167
36.9600,-106.6600,79
37.8444,-79.1303,100
44.6831,-113.3622,156
48.0667,-121.5667,128
40.4400,-112.2400,148
45.4339,-108.5361,78
20.7008,-156.3561,161
44.7158,-103.4275,106
39.0800,-82.7078,117
38.9111,-101.5853,111
33.4792,-100.8761,167
36.0650,-86.4175,150
36.0336,-90.4978,178
47.9967,-119.6483,183
35.3400,-111.6500,53
36.4661,-104.9456,250
46.2700,-121.9600,86
41.0600,-106.7100,92
43.2300,-122.4300,84
42.2611,-98.3417,183
48.5300,-120.9900,61
40.6092,-96.8719,178
37.6528,-84.7708,133
39.5228,-79.4131,100
35.8167,-104.9244,44
32.7056,-94.7889,211
31.8142,-93.0856,200
36.1306,-80.5481,150
33.9047,-87.3153,183
43.6600,-122.2100,101
41.3214,-84.7475,156
41.7117,-93.0297,156
45.1872,-69.1839,33
37.9700,-105.5400,15
41.3906,-73.9608,139
44.6600,-111.0900,89
37.8044,-114.4069,222
42.5711,-100.6931,167
41.0000,-106.9100,45
42.2600,-112.1300,181
42.5503,-84.8258,133
32.5133,-92.3486,178
42.0100,-115.0000,143
45.5400,-123.3700,82
33.7400,-108.9500,103
43.4172,-84.0642,167
40.1942,-110.0617,100
35.3694,-111.5436,50
32.3222,-110.4147,228
39.3925,-101.0689,150
41.9953,-117.7200,278
45.3172,-85.2672,150
37.1089,-92.5789,117
31.0158,-104.1108,156
33.6789,-79.3808,217
47.4500,-91.2167,117
42.1717,-100.0106,178
31.6756,-89.1236,161
36.7900,-105.2400,71
29.4608,-101.0286,211
40.9319,-103.8678,67
36.8708,-76.2289,217
38.6278,-92.5545,178
41.3800,-111.9400,165
39.5000,-111.7300,79
43.1003,-88.5036,161
39.3200,-111.4900,158
31.9792,-111.3836,294
40.4044,-111.5289,67
40.9700,-111.8100,110
31.9622,-95.2736,206
32.6053,-93.2947,200
44.7608,-85.6442,144
36.2631,-101.4050,139
35.2600,-112.0600,126
30.0969,-94.0997,217
45.0364,-99.1342,122
40.8494,-84.5808,144
44.8831,-85.6753,161
46.8167,-117.8831,206
40.8600,-102.8031,122
41.2500,-73.3500,133
28.8728,-81.7844,206
41.5747,-90.4006,172
45.3167,-118.0747,78
46.5053,-120.1678,211
35.2111,-118.8336,311
39.4458,-88.5961,111
40.4664,-87.6850,161
35.2300,-108.2700,85
42.2619,-96.8636,172
35.1011,-118.4222,239
41.6661,-111.8914,122
29.8233,-91.5442,217
44.9500,-116.1400,80
40.2058,-92.5747,144
48.3164,-113.3542,50
40.9153,-97.5997,178
38.9664,-93.4194,161
40.1467,-79.8986,150
44.0875,-91.6703,172
36.2614,-116.0561,200
40.2539,-85.1483,133
30.7342,-85.0306,167
44.7178,-93.0975,167
32.8472,-97.4761,217
41.9900,-120.1800,112
42.5136,-99.0303,161
57.9578,-136.2214,56
35.0931,-93.9258,161
61.5633,-149.1542,44
45.8383,-101.2767,178
26.5581,-99.1372,233
43.6825,-121.6875,61
42.8222,-99.7467,156
41.3000,-107.1500,143
37.6500,-108.0100,38
46.9728,-92.8700,117
30.4144,-97.7664,200
34.8242,-106.0344,94
39.9714,-91.8872,133
42.4942,-108.7289,17
46.4400,-112.1900,99
46.6700,-110.3300,150
39.8361,-89.6250,122
31.9850,-83.7747,167
45.6778,-121.8736,139
46.1825,-103.4061,111
35.5953,-88.1175,156
36.2456,-85.9450,156
30.8275,-100.1103,178
42.6000,-90.4236,144
41.8819,-70.9086,78
36.5517,-84.1728,156
55.4908,-132.6222,56
37.5422,-122.0158,217
44.6425,-71.8908,11
43.8081,-82.9939,139
40.8800,-117.5900,178
45.0200,-111.8500,138
39.6419,-78.7561,106
45.6528,-89.3075,100
61.1900,-145.6500,33
45.8944,-106.6336,183
33.9825,-112.3617,356
45.9800,-117.9500,98
38.6361,-95.8031,178
38.8592,-96.1058,172
35.3297,-82.4492,133
44.3000,-109.2400,155
64.8833,-147.2500,-28
31.6725,-100.7283,206
45.4353,-67.7214,56
34.4931,-107.8883,89
41.1381,-87.8856,156
42.9294,-78.0319,94
44.0908,-92.6400,150
47.8358,-94.2556,156
42.9375,-88.0297,133
40.0503,-101.5325,183
43.3442,-73.0522,183
37.2275,-119.2206,106
38.4583,-91.7028,128
47.3600,-121.5700,78
37.8183,-96.8444,167
41.9700,-111.6000,111
39.3061,-102.2608,122
41.2664,-102.6586,111
40.5600,-111.6600,145
34.5675,-92.6006,183
36.9839,-77.0078,194
42.9600,-110.6100,103
46.9692,-120.5400,94
36.9769,-79.8961,150
30.7189,-97.3211,228
45.8864,-104.5478,272
39.8800,-86.0514,172
39.0669,-100.2389,156
32.7275,-95.1925,194
40.6742,-100.4936,183
42.9750,-82.4194,172
34.7500,-111.4100,108
42.3328,-75.2297,100
39.2836,-86.7703,122
37.6967,-93.7722,161
44.4000,-107.0600,111
36.0286,-107.9106,67
42.8783,-82.7958,156
41.3300,-106.3800,86
37.5100,-113.4000,171
41.1200,-73.0800,144
41.5631,-78.6014,100
43.0219,-78.8467,139
41.2300,-105.3800,97
39.5092,-123.7567,150
35.0967,-82.9508,133
39.2453,-112.1067,189
41.7394,-75.4464,94
36.8581,-92.5875,128
39.4300,-120.3100,118
35.6967,-80.6228,161
33.1689,-95.0056,189
44.9153,-69.0539,61
34.3347,-86.3294,172
44.4886,-110.0039,0
39.8283,-95.0881,189
42.9269,-83.9894,117
32.6094,-83.6164,178
37.4300,-108.1700,104
38.9075,-105.4706,22
58.2944,-134.6753,56
46.6400,-121.3800,84
35.8722,-76.6592,211
43.7100,-114.1600,88
36.0000,-106.8300,50
40.9667,-78.5872,111
31.4825,-91.8628,211
39.3667,-94.3294,178
32.0339,-88.7100,172
40.5492,-88.9500,111
42.4694,-75.0106,78
34.6158,-83.5428,156
36.0828,-85.8261,167
34.9806,-101.9264,122
36.0067,-119.9600,194
38.2597,-93.4136,161
34.2650,-88.7658,261
33.9511,-117.3881,322
34.1469,-116.2747,267
39.0900,-114.9000,139
38.8711,-98.7053,161
33.7275,-111.8606,356
41.1314,-81.4492,117
41.2322,-76.3422,122
37.9300,-107.6800,50
48.9981,-110.2158,261
28.4658,-98.3539,217
39.1114,-82.9797,122
44.6100,-116.9800,167
38.3422,-83.1036,122
48.6900,-121.9100,65
30.0719,-91.0278,217
31.1769,-83.7492,161
41.1247,-73.5475,183
33.6744,-95.5586,200
20.7947,-156.0153,261
42.6856,-78.2203,128
34.8219,-89.4347,139
35.1842,-87.0422,167
46.3119,-119.2633,161
34.6400,-102.7231,122
38.6292,-90.2706,200
39.1014,-108.7339,178
35.7047,-86.4869,167
40.6742,-94.7244,178
41.4764,-75.1653,94
44.1011,-115.9694,322
38.8417,-104.9742,183
41.1222,-98.0283,172
25.8175,-80.2858,256
35.8550,-94.0203,178
33.8083,-100.2981,183
39.9633,-89.8678,178
47.9753,-122.1950,139
35.0556,-77.0858,228
40.9464,-90.3856,144
47.5339,-116.1222,111
30.0317,-96.2167,239
34.9831,-83.0678,133
65.0033,-147.3408,-17
46.2553,-114.1642,33
44.5036,-109.9639,28
48.2000,-120.9200,43
36.3925,-89.0317,144
37.2758,-95.4728,183
45.3242,-105.9136,183
39.7600,-107.3600,75
48.4469,-113.2239,39
31.5678,-111.0497,239
30.0592,-94.7950,211
43.4978,-100.4794,150
39.3572,-115.3303,61
40.2578,-74.0028,178
37.7500,-119.5897,144
31.9497,-91.2336,239
47.2472,-122.4122,139
35.1581,-92.7672,144
38.4747,-100.9175,139
44.9197,-69.2417,44
43.0583,-77.0689,50
43.9144,-122.7600,122
38.3000,-112.4400,74
40.6558,-97.2208,178
43.0167,-70.8333,117
26.1917,-98.2511,228
40.3689,-105.5108,44
37.4900,-112.5100,108
47.9261,-112.2919,100
43.0114,-84.5542,128
31.8797,-102.3592,222
38.6439,-82.8628,150
48.4742,-120.1886,206
43.4194,-82.8192,156
35.5125,-93.8683,167
36.5750,-94.0539,144
46.3414,-86.9242,133
41.6700,-117.5700,140
32.3122,-102.5606,189
44.5564,-94.2208,167
39.1300,-114.9600,133
42.7100,-109.4100,93
38.8800,-112.2500,137
42.5881,-70.8372,83
38.5208,-115.5444,144
46.2986,-109.2561,328
30.3703,-103.7808,183
37.8117,-95.4456,183
48.2783,-110.6019,67
33.5636,-83.0767,161
35.2342,-93.1675,283
37.2614,-93.5911,139
41.7069,-94.9222,150
41.2500,-111.4100,88
34.6736,-86.0536,172
46.8925,-101.4897,144
31.6419,-89.5572,178
39.3619,-123.1286,333
41.4639,-97.3278,167
37.4636,-113.2897,261
44.1308,-122.2419,83
40.5300,-106.7800,86
39.6553,-105.7089,61
34.4744,-91.4172,178
42.8700,-122.1700,62
42.8089,-72.0053,78
38.8500,-119.9400,85
35.3000,-108.1472,250
36.0100,-114.7964,294
34.0828,-106.8831,139
47.8039,-103.2892,161
33.8100,-110.9200,157
37.4297,-106.0317,22
36.7619,-96.0117,144
39.1078,-113.9533,317
36.2642,-90.9683,167
40.2600,-103.8156,122
34.5975,-113.1744,206
39.4136,-114.7733,133
44.4667,-115.5667,17
45.7717,-108.4811,144
39.1342,-93.2225,150
31.8347,-100.9828,211
29.0567,-96.2319,222
31.9600,-111.5972,172
43.4361,-75.3697,89
47.6575,-118.1614,94
30.1853,-82.5942,183
38.9386,-77.1133,178
37.8394,-94.3736,150
40.9600,-110.5800,25
37.8725,-82.5194,144
30.8697,-84.2175,167
41.2519,-100.0750,161
37.6769,-95.4472,172
37.9969,-79.8317,144
42.2122,-71.1136,139
43.1878,-88.9844,139
43.5492,-121.9639,72
33.7044,-115.6289,228
40.0136,-74.8178,167
42.1100,-79.1592,106
32.7692,-94.3592,194
38.4683,-102.2169,172
42.6325,-72.1233,67
39.9233,-86.5983,128
35.4922,-86.4775,178
41.6042,-88.0850,172
41.4175,-95.0042,167
39.8600,-106.4200,108
38.2144,-98.2078,156
33.7478,-112.5983,289
42.0772,-91.3028,139
37.0769,-111.6639,211
40.2964,-86.9028,128
44.5900,-121.9700,91
40.6864,-100.0536,156
47.3500,-120.6800,87
36.7764,-80.0272,167
45.9900,-120.6800,111
39.7156,-82.6072,200
34.3850,-94.8981,133
32.6592,-85.4492,172
37.8300,-84.0347,156
43.1497,-124.4019,139
47.2436,-93.4975,122
41.3800,-111.9200,97
47.9900,-120.5700,100
59.4547,-135.3136,72
42.7600,-116.9000,166
34.7569,-112.4567,189
61.0700,-149.4800,-3
26.2981,-98.1575,228
36.3100,-115.6800,156
42.6167,-97.2608,161
44.4100,-103.4775,244
46.8736,-89.1006,144
36.6953,-78.8808,161
40.8900,-105.6600,56
32.8856,-116.8150,217
44.3089,-85.2050,100
45.6528,-84.4725,150
32.7053,-93.9603,183
39.9150,-79.7192,183
42.2361,-97.0108,172
33.3700,-108.7100,81
41.6700,-116.0700,132
35.1722,-111.5097,100
41.5639,-103.3678,44
33.4886,-80.8733,189
42.0264,-115.3597,61
43.1708,-89.8192,128
44.0728,-103.2108,144
37.7100,-107.5100,46
47.5214,-100.8883,122
35.3125,-81.9889,144
43.7031,-98.0356,172
43.9772,-113.8289,261
63.9300,-145.3300,9
26.2167,-98.4000,283
38.0047,-120.4864,178
31.9461,-90.3775,178
36.4197,-90.5858,139
26.1686,-81.7158,228
30.7806,-85.5503,172
30.7053,-104.0233,122
35.9833,-83.2008,167
39.8000,-106.0300,21
26.9164,-81.9983,267
29.8894,-93.4019,228
36.7900,-92.2192,156
47.1800,-114.3300,130
44.2992,-92.6661,156
60.4194,-151.1336,78
38.0264,-107.6725,94
61.7900,-149.2800,15
40.3142,-74.2511,200
27.8703,-81.0436,256
41.6717,-107.9786,211
60.9600,-149.0900,19
42.1172,-77.9475,100
44.3589,-88.7189,133
44.2206,-114.9342,-33
35.2489,-106.5950,89
38.2875,-77.4508,172
43.7700,-114.4200,93
46.5522,-90.9161,139
39.4239,-85.0128,117
29.9167,-90.1303,244
35.2414,-112.1928,256
39.0642,-77.8883,150
47.1253,-91.7067,117
63.5400,-150.9900,18
41.5167,-118.7192,256
33.3169,-79.3228,228
31.6772,-88.6708,167
38.1311,-105.4661,183
30.8178,-90.9733,200
37.9458,-79.9542,156
34.2481,-80.6883,194
48.6758,-121.2419,117
43.2100,-111.6900,159
36.9900,-105.2600,50
36.2747,-91.5056,150
38.2322,-78.1203,167
36.1014,-87.2847,139
32.6100,-110.7317,261
34.2308,-118.0711,200
41.5833,-81.1833,122
31.4144,-97.7019,294
40.4661,-118.3047,106
48.8628,-97.7014,133
47.6800,-121.6100,70
37.0158,-102.5550,150
35.4267,-82.5575,133
41.3283,-88.9106,150
38.1025,-81.8464,150
43.6478,-70.6750,61
38.3000,-119.5500,104
45.4136,-97.9064,244
37.7511,-103.4775,106
37.8603,-83.8969,161
35.6408,-78.4633,183
35.9689,-87.1364,172
42.7300,-106.3200,134
46.7781,-90.7653,133
42.6408,-71.3636,83
30.9539,-85.8831,189
42.5836,-94.2006,156
40.8125,-82.9697,106
46.8700,-121.5300,53
44.6500,-93.6356,167
40.4644,-111.7708,306
41.0125,-75.1906,128
34.7994,-109.8850,294
35.0761,-89.7430,189
41.4700,-111.5000,141
32.8347,-88.1342,161
40.3033,-121.2422,61
40.8397,-111.8314,306
34.9078,-81.9139,189
39.2219,-105.9936,128
36.6897,-108.3086,161
35.6394,-84.6650,161
48.8600,-121.4400,38
32.2553,-109.8369,200
46.3433,-94.2086,150
48.9989,-106.3800,300
44.7275,-121.2506,89
36.1300,-105.5300,41
36.0469,-115.1847,289
36.4194,-97.8747,200
43.4500,-122.1400,69
36.2347,-115.1164,244
48.6469,-118.7314,200
42.7500,-73.6833,111
39.8081,-110.2569,83
36.8864,-104.4428,244
45.8814,-111.4164,50
38.0700,-112.1700,105
43.9906,-97.0925,167
40.0136,-78.3653,72
38.7900,-111.6900,130
38.2575,-119.2286,50
40.4906,-92.3706,144
35.0197,-82.6925,167
36.0908,-106.0567,61
45.0600,-109.9400,121
44.7300,-109.9100,119
46.0333,-97.5950,139
33.3503,-105.1400,261
37.7928,-86.2325,122
31.5889,-91.3408,183
45.0333,-84.7114,117
45.0281,-87.7355,144
42.0289,-97.4855,156
43.5594,-90.8761,122
44.0344,-98.9869,144
42.7500,-118.6900,123
36.0164,-76.5517,200
34.5181,-83.5286,144
45.0700,-118.1500,138
42.6781,-90.1064,133
38.2175,-80.0914,89
41.7019,-121.5011,161
33.4847,-89.6244,167
41.6653,-88.9781,144
44.6353,-70.0003,56
42.5492,-88.8753,206
39.1600,-114.6100,107
37.2825,-109.5575,283
34.2325,-111.3447,306
44.5842,-72.7869,50
43.4447,-88.8478,144
19.2706,-155.8747,189
43.8000,-121.9500,67
41.6767,-78.8036,72
40.8656,-72.8642,139
43.5878,-96.7300,178
36.7578,-90.4056,150
36.1617,-81.8742,106
37.8500,-107.7300,31
44.5300,-111.4100,144
46.3158,-113.3000,272
37.7500,-77.4833,178
40.7325,-92.8900,139
28.8608,-97.0181,211
46.8367,-92.2108,128
34.3100,-110.7500,141
32.4219,-93.6381,211
37.8564,-80.4042,150
37.9339,-114.4522,172
40.8142,-85.1547,144
42.4344,-83.9858,233
32.9069,-85.4336,189
34.5858,-83.7658,156
64.7900,-141.2300,23
34.0783,-93.7019,239
42.2700,-110.8100,59
42.3353,-111.3850,83
44.9633,-92.3906,167
35.4206,-82.1878,139
43.3194,-88.1681,139
44.8700,-118.1100,60
40.5208,-101.6550,128
43.7003,-71.4664,89
41.6000,-122.8478,72
39.0294,-98.1300,167
39.9808,-95.1464,178
40.9931,-102.2625,133
37.9931,-100.8122,167
42.6500,-109.2600,46
45.0983,-87.6236,150
40.9239,-87.1753,111
31.0767,-82.8003,161
33.7572,-116.7067,267
42.1003,-78.7497,106
40.6700,-111.2200,155
40.4600,-76.8703,122
41.3503,-89.1072,150
41.0036,-95.2419,178
60.6200,-149.5300,19
33.6483,-85.6006,172
35.8528,-77.0306,211
43.6100,-113.9300,98
46.7800,-121.7500,56
36.5297,-97.4472,178
37.3875,-75.9744,217
43.3311,-88.4114,139
39.2911,-80.7694,100
29.8100,-99.2497,167
36.9861,-94.3553,128
64.9500,-145.5200,-7
38.3897,-108.9494,89
39.8700,-105.8700,70
37.8156,-112.4386,28
25.6719,-80.1567,289
34.7050,-118.4297,283
39.4575,-98.1125,183
45.1769,-109.2572,283
33.2053,-86.2114,167
41.5889,-75.3303,111
41.7400,-115.4700,134
64.5600,-164.2900,-999
42.6008,-99.3333,150
35.3683,-85.7014,150
38.1872,-80.1336,106
32.2619,-97.7064,172
32.2542,-111.1961,283
40.8433,-101.2094,156
43.2358,-97.5714,272
34.4989,-82.0219,161
31.5514,-99.7081,256
46.7953,-88.6014,161
47.6775,-114.2419,233
40.1700,-107.0600,74
41.7947,-90.2639,239
47.2472,-91.8625,122
39.5572,-107.7261,33
33.6500,-109.3100,67
44.2333,-85.4217,139
43.4156,-83.2894,150
48.4100,-115.3181,44
41.6117,-90.5817,156
42.5794,-83.6844,167
40.8836,-109.1803,128
43.6450,-95.5803,144
42.6422,-85.2875,133
47.2700,-113.7600,64
41.3661,-89.4519,139
44.1100,-103.9800,114
68.6200,-149.3000,-39
43.3456,-111.7847,117
42.1847,-75.1456,83
46.2325,-116.2430,122
30.0067,-97.1689,228
41.9872,-98.0747,167
37.2714,-80.7131,128
45.5100,-111.9200,114
31.4072,-102.3578,183
30.6836,-97.7172,211
41.7944,-72.9319,106
41.4197,-78.7492,89
38.5278,-81.9153,139
36.9742,-77.4042,183
44.3272,-91.9194,217
40.2914,-82.6547,128
37.3417,-83.4706,150
34.6539,-120.4514,239
34.5786,-83.3319,156
39.1700,-120.1500,121
33.3947,-110.7933,222
33.3064,-92.4833,161
40.0800,-106.6700,35
39.1247,-97.7047,172
47.1456,-123.4006,117
39.0500,-107.8700,56
44.7900,-111.7100,111
39.9578,-111.7794,233
38.3614,-98.8281,139
44.5317,-86.1311,156
45.1900,-115.9700,138
44.8400,-114.2700,108
44.7597,-92.8689,172
44.6228,-88.7483,144
42.4881,-104.1564,61
42.2614,-103.5189,222
40.5353,-112.3217,300
36.8350,-108.0006,278
43.2700,-115.3500,157
42.5872,-111.7275,144
38.4667,-107.1678,106
39.0147,-99.8722,150
39.2300,-114.2400,117
43.3750,-87.9403,133
37.1167,-84.6167,167
40.3814,-78.0753,117
44.6856,-104.6028,150
33.9831,-81.0167,256
38.7658,-102.8031,128
40.0417,-78.5278,72
44.3800,-116.3400,205
61.1100,-149.6700,58
39.1300,-111.4400,72
42.7100,-118.6300,100
31.2000,-101.4625,194
42.2792,-91.5250,133
32.3478,-104.2225,183
64.8656,-146.9542,-33
42.2800,-105.5800,113
42.0636,-83.4358,178
41.4453,-96.0928,172
66.7500,-150.6700,-32
41.5200,-117.6300,202
63.3156,-143.0058,50
37.6922,-121.7692,278
29.8097,-101.5603,194
42.1508,-84.0236,111
39.1547,-84.6233,144
46.7047,-92.5253,144
41.3800,-106.3500,76
38.8900,-106.9500,102
45.5181,-122.6894,139
39.3100,-111.4300,92
31.4269,-94.8942,178
44.0981,-93.2308,161
31.7672,-84.7931,161
40.3708,-81.7908,150
39.7275,-79.9131,122
41.0164,-93.2792,122
37.7481,-92.1050,139
42.3297,-78.4633,83
42.7189,-98.2158,172
46.6694,-94.1089,150
48.3508,-120.7264,122
41.9200,-111.4700,88
37.7333,-105.5119,111
43.0683,-94.3053,172
19.3167,-155.8833,244
34.1381,-88.9983,167
38.2456,-78.2703,167
42.9600,-121.1800,92
35.2983,-86.3631,172
40.9331,-73.0192,194
35.3736,-83.7006,144
34.1942,-81.4150,189
61.6311,-149.8019,11
32.6400,-117.0858,256
38.6553,-78.2272,150
33.2511,-91.5058,217
35.6031,-83.7781,139
40.7400,-110.6200,50
21.5383,-158.0892,233
35.9417,-86.8686,150
40.5500,-110.6900,98
45.4956,-110.5589,267
42.9203,-77.7558,94
34.3019,-92.3914,161
42.1506,-96.4756,172
41.1739,-90.0350,117
37.1319,-90.7756,139
42.0397,-77.7650,111
37.1997,-108.4892,128
44.7500,-71.6303,39
46.3953,-119.0711,61
34.1925,-86.7972,150
38.8203,-82.1822,139
64.1172,-145.7511,-39
33.1869,-102.8281,161
38.9644,-97.0119,189
33.8847,-88.9867,172
44.2600,-119.0200,126
33.3614,-93.5675,178
37.1431,-114.0214,283
40.6100,-109.8900,58
41.3089,-123.5317,233
37.8175,-82.7883,150
66.9200,-151.5300,-89
40.4803,-83.8131,122
37.8256,-106.9319,17
48.5200,-120.7400,58
43.1872,-124.2025,111
45.4825,-120.7236,167
43.5200,-110.9100,123
38.3000,-112.3600,83
46.5372,-92.1186,122
35.6400,-77.3983,200
27.9914,-82.0136,306
42.2128,-122.7144,61
47.5933,-115.3594,267
35.0583,-78.8583,189
41.8183,-110.0564,78
37.6458,-90.6944,128
32.7600,-79.8489,222
35.7800,-105.5400,57
33.1772,-90.4919,189
47.6581,-92.1958,133
45.6261,-70.2461,17
34.9553,-93.1594,167
33.9283,-78.3894,250
41.7800,-116.0300,134
44.8100,-107.4100,122
39.7033,-102.2939,111
42.5175,-84.6531,128
44.6581,-72.6786,39
37.7983,-122.2642,178
36.6778,-110.5411,244
41.9519,-93.5656,161
38.9547,-119.7758,67
41.8814,-92.2764,150
38.8969,-78.4678,117
36.9617,-81.0869,111
39.1911,-77.0069,167
44.3253,-96.7686,150
44.2553,-72.6006,61
35.0619,-98.1989,156
44.3300,-122.0900,97
42.7167,-74.9267,128
32.9203,-94.7225,194
38.4294,-96.2189,183
35.6200,-103.0072,122
36.3158,-119.6369,206
42.4669,-83.3625,150
40.3986,-93.5839,150
37.3264,-78.3864,161
33.7869,-116.9583,333
43.0303,-78.1692,217
45.9397,-102.1575,261
27.0436,-81.0700,222
43.7800,-110.9300,129
41.3200,-116.3400,110
39.7706,-77.0325,111
48.6900,-117.1800,96
41.4792,-79.4433,117
35.7597,-91.6386,150
34.1742,-103.3519,272
35.1803,-83.3928,133
30.2506,-88.0775,233
40.0400,-105.7500,95
45.1703,-84.4397,94
36.2033,-119.0545,172
37.8444,-120.2258,161
46.1200,-117.8500,109
42.0800,-123.3400,100
47.2700,-121.3400,64
43.0558,-96.1525,256
39.8569,-93.1497,161
64.9900,-163.1000,-2
39.5608,-111.8653,289
37.2889,-96.9408,156
37.9900,-80.6803,122
39.4658,-77.9669,111
43.6747,-86.4239,150
43.6500,-117.2467,156
39.5528,-110.3883,167
39.4286,-105.0703,167
29.7550,-81.5389,211
33.0831,-83.2497,172
45.8081,-120.8428,50
40.1850,-105.8667,217
47.2508,-93.5861,144
42.6617,-71.9358,106
35.7742,-83.0981,167
35.9117,-92.6564,156
36.2283,-99.1700,144
28.4894,-99.8733,172
42.4356,-83.7831,128
42.7828,-71.7986,72
40.2472,-93.7158,156
43.3900,-110.1300,33
40.2800,-115.5300,165
41.3242,-88.9858,150
44.1300,-110.8300,69
63.7175,-148.9692,-22
35.6939,-77.9456,194
37.5200,-107.3200,105
29.7044,-98.0286,217
40.4119,-79.7244,100
44.1600,-107.1300,106
48.5497,-114.5739,-11
44.1186,-89.5358,156
48.7142,-121.1431,117
42.6333,-91.8633,150
43.8700,-114.7100,124
42.4244,-103.7347,261
36.5939,-103.6192,217
40.7672,-95.3800,178
37.6500,-107.8100,67
26.5578,-97.4264,228
