-34.1685,150.6145,3
-12.3551,130.8857,3
41.1183,-75.7278,3
18.3236,-64.8542,3
-33.6772,136.9116,3
-34.7708,137.5952,3
37.2617,-97.7689,2
39.7103,-88.4886,2
40.2539,-85.1483,3
42.0003,-73.0439,3
-12.4126,130.9202,3
43.2097,-75.6453,3
43.0589,-76.8386,3
45.1519,-85.1322,3
30.7394,-94.9256,3
39.8889,-89.5997,10
45.0228,-95.7897,3
27.5947,-81.5267,2
35.0317,-81.4928,2
43.5317,-75.9525,3
37.2344,-82.3436,3
-29.4445,151.5987,3
37.5514,-101.6344,2
21.3933,-157.9750,3
-12.4706,130.8455,3
-37.8750,142.2895,2
39.6211,-105.0656,2
39.1025,-107.8989,3
39.7506,-92.5064,3
39.4031,-99.4192,3
17.9556,-66.2222,2
-17.4694,145.7311,2
42.3833,-85.3828,3
35.9647,-87.9639,10
37.1431,-114.0214,2
44.4200,-84.0233,2
31.9747,-95.1381,2
20.2250,-155.7933,3
-18.6508,146.2047,3
38.8669,-99.3169,2
-38.5198,143.7150,3
-23.9078,150.1953,3
-32.4753,149.5151,3
39.5108,-87.1242,3
46.0044,-102.6472,4
38.4747,-100.9175,2
34.4744,-91.4172,3
-33.8771,151.0577,3
36.3894,-98.1061,2
36.8047,-107.6214,2
-30.6688,152.7638,3
-37.8958,144.4387,3
19.2036,-155.4858,3
42.3458,-72.1542,3
-21.1011,149.1022,3
-37.5267,142.0414,2
43.9000,-75.0367,3
-26.6225,152.8656,2
36.6139,-83.7897,4
-37.5720,145.5014,3
46.9589,-95.6472,3
46.3158,-113.3000,3
-32.2199,150.9193,3
-31.3490,150.6480,3
35.5406,-82.6531,3
-35.2921,139.2069,3
-36.7416,141.9429,3
-37.6044,141.6853,3
34.0464,-94.3481,2
-19.6667,147.4147,3
38.3772,-97.6097,2
38.3217,-83.6642,3
-34.6250,117.6361,4
36.8583,-83.3303,3
42.9481,-76.7342,3
36.5994,-89.9894,3
-21.2681,148.9700,2
58.2989,-134.4111,3
46.1281,-85.5697,3
-30.2204,151.6714,3
41.6444,-72.8167,3
-33.6309,150.2940,2
18.0514,-66.4986,3
44.8700,-88.9044,3
61.1639,-149.7778,3
39.5039,-98.3150,3
-32.0632,150.9272,3
-26.8408,151.9806,3
-17.0692,145.7742,3
19.5361,-155.5767,3
47.0731,-109.4017,3
36.7425,-98.1331,2
46.4908,-87.3550,3
46.7953,-93.3211,3
47.1358,-122.2558,3
39.6203,-79.9697,2
20.6486,-156.3983,3
-26.0858,152.2381,3
-38.1954,143.6399,2
-27.5300,153.4194,3
43.1889,-71.7461,3
-12.5723,131.1006,3
-34.4674,150.8813,3
40.4506,-107.5894,3
-34.9617,117.3567,3
31.5519,-90.1058,3
45.4350,-109.8081,2
42.9453,-72.2369,3
34.3703,-91.1242,4
44.9214,-85.5161,3
40.7928,-87.7556,2
37.7150,-105.2353,2
-35.3266,149.0492,3
-31.4605,151.1275,3
41.5394,-75.9269,3
40.4883,-106.8233,2
42.9967,-72.3128,3
45.9336,-90.4506,3
-35.3098,149.1269,3
35.5664,-100.9289,2
33.0367,-80.2325,2
-16.9283,145.7647,3
44.5378,-90.5350,3
-27.4914,152.7519,7
-34.9761,116.7328,3
39.0936,-106.3514,4
18.3964,-66.9244,3
-43.0156,147.3275,3
42.8942,-71.9842,3
-38.1059,142.3216,2
37.8925,-97.4828,2
18.1511,-66.9889,3
36.5408,-85.4597,3
-24.8503,152.3994,4
-42.3961,146.4897,3
38.1964,-99.9181,2
34.5208,-106.2606,3
31.3625,-85.3397,3
-33.9797,115.7656,3
19.6328,-155.0339,3
39.2219,-105.9936,3
-32.4129,152.2079,3
43.6483,-108.2036,3
19.6158,-155.0839,3
35.1381,-81.5961,2
-26.8848,152.1006,2
-34.4550,138.8101,3
36.6728,-93.8578,3
42.4292,-71.4425,2
46.3675,-124.0378,3
35.3872,-76.7764,3
42.2906,-104.7625,4
33.9047,-87.3153,2
37.9050,-93.3169,3
-27.4973,153.4078,3
-34.4417,116.9944,3
-32.3322,151.4595,3
-41.2039,146.2650,3
-42.3075,147.1672,3
-27.9317,151.9058,3
44.3078,-90.1314,3
38.3683,-78.2503,3
43.8000,-74.8667,3
-27.5152,153.2492,3
31.6144,-87.5503,3
-38.3427,143.5848,3
45.4428,-91.0897,3
-22.3458,149.5356,2
37.7158,-109.0828,2
44.7281,-75.4442,3
-23.8104,150.9783,3
-34.4878,117.6278,2
47.2467,-94.2228,3
31.6817,-89.3364,2
-36.9681,141.0834,3
28.4575,-97.7061,3
-29.9546,151.2111,3
34.5225,-119.6822,3
33.7392,-88.1275,3
40.3692,-105.2353,3
39.1331,-94.0639,3
-28.6225,153.0036,3
-28.7769,114.6050,3
21.1328,-157.2133,3
41.1381,-87.8856,3
38.6547,-99.2036,2
-28.0686,153.4241,3
39.5833,-120.3706,3
47.1414,-121.9356,3
37.1244,-82.6339,4
42.9694,-71.9528,3
21.5739,-158.0378,3
43.0731,-77.3019,3
32.1003,-87.3983,4
-29.4421,151.8483,3
38.1350,-94.8161,4
-26.7850,153.0686,5
33.1581,-85.2911,2
-37.0364,141.2967,3
39.9000,-98.0256,4
-24.4383,151.6522,2
-38.0808,146.2139,3
35.4028,-119.4700,2
39.0422,-108.4664,3
-25.3706,151.1222,3
39.4506,-74.7469,2
43.2761,-75.1567,3
31.2975,-85.8997,2
37.6361,-98.1136,2
-38.2550,143.1256,3
39.5228,-79.4131,3
40.2472,-93.7158,2
48.6236,-93.8992,3
21.3389,-157.8581,3
32.8358,-116.7775,2
-27.5119,153.0450,3
-34.7810,150.6917,3
43.6028,-72.3622,3
-37.9535,145.1655,2
37.5108,-86.2892,3
-26.6234,152.6840,3
-32.0063,151.9597,3
-28.9231,151.9306,3
41.5325,-70.6589,3
39.2494,-106.3714,4
-12.4121,130.9669,3
39.5608,-88.6067,3
18.4653,-67.0525,3
39.6619,-99.1228,3
-37.3811,147.1067,4
-38.5304,143.5390,3
36.9539,-120.0378,2
35.0781,-89.6653,3
38.1792,-84.8992,4
39.1569,-93.8906,3
42.9014,-76.8642,3
38.6644,-94.8900,3
-12.4721,130.9924,2
40.5208,-101.6550,2
-17.1347,145.4281,4
-26.6133,149.3878,3
41.8500,-74.0500,2
44.6997,-87.3967,2
39.5703,-107.2267,2
43.9517,-111.6789,3
25.8489,-81.3897,6
-33.8258,151.1556,3
38.3197,-76.4525,3
-26.1639,151.6014,2
-34.9044,138.8742,3
39.5253,-91.6450,4
36.8581,-88.3364,2
41.5889,-75.3303,3
43.6536,-110.7169,2
-34.3756,136.1026,3
38.9128,-105.2850,2
37.5047,-98.3117,2
35.6542,-79.0706,3
36.3661,-85.6553,3
34.3725,-89.5308,2
-35.2959,139.0328,2
34.8219,-89.4347,2
41.3997,-84.1119,3
-38.3372,143.7844,3
-36.9731,140.3664,3
46.6539,-68.0089,3
36.8483,-121.4214,3
38.5253,-106.9672,3
19.7842,-155.0936,3
-33.9118,136.5697,3
21.5611,-158.2383,3
61.6311,-149.8019,2
40.3803,-76.0275,3
-38.3687,144.0843,3
39.8789,-106.3333,4
48.9797,-100.3344,3
42.0772,-74.9828,3
-34.4578,149.4693,3
-27.7347,153.3275,3
