32.2822,-106.7597,56
28.4675,-98.2525,61
33.7092,-93.5564,-178
36.4622,-116.8669,111
37.7967,-121.5828,56
33.6731,-111.1508,144
34.9881,-120.3211,67
45.9228,-108.2444,-178
26.5581,-99.1372,83
38.6644,-94.8900,0
36.5508,-114.4581,44
39.0744,-96.8983,6
26.8400,-81.0872,178
37.9050,-93.3169,22
40.6117,-122.5281,50
29.4608,-101.0286,22
25.8175,-80.2858,211
40.7142,-122.4161,67
34.5822,-119.9817,78
39.1172,-95.4097,0
30.2003,-92.6642,67
38.4931,-122.0047,56
38.5350,-121.7761,44
43.5492,-71.4647,-178
21.3153,-157.9992,178
38.4917,-122.1242,50
