39.9614,-86.0586,10
47.0575,-109.9514,180
30.2003,-92.6642,109
34.9881,-120.3211,89
35.2006,-103.6867,216
40.6117,-122.5281,34
30.7931,-94.1819,16
33.7092,-93.5564,95
37.7617,-117.5658,241
40.7142,-122.4161,138
40.1550,-103.1417,132
31.8769,-105.2369,90
34.5697,-93.1947,13
47.7283,-104.1467,111
32.4219,-93.6381,114
25.8175,-80.2858,53
35.3872,-76.7764,315
35.7197,-86.9653,245
37.3822,-102.2986,166
31.6164,-94.6431,174
39.4031,-99.4192,214
29.6211,-96.3661,290
38.4917,-122.1242,90
45.9228,-108.2444,0
32.8242,-95.5275,143
32.8522,-95.8864,237
26.5581,-99.1372,159
33.0642,-101.0489,320
36.9969,-119.7072,16
18.2583,-65.9922,3
38.4931,-122.0047,261
31.3706,-100.4942,307
37.5147,-122.0325,203
31.9497,-91.2336,19
30.0689,-94.2928,320
36.5508,-114.4581,196
42.1231,-111.3133,367
39.0422,-108.4664,323
43.8083,-111.7892,116
30.8408,-89.5453,0
44.8831,-85.6753,113
29.4608,-101.0286,0
40.7264,-122.7947,89
40.5764,-105.0858,23
39.9000,-98.0256,797
34.6603,-82.8236,0
39.5039,-98.3150,315
42.3806,-96.9575,13
35.7047,-101.5492,418
34.5989,-103.2161,314
37.9931,-100.8122,113
33.1461,-107.1842,71
30.7053,-104.0233,51
32.3378,-89.0817,95
32.2822,-106.7597,148
18.0331,-67.0722,3
42.9592,-120.7897,53
34.5822,-119.9817,29
34.1647,-88.7239,0
38.0047,-120.4864,32
36.0147,-85.1314,69
38.7978,-99.7231,584
44.3089,-85.2050,80
32.8964,-107.3078,87
43.5492,-71.4647,66
33.1481,-95.6269,0
32.8978,-90.8853,148
26.8400,-81.0872,95
36.4622,-116.8669,1236
27.4272,-80.4053,84
34.6033,-104.3811,224
39.6619,-99.1228,203
