40.2539,-85.1483,200
44.0622,-103.4819,44
42.1397,-87.7853,144
44.7764,-108.7592,67
47.7283,-104.1467,139
42.7467,-71.0425,194
38.0047,-120.4864,178
35.2006,-103.6867,167
42.8767,-77.0308,144
37.7967,-121.5828,161
33.7092,-93.5564,200
45.6750,-111.1550,100
30.7053,-104.0233,167
37.9050,-93.3169,222
37.0683,-88.7725,167
33.6731,-111.1508,256
44.8406,-106.8383,67
35.4072,-104.1906,156
40.2842,-109.8611,111
36.0147,-85.1314,222
34.5822,-119.9817,167
41.9342,-88.7756,133
40.7142,-122.4161,194
46.8706,-68.0172,211
38.4931,-122.0047,167
37.6967,-93.7722,117
64.8569,-147.8611,72
43.8083,-111.7892,89
28.4675,-98.2525,267
39.0303,-76.9314,156
41.4439,-86.9294,133
34.7675,-106.7611,178
61.5664,-149.2542,56
42.9592,-120.7897,161
39.0744,-96.8983,267
34.5989,-103.2161,150
36.8047,-107.6214,128
41.6661,-111.8914,100
38.4917,-122.1242,139
35.6214,-88.8456,183
36.5508,-114.4581,183
36.4622,-116.8669,239
26.5581,-99.1372,233
39.8114,-99.9386,122
40.2233,-86.1086,167
37.1503,-104.5567,106
40.6117,-122.5281,194
48.4983,-109.8014,78
40.7833,-81.9167,133
45.4825,-120.7236,111
36.6897,-108.3086,178
38.5350,-121.7761,167
38.8586,-99.3358,139
38.6450,-95.5661,267
39.3925,-101.0689,128
40.2458,-111.6508,206
45.9228,-108.2444,83
34.9881,-120.3211,161
43.0431,-96.9033,106
37.9931,-100.8122,139
39.1172,-95.4097,283
39.6619,-99.1228,139
46.6722,-120.4994,122
42.1231,-111.3133,72
35.7047,-101.5492,128
43.5492,-71.4647,167
39.2494,-106.3714,56
37.7617,-117.5658,144
40.1739,-101.0611,128
48.7178,-122.5114,122
36.9969,-119.7072,-178
26.8400,-81.0872,239
42.9536,-112.8253,150
32.2822,-106.7597,200
36.5575,-105.2628,89
33.7542,-99.1442,194
45.6911,-118.8522,150
47.0575,-109.9514,83
38.7978,-99.7231,122
35.0489,-97.9158,183
38.4661,-101.7758,122
25.8175,-80.2858,267
39.4031,-99.4192,67
39.0422,-108.4664,167
30.2003,-92.6642,250
35.4139,-86.8086,239
40.4750,-86.9919,122
