18.1747,-66.7978,14
40.7264,-122.7947,45
38.8586,-99.3358,227
36.9969,-119.7072,34
40.7142,-122.4161,56
36.4711,-86.8414,60
47.0575,-109.9514,172
42.9536,-112.8253,108
36.1056,-82.8436,40
42.9592,-120.7897,61
40.2842,-109.8611,126
39.0303,-76.9314,34
39.8114,-99.9386,772
40.6117,-122.5281,16
43.0431,-96.9033,92
31.6164,-94.6431,31
34.1864,-90.5572,31
43.8083,-111.7892,26
34.5822,-119.9817,47
40.1739,-101.0611,55
31.8769,-105.2369,93
42.1397,-87.7853,31
45.7206,-118.6264,40
40.5764,-105.0858,24
36.4622,-116.8669,1426
34.5697,-93.1947,5
30.8408,-89.5453,2
39.0172,-92.7558,16
37.5147,-122.0325,219
40.7833,-81.9167,82
32.8964,-107.3078,47
33.7542,-99.1442,93
35.1131,-89.2122,39
34.7281,-90.3683,42
30.7931,-94.1819,37
38.4917,-122.1242,51
47.7283,-104.1467,19
33.7092,-93.5564,0
45.9228,-108.2444,51
39.1172,-95.4097,72
46.8706,-68.0172,45
35.1297,-89.8036,35
39.2475,-96.5994,37
30.0689,-94.2928,60
40.2233,-86.1086,64
40.1550,-103.1417,146
18.2583,-65.9922,63
35.6214,-88.8456,55
35.8819,-83.9572,34
64.8569,-147.8611,27
44.0622,-103.4819,50
38.4661,-101.7758,80
43.4033,-103.2683,34
34.6033,-104.3811,138
36.8047,-107.6214,203
34.9881,-120.3211,39
31.3706,-100.4942,124
26.8400,-81.0872,126
41.9342,-88.7756,95
41.0267,-86.5867,58
42.1231,-111.3133,64
37.3822,-102.2986,156
36.3444,-88.8636,2
40.0892,-99.2133,42
35.4139,-86.8086,50
38.7978,-99.7231,652
37.7617,-117.5658,121
39.0422,-108.4664,224
32.8242,-95.5275,116
43.5492,-71.4647,93
36.0147,-85.1314,35
35.6872,-90.0964,26
30.2003,-92.6642,43
39.5039,-98.3150,632
39.9614,-86.0586,23
46.6722,-120.4994,18
35.7047,-101.5492,248
38.4931,-122.0047,58
31.8456,-99.5606,132
42.3806,-96.9575,2
32.8522,-95.8864,126
45.6911,-118.8522,109
61.5664,-149.2542,18
32.2822,-106.7597,69
34.5989,-103.2161,169
35.2006,-103.6867,116
33.0642,-101.0489,124
41.4439,-86.9294,129
42.7467,-71.0425,14
33.1481,-95.6269,93
34.1647,-88.7239,92
36.5508,-114.4581,53
33.1461,-107.1842,82
39.3925,-101.0689,42
44.8831,-85.6753,248
26.5581,-99.1372,0
35.0489,-97.9158,163
25.8175,-80.2858,50
39.6619,-99.1228,177
44.3089,-85.2050,135
38.0047,-120.4864,60
30.7053,-104.0233,68
39.4031,-99.4192,409
36.6897,-108.3086,64
32.4219,-93.6381,26
37.9931,-100.8122,84
29.6211,-96.3661,0
46.7047,-92.5253,122
27.4272,-80.4053,84
34.1381,-88.9983,48
45.4825,-120.7236,188
44.3253,-96.7686,274
32.9203,-94.7225,69
41.4903,-71.5431,39
