43.8000,-114.8500,76
43.7600,-115.2400,52
39.3100,-111.4300,83
40.5300,-106.7800,36
36.3100,-115.6800,37
36.8600,-106.2300,8
44.2100,-110.6700,88
43.7600,-116.1000,56
39.1900,-120.2600,102
44.3800,-116.3400,46
36.7900,-105.2400,42
36.5100,-106.3200,6
39.8000,-106.0300,63
36.7200,-106.2600,47
36.9900,-105.2600,33
46.2400,-117.3900,36
36.0300,-106.8100,23
39.2900,-117.1100,23
41.4000,-107.2600,28
39.4300,-120.3100,39
40.3000,-111.2600,62
35.9200,-106.3900,31
35.7700,-105.7800,18
36.1900,-105.5600,34
36.0000,-106.8300,33
36.0700,-105.6300,25
39.3600,-106.0600,54
36.9600,-106.6600,48
41.2300,-105.3800,11
48.7200,-116.4600,62
36.2500,-115.6300,58
44.7900,-116.0900,70
40.8300,-111.7600,58
38.4000,-119.5400,63
35.3400,-111.6500,23
