43.3442,-73.0522,76
18.3375,-67.2497,538
46.7461,-87.8817,94
48.4036,-115.5392,38
34.1425,-77.8789,297
-37.8376,145.0048,174
30.3636,-95.0839,76
44.5781,-106.4472,61
33.2250,-97.8317,0
21.3153,-157.9992,38
42.1258,-122.5450,102
21.1447,-156.7328,18
-42.9264,147.5203,6
-25.0294,115.8628,164
43.2386,-76.1964,79
43.8567,-110.5889,196
-43.4892,147.1453,20
46.7492,-121.8120,203
35.5325,-90.6872,0
34.1492,-105.6975,0
-34.6642,150.7586,258
41.3000,-82.1167,74
42.8733,-110.9075,168
37.5442,-77.2758,86
39.9425,-105.8172,53
58.2989,-134.4111,0
