43.9794,-117.0247,39
40.1100,-87.9567,-6
41.1453,-85.4897,-44
33.8083,-79.8567,78
47.0575,-109.9514,17
33.2564,-81.2422,39
34.1944,-79.2472,28
41.8161,-80.4250,6
40.4750,-86.9919,-11
32.7547,-104.3836,44
34.2183,-81.0731,72
42.7831,-71.4147,-6
37.1317,-86.1481,39
37.8194,-85.3847,17
42.1397,-87.7853,11
28.4575,-97.7061,100
44.4933,-68.4583,0
40.4719,-74.4364,-11
62.1925,-150.5033,-61
37.0683,-88.7725,39
46.8706,-68.0172,-6
38.4558,-86.6983,11
40.2233,-86.1086,22
44.9847,-93.1772,-28
34.4719,-81.8839,67
35.6214,-88.8456,67
32.3500,-94.6500,72
37.9311,-98.0297,11
40.0739,-87.5067,11
39.4833,-83.8500,-6
42.2947,-83.7108,-22
34.7289,-80.0389,50
37.1244,-87.8672,0
38.4661,-101.7758,6
27.7792,-97.5056,128
38.7003,-82.4736,56
39.4700,-80.8572,11
38.7386,-87.4878,0
28.7156,-97.1742,150
41.0267,-86.5867,-6
33.0167,-81.3167,67
35.6042,-91.2744,61
45.0853,-67.1203,0
38.5200,-89.8467,0
34.6603,-82.8236,50
38.8894,-86.5519,33
64.9156,-148.2711,6
42.3806,-96.9575,-17
32.2822,-106.7597,78
41.4439,-86.9294,0
40.7928,-87.7556,-22
47.6811,-117.6267,-22
33.7775,-81.8467,67
40.9361,-90.7197,-11
36.1306,-80.5481,33
32.5133,-92.3486,78
44.8831,-85.6753,-39
40.2539,-85.1483,6
32.9206,-86.6708,67
46.3414,-86.9242,0
38.3139,-81.7186,22
36.7578,-90.4056,44
28.8608,-97.0181,156
40.8142,-85.1547,-39
37.9931,-100.8122,28
37.1167,-84.6167,44
44.5208,-101.6192,22
36.5914,-101.6181,11
20.7583,-156.3211,167
