45.2486,-122.7686,1
35.2372,-120.6414,1
43.0661,-108.4767,1
42.8153,-108.7261,1
32.5722,-116.9794,1
34.4258,-119.8425,1
46.9208,-114.0925,1
48.4608,-119.5167,1
34.0511,-118.2353,1
41.3375,-84.4289,1
46.0947,-118.2869,1
33.9381,-118.3889,1
32.7336,-117.1831,1
33.6800,-117.8664,1
45.1947,-123.1339,1
38.8100,-104.6883,1
34.2167,-119.0833,1
32.8158,-117.1394,1
31.8311,-104.8089,1
40.5175,-122.2986,1
26.1839,-98.2539,1
34.0158,-118.4514,1
37.6242,-120.9506,1
26.2281,-97.6542,1
33.8117,-118.1464,1
33.1281,-117.2794,1
43.6497,-70.3003,1
34.8994,-120.4486,1
42.3811,-122.8722,1
55.2208,-162.7325,1
26.1658,-97.3458,1
33.8719,-117.9789,1
45.5406,-122.9486,1
25.9156,-97.4186,1
37.8892,-121.2258,1
39.7736,-94.9233,1
33.9228,-118.3342,1
42.7972,-105.3856,1
47.6217,-117.5281,1
42.4272,-73.2892,1
33.2194,-117.3494,1
35.6697,-120.6283,1
43.5667,-116.2406,1
47.3978,-120.2014,1
44.3206,-69.7972,1
32.8667,-117.1333,1
37.2847,-120.5128,1
45.6906,-118.8528,1
