37.4536,-103.3219,1
37.3908,-93.9489,1
43.1003,-78.9436,1
40.4397,-82.3039,1
38.4506,-91.3756,1
44.2667,-71.2994,1
31.3711,-100.4922,1
32.9733,-97.3181,1
33.1925,-96.7931,1
32.8519,-96.8556,1
39.1483,-89.1022,1
34.8172,-102.4003,1
31.8311,-104.8089,1
39.8189,-100.5339,1
32.6808,-96.8681,1
38.3833,-81.8344,1
32.7100,-96.2672,1
38.4844,-93.2556,1
32.8339,-97.2975,1
32.8978,-97.0189,1
41.1733,-86.7572,1
33.6542,-101.8136,1
37.2597,-91.4278,1
32.6636,-97.0939,1
37.9572,-91.7758,1
37.2294,-101.9511,1
33.1803,-96.5903,1
32.8192,-97.3614,1
35.7214,-92.6961,1
