32.5667,-117.1167,17
36.3200,-115.7000,6
40.2342,-85.3936,75
30.0494,-90.0289,59
43.9906,-70.9475,26
45.6194,-121.1661,10
35.2333,-101.7089,48
34.2622,-88.7714,30
32.3367,-90.2214,26
32.6500,-114.6167,30
37.1431,-107.7597,19
37.4389,-105.8614,11
30.0481,-102.2131,38
34.2675,-77.8997,34
45.2486,-122.7686,5
46.7708,-100.7603,52
34.2008,-119.2069,17
35.2372,-120.6414,16
28.8208,-81.8097,35
43.0661,-108.4767,11
60.7850,-161.8292,30
64.7767,-141.1483,44
41.6117,-90.5808,81
37.2253,-89.5706,46
39.4206,-79.0050,80
38.8169,-92.2183,64
27.4981,-80.3767,24
40.4122,-86.9369,75
38.9286,-90.4281,61
34.8822,-95.7831,42
35.0169,-80.6206,36
38.3000,-76.4167,52
36.2117,-115.1958,14
41.3461,-82.1794,87
47.8344,-120.0006,9
40.9781,-124.1086,14
46.7994,-102.7972,71
36.7200,-106.2600,5
37.7461,-97.2211,52
41.7806,-122.4717,9
33.0375,-116.9158,9
42.8153,-108.7261,10
38.6644,-94.8900,18
32.5722,-116.9794,13
36.0097,-94.1694,37
42.5950,-87.9381,64
43.8000,-114.8500,6
39.6014,-116.0056,13
47.2856,-68.3133,40
34.1750,-91.9347,32
43.0206,-102.5183,39
39.7333,-77.4333,36
44.4683,-73.1500,66
41.8833,-91.7167,78
39.8233,-93.5792,33
43.5164,-112.0672,28
36.0394,-95.9844,31
29.7333,-85.0333,28
34.4258,-119.8425,9
43.9922,-76.0217,75
41.6764,-70.9583,45
44.1278,-123.2206,8
42.2333,-83.5333,77
31.3214,-85.4497,22
38.3794,-81.5900,53
37.9050,-93.3169,54
46.9208,-114.0925,26
36.7414,-104.5022,34
41.2531,-70.0608,98
44.2558,-121.1392,6
41.5272,-85.7922,85
31.3558,-85.7511,16
44.3592,-89.8369,62
37.3278,-95.5042,39
48.8700,-121.7900,0
40.1100,-87.9567,67
41.6264,-80.2150,60
60.1283,-149.4167,9
43.9658,-107.9508,17
42.2667,-84.4667,58
35.1442,-111.6664,11
61.2169,-149.8550,9
40.0397,-88.2778,74
64.5500,-149.0717,33
26.2500,-80.1083,32
36.9839,-77.0075,30
35.5953,-82.5567,31
48.4608,-119.5167,8
40.0681,-118.5692,5
40.9339,-72.7394,49
21.4500,-157.7833,17
38.8761,-98.8092,52
30.0675,-95.5561,29
44.3394,-105.5419,36
41.0089,-74.7367,30
34.0511,-118.2353,3
37.9272,-100.7247,48
39.3792,-74.4242,69
26.5361,-81.7550,27
39.8447,-89.6839,64
37.2839,-98.5528,47
39.5703,-104.8489,22
64.3267,-158.7417,42
40.4847,-80.2144,69
30.5892,-96.3647,39
43.7600,-116.1000,15
44.7694,-106.9689,9
44.0511,-101.6011,43
40.7789,-73.9692,39
44.5344,-72.6144,27
34.9894,-99.0525,55
35.3889,-97.6006,54
35.4344,-119.0542,16
33.9786,-98.4928,56
39.0725,-95.6261,39
45.8619,-96.5650,80
36.3189,-119.6289,15
35.7700,-105.7800,5
36.5100,-106.3200,230
41.8161,-80.4250,67
40.6825,-74.1694,64
40.0803,-95.5919,47
27.7839,-97.5108,79
41.9097,-70.7294,50
46.7439,-117.1086,14
42.9486,-78.7369,86
37.9917,-122.0550,9
42.6958,-73.1708,40
29.3389,-98.4719,44
42.6425,-77.0564,72
42.7431,-73.8092,55
42.0647,-104.1528,26
28.4339,-81.3250,34
44.3814,-100.2856,74
41.1519,-104.8061,45
42.3200,-120.8300,15
44.3853,-74.2067,57
33.6267,-116.1594,12
37.6542,-122.1150,6
40.4422,-109.5144,7
34.0500,-94.4008,16
41.6686,-70.2800,64
38.3650,-82.5550,55
33.6228,-111.9106,12
41.1583,-73.1289,65
33.6361,-91.7556,20
59.7494,-154.9089,34
39.4519,-87.3089,60
36.7800,-119.7194,14
42.7900,-121.9800,1
40.3000,-111.2600,7
37.0911,-95.5664,48
30.0375,-91.8839,47
42.9550,-87.9044,64
42.1469,-121.7242,4
32.3542,-95.4025,29
39.9369,-91.1919,61
41.4525,-87.0058,78
37.7214,-122.2208,16
42.9667,-83.7494,75
37.2833,-102.6139,48
45.7728,-122.8611,15
40.8764,-74.2831,36
34.6517,-112.4208,23
36.0969,-79.9433,50
33.8117,-78.7239,24
33.1783,-86.7817,13
37.5050,-77.3203,53
45.0717,-83.5644,42
45.6689,-96.9914,81
38.9408,-77.4636,48
42.8939,-85.5447,71
42.5519,-71.7558,45
32.5428,-93.7450,17
41.2639,-72.8872,50
34.2006,-118.3575,15
58.6794,-156.6294,17
62.3200,-150.0950,28
47.5303,-122.3008,5
38.5050,-107.8975,28
45.4558,-98.4131,50
45.5511,-122.4089,91
42.1094,-77.9919,73
41.6328,-91.5431,59
43.7600,-115.2400,13
28.5083,-81.5467,0
33.2119,-87.6161,17
46.9253,-96.8111,60
46.1569,-123.8825,16
34.9869,-81.0575,34
40.8436,-72.6322,59
41.0731,-71.9233,58
41.3375,-84.4289,53
39.3669,-101.7000,42
36.3333,-119.9500,18
39.9444,-81.8922,60
33.4050,-118.4158,14
34.6294,-118.0836,17
34.4272,-100.2831,38
31.4208,-110.8458,18
37.3031,-108.6275,25
39.2292,-106.3169,28
44.5483,-95.0803,70
29.7036,-98.0281,55
43.7300,-113.8300,7
33.8750,-84.3022,31
40.8217,-72.8689,51
42.5544,-92.4011,60
36.1189,-86.6892,34
39.1900,-120.2600,24
32.6847,-83.6528,25
42.4092,-83.0100,63
36.6239,-87.4194,39
48.5428,-109.7633,23
32.2622,-107.7206,44
39.7750,-105.1169,0
40.8203,-82.5178,71
44.2667,-71.2994,277
31.3711,-100.4922,47
35.6169,-106.0889,41
30.3208,-97.7603,26
40.0489,-107.8853,6
41.5944,-109.0528,31
35.5931,-88.9167,41
42.7611,-87.8136,58
41.5631,-83.4764,90
47.4444,-122.3139,6
46.0947,-118.2869,10
39.3450,-81.4392,59
32.3500,-91.0278,32
32.9733,-97.3181,44
27.5333,-99.4667,43
30.7797,-86.5225,21
38.6956,-121.5897,9
48.0944,-105.5744,30
33.9519,-117.4386,11
48.2553,-101.2733,75
41.4333,-99.6333,50
7.0833,171.3833,47
39.7194,-76.8028,58
38.8000,-97.6500,48
71.2833,-156.7814,47
31.3347,-92.5586,12
29.6381,-95.2819,51
45.0133,-84.7014,58
42.7461,-86.0967,68
40.1519,-122.2536,17
33.5656,-86.7450,24
27.9106,-82.6875,43
42.1128,-92.9175,76
37.3711,-118.3581,20
30.4781,-87.1869,40
29.1097,-95.4619,52
40.1203,-76.2944,53
39.4717,-76.1697,54
43.4075,-94.7461,85
44.6381,-90.1875,70
30.6794,-88.2397,33
32.7667,-97.4500,48
38.4167,-113.0167,13
46.4167,-86.6500,60
33.9381,-118.3889,14
47.9078,-122.2803,13
40.7794,-73.8803,72
32.7336,-117.1831,8
38.7642,-87.6056,65
45.8183,-88.1144,53
66.9161,-151.5089,3
37.7086,-113.0944,12
40.2064,-100.5914,43
39.3600,-106.0600,12
46.4267,-105.8825,27
35.8922,-78.7819,37
36.0167,-102.5500,56
38.1811,-85.7392,61
26.0719,-80.1536,23
40.6331,-93.9019,67
33.6800,-117.8664,10
41.5333,-71.2833,37
36.2500,-115.6300,11
28.4736,-82.4544,24
17.7028,-64.8056,35
48.5222,-123.0231,6
40.6161,-83.0636,75
38.8853,-79.8528,51
39.4019,-77.9844,52
42.4167,-87.8667,45
70.6392,-159.9950,43
29.1828,-81.0483,26
43.1406,-89.3453,40
37.2958,-81.2078,69
32.3336,-104.2581,42
25.7906,-80.3164,20
26.9172,-81.9914,33
32.8342,-115.5786,11
31.9514,-85.1289,12
34.7442,-87.5997,25
33.4669,-82.0386,24
39.1667,-76.6833,47
35.9333,-79.0642,20
45.1947,-123.1339,7
18.3331,-64.9667,42
41.8678,-84.0794,63
44.3675,-71.5450,30
41.1078,-92.4467,62
36.1625,-97.0894,44
47.9375,-124.5550,8
34.6242,-106.3103,27
41.1214,-100.6694,30
24.5550,-81.7522,40
43.7700,-88.4864,65
39.2900,-117.1100,9
46.0261,-91.4442,33
28.8614,-96.9303,55
45.5433,-94.0514,60
28.9844,-95.3808,54
41.5175,-81.6836,108
40.4719,-81.4236,48
24.5833,-81.6833,45
40.6508,-75.4492,47
41.5092,-74.2650,47
32.8519,-96.8556,42
36.8167,-76.0333,51
18.2550,-65.6408,40
38.8100,-104.6883,36
34.1853,-79.7239,33
41.2433,-76.9217,51
25.9069,-80.2803,16
47.0492,-109.4578,26
36.7683,-96.0261,35
31.4156,-87.0442,10
42.3075,-85.2511,68
43.5331,-84.0797,74
36.9878,-120.1106,9
41.1389,-75.3794,71
38.7550,-109.7542,12
40.2383,-75.5572,38
35.5144,-108.7939,17
33.9706,-80.9958,29
34.2167,-119.0833,13
48.2138,-106.6213,30
48.1203,-123.4983,7
35.2236,-80.9553,37
26.1522,-81.7753,31
44.5169,-108.0822,12
38.6572,-90.6558,51
47.9742,-117.4283,24
39.3756,-99.8297,34
38.8983,-119.9947,3
31.9433,-102.1889,58
34.2900,-93.0600,19
32.8167,-115.6833,14
28.0622,-81.7542,35
44.8428,-117.8086,11
39.7556,-82.6572,65
30.4000,-81.4167,24
35.2578,-93.0947,15
18.4325,-66.0108,30
34.6439,-86.7861,25
31.6072,-110.4281,42
37.2622,-104.3378,38
40.2769,-74.8158,44
36.8600,-106.2300,337
42.0800,-80.1825,89
63.9944,-145.7214,101
47.3258,-106.9475,15
46.5486,-90.9189,59
55.5800,-133.0750,26
46.8706,-68.0172,36
32.8158,-117.1394,6
47.4933,-122.2144,10
30.1831,-97.6800,57
35.1822,-103.6031,43
40.8289,-115.7886,7
33.3644,-81.9633,33
39.4781,-88.2803,72
21.3167,-158.0667,12
43.3500,-73.6167,50
59.4556,-135.3239,82
30.9119,-102.9167,37
39.1258,-123.2008,3
37.7064,-112.1456,29
44.9047,-97.1494,63
45.5464,-100.4078,61
40.1667,-103.2167,43
43.1711,-86.2367,78
33.7792,-84.5214,27
60.7850,-148.8389,34
31.8606,-86.0122,17
45.0319,-102.0192,67
31.6189,-97.2283,38
35.5342,-97.6469,51
43.8789,-91.2528,55
13.4836,144.7961,52
40.1550,-103.1417,9
47.2675,-122.5761,5
34.8831,-82.2203,36
44.3981,-98.2231,59
47.6831,-117.3214,3
47.3078,-119.5153,19
39.1333,-86.6167,54
35.8550,-77.8931,31
42.4100,-121.6800,7
40.7833,-91.1253,54
35.0028,-105.6628,56
39.9181,-76.8742,40
67.7317,-164.5483,45
39.6428,-79.9164,39
30.6264,-88.0681,41
40.5175,-122.2986,5
36.6206,-116.0278,18
30.3975,-84.3289,22
42.8375,-103.0953,37
28.7247,-96.2536,68
46.0139,-102.6547,58
45.9647,-112.5006,3
46.2400,-117.3900,2
37.2353,-93.4003,51
38.3083,-75.1239,50
42.8914,-73.2469,43
38.0442,-87.5206,48
19.7192,-155.0531,30
30.5069,-86.9597,31
39.7075,-86.2803,84
37.1319,-76.4930,54
39.6728,-75.6008,53
39.7053,-105.6997,9
26.1839,-98.2539,51
44.7408,-85.5825,67
41.7361,-72.6506,45
38.3306,-96.1897,58
22.0333,-159.7833,30
48.6033,-112.3753,16
43.4133,-124.2436,19
36.2967,-99.7689,42
34.2719,-83.8303,46
41.8706,-103.5931,36
43.8339,-111.8045,21
39.8344,-88.8656,67
39.8328,-104.6575,24
42.2706,-71.8731,72
37.6928,-121.8144,6
42.1928,-89.0931,67
44.2100,-110.6700,10
37.0683,-88.7719,38
39.5936,-84.2264,58
44.0433,-103.0536,22
41.2003,-74.6231,30
33.4964,-90.0867,23
41.4131,-81.8600,89
37.1467,-94.5022,47
32.6261,-116.4681,28
36.1994,-95.8872,46
47.6428,-115.9172,0
39.1033,-84.4189,62
57.1553,-170.2222,71
45.0800,-117.5500,12
40.6675,-89.6839,54
46.8369,-92.2097,76
40.1764,-80.6472,74
30.7044,-87.0231,37
37.6544,-97.4425,51
37.7081,-77.4344,45
32.7817,-98.0603,43
44.7900,-116.0900,0
39.4900,-121.6183,7
46.9258,-98.6692,74
31.5358,-82.5067,30
34.9000,-76.8833,36
42.8050,-72.0036,43
41.7219,-71.4325,44
35.0564,-89.9864,32
35.3331,-94.3625,32
41.3931,-70.6150,74
44.4983,-88.1111,70
36.6636,-121.6081,13
39.3667,-75.0667,45
55.0389,-131.5786,26
37.0872,-84.0769,57
34.0158,-118.4514,10
29.9506,-94.0206,43
31.3928,-92.2956,5
41.5097,-72.8278,31
42.5906,-117.8644,10
32.4833,-80.7167,37
41.6875,-69.9933,47
27.6531,-80.2428,34
43.1544,-93.3269,85
37.6242,-120.9506,8
34.7000,-77.3833,33
38.1386,-78.4530,43
41.9950,-87.9336,74
7.3333,134.4833,25
26.2281,-97.6542,64
29.3783,-100.9269,35
35.9403,-89.8308,41
33.8117,-118.1464,9
38.4000,-119.5400,5
34.4978,-82.7097,51
39.5781,-85.8033,73
46.1442,-115.5964,6
40.5100,-101.6200,38
70.1917,-148.4772,41
44.1708,-114.9272,6
41.3119,-105.6747,22
43.2781,-70.9222,19
42.4819,-114.4869,17
30.3489,-85.7881,29
59.4433,-151.7017,6
32.5156,-92.0406,22
33.2367,-107.2681,37
32.6808,-96.8681,38
30.3433,-89.8222,33
37.7608,-99.9683,53
42.7803,-84.5789,65
40.6239,-74.6694,22
32.7100,-96.2672,41
42.5417,-113.7661,30
35.0678,-77.0481,30
38.0494,-103.5122,31
30.8356,-85.1839,20
44.0206,-117.0128,10
38.2900,-104.4983,34
55.3567,-131.7117,21
59.2433,-135.5094,34
41.0375,-81.4642,78
29.9933,-90.2511,51
36.9358,-121.7886,10
39.3644,-84.5247,60
38.5911,-92.1558,47
47.0339,-120.5303,7
45.8258,-119.2611,10
47.4667,-87.8833,123
30.7406,-98.2353,38
31.4583,-109.6061,34
36.7436,-108.2292,33
48.7939,-122.5372,7
38.9597,-94.3714,51
39.5514,-97.6508,49
34.3622,-98.9761,54
61.1000,-149.6936,27
39.2231,-106.8683,19
15.1167,145.7167,40
47.2078,-119.3192,12
40.8097,-124.1603,9
41.6236,-98.9517,51
39.8683,-75.2311,69
38.2281,-85.6636,52
41.1014,-102.9847,53
46.1236,-67.7928,35
40.7083,-84.0267,93
40.8500,-74.0614,51
44.3744,-70.3164,49
38.5000,-77.3000,45
34.8536,-116.7858,15
32.8978,-97.0189,51
39.1894,-103.7158,53
36.6950,-76.1356,21
33.1281,-117.2794,11
44.4911,-71.5725,0
31.1500,-92.9667,4
35.4111,-80.5833,22
29.6333,-83.1053,31
47.8306,-110.6608,9
42.9203,-112.5711,9
35.9200,-106.3900,1
43.7694,-87.8506,74
43.6497,-70.3003,48
36.5881,-121.8453,13
30.5108,-99.7664,41
48.7200,-116.4600,10
47.3000,-121.6000,4
31.1828,-90.4708,25
41.7781,-80.6958,72
32.5500,-88.5667,21
34.5467,-93.5781,13
37.6703,-95.4842,46
35.9508,-85.0814,43
35.2578,-113.9331,21
45.6478,-68.6925,19
34.7336,-76.6606,30
28.5453,-81.3331,27
43.1561,-90.6775,44
41.4000,-107.2600,6
26.5850,-81.8614,33
41.7419,-72.1836,26
56.6000,-169.5650,82
38.7667,-104.3000,42
39.3903,-94.5553,54
41.9922,-93.6217,66
43.1111,-76.1039,84
35.7425,-81.3819,26
34.7436,-118.7242,26
33.3075,-104.5083,34
34.8994,-120.4486,15
42.6003,-123.3642,21
33.8281,-116.5053,13
48.7167,-94.6000,33
41.5339,-93.6531,65
42.3811,-122.8722,5
40.4953,-107.5211,11
47.4733,-111.3822,61
39.4839,-119.7711,3
46.9733,-122.9033,12
38.5714,-90.1572,66
47.3864,-92.8389,48
45.8678,-95.3942,69
42.2228,-83.7444,67
42.1244,-86.4267,96
37.3208,-79.2067,38
41.9856,-97.4353,55
39.2775,-120.7103,7
46.5683,-120.5428,10
43.9636,-69.7117,38
35.6575,-109.0614,9
43.3906,-99.8422,66
35.1350,-90.2344,30
35.4319,-82.5375,54
30.7439,-95.5861,13
36.1900,-105.5600,6
39.0083,-95.2117,45
34.7675,-114.6189,15
39.8250,-86.2958,69
44.6500,-73.4667,41
55.2208,-162.7325,27
34.2097,-118.4892,12
41.4914,-120.5644,2
30.3567,-95.4139,23
33.4617,-80.8581,32
44.8831,-93.2289,60
47.9428,-97.1839,57
38.8317,-94.8897,51
38.8483,-77.0342,55
31.2819,-89.2531,21
43.6264,-72.3047,59
34.6719,-82.8864,43
44.9050,-123.0011,12
32.5161,-84.9422,20
41.3714,-73.4828,40
36.9647,-86.4239,34
58.3567,-134.5639,2
29.6919,-82.2756,27
39.1208,-94.5969,47
26.1658,-97.3458,70
38.0408,-84.6058,59
36.9261,-111.4478,8
29.2733,-94.8592,72
39.5264,-107.7264,6
35.8311,-90.6464,30
41.9144,-88.2464,72
41.8756,-71.0211,30
46.4047,-94.1308,48
42.3978,-90.7036,71
-14.3306,-170.7136,21
33.3000,-117.3500,4
27.4014,-82.5586,33
37.5908,-83.3131,42
34.1167,-119.1167,18
35.2100,-99.1200,56
33.4825,-90.9853,34
35.6567,-95.3614,51
44.8322,-93.4706,55
34.9914,-78.8803,43
35.2325,-75.6219,31
45.5644,-84.7928,71
61.1689,-150.0278,15
47.7472,-90.3444,35
29.9800,-95.3600,35
32.2997,-86.4075,18
34.7272,-92.2389,31
42.6650,-83.4181,69
36.2833,-94.3000,43
39.1342,-108.5400,16
33.5872,-85.8556,21
40.8300,-111.7600,13
30.4844,-81.7019,33
38.1847,-84.9033,47
43.2119,-90.1814,62
29.5622,-91.5256,22
40.9017,-117.8081,12
40.8250,-92.8925,67
33.8719,-117.9789,9
47.1686,-88.4889,104
40.0819,-75.0111,63
41.5886,-83.8014,90
36.0300,-106.8100,4
43.3497,-76.3847,68
40.8731,-81.8867,80
39.0431,-84.6717,69
25.9989,-80.2411,17
36.0700,-105.6300,3
36.7367,-97.1019,59
31.3500,-85.6667,13
39.4203,-83.8217,82
41.8056,-107.1997,25
38.0511,-117.0903,21
43.1167,-77.6767,74
34.7917,-79.3661,35
42.8975,-106.4636,71
48.5614,-93.3981,48
35.7047,-101.5492,85
32.1314,-110.9553,58
7.4500,151.8333,41
26.1969,-80.1708,20
36.6817,-101.5053,41
34.8461,-82.3461,35
45.6983,-110.4408,66
36.0236,-84.2375,22
41.7072,-86.3164,78
44.5761,-71.1786,22
30.7825,-83.2767,11
27.7628,-82.6261,47
33.6542,-101.8136,56
37.1681,-97.0369,51
40.1606,-113.3508,26
43.1953,-71.5011,40
30.2050,-91.9875,44
26.6847,-80.0994,40
31.0425,-86.3117,5
30.5372,-91.1469,18
43.1644,-95.2017,74
6.9667,158.2167,40
62.9614,-141.9292,3
42.3914,-96.3792,62
57.0481,-135.3647,52
42.9333,-71.4383,42
46.3583,-104.2500,44
45.8069,-108.5422,55
39.9492,-74.8417,41
41.7803,-124.2367,22
33.4536,-94.0075,20
47.6458,-101.4394,70
45.6044,-103.5464,54
30.5844,-97.4156,18
42.5700,-72.2911,45
60.4889,-145.4511,3
35.0281,-110.7208,14
20.8997,-156.4286,25
45.4622,-69.5953,20
40.9706,-85.2064,89
32.6636,-97.0939,47
33.9486,-81.1186,35
31.2361,-94.7544,13
42.4933,-79.2722,98
40.0781,-83.0781,75
40.1936,-76.7633,53
44.3592,-84.6739,56
31.3072,-95.4508,18
62.1592,-145.4589,0
66.8667,-162.6333,77
36.2667,-93.1567,40
57.7511,-152.4856,36
30.3503,-81.8831,31
40.9656,-105.2186,0
32.3347,-88.7442,16
42.5844,-110.1075,11
60.5797,-151.2392,34
46.2667,-119.1167,9
39.4167,-118.7167,9
42.4700,-71.2894,43
38.2103,-122.2847,9
33.9753,-117.6361,5
44.5228,-114.2150,5
37.4058,-122.0481,4
32.0311,-96.3989,34
40.6386,-73.7622,88
39.1353,-96.6778,26
62.9575,-155.6103,3
33.3633,-84.5658,24
41.6267,-73.8842,47
35.6875,-117.6931,11
34.5183,-109.3792,11
41.1783,-78.8989,85
46.6056,-111.9636,0
37.3169,-79.9742,47
42.0572,-102.8000,49
45.5406,-122.9486,12
38.6892,-75.3592,44
32.4106,-99.6822,43
28.4567,-99.2183,36
40.0972,-92.5433,55
41.3103,-95.8992,51
42.1208,-87.9047,58
38.9833,-76.4667,40
47.4569,-115.6450,33
34.6081,-79.0592,34
25.9156,-97.4186,56
42.8783,-100.5500,45
41.7700,-88.4814,85
38.9503,-95.6639,55
36.2606,-76.1750,42
32.8547,-109.6353,49
27.9619,-82.5403,38
36.9600,-106.6600,6
36.9500,-76.2833,44
36.1306,-80.5481,13
29.5442,-98.4839,44
32.4506,-93.8411,23
31.5883,-110.3442,34
21.3239,-157.9294,19
37.8892,-121.2258,3
41.4653,-90.5233,75
36.7900,-105.2400,2
40.7342,-73.4169,70
41.9381,-72.6825,47
36.7725,-90.3247,39
33.1803,-96.5903,45
43.5950,-118.9564,12
59.5119,-139.6711,8
39.7736,-94.9233,45
40.8600,-102.8031,13
33.4278,-112.0039,31
45.0619,-93.3508,60
34.7411,-118.2117,15
33.2208,-92.8142,20
32.3206,-90.0778,32
40.8206,-76.8642,33
33.9228,-118.3342,6
36.8781,-91.9025,42
30.1250,-93.2158,39
39.2447,-102.2842,46
34.0561,-117.6003,6
19.7356,-156.0489,30
45.4353,-67.7214,9
43.2389,-123.3547,6
29.3331,-89.4075,42
35.6950,-101.3950,33
47.3600,-121.5700,6
44.8889,-116.1017,5
42.1594,-76.8919,59
39.1019,-121.5678,10
41.3325,-122.3328,13
31.5356,-84.1944,17
42.7172,-71.1239,55
34.7500,-111.4100,4
40.0228,-82.4625,73
44.3814,-106.7211,25
43.9042,-92.4917,81
42.1908,-71.1736,34
44.2033,-72.5794,44
39.4300,-120.3100,4
42.7972,-105.3856,5
36.0000,-106.8300,2
66.0689,-162.7639,37
41.2731,-111.0306,29
29.5189,-95.2417,53
39.7078,-77.7297,61
45.6308,-89.4653,65
40.9167,-81.4333,73
35.9461,-112.1547,16
38.3406,-75.5103,48
47.6217,-117.5281,21
31.8111,-106.3758,42
41.3275,-72.0494,66
41.0669,-73.7075,37
41.7872,-111.8533,1
21.1544,-157.0961,16
47.2381,-123.1408,8
37.3592,-121.9239,7
38.7525,-90.3736,56
45.5114,-118.4247,0
42.4272,-73.2892,59
38.0700,-102.6881,29
43.9844,-88.5569,58
34.6525,-86.9453,32
32.8192,-97.3614,49
33.2194,-117.3494,9
40.5300,-106.7800,4
44.9319,-93.0556,65
40.3161,-78.8339,91
42.2314,-83.3308,77
35.6697,-120.6283,13
41.2544,-80.6739,72
38.1311,-91.7683,57
61.5961,-149.0917,42
38.0653,-97.8606,39
43.5667,-116.2406,15
64.5111,-165.4400,61
30.3361,-81.5147,39
35.0419,-106.6156,57
21.9839,-159.3405,28
41.0467,-78.4117,57
36.3100,-115.6800,0
40.6044,-98.4272,54
41.3336,-75.7269,55
42.5708,-77.7133,37
61.1781,-149.9664,11
32.7000,-117.2000,7
37.7836,-81.1231,61
28.1011,-80.6439,38
31.7800,-103.2017,44
39.8000,-106.0300,377
31.9206,-102.3867,56
25.6475,-80.4331,15
42.1997,-75.9850,70
39.9914,-82.8808,74
42.1578,-72.7161,37
32.3847,-94.7117,25
36.9900,-105.2600,5
36.9033,-76.1922,47
33.6186,-114.7142,13
40.3667,-75.9667,51
47.3978,-120.2014,7
47.6800,-121.6100,5
45.7881,-111.1608,13
27.7411,-98.0247,58
35.8517,-97.4142,27
32.1300,-81.2100,36
64.8039,-147.8761,1
40.3547,-79.9217,79
35.1967,-81.1558,29
35.0761,-89.7430,0
29.3600,-99.1742,44
36.4486,-103.1539,65
36.1300,-105.5300,4
27.5000,-97.8167,60
33.2061,-97.1989,45
43.7331,-103.6114,22
30.7167,-87.0167,32
38.8500,-94.7392,46
41.1961,-112.0114,12
40.3300,-75.1225,39
30.2333,-81.6667,40
41.3497,-71.7989,47
41.7861,-87.7522,73
44.7978,-68.8186,32
40.2172,-76.8514,47
27.6833,-97.2833,93
48.3042,-114.2636,17
33.6300,-84.4417,37
42.5842,-70.9175,54
30.4119,-89.0808,38
43.3436,-72.5178,28
44.0219,-82.7931,46
44.3206,-69.7972,42
36.4731,-82.4044,55
48.3500,-122.6667,19
40.2964,-78.3203,72
38.7042,-93.1833,55
33.9481,-83.3275,34
9.4833,138.0833,50
37.6197,-122.3647,16
70.2117,-151.0017,36
38.3775,-121.9575,4
33.6883,-112.0817,27
30.4000,-86.4717,43
34.5583,-98.4172,58
32.8667,-117.1333,14
36.5728,-79.3361,42
40.8508,-96.7475,43
37.2847,-120.5128,9
38.5039,-122.8103,5
40.9611,-98.3136,55
43.7667,-98.0333,63
31.4000,-93.2833,7
45.6906,-118.8528,6
45.6208,-122.6572,9
37.7797,-89.2497,45
34.3478,-85.1611,19
48.1739,-103.6367,30
43.2339,-75.4117,60
37.9406,-75.4631,46
44.9258,-89.6256,68
44.3800,-116.3400,6
39.6092,-110.7547,21
32.8986,-80.0403,33
30.4636,-88.5319,38
39.3100,-111.4300,17
42.3606,-71.0106,64
46.4794,-84.3572,49
29.6222,-95.6564,48
42.9600,-121.1800,1
39.2956,-80.2289,65
28.0836,-97.0464,68
42.2347,-85.5519,62
35.6542,-105.1419,62
39.2972,-94.7306,50
36.0719,-115.1633,31
45.5908,-122.6003,31
46.9006,-95.0678,61
36.1336,-80.2222,34
28.7797,-81.2436,33
35.7800,-105.5400,2
43.1072,-78.9453,93
40.7781,-111.9694,13
41.7636,-96.1778,52
34.1231,-84.8486,5
36.3689,-92.4703,30
38.5069,-121.4950,0
44.8664,-91.4878,57
43.5878,-96.7289,59
24.7258,-81.0517,25
39.2953,-114.8467,29
42.7267,-114.4564,17
39.4494,-74.5672,51
45.2575,-112.5545,9
46.3747,-117.0156,15
39.9061,-84.2186,82
38.1417,-76.4292,55
44.5444,-110.4211,2
34.2486,-82.1592,39
40.7939,-73.1017,66
35.0311,-85.2014,32
41.8031,-78.6403,51
59.6419,-151.4908,5
41.0136,-83.6686,98
46.9728,-123.9303,32
44.9358,-74.8458,58
35.8181,-83.9858,56
31.1522,-81.3908,34
36.0467,-79.4769,36
32.5667,-117.1167,17
36.3200,-115.7000,6
40.2342,-85.3936,75
30.0494,-90.0289,59
43.9906,-70.9475,26
45.6194,-121.1661,10
35.2333,-101.7089,48
34.2622,-88.7714,30
32.3367,-90.2214,26
32.6500,-114.6167,30
37.1431,-107.7597,19
37.4389,-105.8614,11
30.0481,-102.2131,38
34.2675,-77.8997,34
45.2486,-122.7686,5
46.7708,-100.7603,52
34.2008,-119.2069,17
35.2372,-120.6414,16
28.8208,-81.8097,35
43.0661,-108.4767,11
60.7850,-161.8292,30
64.7767,-141.1483,44
41.6117,-90.5808,81
37.2253,-89.5706,46
39.4206,-79.0050,80
38.8169,-92.2183,64
27.4981,-80.3767,24
40.4122,-86.9369,75
38.9286,-90.4281,61
34.8822,-95.7831,42
35.0169,-80.6206,36
38.3000,-76.4167,52
36.2117,-115.1958,14
41.3461,-82.1794,87
47.8344,-120.0006,9
40.9781,-124.1086,14
46.7994,-102.7972,71
36.7200,-106.2600,5
37.7461,-97.2211,52
41.7806,-122.4717,9
33.0375,-116.9158,9
42.8153,-108.7261,10
38.6644,-94.8900,18
32.5722,-116.9794,13
36.0097,-94.1694,37
42.5950,-87.9381,64
43.8000,-114.8500,6
39.6014,-116.0056,13
47.2856,-68.3133,40
34.1750,-91.9347,32
43.0206,-102.5183,39
39.7333,-77.4333,36
44.4683,-73.1500,66
41.8833,-91.7167,78
39.8233,-93.5792,33
43.5164,-112.0672,28
36.0394,-95.9844,31
29.7333,-85.0333,28
34.4258,-119.8425,9
43.9922,-76.0217,75
41.6764,-70.9583,45
44.1278,-123.2206,8
42.2333,-83.5333,77
31.3214,-85.4497,22
38.3794,-81.5900,53
37.9050,-93.3169,54
46.9208,-114.0925,26
36.7414,-104.5022,34
41.2531,-70.0608,98
44.2558,-121.1392,6
41.5272,-85.7922,85
31.3558,-85.7511,16
44.3592,-89.8369,62
37.3278,-95.5042,39
48.8700,-121.7900,0
40.1100,-87.9567,67
41.6264,-80.2150,60
60.1283,-149.4167,9
43.9658,-107.9508,17
42.2667,-84.4667,58
35.1442,-111.6664,11
61.2169,-149.8550,9
40.0397,-88.2778,74
64.5500,-149.0717,33
26.2500,-80.1083,32
36.9839,-77.0075,30
35.5953,-82.5567,31
48.4608,-119.5167,8
40.0681,-118.5692,5
40.9339,-72.7394,49
21.4500,-157.7833,17
38.8761,-98.8092,52
30.0675,-95.5561,29
44.3394,-105.5419,36
41.0089,-74.7367,30
34.0511,-118.2353,3
37.9272,-100.7247,48
39.3792,-74.4242,69
26.5361,-81.7550,27
39.8447,-89.6839,64
37.2839,-98.5528,47
39.5703,-104.8489,22
64.3267,-158.7417,42
40.4847,-80.2144,69
30.5892,-96.3647,39
43.7600,-116.1000,15
44.7694,-106.9689,9
44.0511,-101.6011,43
40.7789,-73.9692,39
44.5344,-72.6144,27
34.9894,-99.0525,55
35.3889,-97.6006,54
35.4344,-119.0542,16
33.9786,-98.4928,56
39.0725,-95.6261,39
45.8619,-96.5650,80
36.3189,-119.6289,15
35.7700,-105.7800,5
36.5100,-106.3200,230
41.8161,-80.4250,67
40.6825,-74.1694,64
40.0803,-95.5919,47
27.7839,-97.5108,79
41.9097,-70.7294,50
46.7439,-117.1086,14
42.9486,-78.7369,86
37.9917,-122.0550,9
42.6958,-73.1708,40
29.3389,-98.4719,44
42.6425,-77.0564,72
42.7431,-73.8092,55
42.0647,-104.1528,26
28.4339,-81.3250,34
44.3814,-100.2856,74
41.1519,-104.8061,45
42.3200,-120.8300,15
44.3853,-74.2067,57
33.6267,-116.1594,12
37.6542,-122.1150,6
40.4422,-109.5144,7
34.0500,-94.4008,16
41.6686,-70.2800,64
38.3650,-82.5550,55
33.6228,-111.9106,12
41.1583,-73.1289,65
33.6361,-91.7556,20
59.7494,-154.9089,34
39.4519,-87.3089,60
36.7800,-119.7194,14
42.7900,-121.9800,1
40.3000,-111.2600,7
37.0911,-95.5664,48
30.0375,-91.8839,47
42.9550,-87.9044,64
42.1469,-121.7242,4
32.3542,-95.4025,29
39.9369,-91.1919,61
41.4525,-87.0058,78
37.7214,-122.2208,16
42.9667,-83.7494,75
37.2833,-102.6139,48
45.7728,-122.8611,15
40.8764,-74.2831,36
34.6517,-112.4208,23
36.0969,-79.9433,50
33.8117,-78.7239,24
33.1783,-86.7817,13
37.5050,-77.3203,53
45.0717,-83.5644,42
45.6689,-96.9914,81
38.9408,-77.4636,48
42.8939,-85.5447,71
42.5519,-71.7558,45
32.5428,-93.7450,17
41.2639,-72.8872,50
34.2006,-118.3575,15
58.6794,-156.6294,17
62.3200,-150.0950,28
47.5303,-122.3008,5
38.5050,-107.8975,28
45.4558,-98.4131,50
45.5511,-122.4089,91
42.1094,-77.9919,73
41.6328,-91.5431,59
43.7600,-115.2400,13
28.5083,-81.5467,0
33.2119,-87.6161,17
46.9253,-96.8111,60
46.1569,-123.8825,16
34.9869,-81.0575,34
40.8436,-72.6322,59
41.0731,-71.9233,58
41.3375,-84.4289,53
39.3669,-101.7000,42
36.3333,-119.9500,18
39.9444,-81.8922,60
33.4050,-118.4158,14
34.6294,-118.0836,17
34.4272,-100.2831,38
31.4208,-110.8458,18
37.3031,-108.6275,25
39.2292,-106.3169,28
44.5483,-95.0803,70
29.7036,-98.0281,55
43.7300,-113.8300,7
33.8750,-84.3022,31
40.8217,-72.8689,51
42.5544,-92.4011,60
36.1189,-86.6892,34
39.1900,-120.2600,24
32.6847,-83.6528,25
42.4092,-83.0100,63
36.6239,-87.4194,39
48.5428,-109.7633,23
32.2622,-107.7206,44
39.7750,-105.1169,0
40.8203,-82.5178,71
44.2667,-71.2994,277
31.3711,-100.4922,47
35.6169,-106.0889,41
30.3208,-97.7603,26
40.0489,-107.8853,6
41.5944,-109.0528,31
35.5931,-88.9167,41
42.7611,-87.8136,58
41.5631,-83.4764,90
47.4444,-122.3139,6
46.0947,-118.2869,10
39.3450,-81.4392,59
32.3500,-91.0278,32
32.9733,-97.3181,44
27.5333,-99.4667,43
30.7797,-86.5225,21
38.6956,-121.5897,9
48.0944,-105.5744,30
33.9519,-117.4386,11
48.2553,-101.2733,75
41.4333,-99.6333,50
7.0833,171.3833,47
39.7194,-76.8028,58
38.8000,-97.6500,48
71.2833,-156.7814,47
31.3347,-92.5586,12
29.6381,-95.2819,51
45.0133,-84.7014,58
42.7461,-86.0967,68
40.1519,-122.2536,17
33.5656,-86.7450,24
27.9106,-82.6875,43
42.1128,-92.9175,76
37.3711,-118.3581,20
30.4781,-87.1869,40
29.1097,-95.4619,52
40.1203,-76.2944,53
39.4717,-76.1697,54
43.4075,-94.7461,85
44.6381,-90.1875,70
30.6794,-88.2397,33
32.7667,-97.4500,48
38.4167,-113.0167,13
46.4167,-86.6500,60
33.9381,-118.3889,14
47.9078,-122.2803,13
40.7794,-73.8803,72
32.7336,-117.1831,8
38.7642,-87.6056,65
45.8183,-88.1144,53
66.9161,-151.5089,3
37.7086,-113.0944,12
40.2064,-100.5914,43
39.3600,-106.0600,12
46.4267,-105.8825,27
35.8922,-78.7819,37
36.0167,-102.5500,56
38.1811,-85.7392,61
26.0719,-80.1536,23
40.6331,-93.9019,67
33.6800,-117.8664,10
41.5333,-71.2833,37
36.2500,-115.6300,11
28.4736,-82.4544,24
17.7028,-64.8056,35
48.5222,-123.0231,6
40.6161,-83.0636,75
38.8853,-79.8528,51
39.4019,-77.9844,52
42.4167,-87.8667,45
70.6392,-159.9950,43
29.1828,-81.0483,26
43.1406,-89.3453,40
37.2958,-81.2078,69
32.3336,-104.2581,42
25.7906,-80.3164,20
26.9172,-81.9914,33
32.8342,-115.5786,11
31.9514,-85.1289,12
34.7442,-87.5997,25
33.4669,-82.0386,24
39.1667,-76.6833,47
35.9333,-79.0642,20
45.1947,-123.1339,7
18.3331,-64.9667,42
41.8678,-84.0794,63
44.3675,-71.5450,30
41.1078,-92.4467,62
36.1625,-97.0894,44
47.9375,-124.5550,8
34.6242,-106.3103,27
41.1214,-100.6694,30
24.5550,-81.7522,40
43.7700,-88.4864,65
39.2900,-117.1100,9
46.0261,-91.4442,33
28.8614,-96.9303,55
45.5433,-94.0514,60
28.9844,-95.3808,54
41.5175,-81.6836,108
40.4719,-81.4236,48
24.5833,-81.6833,45
40.6508,-75.4492,47
41.5092,-74.2650,47
32.8519,-96.8556,42
36.8167,-76.0333,51
18.2550,-65.6408,40
38.8100,-104.6883,36
34.1853,-79.7239,33
41.2433,-76.9217,51
25.9069,-80.2803,16
47.0492,-109.4578,26
36.7683,-96.0261,35
31.4156,-87.0442,10
42.3075,-85.2511,68
43.5331,-84.0797,74
36.9878,-120.1106,9
41.1389,-75.3794,71
38.7550,-109.7542,12
40.2383,-75.5572,38
35.5144,-108.7939,17
33.9706,-80.9958,29
34.2167,-119.0833,13
48.2138,-106.6213,30
48.1203,-123.4983,7
35.2236,-80.9553,37
26.1522,-81.7753,31
44.5169,-108.0822,12
38.6572,-90.6558,51
47.9742,-117.4283,24
39.3756,-99.8297,34
38.8983,-119.9947,3
31.9433,-102.1889,58
34.2900,-93.0600,19
32.8167,-115.6833,14
28.0622,-81.7542,35
44.8428,-117.8086,11
39.7556,-82.6572,65
30.4000,-81.4167,24
35.2578,-93.0947,15
18.4325,-66.0108,30
34.6439,-86.7861,25
31.6072,-110.4281,42
37.2622,-104.3378,38
40.2769,-74.8158,44
36.8600,-106.2300,337
42.0800,-80.1825,89
63.9944,-145.7214,101
47.3258,-106.9475,15
46.5486,-90.9189,59
55.5800,-133.0750,26
46.8706,-68.0172,36
32.8158,-117.1394,6
47.4933,-122.2144,10
30.1831,-97.6800,57
35.1822,-103.6031,43
40.8289,-115.7886,7
33.3644,-81.9633,33
39.4781,-88.2803,72
21.3167,-158.0667,12
43.3500,-73.6167,50
59.4556,-135.3239,82
30.9119,-102.9167,37
39.1258,-123.2008,3
37.7064,-112.1456,29
44.9047,-97.1494,63
45.5464,-100.4078,61
40.1667,-103.2167,43
43.1711,-86.2367,78
33.7792,-84.5214,27
60.7850,-148.8389,34
31.8606,-86.0122,17
45.0319,-102.0192,67
31.6189,-97.2283,38
35.5342,-97.6469,51
43.8789,-91.2528,55
13.4836,144.7961,52
40.1550,-103.1417,9
47.2675,-122.5761,5
34.8831,-82.2203,36
44.3981,-98.2231,59
47.6831,-117.3214,3
47.3078,-119.5153,19
39.1333,-86.6167,54
35.8550,-77.8931,31
42.4100,-121.6800,7
40.7833,-91.1253,54
35.0028,-105.6628,56
39.9181,-76.8742,40
67.7317,-164.5483,45
39.6428,-79.9164,39
30.6264,-88.0681,41
40.5175,-122.2986,5
36.6206,-116.0278,18
30.3975,-84.3289,22
42.8375,-103.0953,37
28.7247,-96.2536,68
46.0139,-102.6547,58
45.9647,-112.5006,3
46.2400,-117.3900,2
37.2353,-93.4003,51
38.3083,-75.1239,50
42.8914,-73.2469,43
38.0442,-87.5206,48
19.7192,-155.0531,30
30.5069,-86.9597,31
39.7075,-86.2803,84
37.1319,-76.4930,54
39.6728,-75.6008,53
39.7053,-105.6997,9
26.1839,-98.2539,51
44.7408,-85.5825,67
41.7361,-72.6506,45
38.3306,-96.1897,58
22.0333,-159.7833,30
48.6033,-112.3753,16
43.4133,-124.2436,19
36.2967,-99.7689,42
34.2719,-83.8303,46
41.8706,-103.5931,36
43.8339,-111.8045,21
39.8344,-88.8656,67
39.8328,-104.6575,24
42.2706,-71.8731,72
37.6928,-121.8144,6
42.1928,-89.0931,67
44.2100,-110.6700,10
37.0683,-88.7719,38
39.5936,-84.2264,58
44.0433,-103.0536,22
41.2003,-74.6231,30
33.4964,-90.0867,23
41.4131,-81.8600,89
37.1467,-94.5022,47
32.6261,-116.4681,28
36.1994,-95.8872,46
47.6428,-115.9172,0
39.1033,-84.4189,62
57.1553,-170.2222,71
45.0800,-117.5500,12
40.6675,-89.6839,54
46.8369,-92.2097,76
40.1764,-80.6472,74
30.7044,-87.0231,37
37.6544,-97.4425,51
37.7081,-77.4344,45
32.7817,-98.0603,43
44.7900,-116.0900,0
39.4900,-121.6183,7
46.9258,-98.6692,74
31.5358,-82.5067,30
34.9000,-76.8833,36
42.8050,-72.0036,43
41.7219,-71.4325,44
35.0564,-89.9864,32
35.3331,-94.3625,32
41.3931,-70.6150,74
44.4983,-88.1111,70
36.6636,-121.6081,13
39.3667,-75.0667,45
55.0389,-131.5786,26
37.0872,-84.0769,57
34.0158,-118.4514,10
29.9506,-94.0206,43
31.3928,-92.2956,5
41.5097,-72.8278,31
42.5906,-117.8644,10
32.4833,-80.7167,37
41.6875,-69.9933,47
27.6531,-80.2428,34
43.1544,-93.3269,85
37.6242,-120.9506,8
34.7000,-77.3833,33
38.1386,-78.4530,43
41.9950,-87.9336,74
7.3333,134.4833,25
26.2281,-97.6542,64
29.3783,-100.9269,35
35.9403,-89.8308,41
33.8117,-118.1464,9
38.4000,-119.5400,5
34.4978,-82.7097,51
39.5781,-85.8033,73
46.1442,-115.5964,6
40.5100,-101.6200,38
70.1917,-148.4772,41
44.1708,-114.9272,6
41.3119,-105.6747,22
43.2781,-70.9222,19
42.4819,-114.4869,17
30.3489,-85.7881,29
59.4433,-151.7017,6
32.5156,-92.0406,22
33.2367,-107.2681,37
32.6808,-96.8681,38
30.3433,-89.8222,33
37.7608,-99.9683,53
42.7803,-84.5789,65
40.6239,-74.6694,22
32.7100,-96.2672,41
42.5417,-113.7661,30
35.0678,-77.0481,30
38.0494,-103.5122,31
30.8356,-85.1839,20
44.0206,-117.0128,10
38.2900,-104.4983,34
55.3567,-131.7117,21
59.2433,-135.5094,34
41.0375,-81.4642,78
29.9933,-90.2511,51
36.9358,-121.7886,10
39.3644,-84.5247,60
38.5911,-92.1558,47
47.0339,-120.5303,7
45.8258,-119.2611,10
47.4667,-87.8833,123
30.7406,-98.2353,38
31.4583,-109.6061,34
36.7436,-108.2292,33
48.7939,-122.5372,7
38.9597,-94.3714,51
39.5514,-97.6508,49
34.3622,-98.9761,54
61.1000,-149.6936,27
39.2231,-106.8683,19
15.1167,145.7167,40
47.2078,-119.3192,12
40.8097,-124.1603,9
41.6236,-98.9517,51
39.8683,-75.2311,69
38.2281,-85.6636,52
41.1014,-102.9847,53
46.1236,-67.7928,35
40.7083,-84.0267,93
40.8500,-74.0614,51
44.3744,-70.3164,49
38.5000,-77.3000,45
34.8536,-116.7858,15
32.8978,-97.0189,51
39.1894,-103.7158,53
36.6950,-76.1356,21
33.1281,-117.2794,11
44.4911,-71.5725,0
31.1500,-92.9667,4
35.4111,-80.5833,22
29.6333,-83.1053,31
47.8306,-110.6608,9
42.9203,-112.5711,9
35.9200,-106.3900,1
43.7694,-87.8506,74
43.6497,-70.3003,48
36.5881,-121.8453,13
30.5108,-99.7664,41
48.7200,-116.4600,10
47.3000,-121.6000,4
31.1828,-90.4708,25
41.7781,-80.6958,72
32.5500,-88.5667,21
34.5467,-93.5781,13
37.6703,-95.4842,46
35.9508,-85.0814,43
35.2578,-113.9331,21
45.6478,-68.6925,19
34.7336,-76.6606,30
28.5453,-81.3331,27
43.1561,-90.6775,44
41.4000,-107.2600,6
26.5850,-81.8614,33
41.7419,-72.1836,26
56.6000,-169.5650,82
38.7667,-104.3000,42
39.3903,-94.5553,54
41.9922,-93.6217,66
43.1111,-76.1039,84
35.7425,-81.3819,26
34.7436,-118.7242,26
33.3075,-104.5083,34
34.8994,-120.4486,15
42.6003,-123.3642,21
33.8281,-116.5053,13
48.7167,-94.6000,33
41.5339,-93.6531,65
42.3811,-122.8722,5
40.4953,-107.5211,11
47.4733,-111.3822,61
39.4839,-119.7711,3
46.9733,-122.9033,12
38.5714,-90.1572,66
47.3864,-92.8389,48
45.8678,-95.3942,69
42.2228,-83.7444,67
42.1244,-86.4267,96
37.3208,-79.2067,38
41.9856,-97.4353,55
39.2775,-120.7103,7
46.5683,-120.5428,10
43.9636,-69.7117,38
35.6575,-109.0614,9
43.3906,-99.8422,66
35.1350,-90.2344,30
35.4319,-82.5375,54
30.7439,-95.5861,13
36.1900,-105.5600,6
39.0083,-95.2117,45
34.7675,-114.6189,15
39.8250,-86.2958,69
44.6500,-73.4667,41
55.2208,-162.7325,27
34.2097,-118.4892,12
41.4914,-120.5644,2
30.3567,-95.4139,23
33.4617,-80.8581,32
44.8831,-93.2289,60
47.9428,-97.1839,57
38.8317,-94.8897,51
38.8483,-77.0342,55
31.2819,-89.2531,21
43.6264,-72.3047,59
34.6719,-82.8864,43
44.9050,-123.0011,12
32.5161,-84.9422,20
41.3714,-73.4828,40
36.9647,-86.4239,34
58.3567,-134.5639,2
29.6919,-82.2756,27
39.1208,-94.5969,47
26.1658,-97.3458,70
38.0408,-84.6058,59
36.9261,-111.4478,8
29.2733,-94.8592,72
39.5264,-107.7264,6
35.8311,-90.6464,30
41.9144,-88.2464,72
41.8756,-71.0211,30
46.4047,-94.1308,48
42.3978,-90.7036,71
-14.3306,-170.7136,21
33.3000,-117.3500,4
27.4014,-82.5586,33
37.5908,-83.3131,42
34.1167,-119.1167,18
35.2100,-99.1200,56
33.4825,-90.9853,34
35.6567,-95.3614,51
44.8322,-93.4706,55
34.9914,-78.8803,43
35.2325,-75.6219,31
45.5644,-84.7928,71
61.1689,-150.0278,15
47.7472,-90.3444,35
29.9800,-95.3600,35
32.2997,-86.4075,18
34.7272,-92.2389,31
42.6650,-83.4181,69
36.2833,-94.3000,43
39.1342,-108.5400,16
33.5872,-85.8556,21
40.8300,-111.7600,13
30.4844,-81.7019,33
38.1847,-84.9033,47
43.2119,-90.1814,62
29.5622,-91.5256,22
40.9017,-117.8081,12
40.8250,-92.8925,67
33.8719,-117.9789,9
47.1686,-88.4889,104
40.0819,-75.0111,63
41.5886,-83.8014,90
36.0300,-106.8100,4
43.3497,-76.3847,68
40.8731,-81.8867,80
39.0431,-84.6717,69
25.9989,-80.2411,17
36.0700,-105.6300,3
36.7367,-97.1019,59
31.3500,-85.6667,13
39.4203,-83.8217,82
41.8056,-107.1997,25
38.0511,-117.0903,21
43.1167,-77.6767,74
34.7917,-79.3661,35
42.8975,-106.4636,71
48.5614,-93.3981,48
35.7047,-101.5492,85
32.1314,-110.9553,58
7.4500,151.8333,41
26.1969,-80.1708,20
36.6817,-101.5053,41
34.8461,-82.3461,35
45.6983,-110.4408,66
36.0236,-84.2375,22
41.7072,-86.3164,78
44.5761,-71.1786,22
30.7825,-83.2767,11
27.7628,-82.6261,47
33.6542,-101.8136,56
37.1681,-97.0369,51
40.1606,-113.3508,26
43.1953,-71.5011,40
30.2050,-91.9875,44
26.6847,-80.0994,40
31.0425,-86.3117,5
30.5372,-91.1469,18
43.1644,-95.2017,74
6.9667,158.2167,40
62.9614,-141.9292,3
42.3914,-96.3792,62
57.0481,-135.3647,52
42.9333,-71.4383,42
46.3583,-104.2500,44
45.8069,-108.5422,55
39.9492,-74.8417,41
41.7803,-124.2367,22
33.4536,-94.0075,20
47.6458,-101.4394,70
45.6044,-103.5464,54
30.5844,-97.4156,18
42.5700,-72.2911,45
60.4889,-145.4511,3
35.0281,-110.7208,14
20.8997,-156.4286,25
45.4622,-69.5953,20
40.9706,-85.2064,89
32.6636,-97.0939,47
33.9486,-81.1186,35
31.2361,-94.7544,13
42.4933,-79.2722,98
40.0781,-83.0781,75
40.1936,-76.7633,53
44.3592,-84.6739,56
31.3072,-95.4508,18
62.1592,-145.4589,0
66.8667,-162.6333,77
36.2667,-93.1567,40
57.7511,-152.4856,36
30.3503,-81.8831,31
40.9656,-105.2186,0
32.3347,-88.7442,16
42.5844,-110.1075,11
60.5797,-151.2392,34
46.2667,-119.1167,9
39.4167,-118.7167,9
42.4700,-71.2894,43
38.2103,-122.2847,9
33.9753,-117.6361,5
44.5228,-114.2150,5
37.4058,-122.0481,4
32.0311,-96.3989,34
40.6386,-73.7622,88
39.1353,-96.6778,26
62.9575,-155.6103,3
33.3633,-84.5658,24
41.6267,-73.8842,47
35.6875,-117.6931,11
34.5183,-109.3792,11
41.1783,-78.8989,85
46.6056,-111.9636,0
37.3169,-79.9742,47
42.0572,-102.8000,49
45.5406,-122.9486,12
38.6892,-75.3592,44
32.4106,-99.6822,43
28.4567,-99.2183,36
40.0972,-92.5433,55
41.3103,-95.8992,51
42.1208,-87.9047,58
38.9833,-76.4667,40
47.4569,-115.6450,33
34.6081,-79.0592,34
25.9156,-97.4186,56
42.8783,-100.5500,45
41.7700,-88.4814,85
38.9503,-95.6639,55
36.2606,-76.1750,42
32.8547,-109.6353,49
27.9619,-82.5403,38
36.9600,-106.6600,6
36.9500,-76.2833,44
36.1306,-80.5481,13
29.5442,-98.4839,44
32.4506,-93.8411,23
31.5883,-110.3442,34
21.3239,-157.9294,19
37.8892,-121.2258,3
41.4653,-90.5233,75
36.7900,-105.2400,2
40.7342,-73.4169,70
41.9381,-72.6825,47
36.7725,-90.3247,39
33.1803,-96.5903,45
43.5950,-118.9564,12
59.5119,-139.6711,8
39.7736,-94.9233,45
40.8600,-102.8031,13
33.4278,-112.0039,31
45.0619,-93.3508,60
34.7411,-118.2117,15
33.2208,-92.8142,20
32.3206,-90.0778,32
40.8206,-76.8642,33
33.9228,-118.3342,6
36.8781,-91.9025,42
30.1250,-93.2158,39
39.2447,-102.2842,46
34.0561,-117.6003,6
19.7356,-156.0489,30
45.4353,-67.7214,9
43.2389,-123.3547,6
29.3331,-89.4075,42
35.6950,-101.3950,33
47.3600,-121.5700,6
44.8889,-116.1017,5
42.1594,-76.8919,59
39.1019,-121.5678,10
41.3325,-122.3328,13
31.5356,-84.1944,17
42.7172,-71.1239,55
34.7500,-111.4100,4
40.0228,-82.4625,73
44.3814,-106.7211,25
43.9042,-92.4917,81
42.1908,-71.1736,34
44.2033,-72.5794,44
39.4300,-120.3100,4
42.7972,-105.3856,5
36.0000,-106.8300,2
66.0689,-162.7639,37
41.2731,-111.0306,29
29.5189,-95.2417,53
39.7078,-77.7297,61
45.6308,-89.4653,65
40.9167,-81.4333,73
35.9461,-112.1547,16
38.3406,-75.5103,48
47.6217,-117.5281,21
31.8111,-106.3758,42
41.3275,-72.0494,66
41.0669,-73.7075,37
41.7872,-111.8533,1
21.1544,-157.0961,16
47.2381,-123.1408,8
37.3592,-121.9239,7
38.7525,-90.3736,56
45.5114,-118.4247,0
42.4272,-73.2892,59
38.0700,-102.6881,29
43.9844,-88.5569,58
34.6525,-86.9453,32
32.8192,-97.3614,49
33.2194,-117.3494,9
40.5300,-106.7800,4
44.9319,-93.0556,65
40.3161,-78.8339,91
42.2314,-83.3308,77
35.6697,-120.6283,13
41.2544,-80.6739,72
38.1311,-91.7683,57
61.5961,-149.0917,42
38.0653,-97.8606,39
43.5667,-116.2406,15
64.5111,-165.4400,61
30.3361,-81.5147,39
35.0419,-106.6156,57
21.9839,-159.3405,28
41.0467,-78.4117,57
36.3100,-115.6800,0
40.6044,-98.4272,54
41.3336,-75.7269,55
42.5708,-77.7133,37
61.1781,-149.9664,11
32.7000,-117.2000,7
37.7836,-81.1231,61
28.1011,-80.6439,38
31.7800,-103.2017,44
39.8000,-106.0300,377
31.9206,-102.3867,56
25.6475,-80.4331,15
42.1997,-75.9850,70
39.9914,-82.8808,74
42.1578,-72.7161,37
32.3847,-94.7117,25
36.9900,-105.2600,5
36.9033,-76.1922,47
33.6186,-114.7142,13
40.3667,-75.9667,51
47.3978,-120.2014,7
47.6800,-121.6100,5
45.7881,-111.1608,13
27.7411,-98.0247,58
35.8517,-97.4142,27
32.1300,-81.2100,36
64.8039,-147.8761,1
40.3547,-79.9217,79
35.1967,-81.1558,29
35.0761,-89.7430,0
29.3600,-99.1742,44
36.4486,-103.1539,65
36.1300,-105.5300,4
27.5000,-97.8167,60
33.2061,-97.1989,45
43.7331,-103.6114,22
30.7167,-87.0167,32
38.8500,-94.7392,46
41.1961,-112.0114,12
40.3300,-75.1225,39
30.2333,-81.6667,40
41.3497,-71.7989,47
41.7861,-87.7522,73
44.7978,-68.8186,32
40.2172,-76.8514,47
27.6833,-97.2833,93
48.3042,-114.2636,17
33.6300,-84.4417,37
42.5842,-70.9175,54
30.4119,-89.0808,38
43.3436,-72.5178,28
44.0219,-82.7931,46
44.3206,-69.7972,42
36.4731,-82.4044,55
48.3500,-122.6667,19
40.2964,-78.3203,72
38.7042,-93.1833,55
33.9481,-83.3275,34
9.4833,138.0833,50
37.6197,-122.3647,16
70.2117,-151.0017,36
38.3775,-121.9575,4
33.6883,-112.0817,27
30.4000,-86.4717,43
34.5583,-98.4172,58
32.8667,-117.1333,14
36.5728,-79.3361,42
40.8508,-96.7475,43
37.2847,-120.5128,9
38.5039,-122.8103,5
40.9611,-98.3136,55
43.7667,-98.0333,63
31.4000,-93.2833,7
45.6906,-118.8528,6
45.6208,-122.6572,9
37.7797,-89.2497,45
34.3478,-85.1611,19
48.1739,-103.6367,30
43.2339,-75.4117,60
37.9406,-75.4631,46
44.9258,-89.6256,68
44.3800,-116.3400,6
39.6092,-110.7547,21
32.8986,-80.0403,33
30.4636,-88.5319,38
39.3100,-111.4300,17
42.3606,-71.0106,64
46.4794,-84.3572,49
29.6222,-95.6564,48
42.9600,-121.1800,1
39.2956,-80.2289,65
28.0836,-97.0464,68
42.2347,-85.5519,62
35.6542,-105.1419,62
39.2972,-94.7306,50
36.0719,-115.1633,31
45.5908,-122.6003,31
46.9006,-95.0678,61
36.1336,-80.2222,34
28.7797,-81.2436,33
35.7800,-105.5400,2
43.1072,-78.9453,93
40.7781,-111.9694,13
41.7636,-96.1778,52
34.1231,-84.8486,5
36.3689,-92.4703,30
38.5069,-121.4950,0
44.8664,-91.4878,57
43.5878,-96.7289,59
24.7258,-81.0517,25
39.2953,-114.8467,29
42.7267,-114.4564,17
39.4494,-74.5672,51
45.2575,-112.5545,9
46.3747,-117.0156,15
39.9061,-84.2186,82
38.1417,-76.4292,55
44.5444,-110.4211,2
34.2486,-82.1592,39
40.7939,-73.1017,66
35.0311,-85.2014,32
41.8031,-78.6403,51
59.6419,-151.4908,5
41.0136,-83.6686,98
46.9728,-123.9303,32
44.9358,-74.8458,58
35.8181,-83.9858,56
31.1522,-81.3908,34
36.0467,-79.4769,36
