43.5397,-109.6553,6
-42.9725,147.0342,2
-27.4361,153.5456,2
43.2683,-79.0103,2
-34.4582,149.4599,9
-17.4694,145.7311,2
42.8519,-106.2842,2
-26.7150,152.8719,2
43.0114,-84.5542,2
42.6922,-120.5403,2
-42.7572,147.3817,2
-43.0286,147.0544,3
-36.2506,147.0258,2
-43.0833,147.7922,2
45.3047,-93.5842,2
-42.7283,146.6656,5
-35.0266,138.7133,2
-36.7180,145.1731,3
-34.9145,139.3010,2
-36.4722,148.6232,4
45.1111,-87.6117,2
-42.9639,147.2428,2
41.1736,-85.0672,2
41.0908,-89.8614,17
-35.2680,140.9075,2
-37.0382,143.4812,2
43.7203,-91.9717,6
43.4797,-90.6933,2
43.4703,-71.6536,2
45.7883,-92.2325,2
-42.9142,147.2739,2
40.5517,-82.2014,3
-43.0156,147.3275,2
46.6447,-88.4811,2
47.8611,-123.9319,5
47.9189,-100.5447,2
