45.5900,-95.8744,-67
47.0575,-109.9514,22
40.4750,-86.9919,-39
30.5497,-84.5836,89
45.6750,-111.1550,6
40.4719,-74.4364,11
42.0208,-93.7742,-67
44.9847,-93.1772,-6
44.2394,-95.3153,-11
44.0708,-93.5264,-44
38.5350,-121.7761,83
41.6661,-111.8914,-6
40.2539,-85.1483,17
40.2472,-93.7158,17
45.5900,-95.8744,-67
47.0575,-109.9514,22
40.4750,-86.9919,-39
30.5497,-84.5836,89
45.6750,-111.1550,6
40.4719,-74.4364,11
42.0208,-93.7742,-67
44.9847,-93.1772,-6
44.2394,-95.3153,-11
44.0708,-93.5264,-44
38.5350,-121.7761,83
41.6661,-111.8914,-6
40.2539,-85.1483,17
40.2472,-93.7158,17
