37.6303,-104.7956,1
39.7633,-104.8694,1
58.4003,-134.5694,1
59.2381,-135.4494,1
42.8917,-112.4086,1
39.8958,-105.3847,1
37.9825,-103.5439,1
37.9136,-104.9483,1
44.5647,-91.6719,1
39.1092,-104.5997,1
31.8075,-94.1642,1
41.1944,-104.7125,1
38.0494,-103.5122,1
36.4486,-103.1539,1
30.3703,-103.7808,1
38.2900,-104.4983,1
46.4314,-95.5464,1
41.6661,-111.8914,1
39.0292,-104.8017,1
41.1522,-104.8056,1
40.3692,-105.2353,1
38.9000,-77.2664,1
37.4536,-103.3219,1
30.7342,-85.0306,1
40.5756,-105.0236,1
39.5703,-104.8489,1
44.2667,-71.2994,1
38.8100,-104.6883,1
39.9919,-105.2667,1
39.7750,-105.1169,1
34.9833,-76.3000,1
38.7956,-105.2003,1
60.7850,-161.8292,1
36.0606,-102.5211,1
