36.3200,-115.7000,74
36.7200,-106.2600,220
43.8000,-114.8500,360
43.7600,-116.1000,313
35.7700,-105.7800,262
36.5100,-106.3200,12
40.3000,-111.2600,243
43.7600,-115.2400,330
43.7300,-113.8300,287
39.1900,-120.2600,43
39.3600,-106.0600,185
36.2500,-115.6300,165
39.2900,-117.1100,353
36.8600,-106.2300,24
46.2400,-117.3900,259
44.2100,-110.6700,268
44.7900,-116.0900,297
38.4000,-119.5400,337
35.9200,-106.3900,264
48.7200,-116.4600,270
41.4000,-107.2600,175
36.1900,-105.5600,59
40.8300,-111.7600,210
36.0300,-106.8100,7
36.0700,-105.6300,268
36.9600,-106.6600,160
35.3400,-111.6500,297
36.7900,-105.2400,272
39.4300,-120.3100,4
36.0000,-106.8300,295
40.5300,-106.7800,145
36.3100,-115.6800,140
39.8000,-106.0300,230
36.9900,-105.2600,148
36.1300,-105.5300,239
44.3800,-116.3400,7
39.3100,-111.4300,258
35.7800,-105.5400,224
