32.5667,-117.1167,280
40.2342,-85.3936,80
30.0494,-90.0289,340
43.9906,-70.9475,280
45.6194,-121.1661,280
35.2333,-101.7089,140
34.2622,-88.7714,50
32.3367,-90.2214,190
32.6500,-114.6167,280
37.1431,-107.7597,190
37.4389,-105.8614,260
30.0481,-102.2131,340
34.2675,-77.8997,200
45.2486,-122.7686,240
46.7708,-100.7603,150
34.2008,-119.2069,260
35.2372,-120.6414,330
28.8208,-81.8097,300
43.0661,-108.4767,190
60.7850,-161.8292,330
64.7767,-141.1483,90
41.6117,-90.5808,70
37.2253,-89.5706,50
38.8169,-92.2183,70
27.4981,-80.3767,150
40.4122,-86.9369,50
38.9286,-90.4281,80
34.8822,-95.7831,30
35.0169,-80.6206,230
38.3000,-76.4167,360
36.2117,-115.1958,330
41.3461,-82.1794,60
40.9781,-124.1086,320
46.7994,-102.7972,160
37.7461,-97.2211,90
41.7806,-122.4717,10
33.0375,-116.9158,310
42.8153,-108.7261,190
34.9883,-117.8647,280
32.5722,-116.9794,280
36.0097,-94.1694,80
42.5950,-87.9381,120
39.6014,-116.0056,290
47.2856,-68.3133,290
34.1750,-91.9347,20
43.0206,-102.5183,170
39.7333,-77.4333,220
44.4683,-73.1500,300
41.8833,-91.7167,100
39.8233,-93.5792,110
43.5164,-112.0672,210
36.0394,-95.9844,60
29.7333,-85.0333,200
34.4258,-119.8425,10
43.9922,-76.0217,230
41.6764,-70.9583,220
44.1278,-123.2206,260
42.2333,-83.5333,170
31.3214,-85.4497,350
38.3794,-81.5900,60
46.9208,-114.0925,300
36.7414,-104.5022,210
41.2531,-70.0608,230
44.2558,-121.1392,290
41.5272,-85.7922,340
31.3558,-85.7511,250
44.3592,-89.8369,30
37.3278,-95.5042,70
41.6264,-80.2150,20
60.1283,-149.4167,350
43.9658,-107.9508,190
42.2667,-84.4667,310
35.1442,-111.6664,230
61.2169,-149.8550,180
40.0397,-88.2778,50
64.5500,-149.0717,80
26.2500,-80.1083,110
36.9839,-77.0075,30
48.4608,-119.5167,30
40.0681,-118.5692,310
21.4500,-157.7833,70
38.8761,-98.8092,140
30.0675,-95.5561,300
44.3394,-105.5419,150
32.7800,-79.9319,210
41.0089,-74.7367,350
34.0511,-118.2353,270
37.9272,-100.7247,140
39.3792,-74.4242,220
26.5361,-81.7550,260
39.8447,-89.6839,60
37.2839,-98.5528,90
39.5703,-104.8489,180
64.3267,-158.7417,230
40.4847,-80.2144,30
30.5892,-96.3647,330
44.7694,-106.9689,300
44.0511,-101.6011,180
40.7789,-73.9692,240
44.5344,-72.6144,310
34.9894,-99.0525,60
35.3889,-97.6006,50
35.4344,-119.0542,340
33.9786,-98.4928,10
39.0725,-95.6261,80
36.3189,-119.6289,330
40.6825,-74.1694,330
40.0803,-95.5919,110
27.7839,-97.5108,340
41.9097,-70.7294,220
46.7439,-117.1086,250
42.9486,-78.7369,330
37.9917,-122.0550,290
42.6958,-73.1708,210
29.3389,-98.4719,360
42.6425,-77.0564,320
42.7431,-73.8092,310
42.0647,-104.1528,150
28.4339,-81.3250,190
44.3814,-100.2856,160
41.1519,-104.8061,150
44.3853,-74.2067,260
33.6267,-116.1594,320
37.6542,-122.1150,280
40.4422,-109.5144,190
34.0500,-94.4008,90
41.6686,-70.2800,240
38.3650,-82.5550,50
33.6228,-111.9106,240
41.1583,-73.1289,360
33.6361,-91.7556,40
59.7494,-154.9089,10
39.4519,-87.3089,60
36.7800,-119.7194,310
37.0911,-95.5664,70
30.0375,-91.8839,280
42.9550,-87.9044,40
42.1469,-121.7242,320
32.3542,-95.4025,310
39.9369,-91.1919,60
41.4525,-87.0058,340
37.7214,-122.2208,280
42.9667,-83.7494,320
37.2833,-102.6139,160
45.7728,-122.8611,290
40.8764,-74.2831,330
34.6517,-112.4208,230
36.0969,-79.9433,40
33.8117,-78.7239,210
33.1783,-86.7817,190
37.5050,-77.3203,30
45.0717,-83.5644,120
45.6689,-96.9914,190
38.9408,-77.4636,360
42.8939,-85.5447,280
42.5519,-71.7558,220
32.5428,-93.7450,100
41.2639,-72.8872,10
34.2006,-118.3575,330
58.6794,-156.6294,50
62.3200,-150.0950,30
47.5303,-122.3008,230
38.5050,-107.8975,190
45.4558,-98.4131,180
45.5511,-122.4089,230
42.1094,-77.9919,330
41.6328,-91.5431,150
33.2119,-87.6161,200
46.9253,-96.8111,150
46.1569,-123.8825,260
34.9869,-81.0575,240
40.8436,-72.6322,260
41.0731,-71.9233,200
41.3375,-84.4289,90
39.3669,-101.7000,160
36.3333,-119.9500,330
39.9444,-81.8922,50
33.4050,-118.4158,250
34.6294,-118.0836,280
34.4272,-100.2831,20
31.4208,-110.8458,350
37.3031,-108.6275,220
39.2292,-106.3169,230
44.5483,-95.0803,200
29.7036,-98.0281,360
33.8750,-84.3022,230
40.8217,-72.8689,210
42.5544,-92.4011,100
36.1189,-86.6892,50
32.6847,-83.6528,270
42.4092,-83.0100,150
36.6239,-87.4194,20
48.5428,-109.7633,280
32.2622,-107.7206,190
40.8203,-82.5178,20
31.3711,-100.4922,30
35.6169,-106.0889,240
30.3208,-97.7603,310
40.0489,-107.8853,250
41.5944,-109.0528,210
35.5931,-88.9167,20
42.7611,-87.8136,130
41.5631,-83.4764,100
47.4444,-122.3139,200
46.0947,-118.2869,290
39.3450,-81.4392,50
32.3500,-91.0278,150
32.9733,-97.3181,30
27.5333,-99.4667,350
30.7797,-86.5225,190
38.6956,-121.5897,340
48.0944,-105.5744,110
33.9519,-117.4386,260
48.2553,-101.2733,110
41.4333,-99.6333,190
7.0833,171.3833,40
38.8000,-97.6500,130
71.2833,-156.7814,70
31.3347,-92.5586,180
29.6381,-95.2819,130
45.0133,-84.7014,260
42.7461,-86.0967,260
40.1519,-122.2536,290
33.5656,-86.7450,230
27.9106,-82.6875,220
42.1128,-92.9175,140
37.3711,-118.3581,350
30.4781,-87.1869,310
29.1097,-95.4619,160
40.1203,-76.2944,30
43.4075,-94.7461,160
44.6381,-90.1875,300
30.6794,-88.2397,350
32.7667,-97.4500,30
38.4167,-113.0167,220
46.4167,-86.6500,330
33.9381,-118.3889,270
47.9078,-122.2803,220
40.7794,-73.8803,330
32.7336,-117.1831,300
38.7642,-87.6056,50
45.8183,-88.1144,300
66.9161,-151.5089,40
37.7086,-113.0944,190
40.2064,-100.5914,180
46.4267,-105.8825,330
35.8922,-78.7819,40
36.0167,-102.5500,160
38.1811,-85.7392,60
26.0719,-80.1536,140
40.6331,-93.9019,90
33.6800,-117.8664,210
41.5333,-71.2833,200
28.4736,-82.4544,190
17.7028,-64.8056,90
48.5222,-123.0231,220
40.6161,-83.0636,50
38.8853,-79.8528,350
39.4019,-77.9844,10
42.4167,-87.8667,140
70.6392,-159.9950,60
29.1828,-81.0483,200
43.1406,-89.3453,10
37.2958,-81.2078,210
32.3336,-104.2581,150
25.7906,-80.3164,140
26.9172,-81.9914,230
32.8342,-115.5786,240
31.9514,-85.1289,190
34.7442,-87.5997,300
33.4669,-82.0386,230
39.1667,-76.6833,20
35.9333,-79.0642,30
45.1947,-123.1339,230
18.3331,-64.9667,130
41.8678,-84.0794,120
44.3675,-71.5450,290
41.1078,-92.4467,110
36.1625,-97.0894,60
47.9375,-124.5550,270
41.1214,-100.6694,170
24.5550,-81.7522,120
43.7700,-88.4864,320
46.0261,-91.4442,190
28.8614,-96.9303,290
45.5433,-94.0514,170
41.5175,-81.6836,150
40.4719,-81.4236,50
24.5833,-81.6833,100
40.6508,-75.4492,350
41.5092,-74.2650,320
32.8519,-96.8556,320
36.8167,-76.0333,30
18.2550,-65.6408,50
38.8100,-104.6883,140
34.1853,-79.7239,220
41.2433,-76.9217,350
25.9069,-80.2803,140
47.0492,-109.4578,290
36.7683,-96.0261,70
31.4156,-87.0442,130
42.3075,-85.2511,320
43.5331,-84.0797,330
36.9878,-120.1106,310
41.1389,-75.3794,360
38.7550,-109.7542,200
40.2383,-75.5572,10
35.5144,-108.7939,220
33.9706,-80.9958,210
34.2167,-119.0833,230
48.2138,-106.6213,290
48.1203,-123.4983,290
35.2236,-80.9553,20
26.1522,-81.7753,220
44.5169,-108.0822,320
38.6572,-90.6558,60
47.9742,-117.4283,320
39.3756,-99.8297,150
38.8983,-119.9947,190
31.9433,-102.1889,30
34.2900,-93.0600,70
32.8167,-115.6833,260
28.0622,-81.7542,170
44.8428,-117.8086,310
39.7556,-82.6572,50
30.4000,-81.4167,140
35.2578,-93.0947,60
18.4325,-66.0108,70
34.6439,-86.7861,240
31.6072,-110.4281,310
37.2622,-104.3378,190
40.2769,-74.8158,350
42.0800,-80.1825,160
63.9944,-145.7214,160
47.3258,-106.9475,330
46.5486,-90.9189,270
55.5800,-133.0750,170
46.8706,-68.0172,260
32.8158,-117.1394,300
47.4933,-122.2144,200
30.1831,-97.6800,340
35.1822,-103.6031,180
40.8289,-115.7886,280
33.3644,-81.9633,250
39.4781,-88.2803,60
21.3167,-158.0667,90
43.3500,-73.6167,290
59.4556,-135.3239,210
30.9119,-102.9167,10
39.1258,-123.2008,310
37.7064,-112.1456,200
44.9047,-97.1494,170
45.5464,-100.4078,160
40.1667,-103.2167,150
43.1711,-86.2367,280
33.7792,-84.5214,270
60.7850,-148.8389,110
31.8606,-86.0122,210
45.0319,-102.0192,160
31.6189,-97.2283,330
35.5342,-97.6469,60
43.8789,-91.2528,130
13.4836,144.7961,60
47.2675,-122.5761,220
34.8831,-82.2203,240
44.3981,-98.2231,200
31.8311,-104.8089,40
47.6831,-117.3214,220
47.3078,-119.5153,300
39.1333,-86.6167,70
35.8550,-77.8931,10
40.7833,-91.1253,80
35.0028,-105.6628,240
39.9181,-76.8742,200
67.7317,-164.5483,290
39.6428,-79.9164,20
30.6264,-88.0681,110
40.5175,-122.2986,10
36.6206,-116.0278,50
30.3975,-84.3289,160
42.8375,-103.0953,170
28.7247,-96.2536,340
46.0139,-102.6547,160
45.9647,-112.5006,290
37.2353,-93.4003,70
38.3083,-75.1239,30
42.8914,-73.2469,270
38.0442,-87.5206,30
19.7192,-155.0531,250
30.5069,-86.9597,300
39.7075,-86.2803,70
37.1319,-76.4930,30
39.6728,-75.6008,20
26.1839,-98.2539,10
44.7408,-85.5825,290
41.7361,-72.6506,190
38.3306,-96.1897,90
22.0333,-159.7833,270
48.6033,-112.3753,250
43.4133,-124.2436,260
36.2967,-99.7689,100
34.2719,-83.8303,260
41.8706,-103.5931,150
43.8339,-111.8045,210
39.8344,-88.8656,70
39.8328,-104.6575,180
42.2706,-71.8731,230
37.6928,-121.8144,340
42.1928,-89.0931,90
37.0683,-88.7719,50
39.5936,-84.2264,40
44.0433,-103.0536,170
41.2003,-74.6231,190
33.4964,-90.0867,20
41.4131,-81.8600,30
37.1467,-94.5022,90
32.6261,-116.4681,220
36.1994,-95.8872,40
39.1033,-84.4189,50
57.1553,-170.2222,360
40.6675,-89.6839,90
46.8369,-92.2097,260
40.1764,-80.6472,60
30.7044,-87.0231,340
37.6544,-97.4425,70
37.7081,-77.4344,30
32.7817,-98.0603,320
39.4900,-121.6183,330
46.9258,-98.6692,170
31.5358,-82.5067,230
34.9000,-76.8833,210
42.8050,-72.0036,190
41.7219,-71.4325,200
35.0564,-89.9864,30
35.3331,-94.3625,80
41.3931,-70.6150,220
44.4983,-88.1111,270
36.6636,-121.6081,240
39.3667,-75.0667,30
55.0389,-131.5786,140
37.0872,-84.0769,30
34.0158,-118.4514,230
29.9506,-94.0206,200
31.3928,-92.2956,170
41.5097,-72.8278,330
42.5906,-117.8644,290
32.4833,-80.7167,240
41.6875,-69.9933,240
27.6531,-80.2428,130
43.1544,-93.3269,160
37.6242,-120.9506,300
34.7000,-77.3833,160
38.1386,-78.4530,30
41.9950,-87.9336,80
7.3333,134.4833,80
26.2281,-97.6542,360
29.3783,-100.9269,320
35.9403,-89.8308,40
33.8117,-118.1464,290
34.4978,-82.7097,230
39.5781,-85.8033,50
46.1442,-115.5964,120
40.5100,-101.6200,150
70.1917,-148.4772,50
44.1708,-114.9272,330
41.3119,-105.6747,140
43.2781,-70.9222,310
42.4819,-114.4869,260
30.3489,-85.7881,180
59.4433,-151.7017,10
32.5156,-92.0406,50
33.2367,-107.2681,190
32.6808,-96.8681,320
30.3433,-89.8222,320
37.7608,-99.9683,130
42.7803,-84.5789,290
40.6239,-74.6694,10
31.8456,-86.6108,290
32.7100,-96.2672,360
42.5417,-113.7661,270
35.0678,-77.0481,200
38.0494,-103.5122,150
30.8356,-85.1839,290
44.0206,-117.0128,330
38.2900,-104.4983,120
55.3567,-131.7117,150
59.2433,-135.5094,120
41.0375,-81.4642,70
29.9933,-90.2511,10
36.9358,-121.7886,320
39.3644,-84.5247,60
38.5911,-92.1558,80
47.0339,-120.5303,300
45.8258,-119.2611,260
47.4667,-87.8833,340
30.7406,-98.2353,280
31.4583,-109.6061,140
36.7436,-108.2292,230
48.7939,-122.5372,160
38.9597,-94.3714,80
39.5514,-97.6508,120
34.3622,-98.9761,10
39.2231,-106.8683,240
15.1167,145.7167,80
47.2078,-119.3192,280
40.8097,-124.1603,360
41.6236,-98.9517,190
39.8683,-75.2311,20
38.2281,-85.6636,60
41.1014,-102.9847,170
46.1236,-67.7928,280
40.7083,-84.0267,80
40.8500,-74.0614,320
38.5000,-77.3000,50
34.8536,-116.7858,270
32.8978,-97.0189,40
39.1894,-103.7158,150
36.6950,-76.1356,20
33.1281,-117.2794,250
31.1500,-92.9667,190
29.6333,-83.1053,230
42.9203,-112.5711,250
43.7694,-87.8506,140
43.6497,-70.3003,310
36.5881,-121.8453,270
30.5108,-99.7664,340
31.1828,-90.4708,180
41.7781,-80.6958,10
34.5467,-93.5781,130
37.6703,-95.4842,110
35.9508,-85.0814,280
35.2578,-113.9331,340
45.6478,-68.6925,260
34.7336,-76.6606,220
28.5453,-81.3331,120
43.1561,-90.6775,180
26.5850,-81.8614,250
41.7419,-72.1836,190
56.6000,-169.5650,20
38.7667,-104.3000,130
41.9922,-93.6217,160
43.1111,-76.1039,300
35.7425,-81.3819,60
34.7436,-118.7242,330
33.3075,-104.5083,160
34.8994,-120.4486,20
42.6003,-123.3642,310
33.8281,-116.5053,320
48.7167,-94.6000,110
41.5339,-93.6531,150
42.3811,-122.8722,10
40.4953,-107.5211,220
47.4733,-111.3822,270
39.4839,-119.7711,260
46.9733,-122.9033,260
38.5714,-90.1572,50
47.3864,-92.8389,300
45.8678,-95.3942,150
42.2228,-83.7444,180
42.1244,-86.4267,270
37.3208,-79.2067,40
41.9856,-97.4353,190
39.2775,-120.7103,190
46.5683,-120.5428,300
43.9636,-69.7117,280
35.6575,-109.0614,230
43.3906,-99.8422,180
35.1350,-90.2344,30
35.4319,-82.5375,180
30.7439,-95.5861,290
39.0083,-95.2117,110
34.7675,-114.6189,10
39.8250,-86.2958,70
44.6500,-73.4667,300
55.2208,-162.7325,360
34.2097,-118.4892,350
41.4914,-120.5644,330
30.3567,-95.4139,290
33.4617,-80.8581,240
44.8831,-93.2289,170
47.9428,-97.1839,140
38.8317,-94.8897,120
38.8483,-77.0342,20
31.2819,-89.2531,160
43.6264,-72.3047,270
34.6719,-82.8864,270
44.9050,-123.0011,210
32.5161,-84.9422,250
41.3714,-73.4828,360
36.9647,-86.4239,70
58.3567,-134.5639,120
29.6919,-82.2756,150
39.1208,-94.5969,80
26.1658,-97.3458,350
38.0408,-84.6058,40
36.9261,-111.4478,270
29.2733,-94.8592,180
39.5264,-107.7264,200
35.8311,-90.6464,50
41.9144,-88.2464,60
41.8756,-71.0211,210
46.4047,-94.1308,180
42.3978,-90.7036,10
-14.3306,-170.7136,80
27.4014,-82.5586,210
37.5908,-83.3131,50
34.1167,-119.1167,270
35.2100,-99.1200,50
33.4825,-90.9853,40
35.6567,-95.3614,30
44.8322,-93.4706,160
34.9914,-78.8803,250
35.2325,-75.6219,200
45.5644,-84.7928,230
61.1689,-150.0278,190
47.7472,-90.3444,230
29.9800,-95.3600,160
32.2997,-86.4075,260
34.7272,-92.2389,30
42.6650,-83.4181,190
36.2833,-94.3000,60
39.1342,-108.5400,260
33.5872,-85.8556,230
30.4844,-81.7019,280
38.1847,-84.9033,30
43.2119,-90.1814,340
29.5622,-91.5256,130
40.9017,-117.8081,330
33.8719,-117.9789,200
47.1686,-88.4889,280
40.0819,-75.0111,350
41.5886,-83.8014,100
43.3497,-76.3847,290
40.8731,-81.8867,60
39.0431,-84.6717,60
25.9989,-80.2411,120
36.7367,-97.1019,110
31.3500,-85.6667,180
39.4203,-83.8217,40
41.8056,-107.1997,200
38.0511,-117.0903,350
43.1167,-77.6767,290
34.7917,-79.3661,190
42.8975,-106.4636,200
48.5614,-93.3981,320
32.1314,-110.9553,130
7.4500,151.8333,40
26.1969,-80.1708,110
36.6817,-101.5053,150
34.8461,-82.3461,250
45.6983,-110.4408,260
36.0236,-84.2375,230
41.7072,-86.3164,340
44.5761,-71.1786,290
30.7825,-83.2767,170
27.7628,-82.6261,250
33.6542,-101.8136,30
40.1606,-113.3508,300
43.1953,-71.5011,300
30.2050,-91.9875,230
26.6847,-80.0994,130
30.5372,-91.1469,120
43.1644,-95.2017,160
6.9667,158.2167,300
62.9614,-141.9292,70
42.3914,-96.3792,160
57.0481,-135.3647,110
42.9333,-71.4383,310
46.3583,-104.2500,150
45.8069,-108.5422,310
39.9492,-74.8417,350
41.7803,-124.2367,350
33.4536,-94.0075,50
47.6458,-101.4394,150
45.6044,-103.5464,150
8.7333,167.7333,110
42.5700,-72.2911,180
60.4889,-145.4511,100
35.0281,-110.7208,230
20.8997,-156.4286,80
45.4622,-69.5953,320
40.9706,-85.2064,80
32.6636,-97.0939,10
33.9486,-81.1186,250
31.2361,-94.7544,270
42.4933,-79.2722,190
40.0781,-83.0781,30
40.1936,-76.7633,360
44.3592,-84.6739,300
62.1592,-145.4589,160
66.8667,-162.6333,290
36.2667,-93.1567,80
57.7511,-152.4856,40
30.3503,-81.8831,300
32.3347,-88.7442,200
42.5844,-110.1075,240
60.5797,-151.2392,10
46.2667,-119.1167,300
39.4167,-118.7167,280
42.4700,-71.2894,220
38.2103,-122.2847,290
33.9753,-117.6361,260
44.5228,-114.2150,260
37.4058,-122.0481,320
32.0311,-96.3989,300
40.6386,-73.7622,360
39.1353,-96.6778,110
62.9575,-155.6103,70
33.3633,-84.5658,250
41.6267,-73.8842,340
35.6875,-117.6931,220
34.5183,-109.3792,240
41.1783,-78.8989,40
46.6056,-111.9636,250
37.3169,-79.9742,30
42.0572,-102.8000,160
45.5406,-122.9486,240
38.6892,-75.3592,40
32.4106,-99.6822,330
28.4567,-99.2183,130
40.0972,-92.5433,90
41.3103,-95.8992,160
42.1208,-87.9047,50
38.9833,-76.4667,10
47.4569,-115.6450,320
34.6081,-79.0592,190
25.9156,-97.4186,50
42.8783,-100.5500,180
41.7700,-88.4814,90
38.9503,-95.6639,80
36.2606,-76.1750,10
32.8547,-109.6353,130
27.9619,-82.5403,230
36.9500,-76.2833,20
29.5442,-98.4839,350
32.4506,-93.8411,40
31.5883,-110.3442,270
21.3239,-157.9294,70
37.8892,-121.2258,330
41.4653,-90.5233,70
40.7342,-73.4169,210
41.9381,-72.6825,320
36.7725,-90.3247,20
33.1803,-96.5903,360
43.5950,-118.9564,300
59.5119,-139.6711,130
39.7736,-94.9233,90
33.4278,-112.0039,270
45.0619,-93.3508,170
34.7411,-118.2117,280
33.2208,-92.8142,40
32.3206,-90.0778,170
40.8206,-76.8642,10
33.9228,-118.3342,250
36.8781,-91.9025,50
30.1250,-93.2158,160
39.2447,-102.2842,170
34.0561,-117.6003,240
19.7356,-156.0489,210
43.2389,-123.3547,150
29.3331,-89.4075,340
35.6950,-101.3950,140
44.8889,-116.1017,290
42.1594,-76.8919,300
39.1019,-121.5678,340
41.3325,-122.3328,310
31.5356,-84.1944,210
42.7172,-71.1239,220
40.0228,-82.4625,70
44.3814,-106.7211,360
43.9042,-92.4917,190
42.1908,-71.1736,210
44.2033,-72.5794,300
42.7972,-105.3856,150
66.0689,-162.7639,260
41.2731,-111.0306,230
29.5189,-95.2417,150
39.7078,-77.7297,30
45.6308,-89.4653,290
40.9167,-81.4333,50
35.9461,-112.1547,220
38.3406,-75.5103,30
47.6217,-117.5281,340
31.8111,-106.3758,200
41.3275,-72.0494,330
41.0669,-73.7075,330
41.7872,-111.8533,20
21.1544,-157.0961,50
47.2381,-123.1408,240
37.3592,-121.9239,300
38.7525,-90.3736,60
45.5114,-118.4247,270
42.4272,-73.2892,290
38.0700,-102.6881,160
43.9844,-88.5569,320
34.6525,-86.9453,230
32.8192,-97.3614,30
33.2194,-117.3494,240
44.9319,-93.0556,190
40.3161,-78.8339,340
42.2314,-83.3308,130
35.6697,-120.6283,340
41.2544,-80.6739,50
38.1311,-91.7683,60
61.5961,-149.0917,40
38.0653,-97.8606,120
43.5667,-116.2406,300
64.5111,-165.4400,360
30.3361,-81.5147,240
35.0419,-106.6156,240
21.9839,-159.3405,50
41.0467,-78.4117,350
40.6044,-98.4272,150
41.3336,-75.7269,10
42.5708,-77.7133,340
61.1781,-149.9664,210
32.7000,-117.2000,300
37.7836,-81.1231,90
28.1011,-80.6439,140
31.7800,-103.2017,50
31.9206,-102.3867,40
25.6475,-80.4331,130
42.1997,-75.9850,340
39.9914,-82.8808,60
42.1578,-72.7161,310
32.3847,-94.7117,260
36.9033,-76.1922,30
33.6186,-114.7142,360
40.3667,-75.9667,20
47.3978,-120.2014,310
45.7881,-111.1608,290
27.7411,-98.0247,320
35.8517,-97.4142,50
32.1300,-81.2100,270
64.8039,-147.8761,110
40.3547,-79.9217,350
35.1967,-81.1558,20
29.3600,-99.1742,360
36.4486,-103.1539,160
27.5000,-97.8167,320
33.2061,-97.1989,20
43.7331,-103.6114,180
30.7167,-87.0167,320
38.8500,-94.7392,100
41.1961,-112.0114,170
40.3300,-75.1225,360
30.2333,-81.6667,230
41.3497,-71.7989,200
41.7861,-87.7522,70
44.7978,-68.8186,270
40.2172,-76.8514,330
27.6833,-97.2833,320
48.3042,-114.2636,140
33.6300,-84.4417,280
42.5842,-70.9175,230
30.4119,-89.0808,280
43.3436,-72.5178,280
44.0219,-82.7931,100
44.3206,-69.7972,310
36.4731,-82.4044,300
48.3500,-122.6667,280
40.2964,-78.3203,360
38.7042,-93.1833,70
33.9481,-83.3275,250
9.4833,138.0833,60
37.6197,-122.3647,270
70.2117,-151.0017,70
38.3775,-121.9575,300
33.6883,-112.0817,260
30.4000,-86.4717,340
34.5583,-98.4172,30
32.8667,-117.1333,290
36.5728,-79.3361,40
40.8508,-96.7475,170
37.2847,-120.5128,310
38.5039,-122.8103,320
40.9611,-98.3136,160
43.7667,-98.0333,170
45.6906,-118.8528,260
45.6208,-122.6572,130
37.7797,-89.2497,50
34.3478,-85.1611,260
48.1739,-103.6367,140
43.2339,-75.4117,280
37.9406,-75.4631,60
44.9258,-89.6256,300
39.6092,-110.7547,230
32.8986,-80.0403,210
30.4636,-88.5319,330
42.3606,-71.0106,230
46.4794,-84.3572,310
29.6222,-95.6564,160
39.2956,-80.2289,20
28.0836,-97.0464,330
42.2347,-85.5519,300
35.6542,-105.1419,250
39.2972,-94.7306,120
36.0719,-115.1633,330
45.5908,-122.6003,140
46.9006,-95.0678,160
36.1336,-80.2222,30
28.7797,-81.2436,140
43.1072,-78.9453,310
40.7781,-111.9694,270
41.7636,-96.1778,180
34.1231,-84.8486,180
36.3689,-92.4703,320
38.5069,-121.4950,350
44.8664,-91.4878,260
43.5878,-96.7289,170
24.7258,-81.0517,100
39.2953,-114.8467,290
42.7267,-114.4564,260
39.4494,-74.5672,10
45.2575,-112.5545,160
46.3747,-117.0156,260
39.9061,-84.2186,40
38.1417,-76.4292,10
44.5444,-110.4211,260
34.2486,-82.1592,220
40.7939,-73.1017,210
35.0311,-85.2014,220
41.8031,-78.6403,320
59.6419,-151.4908,10
41.0136,-83.6686,70
46.9728,-123.9303,270
44.9358,-74.8458,250
35.8181,-83.9858,230
31.1522,-81.3908,150
36.0467,-79.4769,320
