39.3600,-106.0600,355
36.3100,-115.6800,179
40.3000,-111.2600,272
44.2100,-110.6700,254
43.7600,-115.2400,134
43.8000,-114.8500,360
35.3400,-111.6500,250
44.3800,-116.3400,173
39.8000,-106.0300,323
44.7900,-116.0900,183
35.9200,-106.3900,239
36.7900,-105.2400,278
36.5100,-106.3200,13
36.9600,-106.6600,172
36.1300,-105.5300,197
36.1900,-105.5600,133
40.8300,-111.7600,95
39.1900,-120.2600,276
39.3100,-111.4300,294
36.0000,-106.8300,289
36.8600,-106.2300,18
36.7200,-106.2600,280
36.0700,-105.6300,251
36.2500,-115.6300,214
35.7700,-105.7800,33
41.4000,-107.2600,178
48.7200,-116.4600,30
39.4300,-120.3100,243
39.2900,-117.1100,188
36.0300,-106.8100,46
38.4000,-119.5400,219
40.5300,-106.7800,63
36.9900,-105.2600,219
