35.4319,-82.5375,1
38.6892,-75.3592,1
36.7367,-97.1019,1
30.3975,-84.3289,1
26.1839,-98.2539,1
37.6542,-122.1150,1
33.9228,-118.3342,1
46.9258,-98.6692,1
36.8781,-91.9025,1
39.6428,-79.9164,1
40.6508,-75.4492,1
36.7725,-90.3247,1
32.3336,-104.2581,1
30.1831,-97.6800,1
29.5442,-98.4839,1
41.9950,-87.9336,1
33.2208,-92.8142,1
42.4819,-114.4869,1
32.5722,-116.9794,1
37.7608,-99.9683,1
32.8667,-117.1333,1
36.3189,-119.6289,1
45.8678,-95.3942,1
55.3567,-131.7117,1
44.1278,-123.2206,1
46.1569,-123.8825,1
41.1078,-92.4467,1
33.9753,-117.6361,1
30.1250,-93.2158,1
38.7642,-87.6056,1
40.7083,-84.0267,1
41.5339,-93.6531,1
37.0683,-88.7719,1
38.0442,-87.5206,1
43.5667,-116.2406,1
30.7406,-98.2353,1
41.1014,-102.9847,1
45.8069,-108.5422,1
57.1553,-170.2222,1
31.3347,-92.5586,1
31.9514,-85.1289,1
45.5406,-122.9486,1
29.3389,-98.4719,1
32.8342,-115.5786,1
34.8994,-120.4486,1
41.1783,-78.8989,1
48.5614,-93.3981,1
29.9933,-90.2511,1
44.8428,-117.8086,1
46.8369,-92.2097,1
37.9272,-100.7247,1
40.9706,-85.2064,1
42.9550,-87.9044,1
33.3075,-104.5083,1
39.8683,-75.2311,1
41.4333,-99.6333,1
38.5039,-122.8103,1
36.2606,-76.1750,1
32.6847,-83.6528,1
38.8169,-92.2183,1
39.0083,-95.2117,1
44.8831,-93.2289,1
36.2833,-94.3000,1
39.0431,-84.6717,1
34.4258,-119.8425,1
47.9428,-97.1839,1
39.1019,-121.5678,1
35.0281,-110.7208,1
36.2967,-99.7689,1
38.0494,-103.5122,1
28.8614,-96.9303,1
29.3600,-99.1742,1
46.5683,-120.5428,1
38.0700,-102.6881,1
42.8375,-103.0953,1
38.1311,-91.7683,1
30.3208,-97.7603,1
40.7833,-91.1253,1
38.1847,-84.9033,1
36.1625,-97.0894,1
35.2100,-99.1200,1
36.6636,-121.6081,1
31.8311,-104.8089,1
38.9286,-90.4281,1
33.9486,-81.1186,1
47.6831,-117.3214,1
