36.3200,-115.7000,312
36.7200,-106.2600,252
43.8000,-114.8500,360
43.7600,-116.1000,69
35.7700,-105.7800,9
36.5100,-106.3200,13
40.3000,-111.2600,296
43.7600,-115.2400,141
43.7300,-113.8300,215
39.1900,-120.2600,266
39.3600,-106.0600,316
36.2500,-115.6300,293
39.2900,-117.1100,168
36.8600,-106.2300,30
46.2400,-117.3900,29
44.2100,-110.6700,52
44.7900,-116.0900,192
38.4000,-119.5400,174
35.9200,-106.3900,245
48.7200,-116.4600,80
41.4000,-107.2600,126
36.1900,-105.5600,51
40.8300,-111.7600,168
36.0300,-106.8100,35
36.0700,-105.6300,252
36.9600,-106.6600,140
35.3400,-111.6500,277
36.7900,-105.2400,275
39.4300,-120.3100,222
36.0000,-106.8300,280
40.5300,-106.7800,80
36.3100,-115.6800,138
39.8000,-106.0300,229
36.9900,-105.2600,140
36.1300,-105.5300,248
44.3800,-116.3400,12
39.3100,-111.4300,280
35.7800,-105.5400,263
