-31.7117,128.8867,46
42.2989,-90.9983,71
43.9981,-95.9572,927
21.6369,-158.0536,23
37.5442,-77.2758,117
48.5581,-112.1250,254
45.0228,-95.7897,833
45.7883,-92.2325,218
39.2242,-92.8483,787
-38.1833,142.4682,38
-32.6385,151.4173,74
39.0461,-78.9664,69
38.1350,-94.8161,445
45.4117,-92.6467,94
37.5333,-82.5833,254
38.5636,-99.2350,218
37.6528,-84.7708,5
40.7917,-85.8258,5
37.0058,-101.8867,91
38.1906,-99.3317,353
-31.8372,115.9500,216
45.4339,-108.5361,485
35.1581,-92.7672,732
37.3186,-91.9625,234
38.2386,-91.1489,206
-37.3495,144.7494,4
38.9992,-119.1575,76
47.6422,-110.6681,498
39.3672,-101.4461,56
44.6500,-93.6356,36
47.9753,-122.1950,0
47.9189,-100.5447,127
42.9383,-114.4169,150
-41.4136,148.2744,2
37.7111,-91.1336,330
43.7178,-123.0578,76
37.5725,-85.2558,615
37.9106,-99.4058,241
47.5414,-121.8361,13
36.3894,-98.1061,279
43.2836,-83.4792,122
-33.4137,151.3545,108
-33.6858,115.0153,824
33.1678,-96.0983,589
39.2144,-98.1767,104
41.3150,-94.0183,376
39.0153,-93.1967,544
38.6494,-94.3567,483
48.9703,-107.4222,236
-35.1093,139.0806,4
39.8125,-98.5558,112
43.1878,-91.8719,112
42.2642,-118.6758,150
38.4694,-99.5519,244
38.5172,-118.6292,188
39.0147,-99.8722,140
47.4172,-122.2433,0
40.2539,-88.7075,56
39.5608,-88.6067,86
37.0175,-98.4900,765
28.7503,-81.5308,203
19.4917,-155.9117,0
42.2906,-104.7625,89
44.1792,-122.1164,51
41.5325,-70.6589,0
38.1042,-98.6592,325
37.2308,-108.0514,318
39.6769,-96.6631,249
42.0264,-115.3597,132
40.4883,-106.8233,264
47.0258,-108.8031,508
35.6008,-105.9322,109
38.9031,-103.0192,33
