41.6764,-70.9583,1518
46.1442,-115.5964,1323
64.7767,-141.1483,1127
38.5000,-77.3000,49
60.1283,-149.4167,1407
40.3547,-79.9217,1546
47.3864,-92.8389,1612
30.0494,-90.0289,1142
61.1781,-149.9664,1519
36.8167,-76.0333,928
42.7172,-71.1239,2328
61.1689,-150.0278,2016
40.8500,-74.0614,908
38.7667,-104.3000,1120
39.9492,-74.8417,932
41.2003,-74.6231,1309
35.1822,-103.6031,246
48.5222,-123.0231,1508
46.9006,-95.0678,607
34.8461,-82.3461,1455
38.8983,-119.9947,1035
38.1417,-76.4292,1536
47.5303,-122.3008,919
59.7494,-154.9089,11
42.6650,-83.4181,1832
38.6956,-121.5897,1527
41.8678,-84.0794,1453
43.2781,-70.9222,1212
36.3333,-119.9500,1917
41.7872,-111.8533,1822
39.7556,-82.6572,1357
40.8217,-72.8689,1516
41.7861,-87.7522,1413
62.9614,-141.9292,2037
32.5428,-93.7450,1141
45.8258,-119.2611,22
37.1319,-76.4930,1555
18.3331,-64.9667,921
60.5797,-151.2392,1809
41.1961,-112.0114,1751
41.0089,-74.7367,832
40.3300,-75.1225,1501
41.5631,-83.4764,1352
29.3600,-99.1742,510
40.0228,-82.4625,1440
40.8206,-76.8642,1257
38.4167,-113.0167,929
31.4156,-87.0442,1047
28.0622,-81.7542,1658
31.3347,-92.5586,1707
43.9906,-70.9475,1631
41.0136,-83.6686,1713
43.9636,-69.7117,2230
41.3714,-73.4828,1452
32.8667,-117.1333,1238
47.1686,-88.4889,1554
36.7436,-108.2292,1237
34.9869,-81.0575,1407
34.7000,-77.3833,1428
48.7167,-94.6000,1645
42.6003,-123.3642,1954
64.5500,-149.0717,1715
39.3667,-75.0667,1530
22.0333,-159.7833,1513
33.4050,-118.4158,1431
42.1908,-71.1736,1530
26.5361,-81.7550,1356
40.2172,-76.8514,1816
32.7667,-97.4500,555
45.8183,-88.1144,1215
29.5622,-91.5256,1100
39.9181,-76.8742,1332
39.3644,-84.5247,1246
41.0467,-78.4117,1754
41.8756,-71.0211,1548
41.7361,-72.6506,1608
56.6000,-169.5650,828
32.8167,-115.6833,2317
48.1203,-123.4983,1558
32.5500,-88.5667,1435
39.4203,-83.8217,1517
62.1592,-145.4589,1620
39.6092,-110.7547,2042
31.3558,-85.7511,1549
9.4833,138.0833,1150
35.9403,-89.8308,1009
35.6875,-117.6931,1814
41.5097,-72.8278,1451
31.3500,-85.6667,1605
41.0731,-71.9233,827
40.1203,-76.2944,942
41.6264,-80.2150,1742
30.4000,-81.4167,1559
37.7081,-77.4344,143
47.4933,-122.2144,1052
38.0653,-97.8606,459
41.5092,-74.2650,1224
41.3931,-70.6150,853
41.2531,-70.0608,825
43.2339,-75.4117,1249
31.5883,-110.3442,1306
35.9333,-79.0642,1136
42.4092,-83.0100,1537
36.6950,-76.1356,1053
47.9078,-122.2803,2235
37.1681,-97.0369,229
37.3278,-95.5042,836
43.3497,-76.3847,1300
27.6833,-97.2833,141
40.0819,-75.0111,1459
31.4000,-93.2833,406
7.4500,151.8333,1721
39.4167,-118.7167,1251
29.3331,-89.4075,834
42.5700,-72.2911,916
30.3503,-81.8831,1440
64.3267,-158.7417,1342
66.0689,-162.7639,1913
31.1500,-92.9667,916
41.5175,-81.6836,1950
37.7064,-112.1456,1225
47.0339,-120.5303,21
62.3200,-150.0950,1435
42.1594,-76.8919,1251
40.6239,-74.6694,939
42.5519,-71.7558,1708
41.7781,-80.6958,1749
55.3567,-131.7117,1236
40.8764,-74.2831,844
41.2639,-72.8872,1557
45.6194,-121.1661,1743
42.2333,-83.5333,1450
41.6875,-69.9933,736
37.7461,-97.2211,444
44.5761,-71.1786,1334
32.7000,-117.2000,1116
44.0219,-82.7931,1608
42.1094,-77.9919,1403
58.3567,-134.5639,1211
30.7044,-87.0231,1115
59.2433,-135.5094,925
42.9333,-71.4383,1526
47.2381,-123.1408,19
41.6686,-70.2800,1359
41.9097,-70.7294,1223
63.9944,-145.7214,1751
42.4167,-87.8667,1612
6.9667,158.2167,2119
27.5000,-97.8167,53
37.0911,-95.5664,857
18.4325,-66.0108,1455
30.5069,-86.9597,905
31.0425,-86.3117,1753
24.5833,-81.6833,1326
31.3928,-92.2956,1734
43.6264,-72.3047,1044
40.2383,-75.5572,1620
59.6419,-151.4908,626
46.0261,-91.4442,1826
44.3675,-71.5450,1611
43.1072,-78.9453,1805
35.1967,-81.1558,1410
61.5961,-149.0917,1531
35.8550,-77.8931,1416
34.2008,-119.2069,1700
36.9839,-77.0075,1538
41.3275,-72.0494,1336
40.8436,-72.6322,1742
42.2228,-83.7444,2328
42.5708,-77.7133,2346
47.7472,-90.3444,1208
47.4667,-87.8833,1445
57.0481,-135.3647,1505
46.4167,-86.6500,1839
41.4525,-87.0058,1431
41.7700,-88.4814,1257
70.2117,-151.0017,26
30.4000,-86.4717,1112
41.0669,-73.7075,538
27.9106,-82.6875,1741
59.4556,-135.3239,1531
66.9161,-151.5089,1400
46.4047,-94.1308,2204
42.6425,-77.0564,1800
40.6161,-83.0636,1335
31.6072,-110.4281,1525
30.2333,-81.6667,1833
42.8050,-72.0036,1634
38.9833,-76.4667,1321
39.2775,-120.7103,1627
38.3083,-75.1239,741
39.7333,-77.4333,1442
40.8731,-81.8867,1614
67.7317,-164.5483,740
42.4700,-71.2894,1553
70.6392,-159.9950,1
35.1350,-90.2344,1630
36.9500,-76.2833,1619
38.8761,-98.8092,751
70.1917,-148.4772,758
35.5144,-108.7939,1609
30.7167,-87.0167,1114
36.7414,-104.5022,1657
34.6719,-82.8864,1227
34.9883,-117.8647,1657
60.4889,-145.4511,1424
41.7419,-72.1836,1235
42.1578,-72.7161,1500
30.7797,-86.5225,1620
40.0681,-118.5692,1417
7.3333,134.4833,1452
32.4833,-80.7167,1643
35.0169,-80.6206,1421
41.3497,-71.7989,1406
34.7917,-79.3661,1026
47.4569,-115.6450,2343
47.2675,-122.5761,2354
38.9503,-95.6639,859
41.9144,-88.2464,1250
28.4736,-82.4544,1404
17.7028,-64.8056,1111
44.5444,-110.4211,920
40.7342,-73.4169,1540
39.5936,-84.2264,1501
35.0028,-105.6628,200
59.4433,-151.7017,2218
39.4900,-121.6183,1341
42.5842,-70.9175,2340
31.9514,-85.1289,1025
41.0375,-81.4642,1637
34.2097,-118.4892,1427
41.5333,-71.2833,1508
42.6958,-73.1708,1023
39.9369,-91.1919,1116
35.6169,-106.0889,1641
34.2486,-82.1592,134
34.1167,-119.1167,1246
43.1644,-95.2017,1709
39.2956,-80.2289,1330
36.1336,-80.2222,1657
30.4636,-88.5319,831
61.2169,-149.8550,1525
40.0781,-83.0781,1332
39.1033,-84.4189,1440
42.4933,-79.2722,2336
45.4622,-69.5953,1434
41.3461,-82.1794,1510
46.5486,-90.9189,1921
42.1208,-87.9047,1151
35.6542,-105.1419,1821
38.3000,-76.4167,920
30.3433,-89.8222,937
34.9000,-76.8833,1507
60.7850,-148.8389,1240
30.6264,-88.0681,843
