18.1747,-66.7978,20
31.2022,-93.5725,51
40.7264,-122.7947,8
28.0372,-97.8725,28
36.9969,-119.7072,15
37.1503,-104.5567,28
40.7142,-122.4161,25
33.8300,-88.5214,0
35.9328,-88.7267,0
26.3769,-98.8117,10
33.6731,-111.1508,58
40.1100,-87.9567,0
33.2564,-81.2422,18
28.4675,-98.2525,43
26.1781,-97.9708,51
32.7547,-104.3836,13
40.6117,-122.5281,5
31.6164,-94.6431,41
34.5822,-119.9817,36
35.3872,-76.7764,10
36.4622,-116.8669,66
28.4575,-97.7061,48
34.5697,-93.1947,13
30.8408,-89.5453,25
28.6575,-96.5553,25
37.5147,-122.0325,23
32.8964,-107.3078,36
30.7931,-94.1819,41
38.4917,-122.1242,8
30.5467,-87.8808,23
33.7092,-93.5564,0
45.9228,-108.2444,0
31.3625,-85.3397,25
32.6406,-96.9747,30
30.0689,-94.2928,38
18.0331,-67.0722,23
18.2583,-65.9922,69
39.0744,-96.8983,13
31.6003,-97.2169,0
35.3886,-106.5439,41
37.7967,-121.5828,33
31.8611,-97.3750,53
26.2656,-97.8714,48
36.2403,-106.4278,33
34.9881,-120.3211,38
31.0372,-97.5283,48
31.3706,-100.4942,64
33.0353,-96.4861,38
26.8400,-81.0872,48
28.7156,-97.1742,30
34.1419,-80.8700,18
33.4258,-111.9217,41
38.7978,-99.7231,0
35.6414,-106.3322,38
31.0619,-94.1011,5
35.1108,-81.9675,0
32.8242,-95.5275,38
43.5492,-71.4647,0
32.2631,-96.6369,18
30.2003,-92.6642,36
38.5350,-121.7761,18
35.7047,-101.5492,20
34.6603,-82.8236,28
38.4931,-122.0047,23
38.0633,-102.9297,33
21.3153,-157.9992,48
35.4072,-104.1906,38
32.8522,-95.8864,43
35.1161,-93.6506,15
29.8608,-98.1958,58
32.2822,-106.7597,36
33.0642,-101.0489,48
33.1481,-95.6269,46
18.0258,-66.5253,48
34.1647,-88.7239,0
36.5508,-114.4581,74
33.1461,-107.1842,56
31.9611,-96.6881,74
29.4608,-101.0286,76
31.9633,-98.4942,51
26.5581,-99.1372,51
30.7189,-97.3211,48
32.9206,-86.6708,345
32.9506,-97.0553,0
25.8175,-80.2858,38
31.9497,-91.2336,0
38.0047,-120.4864,10
32.4219,-93.6381,25
29.6211,-96.3661,30
30.6836,-97.7172,41
32.6475,-97.4439,71
33.3192,-95.6039,33
27.4272,-80.4053,0
32.2683,-101.4858,66
32.9203,-94.7225,89
30.3367,-96.5403,43
