45.8981,-86.5483,139
46.2314,-112.1136,98
39.4206,-79.0050,107
47.8344,-120.0006,13
38.6644,-94.8900,170
47.2753,-88.4169,116
40.1100,-87.9567,143
47.6497,-120.0800,36
35.5953,-82.5567,183
30.5347,-94.4456,36
41.8161,-80.4250,89
37.1317,-86.1481,165
39.7750,-105.1169,58
47.2919,-88.4208,116
40.5764,-105.0858,54
39.7194,-76.8028,161
45.6656,-97.0392,112
44.4933,-68.4583,80
34.6242,-106.3103,72
38.5039,-95.7036,148
35.1375,-77.9892,152
34.2183,-116.4072,80
34.1206,-115.8500,76
45.4525,-99.3358,139
42.3997,-89.9903,112
61.5889,-149.0992,36
42.2947,-83.7108,139
47.0083,-88.4317,121
41.7392,-77.9711,67
39.0733,-93.7075,165
47.8306,-110.6608,49
39.3903,-94.5553,165
40.8250,-92.8925,179
40.9656,-105.2186,89
61.2967,-149.4400,0
39.1439,-103.4897,80
61.1025,-149.7169,54
40.8600,-102.8031,112
48.0750,-111.2597,9
48.9981,-110.2158,58
40.6558,-97.2208,148
48.4628,-108.7792,0
45.0961,-112.0856,72
34.7994,-109.8850,130
35.0761,-89.7430,72
47.0111,-109.2261,40
41.2847,-105.5319,103
