36.3200,-115.7000,26
36.7200,-106.2600,35
43.8000,-114.8500,35
43.7600,-116.1000,29
35.7700,-105.7800,34
36.5100,-106.3200,7
40.3000,-111.2600,54
43.7600,-115.2400,26
43.7300,-113.8300,23
39.1900,-120.2600,25
39.3600,-106.0600,94
36.2500,-115.6300,27
39.2900,-117.1100,45
36.8600,-106.2300,13
46.2400,-117.3900,24
44.2100,-110.6700,80
44.7900,-116.0900,26
38.4000,-119.5400,32
35.9200,-106.3900,17
48.7200,-116.4600,26
41.4000,-107.2600,46
36.1900,-105.5600,22
40.8300,-111.7600,31
36.0300,-106.8100,29
36.0700,-105.6300,28
36.9600,-106.6600,30
35.3400,-111.6500,26
36.7900,-105.2400,43
39.4300,-120.3100,23
36.0000,-106.8300,23
40.5300,-106.7800,28
36.3100,-115.6800,25
39.8000,-106.0300,333
36.9900,-105.2600,32
36.1300,-105.5300,19
44.3800,-116.3400,28
39.3100,-111.4300,103
35.7800,-105.5400,17
