18.1747,-66.7978,84
31.2022,-93.5725,58
40.7264,-122.7947,79
38.8586,-99.3358,94
28.0372,-97.8725,46
43.8544,-116.4664,94
36.9969,-119.7072,109
37.1503,-104.5567,102
37.2792,-86.2492,38
40.7142,-122.4161,112
38.6644,-94.8900,51
36.4711,-86.8414,69
35.9328,-88.7267,74
37.9050,-93.3169,30
26.3769,-98.8117,8
33.6731,-111.1508,142
40.1100,-87.9567,0
47.0575,-109.9514,61
33.2564,-81.2422,74
39.7506,-92.5064,38
39.0044,-80.4744,940
44.6342,-123.1900,97
42.9536,-112.8253,137
28.4675,-98.2525,46
36.1056,-82.8436,53
40.4750,-86.9919,13
42.9592,-120.7897,102
26.5650,-98.1236,0
40.2842,-109.8611,122
37.3806,-107.5811,81
32.7547,-104.3836,102
42.4492,-76.4492,38
39.0303,-76.9314,53
40.6117,-122.5281,79
31.6164,-94.6431,56
34.1864,-90.5572,66
46.0436,-118.4628,84
34.5822,-119.9817,114
40.1739,-101.0611,81
34.7675,-106.7611,107
31.8769,-105.2369,0
42.1397,-87.7853,25
45.6750,-111.1550,64
40.5764,-105.0858,74
36.4622,-116.8669,152
34.5697,-93.1947,74
30.8408,-89.5453,66
39.0172,-92.7558,20
35.1867,-102.0797,107
28.6575,-96.5553,53
37.5147,-122.0325,81
40.7833,-81.9167,33
32.8964,-107.3078,127
35.1131,-89.2122,53
42.8767,-77.0308,61
33.4311,-90.9108,74
48.1375,-103.7372,28
39.2494,-106.3714,71
40.4719,-74.4364,20
30.7931,-94.1819,43
38.4917,-122.1242,76
47.7283,-104.1467,36
38.5039,-95.7036,76
37.0683,-88.7725,51
30.5467,-87.8808,74
33.7092,-93.5564,76
45.9228,-108.2444,41
39.1172,-95.4097,64
46.8706,-68.0172,25
42.0208,-93.7742,43
32.6406,-96.9747,97
35.1297,-89.8036,43
39.2475,-96.5994,74
30.0689,-94.2928,48
40.2233,-86.1086,23
44.9847,-93.1772,61
40.1550,-103.1417,114
18.2583,-65.9922,74
39.0744,-96.8983,48
35.6214,-88.8456,145
35.8819,-83.9572,53
64.8569,-147.8611,69
44.0622,-103.4819,69
44.2394,-95.3153,97
38.4661,-101.7758,160
31.6003,-97.2169,84
35.3886,-106.5439,122
37.7967,-121.5828,124
26.2656,-97.8714,61
43.4033,-103.2683,66
36.2403,-106.4278,102
35.7197,-86.9653,58
34.6033,-104.3811,89
34.9881,-120.3211,94
31.0372,-97.5283,28
31.3706,-100.4942,76
33.0353,-96.4861,91
26.8400,-81.0872,94
41.9342,-88.7756,53
33.4692,-88.7822,0
28.7156,-97.1742,41
41.0267,-86.5867,71
38.7403,-104.3994,99
42.1231,-111.3133,94
34.1419,-80.8700,137
37.3822,-102.2986,142
36.3444,-88.8636,43
38.9667,-98.4889,94
40.0892,-99.2133,41
35.4139,-86.8086,51
33.4258,-111.9217,76
41.2986,-80.7647,909
35.6414,-106.3322,79
37.7617,-117.5658,165
39.3903,-94.5553,25
38.9408,-95.3397,66
31.0619,-94.1011,38
35.1108,-81.9675,28
47.0022,-118.5658,107
32.8242,-95.5275,76
43.5492,-71.4647,531
36.0147,-85.1314,53
34.8847,-99.2964,0
48.4983,-109.8014,7168
44.1183,-121.2103,69
32.2631,-96.6369,71
35.6872,-90.0964,76
30.2003,-92.6642,53
36.5575,-105.2628,792
40.8250,-92.8925,64
39.0936,-106.3514,86
38.5350,-121.7761,94
35.7047,-101.5492,102
48.7178,-122.5114,36
38.6450,-95.5661,15
34.6603,-82.8236,81
36.5928,-106.7300,86
38.4931,-122.0047,76
38.0633,-102.9297,122
40.7131,-79.5144,46
34.1981,-101.7461,66
35.4072,-104.1906,76
32.8522,-95.8864,86
45.6911,-118.8522,94
61.5664,-149.2542,71
34.3961,-89.7903,81
35.1161,-93.6506,0
29.8608,-98.1958,15
38.6078,-97.9597,28
32.2822,-106.7597,119
34.5989,-103.2161,142
35.2006,-103.6867,86
33.0642,-101.0489,99
41.9928,-71.1667,13
41.4439,-86.9294,53
42.7467,-71.0425,28
33.1481,-95.6269,124
47.6811,-117.6267,112
34.1647,-88.7239,64
36.5508,-114.4581,168
33.1461,-107.1842,157
31.9611,-96.6881,84
38.2597,-104.7169,135
39.3925,-101.0689,132
29.4608,-101.0286,33
44.8831,-85.6753,53
31.9633,-98.4942,119
41.6661,-111.8914,99
40.2539,-85.1483,10
26.5581,-99.1372,84
30.7189,-97.3211,33
37.6967,-93.7722,33
35.0489,-97.9158,69
32.9506,-97.0553,43
25.8175,-80.2858,91
31.9497,-91.2336,69
34.0828,-106.8831,660
44.3089,-85.2050,53
38.0047,-120.4864,119
30.7053,-104.0233,58
36.6897,-108.3086,104
32.4219,-93.6381,76
37.9931,-100.8122,152
30.6836,-97.7172,28
33.3192,-95.6039,86
46.7047,-92.5253,1974
40.2458,-111.6508,86
32.3378,-89.0817,64
46.7281,-116.9558,61
34.1381,-88.9983,69
45.4825,-120.7236,104
44.3253,-96.7686,51
32.2683,-101.4858,107
32.9203,-94.7225,74
30.3367,-96.5403,46
41.4903,-71.5431,28
