40.7264,-122.7947,55
38.8586,-99.3358,438
42.9592,-120.7897,113
40.2842,-109.8611,93
34.5822,-119.9817,56
40.1739,-101.0611,135
45.7206,-118.6264,89
36.4622,-116.8669,1542
34.5697,-93.1947,3
39.0172,-92.7558,58
40.2233,-86.1086,23
18.0331,-67.0722,80
64.8569,-147.8611,14
34.6033,-104.3811,55
34.9881,-120.3211,98
31.3706,-100.4942,130
32.8242,-95.5275,87
36.0147,-85.1314,51
39.9614,-86.0586,5
45.6911,-118.8522,101
33.1481,-95.6269,109
36.5508,-114.4581,217
39.3925,-101.0689,177
40.2539,-85.1483,55
26.5581,-99.1372,0
30.7053,-104.0233,61
37.9931,-100.8122,166
46.7047,-92.5253,29
45.4825,-120.7236,248
32.9203,-94.7225,71
