39.2900,-117.1100,201
36.5100,-106.3200,9
39.4300,-120.3100,250
40.8300,-111.7600,100
44.3800,-116.3400,218
35.7700,-105.7800,298
43.7600,-116.1000,55
43.7600,-115.2400,100
36.0300,-106.8100,44
44.2100,-110.6700,7
36.7900,-105.2400,311
46.2400,-117.3900,229
44.7900,-116.0900,232
35.3400,-111.6500,229
36.8600,-106.2300,9
36.0000,-106.8300,291
36.2500,-115.6300,207
36.1900,-105.5600,55
39.3600,-106.0600,62
36.7200,-106.2600,232
39.8000,-106.0300,229
40.5300,-106.7800,27
39.3100,-111.4300,301
39.1900,-120.2600,281
43.8000,-114.8500,360
38.4000,-119.5400,187
36.9900,-105.2600,324
36.9600,-106.6600,171
35.9200,-106.3900,285
36.3100,-115.6800,160
40.3000,-111.2600,290
41.4000,-107.2600,162
48.7200,-116.4600,357
36.0700,-105.6300,204
