39.4700,-80.8572,239
40.9361,-90.7197,244
33.2564,-81.2422,244
40.2233,-86.1086,267
37.1317,-86.1481,256
32.5133,-92.3486,267
62.1925,-150.5033,167
39.4833,-83.8500,233
38.8894,-86.5519,239
40.7928,-87.7556,200
45.0853,-67.1203,217
41.1453,-85.4897,194
37.1244,-87.8672,256
37.8194,-85.3847,267
42.3806,-96.9575,217
40.4719,-74.4364,239
27.7792,-97.5056,278
34.1419,-80.8700,289
35.6214,-88.8456,283
32.7547,-104.3836,256
42.1397,-87.7853,233
40.4750,-86.9919,200
36.5914,-101.6181,222
38.4661,-101.7758,244
41.0267,-86.5867,228
28.7156,-97.1742,289
32.3500,-94.6500,322
37.9311,-98.0297,244
38.3139,-81.7186,233
37.0683,-88.7725,267
37.9931,-100.8122,228
33.7775,-81.8467,294
38.4558,-86.6983,256
34.2183,-81.0731,300
38.7003,-82.4736,294
38.7386,-87.4878,244
64.9156,-148.2711,83
28.8608,-97.0181,311
47.0575,-109.9514,200
33.8083,-79.8567,272
42.7831,-71.4147,222
46.3414,-86.9242,206
42.2947,-83.7108,194
41.4439,-86.9294,228
44.9847,-93.1772,217
34.6603,-82.8236,300
37.1167,-84.6167,156
32.9206,-86.6708,267
35.6042,-91.2744,272
34.1944,-79.2472,228
32.2822,-106.7597,267
44.8831,-85.6753,250
40.8142,-85.1547,200
34.7289,-80.0389,278
40.2539,-85.1483,228
36.7578,-90.4056,333
41.8161,-80.4250,211
33.8103,-91.2778,256
46.8706,-68.0172,200
44.4933,-68.4583,200
40.0739,-87.5067,239
