43.0661,-108.4767,81
39.6014,-116.0056,121
45.8183,-88.1144,89
32.7667,-97.4500,152
30.4000,-81.4167,157
38.0511,-117.0903,210
40.2172,-76.8514,76
40.2342,-85.3936,103
43.7331,-103.6114,67
29.9506,-94.0206,125
38.9597,-94.3714,165
25.9069,-80.2803,148
34.7272,-92.2389,116
40.9167,-81.4333,98
32.5161,-84.9422,89
45.6906,-118.8528,98
48.3042,-114.2636,112
31.9514,-85.1289,72
39.4203,-83.8217,94
32.7100,-96.2672,134
41.4914,-120.5644,98
41.3461,-82.1794,103
34.9869,-81.0575,103
32.9733,-97.3181,148
31.1828,-90.4708,107
42.8153,-108.7261,54
37.3031,-108.6275,103
40.8203,-82.5178,107
44.7408,-85.5825,72
34.2097,-118.4892,81
36.7683,-96.0261,165
44.4683,-73.1500,76
48.3500,-122.6667,63
29.6381,-95.2819,125
31.5356,-84.1944,72
47.4569,-115.6450,67
28.7797,-81.2436,165
28.8614,-96.9303,130
34.6439,-86.7861,94
42.9550,-87.9044,98
32.5156,-92.0406,94
33.9753,-117.6361,94
33.8750,-84.3022,98
33.2208,-92.8142,76
47.9428,-97.1839,89
45.5464,-100.4078,89
33.3075,-104.5083,116
45.0619,-93.3508,98
43.7694,-87.8506,116
31.0425,-86.3117,76
28.4567,-99.2183,157
40.7342,-73.4169,121
47.7472,-90.3444,85
32.4106,-99.6822,152
40.0803,-95.5919,148
36.0394,-95.9844,161
35.6542,-105.1419,134
30.4781,-87.1869,125
39.3450,-81.4392,85
45.0717,-83.5644,89
37.7064,-112.1456,125
46.7708,-100.7603,98
35.8922,-78.7819,112
32.3542,-95.4025,112
27.4981,-80.3767,152
47.3978,-120.2014,72
40.9706,-85.2064,98
39.5703,-104.8489,89
30.7439,-95.5861,81
38.3650,-82.5550,85
39.1208,-94.5969,157
43.9636,-69.7117,58
30.0675,-95.5561,98
39.2292,-106.3169,81
39.8250,-86.2958,94
37.7086,-113.0944,89
39.2775,-120.7103,89
29.3600,-99.1742,157
40.2964,-78.3203,72
41.4333,-99.6333,143
41.1961,-112.0114,72
35.2372,-120.6414,103
33.6883,-112.0817,67
44.0206,-117.0128,125
41.8056,-107.1997,116
56.6000,-169.5650,174
39.1667,-76.6833,81
33.5656,-86.7450,81
40.8097,-124.1603,72
27.6833,-97.2833,143
40.4953,-107.5211,54
41.8833,-91.7167,112
39.2972,-94.7306,170
37.1467,-94.5022,170
29.3783,-100.9269,165
32.4506,-93.8411,89
30.0375,-91.8839,130
32.2997,-86.4075,103
40.2064,-100.5914,121
38.4167,-113.0167,143
35.9461,-112.1547,116
41.5272,-85.7922,81
25.6475,-80.4331,143
38.5911,-92.1558,143
34.0561,-117.6003,94
39.4900,-121.6183,103
41.6236,-98.9517,134
42.1908,-71.1736,85
46.9006,-95.0678,98
41.8678,-84.0794,85
47.0492,-109.4578,89
41.4525,-87.0058,94
39.1033,-84.4189,98
32.3367,-90.2214,98
42.1594,-76.8919,76
35.0419,-106.6156,165
28.4339,-81.3250,170
33.6186,-114.7142,54
43.4075,-94.7461,121
47.3258,-106.9475,67
34.8461,-82.3461,103
42.8050,-72.0036,58
44.1278,-123.2206,76
27.6531,-80.2428,139
39.8683,-75.2311,125
24.7258,-81.0517,89
43.1167,-77.6767,81
40.5100,-101.6200,121
41.3336,-75.7269,89
39.7556,-82.6572,85
61.2169,-149.8550,31
45.6044,-103.5464,85
46.9733,-122.9033,54
38.1847,-84.9033,94
48.5428,-109.7633,85
33.4617,-80.8581,89
44.2033,-72.5794,67
43.7700,-88.4864,112
31.2361,-94.7544,89
44.3675,-71.5450,63
26.6847,-80.0994,161
34.7675,-114.6189,67
30.5069,-86.9597,125
38.6956,-121.5897,125
38.7525,-90.3736,116
36.9647,-86.4239,94
33.3644,-81.9633,81
41.2531,-70.0608,165
42.4819,-114.4869,139
38.2900,-104.4983,139
48.1203,-123.4983,58
33.9381,-118.3889,72
32.8978,-97.0189,152
36.7800,-119.7194,63
47.9078,-122.2803,67
33.4669,-82.0386,94
40.4422,-109.5144,76
32.6500,-114.6167,67
39.8344,-88.8656,112
46.9728,-123.9303,112
38.2281,-85.6636,98
18.4325,-66.0108,143
30.4000,-86.4717,116
44.8831,-93.2289,98
41.9144,-88.2464,98
40.6239,-74.6694,81
41.6764,-70.9583,107
31.3558,-85.7511,94
38.6572,-90.6558,112
39.4494,-74.5672,143
38.6892,-75.3592,130
30.7797,-86.5225,112
30.5108,-99.7664,125
34.0158,-118.4514,72
38.5069,-121.4950,116
32.8167,-115.6833,63
35.1822,-103.6031,139
28.0836,-97.0464,125
42.5544,-92.4011,103
38.7550,-109.7542,89
22.0333,-159.7833,116
33.7792,-84.5214,89
31.8111,-106.3758,125
30.0481,-102.2131,152
62.1592,-145.4589,45
40.7833,-91.1253,116
42.0572,-102.8000,81
47.6217,-117.5281,49
43.5950,-118.9564,125
41.5886,-83.8014,103
36.7725,-90.3247,130
30.3503,-81.8831,148
35.0028,-105.6628,130
44.3592,-89.8369,103
39.9444,-81.8922,81
18.3331,-64.9667,139
47.2675,-122.5761,40
33.9706,-80.9958,67
47.6458,-101.4394,89
39.9369,-91.1919,125
26.0719,-80.1536,152
40.1519,-122.2536,130
44.0511,-101.6011,94
41.5092,-74.2650,85
43.3436,-72.5178,67
35.6575,-109.0614,121
38.8000,-97.6500,157
7.3333,134.4833,93
26.1658,-97.3458,139
40.6044,-98.4272,165
45.0319,-102.0192,94
41.0089,-74.7367,76
60.4889,-145.4511,40
40.0819,-75.0111,107
42.5519,-71.7558,63
28.8208,-81.8097,161
34.3622,-98.9761,188
47.4733,-111.3822,94
34.0500,-94.4008,112
32.8547,-109.6353,85
41.7861,-87.7522,121
28.5453,-81.3331,179
34.8994,-120.4486,134
36.3189,-119.6289,58
40.8217,-72.8689,112
39.8328,-104.6575,112
33.6542,-101.8136,161
42.3914,-96.3792,143
45.5406,-122.9486,63
27.5333,-99.4667,139
44.5169,-108.0822,107
27.7411,-98.0247,130
36.9358,-121.7886,89
66.9161,-151.5089,45
41.9922,-93.6217,130
37.5908,-83.3131,81
35.6567,-95.3614,179
26.5850,-81.8614,143
38.5050,-107.8975,58
34.8831,-82.2203,98
44.5444,-110.4211,85
33.6300,-84.4417,125
40.8289,-115.7886,125
40.3547,-79.9217,94
37.9406,-75.4631,161
46.1236,-67.7928,130
46.9253,-96.8111,98
40.0228,-82.4625,81
47.2078,-119.3192,45
48.7167,-94.6000,72
41.7700,-88.4814,112
26.2281,-97.6542,130
32.6808,-96.8681,143
41.9856,-97.4353,152
46.4794,-84.3572,103
47.6831,-117.3214,49
30.6264,-88.0681,121
41.7872,-111.8533,116
34.5183,-109.3792,157
42.1997,-75.9850,67
40.1203,-76.2944,81
67.7317,-164.5483,174
48.2553,-101.2733,98
31.8456,-86.6108,98
40.7789,-73.9692,89
40.2769,-74.8158,94
33.6267,-116.1594,94
38.5039,-122.8103,112
44.3814,-106.7211,103
46.0139,-102.6547,85
41.6328,-91.5431,125
32.3206,-90.0778,107
36.2117,-115.1958,112
39.2953,-114.8467,121
31.8606,-86.0122,89
29.6222,-95.6564,116
55.0389,-131.5786,85
17.7028,-64.8056,161
34.2900,-93.0600,107
30.6794,-88.2397,112
35.2325,-75.6219,170
41.7072,-86.3164,112
39.5781,-85.8033,89
42.0800,-80.1825,112
36.6239,-87.4194,112
37.8892,-121.2258,125
42.2314,-83.3308,89
41.5944,-109.0528,130
30.5892,-96.3647,103
61.1781,-149.9664,36
43.1072,-78.9453,72
32.8986,-80.0403,107
33.1803,-96.5903,152
44.8322,-93.4706,89
42.7611,-87.8136,125
43.1544,-93.3269,107
57.1553,-170.2222,183
33.8117,-118.1464,67
29.3389,-98.4719,148
31.4208,-110.8458,112
55.2208,-162.7325,161
48.7939,-122.5372,76
43.1953,-71.5011,85
36.1994,-95.8872,174
38.1311,-91.7683,148
35.0311,-85.2014,76
9.4833,138.0833,93
37.4389,-105.8614,125
47.9742,-117.4283,54
38.1386,-78.4530,85
29.7036,-98.0281,139
27.5000,-97.8167,134
42.4092,-83.0100,76
35.1967,-81.1558,89
45.2575,-112.5545,107
62.3200,-150.0950,36
31.3214,-85.4497,89
41.9097,-70.7294,121
44.9050,-123.0011,94
35.4344,-119.0542,63
34.5467,-93.5781,107
47.5303,-122.3008,67
33.2061,-97.1989,152
36.7436,-108.2292,85
35.1442,-111.6664,161
40.0489,-107.8853,67
42.4272,-73.2892,76
41.8756,-71.0211,94
43.2389,-123.3547,36
60.7850,-148.8389,94
38.7642,-87.6056,112
21.3167,-158.0667,94
31.3347,-92.5586,94
36.9033,-76.1922,161
44.6381,-90.1875,103
40.9611,-98.3136,161
64.7767,-141.1483,103
26.1839,-98.2539,134
36.0167,-102.5500,148
42.3978,-90.7036,98
24.5833,-81.6833,107
59.4556,-135.3239,116
37.1681,-97.0369,188
40.8206,-76.8642,81
44.3981,-98.2231,103
31.5883,-110.3442,134
38.8169,-92.2183,157
43.6497,-70.3003,72
30.3433,-89.8222,103
38.9408,-77.4636,72
38.1417,-76.4292,121
45.9647,-112.5006,103
34.4978,-82.7097,72
34.2675,-77.8997,130
44.5344,-72.6144,72
27.9106,-82.6875,183
32.6636,-97.0939,148
33.4278,-112.0039,85
39.7333,-77.4333,76
59.7494,-154.9089,49
33.9481,-83.3275,85
31.2819,-89.2531,107
35.5342,-97.6469,183
38.8100,-104.6883,130
37.3278,-95.5042,170
43.1111,-76.1039,85
41.3119,-105.6747,139
46.4047,-94.1308,76
37.0911,-95.5664,161
41.8706,-103.5931,76
36.9261,-111.4478,148
40.8500,-74.0614,76
38.3406,-75.5103,130
42.3075,-85.2511,85
39.1894,-103.7158,98
33.4050,-118.4158,63
42.5906,-117.8644,130
33.4536,-94.0075,89
39.1019,-121.5678,125
61.5961,-149.0917,63
33.5872,-85.8556,103
43.2339,-75.4117,72
40.6331,-93.9019,125
57.0481,-135.3647,63
29.2733,-94.8592,148
28.4736,-82.4544,161
29.3331,-89.4075,130
27.7839,-97.5108,143
42.6425,-77.0564,67
45.4622,-69.5953,139
44.7978,-68.8186,81
40.4719,-81.4236,81
34.2719,-83.8303,81
40.1764,-80.6472,76
35.3331,-94.3625,121
39.4167,-118.7167,103
42.7431,-73.8092,76
33.9786,-98.4928,201
40.9781,-124.1086,107
36.9839,-77.0075,98
39.0083,-95.2117,170
32.0311,-96.3989,130
37.9272,-100.7247,157
36.8167,-76.0333,179
35.6169,-106.0889,148
59.2433,-135.5094,125
46.2667,-119.1167,40
32.4833,-80.7167,103
30.7825,-83.2767,76
32.5428,-93.7450,85
38.8761,-98.8092,148
15.1167,145.7167,157
21.1544,-157.0961,94
34.6294,-118.0836,130
45.5433,-94.0514,85
44.0219,-82.7931,94
41.5631,-83.4764,85
37.4058,-122.0481,89
34.7442,-87.5997,103
45.5644,-84.7928,81
31.9433,-102.1889,165
35.8181,-83.9858,49
46.4267,-105.8825,63
35.9333,-79.0642,63
43.9042,-92.4917,103
28.0622,-81.7542,134
30.1250,-93.2158,116
45.8678,-95.3942,94
47.3864,-92.8389,89
32.8342,-115.5786,63
37.2839,-98.5528,201
37.6928,-121.8144,76
70.2117,-151.0017,183
60.1283,-149.4167,197
43.1711,-86.2367,112
36.0969,-79.9433,98
64.5111,-165.4400,148
37.6544,-97.4425,197
42.5950,-87.9381,98
31.3928,-92.2956,85
44.3814,-100.2856,107
43.8789,-91.2528,98
41.7361,-72.6506,89
40.0681,-118.5692,121
42.9333,-71.4383,85
46.4167,-86.6500,98
34.8536,-116.7858,94
35.3889,-97.6006,197
41.5097,-72.8278,94
30.2333,-81.6667,183
46.7439,-117.1086,58
60.7850,-161.8292,107
40.1606,-113.3508,94
45.8258,-119.2611,58
44.1708,-114.9272,67
29.1828,-81.0483,165
36.1336,-80.2222,98
36.4731,-82.4044,58
40.2383,-75.5572,89
40.9017,-117.8081,103
48.5222,-123.0231,45
21.9839,-159.3405,98
32.7817,-98.0603,130
26.1522,-81.7753,139
25.9156,-97.4186,130
32.6847,-83.6528,81
33.9519,-117.4386,81
30.2050,-91.9875,121
46.9258,-98.6692,107
70.1917,-148.4772,165
42.6650,-83.4181,81
44.6500,-73.4667,85
38.8483,-77.0342,98
42.7267,-114.4564,81
27.4014,-82.5586,157
41.0136,-83.6686,112
37.1431,-107.7597,76
37.3592,-121.9239,103
32.5722,-116.9794,76
41.5175,-81.6836,134
35.2236,-80.9553,103
34.6719,-82.8864,67
27.9619,-82.5403,183
44.7694,-106.9689,63
43.0206,-102.5183,107
30.7167,-87.0167,103
38.3775,-121.9575,107
44.5483,-95.0803,116
42.9486,-78.7369,72
44.9358,-74.8458,54
37.3711,-118.3581,161
32.8667,-117.1333,72
41.9950,-87.9336,103
37.9917,-122.0550,121
25.7906,-80.3164,143
40.4847,-80.2144,89
36.9878,-120.1106,76
39.3792,-74.4242,143
38.0442,-87.5206,98
32.8192,-97.3614,157
31.7800,-103.2017,148
39.7075,-86.2803,107
42.4167,-87.8667,116
39.6092,-110.7547,63
39.8233,-93.5792,134
58.3567,-134.5639,121
35.8550,-77.8931,157
43.1644,-95.2017,121
33.6228,-111.9106,58
41.0669,-73.7075,81
41.2639,-72.8872,98
28.1011,-80.6439,139
26.1969,-80.1708,170
37.2253,-89.5706,130
46.1442,-115.5964,81
18.2550,-65.6408,174
42.4700,-71.2894,76
45.4558,-98.4131,103
44.3206,-69.7972,121
46.3583,-104.2500,58
45.6208,-122.6572,49
34.7336,-76.6606,157
38.8500,-94.7392,174
40.0781,-83.0781,103
43.8339,-111.8045,98
29.7333,-85.0333,130
41.4131,-81.8600,112
42.1128,-92.9175,112
30.0494,-90.0289,143
36.9500,-76.2833,174
46.5683,-120.5428,54
43.7667,-98.0333,116
60.5797,-151.2392,54
32.5500,-88.5667,116
39.3756,-99.8297,130
34.3478,-85.1611,72
38.3794,-81.5900,89
41.2544,-80.6739,98
34.1853,-79.7239,107
44.9258,-89.6256,85
39.0725,-95.6261,161
41.1078,-92.4467,130
36.7414,-104.5022,112
40.6386,-73.7622,125
41.6117,-90.5808,103
42.5844,-110.1075,81
41.5333,-71.2833,112
6.9667,158.2167,77
41.3325,-122.3328,121
40.6675,-89.6839,94
33.0375,-116.9158,76
40.3161,-78.8339,94
46.7994,-102.7972,94
42.4933,-79.2722,76
44.8889,-116.1017,67
37.7797,-89.2497,125
32.3347,-88.7442,107
42.1244,-86.4267,107
41.3714,-73.4828,72
36.1625,-97.0894,170
41.6686,-70.2800,121
33.3633,-84.5658,98
40.7939,-73.1017,121
40.8508,-96.7475,143
39.3669,-101.7000,112
39.9914,-82.8808,103
32.1314,-110.9553,116
41.6267,-73.8842,85
38.0700,-102.6881,130
35.0564,-89.9864,116
39.2231,-106.8683,81
44.5228,-114.2150,67
33.4825,-90.9853,107
64.3267,-158.7417,45
41.1519,-104.8061,103
39.1333,-86.6167,98
37.2958,-81.2078,89
40.3667,-75.9667,81
30.4844,-81.7019,161
31.6072,-110.4281,157
44.4983,-88.1111,112
42.0647,-104.1528,103
24.5550,-81.7522,103
37.7214,-122.2208,94
42.6003,-123.3642,85
41.8031,-78.6403,63
62.9614,-141.9292,54
38.7042,-93.1833,170
46.5311,-87.5483,72
39.6728,-75.6008,125
42.8939,-85.5447,103
39.7078,-77.7297,81
37.3169,-79.9742,72
36.0236,-84.2375,54
41.7803,-124.2367,130
36.8781,-91.9025,121
37.2353,-93.4003,157
37.7608,-99.9683,183
44.3394,-105.5419,94
42.7803,-84.5789,94
41.0731,-71.9233,103
36.2606,-76.1750,170
13.4836,144.7961,143
31.4000,-93.2833,94
32.3500,-91.0278,98
43.3500,-73.6167,72
41.7636,-96.1778,143
43.5878,-96.7289,107
42.8975,-106.4636,85
55.5800,-133.0750,112
43.1406,-89.3453,98
41.3497,-71.7989,94
41.4653,-90.5233,103
42.1578,-72.7161,81
42.2667,-84.4667,76
29.5442,-98.4839,134
40.8731,-81.8867,112
46.0947,-118.2869,63
34.7436,-118.7242,201
39.3667,-75.0667,107
30.3567,-95.4139,112
42.1928,-89.0931,112
32.1300,-81.2100,103
46.1569,-123.8825,143
45.5114,-118.4247,63
36.6950,-76.1356,165
40.7083,-84.0267,98
30.7406,-98.2353,143
40.6161,-83.0636,112
38.0494,-103.5122,130
30.3361,-81.5147,157
34.4272,-100.2831,161
34.9894,-99.0525,188
31.4156,-87.0442,94
61.1689,-150.0278,98
59.4433,-151.7017,58
40.0397,-88.2778,112
66.0689,-162.7639,255
45.8069,-108.5422,81
34.9914,-78.8803,121
39.1258,-123.2008,121
43.2781,-70.9222,85
45.2486,-122.7686,94
39.9061,-84.2186,125
41.1389,-75.3794,81
42.2347,-85.5519,76
21.3239,-157.9294,72
62.9575,-155.6103,36
70.6392,-159.9950,174
44.2667,-71.2994,313
41.0375,-81.4642,94
46.5486,-90.9189,72
34.2008,-119.2069,94
32.8519,-96.8556,143
45.1947,-123.1339,76
42.5708,-77.7133,81
43.9906,-70.9475,130
26.2500,-80.1083,165
39.2956,-80.2289,72
32.6261,-116.4681,103
30.4636,-88.5319,107
29.5189,-95.2417,116
37.2622,-104.3378,81
47.4933,-122.2144,49
41.1783,-78.8989,76
44.3853,-74.2067,54
34.1167,-119.1167,67
46.3747,-117.0156,58
46.0261,-91.4442,76
31.1522,-81.3908,139
42.7172,-71.1239,72
37.3208,-79.2067,103
41.3375,-84.4289,89
41.1014,-102.9847,81
39.6428,-79.9164,76
42.8914,-73.2469,63
44.2558,-121.1392,94
36.5881,-121.8453,94
47.1686,-88.4889,125
43.3906,-99.8422,103
43.9658,-107.9508,72
45.6194,-121.1661,107
42.7972,-105.3856,112
45.7881,-111.1608,85
37.7081,-77.4344,89
38.5714,-90.1572,116
45.5908,-122.6003,72
48.5614,-93.3981,89
48.4608,-119.5167,67
41.1583,-73.1289,98
33.6800,-117.8664,72
36.2667,-93.1567,134
38.3000,-76.4167,121
26.5361,-81.7550,148
46.8706,-68.0172,121
37.0872,-84.0769,85
45.6308,-89.4653,89
38.0408,-84.6058,103
35.0678,-77.0481,130
34.6081,-79.0592,116
42.2228,-83.7444,72
59.6419,-151.4908,36
38.3083,-75.1239,161
36.2967,-99.7689,179
41.7806,-122.4717,89
38.7667,-104.3000,161
42.2706,-71.8731,107
37.0683,-88.7719,107
36.7367,-97.1019,179
42.9667,-83.7494,85
34.2622,-88.7714,121
42.1469,-121.7242,103
64.5500,-149.0717,63
63.9944,-145.7214,58
29.9933,-90.2511,116
48.1739,-103.6367,89
66.8667,-162.6333,170
47.2381,-123.1408,45
34.2006,-118.3575,103
36.3689,-92.4703,116
47.2856,-68.3133,116
36.0719,-115.1633,76
44.0433,-103.0536,112
33.8719,-117.9789,72
39.4781,-88.2803,107
34.7917,-79.3661,112
34.7000,-77.3833,143
35.8311,-90.6464,116
37.7836,-81.1231,89
41.3931,-70.6150,130
32.3336,-104.2581,98
41.6264,-80.2150,89
38.9833,-76.4667,98
37.6703,-95.4842,165
32.8158,-117.1394,76
37.1319,-76.4930,134
34.2486,-82.1592,85
33.1783,-86.7817,85
41.6875,-69.9933,112
36.5728,-79.3361,112
64.8039,-147.8761,27
30.7044,-87.0231,103
38.8983,-119.9947,89
42.3606,-71.0106,94
38.9503,-95.6639,174
35.9403,-89.8308,134
31.8311,-104.8089,210
39.3644,-84.5247,89
34.9000,-76.8833,206
31.4583,-109.6061,130
42.8783,-100.5500,116
47.9375,-124.5550,76
31.9206,-102.3867,157
41.7219,-71.4325,107
44.8428,-117.8086,125
43.5331,-84.0797,94
35.9508,-85.0814,81
47.3078,-119.5153,58
38.2103,-122.2847,103
32.3847,-94.7117,94
48.2138,-106.6213,76
42.5417,-113.7661,85
33.9228,-118.3342,72
39.1342,-108.5400,85
36.6817,-101.5053,143
41.7781,-80.6958,85
39.4839,-119.7711,94
36.4486,-103.1539,121
35.2333,-101.7089,143
42.7461,-86.0967,98
41.3275,-72.0494,112
47.4444,-122.3139,67
44.3592,-84.6739,89
19.7192,-155.0531,121
35.0169,-80.6206,103
39.9492,-74.8417,107
35.7425,-81.3819,54
42.6958,-73.1708,67
37.2847,-120.5128,85
20.8997,-156.4286,76
35.5931,-88.9167,112
39.2447,-102.2842,125
37.2833,-102.6139,116
41.9381,-72.6825,85
40.0972,-92.5433,143
35.1350,-90.2344,125
45.6478,-68.6925,148
8.7333,167.7333,161
42.9203,-112.5711,85
29.6919,-82.2756,206
30.8356,-85.1839,94
55.3567,-131.7117,94
34.7411,-118.2117,143
30.1831,-97.6800,143
29.9800,-95.3600,112
31.5358,-82.5067,94
44.5761,-71.1786,58
7.4500,151.8333,108
36.6636,-121.6081,94
43.5667,-116.2406,94
44.9319,-93.0556,94
39.5514,-97.6508,148
39.4019,-77.9844,81
35.5144,-108.7939,143
43.9922,-76.0217,85
34.5583,-98.4172,206
35.6950,-101.3950,152
38.8317,-94.8897,165
26.9172,-81.9914,148
46.6056,-111.9636,63
34.8822,-95.7831,157
71.2833,-156.7814,148
45.6983,-110.4408,103
35.8517,-97.4142,152
35.2100,-99.1200,188
34.4258,-119.8425,58
32.7800,-79.9319,121
48.0944,-105.5744,40
40.8764,-74.2831,85
46.8369,-92.2097,94
33.2367,-107.2681,152
45.6689,-96.9914,112
47.4667,-87.8833,125
42.5842,-70.9175,103
29.1097,-95.4619,143
38.9286,-90.4281,116
40.1667,-103.2167,89
39.8447,-89.6839,107
40.6508,-75.4492,81
35.4319,-82.5375,116
33.2119,-87.6161,98
35.6875,-117.6931,81
59.5119,-139.6711,36
47.0339,-120.5303,85
33.9486,-81.1186,81
40.6825,-74.1694,107
36.3333,-119.9500,81
19.7356,-156.0489,72
45.7728,-122.8611,49
27.7628,-82.6261,148
31.1500,-92.9667,81
43.5164,-112.0672,103
30.3489,-85.7881,94
40.7794,-73.8803,107
33.6361,-91.7556,76
32.7336,-117.1831,67
33.8281,-116.5053,130
48.6033,-112.3753,112
29.5622,-91.5256,98
38.5000,-77.3000,103
42.3811,-122.8722,54
37.6542,-122.1150,103
38.3306,-96.1897,170
36.1189,-86.6892,112
41.0467,-78.4117,76
38.0653,-97.8606,174
44.8664,-91.4878,85
41.3103,-95.8992,161
39.5936,-84.2264,94
43.3497,-76.3847,72
30.5372,-91.1469,89
31.3711,-100.4922,148
40.4122,-86.9369,98
38.1811,-85.7392,116
42.2333,-83.5333,98
41.7419,-72.1836,85
25.9989,-80.2411,161
41.2731,-111.0306,72
30.3208,-97.7603,107
32.7000,-117.2000,94
33.2194,-117.3494,81
37.6242,-120.9506,121
36.6206,-116.0278,125
39.9181,-76.8742,72
40.8436,-72.6322,112
45.5511,-122.4089,54
43.9844,-88.5569,112
46.9208,-114.0925,121
58.6794,-156.6294,54
35.2578,-93.0947,107
28.7247,-96.2536,143
37.5050,-77.3203,116
33.1281,-117.2794,76
42.8375,-103.0953,72
31.3500,-85.6667,94
30.9119,-102.9167,116
39.1353,-96.6778,148
40.7781,-111.9694,89
39.4519,-87.3089,89
44.9047,-97.1494,107
32.2622,-107.7206,148
41.2003,-74.6231,98
43.2119,-90.1814,112
29.6333,-83.1053,197
39.0431,-84.6717,107
40.5175,-122.2986,112
34.1231,-84.8486,67
43.6264,-72.3047,67
34.1750,-91.9347,107
35.0281,-110.7208,161
43.1561,-90.6775,94
41.2433,-76.9217,54
30.3975,-84.3289,112
45.0133,-84.7014,67
42.1208,-87.9047,116
41.5339,-93.6531,121
40.3300,-75.1225,76
30.4119,-89.0808,116
39.5264,-107.7264,98
57.7511,-152.4856,67
36.0097,-94.1694,125
42.5700,-72.2911,72
41.1214,-100.6694,130
36.2833,-94.3000,152
31.6189,-97.2283,125
35.2578,-113.9331,112
33.8117,-78.7239,130
34.6517,-112.4208,161
37.6197,-122.3647,161
42.1094,-77.9919,81
39.7736,-94.9233,157
37.7461,-97.2211,188
