34.6111,-82.7269,1
32.7692,-94.3592,1
32.3492,-93.2014,1
32.5183,-94.7189,1
33.1964,-95.2236,1
35.2236,-80.9553,1
34.2256,-92.0189,1
32.3919,-93.7803,1
35.8922,-78.7819,1
35.9461,-112.1547,1
32.6997,-93.6619,1
34.2650,-88.7658,1
31.8142,-93.0856,1
34.7636,-82.1061,1
33.1925,-96.7931,1
31.8075,-94.1642,1
34.3961,-89.7903,1
35.7192,-78.7878,1
38.0264,-107.6725,1
39.1483,-89.1022,1
34.6747,-82.2267,1
32.4169,-93.4428,1
33.8228,-92.3989,1
33.8586,-89.3158,1
33.0642,-101.0489,1
34.8831,-82.2203,1
35.8100,-80.8808,1
33.8203,-93.3878,1
34.2192,-102.7328,1
32.8067,-91.1730,1
41.8264,-96.0506,1
35.4072,-104.1906,1
