40.2539,-85.1483,139
36.6897,-108.3086,178
47.0575,-109.9514,156
26.8400,-81.0872,228
38.7403,-104.3994,144
38.6450,-95.5661,161
35.4139,-86.8086,183
42.1397,-87.7853,139
33.7542,-99.1442,206
42.9536,-112.8253,156
39.2494,-106.3714,78
42.8767,-77.0308,150
40.2233,-86.1086,144
39.0303,-76.9314,172
36.4622,-116.8669,261
40.1739,-101.0611,194
34.5989,-103.2161,183
45.6750,-111.1550,161
41.9342,-88.7756,139
45.6911,-118.8522,206
35.0489,-97.9158,206
40.7833,-81.9167,156
38.4917,-122.1242,144
39.3925,-101.0689,189
38.4661,-101.7758,178
42.1231,-111.3133,144
40.7142,-122.4161,228
37.0683,-88.7725,167
44.0622,-103.4819,117
37.7617,-117.5658,194
40.6117,-122.5281,239
37.7967,-121.5828,178
38.4931,-122.0047,183
35.6214,-88.8456,211
36.5575,-105.2628,117
43.8083,-111.7892,144
45.9228,-108.2444,172
48.4983,-109.8014,178
35.7197,-86.9653,194
47.6811,-117.6267,222
35.4072,-104.1906,217
44.1183,-121.2103,167
26.5581,-99.1372,222
32.2822,-106.7597,222
37.9931,-100.8122,178
42.9592,-120.7897,200
40.2458,-111.6508,206
37.3806,-107.5811,111
46.7281,-116.9558,211
47.7283,-104.1467,211
33.6731,-111.1508,244
61.5664,-149.2542,100
25.8175,-80.2858,267
43.5492,-71.4647,178
43.8544,-116.4664,206
35.7047,-101.5492,144
64.8569,-147.8611,106
48.7178,-122.5114,183
46.0436,-118.4628,200
35.2006,-103.6867,244
40.0892,-99.2133,172
38.0047,-120.4864,211
40.2842,-109.8611,161
38.5350,-121.7761,206
34.5822,-119.9817,161
30.2003,-92.6642,239
36.5508,-114.4581,183
38.8586,-99.3358,183
37.6967,-93.7722,211
34.9881,-120.3211,156
30.7053,-104.0233,150
34.7675,-106.7611,189
28.4675,-98.2525,250
42.7467,-71.0425,128
40.4750,-86.9919,139
41.4439,-86.9294,128
47.0022,-118.5658,200
33.7092,-93.5564,211
45.4825,-120.7236,200
46.8706,-68.0172,156
