40.7264,-122.7947,322
38.8586,-99.3358,333
43.8544,-116.4664,367
40.7142,-122.4161,400
33.6731,-111.1508,389
47.0575,-109.9514,328
42.9536,-112.8253,333
28.4675,-98.2525,378
40.4750,-86.9919,278
42.9592,-120.7897,328
40.2842,-109.8611,450
37.3806,-107.5811,294
39.0303,-76.9314,206
40.6117,-122.5281,367
46.0436,-118.4628,372
43.8083,-111.7892,350
34.5822,-119.9817,311
40.1739,-101.0611,372
34.7675,-106.7611,356
42.1397,-87.7853,311
45.6750,-111.1550,350
36.4622,-116.8669,422
40.7833,-81.9167,244
33.7542,-99.1442,356
42.8767,-77.0308,283
39.2494,-106.3714,256
38.4917,-122.1242,261
47.7283,-104.1467,433
38.5039,-95.7036,261
37.0683,-88.7725,322
33.7092,-93.5564,356
45.9228,-108.2444,339
46.8706,-68.0172,256
40.2233,-86.1086,239
39.0744,-96.8983,250
35.6214,-88.8456,272
64.8569,-147.8611,144
44.0622,-103.4819,311
38.4661,-101.7758,339
37.7967,-121.5828,328
35.7197,-86.9653,294
34.9881,-120.3211,311
26.8400,-81.0872,339
41.9342,-88.7756,306
38.7403,-104.3994,317
42.1231,-111.3133,350
40.0892,-99.2133,344
35.4139,-86.8086,394
37.7617,-117.5658,350
47.0022,-118.5658,356
43.5492,-71.4647,278
48.4983,-109.8014,328
44.1183,-121.2103,300
30.2003,-92.6642,372
36.5575,-105.2628,239
38.5350,-121.7761,328
35.7047,-101.5492,322
48.7178,-122.5114,322
38.6450,-95.5661,461
38.4931,-122.0047,311
35.4072,-104.1906,217
45.6911,-118.8522,356
61.5664,-149.2542,211
32.2822,-106.7597,328
34.5989,-103.2161,306
35.2006,-103.6867,361
41.4439,-86.9294,167
42.7467,-71.0425,189
47.6811,-117.6267,356
36.5508,-114.4581,356
39.3925,-101.0689,356
40.2539,-85.1483,261
26.5581,-99.1372,228
37.6967,-93.7722,344
35.0489,-97.9158,339
25.8175,-80.2858,406
38.0047,-120.4864,344
30.7053,-104.0233,300
36.6897,-108.3086,361
37.9931,-100.8122,339
40.2458,-111.6508,378
46.7281,-116.9558,361
45.4825,-120.7236,367
41.4903,-71.5431,194
