35.3400,-111.6500,34
35.7700,-105.7800,21
36.7900,-105.2400,67
36.8600,-106.2300,9
36.7200,-106.2600,42
41.4000,-107.2600,47
36.3100,-115.6800,58
46.2400,-117.3900,60
36.1900,-105.5600,31
36.1300,-105.5300,29
36.0700,-105.6300,31
36.0300,-106.8100,28
48.7200,-116.4600,42
40.5300,-106.7800,29
39.4300,-120.3100,38
44.7900,-116.0900,93
36.0000,-106.8300,20
40.8300,-111.7600,37
39.8000,-106.0300,334
44.3800,-116.3400,51
36.9900,-105.2600,35
36.9600,-106.6600,73
43.7600,-115.2400,44
43.7300,-113.8300,27
39.3100,-111.4300,76
39.1900,-120.2600,89
36.5100,-106.3200,7
40.3000,-111.2600,49
43.7600,-116.1000,45
35.9200,-106.3900,31
43.8000,-114.8500,76
36.2500,-115.6300,62
38.4000,-119.5400,55
39.3600,-106.0600,51
44.2100,-110.6700,92
39.2900,-117.1100,46
