34.2675,-77.8997,1
37.0875,-82.9925,1
35.2372,-120.6414,1
41.6117,-90.5808,1
39.4206,-79.0050,1
40.4122,-86.9369,1
38.9286,-90.4281,1
34.8822,-95.7831,1
40.9781,-124.1086,1
36.0097,-94.1694,1
47.2856,-68.3133,1
34.9228,-94.0944,1
39.7333,-77.4333,1
44.4683,-73.1500,1
41.8833,-91.7167,1
36.0394,-95.9844,1
29.7333,-85.0333,1
43.9922,-76.0217,1
39.6600,-78.9358,1
31.3214,-85.4497,1
31.3558,-85.7511,1
44.3592,-89.8369,1
40.1100,-87.9567,1
40.3917,-79.8594,1
35.1442,-111.6664,1
41.8564,-71.7333,1
40.0397,-88.2778,1
30.0675,-95.5561,1
39.8447,-89.6839,1
40.4847,-80.2144,1
30.5347,-94.4456,1
30.5892,-96.3647,1
40.7789,-73.9692,1
44.5344,-72.6144,1
34.9894,-99.0525,1
40.0333,-77.3000,1
37.6183,-79.4358,1
40.7742,-77.1575,1
42.2417,-83.6933,1
41.8161,-80.4250,1
40.6825,-74.1694,1
27.7839,-97.5108,1
42.9486,-78.7369,1
40.1692,-79.1411,1
42.7431,-73.8092,1
44.3853,-74.2067,1
34.0500,-94.4008,1
41.1583,-73.1289,1
39.4519,-87.3089,1
30.0375,-91.8839,1
36.2706,-92.1922,1
38.9408,-77.4636,1
37.2472,-83.1817,1
44.6889,-70.1567,1
41.6328,-91.5431,1
33.2119,-87.6161,1
46.9253,-96.8111,1
46.1569,-123.8825,1
42.8206,-78.1481,1
38.6661,-78.3728,1
39.9444,-81.8922,1
42.8633,-70.8997,1
37.4000,-82.2333,1
44.5483,-95.0803,1
29.7036,-98.0281,1
42.5544,-92.4011,1
36.1189,-86.6892,1
32.6847,-83.6528,1
37.6694,-79.2775,1
36.6239,-87.4194,1
40.8203,-82.5178,1
44.2667,-71.2994,1
31.9747,-95.1381,1
30.3208,-97.7603,1
35.5931,-88.9167,1
39.3450,-81.4392,1
32.3500,-91.0278,1
42.4647,-79.0031,1
39.7194,-76.8028,1
71.2833,-156.7814,1
31.3347,-92.5586,1
29.6381,-95.2819,1
42.1128,-92.9175,1
30.4781,-87.1869,1
29.1097,-95.4619,1
44.6381,-90.1875,1
30.6794,-88.2397,1
40.7794,-73.8803,1
38.7642,-87.6056,1
26.0719,-80.1536,1
38.8853,-79.8528,1
39.4019,-77.9844,1
44.4933,-68.4583,1
31.9514,-85.1289,1
61.9772,-151.2169,1
39.1667,-76.6833,1
41.1078,-92.4467,1
47.9375,-124.5550,1
36.2769,-93.8214,1
28.8614,-96.9303,1
43.3772,-72.1811,1
45.5433,-94.0514,1
40.4719,-81.4236,1
40.6508,-75.4492,1
39.3933,-81.2192,1
41.2433,-76.9217,1
25.9069,-80.2803,1
41.1389,-75.3794,1
33.9706,-80.9958,1
37.0683,-88.7725,1
43.2419,-77.3883,1
38.6572,-90.6558,1
18.4325,-66.0108,1
34.6439,-86.7861,1
40.2769,-74.8158,1
42.0800,-80.1825,1
46.8706,-68.0172,1
41.9300,-79.2969,1
30.1831,-97.6800,1
39.4781,-88.2803,1
43.3500,-73.6167,1
35.2203,-84.7981,1
31.8606,-86.0122,1
31.6189,-97.2283,1
43.8789,-91.2528,1
13.4836,144.7961,1
40.7833,-91.1253,1
41.7375,-77.1158,1
39.6428,-79.9164,1
41.1644,-84.8483,1
42.2472,-78.8125,1
37.2353,-93.4003,1
42.8914,-73.2469,1
39.6728,-75.6008,1
26.1839,-98.2539,1
38.0328,-78.5225,1
36.5764,-92.6767,1
39.8344,-88.8656,1
42.2706,-71.8731,1
39.2728,-79.3683,1
42.1928,-89.0931,1
37.0683,-88.7719,1
33.4964,-90.0867,1
41.4131,-81.8600,1
37.1467,-94.5022,1
42.0025,-76.6383,1
57.1553,-170.2222,1
40.6675,-89.6839,1
46.8369,-92.2097,1
32.1669,-92.1075,1
41.6569,-69.9589,1
40.1764,-80.6472,1
42.2947,-83.7108,1
31.5358,-82.5067,1
41.7219,-71.4325,1
44.4983,-88.1111,1
42.1608,-71.2461,1
43.1544,-93.3269,1
41.9950,-87.9336,1
26.2281,-97.6542,1
39.0483,-79.4406,1
30.3489,-85.7881,1
29.9933,-90.2511,1
38.5911,-92.1558,1
38.4844,-93.2556,1
40.8097,-124.1603,1
39.8683,-75.2311,1
42.5242,-71.1264,1
46.1236,-67.7928,1
40.8500,-74.0614,1
39.1894,-103.7158,1
36.5342,-87.2194,1
43.6497,-70.3003,1
31.1828,-90.4708,1
41.6267,-71.2092,1
34.5467,-93.5781,1
35.9886,-92.7161,1
35.9508,-85.0814,1
45.6478,-68.6925,1
34.7336,-76.6606,1
32.6064,-80.3267,1
43.1561,-90.6775,1
41.9922,-93.6217,1
43.1111,-76.1039,1
34.8994,-120.4486,1
41.5339,-93.6531,1
58.4111,-135.7089,1
38.5714,-90.1572,1
45.8678,-95.3942,1
41.1733,-86.7572,1
42.1244,-86.4267,1
43.5697,-76.1164,1
30.7439,-95.5861,1
44.6500,-73.4667,1
55.2208,-162.7325,1
30.3567,-95.4139,1
44.8831,-93.2289,1
47.9428,-97.1839,1
38.8483,-77.0342,1
31.2819,-89.2531,1
32.5161,-84.9422,1
36.9647,-86.4239,1
29.6919,-82.2756,1
26.1658,-97.3458,1
41.7511,-76.4431,1
41.7356,-77.6517,1
42.3978,-90.7036,1
44.0303,-71.1383,1
27.4014,-82.5586,1
43.4622,-76.4933,1
35.6567,-95.3614,1
44.8322,-93.4706,1
29.9800,-95.3600,1
32.2997,-86.4075,1
36.2833,-94.3000,1
36.5575,-105.2628,1
30.4844,-81.7019,1
43.2119,-90.1814,1
40.5100,-79.5458,1
43.8225,-91.1914,1
43.1167,-77.6767,1
48.5614,-93.3981,1
30.7825,-83.2767,1
27.7628,-82.6261,1
43.1953,-71.5011,1
30.2050,-91.9875,1
31.0425,-86.3117,1
30.5372,-91.1469,1
41.8158,-78.2872,1
62.9614,-141.9292,1
41.7803,-124.2367,1
45.8081,-96.5042,1
31.2361,-94.7544,1
40.1936,-76.7633,1
57.7511,-152.4856,1
39.9964,-79.0833,1
40.6386,-73.7622,1
42.4447,-72.5528,1
33.3633,-84.5658,1
41.6267,-73.8842,1
41.1783,-78.8989,1
38.6892,-75.3592,1
40.0972,-92.5433,1
25.9156,-97.4186,1
27.9619,-82.5403,1
32.4506,-93.8411,1
21.3239,-157.9294,1
41.4653,-90.5233,1
41.9381,-72.6825,1
59.5119,-139.6711,1
45.0619,-93.3508,1
36.8781,-91.9025,1
30.1250,-93.2158,1
44.0908,-92.6400,1
31.5356,-84.1944,1
43.8669,-91.2725,1
43.9042,-92.4917,1
44.2033,-72.5794,1
29.5189,-95.2417,1
39.7078,-77.7297,1
40.9167,-81.4333,1
38.3406,-75.5103,1
35.1842,-87.0422,1
41.0669,-73.7075,1
42.4272,-73.2892,1
38.0700,-102.6881,1
34.6525,-86.9453,1
44.9319,-93.0556,1
40.3161,-78.8339,1
42.2122,-71.1136,1
42.2314,-83.3308,1
41.2544,-80.6739,1
38.1311,-91.7683,1
36.3211,-87.2217,1
64.5111,-165.4400,1
30.3361,-81.5147,1
21.9839,-159.3405,1
41.0467,-78.4117,1
41.3336,-75.7269,1
25.6475,-80.4331,1
42.1997,-75.9850,1
39.9914,-82.8808,1
32.3847,-94.7117,1
40.3667,-75.9667,1
27.7411,-98.0247,1
43.6478,-70.6750,1
64.8039,-147.8761,1
33.2061,-97.1989,1
43.7331,-103.6114,1
44.7978,-68.8186,1
43.3436,-72.5178,1
44.3206,-69.7972,1
40.2964,-78.3203,1
33.9481,-83.3275,1
37.5442,-79.4031,1
38.5039,-122.8103,1
41.4197,-78.7492,1
37.7797,-89.2497,1
34.3478,-85.1611,1
44.9258,-89.6256,1
42.3606,-71.0106,1
42.3297,-78.4633,1
37.8175,-82.7883,1
36.3689,-92.4703,1
38.8969,-78.4678,1
44.8664,-91.4878,1
43.0303,-78.1692,1
39.4494,-74.5672,1
40.7939,-73.1017,1
41.8031,-78.6403,1
46.9728,-123.9303,1
44.9358,-74.8458,1
35.8181,-83.9858,1
31.1522,-81.3908,1
