32.5667,-117.1167,17
36.3200,-115.7000,7
40.2342,-85.3936,62
30.0494,-90.0289,48
43.9906,-70.9475,16
45.6194,-121.1661,28
35.2333,-101.7089,67
34.2622,-88.7714,27
32.3367,-90.2214,28
32.6500,-114.6167,28
37.1431,-107.7597,17
37.4389,-105.8614,16
30.0481,-102.2131,31
34.2675,-77.8997,40
45.2486,-122.7686,3
46.7708,-100.7603,101
34.2008,-119.2069,13
35.2372,-120.6414,13
28.8208,-81.8097,67
43.0661,-108.4767,19
60.7850,-161.8292,63
64.7767,-141.1483,45
41.6117,-90.5808,93
37.2253,-89.5706,53
39.4206,-79.0050,63
38.8169,-92.2183,68
27.4981,-80.3767,46
40.4122,-86.9369,52
38.9286,-90.4281,60
34.8822,-95.7831,25
35.0169,-80.6206,23
38.3000,-76.4167,55
36.2117,-115.1958,17
41.3461,-82.1794,79
47.8344,-120.0006,0
40.9781,-124.1086,17
46.7994,-102.7972,128
36.7200,-106.2600,5
37.7461,-97.2211,67
41.7806,-122.4717,3
33.0375,-116.9158,10
42.8153,-108.7261,22
38.6644,-94.8900,36
32.5722,-116.9794,18
36.0097,-94.1694,38
42.5950,-87.9381,75
43.8000,-114.8500,3
39.6014,-116.0056,19
47.2856,-68.3133,38
34.1750,-91.9347,34
43.0206,-102.5183,62
39.7333,-77.4333,28
44.4683,-73.1500,59
41.8833,-91.7167,92
39.8233,-93.5792,52
46.6461,-119.9061,49
43.5164,-112.0672,29
36.0394,-95.9844,31
29.7333,-85.0333,47
34.4258,-119.8425,16
43.9922,-76.0217,56
41.6764,-70.9583,38
44.1278,-123.2206,8
42.2333,-83.5333,80
31.3214,-85.4497,30
38.3794,-81.5900,27
37.9050,-93.3169,63
46.9208,-114.0925,31
36.7414,-104.5022,37
41.2531,-70.0608,74
44.2558,-121.1392,22
41.5272,-85.7922,82
31.3558,-85.7511,22
44.3592,-89.8369,53
37.3278,-95.5042,43
48.8700,-121.7900,3
40.1100,-87.9567,36
41.6264,-80.2150,54
60.1283,-149.4167,13
43.9658,-107.9508,24
42.2667,-84.4667,68
35.1442,-111.6664,7
61.2169,-149.8550,23
40.0397,-88.2778,88
64.5500,-149.0717,93
26.2500,-80.1083,64
36.9839,-77.0075,19
35.5953,-82.5567,31
48.4608,-119.5167,47
40.0681,-118.5692,9
21.4500,-157.7833,22
38.8761,-98.8092,85
39.9508,-119.5986,18
30.0675,-95.5561,16
44.3394,-105.5419,91
41.0089,-74.7367,26
34.0511,-118.2353,3
37.9272,-100.7247,77
39.3792,-74.4242,51
26.5361,-81.7550,56
39.8447,-89.6839,68
37.2839,-98.5528,60
39.5703,-104.8489,50
64.3267,-158.7417,72
40.4847,-80.2144,47
30.5892,-96.3647,30
43.7600,-116.1000,5
44.7694,-106.9689,80
44.0511,-101.6011,94
40.7789,-73.9692,39
44.5344,-72.6144,6
34.9894,-99.0525,67
35.3889,-97.6006,52
35.4344,-119.0542,12
33.9786,-98.4928,46
39.0725,-95.6261,59
45.8619,-96.5650,27
36.3189,-119.6289,9
35.7700,-105.7800,7
36.5100,-106.3200,312
41.8161,-80.4250,67
40.6825,-74.1694,59
40.0803,-95.5919,80
27.7839,-97.5108,50
41.9097,-70.7294,50
46.7439,-117.1086,9
42.9486,-78.7369,87
37.9917,-122.0550,8
42.6958,-73.1708,31
29.3389,-98.4719,26
42.6425,-77.0564,62
42.7431,-73.8092,38
42.0647,-104.1528,59
28.4339,-81.3250,74
44.3814,-100.2856,116
41.1519,-104.8061,74
42.3200,-120.8300,17
44.3853,-74.2067,48
33.6267,-116.1594,14
37.6542,-122.1150,4
40.4422,-109.5144,10
34.0500,-94.4008,17
41.6686,-70.2800,47
38.3650,-82.5550,32
33.6228,-111.9106,14
41.1583,-73.1289,44
33.6361,-91.7556,24
59.7494,-154.9089,56
39.4519,-87.3089,58
36.7800,-119.7194,9
42.7900,-121.9800,5
40.3000,-111.2600,15
37.0911,-95.5664,52
30.0375,-91.8839,35
42.9550,-87.9044,74
42.1469,-121.7242,6
32.3542,-95.4025,36
39.9369,-91.1919,76
41.4525,-87.0058,81
37.7214,-122.2208,9
42.9667,-83.7494,69
37.2833,-102.6139,64
45.7728,-122.8611,5
40.8764,-74.2831,34
34.6517,-112.4208,13
36.0969,-79.9433,30
33.8117,-78.7239,38
33.1783,-86.7817,20
37.5050,-77.3203,36
45.0717,-83.5644,61
45.6689,-96.9914,114
38.9408,-77.4636,42
42.8939,-85.5447,81
42.5519,-71.7558,42
32.5428,-93.7450,27
41.2639,-72.8872,36
34.2006,-118.3575,10
58.6794,-156.6294,89
62.3200,-150.0950,59
47.5303,-122.3008,15
38.5050,-107.8975,25
45.4558,-98.4131,112
45.5511,-122.4089,115
42.1094,-77.9919,55
41.6328,-91.5431,71
43.7600,-115.2400,15
28.5083,-81.5467,27
33.2119,-87.6161,27
46.9253,-96.8111,93
46.1569,-123.8825,22
34.9869,-81.0575,27
40.8436,-72.6322,46
41.0731,-71.9233,64
41.3375,-84.4289,66
39.3669,-101.7000,83
36.3333,-119.9500,17
39.9444,-81.8922,44
33.4050,-118.4158,21
34.6294,-118.0836,19
34.4272,-100.2831,58
31.4208,-110.8458,32
37.3031,-108.6275,18
39.2292,-106.3169,32
44.5483,-95.0803,87
29.7036,-98.0281,36
43.7300,-113.8300,7
33.8750,-84.3022,26
40.8217,-72.8689,43
42.5544,-92.4011,83
36.1189,-86.6892,42
39.1900,-120.2600,16
32.6847,-83.6528,26
42.4092,-83.0100,73
36.6239,-87.4194,37
48.5428,-109.7633,62
32.2622,-107.7206,30
39.7750,-105.1169,45
40.8203,-82.5178,79
44.2667,-71.2994,268
31.3711,-100.4922,37
35.6169,-106.0889,35
30.3208,-97.7603,20
40.0489,-107.8853,10
41.5944,-109.0528,62
35.5931,-88.9167,34
42.7611,-87.8136,67
41.5631,-83.4764,86
47.4444,-122.3139,26
46.0947,-118.2869,14
39.3450,-81.4392,35
32.3500,-91.0278,25
32.9733,-97.3181,31
27.5333,-99.4667,34
30.7797,-86.5225,22
38.6956,-121.5897,15
48.0944,-105.5744,85
33.9519,-117.4386,11
48.2553,-101.2733,125
41.4333,-99.6333,99
7.0833,171.3833,52
39.7194,-76.8028,31
38.8000,-97.6500,75
71.2833,-156.7814,81
31.3347,-92.5586,29
29.6381,-95.2819,33
45.0133,-84.7014,73
42.7461,-86.0967,89
40.1519,-122.2536,25
33.5656,-86.7450,26
27.9106,-82.6875,64
42.1128,-92.9175,107
37.3711,-118.3581,23
30.4781,-87.1869,38
29.1097,-95.4619,32
40.1203,-76.2944,51
39.4717,-76.1697,45
43.4075,-94.7461,115
44.6381,-90.1875,59
30.6794,-88.2397,31
32.7667,-97.4500,43
38.4167,-113.0167,25
46.4167,-86.6500,54
33.9381,-118.3889,13
47.9078,-122.2803,24
40.7794,-73.8803,64
32.7336,-117.1831,12
38.7642,-87.6056,68
45.8183,-88.1144,38
66.9161,-151.5089,20
37.7086,-113.0944,13
40.2064,-100.5914,64
39.3600,-106.0600,21
46.4267,-105.8825,82
35.8922,-78.7819,24
36.0167,-102.5500,76
38.1811,-85.7392,48
26.0719,-80.1536,57
40.6331,-93.9019,93
33.6800,-117.8664,14
41.5333,-71.2833,49
36.2500,-115.6300,16
28.4736,-82.4544,58
17.7028,-64.8056,39
48.5222,-123.0231,20
40.6161,-83.0636,74
38.8853,-79.8528,22
39.4019,-77.9844,40
42.4167,-87.8667,72
70.6392,-159.9950,80
29.1828,-81.0483,64
43.1406,-89.3453,58
37.2958,-81.2078,35
32.3336,-104.2581,30
25.7906,-80.3164,48
26.9172,-81.9914,61
32.8342,-115.5786,9
31.9514,-85.1289,19
34.7442,-87.5997,25
33.4669,-82.0386,28
39.1667,-76.6833,42
35.9333,-79.0642,16
45.1947,-123.1339,7
18.3331,-64.9667,38
41.8678,-84.0794,65
44.3675,-71.5450,12
41.1078,-92.4467,87
36.1625,-97.0894,49
47.9375,-124.5550,24
34.6242,-106.3103,0
41.1214,-100.6694,61
24.5550,-81.7522,62
43.7700,-88.4864,68
39.2900,-117.1100,8
46.0261,-91.4442,40
28.8614,-96.9303,33
45.5433,-94.0514,73
28.9844,-95.3808,58
41.5175,-81.6836,87
40.4719,-81.4236,38
24.5833,-81.6833,72
40.6508,-75.4492,41
41.5092,-74.2650,46
32.8519,-96.8556,38
36.8167,-76.0333,57
18.2550,-65.6408,34
38.8100,-104.6883,57
34.1853,-79.7239,37
41.2433,-76.9217,44
25.9069,-80.2803,57
47.0492,-109.4578,72
36.7683,-96.0261,29
31.4156,-87.0442,20
42.3075,-85.2511,84
43.5331,-84.0797,79
36.9878,-120.1106,10
41.1389,-75.3794,58
38.7550,-109.7542,12
40.2383,-75.5572,26
35.5144,-108.7939,9
33.9706,-80.9958,15
34.2167,-119.0833,17
48.2138,-106.6213,102
48.1203,-123.4983,19
35.2236,-80.9553,25
26.1522,-81.7753,57
44.5169,-108.0822,52
38.6572,-90.6558,43
47.9742,-117.4283,41
39.3756,-99.8297,68
38.8983,-119.9947,7
31.9433,-102.1889,35
34.2900,-93.0600,27
32.8167,-115.6833,17
28.0622,-81.7542,66
44.8428,-117.8086,6
39.7556,-82.6572,43
30.4000,-81.4167,62
35.2578,-93.0947,16
18.4325,-66.0108,31
34.6439,-86.7861,30
31.6072,-110.4281,36
37.2622,-104.3378,48
40.2769,-74.8158,41
36.8600,-106.2300,353
42.0800,-80.1825,82
63.9944,-145.7214,149
47.3258,-106.9475,83
46.5486,-90.9189,47
55.5800,-133.0750,60
46.8706,-68.0172,30
32.8158,-117.1394,13
47.4933,-122.2144,16
30.1831,-97.6800,36
35.1822,-103.6031,47
40.8289,-115.7886,8
33.3644,-81.9633,30
39.4781,-88.2803,60
21.3167,-158.0667,16
43.3500,-73.6167,34
59.4556,-135.3239,110
30.9119,-102.9167,22
39.1258,-123.2008,2
37.7064,-112.1456,24
44.9047,-97.1494,113
45.5464,-100.4078,105
40.1667,-103.2167,81
43.1711,-86.2367,91
33.7792,-84.5214,22
60.7850,-148.8389,82
31.8606,-86.0122,27
45.0319,-102.0192,128
31.6189,-97.2283,40
35.5342,-97.6469,55
43.8789,-91.2528,75
13.4836,144.7961,43
40.1550,-103.1417,49
47.2675,-122.5761,14
34.8831,-82.2203,25
44.3981,-98.2231,119
47.6831,-117.3214,7
47.3078,-119.5153,35
39.1333,-86.6167,51
35.8550,-77.8931,31
42.4100,-121.6800,0
40.7833,-91.1253,80
35.0028,-105.6628,85
39.9181,-76.8742,36
67.7317,-164.5483,62
39.6428,-79.9164,31
30.6264,-88.0681,45
40.5175,-122.2986,9
36.6206,-116.0278,15
30.3975,-84.3289,36
42.8375,-103.0953,65
28.7247,-96.2536,48
46.0139,-102.6547,131
45.9647,-112.5006,16
46.2400,-117.3900,5
37.2353,-93.4003,60
38.3083,-75.1239,50
42.8914,-73.2469,19
38.0442,-87.5206,50
19.7192,-155.0531,29
30.5069,-86.9597,34
39.7075,-86.2803,72
37.1319,-76.4930,47
39.6728,-75.6008,50
39.7053,-105.6997,58
26.1839,-98.2539,43
44.7408,-85.5825,43
41.7361,-72.6506,41
38.3306,-96.1897,72
48.6033,-112.3753,78
43.4133,-124.2436,26
36.2967,-99.7689,77
34.2719,-83.8303,25
41.8706,-103.5931,74
43.8339,-111.8045,21
39.8344,-88.8656,75
39.8328,-104.6575,59
42.2706,-71.8731,66
37.6928,-121.8144,9
42.1928,-89.0931,74
44.2100,-110.6700,14
37.0683,-88.7719,39
39.5936,-84.2264,60
44.0433,-103.0536,142
41.2003,-74.6231,30
33.4964,-90.0867,19
41.4131,-81.8600,74
37.1467,-94.5022,57
32.6261,-116.4681,18
36.1994,-95.8872,50
47.6428,-115.9172,0
39.1033,-84.4189,57
57.1553,-170.2222,86
45.0800,-117.5500,4
40.6675,-89.6839,76
46.8369,-92.2097,67
40.1764,-80.6472,54
30.7044,-87.0231,32
37.6544,-97.4425,67
37.7081,-77.4344,31
32.7817,-98.0603,35
44.7900,-116.0900,2
39.4900,-121.6183,12
46.9258,-98.6692,115
31.5358,-82.5067,29
34.9000,-76.8833,51
42.8050,-72.0036,33
41.7219,-71.4325,49
35.0564,-89.9864,35
35.3331,-94.3625,22
41.3931,-70.6150,57
44.4983,-88.1111,60
36.6636,-121.6081,22
39.3667,-75.0667,47
55.0389,-131.5786,14
37.0872,-84.0769,31
34.0158,-118.4514,12
29.9506,-94.0206,32
31.3928,-92.2956,18
41.5097,-72.8278,27
42.5906,-117.8644,11
32.4833,-80.7167,48
41.6875,-69.9933,42
27.6531,-80.2428,64
43.1544,-93.3269,113
37.6242,-120.9506,11
34.7000,-77.3833,43
38.1386,-78.4530,43
41.9950,-87.9336,79
7.3333,134.4833,14
26.2281,-97.6542,64
29.3783,-100.9269,30
35.9403,-89.8308,50
33.8117,-118.1464,14
38.4000,-119.5400,8
34.4978,-82.7097,17
39.5781,-85.8033,71
46.1442,-115.5964,9
40.5100,-101.6200,72
70.1917,-148.4772,57
44.1708,-114.9272,8
41.3119,-105.6747,47
43.2781,-70.9222,24
42.4819,-114.4869,15
30.3489,-85.7881,36
59.4433,-151.7017,9
32.5156,-92.0406,30
33.2367,-107.2681,17
32.6808,-96.8681,33
30.3433,-89.8222,28
37.7608,-99.9683,82
42.7803,-84.5789,84
40.6239,-74.6694,25
31.8456,-86.6108,25
32.7100,-96.2672,33
42.5417,-113.7661,11
35.0678,-77.0481,36
38.0494,-103.5122,42
30.8356,-85.1839,36
44.0206,-117.0128,13
38.2900,-104.4983,46
55.3567,-131.7117,9
59.2433,-135.5094,53
41.0375,-81.4642,61
29.9933,-90.2511,45
36.9358,-121.7886,10
39.3644,-84.5247,36
38.5911,-92.1558,51
47.0339,-120.5303,5
45.8258,-119.2611,11
47.4667,-87.8833,64
30.7406,-98.2353,26
31.4583,-109.6061,29
36.7436,-108.2292,25
48.7939,-122.5372,2
38.9597,-94.3714,69
39.5514,-97.6508,80
34.3622,-98.9761,55
61.1000,-149.6936,49
39.2231,-106.8683,24
15.1167,145.7167,44
47.2078,-119.3192,35
40.8097,-124.1603,10
41.6236,-98.9517,86
39.8683,-75.2311,57
38.2281,-85.6636,42
41.1014,-102.9847,84
46.1236,-67.7928,34
40.7083,-84.0267,76
40.8500,-74.0614,51
44.3744,-70.3164,36
38.5000,-77.3000,43
34.8536,-116.7858,24
32.8978,-97.0189,44
39.1894,-103.7158,59
36.6950,-76.1356,33
33.1281,-117.2794,11
44.4911,-71.5725,0
31.1500,-92.9667,13
35.4111,-80.5833,0
29.6333,-83.1053,46
47.8306,-110.6608,36
42.9203,-112.5711,14
35.9200,-106.3900,2
43.7694,-87.8506,71
43.6497,-70.3003,30
36.5881,-121.8453,14
30.5108,-99.7664,21
48.7200,-116.4600,8
47.3000,-121.6000,30
31.1828,-90.4708,23
41.7781,-80.6958,69
32.5500,-88.5667,17
34.5467,-93.5781,9
37.6703,-95.4842,63
35.9508,-85.0814,28
35.2578,-113.9331,19
45.6478,-68.6925,30
34.7336,-76.6606,48
28.5453,-81.3331,64
43.1561,-90.6775,49
41.4000,-107.2600,12
26.5850,-81.8614,61
41.7419,-72.1836,31
56.6000,-169.5650,99
38.7667,-104.3000,56
39.3903,-94.5553,31
41.9922,-93.6217,91
43.1111,-76.1039,54
35.7425,-81.3819,25
34.7436,-118.7242,44
33.3075,-104.5083,36
34.8994,-120.4486,13
42.6003,-123.3642,32
33.8281,-116.5053,21
48.7167,-94.6000,61
41.5339,-93.6531,91
42.3811,-122.8722,5
40.4953,-107.5211,7
47.4733,-111.3822,48
39.4839,-119.7711,2
46.9733,-122.9033,21
38.5714,-90.1572,41
47.3864,-92.8389,58
45.8678,-95.3942,85
42.2228,-83.7444,66
42.1244,-86.4267,77
37.3208,-79.2067,30
41.9856,-97.4353,107
39.2775,-120.7103,11
46.5683,-120.5428,16
43.9636,-69.7117,15
35.6575,-109.0614,7
43.3906,-99.8422,120
35.1350,-90.2344,40
35.4319,-82.5375,50
30.7439,-95.5861,23
36.1900,-105.5600,7
39.0083,-95.2117,71
34.7675,-114.6189,20
39.8250,-86.2958,49
44.6500,-73.4667,34
55.2208,-162.7325,35
34.2097,-118.4892,11
41.4914,-120.5644,5
30.3567,-95.4139,25
33.4617,-80.8581,32
44.8831,-93.2289,69
47.9428,-97.1839,81
38.8317,-94.8897,71
38.8483,-77.0342,51
31.2819,-89.2531,25
43.6264,-72.3047,25
34.6719,-82.8864,12
44.9050,-123.0011,10
32.5161,-84.9422,27
41.3714,-73.4828,42
36.9647,-86.4239,40
58.3567,-134.5639,4
29.6919,-82.2756,56
39.1208,-94.5969,61
26.1658,-97.3458,81
38.0408,-84.6058,51
36.9261,-111.4478,6
29.2733,-94.8592,47
39.5264,-107.7264,11
35.8311,-90.6464,45
41.9144,-88.2464,85
41.8756,-71.0211,32
46.4047,-94.1308,66
42.3978,-90.7036,89
-14.3306,-170.7136,16
27.4014,-82.5586,57
37.5908,-83.3131,17
34.1167,-119.1167,25
35.2100,-99.1200,72
33.4825,-90.9853,32
35.6567,-95.3614,38
44.8322,-93.4706,72
34.9914,-78.8803,35
35.2325,-75.6219,38
45.5644,-84.7928,53
61.1689,-150.0278,30
47.7472,-90.3444,33
29.9800,-95.3600,30
32.2997,-86.4075,24
34.7272,-92.2389,29
42.6650,-83.4181,60
36.2833,-94.3000,41
39.1342,-108.5400,17
33.5872,-85.8556,17
40.8300,-111.7600,14
30.4844,-81.7019,49
38.1847,-84.9033,43
43.2119,-90.1814,50
29.5622,-91.5256,20
40.9017,-117.8081,10
40.8250,-92.8925,85
33.8719,-117.9789,10
47.1686,-88.4889,61
40.0819,-75.0111,46
41.5886,-83.8014,68
36.0300,-106.8100,5
43.3497,-76.3847,51
40.8731,-81.8867,67
39.0431,-84.6717,51
25.9989,-80.2411,57
36.0700,-105.6300,4
36.7367,-97.1019,42
31.3500,-85.6667,32
39.4203,-83.8217,66
41.8056,-107.1997,68
38.0511,-117.0903,26
43.1167,-77.6767,76
34.7917,-79.3661,35
42.8975,-106.4636,40
48.5614,-93.3981,47
35.7047,-101.5492,107
32.1314,-110.9553,62
7.4500,151.8333,37
26.1969,-80.1708,52
36.6817,-101.5053,70
34.8461,-82.3461,30
45.6983,-110.4408,59
36.0236,-84.2375,17
41.7072,-86.3164,75
44.5761,-71.1786,12
30.7825,-83.2767,42
27.7628,-82.6261,84
33.6542,-101.8136,55
37.1681,-97.0369,60
40.1606,-113.3508,21
43.1953,-71.5011,33
30.2050,-91.9875,32
26.6847,-80.0994,66
31.0425,-86.3117,29
30.5372,-91.1469,26
43.1644,-95.2017,113
6.9667,158.2167,47
62.9614,-141.9292,0
42.3914,-96.3792,105
57.0481,-135.3647,36
42.9333,-71.4383,33
46.3583,-104.2500,106
45.8069,-108.5422,49
39.9492,-74.8417,35
41.7803,-124.2367,22
33.4536,-94.0075,23
47.6458,-101.4394,120
45.6044,-103.5464,149
30.5844,-97.4156,22
42.5700,-72.2911,34
60.4889,-145.4511,22
35.0281,-110.7208,13
20.8997,-156.4286,32
45.4622,-69.5953,28
40.9706,-85.2064,81
32.6636,-97.0939,38
33.9486,-81.1186,23
31.2361,-94.7544,26
42.4933,-79.2722,88
40.0781,-83.0781,58
40.1936,-76.7633,48
44.3592,-84.6739,60
31.3072,-95.4508,18
62.1592,-145.4589,2
66.8667,-162.6333,102
36.2667,-93.1567,38
57.7511,-152.4856,87
30.3503,-81.8831,45
40.9656,-105.2186,63
32.3347,-88.7442,25
42.5844,-110.1075,16
60.5797,-151.2392,86
46.2667,-119.1167,16
39.4167,-118.7167,13
42.4700,-71.2894,45
38.2103,-122.2847,20
33.9753,-117.6361,14
44.5228,-114.2150,6
37.4058,-122.0481,6
32.0311,-96.3989,33
40.6386,-73.7622,77
39.1353,-96.6778,57
62.9575,-155.6103,5
33.3633,-84.5658,23
41.6267,-73.8842,36
35.6875,-117.6931,11
34.5183,-109.3792,9
41.1783,-78.8989,59
46.6056,-111.9636,39
37.3169,-79.9742,35
42.0572,-102.8000,75
45.5406,-122.9486,6
38.6892,-75.3592,39
32.4106,-99.6822,44
28.4567,-99.2183,26
40.0972,-92.5433,67
41.3103,-95.8992,98
42.1208,-87.9047,64
38.9833,-76.4667,36
47.4569,-115.6450,30
34.6081,-79.0592,30
25.9156,-97.4186,59
42.8783,-100.5500,98
41.7700,-88.4814,85
38.9503,-95.6639,72
36.2606,-76.1750,51
32.8547,-109.6353,47
27.9619,-82.5403,56
36.9600,-106.6600,7
36.9500,-76.2833,50
36.1306,-80.5481,4
29.5442,-98.4839,34
32.4506,-93.8411,32
31.5883,-110.3442,25
21.3239,-157.9294,26
37.8892,-121.2258,13
41.4653,-90.5233,73
36.7900,-105.2400,4
40.7342,-73.4169,53
41.9381,-72.6825,48
36.7725,-90.3247,47
33.1803,-96.5903,34
43.5950,-118.9564,12
59.5119,-139.6711,20
39.7736,-94.9233,77
40.8600,-102.8031,31
33.4278,-112.0039,41
45.0619,-93.3508,64
34.7411,-118.2117,9
33.2208,-92.8142,22
32.3206,-90.0778,29
40.8206,-76.8642,31
33.9228,-118.3342,8
36.8781,-91.9025,38
30.1250,-93.2158,40
39.2447,-102.2842,80
34.0561,-117.6003,14
19.7356,-156.0489,18
45.4353,-67.7214,9
43.2389,-123.3547,3
29.3331,-89.4075,52
35.6950,-101.3950,61
47.3600,-121.5700,8
44.8889,-116.1017,3
42.1594,-76.8919,48
39.1019,-121.5678,15
41.3325,-122.3328,8
31.5356,-84.1944,30
42.7172,-71.1239,46
34.7500,-111.4100,4
40.0228,-82.4625,49
44.3814,-106.7211,116
43.9042,-92.4917,110
42.1908,-71.1736,43
44.2033,-72.5794,28
39.4300,-120.3100,4
42.7972,-105.3856,58
36.0000,-106.8300,4
66.0689,-162.7639,89
41.2731,-111.0306,36
29.5189,-95.2417,37
39.7078,-77.7297,51
45.6308,-89.4653,46
40.9167,-81.4333,69
35.9461,-112.1547,9
38.3406,-75.5103,48
47.6217,-117.5281,34
31.8111,-106.3758,11
41.3275,-72.0494,63
41.0669,-73.7075,45
41.7872,-111.8533,6
21.1544,-157.0961,21
47.2381,-123.1408,18
37.3592,-121.9239,6
38.7525,-90.3736,53
45.5114,-118.4247,1
42.4272,-73.2892,38
38.0700,-102.6881,48
43.9844,-88.5569,64
34.6525,-86.9453,31
32.8192,-97.3614,42
33.2194,-117.3494,11
40.5300,-106.7800,7
44.9319,-93.0556,68
40.3161,-78.8339,66
42.2314,-83.3308,80
35.6697,-120.6283,9
41.2544,-80.6739,60
38.1311,-91.7683,62
61.5961,-149.0917,38
38.0653,-97.8606,66
43.5667,-116.2406,12
64.5111,-165.4400,50
30.3361,-81.5147,58
35.0419,-106.6156,16
21.9839,-159.3405,28
41.0467,-78.4117,50
36.3100,-115.6800,0
40.6044,-98.4272,89
41.3336,-75.7269,43
42.5708,-77.7133,37
61.1781,-149.9664,31
32.7000,-117.2000,13
37.7836,-81.1231,32
28.1011,-80.6439,78
31.7800,-103.2017,30
39.8000,-106.0300,364
31.9206,-102.3867,34
25.6475,-80.4331,58
42.1997,-75.9850,49
39.9914,-82.8808,53
42.1578,-72.7161,41
32.3847,-94.7117,27
36.9900,-105.2600,4
36.9033,-76.1922,43
33.6186,-114.7142,10
40.3667,-75.9667,46
47.3978,-120.2014,9
47.6800,-121.6100,13
45.7881,-111.1608,27
27.7411,-98.0247,34
35.8517,-97.4142,43
32.1300,-81.2100,46
64.8039,-147.8761,7
40.3547,-79.9217,53
35.1967,-81.1558,21
35.0761,-89.7430,22
29.3600,-99.1742,35
36.4486,-103.1539,78
36.1300,-105.5300,5
27.5000,-97.8167,41
33.2061,-97.1989,39
43.7331,-103.6114,52
30.7167,-87.0167,25
38.8500,-94.7392,63
41.1961,-112.0114,13
40.3300,-75.1225,34
30.2333,-81.6667,89
41.3497,-71.7989,47
41.7861,-87.7522,77
44.7978,-68.8186,36
40.2172,-76.8514,45
27.6833,-97.2833,66
48.3042,-114.2636,51
33.6300,-84.4417,34
42.5842,-70.9175,53
30.4119,-89.0808,33
43.3436,-72.5178,16
44.0219,-82.7931,48
44.3206,-69.7972,29
36.4731,-82.4044,13
48.3500,-122.6667,21
40.2964,-78.3203,57
38.7042,-93.1833,70
33.9481,-83.3275,22
9.4833,138.0833,29
37.6197,-122.3647,4
70.2117,-151.0017,52
38.3775,-121.9575,8
33.6883,-112.0817,32
30.4000,-86.4717,33
34.5583,-98.4172,39
32.8667,-117.1333,18
36.5728,-79.3361,31
40.8508,-96.7475,92
37.2847,-120.5128,10
38.5039,-122.8103,4
40.9611,-98.3136,106
43.7667,-98.0333,111
31.4000,-93.2833,18
45.6906,-118.8528,14
45.6208,-122.6572,13
37.7797,-89.2497,65
34.3478,-85.1611,29
48.1739,-103.6367,105
43.2339,-75.4117,28
37.9406,-75.4631,52
44.9258,-89.6256,46
44.3800,-116.3400,4
39.6092,-110.7547,11
32.8986,-80.0403,47
30.4636,-88.5319,33
39.3100,-111.4300,38
42.3606,-71.0106,64
46.4794,-84.3572,49
29.6222,-95.6564,29
42.9600,-121.1800,6
39.2956,-80.2289,35
28.0836,-97.0464,53
42.2347,-85.5519,74
35.6542,-105.1419,42
39.2972,-94.7306,74
36.0719,-115.1633,31
45.5908,-122.6003,32
46.9006,-95.0678,73
36.1336,-80.2222,29
28.7797,-81.2436,55
35.7800,-105.5400,2
43.1072,-78.9453,96
40.7781,-111.9694,13
41.7636,-96.1778,114
34.1231,-84.8486,25
36.3689,-92.4703,29
38.5069,-121.4950,7
44.8664,-91.4878,51
43.5878,-96.7289,111
24.7258,-81.0517,70
39.2953,-114.8467,36
42.7267,-114.4564,16
39.4494,-74.5672,51
45.2575,-112.5545,62
46.3747,-117.0156,13
39.9061,-84.2186,68
38.1417,-76.4292,51
44.5444,-110.4211,5
34.2486,-82.1592,18
40.7939,-73.1017,53
35.0311,-85.2014,34
41.8031,-78.6403,43
59.6419,-151.4908,49
41.0136,-83.6686,80
46.9728,-123.9303,64
44.9358,-74.8458,47
35.8181,-83.9858,32
31.1522,-81.3908,57
36.0467,-79.4769,26
32.5667,-117.1167,17
36.3200,-115.7000,7
40.2342,-85.3936,62
30.0494,-90.0289,48
43.9906,-70.9475,16
45.6194,-121.1661,28
35.2333,-101.7089,67
34.2622,-88.7714,27
32.3367,-90.2214,28
32.6500,-114.6167,28
37.1431,-107.7597,17
37.4389,-105.8614,16
30.0481,-102.2131,31
34.2675,-77.8997,40
45.2486,-122.7686,3
46.7708,-100.7603,101
34.2008,-119.2069,13
35.2372,-120.6414,13
28.8208,-81.8097,67
43.0661,-108.4767,19
60.7850,-161.8292,63
64.7767,-141.1483,45
41.6117,-90.5808,93
37.2253,-89.5706,53
39.4206,-79.0050,63
38.8169,-92.2183,68
27.4981,-80.3767,46
40.4122,-86.9369,52
38.9286,-90.4281,60
34.8822,-95.7831,25
35.0169,-80.6206,23
38.3000,-76.4167,55
36.2117,-115.1958,17
41.3461,-82.1794,79
47.8344,-120.0006,0
40.9781,-124.1086,17
46.7994,-102.7972,128
36.7200,-106.2600,5
37.7461,-97.2211,67
41.7806,-122.4717,3
33.0375,-116.9158,10
42.8153,-108.7261,22
38.6644,-94.8900,36
32.5722,-116.9794,18
36.0097,-94.1694,38
42.5950,-87.9381,75
43.8000,-114.8500,3
39.6014,-116.0056,19
47.2856,-68.3133,38
34.1750,-91.9347,34
43.0206,-102.5183,62
39.7333,-77.4333,28
44.4683,-73.1500,59
41.8833,-91.7167,92
39.8233,-93.5792,52
46.6461,-119.9061,49
43.5164,-112.0672,29
36.0394,-95.9844,31
29.7333,-85.0333,47
34.4258,-119.8425,16
43.9922,-76.0217,56
41.6764,-70.9583,38
44.1278,-123.2206,8
42.2333,-83.5333,80
31.3214,-85.4497,30
38.3794,-81.5900,27
37.9050,-93.3169,63
46.9208,-114.0925,31
36.7414,-104.5022,37
41.2531,-70.0608,74
44.2558,-121.1392,22
41.5272,-85.7922,82
31.3558,-85.7511,22
44.3592,-89.8369,53
37.3278,-95.5042,43
48.8700,-121.7900,3
40.1100,-87.9567,36
41.6264,-80.2150,54
60.1283,-149.4167,13
43.9658,-107.9508,24
42.2667,-84.4667,68
35.1442,-111.6664,7
61.2169,-149.8550,23
40.0397,-88.2778,88
64.5500,-149.0717,93
26.2500,-80.1083,64
36.9839,-77.0075,19
35.5953,-82.5567,31
48.4608,-119.5167,47
40.0681,-118.5692,9
21.4500,-157.7833,22
38.8761,-98.8092,85
39.9508,-119.5986,18
30.0675,-95.5561,16
44.3394,-105.5419,91
41.0089,-74.7367,26
34.0511,-118.2353,3
37.9272,-100.7247,77
39.3792,-74.4242,51
26.5361,-81.7550,56
39.8447,-89.6839,68
37.2839,-98.5528,60
39.5703,-104.8489,50
64.3267,-158.7417,72
40.4847,-80.2144,47
30.5892,-96.3647,30
43.7600,-116.1000,5
44.7694,-106.9689,80
44.0511,-101.6011,94
40.7789,-73.9692,39
44.5344,-72.6144,6
34.9894,-99.0525,67
35.3889,-97.6006,52
35.4344,-119.0542,12
33.9786,-98.4928,46
39.0725,-95.6261,59
45.8619,-96.5650,27
36.3189,-119.6289,9
35.7700,-105.7800,7
36.5100,-106.3200,312
41.8161,-80.4250,67
40.6825,-74.1694,59
40.0803,-95.5919,80
27.7839,-97.5108,50
41.9097,-70.7294,50
46.7439,-117.1086,9
42.9486,-78.7369,87
37.9917,-122.0550,8
42.6958,-73.1708,31
29.3389,-98.4719,26
42.6425,-77.0564,62
42.7431,-73.8092,38
42.0647,-104.1528,59
28.4339,-81.3250,74
44.3814,-100.2856,116
41.1519,-104.8061,74
42.3200,-120.8300,17
44.3853,-74.2067,48
33.6267,-116.1594,14
37.6542,-122.1150,4
40.4422,-109.5144,10
34.0500,-94.4008,17
41.6686,-70.2800,47
38.3650,-82.5550,32
33.6228,-111.9106,14
41.1583,-73.1289,44
33.6361,-91.7556,24
59.7494,-154.9089,56
39.4519,-87.3089,58
36.7800,-119.7194,9
42.7900,-121.9800,5
40.3000,-111.2600,15
37.0911,-95.5664,52
30.0375,-91.8839,35
42.9550,-87.9044,74
42.1469,-121.7242,6
32.3542,-95.4025,36
39.9369,-91.1919,76
41.4525,-87.0058,81
37.7214,-122.2208,9
42.9667,-83.7494,69
37.2833,-102.6139,64
45.7728,-122.8611,5
40.8764,-74.2831,34
34.6517,-112.4208,13
36.0969,-79.9433,30
33.8117,-78.7239,38
33.1783,-86.7817,20
37.5050,-77.3203,36
45.0717,-83.5644,61
45.6689,-96.9914,114
38.9408,-77.4636,42
42.8939,-85.5447,81
42.5519,-71.7558,42
32.5428,-93.7450,27
41.2639,-72.8872,36
34.2006,-118.3575,10
58.6794,-156.6294,89
62.3200,-150.0950,59
47.5303,-122.3008,15
38.5050,-107.8975,25
45.4558,-98.4131,112
45.5511,-122.4089,115
42.1094,-77.9919,55
41.6328,-91.5431,71
43.7600,-115.2400,15
28.5083,-81.5467,27
33.2119,-87.6161,27
46.9253,-96.8111,93
46.1569,-123.8825,22
34.9869,-81.0575,27
40.8436,-72.6322,46
41.0731,-71.9233,64
41.3375,-84.4289,66
39.3669,-101.7000,83
36.3333,-119.9500,17
39.9444,-81.8922,44
33.4050,-118.4158,21
34.6294,-118.0836,19
34.4272,-100.2831,58
31.4208,-110.8458,32
37.3031,-108.6275,18
39.2292,-106.3169,32
44.5483,-95.0803,87
29.7036,-98.0281,36
43.7300,-113.8300,7
33.8750,-84.3022,26
40.8217,-72.8689,43
42.5544,-92.4011,83
36.1189,-86.6892,42
39.1900,-120.2600,16
32.6847,-83.6528,26
42.4092,-83.0100,73
36.6239,-87.4194,37
48.5428,-109.7633,62
32.2622,-107.7206,30
39.7750,-105.1169,45
40.8203,-82.5178,79
44.2667,-71.2994,268
31.3711,-100.4922,37
35.6169,-106.0889,35
30.3208,-97.7603,20
40.0489,-107.8853,10
41.5944,-109.0528,62
35.5931,-88.9167,34
42.7611,-87.8136,67
41.5631,-83.4764,86
47.4444,-122.3139,26
46.0947,-118.2869,14
39.3450,-81.4392,35
32.3500,-91.0278,25
32.9733,-97.3181,31
27.5333,-99.4667,34
30.7797,-86.5225,22
38.6956,-121.5897,15
48.0944,-105.5744,85
33.9519,-117.4386,11
48.2553,-101.2733,125
41.4333,-99.6333,99
7.0833,171.3833,52
39.7194,-76.8028,31
38.8000,-97.6500,75
71.2833,-156.7814,81
31.3347,-92.5586,29
29.6381,-95.2819,33
45.0133,-84.7014,73
42.7461,-86.0967,89
40.1519,-122.2536,25
33.5656,-86.7450,26
27.9106,-82.6875,64
42.1128,-92.9175,107
37.3711,-118.3581,23
30.4781,-87.1869,38
29.1097,-95.4619,32
40.1203,-76.2944,51
39.4717,-76.1697,45
43.4075,-94.7461,115
44.6381,-90.1875,59
30.6794,-88.2397,31
32.7667,-97.4500,43
38.4167,-113.0167,25
46.4167,-86.6500,54
33.9381,-118.3889,13
47.9078,-122.2803,24
40.7794,-73.8803,64
32.7336,-117.1831,12
38.7642,-87.6056,68
45.8183,-88.1144,38
66.9161,-151.5089,20
37.7086,-113.0944,13
40.2064,-100.5914,64
39.3600,-106.0600,21
46.4267,-105.8825,82
35.8922,-78.7819,24
36.0167,-102.5500,76
38.1811,-85.7392,48
26.0719,-80.1536,57
40.6331,-93.9019,93
33.6800,-117.8664,14
41.5333,-71.2833,49
36.2500,-115.6300,16
28.4736,-82.4544,58
17.7028,-64.8056,39
48.5222,-123.0231,20
40.6161,-83.0636,74
38.8853,-79.8528,22
39.4019,-77.9844,40
42.4167,-87.8667,72
70.6392,-159.9950,80
29.1828,-81.0483,64
43.1406,-89.3453,58
37.2958,-81.2078,35
32.3336,-104.2581,30
25.7906,-80.3164,48
26.9172,-81.9914,61
32.8342,-115.5786,9
31.9514,-85.1289,19
34.7442,-87.5997,25
33.4669,-82.0386,28
39.1667,-76.6833,42
35.9333,-79.0642,16
45.1947,-123.1339,7
18.3331,-64.9667,38
41.8678,-84.0794,65
44.3675,-71.5450,12
41.1078,-92.4467,87
36.1625,-97.0894,49
47.9375,-124.5550,24
34.6242,-106.3103,0
41.1214,-100.6694,61
24.5550,-81.7522,62
43.7700,-88.4864,68
39.2900,-117.1100,8
46.0261,-91.4442,40
28.8614,-96.9303,33
45.5433,-94.0514,73
28.9844,-95.3808,58
41.5175,-81.6836,87
40.4719,-81.4236,38
24.5833,-81.6833,72
40.6508,-75.4492,41
41.5092,-74.2650,46
32.8519,-96.8556,38
36.8167,-76.0333,57
18.2550,-65.6408,34
38.8100,-104.6883,57
34.1853,-79.7239,37
41.2433,-76.9217,44
25.9069,-80.2803,57
47.0492,-109.4578,72
36.7683,-96.0261,29
31.4156,-87.0442,20
42.3075,-85.2511,84
43.5331,-84.0797,79
36.9878,-120.1106,10
41.1389,-75.3794,58
38.7550,-109.7542,12
40.2383,-75.5572,26
35.5144,-108.7939,9
33.9706,-80.9958,15
34.2167,-119.0833,17
48.2138,-106.6213,102
48.1203,-123.4983,19
35.2236,-80.9553,25
26.1522,-81.7753,57
44.5169,-108.0822,52
38.6572,-90.6558,43
47.9742,-117.4283,41
39.3756,-99.8297,68
38.8983,-119.9947,7
31.9433,-102.1889,35
34.2900,-93.0600,27
32.8167,-115.6833,17
28.0622,-81.7542,66
44.8428,-117.8086,6
39.7556,-82.6572,43
30.4000,-81.4167,62
35.2578,-93.0947,16
18.4325,-66.0108,31
34.6439,-86.7861,30
31.6072,-110.4281,36
37.2622,-104.3378,48
40.2769,-74.8158,41
36.8600,-106.2300,353
42.0800,-80.1825,82
63.9944,-145.7214,149
47.3258,-106.9475,83
46.5486,-90.9189,47
55.5800,-133.0750,60
46.8706,-68.0172,30
32.8158,-117.1394,13
47.4933,-122.2144,16
30.1831,-97.6800,36
35.1822,-103.6031,47
40.8289,-115.7886,8
33.3644,-81.9633,30
39.4781,-88.2803,60
21.3167,-158.0667,16
43.3500,-73.6167,34
59.4556,-135.3239,110
30.9119,-102.9167,22
39.1258,-123.2008,2
37.7064,-112.1456,24
44.9047,-97.1494,113
45.5464,-100.4078,105
40.1667,-103.2167,81
43.1711,-86.2367,91
33.7792,-84.5214,22
60.7850,-148.8389,82
31.8606,-86.0122,27
45.0319,-102.0192,128
31.6189,-97.2283,40
35.5342,-97.6469,55
43.8789,-91.2528,75
13.4836,144.7961,43
40.1550,-103.1417,49
47.2675,-122.5761,14
34.8831,-82.2203,25
44.3981,-98.2231,119
47.6831,-117.3214,7
47.3078,-119.5153,35
39.1333,-86.6167,51
35.8550,-77.8931,31
42.4100,-121.6800,0
40.7833,-91.1253,80
35.0028,-105.6628,85
39.9181,-76.8742,36
67.7317,-164.5483,62
39.6428,-79.9164,31
30.6264,-88.0681,45
40.5175,-122.2986,9
36.6206,-116.0278,15
30.3975,-84.3289,36
42.8375,-103.0953,65
28.7247,-96.2536,48
46.0139,-102.6547,131
45.9647,-112.5006,16
46.2400,-117.3900,5
37.2353,-93.4003,60
38.3083,-75.1239,50
42.8914,-73.2469,19
38.0442,-87.5206,50
19.7192,-155.0531,29
30.5069,-86.9597,34
39.7075,-86.2803,72
37.1319,-76.4930,47
39.6728,-75.6008,50
39.7053,-105.6997,58
26.1839,-98.2539,43
44.7408,-85.5825,43
41.7361,-72.6506,41
38.3306,-96.1897,72
48.6033,-112.3753,78
43.4133,-124.2436,26
36.2967,-99.7689,77
34.2719,-83.8303,25
41.8706,-103.5931,74
43.8339,-111.8045,21
39.8344,-88.8656,75
39.8328,-104.6575,59
42.2706,-71.8731,66
37.6928,-121.8144,9
42.1928,-89.0931,74
44.2100,-110.6700,14
37.0683,-88.7719,39
39.5936,-84.2264,60
44.0433,-103.0536,142
41.2003,-74.6231,30
33.4964,-90.0867,19
41.4131,-81.8600,74
37.1467,-94.5022,57
32.6261,-116.4681,18
36.1994,-95.8872,50
47.6428,-115.9172,0
39.1033,-84.4189,57
57.1553,-170.2222,86
45.0800,-117.5500,4
40.6675,-89.6839,76
46.8369,-92.2097,67
40.1764,-80.6472,54
30.7044,-87.0231,32
37.6544,-97.4425,67
37.7081,-77.4344,31
32.7817,-98.0603,35
44.7900,-116.0900,2
39.4900,-121.6183,12
46.9258,-98.6692,115
31.5358,-82.5067,29
34.9000,-76.8833,51
42.8050,-72.0036,33
41.7219,-71.4325,49
35.0564,-89.9864,35
35.3331,-94.3625,22
41.3931,-70.6150,57
44.4983,-88.1111,60
36.6636,-121.6081,22
39.3667,-75.0667,47
55.0389,-131.5786,14
37.0872,-84.0769,31
34.0158,-118.4514,12
29.9506,-94.0206,32
31.3928,-92.2956,18
41.5097,-72.8278,27
42.5906,-117.8644,11
32.4833,-80.7167,48
41.6875,-69.9933,42
27.6531,-80.2428,64
43.1544,-93.3269,113
37.6242,-120.9506,11
34.7000,-77.3833,43
38.1386,-78.4530,43
41.9950,-87.9336,79
7.3333,134.4833,14
26.2281,-97.6542,64
29.3783,-100.9269,30
35.9403,-89.8308,50
33.8117,-118.1464,14
38.4000,-119.5400,8
34.4978,-82.7097,17
39.5781,-85.8033,71
46.1442,-115.5964,9
40.5100,-101.6200,72
70.1917,-148.4772,57
44.1708,-114.9272,8
41.3119,-105.6747,47
43.2781,-70.9222,24
42.4819,-114.4869,15
30.3489,-85.7881,36
59.4433,-151.7017,9
32.5156,-92.0406,30
33.2367,-107.2681,17
32.6808,-96.8681,33
30.3433,-89.8222,28
37.7608,-99.9683,82
42.7803,-84.5789,84
40.6239,-74.6694,25
31.8456,-86.6108,25
32.7100,-96.2672,33
42.5417,-113.7661,11
35.0678,-77.0481,36
38.0494,-103.5122,42
30.8356,-85.1839,36
44.0206,-117.0128,13
38.2900,-104.4983,46
55.3567,-131.7117,9
59.2433,-135.5094,53
41.0375,-81.4642,61
29.9933,-90.2511,45
36.9358,-121.7886,10
39.3644,-84.5247,36
38.5911,-92.1558,51
47.0339,-120.5303,5
45.8258,-119.2611,11
47.4667,-87.8833,64
30.7406,-98.2353,26
31.4583,-109.6061,29
36.7436,-108.2292,25
48.7939,-122.5372,2
38.9597,-94.3714,69
39.5514,-97.6508,80
34.3622,-98.9761,55
61.1000,-149.6936,49
39.2231,-106.8683,24
15.1167,145.7167,44
47.2078,-119.3192,35
40.8097,-124.1603,10
41.6236,-98.9517,86
39.8683,-75.2311,57
38.2281,-85.6636,42
41.1014,-102.9847,84
46.1236,-67.7928,34
40.7083,-84.0267,76
40.8500,-74.0614,51
44.3744,-70.3164,36
38.5000,-77.3000,43
34.8536,-116.7858,24
32.8978,-97.0189,44
39.1894,-103.7158,59
36.6950,-76.1356,33
33.1281,-117.2794,11
44.4911,-71.5725,0
31.1500,-92.9667,13
35.4111,-80.5833,0
29.6333,-83.1053,46
47.8306,-110.6608,36
42.9203,-112.5711,14
35.9200,-106.3900,2
43.7694,-87.8506,71
43.6497,-70.3003,30
36.5881,-121.8453,14
30.5108,-99.7664,21
48.7200,-116.4600,8
47.3000,-121.6000,30
31.1828,-90.4708,23
41.7781,-80.6958,69
32.5500,-88.5667,17
34.5467,-93.5781,9
37.6703,-95.4842,63
35.9508,-85.0814,28
35.2578,-113.9331,19
45.6478,-68.6925,30
34.7336,-76.6606,48
28.5453,-81.3331,64
43.1561,-90.6775,49
41.4000,-107.2600,12
26.5850,-81.8614,61
41.7419,-72.1836,31
56.6000,-169.5650,99
38.7667,-104.3000,56
39.3903,-94.5553,31
41.9922,-93.6217,91
43.1111,-76.1039,54
35.7425,-81.3819,25
34.7436,-118.7242,44
33.3075,-104.5083,36
34.8994,-120.4486,13
42.6003,-123.3642,32
33.8281,-116.5053,21
48.7167,-94.6000,61
41.5339,-93.6531,91
42.3811,-122.8722,5
40.4953,-107.5211,7
47.4733,-111.3822,48
39.4839,-119.7711,2
46.9733,-122.9033,21
38.5714,-90.1572,41
47.3864,-92.8389,58
45.8678,-95.3942,85
42.2228,-83.7444,66
42.1244,-86.4267,77
37.3208,-79.2067,30
41.9856,-97.4353,107
39.2775,-120.7103,11
46.5683,-120.5428,16
43.9636,-69.7117,15
35.6575,-109.0614,7
43.3906,-99.8422,120
35.1350,-90.2344,40
35.4319,-82.5375,50
30.7439,-95.5861,23
36.1900,-105.5600,7
39.0083,-95.2117,71
34.7675,-114.6189,20
39.8250,-86.2958,49
44.6500,-73.4667,34
55.2208,-162.7325,35
34.2097,-118.4892,11
41.4914,-120.5644,5
30.3567,-95.4139,25
33.4617,-80.8581,32
44.8831,-93.2289,69
47.9428,-97.1839,81
38.8317,-94.8897,71
38.8483,-77.0342,51
31.2819,-89.2531,25
43.6264,-72.3047,25
34.6719,-82.8864,12
44.9050,-123.0011,10
32.5161,-84.9422,27
41.3714,-73.4828,42
36.9647,-86.4239,40
58.3567,-134.5639,4
29.6919,-82.2756,56
39.1208,-94.5969,61
26.1658,-97.3458,81
38.0408,-84.6058,51
36.9261,-111.4478,6
29.2733,-94.8592,47
39.5264,-107.7264,11
35.8311,-90.6464,45
41.9144,-88.2464,85
41.8756,-71.0211,32
46.4047,-94.1308,66
42.3978,-90.7036,89
-14.3306,-170.7136,16
27.4014,-82.5586,57
37.5908,-83.3131,17
34.1167,-119.1167,25
35.2100,-99.1200,72
33.4825,-90.9853,32
35.6567,-95.3614,38
44.8322,-93.4706,72
34.9914,-78.8803,35
35.2325,-75.6219,38
45.5644,-84.7928,53
61.1689,-150.0278,30
47.7472,-90.3444,33
29.9800,-95.3600,30
32.2997,-86.4075,24
34.7272,-92.2389,29
42.6650,-83.4181,60
36.2833,-94.3000,41
39.1342,-108.5400,17
33.5872,-85.8556,17
40.8300,-111.7600,14
30.4844,-81.7019,49
38.1847,-84.9033,43
43.2119,-90.1814,50
29.5622,-91.5256,20
40.9017,-117.8081,10
40.8250,-92.8925,85
33.8719,-117.9789,10
47.1686,-88.4889,61
40.0819,-75.0111,46
41.5886,-83.8014,68
36.0300,-106.8100,5
43.3497,-76.3847,51
40.8731,-81.8867,67
39.0431,-84.6717,51
25.9989,-80.2411,57
36.0700,-105.6300,4
36.7367,-97.1019,42
31.3500,-85.6667,32
39.4203,-83.8217,66
41.8056,-107.1997,68
38.0511,-117.0903,26
43.1167,-77.6767,76
34.7917,-79.3661,35
42.8975,-106.4636,40
48.5614,-93.3981,47
35.7047,-101.5492,107
32.1314,-110.9553,62
7.4500,151.8333,37
26.1969,-80.1708,52
36.6817,-101.5053,70
34.8461,-82.3461,30
45.6983,-110.4408,59
36.0236,-84.2375,17
41.7072,-86.3164,75
44.5761,-71.1786,12
30.7825,-83.2767,42
27.7628,-82.6261,84
33.6542,-101.8136,55
37.1681,-97.0369,60
40.1606,-113.3508,21
43.1953,-71.5011,33
30.2050,-91.9875,32
26.6847,-80.0994,66
31.0425,-86.3117,29
30.5372,-91.1469,26
43.1644,-95.2017,113
6.9667,158.2167,47
62.9614,-141.9292,0
42.3914,-96.3792,105
57.0481,-135.3647,36
42.9333,-71.4383,33
46.3583,-104.2500,106
45.8069,-108.5422,49
39.9492,-74.8417,35
41.7803,-124.2367,22
33.4536,-94.0075,23
47.6458,-101.4394,120
45.6044,-103.5464,149
30.5844,-97.4156,22
42.5700,-72.2911,34
60.4889,-145.4511,22
35.0281,-110.7208,13
20.8997,-156.4286,32
45.4622,-69.5953,28
40.9706,-85.2064,81
32.6636,-97.0939,38
33.9486,-81.1186,23
31.2361,-94.7544,26
42.4933,-79.2722,88
40.0781,-83.0781,58
40.1936,-76.7633,48
44.3592,-84.6739,60
31.3072,-95.4508,18
62.1592,-145.4589,2
66.8667,-162.6333,102
36.2667,-93.1567,38
57.7511,-152.4856,87
30.3503,-81.8831,45
40.9656,-105.2186,63
32.3347,-88.7442,25
42.5844,-110.1075,16
60.5797,-151.2392,86
46.2667,-119.1167,16
39.4167,-118.7167,13
42.4700,-71.2894,45
38.2103,-122.2847,20
33.9753,-117.6361,14
44.5228,-114.2150,6
37.4058,-122.0481,6
32.0311,-96.3989,33
40.6386,-73.7622,77
39.1353,-96.6778,57
62.9575,-155.6103,5
33.3633,-84.5658,23
41.6267,-73.8842,36
35.6875,-117.6931,11
34.5183,-109.3792,9
41.1783,-78.8989,59
46.6056,-111.9636,39
37.3169,-79.9742,35
42.0572,-102.8000,75
45.5406,-122.9486,6
38.6892,-75.3592,39
32.4106,-99.6822,44
28.4567,-99.2183,26
40.0972,-92.5433,67
41.3103,-95.8992,98
42.1208,-87.9047,64
38.9833,-76.4667,36
47.4569,-115.6450,30
34.6081,-79.0592,30
25.9156,-97.4186,59
42.8783,-100.5500,98
41.7700,-88.4814,85
38.9503,-95.6639,72
36.2606,-76.1750,51
32.8547,-109.6353,47
27.9619,-82.5403,56
36.9600,-106.6600,7
36.9500,-76.2833,50
36.1306,-80.5481,4
29.5442,-98.4839,34
32.4506,-93.8411,32
31.5883,-110.3442,25
21.3239,-157.9294,26
37.8892,-121.2258,13
41.4653,-90.5233,73
36.7900,-105.2400,4
40.7342,-73.4169,53
41.9381,-72.6825,48
36.7725,-90.3247,47
33.1803,-96.5903,34
43.5950,-118.9564,12
59.5119,-139.6711,20
39.7736,-94.9233,77
40.8600,-102.8031,31
33.4278,-112.0039,41
45.0619,-93.3508,64
34.7411,-118.2117,9
33.2208,-92.8142,22
32.3206,-90.0778,29
40.8206,-76.8642,31
33.9228,-118.3342,8
36.8781,-91.9025,38
30.1250,-93.2158,40
39.2447,-102.2842,80
34.0561,-117.6003,14
19.7356,-156.0489,18
45.4353,-67.7214,9
43.2389,-123.3547,3
29.3331,-89.4075,52
35.6950,-101.3950,61
47.3600,-121.5700,8
44.8889,-116.1017,3
42.1594,-76.8919,48
39.1019,-121.5678,15
41.3325,-122.3328,8
31.5356,-84.1944,30
42.7172,-71.1239,46
34.7500,-111.4100,4
40.0228,-82.4625,49
44.3814,-106.7211,116
43.9042,-92.4917,110
42.1908,-71.1736,43
44.2033,-72.5794,28
39.4300,-120.3100,4
42.7972,-105.3856,58
36.0000,-106.8300,4
66.0689,-162.7639,89
41.2731,-111.0306,36
29.5189,-95.2417,37
39.7078,-77.7297,51
45.6308,-89.4653,46
40.9167,-81.4333,69
35.9461,-112.1547,9
38.3406,-75.5103,48
47.6217,-117.5281,34
31.8111,-106.3758,11
41.3275,-72.0494,63
41.0669,-73.7075,45
41.7872,-111.8533,6
21.1544,-157.0961,21
47.2381,-123.1408,18
37.3592,-121.9239,6
38.7525,-90.3736,53
45.5114,-118.4247,1
42.4272,-73.2892,38
38.0700,-102.6881,48
43.9844,-88.5569,64
34.6525,-86.9453,31
32.8192,-97.3614,42
33.2194,-117.3494,11
40.5300,-106.7800,7
44.9319,-93.0556,68
40.3161,-78.8339,66
42.2314,-83.3308,80
35.6697,-120.6283,9
41.2544,-80.6739,60
38.1311,-91.7683,62
61.5961,-149.0917,38
38.0653,-97.8606,66
43.5667,-116.2406,12
64.5111,-165.4400,50
30.3361,-81.5147,58
35.0419,-106.6156,16
21.9839,-159.3405,28
41.0467,-78.4117,50
36.3100,-115.6800,0
40.6044,-98.4272,89
41.3336,-75.7269,43
42.5708,-77.7133,37
61.1781,-149.9664,31
32.7000,-117.2000,13
37.7836,-81.1231,32
28.1011,-80.6439,78
31.7800,-103.2017,30
39.8000,-106.0300,364
31.9206,-102.3867,34
25.6475,-80.4331,58
42.1997,-75.9850,49
39.9914,-82.8808,53
42.1578,-72.7161,41
32.3847,-94.7117,27
36.9900,-105.2600,4
36.9033,-76.1922,43
33.6186,-114.7142,10
40.3667,-75.9667,46
47.3978,-120.2014,9
47.6800,-121.6100,13
45.7881,-111.1608,27
27.7411,-98.0247,34
35.8517,-97.4142,43
32.1300,-81.2100,46
64.8039,-147.8761,7
40.3547,-79.9217,53
35.1967,-81.1558,21
35.0761,-89.7430,22
29.3600,-99.1742,35
36.4486,-103.1539,78
36.1300,-105.5300,5
27.5000,-97.8167,41
33.2061,-97.1989,39
43.7331,-103.6114,52
30.7167,-87.0167,25
38.8500,-94.7392,63
41.1961,-112.0114,13
40.3300,-75.1225,34
30.2333,-81.6667,89
41.3497,-71.7989,47
41.7861,-87.7522,77
44.7978,-68.8186,36
40.2172,-76.8514,45
27.6833,-97.2833,66
48.3042,-114.2636,51
33.6300,-84.4417,34
42.5842,-70.9175,53
30.4119,-89.0808,33
43.3436,-72.5178,16
44.0219,-82.7931,48
44.3206,-69.7972,29
36.4731,-82.4044,13
48.3500,-122.6667,21
40.2964,-78.3203,57
38.7042,-93.1833,70
33.9481,-83.3275,22
9.4833,138.0833,29
37.6197,-122.3647,4
70.2117,-151.0017,52
38.3775,-121.9575,8
33.6883,-112.0817,32
30.4000,-86.4717,33
34.5583,-98.4172,39
32.8667,-117.1333,18
36.5728,-79.3361,31
40.8508,-96.7475,92
37.2847,-120.5128,10
38.5039,-122.8103,4
40.9611,-98.3136,106
43.7667,-98.0333,111
31.4000,-93.2833,18
45.6906,-118.8528,14
45.6208,-122.6572,13
37.7797,-89.2497,65
34.3478,-85.1611,29
48.1739,-103.6367,105
43.2339,-75.4117,28
37.9406,-75.4631,52
44.9258,-89.6256,46
44.3800,-116.3400,4
39.6092,-110.7547,11
32.8986,-80.0403,47
30.4636,-88.5319,33
39.3100,-111.4300,38
42.3606,-71.0106,64
46.4794,-84.3572,49
29.6222,-95.6564,29
42.9600,-121.1800,6
39.2956,-80.2289,35
28.0836,-97.0464,53
42.2347,-85.5519,74
35.6542,-105.1419,42
39.2972,-94.7306,74
36.0719,-115.1633,31
45.5908,-122.6003,32
46.9006,-95.0678,73
36.1336,-80.2222,29
28.7797,-81.2436,55
35.7800,-105.5400,2
43.1072,-78.9453,96
40.7781,-111.9694,13
41.7636,-96.1778,114
34.1231,-84.8486,25
36.3689,-92.4703,29
38.5069,-121.4950,7
44.8664,-91.4878,51
43.5878,-96.7289,111
24.7258,-81.0517,70
39.2953,-114.8467,36
42.7267,-114.4564,16
39.4494,-74.5672,51
45.2575,-112.5545,62
46.3747,-117.0156,13
39.9061,-84.2186,68
38.1417,-76.4292,51
44.5444,-110.4211,5
34.2486,-82.1592,18
40.7939,-73.1017,53
35.0311,-85.2014,34
41.8031,-78.6403,43
59.6419,-151.4908,49
41.0136,-83.6686,80
46.9728,-123.9303,64
44.9358,-74.8458,47
35.8181,-83.9858,32
31.1522,-81.3908,57
36.0467,-79.4769,26
