43.8544,-116.4664,128
43.9794,-117.0247,111
40.1100,-87.9567,67
41.1453,-85.4897,22
33.8083,-79.8567,167
47.0575,-109.9514,117
33.2564,-81.2422,139
34.1944,-79.2472,156
41.8161,-80.4250,61
40.4750,-86.9919,61
32.7547,-104.3836,139
34.2183,-81.0731,206
42.7831,-71.4147,67
37.1317,-86.1481,144
37.8194,-85.3847,167
42.1397,-87.7853,72
44.4933,-68.4583,56
40.4719,-74.4364,94
62.1925,-150.5033,11
37.0683,-88.7725,161
46.8706,-68.0172,22
38.4558,-86.6983,100
40.2233,-86.1086,111
44.9847,-93.1772,56
34.4719,-81.8839,150
35.6214,-88.8456,167
32.3500,-94.6500,211
37.9311,-98.0297,139
40.0739,-87.5067,89
39.4833,-83.8500,67
42.2947,-83.7108,67
34.7289,-80.0389,178
37.1244,-87.8672,78
38.4661,-101.7758,133
39.4708,-87.4081,100
27.7792,-97.5056,233
38.7003,-82.4736,167
39.4700,-80.8572,94
38.7386,-87.4878,111
28.7156,-97.1742,217
41.0267,-86.5867,72
42.6006,-114.7453,89
35.6042,-91.2744,172
45.0853,-67.1203,6
34.6603,-82.8236,161
38.8894,-86.5519,117
64.9156,-148.2711,6
42.3806,-96.9575,111
32.2822,-106.7597,200
41.4439,-86.9294,56
40.7928,-87.7556,22
33.7775,-81.8467,167
40.9361,-90.7197,83
36.1306,-80.5481,139
32.5133,-92.3486,194
40.2539,-85.1483,83
32.9206,-86.6708,200
46.3414,-86.9242,6
38.3139,-81.7186,122
28.8608,-97.0181,267
40.8142,-85.1547,39
37.9931,-100.8122,128
37.1167,-84.6167,117
20.7583,-156.3211,189
