18.1747,-66.7978,35
40.7264,-122.7947,61
38.8586,-99.3358,245
43.8544,-116.4664,24
36.9969,-119.7072,106
40.7142,-122.4161,56
36.4711,-86.8414,93
36.1056,-82.8436,43
42.9592,-120.7897,108
39.0303,-76.9314,130
40.6117,-122.5281,2
31.6164,-94.6431,68
34.1864,-90.5572,98
43.8083,-111.7892,229
34.5822,-119.9817,72
40.1739,-101.0611,97
31.8769,-105.2369,129
45.7206,-118.6264,77
40.5764,-105.0858,40
36.4622,-116.8669,1255
34.5697,-93.1947,29
30.8408,-89.5453,0
39.0172,-92.7558,116
37.5147,-122.0325,330
32.8964,-107.3078,179
33.7542,-99.1442,303
35.1131,-89.2122,58
34.7281,-90.3683,92
30.7931,-94.1819,77
38.4917,-122.1242,82
47.7283,-104.1467,108
33.7092,-93.5564,0
45.9228,-108.2444,126
39.1172,-95.4097,235
35.1297,-89.8036,51
39.2475,-96.5994,124
30.0689,-94.2928,193
40.2233,-86.1086,37
18.0331,-67.0722,114
40.1550,-103.1417,171
18.2583,-65.9922,3
35.6214,-88.8456,126
35.8819,-83.9572,29
38.4661,-101.7758,114
34.6033,-104.3811,340
34.9881,-120.3211,87
31.3706,-100.4942,121
26.8400,-81.0872,164
41.9342,-88.7756,185
41.0267,-86.5867,50
42.1231,-111.3133,126
37.3822,-102.2986,187
35.4139,-86.8086,90
37.7617,-117.5658,245
32.8242,-95.5275,143
43.5492,-71.4647,177
36.0147,-85.1314,69
30.2003,-92.6642,60
39.9614,-86.0586,5
46.6722,-120.4994,68
38.4931,-122.0047,137
42.3806,-96.9575,16
32.8522,-95.8864,127
45.6911,-118.8522,98
32.2822,-106.7597,122
34.5989,-103.2161,447
35.2006,-103.6867,412
33.0642,-101.0489,280
41.4439,-86.9294,164
33.1481,-95.6269,0
34.1647,-88.7239,108
36.5508,-114.4581,114
33.1461,-107.1842,158
39.3925,-101.0689,122
44.8831,-85.6753,121
40.2539,-85.1483,79
26.5581,-99.1372,71
35.0489,-97.9158,233
25.8175,-80.2858,76
34.0828,-106.8831,64
44.3089,-85.2050,80
38.0047,-120.4864,64
30.7053,-104.0233,161
36.6897,-108.3086,90
32.4219,-93.6381,129
37.9931,-100.8122,180
29.6211,-96.3661,106
34.1381,-88.9983,105
32.9203,-94.7225,97
