32.5667,-117.1167,134
40.2342,-85.3936,148
30.0494,-90.0289,228
43.9906,-70.9475,107
45.6194,-121.1661,148
35.2333,-101.7089,139
34.2622,-88.7714,116
32.3367,-90.2214,170
32.6500,-114.6167,174
37.1431,-107.7597,116
37.4389,-105.8614,148
30.0481,-102.2131,130
34.2675,-77.8997,112
45.2486,-122.7686,134
46.7708,-100.7603,103
34.2008,-119.2069,174
35.2372,-120.6414,134
28.8208,-81.8097,112
43.0661,-108.4767,125
60.7850,-161.8292,94
64.7767,-141.1483,85
41.6117,-90.5808,210
37.2253,-89.5706,143
38.8169,-92.2183,130
27.4981,-80.3767,89
40.4122,-86.9369,148
38.9286,-90.4281,121
34.8822,-95.7831,116
35.0169,-80.6206,103
38.3000,-76.4167,76
36.2117,-115.1958,210
41.3461,-82.1794,98
40.9781,-124.1086,81
46.7994,-102.7972,107
37.7461,-97.2211,139
41.7806,-122.4717,112
33.0375,-116.9158,170
42.8153,-108.7261,107
34.9883,-117.8647,246
32.5722,-116.9794,139
36.0097,-94.1694,134
42.5950,-87.9381,112
39.6014,-116.0056,157
47.2856,-68.3133,98
34.1750,-91.9347,130
43.0206,-102.5183,143
39.7333,-77.4333,54
44.4683,-73.1500,89
41.8833,-91.7167,179
39.8233,-93.5792,107
43.5164,-112.0672,139
36.0394,-95.9844,107
29.7333,-85.0333,134
34.4258,-119.8425,179
43.9922,-76.0217,89
41.6764,-70.9583,107
44.1278,-123.2206,81
42.2333,-83.5333,121
31.3214,-85.4497,264
38.3794,-81.5900,81
46.9208,-114.0925,116
36.7414,-104.5022,143
41.2531,-70.0608,125
44.2558,-121.1392,143
41.5272,-85.7922,134
31.3558,-85.7511,228
44.3592,-89.8369,130
37.3278,-95.5042,139
41.6264,-80.2150,94
60.1283,-149.4167,125
43.9658,-107.9508,89
42.2667,-84.4667,89
35.1442,-111.6664,174
61.2169,-149.8550,72
40.0397,-88.2778,157
64.5500,-149.0717,76
26.2500,-80.1083,107
36.9839,-77.0075,49
48.4608,-119.5167,98
40.0681,-118.5692,152
21.4500,-157.7833,107
38.8761,-98.8092,121
30.0675,-95.5561,170
44.3394,-105.5419,121
32.7800,-79.9319,130
41.0089,-74.7367,81
34.0511,-118.2353,112
37.9272,-100.7247,143
39.3792,-74.4242,112
26.5361,-81.7550,125
39.8447,-89.6839,143
37.2839,-98.5528,112
39.5703,-104.8489,134
64.3267,-158.7417,72
40.4847,-80.2144,85
30.5892,-96.3647,81
44.7694,-106.9689,139
44.0511,-101.6011,98
40.7789,-73.9692,98
44.5344,-72.6144,94
34.9894,-99.0525,130
35.3889,-97.6006,98
35.4344,-119.0542,121
33.9786,-98.4928,103
39.0725,-95.6261,116
36.3189,-119.6289,89
40.6825,-74.1694,107
40.0803,-95.5919,116
27.7839,-97.5108,130
41.9097,-70.7294,107
46.7439,-117.1086,103
42.9486,-78.7369,98
37.9917,-122.0550,112
42.6958,-73.1708,107
29.3389,-98.4719,143
42.6425,-77.0564,81
42.7431,-73.8092,121
42.0647,-104.1528,134
28.4339,-81.3250,103
44.3814,-100.2856,112
41.1519,-104.8061,130
44.3853,-74.2067,85
33.6267,-116.1594,161
37.6542,-122.1150,148
40.4422,-109.5144,143
34.0500,-94.4008,112
41.6686,-70.2800,112
38.3650,-82.5550,107
33.6228,-111.9106,161
41.1583,-73.1289,107
33.6361,-91.7556,116
59.7494,-154.9089,107
39.4519,-87.3089,116
36.7800,-119.7194,112
37.0911,-95.5664,139
30.0375,-91.8839,170
42.9550,-87.9044,130
42.1469,-121.7242,130
32.3542,-95.4025,94
39.9369,-91.1919,125
41.4525,-87.0058,157
37.7214,-122.2208,139
42.9667,-83.7494,116
37.2833,-102.6139,134
45.7728,-122.8611,81
40.8764,-74.2831,98
34.6517,-112.4208,143
36.0969,-79.9433,72
33.8117,-78.7239,107
33.1783,-86.7817,89
37.5050,-77.3203,94
45.0717,-83.5644,98
45.6689,-96.9914,103
38.9408,-77.4636,67
42.8939,-85.5447,116
42.5519,-71.7558,134
32.5428,-93.7450,116
41.2639,-72.8872,89
34.2006,-118.3575,76
58.6794,-156.6294,165
62.3200,-150.0950,76
47.5303,-122.3008,89
38.5050,-107.8975,143
45.4558,-98.4131,103
45.5511,-122.4089,89
42.1094,-77.9919,76
41.6328,-91.5431,157
33.2119,-87.6161,134
46.9253,-96.8111,103
46.1569,-123.8825,89
34.9869,-81.0575,67
40.8436,-72.6322,130
41.0731,-71.9233,98
41.3375,-84.4289,103
39.3669,-101.7000,125
36.3333,-119.9500,107
39.9444,-81.8922,94
33.4050,-118.4158,192
34.6294,-118.0836,210
34.4272,-100.2831,130
31.4208,-110.8458,152
37.3031,-108.6275,143
39.2292,-106.3169,143
44.5483,-95.0803,116
29.7036,-98.0281,130
33.8750,-84.3022,112
40.8217,-72.8689,130
42.5544,-92.4011,152
36.1189,-86.6892,143
32.6847,-83.6528,165
42.4092,-83.0100,98
36.6239,-87.4194,165
48.5428,-109.7633,130
32.2622,-107.7206,152
40.8203,-82.5178,103
44.2667,-71.2994,362
31.3711,-100.4922,139
35.6169,-106.0889,130
30.3208,-97.7603,89
40.0489,-107.8853,139
41.5944,-109.0528,143
35.5931,-88.9167,161
42.7611,-87.8136,134
41.5631,-83.4764,116
47.4444,-122.3139,81
46.0947,-118.2869,98
39.3450,-81.4392,94
32.3500,-91.0278,130
32.9733,-97.3181,121
27.5333,-99.4667,103
30.7797,-86.5225,188
38.6956,-121.5897,94
48.0944,-105.5744,139
33.9519,-117.4386,130
48.2553,-101.2733,112
41.4333,-99.6333,125
38.8000,-97.6500,125
71.2833,-156.7814,76
31.3347,-92.5586,107
29.6381,-95.2819,192
45.0133,-84.7014,94
42.7461,-86.0967,103
40.1519,-122.2536,107
33.5656,-86.7450,157
27.9106,-82.6875,112
42.1128,-92.9175,165
37.3711,-118.3581,197
30.4781,-87.1869,273
29.1097,-95.4619,201
40.1203,-76.2944,76
43.4075,-94.7461,170
44.6381,-90.1875,116
30.6794,-88.2397,215
32.7667,-97.4500,98
38.4167,-113.0167,165
46.4167,-86.6500,98
33.9381,-118.3889,157
47.9078,-122.2803,63
40.7794,-73.8803,112
32.7336,-117.1831,125
38.7642,-87.6056,130
45.8183,-88.1144,107
66.9161,-151.5089,72
37.7086,-113.0944,179
40.2064,-100.5914,134
46.4267,-105.8825,143
35.8922,-78.7819,67
36.0167,-102.5500,103
38.1811,-85.7392,94
26.0719,-80.1536,116
40.6331,-93.9019,121
33.6800,-117.8664,125
41.5333,-71.2833,94
28.4736,-82.4544,121
17.7028,-64.8056,81
48.5222,-123.0231,54
40.6161,-83.0636,103
38.8853,-79.8528,98
39.4019,-77.9844,58
42.4167,-87.8667,121
70.6392,-159.9950,72
29.1828,-81.0483,103
43.1406,-89.3453,130
37.2958,-81.2078,112
32.3336,-104.2581,170
25.7906,-80.3164,130
26.9172,-81.9914,107
32.8342,-115.5786,188
31.9514,-85.1289,94
34.7442,-87.5997,107
33.4669,-82.0386,107
39.1667,-76.6833,76
35.9333,-79.0642,67
45.1947,-123.1339,89
18.3331,-64.9667,103
41.8678,-84.0794,107
44.3675,-71.5450,76
41.1078,-92.4467,157
36.1625,-97.0894,116
47.9375,-124.5550,85
41.1214,-100.6694,116
24.5550,-81.7522,67
43.7700,-88.4864,121
46.0261,-91.4442,125
28.8614,-96.9303,134
45.5433,-94.0514,112
41.5175,-81.6836,139
40.4719,-81.4236,72
24.5833,-81.6833,76
40.6508,-75.4492,94
41.5092,-74.2650,103
32.8519,-96.8556,121
36.8167,-76.0333,89
18.2550,-65.6408,107
38.8100,-104.6883,170
34.1853,-79.7239,76
41.2433,-76.9217,89
25.9069,-80.2803,103
47.0492,-109.4578,94
36.7683,-96.0261,112
31.4156,-87.0442,125
42.3075,-85.2511,94
43.5331,-84.0797,134
36.9878,-120.1106,125
41.1389,-75.3794,116
38.7550,-109.7542,201
40.2383,-75.5572,76
35.5144,-108.7939,165
33.9706,-80.9958,85
34.2167,-119.0833,174
48.2138,-106.6213,157
48.1203,-123.4983,107
35.2236,-80.9553,94
26.1522,-81.7753,98
44.5169,-108.0822,139
38.6572,-90.6558,103
47.9742,-117.4283,121
39.3756,-99.8297,121
38.8983,-119.9947,103
31.9433,-102.1889,161
34.2900,-93.0600,116
32.8167,-115.6833,228
28.0622,-81.7542,112
44.8428,-117.8086,161
39.7556,-82.6572,116
30.4000,-81.4167,143
35.2578,-93.0947,112
18.4325,-66.0108,94
34.6439,-86.7861,112
31.6072,-110.4281,210
37.2622,-104.3378,157
40.2769,-74.8158,94
42.0800,-80.1825,116
63.9944,-145.7214,121
47.3258,-106.9475,121
46.5486,-90.9189,134
55.5800,-133.0750,121
46.8706,-68.0172,89
32.8158,-117.1394,130
47.4933,-122.2144,67
30.1831,-97.6800,94
35.1822,-103.6031,183
40.8289,-115.7886,116
33.3644,-81.9633,121
39.4781,-88.2803,139
21.3167,-158.0667,98
43.3500,-73.6167,121
59.4556,-135.3239,67
30.9119,-102.9167,125
39.1258,-123.2008,112
37.7064,-112.1456,134
44.9047,-97.1494,139
45.5464,-100.4078,130
40.1667,-103.2167,161
43.1711,-86.2367,112
33.7792,-84.5214,112
60.7850,-148.8389,85
31.8606,-86.0122,165
45.0319,-102.0192,94
31.6189,-97.2283,98
35.5342,-97.6469,130
43.8789,-91.2528,112
13.4836,144.7961,103
47.2675,-122.5761,98
34.8831,-82.2203,72
44.3981,-98.2231,152
31.8311,-104.8089,259
47.6831,-117.3214,94
47.3078,-119.5153,121
39.1333,-86.6167,103
35.8550,-77.8931,72
40.7833,-91.1253,143
35.0028,-105.6628,188
39.9181,-76.8742,58
67.7317,-164.5483,89
39.6428,-79.9164,67
30.6264,-88.0681,197
40.5175,-122.2986,76
36.6206,-116.0278,192
30.3975,-84.3289,116
42.8375,-103.0953,206
28.7247,-96.2536,148
46.0139,-102.6547,98
45.9647,-112.5006,85
37.2353,-93.4003,161
38.3083,-75.1239,81
42.8914,-73.2469,103
38.0442,-87.5206,112
19.7192,-155.0531,121
30.5069,-86.9597,210
39.7075,-86.2803,130
37.1319,-76.4930,85
39.6728,-75.6008,85
26.1839,-98.2539,116
44.7408,-85.5825,107
41.7361,-72.6506,107
38.3306,-96.1897,134
22.0333,-159.7833,121
48.6033,-112.3753,143
43.4133,-124.2436,72
36.2967,-99.7689,121
34.2719,-83.8303,94
41.8706,-103.5931,143
43.8339,-111.8045,94
39.8344,-88.8656,143
39.8328,-104.6575,161
42.2706,-71.8731,116
37.6928,-121.8144,94
42.1928,-89.0931,148
37.0683,-88.7719,143
39.5936,-84.2264,130
44.0433,-103.0536,125
41.2003,-74.6231,85
33.4964,-90.0867,116
41.4131,-81.8600,116
37.1467,-94.5022,165
32.6261,-116.4681,170
36.1994,-95.8872,139
39.1033,-84.4189,116
57.1553,-170.2222,179
40.6675,-89.6839,139
46.8369,-92.2097,116
40.1764,-80.6472,85
30.7044,-87.0231,210
37.6544,-97.4425,134
37.7081,-77.4344,45
32.7817,-98.0603,116
39.4900,-121.6183,89
46.9258,-98.6692,85
31.5358,-82.5067,161
34.9000,-76.8833,103
42.8050,-72.0036,130
41.7219,-71.4325,112
35.0564,-89.9864,157
35.3331,-94.3625,112
41.3931,-70.6150,121
44.4983,-88.1111,125
36.6636,-121.6081,125
39.3667,-75.0667,89
55.0389,-131.5786,103
37.0872,-84.0769,130
34.0158,-118.4514,152
29.9506,-94.0206,179
31.3928,-92.2956,107
41.5097,-72.8278,116
42.5906,-117.8644,161
32.4833,-80.7167,143
41.6875,-69.9933,94
27.6531,-80.2428,89
43.1544,-93.3269,139
37.6242,-120.9506,121
34.7000,-77.3833,134
38.1386,-78.4530,54
41.9950,-87.9336,125
7.3333,134.4833,88
26.2281,-97.6542,98
29.3783,-100.9269,89
35.9403,-89.8308,152
33.8117,-118.1464,139
34.4978,-82.7097,89
39.5781,-85.8033,148
46.1442,-115.5964,81
40.5100,-101.6200,130
70.1917,-148.4772,76
44.1708,-114.9272,116
41.3119,-105.6747,130
43.2781,-70.9222,161
42.4819,-114.4869,134
30.3489,-85.7881,139
59.4433,-151.7017,85
32.5156,-92.0406,112
33.2367,-107.2681,148
32.6808,-96.8681,107
30.3433,-89.8222,130
37.7608,-99.9683,121
42.7803,-84.5789,107
40.6239,-74.6694,81
31.8456,-86.6108,183
32.7100,-96.2672,98
42.5417,-113.7661,121
35.0678,-77.0481,94
38.0494,-103.5122,134
30.8356,-85.1839,179
44.0206,-117.0128,143
38.2900,-104.4983,139
55.3567,-131.7117,116
59.2433,-135.5094,63
41.0375,-81.4642,89
29.9933,-90.2511,188
36.9358,-121.7886,148
39.3644,-84.5247,103
38.5911,-92.1558,143
47.0339,-120.5303,188
45.8258,-119.2611,103
47.4667,-87.8833,58
30.7406,-98.2353,107
31.4583,-109.6061,188
36.7436,-108.2292,121
48.7939,-122.5372,67
38.9597,-94.3714,103
39.5514,-97.6508,161
34.3622,-98.9761,98
39.2231,-106.8683,103
15.1167,145.7167,143
47.2078,-119.3192,130
40.8097,-124.1603,72
41.6236,-98.9517,121
39.8683,-75.2311,94
38.2281,-85.6636,103
41.1014,-102.9847,174
46.1236,-67.7928,81
40.7083,-84.0267,130
40.8500,-74.0614,107
38.5000,-77.3000,76
34.8536,-116.7858,255
32.8978,-97.0189,139
39.1894,-103.7158,130
36.6950,-76.1356,98
33.1281,-117.2794,125
31.1500,-92.9667,76
29.6333,-83.1053,125
42.9203,-112.5711,152
43.7694,-87.8506,143
43.6497,-70.3003,121
36.5881,-121.8453,134
30.5108,-99.7664,125
31.1828,-90.4708,107
41.7781,-80.6958,85
32.5500,-88.5667,148
34.5467,-93.5781,85
37.6703,-95.4842,148
35.9508,-85.0814,148
35.2578,-113.9331,179
45.6478,-68.6925,85
34.7336,-76.6606,165
28.5453,-81.3331,107
43.1561,-90.6775,116
26.5850,-81.8614,121
41.7419,-72.1836,121
56.6000,-169.5650,188
38.7667,-104.3000,165
41.9922,-93.6217,134
43.1111,-76.1039,107
35.7425,-81.3819,63
34.7436,-118.7242,165
33.3075,-104.5083,134
34.8994,-120.4486,139
42.6003,-123.3642,67
33.8281,-116.5053,165
48.7167,-94.6000,98
41.5339,-93.6531,152
42.3811,-122.8722,107
40.4953,-107.5211,130
47.4733,-111.3822,103
39.4839,-119.7711,130
46.9733,-122.9033,98
38.5714,-90.1572,107
47.3864,-92.8389,98
45.8678,-95.3942,112
42.2228,-83.7444,94
42.1244,-86.4267,121
37.3208,-79.2067,85
41.9856,-97.4353,112
39.2775,-120.7103,72
46.5683,-120.5428,121
35.6575,-109.0614,174
43.3906,-99.8422,103
35.1350,-90.2344,139
35.4319,-82.5375,130
30.7439,-95.5861,94
39.0083,-95.2117,121
34.7675,-114.6189,201
39.8250,-86.2958,116
44.6500,-73.4667,89
55.2208,-162.7325,148
34.2097,-118.4892,179
41.4914,-120.5644,139
30.3567,-95.4139,94
33.4617,-80.8581,116
44.8831,-93.2289,121
47.9428,-97.1839,103
38.8317,-94.8897,121
38.8483,-77.0342,81
31.2819,-89.2531,134
43.6264,-72.3047,116
34.6719,-82.8864,49
44.9050,-123.0011,85
32.5161,-84.9422,143
41.3714,-73.4828,103
36.9647,-86.4239,157
58.3567,-134.5639,94
29.6919,-82.2756,134
39.1208,-94.5969,112
26.1658,-97.3458,125
38.0408,-84.6058,125
36.9261,-111.4478,134
29.2733,-94.8592,192
39.5264,-107.7264,197
35.8311,-90.6464,179
41.9144,-88.2464,134
41.8756,-71.0211,112
46.4047,-94.1308,98
42.3978,-90.7036,170
33.3000,-117.3500,107
27.4014,-82.5586,107
37.5908,-83.3131,67
35.2100,-99.1200,103
33.4825,-90.9853,112
35.6567,-95.3614,107
44.8322,-93.4706,121
34.9914,-78.8803,76
35.2325,-75.6219,89
45.5644,-84.7928,116
61.1689,-150.0278,103
47.7472,-90.3444,103
29.9800,-95.3600,139
32.2997,-86.4075,134
34.7272,-92.2389,116
42.6650,-83.4181,98
36.2833,-94.3000,134
39.1342,-108.5400,134
33.5872,-85.8556,125
30.4844,-81.7019,134
38.1847,-84.9033,89
43.2119,-90.1814,134
29.5622,-91.5256,152
40.9017,-117.8081,112
33.8719,-117.9789,116
47.1686,-88.4889,98
40.0819,-75.0111,98
41.5886,-83.8014,116
43.3497,-76.3847,89
40.8731,-81.8867,85
39.0431,-84.6717,130
25.9989,-80.2411,116
36.7367,-97.1019,107
31.3500,-85.6667,233
39.4203,-83.8217,125
41.8056,-107.1997,134
38.0511,-117.0903,264
43.1167,-77.6767,94
34.7917,-79.3661,103
42.8975,-106.4636,161
48.5614,-93.3981,94
32.1314,-110.9553,148
7.4500,151.8333,103
26.1969,-80.1708,98
36.6817,-101.5053,103
34.8461,-82.3461,63
45.6983,-110.4408,112
36.0236,-84.2375,157
41.7072,-86.3164,125
44.5761,-71.1786,107
30.7825,-83.2767,89
27.7628,-82.6261,121
33.6542,-101.8136,157
37.1681,-97.0369,148
40.1606,-113.3508,165
43.1953,-71.5011,121
30.2050,-91.9875,121
26.6847,-80.0994,107
31.0425,-86.3117,134
30.5372,-91.1469,121
43.1644,-95.2017,134
6.9667,158.2167,36
62.9614,-141.9292,76
42.3914,-96.3792,130
57.0481,-135.3647,157
42.9333,-71.4383,121
46.3583,-104.2500,170
45.8069,-108.5422,125
39.9492,-74.8417,85
41.7803,-124.2367,72
33.4536,-94.0075,134
47.6458,-101.4394,112
45.6044,-103.5464,107
8.7333,167.7333,139
42.5700,-72.2911,116
60.4889,-145.4511,94
35.0281,-110.7208,192
20.8997,-156.4286,72
45.4622,-69.5953,98
40.9706,-85.2064,170
32.6636,-97.0939,98
33.9486,-81.1186,98
31.2361,-94.7544,81
42.4933,-79.2722,121
40.0781,-83.0781,107
40.1936,-76.7633,63
44.3592,-84.6739,98
62.1592,-145.4589,94
66.8667,-162.6333,112
36.2667,-93.1567,143
57.7511,-152.4856,139
30.3503,-81.8831,228
32.3347,-88.7442,161
42.5844,-110.1075,112
60.5797,-151.2392,121
46.2667,-119.1167,188
39.4167,-118.7167,116
42.4700,-71.2894,116
38.2103,-122.2847,116
33.9753,-117.6361,116
44.5228,-114.2150,125
37.4058,-122.0481,98
32.0311,-96.3989,98
40.6386,-73.7622,116
39.1353,-96.6778,98
62.9575,-155.6103,89
33.3633,-84.5658,112
41.6267,-73.8842,81
31.3089,-86.3939,273
35.6875,-117.6931,255
34.5183,-109.3792,179
41.1783,-78.8989,85
46.6056,-111.9636,107
37.3169,-79.9742,98
42.0572,-102.8000,130
45.5406,-122.9486,72
38.6892,-75.3592,58
32.4106,-99.6822,134
46.5311,-87.5483,85
28.4567,-99.2183,103
40.0972,-92.5433,121
41.3103,-95.8992,130
42.1208,-87.9047,103
38.9833,-76.4667,72
47.4569,-115.6450,72
34.6081,-79.0592,94
25.9156,-97.4186,139
42.8783,-100.5500,116
41.7700,-88.4814,143
38.9503,-95.6639,130
36.2606,-76.1750,94
32.8547,-109.6353,165
27.9619,-82.5403,94
36.9500,-76.2833,94
29.5442,-98.4839,233
32.4506,-93.8411,107
31.5883,-110.3442,165
21.3239,-157.9294,94
37.8892,-121.2258,130
41.4653,-90.5233,192
40.7342,-73.4169,98
41.9381,-72.6825,112
36.7725,-90.3247,134
33.1803,-96.5903,125
43.5950,-118.9564,179
59.5119,-139.6711,98
39.7736,-94.9233,116
33.4278,-112.0039,192
45.0619,-93.3508,112
34.7411,-118.2117,179
33.2208,-92.8142,116
32.3206,-90.0778,157
40.8206,-76.8642,58
33.9228,-118.3342,143
36.8781,-91.9025,152
30.1250,-93.2158,148
39.2447,-102.2842,148
34.0561,-117.6003,103
19.7356,-156.0489,67
43.2389,-123.3547,85
29.3331,-89.4075,174
35.6950,-101.3950,121
44.8889,-116.1017,103
42.1594,-76.8919,98
39.1019,-121.5678,103
41.3325,-122.3328,85
31.5356,-84.1944,161
42.7172,-71.1239,121
40.0228,-82.4625,98
44.3814,-106.7211,170
43.9042,-92.4917,121
42.1908,-71.1736,161
44.2033,-72.5794,130
42.7972,-105.3856,134
66.0689,-162.7639,121
41.2731,-111.0306,103
29.5189,-95.2417,188
39.7078,-77.7297,72
45.6308,-89.4653,89
40.9167,-81.4333,107
35.9461,-112.1547,192
38.3406,-75.5103,72
47.6217,-117.5281,125
31.8111,-106.3758,183
41.3275,-72.0494,134
41.0669,-73.7075,103
41.7872,-111.8533,89
21.1544,-157.0961,89
47.2381,-123.1408,121
37.3592,-121.9239,116
38.7525,-90.3736,107
45.5114,-118.4247,67
42.4272,-73.2892,125
38.0700,-102.6881,143
43.9844,-88.5569,121
34.6525,-86.9453,98
32.8192,-97.3614,107
33.2194,-117.3494,134
44.9319,-93.0556,121
40.3161,-78.8339,58
42.2314,-83.3308,107
35.6697,-120.6283,148
41.2544,-80.6739,94
38.1311,-91.7683,152
61.5961,-149.0917,116
38.0653,-97.8606,125
43.5667,-116.2406,161
64.5111,-165.4400,63
30.3361,-81.5147,183
35.0419,-106.6156,134
21.9839,-159.3405,125
41.0467,-78.4117,63
40.6044,-98.4272,112
41.3336,-75.7269,98
42.5708,-77.7133,98
61.1781,-149.9664,76
32.7000,-117.2000,134
37.7836,-81.1231,161
28.1011,-80.6439,89
31.7800,-103.2017,157
31.9206,-102.3867,157
25.6475,-80.4331,103
42.1997,-75.9850,103
39.9914,-82.8808,116
42.1578,-72.7161,125
32.3847,-94.7117,98
36.9033,-76.1922,94
33.6186,-114.7142,165
40.3667,-75.9667,85
47.3978,-120.2014,116
45.7881,-111.1608,67
27.7411,-98.0247,161
35.8517,-97.4142,134
32.1300,-81.2100,362
64.8039,-147.8761,54
40.3547,-79.9217,63
35.1967,-81.1558,81
29.3600,-99.1742,174
36.4486,-103.1539,121
27.5000,-97.8167,174
33.2061,-97.1989,103
43.7331,-103.6114,76
30.7167,-87.0167,255
38.8500,-94.7392,107
41.1961,-112.0114,121
40.3300,-75.1225,89
30.2333,-81.6667,224
41.3497,-71.7989,125
41.7861,-87.7522,143
44.7978,-68.8186,81
40.2172,-76.8514,63
27.6833,-97.2833,170
48.3042,-114.2636,81
33.6300,-84.4417,148
42.5842,-70.9175,125
30.4119,-89.0808,188
43.3436,-72.5178,130
44.0219,-82.7931,89
44.3206,-69.7972,98
36.4731,-82.4044,112
48.3500,-122.6667,49
40.2964,-78.3203,81
38.7042,-93.1833,121
33.9481,-83.3275,85
9.4833,138.0833,93
37.6197,-122.3647,201
70.2117,-151.0017,67
38.3775,-121.9575,103
33.6883,-112.0817,192
30.4000,-86.4717,161
34.5583,-98.4172,89
32.8667,-117.1333,116
36.5728,-79.3361,67
40.8508,-96.7475,121
37.2847,-120.5128,107
38.5039,-122.8103,125
40.9611,-98.3136,116
43.7667,-98.0333,148
31.4000,-93.2833,107
45.6906,-118.8528,116
45.6208,-122.6572,72
37.7797,-89.2497,125
34.3478,-85.1611,85
48.1739,-103.6367,116
43.2339,-75.4117,98
37.9406,-75.4631,94
44.9258,-89.6256,121
39.6092,-110.7547,134
32.8986,-80.0403,157
30.4636,-88.5319,237
42.3606,-71.0106,130
46.4794,-84.3572,103
29.6222,-95.6564,134
39.2956,-80.2289,89
28.0836,-97.0464,107
42.2347,-85.5519,98
35.6542,-105.1419,165
39.2972,-94.7306,125
36.0719,-115.1633,165
45.5908,-122.6003,76
46.9006,-95.0678,116
36.1336,-80.2222,76
28.7797,-81.2436,94
43.1072,-78.9453,89
40.7781,-111.9694,103
41.7636,-96.1778,107
34.1231,-84.8486,72
36.3689,-92.4703,116
38.5069,-121.4950,98
44.8664,-91.4878,121
43.5878,-96.7289,116
24.7258,-81.0517,67
39.2953,-114.8467,130
42.7267,-114.4564,107
39.4494,-74.5672,112
45.2575,-112.5545,112
46.3747,-117.0156,125
39.9061,-84.2186,121
38.1417,-76.4292,67
44.5444,-110.4211,76
34.2486,-82.1592,89
40.7939,-73.1017,103
35.0311,-85.2014,103
41.8031,-78.6403,72
59.6419,-151.4908,81
41.0136,-83.6686,125
46.9728,-123.9303,98
44.9358,-74.8458,98
35.8181,-83.9858,197
31.1522,-81.3908,130
36.0467,-79.4769,63
