48.7200,-116.4600,59
40.3000,-111.2600,49
46.2400,-117.3900,71
36.7200,-106.2600,34
39.4300,-120.3100,65
39.1900,-120.2600,130
41.4000,-107.2600,61
36.9600,-106.6600,38
43.7600,-115.2400,46
38.4000,-119.5400,80
44.2100,-110.6700,95
36.5100,-106.3200,8
36.3100,-115.6800,62
35.9200,-106.3900,32
44.3800,-116.3400,45
36.9900,-105.2600,56
36.0700,-105.6300,51
36.2500,-115.6300,68
35.7700,-105.7800,25
39.2900,-117.1100,84
43.8000,-114.8500,41
36.0300,-106.8100,33
36.8600,-106.2300,40
40.8300,-111.7600,61
39.3100,-111.4300,93
39.8000,-106.0300,333
36.1300,-105.5300,29
39.3600,-106.0600,61
35.3400,-111.6500,84
43.7600,-116.1000,59
44.7900,-116.0900,90
36.0000,-106.8300,30
40.5300,-106.7800,33
36.7900,-105.2400,49
43.7300,-113.8300,32
36.1900,-105.5600,41
