32.5667,-117.1167,20
36.3200,-115.7000,9
40.2342,-85.3936,32
30.0494,-90.0289,68
43.9906,-70.9475,12
45.6194,-121.1661,17
35.2333,-101.7089,47
34.2622,-88.7714,26
32.3367,-90.2214,30
32.6500,-114.6167,33
37.1431,-107.7597,30
37.4389,-105.8614,15
30.0481,-102.2131,34
34.2675,-77.8997,52
45.2486,-122.7686,33
46.7708,-100.7603,37
34.2008,-119.2069,26
35.2372,-120.6414,21
28.8208,-81.8097,21
43.0661,-108.4767,31
60.7850,-161.8292,71
64.7767,-141.1483,28
41.6117,-90.5808,26
37.2253,-89.5706,16
38.8169,-92.2183,18
27.4981,-80.3767,14
40.4122,-86.9369,23
38.9286,-90.4281,29
34.8822,-95.7831,13
35.0169,-80.6206,48
38.3000,-76.4167,48
36.2117,-115.1958,34
41.3461,-82.1794,46
40.9781,-124.1086,19
46.7994,-102.7972,37
36.7200,-106.2600,5
37.7461,-97.2211,18
41.7806,-122.4717,19
33.0375,-116.9158,19
42.8153,-108.7261,22
34.9883,-117.8647,38
32.5722,-116.9794,14
36.0097,-94.1694,6
42.5950,-87.9381,29
43.8000,-114.8500,9
39.6014,-116.0056,26
47.2856,-68.3133,41
34.1750,-91.9347,21
43.0206,-102.5183,47
39.7333,-77.4333,9
44.4683,-73.1500,41
41.8833,-91.7167,28
39.8233,-93.5792,13
43.5164,-112.0672,40
36.0394,-95.9844,10
29.7333,-85.0333,41
34.4258,-119.8425,23
43.9922,-76.0217,25
41.6764,-70.9583,11
44.1278,-123.2206,46
42.2333,-83.5333,31
31.3214,-85.4497,40
38.3794,-81.5900,22
46.9208,-114.0925,40
36.7414,-104.5022,30
41.2531,-70.0608,34
44.2558,-121.1392,28
41.5272,-85.7922,26
31.3558,-85.7511,24
44.3592,-89.8369,29
37.3278,-95.5042,8
41.6264,-80.2150,23
60.1283,-149.4167,16
43.9658,-107.9508,16
42.2667,-84.4667,32
35.1442,-111.6664,20
61.2169,-149.8550,13
40.0397,-88.2778,26
64.5500,-149.0717,51
26.2500,-80.1083,23
36.9839,-77.0075,23
48.4608,-119.5167,54
40.0681,-118.5692,20
21.4500,-157.7833,64
38.8761,-98.8092,53
30.0675,-95.5561,16
44.3394,-105.5419,32
41.0089,-74.7367,6
34.0511,-118.2353,4
37.9272,-100.7247,48
39.3792,-74.4242,56
26.5361,-81.7550,25
39.8447,-89.6839,26
37.2839,-98.5528,26
39.5703,-104.8489,30
64.3267,-158.7417,34
40.4847,-80.2144,46
30.5892,-96.3647,22
44.7694,-106.9689,43
44.0511,-101.6011,47
40.7789,-73.9692,22
44.5344,-72.6144,8
34.9894,-99.0525,30
35.3889,-97.6006,22
35.4344,-119.0542,24
33.9786,-98.4928,27
39.0725,-95.6261,18
36.3189,-119.6289,13
35.7700,-105.7800,9
36.5100,-106.3200,359
41.8161,-80.4250,36
40.6825,-74.1694,26
40.0803,-95.5919,26
27.7839,-97.5108,33
41.9097,-70.7294,13
46.7439,-117.1086,9
42.9486,-78.7369,37
37.9917,-122.0550,17
42.6958,-73.1708,9
29.3389,-98.4719,17
42.6425,-77.0564,40
42.7431,-73.8092,24
42.0647,-104.1528,31
28.4339,-81.3250,17
44.3814,-100.2856,52
41.1519,-104.8061,40
42.3200,-120.8300,14
44.3853,-74.2067,18
33.6267,-116.1594,20
37.6542,-122.1150,17
40.4422,-109.5144,16
34.0500,-94.4008,13
41.6686,-70.2800,13
38.3650,-82.5550,31
33.6228,-111.9106,9
41.1583,-73.1289,39
33.6361,-91.7556,19
59.7494,-154.9089,58
39.4519,-87.3089,21
36.7800,-119.7194,19
42.7900,-121.9800,7
40.3000,-111.2600,12
37.0911,-95.5664,13
30.0375,-91.8839,39
42.9550,-87.9044,31
42.1469,-121.7242,15
32.3542,-95.4025,26
39.9369,-91.1919,21
41.4525,-87.0058,21
37.7214,-122.2208,26
42.9667,-83.7494,31
37.2833,-102.6139,45
45.7728,-122.8611,38
40.8764,-74.2831,12
34.6517,-112.4208,31
36.0969,-79.9433,57
33.8117,-78.7239,52
33.1783,-86.7817,16
37.5050,-77.3203,46
45.0717,-83.5644,34
45.6689,-96.9914,51
38.9408,-77.4636,36
42.8939,-85.5447,30
42.5519,-71.7558,11
32.5428,-93.7450,13
41.2639,-72.8872,30
34.2006,-118.3575,16
58.6794,-156.6294,49
62.3200,-150.0950,14
47.5303,-122.3008,15
38.5050,-107.8975,31
45.4558,-98.4131,54
45.5511,-122.4089,10
42.1094,-77.9919,43
41.6328,-91.5431,14
43.7600,-115.2400,14
33.2119,-87.6161,29
46.9253,-96.8111,48
46.1569,-123.8825,30
34.9869,-81.0575,31
40.8436,-72.6322,27
41.0731,-71.9233,21
41.3375,-84.4289,30
39.3669,-101.7000,54
36.3333,-119.9500,27
39.9444,-81.8922,22
33.4050,-118.4158,14
34.6294,-118.0836,38
34.4272,-100.2831,29
31.4208,-110.8458,12
37.3031,-108.6275,31
39.2292,-106.3169,23
44.5483,-95.0803,63
29.7036,-98.0281,26
33.8750,-84.3022,24
40.8217,-72.8689,13
42.5544,-92.4011,43
36.1189,-86.6892,18
39.1900,-120.2600,26
32.6847,-83.6528,35
42.4092,-83.0100,33
36.6239,-87.4194,17
48.5428,-109.7633,38
32.2622,-107.7206,36
40.8203,-82.5178,53
31.3711,-100.4922,17
35.6169,-106.0889,35
30.3208,-97.7603,9
40.0489,-107.8853,23
41.5944,-109.0528,39
35.5931,-88.9167,13
42.7611,-87.8136,33
41.5631,-83.4764,37
47.4444,-122.3139,38
46.0947,-118.2869,23
39.3450,-81.4392,22
32.3500,-91.0278,26
32.9733,-97.3181,14
27.5333,-99.4667,19
30.7797,-86.5225,34
38.6956,-121.5897,22
48.0944,-105.5744,34
33.9519,-117.4386,13
48.2553,-101.2733,37
41.4333,-99.6333,47
38.8000,-97.6500,33
71.2833,-156.7814,24
31.3347,-92.5586,26
29.6381,-95.2819,37
45.0133,-84.7014,38
42.7461,-86.0967,25
40.1519,-122.2536,30
33.5656,-86.7450,28
27.9106,-82.6875,27
42.1128,-92.9175,40
37.3711,-118.3581,39
30.4781,-87.1869,38
29.1097,-95.4619,31
40.1203,-76.2944,36
43.4075,-94.7461,49
44.6381,-90.1875,38
30.6794,-88.2397,44
32.7667,-97.4500,19
38.4167,-113.0167,52
46.4167,-86.6500,44
33.9381,-118.3889,25
47.9078,-122.2803,25
40.7794,-73.8803,41
32.7336,-117.1831,16
38.7642,-87.6056,25
45.8183,-88.1144,34
66.9161,-151.5089,34
37.7086,-113.0944,38
40.2064,-100.5914,47
39.3600,-106.0600,7
46.4267,-105.8825,35
35.8922,-78.7819,49
38.1811,-85.7392,28
26.0719,-80.1536,21
40.6331,-93.9019,33
33.6800,-117.8664,18
41.5333,-71.2833,20
36.2500,-115.6300,14
28.4736,-82.4544,25
17.7028,-64.8056,26
48.5222,-123.0231,16
40.6161,-83.0636,49
38.8853,-79.8528,41
39.4019,-77.9844,17
42.4167,-87.8667,26
70.6392,-159.9950,39
29.1828,-81.0483,23
43.1406,-89.3453,24
37.2958,-81.2078,36
32.3336,-104.2581,22
25.7906,-80.3164,19
26.9172,-81.9914,25
32.8342,-115.5786,26
31.9514,-85.1289,27
34.7442,-87.5997,30
33.4669,-82.0386,36
39.1667,-76.6833,50
35.9333,-79.0642,44
45.1947,-123.1339,29
18.3331,-64.9667,28
41.8678,-84.0794,29
44.3675,-71.5450,7
41.1078,-92.4467,29
36.1625,-97.0894,19
47.9375,-124.5550,29
41.1214,-100.6694,41
24.5550,-81.7522,39
43.7700,-88.4864,26
39.2900,-117.1100,8
46.0261,-91.4442,46
28.8614,-96.9303,19
45.5433,-94.0514,50
41.5175,-81.6836,59
40.4719,-81.4236,28
24.5833,-81.6833,37
40.6508,-75.4492,22
41.5092,-74.2650,8
32.8519,-96.8556,31
36.8167,-76.0333,66
18.2550,-65.6408,21
38.8100,-104.6883,37
34.1853,-79.7239,46
41.2433,-76.9217,26
25.9069,-80.2803,12
47.0492,-109.4578,24
36.7683,-96.0261,11
31.4156,-87.0442,30
42.3075,-85.2511,25
43.5331,-84.0797,30
36.9878,-120.1106,12
41.1389,-75.3794,29
38.7550,-109.7542,17
40.2383,-75.5572,22
35.5144,-108.7939,24
33.9706,-80.9958,15
34.2167,-119.0833,19
48.2138,-106.6213,43
48.1203,-123.4983,25
35.2236,-80.9553,41
26.1522,-81.7753,24
44.5169,-108.0822,25
38.6572,-90.6558,9
47.9742,-117.4283,12
39.3756,-99.8297,34
38.8983,-119.9947,15
31.9433,-102.1889,34
34.2900,-93.0600,23
32.8167,-115.6833,23
28.0622,-81.7542,21
44.8428,-117.8086,34
39.7556,-82.6572,40
30.4000,-81.4167,65
35.2578,-93.0947,9
18.4325,-66.0108,22
34.6439,-86.7861,33
31.6072,-110.4281,32
37.2622,-104.3378,42
40.2769,-74.8158,33
36.8600,-106.2300,373
42.0800,-80.1825,63
63.9944,-145.7214,43
47.3258,-106.9475,36
46.5486,-90.9189,47
46.8706,-68.0172,30
32.8158,-117.1394,19
47.4933,-122.2144,27
30.1831,-97.6800,20
35.1822,-103.6031,16
40.8289,-115.7886,17
33.3644,-81.9633,35
39.4781,-88.2803,28
21.3167,-158.0667,36
43.3500,-73.6167,13
59.4556,-135.3239,48
30.9119,-102.9167,36
39.1258,-123.2008,10
37.7064,-112.1456,30
44.9047,-97.1494,64
45.5464,-100.4078,54
40.1667,-103.2167,53
43.1711,-86.2367,27
33.7792,-84.5214,37
60.7850,-148.8389,49
31.8606,-86.0122,34
45.0319,-102.0192,67
31.6189,-97.2283,26
35.5342,-97.6469,22
43.8789,-91.2528,44
13.4836,144.7961,33
47.2675,-122.5761,31
34.8831,-82.2203,49
44.3981,-98.2231,51
31.8311,-104.8089,57
47.6831,-117.3214,6
47.3078,-119.5153,34
39.1333,-86.6167,22
35.8550,-77.8931,46
40.7833,-91.1253,22
35.0028,-105.6628,39
39.9181,-76.8742,22
67.7317,-164.5483,78
39.6428,-79.9164,38
30.6264,-88.0681,49
40.5175,-122.2986,21
36.6206,-116.0278,34
30.3975,-84.3289,34
42.8375,-103.0953,38
28.7247,-96.2536,31
46.0139,-102.6547,44
45.9647,-112.5006,22
46.2400,-117.3900,11
37.2353,-93.4003,25
38.3083,-75.1239,56
42.8914,-73.2469,9
38.0442,-87.5206,16
19.7192,-155.0531,33
30.5069,-86.9597,41
39.7075,-86.2803,31
37.1319,-76.4930,69
39.6728,-75.6008,54
26.1839,-98.2539,19
44.7408,-85.5825,11
41.7361,-72.6506,13
38.3306,-96.1897,24
22.0333,-159.7833,22
48.6033,-112.3753,48
43.4133,-124.2436,50
36.2967,-99.7689,38
34.2719,-83.8303,47
41.8706,-103.5931,37
43.8339,-111.8045,35
39.8344,-88.8656,28
39.8328,-104.6575,40
42.2706,-71.8731,17
37.6928,-121.8144,11
42.1928,-89.0931,27
44.2100,-110.6700,12
37.0683,-88.7719,16
39.5936,-84.2264,38
44.0433,-103.0536,53
41.2003,-74.6231,8
33.4964,-90.0867,30
41.4131,-81.8600,48
37.1467,-94.5022,14
32.6261,-116.4681,32
36.1994,-95.8872,17
39.1033,-84.4189,18
57.1553,-170.2222,85
45.0800,-117.5500,2
40.6675,-89.6839,24
46.8369,-92.2097,55
40.1764,-80.6472,34
30.7044,-87.0231,46
37.6544,-97.4425,22
37.7081,-77.4344,22
32.7817,-98.0603,21
44.7900,-116.0900,13
39.4900,-121.6183,16
46.9258,-98.6692,44
31.5358,-82.5067,16
34.9000,-76.8833,51
42.8050,-72.0036,9
41.7219,-71.4325,20
35.0564,-89.9864,30
35.3331,-94.3625,22
41.3931,-70.6150,21
44.4983,-88.1111,26
36.6636,-121.6081,24
39.3667,-75.0667,44
55.0389,-131.5786,15
37.0872,-84.0769,12
34.0158,-118.4514,15
29.9506,-94.0206,43
31.3928,-92.2956,16
41.5097,-72.8278,10
42.5906,-117.8644,21
32.4833,-80.7167,34
41.6875,-69.9933,16
27.6531,-80.2428,14
30.8458,-85.6014,23
43.1544,-93.3269,42
37.6242,-120.9506,19
34.7000,-77.3833,55
38.1386,-78.4530,40
41.9950,-87.9336,32
26.2281,-97.6542,33
29.3783,-100.9269,22
35.9403,-89.8308,26
33.8117,-118.1464,20
38.4000,-119.5400,19
34.4978,-82.7097,41
39.5781,-85.8033,26
46.1442,-115.5964,13
40.5100,-101.6200,33
70.1917,-148.4772,41
44.1708,-114.9272,13
41.3119,-105.6747,25
43.2781,-70.9222,17
42.4819,-114.4869,43
30.3489,-85.7881,39
59.4433,-151.7017,26
32.5156,-92.0406,22
33.2367,-107.2681,27
32.6808,-96.8681,23
30.3433,-89.8222,28
37.7608,-99.9683,49
42.7803,-84.5789,32
40.6239,-74.6694,11
31.8456,-86.6108,33
32.7100,-96.2672,22
42.5417,-113.7661,22
35.0678,-77.0481,56
38.0494,-103.5122,29
30.8356,-85.1839,39
44.0206,-117.0128,43
38.2900,-104.4983,30
55.3567,-131.7117,33
59.2433,-135.5094,31
41.0375,-81.4642,23
29.9933,-90.2511,41
36.9358,-121.7886,10
39.3644,-84.5247,23
38.5911,-92.1558,13
47.0339,-120.5303,18
45.8258,-119.2611,21
47.4667,-87.8833,35
30.7406,-98.2353,17
31.4583,-109.6061,18
36.7436,-108.2292,33
48.7939,-122.5372,9
38.9597,-94.3714,22
39.5514,-97.6508,47
34.3622,-98.9761,35
39.2231,-106.8683,27
15.1167,145.7167,34
47.2078,-119.3192,20
40.8097,-124.1603,9
41.6236,-98.9517,43
39.8683,-75.2311,45
38.2281,-85.6636,18
41.1014,-102.9847,50
46.1236,-67.7928,39
40.7083,-84.0267,44
40.8500,-74.0614,17
44.3744,-70.3164,0
38.5000,-77.3000,51
34.8536,-116.7858,48
32.8978,-97.0189,28
39.1894,-103.7158,21
36.6950,-76.1356,55
33.1281,-117.2794,13
31.1500,-92.9667,6
35.4111,-80.5833,22
29.6333,-83.1053,23
42.9203,-112.5711,37
35.9200,-106.3900,3
43.7694,-87.8506,26
43.6497,-70.3003,27
36.5881,-121.8453,12
30.5108,-99.7664,11
48.7200,-116.4600,17
47.3000,-121.6000,17
31.1828,-90.4708,19
41.7781,-80.6958,47
32.5500,-88.5667,25
34.5467,-93.5781,5
37.6703,-95.4842,23
35.9508,-85.0814,14
35.2578,-113.9331,51
45.6478,-68.6925,13
34.7336,-76.6606,39
28.5453,-81.3331,17
43.1561,-90.6775,15
41.4000,-107.2600,10
26.5850,-81.8614,22
41.7419,-72.1836,9
56.6000,-169.5650,88
38.7667,-104.3000,32
39.3903,-94.5553,9
41.9922,-93.6217,30
43.1111,-76.1039,31
35.7425,-81.3819,26
34.7436,-118.7242,44
33.3075,-104.5083,13
34.8994,-120.4486,20
42.6003,-123.3642,33
33.8281,-116.5053,22
48.7167,-94.6000,34
41.5339,-93.6531,39
42.3811,-122.8722,9
40.4953,-107.5211,15
47.4733,-111.3822,40
39.4839,-119.7711,20
46.9733,-122.9033,18
38.5714,-90.1572,19
47.3864,-92.8389,30
45.8678,-95.3942,55
42.2228,-83.7444,26
42.1244,-86.4267,20
37.3208,-79.2067,58
41.9856,-97.4353,61
39.2775,-120.7103,20
46.5683,-120.5428,26
43.9636,-69.7117,19
35.6575,-109.0614,17
43.3906,-99.8422,68
35.1350,-90.2344,20
35.4319,-82.5375,11
30.7439,-95.5861,13
36.1900,-105.5600,7
39.0083,-95.2117,19
34.7675,-114.6189,33
39.8250,-86.2958,22
44.6500,-73.4667,23
55.2208,-162.7325,76
34.2097,-118.4892,13
41.4914,-120.5644,17
30.3567,-95.4139,15
33.4617,-80.8581,34
44.8831,-93.2289,48
47.9428,-97.1839,40
38.8317,-94.8897,26
38.8483,-77.0342,48
31.2819,-89.2531,22
43.6264,-72.3047,13
34.6719,-82.8864,33
44.9050,-123.0011,31
32.5161,-84.9422,42
41.3714,-73.4828,13
36.9647,-86.4239,17
58.3567,-134.5639,54
29.6919,-82.2756,31
39.1208,-94.5969,22
26.1658,-97.3458,35
38.0408,-84.6058,31
36.9261,-111.4478,21
29.2733,-94.8592,68
39.5264,-107.7264,21
35.8311,-90.6464,15
41.9144,-88.2464,27
41.8756,-71.0211,7
46.4047,-94.1308,50
42.3978,-90.7036,34
27.4014,-82.5586,27
37.5908,-83.3131,12
34.1167,-119.1167,24
35.2100,-99.1200,29
33.4825,-90.9853,34
35.6567,-95.3614,21
44.8322,-93.4706,47
34.9914,-78.8803,44
35.2325,-75.6219,65
45.5644,-84.7928,16
61.1689,-150.0278,16
47.7472,-90.3444,7
29.9800,-95.3600,25
32.2997,-86.4075,51
34.7272,-92.2389,20
42.6650,-83.4181,29
36.2833,-94.3000,12
39.1342,-108.5400,35
33.5872,-85.8556,33
40.8300,-111.7600,14
30.4844,-81.7019,38
38.1847,-84.9033,27
43.2119,-90.1814,21
40.9017,-117.8081,21
33.8719,-117.9789,10
47.1686,-88.4889,45
40.0819,-75.0111,43
41.5886,-83.8014,22
36.0300,-106.8100,8
43.3497,-76.3847,18
40.8731,-81.8867,37
39.0431,-84.6717,41
25.9989,-80.2411,11
36.0700,-105.6300,6
36.7367,-97.1019,19
31.3500,-85.6667,42
39.4203,-83.8217,38
41.8056,-107.1997,39
38.0511,-117.0903,38
43.1167,-77.6767,30
34.7917,-79.3661,48
42.8975,-106.4636,38
48.5614,-93.3981,22
32.1314,-110.9553,28
26.1969,-80.1708,11
36.6817,-101.5053,34
34.8461,-82.3461,52
45.6983,-110.4408,31
36.0236,-84.2375,12
41.7072,-86.3164,25
44.5761,-71.1786,5
30.7825,-83.2767,30
27.7628,-82.6261,43
33.6542,-101.8136,32
37.1681,-97.0369,18
43.1953,-71.5011,9
30.2050,-91.9875,22
26.6847,-80.0994,17
31.0425,-86.3117,34
30.5372,-91.1469,34
43.1644,-95.2017,50
62.9614,-141.9292,28
42.3914,-96.3792,49
57.0481,-135.3647,20
42.9333,-71.4383,16
46.3583,-104.2500,36
45.8069,-108.5422,35
39.9492,-74.8417,26
41.7803,-124.2367,42
33.4536,-94.0075,22
47.6458,-101.4394,27
45.6044,-103.5464,53
30.5844,-97.4156,0
42.5700,-72.2911,8
60.4889,-145.4511,9
35.0281,-110.7208,21
20.8997,-156.4286,63
45.4622,-69.5953,10
40.9706,-85.2064,30
32.6636,-97.0939,23
33.9486,-81.1186,29
31.2361,-94.7544,15
42.4933,-79.2722,34
40.0781,-83.0781,46
40.1936,-76.7633,19
44.3592,-84.6739,30
62.1592,-145.4589,63
66.8667,-162.6333,66
36.2667,-93.1567,20
57.7511,-152.4856,24
32.3347,-88.7442,26
42.5844,-110.1075,24
60.5797,-151.2392,25
46.2667,-119.1167,15
39.4167,-118.7167,17
42.4700,-71.2894,9
38.2103,-122.2847,21
33.9753,-117.6361,21
44.5228,-114.2150,19
37.4058,-122.0481,13
32.0311,-96.3989,26
40.6386,-73.7622,32
39.1353,-96.6778,13
62.9575,-155.6103,16
33.3633,-84.5658,29
41.6267,-73.8842,6
35.6875,-117.6931,41
34.5183,-109.3792,14
41.1783,-78.8989,36
46.6056,-111.9636,37
37.3169,-79.9742,36
42.0572,-102.8000,35
45.5406,-122.9486,22
38.6892,-75.3592,55
32.4106,-99.6822,22
28.4567,-99.2183,21
40.0972,-92.5433,21
41.3103,-95.8992,44
42.1208,-87.9047,18
38.9833,-76.4667,38
47.4569,-115.6450,18
34.6081,-79.0592,45
25.9156,-97.4186,28
42.8783,-100.5500,51
41.7700,-88.4814,27
38.9503,-95.6639,21
36.2606,-76.1750,58
32.8547,-109.6353,26
27.9619,-82.5403,17
36.9600,-106.6600,7
36.9500,-76.2833,69
36.1306,-80.5481,45
29.5442,-98.4839,25
32.4506,-93.8411,30
31.5883,-110.3442,23
21.3239,-157.9294,61
37.8892,-121.2258,17
41.4653,-90.5233,15
36.7900,-105.2400,0
40.7342,-73.4169,30
41.9381,-72.6825,15
36.7725,-90.3247,8
33.1803,-96.5903,20
43.5950,-118.9564,24
59.5119,-139.6711,21
39.7736,-94.9233,23
33.4278,-112.0039,23
45.0619,-93.3508,44
34.7411,-118.2117,43
33.2208,-92.8142,23
32.3206,-90.0778,30
40.8206,-76.8642,13
33.9228,-118.3342,18
36.8781,-91.9025,3
30.1250,-93.2158,35
39.2447,-102.2842,50
34.0561,-117.6003,17
19.7356,-156.0489,31
43.2389,-123.3547,25
29.3331,-89.4075,38
35.6950,-101.3950,31
47.3600,-121.5700,9
44.8889,-116.1017,19
42.1594,-76.8919,17
39.1019,-121.5678,14
41.3325,-122.3328,9
31.5356,-84.1944,43
42.7172,-71.1239,12
34.7500,-111.4100,279
40.0228,-82.4625,32
44.3814,-106.7211,49
43.9042,-92.4917,51
42.1908,-71.1736,8
44.2033,-72.5794,19
39.4300,-120.3100,7
42.7972,-105.3856,32
36.0000,-106.8300,6
66.0689,-162.7639,63
41.2731,-111.0306,53
29.5189,-95.2417,29
39.7078,-77.7297,32
45.6308,-89.4653,40
40.9167,-81.4333,41
35.9461,-112.1547,21
38.3406,-75.5103,47
47.6217,-117.5281,15
31.8111,-106.3758,28
41.3275,-72.0494,33
41.0669,-73.7075,18
41.7872,-111.8533,20
21.1544,-157.0961,60
47.2381,-123.1408,12
37.3592,-121.9239,19
38.7525,-90.3736,29
45.5114,-118.4247,5
42.4272,-73.2892,11
38.0700,-102.6881,29
43.9844,-88.5569,34
34.6525,-86.9453,21
32.8192,-97.3614,29
33.2194,-117.3494,21
40.5300,-106.7800,7
44.9319,-93.0556,47
40.3161,-78.8339,37
42.2314,-83.3308,28
35.6697,-120.6283,18
41.2544,-80.6739,43
38.1311,-91.7683,15
61.5961,-149.0917,36
38.0653,-97.8606,24
43.5667,-116.2406,30
64.5111,-165.4400,47
30.3361,-81.5147,41
35.0419,-106.6156,20
21.9839,-159.3405,89
41.0467,-78.4117,26
36.3100,-115.6800,2
40.6044,-98.4272,44
41.3336,-75.7269,17
42.5708,-77.7133,36
61.1781,-149.9664,17
32.7000,-117.2000,19
37.7836,-81.1231,65
28.1011,-80.6439,20
31.7800,-103.2017,35
39.8000,-106.0300,7
31.9206,-102.3867,38
25.6475,-80.4331,12
42.1997,-75.9850,33
39.9914,-82.8808,41
42.1578,-72.7161,10
32.3847,-94.7117,22
36.9900,-105.2600,4
36.9033,-76.1922,63
33.6186,-114.7142,42
40.3667,-75.9667,22
47.3978,-120.2014,28
47.6800,-121.6100,9
45.7881,-111.1608,28
27.7411,-98.0247,25
35.8517,-97.4142,19
32.1300,-81.2100,34
64.8039,-147.8761,26
40.3547,-79.9217,44
35.1967,-81.1558,41
29.3600,-99.1742,24
36.4486,-103.1539,41
27.5000,-97.8167,27
33.2061,-97.1989,21
43.7331,-103.6114,37
30.7167,-87.0167,41
38.8500,-94.7392,24
41.1961,-112.0114,30
40.3300,-75.1225,13
30.2333,-81.6667,45
41.3497,-71.7989,21
41.7861,-87.7522,30
44.7978,-68.8186,34
40.2172,-76.8514,26
27.6833,-97.2833,39
48.3042,-114.2636,15
33.6300,-84.4417,52
42.5842,-70.9175,18
30.4119,-89.0808,42
43.3436,-72.5178,7
44.3206,-69.7972,25
36.4731,-82.4044,10
48.3500,-122.6667,15
40.2964,-78.3203,32
38.7042,-93.1833,21
33.9481,-83.3275,38
37.6197,-122.3647,43
70.2117,-151.0017,41
38.3775,-121.9575,17
33.6883,-112.0817,20
30.4000,-86.4717,48
34.5583,-98.4172,21
32.8667,-117.1333,17
36.5728,-79.3361,51
40.8508,-96.7475,38
37.2847,-120.5128,16
38.5039,-122.8103,5
40.9611,-98.3136,56
43.7667,-98.0333,49
45.6906,-118.8528,28
45.6208,-122.6572,24
37.7797,-89.2497,12
34.3478,-85.1611,26
48.1739,-103.6367,37
43.2339,-75.4117,29
37.9406,-75.4631,70
44.9258,-89.6256,34
44.3800,-116.3400,4
39.6092,-110.7547,29
32.8986,-80.0403,34
30.4636,-88.5319,32
39.3100,-111.4300,33
42.3606,-71.0106,31
46.4794,-84.3572,26
29.6222,-95.6564,26
42.9600,-121.1800,5
39.2956,-80.2289,31
28.0836,-97.0464,37
42.2347,-85.5519,15
35.6542,-105.1419,31
39.2972,-94.7306,32
36.0719,-115.1633,26
45.5908,-122.6003,30
46.9006,-95.0678,42
36.1336,-80.2222,51
28.7797,-81.2436,22
35.7800,-105.5400,3
43.1072,-78.9453,33
40.7781,-111.9694,44
41.7636,-96.1778,31
34.1231,-84.8486,28
36.3689,-92.4703,3
38.5069,-121.4950,10
44.8664,-91.4878,41
43.0303,-78.1692,40
43.5878,-96.7289,71
24.7258,-81.0517,25
39.2953,-114.8467,52
42.7267,-114.4564,33
39.4494,-74.5672,51
45.2575,-112.5545,29
46.3747,-117.0156,17
39.9061,-84.2186,51
38.1417,-76.4292,47
44.5444,-110.4211,9
34.2486,-82.1592,40
40.7939,-73.1017,27
35.0311,-85.2014,5
41.8031,-78.6403,36
59.6419,-151.4908,15
41.0136,-83.6686,43
46.9728,-123.9303,28
44.9358,-74.8458,13
35.8181,-83.9858,26
31.1522,-81.3908,45
36.0467,-79.4769,43
