44.4400,-111.9900,101
38.5636,-99.2350,222
43.3894,-92.0939,161
47.0111,-109.2261,100
32.4758,-88.8111,200
42.0464,-124.2878,122
39.8700,-105.8700,89
41.6117,-86.7297,200
33.9881,-84.7475,189
37.9136,-104.9483,172
34.1483,-118.1447,217
30.2264,-93.7394,211
44.4500,-119.9300,62
33.6194,-94.0994,183
45.2267,-96.6233,167
39.4833,-83.8500,144
46.2111,-119.1011,67
38.8561,-80.3075,139
41.8700,-98.5494,133
35.3694,-111.5436,56
38.8417,-104.9742,206
41.9897,-118.6336,283
45.4825,-120.7236,39
27.6528,-80.4031,233
44.7158,-103.4275,139
38.3806,-88.3264,233
36.3444,-88.8636,194
33.2733,-97.5769,183
41.5575,-85.8825,200
35.9325,-82.0019,139
46.9161,-103.5264,133
43.1750,-102.7458,183
40.2031,-96.4631,128
47.6497,-120.0800,56
42.3703,-106.1050,22
45.5300,-123.3000,109
34.3997,-98.3458,172
44.0206,-88.5581,133
44.3800,-108.0350,128
39.1114,-82.9797,228
39.8583,-77.4775,111
18.0331,-67.0722,306
40.3450,-115.6206,78
48.4089,-93.0483,161
34.9092,-87.2747,194
39.0669,-100.2389,133
40.3600,-116.8600,121
38.8800,-105.0700,105
39.7675,-101.8067,128
48.0700,-120.8500,43
40.8000,-110.8800,112
39.2367,-107.9797,83
41.0461,-83.6622,194
34.5519,-96.7178,150
34.2308,-118.0711,178
34.8600,-111.6100,94
37.4000,-113.4600,137
46.7600,-115.3000,63
41.0939,-102.4717,156
29.9381,-82.1164,250
41.8406,-86.2658,222
36.1878,-81.8736,106
31.4714,-88.2503,200
41.9583,-111.3922,156
38.6078,-97.9597,111
43.9072,-99.8628,278
41.2519,-100.0750,189
39.9678,-87.8228,150
40.4864,-89.0864,172
48.5700,-120.7800,12
35.3056,-120.6619,239
39.3181,-120.1450,72
37.2039,-80.4144,133
34.6747,-82.2267,167
38.1025,-81.8464,156
46.5067,-99.7692,144
39.3167,-91.4833,183
47.1547,-110.2239,178
31.5253,-87.9278,206
40.4386,-109.5211,94
41.3800,-111.9400,146
45.5400,-123.3700,96
39.9708,-75.6350,150
38.6811,-77.7678,172
33.6131,-114.5972,294
47.8206,-112.1919,167
33.7033,-96.6419,222
64.9900,-163.1000,8
47.1800,-114.3300,48
39.0875,-111.1325,139
37.5194,-97.3142,122
38.7658,-102.8031,89
42.1103,-72.1269,72
34.5031,-114.3603,272
48.8800,-121.2600,28
44.2764,-72.4153,-11
38.9900,-106.7500,50
42.6500,-110.8100,83
41.3800,-106.3500,87
47.8769,-95.0161,178
41.6775,-93.5822,117
41.1925,-91.0578,139
35.3000,-108.1472,239
45.5119,-88.7594,128
46.3600,-112.2600,20
39.3061,-102.2608,111
40.4900,-112.6100,140
42.0264,-115.3597,67
44.6100,-111.1500,12
37.8725,-82.5194,150
47.6856,-119.1111,111
20.9625,-156.6753,250
44.6500,-93.6356,150
38.2917,-111.2622,161
43.6536,-110.7169,78
37.7272,-80.6592,150
43.6747,-86.4239,172
38.7900,-111.6900,110
46.4444,-97.6928,178
36.9742,-77.4042,178
18.2264,-65.9114,239
43.8894,-100.7078,178
39.2189,-81.0486,144
42.1597,-123.6422,228
21.3356,-157.7114,244
35.3253,-81.5325,178
46.3500,-111.8500,34
37.9286,-87.8956,194
39.5231,-122.3058,333
40.3589,-75.3222,100
44.1011,-115.9694,256
41.9700,-111.6000,98
46.4122,-86.6625,150
38.7339,-77.4925,150
34.7675,-106.7611,94
41.8900,-115.8600,98
44.5247,-72.8153,150
42.2100,-121.1300,85
46.6786,-109.7536,100
37.8400,-111.8800,106
32.3778,-103.7986,256
43.7186,-87.7089,167
38.4000,-119.5400,101
42.5806,-88.0903,144
31.5678,-111.0497,194
42.9108,-89.2133,122
34.7336,-76.7358,228
38.3703,-96.5483,106
40.9200,-110.1900,104
33.3192,-95.6039,178
41.3242,-88.9858,189
44.9600,-111.2900,35
40.8656,-72.8642,117
33.2097,-117.3950,228
38.3897,-108.9494,67
42.4881,-104.1564,122
41.5833,-81.1833,144
44.4947,-70.6564,6
41.1092,-111.9125,233
48.4300,-113.9400,-11
44.0725,-72.9736,17
39.2900,-117.1100,140
42.2058,-104.5561,56
45.0700,-116.4500,65
40.0417,-78.5278,128
43.3314,-90.3889,106
34.7522,-112.1114,217
35.1108,-81.9675,167
30.3492,-97.3683,189
37.0536,-93.5750,167
38.9539,-109.0528,117
37.1275,-88.6531,200
33.1908,-102.2681,133
43.8111,-107.3653,78
41.2492,-97.1328,133
37.3678,-95.2892,139
45.7000,-118.1100,59
48.1803,-101.2964,139
36.4511,-86.6456,189
46.5458,-87.3794,150
47.9200,-112.8200,-11
31.8278,-99.4319,167
59.7400,-151.2500,94
40.1264,-82.9433,222
39.4575,-98.1125,144
40.4719,-74.4364,144
29.3178,-96.0847,222
47.6000,-103.2597,133
40.7131,-79.5144,144
35.8489,-97.4797,150
41.2542,-89.3378,239
43.3392,-72.5056,44
38.5528,-86.7944,167
31.3972,-81.2811,228
44.5147,-109.0450,144
36.3022,-78.6108,206
37.8044,-114.4069,256
39.4047,-105.4767,22
42.3264,-84.0133,183
37.9969,-79.8317,128
42.5503,-84.8258,156
42.0800,-123.3400,117
27.5683,-99.4983,267
40.9931,-102.2625,194
41.3400,-116.9800,129
39.3000,-120.1800,128
35.7781,-95.3339,156
38.3000,-112.3600,64
37.2992,-77.2775,244
31.9497,-91.2336,239
32.8067,-91.1730,200
40.2706,-84.1508,172
39.5100,-79.1400,128
33.7275,-111.8606,344
43.6089,-84.2011,94
27.9914,-82.0136,306
39.0200,-119.7089,128
37.4436,-122.1403,167
42.1389,-74.0914,50
40.2817,-76.8703,122
32.1669,-92.1075,194
39.4578,-95.7550,117
47.4581,-92.5303,133
34.4758,-84.4461,167
33.8342,-118.3758,239
42.6000,-116.5600,104
37.7000,-107.7800,84
33.7092,-93.5564,178
32.0186,-102.0258,306
45.9981,-120.3006,89
45.7653,-99.6222,150
35.2203,-84.7981,194
29.2828,-97.7675,189
39.4600,-119.9400,113
30.8694,-100.5994,139
40.5353,-112.3217,289
31.5889,-91.3408,206
21.5383,-158.0892,250
47.2325,-117.3625,44
34.3947,-92.8364,183
29.8833,-97.9494,206
30.7425,-98.6542,317
36.0469,-115.1847,317
32.2553,-109.8369,133
43.4047,-95.7483,133
45.6603,-69.8120,44
38.5778,-110.7078,144
35.8550,-94.0203,144
44.5378,-90.5350,117
38.7200,-119.8900,121
37.5442,-77.2758,167
36.8550,-86.8883,194
41.8975,-77.1419,117
37.8675,-109.3514,144
39.0000,-115.4200,143
44.6103,-92.6100,150
37.6303,-104.7956,89
41.4581,-100.5986,128
35.3028,-93.6369,167
44.1719,-73.2472,100
40.4517,-99.3803,133
42.0628,-88.2861,167
45.1900,-109.3500,59
43.4800,-114.8300,101
33.1244,-94.1661,172
35.0931,-93.9258,161
43.0167,-70.8333,56
39.7858,-85.7611,161
33.7200,-117.7231,311
32.5133,-92.3486,172
36.5803,-85.1256,172
40.2258,-77.1894,117
36.4194,-92.9158,161
34.9400,-111.5200,101
37.7667,-85.7000,189
34.6344,-88.5622,178
60.7986,-148.0872,56
32.5992,-85.4653,206
36.1472,-97.2858,117
42.9592,-120.7897,222
39.2683,-80.3522,167
34.0464,-94.3481,172
40.1550,-103.1417,150
32.9539,-105.8225,256
34.3983,-96.1400,167
29.9142,-94.9908,217
42.5794,-83.6844,194
41.3200,-116.3400,95
35.7597,-91.6386,178
47.1944,-102.8414,139
47.6539,-101.4197,161
43.8000,-121.9500,34
45.7533,-93.6617,128
39.1900,-120.2600,114
47.4989,-97.3514,139
37.7900,-108.0200,47
19.2706,-155.8747,189
48.9075,-103.2936,150
39.4200,-111.2500,89
48.9981,-110.2158,178
35.2283,-82.7358,150
41.7069,-94.9222,100
45.4856,-111.6325,206
37.2389,-77.3925,217
38.4800,-109.2700,96
37.2328,-119.5097,167
37.9339,-114.4522,194
42.1600,-114.1900,112
35.7539,-99.7628,144
29.6339,-97.0644,244
47.0800,-112.7300,53
39.1911,-77.0069,150
41.2825,-91.7078,139
30.0719,-91.0278,233
46.5258,-93.6675,139
34.0783,-93.7019,189
39.2900,-106.5500,56
40.3142,-74.2511,189
36.1683,-83.4028,200
35.0381,-108.3492,150
48.3589,-107.8714,194
37.6167,-93.3911,178
40.2000,-105.6000,91
34.6350,-81.5206,194
36.9839,-77.0078,206
37.6528,-84.7708,144
42.1397,-109.4308,89
43.1342,-90.8372,156
64.8603,-147.8483,6
39.9133,-93.9803,133
41.2986,-80.7647,150
35.8147,-85.4244,194
45.0156,-109.9683,56
43.6842,-114.3603,44
32.5217,-97.8069,200
45.6178,-113.4514,183
38.6003,-100.6197,156
36.4333,-95.6833,178
44.3539,-75.5122,144
38.4331,-96.5578,156
38.8500,-119.9400,59
38.4931,-88.9703,172
34.5283,-82.6606,172
46.6461,-119.9061,172
37.7417,-95.9333,139
37.9900,-80.6803,117
34.2553,-87.1814,194
35.5328,-93.4036,172
45.9983,-83.9014,156
47.3706,-123.1600,78
31.3072,-95.4508,178
35.6672,-82.1236,150
47.8306,-110.6608,50
46.4314,-95.5464,211
40.7275,-91.9683,244
44.4400,-113.3200,39
36.6206,-90.8125,183
39.4206,-79.0050,139
44.5800,-107.2000,39
38.5039,-95.7036,144
36.0028,-88.4253,200
40.2575,-94.0269,150
42.1703,-92.0078,144
21.5214,-157.8375,239
34.8083,-98.0233,144
40.1600,-111.2100,125
34.0967,-87.9914,161
41.2667,-82.6167,172
42.6389,-83.2556,189
35.6939,-77.9456,222
33.1272,-88.1550,211
39.5064,-78.3158,122
44.6600,-118.4300,62
43.6758,-111.9125,228
39.0292,-104.8017,139
33.9978,-81.7747,183
44.3200,-70.7567,0
33.2850,-86.3431,222
41.5778,-109.2394,272
48.6600,-119.8400,33
35.0128,-106.0450,56
38.1311,-105.4661,183
41.6569,-69.9589,156
31.1417,-93.2397,206
35.1647,-88.5994,194
40.9331,-73.0192,194
44.1300,-110.8300,33
42.5300,-110.6600,96
45.1700,-113.5800,26
67.0833,-157.8500,56
41.0408,-96.3811,144
26.4622,-81.4406,256
44.4139,-108.9006,111
40.7933,-77.8672,133
40.3917,-79.8594,172
42.5608,-87.8156,194
40.8494,-84.5808,172
41.1644,-84.8483,150
35.0556,-77.0858,228
36.5939,-103.6192,200
28.9844,-95.3808,239
37.3036,-89.9664,250
30.8839,-87.7853,217
39.9600,-110.9900,118
36.2403,-106.4278,122
47.1414,-121.9356,44
45.4478,-99.0383,183
40.5100,-105.7700,12
44.4200,-121.8600,66
47.8039,-103.2892,133
33.8586,-89.3158,194
34.7281,-90.3683,200
40.5617,-110.4922,72
47.0700,-121.5900,44
40.4681,-78.7289,117
44.1756,-72.7961,11
32.3664,-99.1925,144
46.2858,-105.2919,244
42.0500,-122.8500,114
46.7322,-121.5728,17
40.9475,-76.8786,111
40.6222,-91.3339,200
24.6589,-81.2761,278
41.1056,-100.9775,128
30.1192,-85.2042,222
44.6353,-70.0003,11
38.1947,-81.3706,156
32.2600,-86.2181,228
47.6811,-117.6267,61
41.6331,-103.9542,106
40.1850,-105.8667,217
26.8400,-81.0872,250
46.4992,-87.8450,111
34.8358,-99.4239,167
35.6042,-91.2744,183
40.3700,-106.7400,104
41.5033,-88.1028,189
37.6411,-112.1689,78
45.8800,-113.3300,40
37.5339,-95.8269,172
39.1569,-93.8906,144
34.5731,-94.2494,161
30.9139,-83.8611,222
46.3153,-118.0022,39
46.1400,-114.5100,19
18.3494,-66.7525,217
41.3214,-84.7475,156
43.1086,-88.0306,128
45.3261,-108.9092,117
42.1619,-95.7836,111
35.4867,-82.9681,144
40.3706,-95.7469,211
58.1072,-135.4278,83
41.5217,-77.4478,106
39.3200,-119.8900,89
36.2747,-91.5056,172
45.1900,-119.2500,47
43.4403,-102.1431,161
34.4478,-119.2275,178
29.5175,-97.4597,172
30.4292,-91.2069,239
41.2211,-99.2939,156
42.0772,-91.3028,139
39.0017,-85.5997,244
42.0647,-92.9244,122
42.7339,-76.6592,122
35.8819,-83.9572,161
70.3289,-149.6114,-44
45.0194,-99.9403,178
38.5853,-92.1825,183
41.9519,-93.5656,133
47.2300,-120.2900,57
32.5344,-92.6889,167
44.6825,-91.1358,144
44.9467,-69.5456,0
44.6997,-87.3967,144
39.4411,-90.3789,178
61.3500,-142.7100,44
48.5397,-121.7422,72
33.6631,-82.1897,194
44.3272,-91.9194,256
48.4983,-109.8014,94
38.5961,-122.6014,256
38.3486,-92.5808,167
41.6397,-84.9897,156
46.1200,-117.8500,66
37.4400,-108.0200,90
41.7675,-72.0531,33
39.5600,-114.6300,140
40.4119,-79.7244,150
48.8700,-121.7900,65
40.8800,-106.0500,38
61.0800,-146.3000,66
34.3325,-96.6789,150
47.8344,-120.0006,122
36.2911,-77.9822,161
40.9461,-72.3069,111
29.4589,-103.4994,167
45.5853,-69.7186,28
58.3814,-134.6450,83
32.5067,-97.3444,222
42.1231,-111.3133,83
59.7667,-151.1667,-83
39.6600,-110.3800,100
60.6200,-149.5300,66
42.1847,-75.1456,83
46.1047,-110.0500,172
39.9667,-83.8167,167
18.4311,-65.9917,289
37.8122,-109.0133,50
45.6444,-109.2675,239
35.5497,-89.7000,189
34.1819,-118.5744,339
37.8700,-109.4500,111
41.4992,-80.4681,133
62.0700,-142.0500,68
40.5019,-80.0833,178
43.1003,-78.9436,128
47.2472,-122.4122,128
28.4675,-98.2525,183
30.2650,-89.7697,217
26.8261,-80.1489,256
46.7800,-121.7500,79
34.4883,-87.2989,194
29.1853,-102.9622,206
43.0731,-77.3019,117
43.3456,-111.7847,117
35.7072,-82.0289,167
41.7019,-121.5011,83
40.0800,-106.6700,56
39.1881,-78.1514,128
43.6064,-93.3019,133
42.7100,-109.4100,107
31.8353,-110.3553,161
44.2308,-74.4383,61
37.7092,-78.2886,128
39.5719,-103.2922,100
42.5400,-90.6461,156
48.6061,-100.2911,144
41.0600,-106.7100,81
33.7367,-90.7444,183
36.9028,-82.0383,167
32.8856,-116.8150,239
33.8400,-101.8581,144
36.1533,-109.5394,294
42.1103,-102.8967,117
32.4514,-93.8417,250
39.4247,-92.8106,150
45.7728,-92.6886,150
35.4017,-99.0583,150
36.1483,-85.2650,172
35.0567,-83.1983,150
41.9117,-89.0708,178
47.7517,-90.3283,94
38.3100,-119.6000,102
36.2472,-121.7803,222
43.3828,-95.1842,194
41.5500,-72.7167,89
38.5547,-107.6872,94
38.3197,-76.4525,217
37.9825,-103.5439,100
64.7900,-141.2300,31
46.8100,-116.8500,85
36.0719,-99.9031,144
47.3467,-102.5869,167
41.7594,-104.8222,206
33.7158,-108.7769,78
33.8103,-91.2778,189
46.8700,-121.5300,61
35.2489,-106.5950,111
46.9692,-120.5400,11
35.5544,-100.9736,156
47.6800,-121.6100,99
46.1300,-113.3100,-13
42.5189,-93.2536,156
37.2092,-112.9814,183
39.1247,-97.7047,139
44.6856,-104.6028,117
44.2100,-103.7900,104
37.2614,-93.5911,178
40.9100,-110.5000,87
40.5764,-105.0858,211
37.8183,-96.8444,128
32.2542,-111.1961,294
59.2381,-135.4494,67
34.2208,-95.6150,183
35.1072,-82.6256,133
38.8700,-87.0917,250
40.4356,-85.2892,178
31.7831,-95.6039,133
47.9900,-120.5700,68
48.3700,-116.6400,53
32.1225,-96.4867,161
40.7400,-109.6700,122
45.3581,-86.8911,167
38.2144,-98.2078,150
43.5817,-84.5889,106
40.8600,-110.8000,132
39.7122,-111.8319,194
37.6800,-112.8600,90
40.3800,-115.5300,137
36.4300,-80.1789,144
32.6406,-96.9747,306
40.1275,-79.4058,133
30.0689,-94.2928,244
35.8667,-95.2333,189
45.1308,-90.3439,128
34.1892,-101.7022,211
37.6497,-86.4308,183
35.6200,-103.0072,128
41.3053,-86.6286,189
38.8183,-106.6086,183
39.2975,-87.9747,167
45.9647,-94.8892,161
42.1611,-83.7819,178
37.6467,-115.7461,167
43.4583,-89.7269,172
41.2019,-90.7417,156
41.5747,-90.4006,172
41.9539,-70.9572,128
39.8914,-94.3600,122
42.6472,-78.7111,117
45.5900,-95.8744,156
40.6100,-111.1000,111
35.6967,-80.6228,161
39.6500,-105.8700,75
41.0664,-86.2097,178
35.0761,-89.7430,183
42.0997,-76.8358,89
37.9567,-122.5447,261
37.2669,-83.6500,194
37.3858,-109.0750,111
36.7297,-76.6014,217
64.8569,-147.8611,6
39.3200,-114.6200,106
43.2300,-122.4300,67
36.8583,-83.3303,128
40.0825,-93.6086,144
38.6800,-111.6000,57
29.8100,-99.2497,156
40.9319,-103.8678,106
33.7869,-116.9583,322
64.7581,-147.3253,44
43.3339,-88.2978,139
39.7086,-116.0494,128
46.8572,-95.6056,167
35.5461,-99.7278,156
40.5319,-80.2172,156
42.6178,-71.9158,44
35.4442,-88.7244,178
37.8444,-120.2258,139
43.2100,-111.6900,121
36.8144,-83.3144,183
44.8197,-120.7533,-11
46.1000,-113.1300,7
34.9142,-98.2922,161
39.8144,-74.7883,194
30.3519,-101.2519,161
40.0739,-87.5067,189
60.4906,-150.9189,67
47.2800,-121.6700,114
33.7572,-116.7067,256
39.7833,-79.9167,167
42.6475,-89.0644,156
38.8592,-96.1058,133
43.7047,-92.5644,117
32.8672,-116.4194,256
30.0206,-92.7681,233
47.6000,-114.6833,22
38.6700,-119.6100,93
41.1839,-97.5500,133
41.8450,-96.7142,139
45.4442,-105.4072,256
46.4533,-87.3039,128
39.7750,-93.5358,139
37.1278,-80.4033,128
38.4947,-83.0183,161
41.2211,-96.7775,133
42.7292,-110.9297,67
33.6744,-95.5586,178
34.3086,-95.9969,161
42.0931,-72.8036,33
40.5092,-106.0056,156
40.1358,-74.9550,178
40.4400,-112.2400,129
32.7228,-101.9456,133
36.0608,-86.9064,194
40.5411,-121.5767,50
42.5692,-72.9956,106
33.6025,-117.8803,250
43.8900,-107.0600,82
41.5239,-112.0436,278
26.1686,-81.7158,239
40.6200,-111.5300,139
38.8969,-78.4678,128
33.5972,-85.0806,194
46.3119,-119.2633,83
40.1519,-89.3386,156
37.3875,-75.9744,211
36.2642,-90.9683,183
33.2353,-117.2322,283
44.8300,-118.1900,74
41.3197,-96.3672,194
38.2200,-80.8939,144
35.5164,-78.3458,222
47.0022,-118.5658,200
30.8264,-82.3606,228
43.1828,-104.6036,167
26.2422,-98.3992,200
34.2878,-85.9681,183
42.2619,-96.8636,117
41.8300,-115.4500,83
44.1100,-103.9800,101
39.4039,-86.4530,150
40.9464,-90.3856,167
39.2836,-86.7703,167
41.6600,-115.3200,127
43.2436,-116.3783,139
46.0289,-110.5100,50
30.5347,-94.4456,206
40.5003,-75.2044,100
43.7022,-95.1519,128
43.1003,-88.5036,144
36.9092,-119.0883,328
32.0339,-88.7100,211
40.8533,-76.7892,122
40.5100,-79.5458,150
42.1342,-77.0692,72
46.8100,-121.3300,49
43.7500,-110.0600,81
46.6500,-109.4800,89
32.8556,-100.4611,183
37.6178,-86.5044,183
37.0244,-85.6986,183
29.2000,-96.2653,200
34.3700,-111.0100,158
38.5278,-81.9153,161
31.4269,-94.8942,139
42.3328,-75.2297,78
44.4000,-107.0600,36
41.3575,-79.2172,117
39.4667,-80.1333,178
39.2872,-112.6519,211
43.9761,-75.8753,139
38.0803,-78.8750,133
44.8500,-113.8400,54
48.3425,-114.0217,56
46.4800,-115.6300,72
25.8603,-81.0331,250
35.2522,-106.6347,128
40.9486,-91.5647,144
28.4658,-98.3539,183
46.4178,-104.5164,228
62.8256,-149.9061,28
42.1492,-112.2872,267
48.7647,-114.2842,-56
45.7189,-97.4769,178
18.1281,-66.2642,228
39.6381,-105.3150,50
39.4133,-79.4000,139
64.8939,-147.8753,0
44.4233,-118.9594,11
47.7100,-123.4600,40
39.9614,-86.0586,156
36.7200,-106.2600,112
33.9511,-117.3881,283
43.7292,-98.7131,161
40.7361,-95.6431,133
29.9592,-91.7108,228
38.4294,-96.2189,133
40.5375,-81.9197,161
33.0217,-117.0814,267
39.6361,-91.2494,194
37.9647,-87.5783,222
39.6678,-95.5200,172
37.5300,-110.7203,144
21.2717,-157.8167,261
40.9300,-111.8100,151
40.9500,-110.4800,81
41.9342,-88.7756,178
35.1086,-103.3283,272
37.4414,-100.9792,294
37.0286,-112.5367,300
38.4683,-102.2169,167
38.7386,-87.4878,178
46.1800,-113.8500,16
46.7781,-90.7653,144
45.9336,-90.4506,133
29.2694,-103.7575,167
40.1433,-91.5158,161
38.8678,-115.0167,117
43.7467,-93.7367,156
33.2725,-86.8336,211
44.2206,-114.9342,-39
66.5700,-145.2500,9
37.4664,-96.2714,122
36.9969,-119.7072,222
48.7272,-121.0722,89
44.7597,-92.8689,156
40.9400,-115.1000,136
47.7000,-121.6908,44
40.2964,-86.9028,178
39.8942,-85.3953,150
33.8706,-83.1136,172
37.8106,-79.9883,144
35.1842,-87.0422,194
38.5500,-119.8000,107
41.4900,-119.0000,119
43.1114,-100.6083,150
45.9511,-86.2514,172
45.2400,-109.4600,96
40.5739,-74.8811,111
38.9039,-78.1822,133
27.2169,-97.6956,222
45.5500,-122.0000,111
43.6600,-122.2100,139
40.8600,-115.2200,173
44.6828,-107.0089,117
39.1342,-93.2225,178
37.6458,-90.6944,172
46.2450,-91.8047,156
34.6053,-81.6628,172
37.0222,-100.9294,172
40.2156,-100.6203,139
36.2469,-86.5631,189
40.8222,-75.6961,111
40.9800,-110.8500,110
40.7514,-74.1567,128
35.5158,-86.0875,183
39.6000,-106.5400,100
44.2394,-95.3153,150
42.4344,-83.9858,183
39.1742,-86.5214,167
43.4122,-83.9561,144
38.1678,-109.7597,178
38.0328,-78.5225,139
29.3167,-100.4144,178
35.9067,-85.4750,183
46.5044,-122.5939,44
33.3592,-91.0600,300
42.8103,-98.6558,167
42.6333,-91.8633,133
36.3225,-95.5808,150
42.9750,-82.4194,194
29.7856,-92.2047,233
28.9606,-98.4772,189
40.0503,-101.5325,278
42.8200,-110.8400,90
47.4825,-100.4444,178
32.0161,-97.1094,222
35.2622,-88.9892,189
39.9961,-86.3542,228
42.4422,-76.7586,94
29.7653,-81.4697,233
41.0569,-100.7494,156
40.1900,-111.3600,148
34.0864,-116.5622,222
40.6972,-75.2042,111
43.5700,-111.2100,97
46.8325,-87.7503,172
46.1900,-122.2500,64
38.0264,-107.6725,89
35.6394,-84.6650,167
34.0906,-82.5883,178
33.2422,-103.3611,100
37.2100,-105.1200,85
34.2614,-88.4569,172
43.1700,-110.1400,57
45.8775,-93.3147,150
36.4100,-105.3300,122
39.1300,-111.3500,106
58.2944,-134.6753,78
35.4583,-91.0561,250
35.9833,-83.2008,211
37.3300,-105.0700,115
37.3444,-108.5950,94
31.7633,-84.1869,233
36.4992,-80.6508,156
42.8700,-122.1700,50
43.7550,-74.2692,50
45.5100,-111.9200,31
37.0678,-78.9517,156
33.7569,-99.8617,189
42.2486,-84.7736,172
36.8350,-108.0006,294
44.0517,-96.5928,111
34.1175,-83.3045,172
33.8472,-97.6528,178
33.9167,-82.1500,178
39.8053,-120.4719,50
37.8444,-79.1303,156
45.5181,-122.6894,139
18.4308,-66.4661,267
35.4417,-100.8114,111
44.2644,-105.4919,233
45.4956,-110.5589,217
42.9011,-87.8494,194
37.7967,-121.5828,300
40.0744,-75.3178,150
47.3389,-108.4983,100
60.7300,-150.4800,92
42.5497,-78.5767,178
35.0714,-83.9683,156
45.2436,-109.7311,178
35.1489,-98.4658,150
41.2458,-111.9369,178
38.7744,-84.9672,178
39.2142,-96.3703,122
33.6461,-97.0592,178
38.6753,-93.2228,161
42.7500,-73.6833,83
38.3706,-110.7153,317
64.7856,-141.2036,22
42.7200,-123.2000,158
47.4883,-111.2781,167
29.3092,-97.4061,183
45.4078,-96.8619,122
43.0908,-73.1244,28
41.3283,-88.9106,183
45.1900,-115.9700,41
37.8958,-90.8411,167
41.4764,-75.1653,72
41.4453,-96.0928,139
44.4700,-112.9800,44
43.4406,-88.6325,133
46.9589,-95.6472,244
39.2425,-87.3906,189
32.7600,-79.8489,211
32.7692,-94.3592,167
42.9447,-117.3389,61
44.9131,-73.8222,161
44.0869,-87.6522,167
35.0883,-107.5178,206
43.6425,-123.5828,94
47.7500,-121.0900,54
48.2064,-94.3939,106
46.6400,-121.8300,82
44.0122,-97.5242,156
38.5744,-109.5458,333
45.4525,-99.3358,156
31.2503,-89.8361,217
44.2600,-106.9800,82
34.1206,-115.8500,306
48.0508,-92.7636,139
45.0456,-92.8522,144
37.1317,-99.0556,106
40.6742,-100.4936,133
34.0219,-85.9878,211
39.7750,-105.1169,83
39.6200,-106.3800,104
35.4322,-84.5833,178
38.7569,-82.8872,161
38.8008,-81.3583,139
35.1581,-92.7672,272
42.0417,-93.8906,122
41.5975,-99.8258,133
39.1400,-111.5600,124
41.7092,-87.8761,178
36.2633,-98.4975,144
37.6200,-107.0300,48
44.1431,-87.5678,128
41.0233,-100.3669,289
44.6342,-123.1900,72
32.7744,-101.4539,222
34.5528,-86.4450,189
41.6700,-116.0700,105
40.9361,-90.7197,161
31.8075,-94.1642,178
45.7081,-89.8489,128
37.8994,-86.7072,156
40.6986,-95.8867,128
43.0219,-78.8467,189
41.7394,-75.4464,83
33.3000,-81.0306,206
39.2500,-119.8800,145
40.9700,-111.8100,119
42.7256,-94.1953,150
45.0800,-117.5500,91
42.5700,-78.0406,106
33.7044,-115.6289,256
43.7806,-89.3169,167
36.3817,-119.0264,178
39.3000,-106.1100,87
43.5397,-109.6553,100
27.1353,-98.1203,183
41.9300,-79.2969,100
43.3050,-76.3939,111
33.8847,-88.9867,183
34.3942,-104.2503,283
40.0136,-74.8178,144
32.6094,-83.6164,156
41.1500,-106.9700,115
39.4078,-88.7739,178
39.1078,-113.9533,267
38.5019,-94.9597,133
39.2453,-112.1067,211
38.0303,-87.2736,228
37.8792,-121.9303,217
61.0700,-149.4800,52
64.8500,-147.8000,36
38.3772,-120.8008,211
33.3953,-87.0078,217
63.2000,-145.6300,42
34.7986,-96.6692,144
34.3347,-80.7030,194
33.4692,-88.7822,194
39.7417,-74.7258,156
41.0347,-74.4233,94
44.6167,-121.0011,-39
40.3600,-111.0900,64
48.9711,-97.2417,172
41.3414,-85.1292,150
43.1878,-103.2372,172
39.3731,-90.9053,189
42.2122,-71.1136,100
40.5453,-102.3411,100
30.1592,-96.3972,189
35.7108,-76.1269,222
42.7600,-110.5900,85
34.6847,-81.1958,178
48.1900,-118.4600,74
40.2528,-108.6406,111
41.2469,-109.5967,111
42.4647,-79.0031,117
46.1972,-108.0039,111
41.1439,-99.7633,222
1.0833,154.8000,283
34.5786,-83.3319,172
44.3514,-87.8120,117
43.3544,-71.7364,67
30.7806,-85.5503,222
38.9267,-97.2128,228
35.3400,-111.6500,92
40.9239,-87.1753,172
45.9306,-119.2956,94
59.4547,-135.3136,67
45.1872,-69.1839,11
39.0100,-114.3100,112
41.4619,-84.5272,144
40.8236,-94.0475,139
39.7772,-98.7783,122
41.3247,-93.1008,178
33.3614,-93.5675,172
46.5053,-120.1678,156
32.2314,-98.2319,183
47.2919,-88.4208,150
44.3500,-107.0100,49
36.7578,-90.4056,161
31.6756,-89.1236,206
47.5369,-94.8297,194
40.4044,-111.5289,72
37.6600,-112.7400,105
34.7292,-98.5694,194
32.8117,-111.6314,367
45.2700,-118.8500,40
34.1936,-97.5881,167
37.4747,-88.4122,183
34.6189,-89.1911,183
38.1878,-80.8483,156
42.9203,-77.7558,122
27.7792,-97.5056,194
34.9078,-81.9139,189
36.6953,-78.8808,161
15.2136,145.7497,306
43.6253,-84.0189,150
43.9158,-83.0831,144
43.3750,-87.9403,172
44.3089,-85.2050,133
42.8089,-72.0053,50
43.6100,-113.9300,67
38.0733,-88.1805,183
44.0981,-93.2308,139
46.3200,-121.9400,69
43.3008,-89.3269,150
46.0544,-90.5217,128
38.3422,-83.1036,156
40.3000,-111.2600,98
44.5767,-106.9061,128
45.2219,-70.1983,50
26.7897,-81.3045,233
46.1000,-121.9600,43
41.2400,-106.2300,75
37.3781,-89.6678,194
37.5700,-112.8400,95
36.6633,-80.9139,150
46.8167,-117.8831,128
30.1925,-103.2717,117
44.6100,-122.2300,62
42.9986,-84.0744,139
41.2400,-120.7900,67
36.8981,-96.9103,139
40.7808,-115.1853,206
48.9992,-108.3894,178
35.6872,-90.0964,211
44.5900,-111.8200,56
37.7308,-89.1658,189
42.9919,-97.8703,156
39.3686,-89.0867,167
35.8989,-98.9603,156
34.1797,-102.1356,217
46.9244,-114.0911,61
33.2425,-79.9869,217
39.0900,-114.9000,126
46.1100,-110.4700,76
43.8864,-88.7444,133
42.9500,-111.3600,83
47.0792,-96.7758,217
44.7500,-71.6303,17
46.6200,-121.3900,40
38.8800,-112.2500,149
32.9744,-82.8045,194
38.7000,-106.3700,48
44.4886,-110.0039,33
48.8000,-113.8600,0
47.5933,-91.6514,156
39.0744,-96.8983,156
32.3122,-102.5606,167
43.7117,-75.4258,100
44.6392,-85.3250,189
39.6442,-74.8072,139
44.5272,-69.6544,56
48.6928,-116.3103,106
64.8833,-147.2500,0
34.1333,-94.7000,194
41.3300,-106.3800,66
38.9817,-81.5658,144
47.0036,-114.4781,33
42.4400,-122.2300,103
46.9300,-110.9000,-1
36.7081,-98.7094,144
30.3703,-103.7808,189
44.5733,-116.6753,211
40.3000,-75.1333,122
34.3697,-102.1175,117
40.7042,-93.3697,133
38.3000,-119.5500,97
30.3303,-95.4831,206
34.2414,-85.1583,183
40.4056,-81.3436,167
42.8267,-71.6261,11
39.2103,-93.5297,156
47.2508,-93.5861,144
55.4908,-132.6222,100
44.6100,-116.9800,86
39.6633,-77.5828,139
38.7842,-93.8008,156
43.9000,-75.0367,83
42.2614,-103.5189,222
32.7572,-97.0736,206
47.4600,-115.7100,64
45.8700,-110.9300,62
35.5953,-88.1175,183
40.1692,-79.1411,89
36.4161,-82.9839,172
36.6897,-108.3086,189
39.1092,-104.5997,156
47.2992,-96.5161,167
44.3547,-89.0592,117
40.6117,-122.5281,172
43.8567,-70.4664,72
40.8800,-110.5400,76
31.8708,-85.4500,206
45.1322,-85.6472,172
47.3714,-102.7606,133
37.8639,-94.0156,128
37.2275,-119.2206,100
37.1397,-91.6272,144
28.6836,-95.9733,211
38.6611,-80.6969,144
30.6669,-81.4525,239
33.6267,-100.3369,156
58.1422,-133.7386,61
40.4897,-103.0822,122
43.0519,-88.1775,156
34.2594,-106.0931,294
47.6775,-114.2419,183
32.5575,-82.9000,206
37.2556,-81.2264,139
41.9844,-71.4908,61
35.5453,-82.6986,156
42.4733,-91.4517,156
44.4300,-120.3300,68
40.1239,-102.7214,117
36.0642,-97.2128,139
34.2169,-80.2392,200
25.7553,-80.3836,250
43.5858,-84.7697,144
46.7900,-110.6800,36
65.0800,-145.8700,-999
31.1769,-83.7492,211
40.6458,-91.5639,167
45.0483,-93.0958,261
30.3367,-96.5403,167
43.4106,-88.1939,128
44.6197,-91.9794,183
37.4900,-112.5800,78
41.4100,-111.5400,138
39.3600,-106.0600,72
33.4625,-111.4814,378
33.5597,-91.3850,189
34.5475,-101.7614,133
30.3636,-95.0839,194
46.2719,-106.6744,178
48.1700,-109.6500,7
41.3214,-92.6467,128
44.7900,-111.7100,52
44.5478,-107.7633,111
46.3414,-86.9242,156
41.7003,-77.3872,100
34.0050,-118.4139,256
38.9331,-120.8008,189
34.5658,-96.9503,167
63.3100,-147.6500,31
40.9678,-106.0003,150
43.0597,-89.4819,139
44.2333,-85.4217,167
31.8967,-85.0375,206
33.9294,-93.8583,172
45.0900,-71.2906,39
44.8872,-116.1047,183
38.8400,-119.8900,92
39.0900,-107.6300,59
32.2061,-90.5133,261
33.4847,-89.6244,161
39.2583,-111.6306,200
42.6772,-75.5067,117
43.2356,-99.4339,178
45.4650,-91.1236,156
33.1144,-91.2628,172
42.3000,-110.6800,100
43.0803,-88.8967,144
43.7333,-71.4833,78
36.4783,-77.6717,183
37.7928,-86.2325,178
29.4631,-90.3072,244
30.0747,-99.1081,150
35.8722,-76.6592,244
47.8947,-92.5336,139
40.9025,-90.2897,172
44.4628,-87.5050,133
41.1169,-81.0094,150
35.6494,-94.1542,167
58.4111,-135.7089,72
39.9969,-79.5964,161
35.4206,-82.1878,167
44.0700,-70.7467,22
40.8917,-74.3961,117
40.7600,-111.6300,149
48.1300,-115.6200,21
31.8347,-100.9828,206
37.1997,-108.4892,156
41.1531,-102.6400,100
40.0375,-106.2039,94
43.6514,-97.7847,172
43.4892,-99.0631,194
34.1142,-109.8589,89
44.5664,-113.8953,44
44.2992,-92.6661,111
40.4644,-111.7708,278
33.0725,-82.0061,194
42.7300,-106.3200,109
24.7706,-80.9072,283
37.7558,-87.6456,183
38.9422,-92.3200,189
37.7767,-79.4386,139
46.8128,-100.9097,206
42.9375,-88.0297,156
40.1200,-75.5011,156
21.6369,-158.0536,244
42.7831,-71.4147,17
44.0500,-71.6667,56
36.1617,-81.8742,133
40.3544,-96.1939,133
62.9583,-155.5903,28
36.2147,-112.0620,200
35.7522,-87.7958,244
43.9906,-97.0925,194
45.5794,-94.3919,239
45.1000,-121.7500,74
41.0517,-95.7492,122
25.5819,-80.4361,283
41.8417,-73.0086,17
32.5339,-96.6608,206
37.8800,-107.3600,44
43.4156,-83.2894,161
36.1839,-105.0608,133
44.6650,-72.0233,-28
31.9353,-109.2186,183
40.0267,-98.0692,144
40.1100,-107.2900,79
38.9933,-105.8919,-11
37.0156,-82.3214,150
39.4761,-88.1653,239
46.0258,-68.4975,56
42.0283,-84.1108,150
66.7500,-150.6700,3
37.6667,-93.1067,167
40.8997,-97.0908,122
20.5569,-156.5750,222
40.5800,-110.5900,88
40.7294,-114.0383,261
37.0875,-82.9925,144
39.3389,-78.7728,133
45.4200,-110.0900,13
39.6261,-106.0353,11
42.9164,-83.5097,139
40.2650,-74.5642,128
35.5083,-98.7750,167
33.9800,-109.5000,66
18.1506,-66.7719,256
35.1722,-111.5097,150
37.9233,-95.4242,183
46.3308,-111.5378,194
32.9544,-105.7353,178
33.1964,-95.2236,150
44.6500,-109.7800,57
25.6719,-80.1567,289
42.0025,-76.6383,83
38.1964,-99.9181,128
44.8797,-87.3356,161
42.8133,-83.8039,139
43.1878,-88.9844,111
36.2981,-86.2631,189
37.5122,-119.6331,117
30.0986,-83.5742,244
36.6667,-80.4481,144
39.0500,-111.4700,109
32.7306,-111.6917,272
36.4975,-87.3356,194
47.8664,-93.0267,167
35.8306,-91.7944,172
40.4000,-105.9600,30
37.2008,-80.5864,144
32.2842,-83.4681,200
28.8728,-81.7844,233
36.4742,-79.7433,156
41.7644,-105.3750,161
45.8900,-110.9400,59
35.8092,-85.6417,189
18.2972,-65.2900,294
36.3561,-91.8036,178
30.2875,-81.3928,256
46.1081,-123.2058,150
44.3000,-122.0400,119
32.6400,-117.0858,256
43.3772,-72.1811,128
42.1717,-100.0106,256
35.7103,-88.8222,194
42.6325,-72.1233,133
40.1100,-87.9567,178
47.2436,-93.4975,150
40.0500,-76.2742,128
39.6600,-78.9358,111
37.3339,-92.9097,161
42.7519,-124.5011,100
33.6133,-114.4706,333
40.8900,-110.8300,86
46.4900,-115.8000,5
42.4400,-105.8600,102
39.9436,-104.8361,161
37.6100,-105.3700,51
41.5200,-117.6300,144
40.2333,-100.8300,144
35.6381,-87.0864,189
44.3800,-116.3400,132
46.0081,-114.8442,100
44.0303,-71.1383,11
34.2281,-97.2014,161
48.3511,-116.8353,183
46.8736,-89.1006,156
48.9800,-121.0800,62
34.2939,-82.5328,178
36.1075,-85.5033,183
42.0494,-90.7489,128
38.5417,-90.9753,233
33.4678,-88.3847,217
36.4914,-118.8253,194
45.6911,-118.8522,144
39.4136,-114.7733,167
43.4458,-86.0264,167
33.8083,-79.8567,211
44.7900,-116.0900,24
40.7833,-81.9167,133
32.8978,-90.8853,200
48.8744,-104.0503,100
31.2581,-95.9744,161
62.6211,-141.0061,-6
36.4261,-94.4481,256
40.6683,-84.9300,172
47.9361,-110.5022,56
36.2131,-84.0603,156
42.5192,-76.3311,122
31.4364,-100.8781,156
41.6653,-88.9781,172
39.8900,-110.7500,132
46.3500,-121.5100,51
37.1089,-92.5789,161
41.9164,-84.0158,206
60.9800,-153.9200,104
38.7983,-94.4436,150
29.8097,-101.5603,200
42.4467,-72.5300,28
38.1869,-94.0281,156
34.6736,-86.0536,200
43.4867,-110.7614,67
41.4014,-102.3464,150
45.6778,-121.8736,100
42.1003,-78.7497,111
44.8358,-123.4525,39
34.8492,-89.1597,183
44.8400,-114.2700,32
38.9547,-119.7758,111
45.1708,-87.1536,178
37.6664,-77.8769,150
40.3500,-106.0900,42
44.8742,-91.9364,117
41.0625,-96.0069,156
35.2683,-91.7164,189
31.1681,-81.5022,244
42.8744,-109.8581,194
41.5683,-117.8389,172
30.9592,-81.7072,228
35.8917,-105.4481,206
38.6100,-119.9200,79
38.7003,-82.4736,144
39.3739,-97.1275,128
35.0700,-111.8400,100
34.5500,-84.2500,228
60.5500,-145.7500,79
36.4700,-105.1900,105
42.0650,-94.8500,117
45.1703,-84.4397,122
44.8550,-85.8353,189
28.4558,-81.7233,244
37.5422,-122.0158,233
40.4750,-86.9919,172
32.7481,-109.1214,261
36.9861,-94.3553,156
37.0556,-80.7842,133
40.8344,-76.1353,106
42.7828,-71.7986,83
29.8608,-98.1958,200
62.1925,-150.5033,44
5.3544,162.9533,294
31.5536,-99.8500,322
40.3333,-76.4667,161
41.5800,-120.3000,116
47.1600,-121.4200,73
42.6333,-89.3867,133
43.7003,-71.4664,94
44.9153,-69.0539,56
34.2314,-87.6353,211
40.3764,-80.6283,156
45.7717,-108.4811,156
31.7119,-110.0686,239
34.5208,-106.2606,128
43.7483,-101.9414,278
43.8081,-82.9939,150
40.9442,-90.6381,172
34.4406,-85.7236,194
42.9383,-114.4169,106
43.2386,-76.1964,111
45.0100,-93.3792,211
46.6803,-92.9542,128
34.3592,-116.5378,250
44.9342,-95.7461,144
39.9058,-91.4281,189
43.4500,-122.1400,64
43.6700,-122.5700,138
38.9389,-94.3558,133
34.3344,-86.3297,200
38.3769,-84.3031,167
39.8800,-107.6000,82
36.0286,-99.3464,139
40.8728,-78.2161,122
39.9808,-95.1464,156
35.2150,-100.2503,144
43.0300,-109.1700,85
39.2203,-105.2783,94
29.1967,-81.0083,261
43.7300,-113.8300,66
36.3211,-87.2217,194
32.1614,-94.3397,167
42.5719,-72.5975,39
38.7778,-80.9636,133
35.3683,-85.7014,172
37.1503,-104.5567,89
31.9850,-83.7747,211
44.4169,-71.5008,17
40.5208,-101.6550,128
43.7028,-88.9989,111
28.0547,-80.5511,250
40.9461,-83.9614,200
46.0333,-97.5950,233
43.7917,-72.2578,11
38.8711,-98.7053,139
44.3700,-110.5800,13
26.1408,-80.1061,272
34.0044,-100.8250,156
43.8600,-109.3200,77
39.7133,-90.2286,172
42.7536,-92.8022,128
44.6467,-84.1158,183
35.6031,-83.7781,144
30.0969,-94.0997,217
67.2500,-150.1800,5
37.0864,-80.1422,128
45.8003,-91.4594,228
39.5572,-107.7261,33
47.3000,-121.6000,105
38.6361,-95.8031,167
31.4403,-98.5903,222
47.2700,-121.3400,64
37.1786,-104.4869,194
37.7511,-103.4775,117
42.8267,-105.7878,133
44.1150,-103.2828,239
60.3900,-149.6900,69
42.9503,-100.9450,167
43.8769,-103.4578,133
36.0086,-93.5206,150
40.1347,-90.4792,183
43.5492,-121.9639,44
43.9900,-88.9411,94
33.4000,-105.7900,137
43.1433,-70.9500,200
44.9633,-92.3906,139
35.2511,-75.6047,222
37.1317,-86.1481,272
39.8000,-106.0300,34
41.7850,-70.9175,83
40.0333,-77.3000,117
39.8081,-110.2569,117
40.7672,-95.3800,144
46.6650,-88.3750,139
37.1561,-91.3589,178
45.0831,-91.3311,139
35.7800,-105.5400,88
39.7633,-104.8694,128
39.8544,-84.8778,189
37.5100,-113.4000,158
37.1550,-98.0283,139
38.9764,-77.4869,144
30.6036,-92.7739,217
45.2689,-122.3186,44
41.9211,-72.9636,100
41.0489,-77.9411,100
38.0500,-111.3400,105
27.0997,-80.2628,267
45.5333,-92.0222,133
59.7300,-150.6600,81
38.9000,-77.2664,167
67.4192,-150.1069,0
41.3100,-111.4500,134
44.0328,-88.1469,106
43.0769,-89.1911,128
29.7878,-94.6342,217
41.8900,-111.5700,105
33.8647,-117.8425,333
32.3500,-94.6500,194
29.8858,-81.2883,272
45.2100,-117.1900,41
31.8142,-93.0856,200
40.8600,-115.1200,133
41.4003,-79.8306,117
30.5831,-100.6503,161
41.5500,-116.0100,128
60.6100,-149.0600,72
45.8833,-91.0700,150
43.3606,-70.4697,28
33.9200,-109.4600,80
45.1278,-94.5347,150
29.9167,-99.7908,139
35.6414,-106.3322,122
65.2500,-146.1500,28
41.7944,-72.9319,122
47.6575,-118.1614,50
42.7914,-71.4736,11
38.2575,-119.2286,117
44.5400,-115.5600,14
36.7236,-102.4806,250
41.1381,-87.8856,156
48.8306,-105.4758,183
42.0786,-71.2381,56
39.8800,-86.0514,200
30.1061,-98.4286,161
36.3100,-115.6800,145
44.4139,-122.6728,44
41.7806,-88.3092,189
39.0981,-79.4322,100
36.1800,-108.9500,114
36.3894,-95.0597,167
47.3700,-121.4400,80
42.5100,-110.9100,116
34.0497,-94.7381,283
40.2300,-105.9200,77
35.9183,-84.8686,189
25.8175,-80.2858,261
36.1056,-82.8436,156
37.6000,-112.9200,89
32.3919,-93.7803,194
42.5700,-106.0900,111
25.9500,-80.2158,244
36.6122,-88.3083,200
40.7367,-122.9403,156
35.5247,-111.3703,211
37.2633,-101.7886,111
28.1136,-80.6539,239
36.7056,-79.8650,150
31.4825,-91.8628,222
63.7175,-148.9692,0
33.4517,-90.5097,206
45.0600,-109.9400,31
40.6700,-111.2200,144
44.2994,-120.7264,22
42.6856,-78.2203,111
42.5319,-88.3325,172
46.5372,-92.1186,233
45.0100,-110.0100,36
41.9700,-118.1900,139
37.6331,-91.5364,222
34.7544,-83.0750,178
40.4803,-83.8131,172
43.4700,-107.2400,82
41.6853,-98.0083,133
43.8619,-89.5620,161
39.9367,-120.9475,44
48.0600,-112.7600,36
43.7383,-116.2022,178
43.0719,-88.0294,150
36.1631,-81.1494,156
45.7206,-118.6264,-6
38.2100,-111.4800,101
33.6989,-80.2003,200
35.4606,-81.3289,183
48.5200,-120.7400,25
32.7750,-92.4075,200
40.4006,-110.7586,89
42.2600,-112.1300,168
39.6186,-87.6672,133
43.6300,-113.9700,94
47.9711,-89.6908,128
36.7672,-119.7092,228
40.2872,-78.7242,106
35.7269,-118.7006,111
44.1183,-121.2103,11
45.8000,-112.5200,56
45.8328,-109.9503,211
33.8228,-92.3989,189
38.0936,-102.6306,128
37.5339,-83.3492,133
36.0147,-85.1314,189
60.1900,-149.6200,78
39.2647,-77.2319,133
39.4500,-115.9800,132
37.5200,-107.3200,85
36.7900,-92.2192,172
42.7325,-114.5192,117
46.1458,-98.0919,161
45.3200,-121.7200,92
31.9356,-109.8378,311
37.3800,-106.5500,77
34.3950,-80.0486,200
40.2539,-85.1483,156
47.8600,-117.0400,87
39.9356,-77.2578,144
41.5325,-70.6589,94
45.0000,-117.1700,28
33.6483,-85.6006,189
40.4300,-105.7300,62
45.8081,-96.5042,161
42.4694,-75.0106,44
43.0675,-83.5919,122
60.4194,-151.1336,83
39.6600,-105.5900,81
41.9983,-72.2606,39
69.4200,-148.6900,-8
39.1181,-88.6244,178
61.3800,-149.0000,105
42.7467,-71.0425,128
42.1164,-71.9075,22
43.7472,-105.7331,139
43.1017,-93.8014,150
45.5022,-104.4478,217
33.4164,-86.1350,222
34.1867,-118.3481,178
24.7425,-80.9819,283
42.4900,-110.5300,61
35.1867,-102.0797,128
34.8822,-91.2153,189
35.7297,-81.6728,150
46.0003,-91.5075,239
35.6000,-95.0500,172
36.3200,-115.7000,139
45.9353,-107.1375,72
33.1111,-91.9481,178
48.7167,-111.4747,6
46.6131,-115.7989,-6
44.2839,-83.5036,178
30.0858,-91.8694,222
35.0708,-96.3561,161
42.5039,-89.0311,161
41.7900,-111.5500,135
39.3475,-85.4892,194
41.5217,-76.4042,133
40.3986,-93.5839,144
40.4528,-74.8081,89
34.1647,-88.7239,206
39.9661,-75.0217,150
38.3772,-97.6097,133
44.9958,-88.3786,128
47.1175,-118.3714,6
33.1772,-90.4919,194
40.8839,-73.3722,111
45.9203,-96.8308,178
39.3200,-111.4900,144
63.9300,-145.3300,44
34.9786,-85.8008,200
35.9419,-85.7892,178
43.7953,-88.4533,117
44.7300,-109.9100,58
40.0575,-106.3681,6
45.5000,-110.9700,46
36.8047,-97.2764,139
44.3253,-96.7686,144
44.4200,-111.3900,33
28.6242,-80.8158,239
44.0728,-103.2108,156
40.9667,-78.5872,111
26.5581,-99.1372,200
42.3297,-78.4633,100
35.5158,-83.3056,144
38.2800,-119.6100,103
39.9400,-105.5900,127
44.6425,-71.8908,-11
39.1136,-108.3506,200
46.4800,-110.7100,67
39.9919,-105.2667,272
43.4036,-94.7472,111
36.4161,-81.4286,156
41.8467,-79.1494,117
40.7700,-110.0100,79
36.9825,-104.3753,61
42.5881,-70.8372,22
48.7800,-104.5678,89
61.4181,-142.9961,22
37.9900,-107.2000,52
43.3008,-96.5972,256
32.3850,-90.8753,217
37.2825,-109.5575,283
44.8500,-106.2889,239
40.1678,-110.3950,250
41.9953,-117.7200,250
33.8000,-109.1500,88
43.2828,-123.3536,100
42.3353,-111.3850,89
30.4183,-92.0442,267
45.6528,-84.4725,144
39.5008,-108.3794,178
40.3689,-105.5108,72
30.9392,-95.9203,156
39.7333,-82.2156,150
34.3850,-94.8981,122
44.0761,-98.5706,200
64.9500,-145.5200,70
29.7986,-98.7353,156
32.4219,-93.6381,239
42.2292,-122.3814,67
44.4100,-113.4000,36
43.4194,-82.8192,139
33.8017,-118.3411,250
40.2878,-109.9586,306
41.5167,-109.4703,111
45.1569,-67.4044,117
41.2200,-111.3600,111
32.5183,-94.7189,172
38.2456,-78.2703,144
34.1419,-80.8700,183
33.5950,-112.3014,383
33.7542,-99.1442,183
33.7775,-81.8467,178
34.6997,-83.7261,167
45.2700,-110.2500,65
41.3853,-70.5181,183
36.8639,-94.3600,156
41.5181,-90.5647,217
37.8156,-112.4386,28
44.1647,-72.6567,50
40.8500,-106.9700,105
33.9431,-114.0242,394
43.3042,-91.7953,272
35.5044,-82.5967,150
36.4258,-84.9419,161
40.0028,-86.8011,167
46.3911,-97.2392,200
44.4700,-114.4900,57
43.7900,-90.0597,117
45.2700,-111.4300,45
34.2650,-88.7658,211
37.7333,-105.5119,144
47.2800,-120.4900,68
40.7900,-106.6000,101
39.6100,-111.3000,125
40.6500,-115.3800,124
38.1600,-106.6000,57
43.7667,-88.4669,183
34.9797,-80.5233,228
37.2000,-93.3000,161
44.2553,-72.6006,33
38.2900,-105.8500,108
37.1317,-96.1861,128
64.8172,-147.8739,22
40.8208,-76.4983,150
34.5289,-97.7647,156
34.6044,-78.6481,200
45.8814,-111.4164,94
44.2581,-71.2525,11
37.8900,-108.2000,62
37.9672,-120.3872,139
39.3831,-74.8289,150
44.1600,-91.8122,217
40.8822,-91.0233,161
31.2842,-98.7589,178
37.1872,-95.4508,128
55.4772,-133.1408,111
35.2300,-108.2700,96
40.8800,-117.5900,161
27.1006,-82.4364,250
43.0100,-109.7600,104
39.4900,-106.1700,40
41.4175,-95.0042,111
42.0500,-91.5881,244
37.9458,-79.9542,139
44.1600,-107.1300,53
34.6539,-120.4514,228
42.6167,-97.2608,128
34.1942,-81.4150,183
30.3931,-89.0008,222
39.3478,-84.5897,172
43.1872,-124.2025,56
27.5478,-81.7994,233
32.7019,-87.5814,200
38.5167,-81.6453,139
44.4200,-72.0194,211
41.3489,-73.0694,117
40.3458,-94.8342,144
40.5903,-116.4750,283
35.1183,-97.6700,156
44.3744,-70.3164,11
39.4689,-86.0408,172
36.2333,-80.3069,150
43.9758,-84.4908,161
36.4819,-87.8628,194
39.5592,-97.6697,144
36.2283,-99.1700,139
33.3039,-94.1583,189
42.7000,-108.9000,72
36.1208,-97.0953,128
46.1800,-117.5400,58
45.6775,-94.8022,167
38.2186,-83.1431,150
29.0892,-97.3433,183
24.6278,-82.8736,267
37.4800,-107.6300,65
47.9967,-119.6483,78
42.5175,-84.6531,167
32.1433,-89.5525,194
40.4600,-112.2500,157
43.4136,-110.1631,144
35.8167,-104.9244,167
38.6550,-101.6961,106
46.0931,-115.5356,111
34.7961,-92.8417,183
38.6786,-88.4797,178
46.3953,-119.0711,17
45.8525,-105.0350,228
39.1400,-111.5100,100
47.6983,-120.3228,44
36.7925,-97.7458,139
43.6300,-115.4400,46
33.3503,-105.1400,306
33.0831,-83.2497,189
41.1247,-84.5919,167
35.9547,-107.0856,194
38.0700,-119.2300,97
48.4661,-107.3528,61
41.0211,-91.9553,139
39.7600,-107.3600,83
35.3042,-87.7592,183
31.6164,-94.6431,200
44.6453,-67.6494,89
41.2214,-74.6600,89
37.8117,-95.4456,122
44.5028,-72.2203,28
37.4314,-76.4414,206
44.0469,-82.9703,156
35.2947,-113.3664,111
40.6864,-100.0536,122
33.6900,-109.2200,80
45.9717,-109.2569,222
41.7392,-77.9711,100
32.4714,-87.2314,217
44.7242,-122.2547,72
26.8519,-81.5572,233
36.9906,-121.9911,189
39.2467,-121.0008,272
44.4667,-115.5667,17
37.9325,-87.3744,178
43.9500,-119.5400,72
31.1819,-87.4389,217
45.2500,-121.7400,78
35.5392,-86.2283,178
32.6997,-93.6619,178
32.3744,-92.9433,244
43.5278,-89.4342,122
33.3700,-108.7100,100
45.8864,-89.7322,133
37.2889,-96.9408,128
28.2764,-81.4239,250
68.6200,-149.3000,-19
33.7544,-78.8219,233
32.9506,-97.0553,189
34.2289,-84.1275,183
41.9200,-111.4700,84
34.2481,-80.6883,194
33.2544,-100.5725,161
45.0908,-91.4864,122
39.6567,-102.1192,133
44.8544,-92.6122,156
47.1500,-116.2700,52
41.8128,-88.0728,183
48.3164,-113.3542,61
45.3397,-92.9125,161
39.7489,-105.1206,128
35.7586,-82.2711,89
33.4408,-79.5672,200
44.5400,-107.1800,46
35.9308,-91.0547,189
40.5500,-110.6900,111
31.4461,-83.4767,178
48.4100,-115.3181,17
38.4800,-109.2900,122
36.9231,-90.2836,189
47.9544,-118.9997,189
42.6158,-82.5436,128
43.7639,-94.1661,133
34.9819,-97.5208,150
42.4100,-121.6800,105
38.8961,-101.7514,206
37.4536,-103.3219,122
35.9167,-76.2667,222
43.7300,-87.9714,106
33.8161,-111.9019,367
47.0239,-92.0700,133
39.7489,-104.9425,178
38.9189,-81.9114,161
33.6403,-96.1661,172
59.7000,-150.7100,84
47.0381,-110.7861,183
36.7458,-84.1753,167
35.2722,-97.9553,167
41.4000,-107.2600,90
39.1300,-107.2900,113
38.0694,-117.2355,161
36.9900,-105.2600,73
41.5700,-115.0300,103
26.2028,-97.6728,200
40.9900,-111.8200,157
44.9783,-93.2469,144
34.8928,-117.0219,267
47.7800,-121.7000,74
42.4697,-73.9267,61
42.5492,-88.8753,156
29.9347,-90.1361,250
30.2133,-97.9822,294
43.6253,-72.9781,22
41.4300,-96.4669,128
44.1400,-121.6400,36
44.6819,-83.2808,156
42.3417,-75.9653,106
27.5311,-97.8497,194
37.9700,-106.5600,94
40.3500,-106.3800,78
41.7372,-87.7775,211
42.4669,-83.3625,117
39.4500,-111.2700,76
42.9283,-110.1272,78
30.8878,-102.3008,200
35.9417,-86.8686,172
41.5667,-88.0833,189
39.1300,-114.9600,106
65.1000,-144.9300,35
41.2428,-89.8997,150
38.8100,-94.2647,156
42.6000,-90.4236,156
38.8203,-82.1822,167
40.9125,-89.0339,172
40.8603,-115.7425,161
46.5700,-115.7400,53
37.8133,-92.2319,183
30.8275,-100.1103,156
30.7478,-99.2306,172
48.6525,-121.6931,44
45.2172,-70.4825,-6
33.5714,-116.0767,372
38.6197,-80.3822,122
34.2192,-102.7328,117
35.4842,-98.4814,156
43.9092,-118.1522,89
34.2256,-92.0189,194
37.9561,-86.1161,183
36.9783,-91.3847,172
37.2592,-85.5022,183
38.9644,-97.0119,111
37.8500,-107.7300,39
39.8000,-105.7800,76
35.9172,-75.7000,233
39.1300,-111.4400,88
38.1150,-85.6444,206
32.7692,-89.1303,189
36.2500,-115.6300,176
39.3000,-106.6100,34
39.2475,-96.5994,122
41.5519,-89.5989,172
63.9033,-152.2817,11
38.6856,-90.5231,189
45.8864,-104.5478,183
42.1131,-73.5522,211
36.2994,-103.7408,89
42.9389,-72.3247,28
47.9161,-113.8389,39
34.9817,-92.0064,189
43.8567,-110.5889,72
38.2778,-85.7917,172
37.0056,-85.0617,178
46.4283,-67.8442,167
42.9675,-88.5497,178
61.7900,-149.2800,37
43.5900,-122.0600,57
64.9767,-147.5211,39
32.9403,-99.8036,183
32.4111,-87.0144,211
44.5564,-94.2208,133
42.2356,-74.1433,28
44.2100,-110.6700,85
40.0892,-99.2133,128
37.3822,-102.2986,228
42.6722,-122.6750,67
41.3589,-85.6997,206
46.6447,-88.4811,161
35.1808,-97.4378,156
34.3903,-79.0022,200
41.7600,-115.6900,126
36.0750,-87.3958,194
36.1014,-87.2847,189
39.3619,-123.1286,328
39.0147,-99.8722,133
31.5514,-99.7081,322
44.7700,-116.2500,28
60.4922,-149.8089,72
46.9914,-112.0122,206
36.1092,-92.1636,172
35.9500,-96.2833,144
18.3808,-67.1569,250
34.1944,-79.2472,200
43.3311,-88.4114,144
38.3311,-79.6586,156
61.1900,-145.6500,62
29.7956,-82.9178,239
45.9900,-120.8100,39
42.7742,-77.6083,189
40.2764,-99.7836,211
29.9100,-90.0342,239
36.7481,-98.3628,144
43.9181,-113.6317,233
35.3247,-78.6881,217
53.8950,-166.5433,144
35.2300,-111.8214,244
34.7994,-109.8850,300
44.8700,-118.1100,2
40.1808,-118.5100,278
43.2581,-72.0028,-6
40.0750,-76.0717,161
34.2067,-119.1375,194
31.5447,-90.4581,217
42.8783,-97.3633,167
42.8967,-122.1328,17
32.9964,-96.7428,217
40.9600,-110.5800,58
43.3500,-111.2167,122
38.8894,-86.5519,161
40.8556,-85.4981,161
38.3422,-104.0567,289
42.0100,-115.0000,109
36.1500,-96.2500,172
43.2794,-92.8106,139
39.0300,-106.0800,70
35.1803,-83.3928,194
37.7481,-92.1050,167
47.2800,-121.4700,48
29.4083,-82.8186,278
42.8503,-91.8158,133
42.7753,-91.4536,100
39.0636,-94.8958,139
64.8500,-146.2100,33
41.6800,-111.4200,105
35.8317,-87.4219,189
38.9133,-76.9700,161
43.5706,-91.2294,250
38.2900,-106.3700,81
32.3139,-97.4061,206
40.5492,-88.9500,172
44.7303,-92.4586,128
42.3861,-72.5375,44
42.9608,-90.1161,139
35.0681,-109.7689,289
62.1086,-145.5328,39
39.3136,-80.0297,139
45.4247,-97.3269,239
48.9700,-115.9500,22
40.8200,-106.7500,128
37.8300,-84.0347,144
34.8172,-102.4003,128
44.8000,-107.8400,51
36.3806,-84.8744,178
40.3100,-105.6400,119
45.4164,-91.7719,144
45.8383,-101.2767,183
34.1583,-89.6311,183
42.6667,-74.4333,61
42.8278,-90.7889,200
36.9769,-79.8961,144
37.7342,-89.9200,167
37.6553,-97.4431,167
39.4286,-105.0703,189
34.3725,-89.5308,189
47.0600,-112.6000,14
43.2700,-115.3500,99
39.8283,-95.0881,139
42.0981,-89.9842,222
38.8669,-99.3169,133
59.5272,-135.2319,89
34.3006,-83.8600,156
32.7667,-99.8900,178
31.6772,-88.6708,211
45.0058,-71.6903,50
48.1600,-113.9500,43
37.9531,-86.7747,183
44.2814,-92.1942,111
41.6458,-80.4250,133
41.8975,-78.7144,78
41.8200,-116.1000,128
42.8222,-99.7467,150
45.4803,-122.4664,117
36.9869,-99.0108,161
35.9200,-106.3900,107
38.6867,-105.3925,217
38.1150,-103.5100,78
31.9194,-108.3442,256
38.1872,-80.1336,128
40.8900,-111.0700,155
43.0558,-96.1525,278
47.3800,-121.0600,55
33.1525,-100.2333,178
36.6003,-78.3011,178
38.7403,-104.3994,283
41.7117,-93.0297,117
34.7056,-79.5683,233
33.9208,-96.3203,161
38.8522,-107.6236,106
35.7742,-83.0981,206
44.1300,-110.6700,27
27.8986,-81.8433,244
43.6700,-109.3800,58
41.9900,-120.1800,80
41.1311,-77.4336,128
39.6772,-79.7719,128
34.7508,-79.4664,200
43.7000,-109.6700,102
43.1808,-95.8528,133
47.6800,-114.0000,39
47.4661,-115.8114,-6
39.0900,-106.5400,31
38.9392,-92.8103,172
32.3478,-104.2225,139
30.3236,-96.1594,183
47.8358,-94.2556,161
27.4467,-82.5014,256
45.0333,-123.9239,161
44.0622,-103.4819,172
43.3086,-114.0667,89
35.2006,-103.6867,156
39.1700,-120.1500,110
30.4267,-101.0367,144
39.7200,-106.1600,52
35.4544,-93.4397,172
28.0394,-80.7172,233
40.0358,-107.9058,50
43.5200,-110.9100,122
33.1869,-102.8281,133
42.0347,-94.4114,122
34.5128,-93.0486,183
43.8322,-82.6428,144
39.0044,-80.4744,144
40.6653,-86.9550,167
46.6722,-120.4994,22
43.3217,-89.5311,122
43.1497,-124.4019,117
43.9364,-90.8164,128
38.6661,-78.3728,139
47.4597,-111.3847,72
33.9283,-78.3894,256
39.7808,-79.0411,117
41.0558,-80.0600,183
34.4278,-103.6250,183
44.5114,-89.5856,133
31.8367,-102.3586,178
42.7561,-93.2019,111
48.7600,-121.7000,93
40.5914,-90.4642,161
36.5194,-82.5275,194
43.3900,-110.1300,34
46.3450,-120.0289,11
41.1072,-88.4111,178
42.2050,-121.1314,44
36.3158,-119.6369,206
44.1186,-89.5358,156
39.4300,-120.3100,108
45.9000,-122.2200,115
40.1561,-106.9092,50
30.1853,-82.5942,233
33.5511,-97.8472,206
30.5833,-94.4000,206
42.9131,-98.8511,167
45.5958,-96.8283,189
36.4583,-86.3239,183
43.9300,-109.8200,79
33.3144,-99.2006,178
38.7075,-112.9539,278
63.9647,-145.1050,-6
37.4636,-113.2897,133
44.5078,-123.4575,78
44.8497,-93.5644,206
44.3747,-72.5822,50
46.5500,-121.1700,27
43.0608,-83.3075,128
39.6800,-110.4300,81
41.1042,-97.3094,150
36.5044,-96.7439,172
36.7764,-80.0272,161
59.3500,-151.8500,103
48.2783,-110.6019,56
37.9192,-122.3772,206
40.3814,-78.0753,133
30.5317,-86.4928,206
33.6500,-109.3100,76
30.2003,-92.6642,222
26.2167,-98.4000,233
41.8600,-111.5100,109
38.9536,-74.9358,194
40.6661,-96.1892,106
34.2903,-114.1708,300
38.6989,-90.6828,183
44.5900,-121.9700,47
46.1400,-114.4500,15
33.9664,-83.2911,183
44.5900,-111.1200,46
39.9714,-91.8872,150
27.1819,-81.3508,244
36.0336,-90.4978,194
39.2850,-94.9500,211
34.5883,-118.0939,333
40.0300,-105.5800,103
46.4700,-114.6300,5
45.6778,-122.6511,33
45.7300,-114.4800,18
40.6000,-111.5800,147
60.4500,-151.9167,-6
35.6842,-121.1683,222
32.3392,-110.9808,194
45.1100,-119.5000,85
33.4561,-101.0925,178
40.3503,-92.9492,122
40.7022,-105.7106,78
45.3014,-121.7417,39
29.4608,-101.0286,206
42.2031,-98.7467,150
44.0139,-96.3258,150
46.4700,-113.3900,6
39.1661,-85.9228,161
34.1922,-97.0858,156
38.0969,-83.1189,156
45.4283,-101.0764,239
36.7386,-103.9936,217
30.5844,-97.4156,172
36.8978,-86.1247,183
41.2700,-116.8000,143
43.1631,-93.1953,117
44.5781,-106.4472,156
35.3514,-101.3897,211
41.8158,-78.2872,94
45.7575,-94.2072,144
43.5697,-76.1164,117
36.0100,-114.7964,294
41.6381,-95.7883,194
36.1033,-87.1153,206
37.6336,-83.7161,144
42.0356,-92.5806,128
41.3044,-95.3844,133
43.1100,-109.9500,64
37.2008,-113.2686,206
43.4839,-83.3919,189
37.6500,-108.0100,36
35.9150,-81.5378,156
42.8767,-77.0308,117
42.0736,-78.4517,111
35.2539,-91.1892,178
36.5508,-114.4581,217
44.9500,-116.1400,20
32.3067,-95.2969,189
41.6717,-107.9786,233
44.9311,-93.1539,194
43.9772,-113.8289,222
43.2111,-88.2092,128
36.5575,-105.2628,-6
35.4186,-119.0508,233
30.5997,-103.8869,278
39.6800,-111.3200,88
39.0294,-98.1300,128
36.0975,-119.5817,333
59.8600,-151.3200,94
39.0000,-120.1300,113
44.3900,-122.1700,110
38.8867,-102.7233,67
46.0900,-121.7600,64
31.9381,-108.7689,222
41.6767,-78.8036,89
56.0000,-132.8333,100
35.0583,-78.8583,194
46.5800,-111.2700,63
39.7947,-88.2908,172
30.2408,-92.3478,222
40.7100,-106.0100,111
42.5650,-77.7175,117
41.2647,-87.4178,178
31.4072,-102.3578,161
40.7142,-122.4161,194
33.9825,-112.3617,339
44.3589,-88.7189,100
40.6514,-78.5550,128
39.0642,-77.8883,117
64.5600,-164.2900,-999
42.0644,-97.9667,144
40.5314,-97.5964,272
43.7100,-114.1600,42
32.7019,-96.0150,172
43.3656,-83.5828,122
33.8167,-96.5667,172
33.8083,-100.2981,150
33.8044,-106.8908,89
43.2300,-121.8100,68
42.7467,-105.3603,178
43.5936,-115.9236,100
32.5403,-94.3508,178
60.2600,-149.3400,74
32.7483,-97.7700,178
37.4417,-105.8614,11
44.1014,-122.6886,89
36.5914,-101.6181,200
34.1981,-101.7461,156
43.4172,-84.0642,139
37.1942,-99.7633,117
48.9100,-114.7700,-3
31.4450,-86.9533,206
40.8100,-105.7700,54
35.2719,-82.6475,150
38.0700,-112.1700,107
63.3336,-143.0372,72
43.5861,-83.1805,133
29.3272,-103.2061,156
37.8500,-105.4400,71
44.4400,-121.9500,110
37.0200,-106.4500,88
41.4197,-78.7492,111
26.7458,-81.4264,233
34.1433,-93.0589,183
48.8900,-116.7600,11
38.7411,-103.5428,89
44.0761,-108.9547,61
39.0100,-111.5800,121
65.1744,-152.1069,-39
42.6008,-99.3333,150
38.0900,-97.9125,139
34.5697,-93.1947,183
39.7994,-79.3664,128
27.0436,-81.0700,233
29.1639,-82.0778,244
31.8414,-82.3756,206
44.5331,-88.0981,206
38.4547,-78.9353,139
35.3886,-106.5439,128
38.4583,-91.7028,161
39.2764,-114.9911,122
43.7728,-111.0339,133
33.4783,-109.7517,122
42.7314,-77.9053,133
40.6000,-110.4300,46
46.4858,-90.4372,156
65.4900,-145.4100,9
39.8958,-76.3947,128
45.2700,-117.6900,-9
30.2717,-82.1856,239
33.1819,-110.5261,89
34.7392,-90.7664,194
34.9386,-81.2250,167
42.5836,-94.2006,117
42.5136,-99.0303,150
32.8347,-88.1342,178
42.7000,-122.1400,102
37.8786,-95.7292,139
33.3433,-103.6783,100
40.2233,-86.1086,161
44.9900,-113.4400,56
38.1211,-81.1178,167
40.7908,-111.4078,283
44.1472,-71.9656,6
44.8831,-85.6753,156
32.9161,-105.3381,183
39.2450,-99.3808,139
30.5467,-87.8808,200
44.1497,-111.0461,61
30.9594,-92.1786,217
39.6419,-78.7561,139
37.3475,-87.5239,233
43.7144,-106.6375,133
40.1311,-84.2342,200
41.0656,-92.7867,133
40.0400,-105.5400,107
48.8628,-97.7014,172
48.5883,-109.2256,78
36.3300,-109.0600,114
38.2778,-122.2647,267
38.6844,-82.1836,161
35.9117,-92.6564,161
36.6686,-81.9647,156
38.4600,-105.2256,150
38.4461,-106.7611,244
42.9600,-121.1800,70
37.4900,-107.5100,110
35.6836,-80.4822,183
39.3533,-100.4397,133
46.7800,-110.6200,50
33.2064,-97.7761,200
37.5081,-94.8392,156
42.1508,-84.0236,156
35.3736,-83.7006,167
33.4792,-100.8761,144
36.1722,-87.1805,194
38.2894,-79.8186,117
43.0303,-78.1692,233
31.5333,-101.2842,161
43.0583,-77.0689,50
47.6714,-94.5175,172
44.7200,-107.4000,33
47.3300,-121.4700,74
41.9797,-122.3378,111
32.2822,-106.7597,144
48.2942,-116.5628,72
45.8608,-84.7197,133
47.2900,-120.3700,54
45.3172,-85.2672,144
37.3500,-105.2300,90
46.6533,-123.7300,22
40.6475,-80.3861,161
41.0000,-106.9100,53
37.9931,-100.8122,161
42.3869,-72.9211,11
37.0925,-81.3358,133
41.2781,-114.1706,156
32.3750,-81.6730,211
43.0303,-71.0839,78
44.4122,-104.3567,144
43.2631,-82.5328,144
34.3389,-82.8342,183
63.5400,-150.9900,68
39.6553,-105.7089,72
42.7392,-78.5878,100
28.5978,-98.5547,172
39.8089,-97.0550,111
44.2822,-70.2561,50
46.7047,-92.5253,250
48.3100,-114.8400,-2
39.3419,-79.6697,144
34.9897,-99.0528,161
35.7636,-117.3908,244
42.8447,-108.7406,83
35.1297,-89.8036,183
37.4725,-122.4433,178
47.8700,-123.0800,39
39.1972,-96.5814,128
48.1989,-120.7736,-11
38.9386,-77.1133,211
43.4131,-106.2772,144
40.4350,-105.0850,78
45.3575,-88.1919,128
36.0956,-81.8311,111
46.4100,-113.4300,50
40.2600,-103.8156,206
42.8931,-95.0653,189
32.6161,-106.7403,233
38.3064,-79.7197,128
34.0067,-100.2989,178
39.2728,-79.3683,117
33.1553,-116.1689,378
34.1381,-88.9983,211
40.6742,-94.7244,139
39.9353,-77.6394,183
47.1064,-104.7183,233
38.7853,-76.9947,167
29.2703,-103.3003,156
35.1714,-96.6311,128
39.1439,-103.4897,56
40.0750,-103.5678,94
38.3950,-93.7711,156
41.2500,-73.3500,94
36.2953,-86.6569,200
37.7500,-77.4833,217
25.8064,-80.1336,278
47.0083,-88.4317,128
31.8453,-83.9408,211
45.0333,-84.7114,139
46.3003,-92.5336,133
45.9042,-100.2875,239
41.5800,-115.9300,103
30.3392,-93.2150,217
38.2597,-104.7169,250
36.2600,-115.6450,156
44.5681,-120.1156,17
35.7178,-89.4986,206
38.6450,-95.5661,150
61.1100,-149.6700,86
41.2500,-111.4100,111
45.6611,-67.8614,106
35.7992,-107.1814,283
46.0725,-97.1461,189
46.8925,-101.4897,150
44.0697,-102.4478,189
39.4483,-98.9703,111
32.6100,-110.7317,228
36.6364,-80.2514,150
42.0636,-83.4358,144
30.8428,-93.2869,211
41.6650,-91.9978,133
48.3508,-120.7264,111
47.0200,-121.4600,55
39.1600,-119.9000,97
38.6489,-87.1989,211
44.8419,-74.3081,117
45.1700,-113.5000,16
44.8700,-88.9044,117
48.7167,-115.8833,0
37.2714,-80.7131,139
33.8100,-110.9200,116
38.4600,-109.8214,200
34.7583,-84.7642,178
43.3081,-87.9553,167
40.4664,-87.6850,222
43.6100,-122.1200,84
28.8028,-82.3125,239
39.8989,-105.0133,150
40.7325,-92.8900,144
39.3672,-106.1897,44
34.8494,-97.0031,167
31.2000,-101.4625,172
44.2500,-118.5200,59
35.2342,-93.1675,206
43.0864,-95.6292,267
45.8944,-69.9647,-6
34.2392,-98.7444,178
31.7672,-84.7931,217
43.2683,-79.0103,117
32.7056,-94.7889,211
46.1694,-90.9808,139
34.7800,-103.7492,161
40.1400,-105.5900,82
39.3594,-93.4886,144
47.6581,-92.1958,111
43.3864,-84.6492,150
34.7500,-111.4100,116
44.9197,-69.2417,56
48.5700,-115.4500,58
32.6592,-85.4492,206
45.0983,-87.6236,139
38.9917,-88.1828,189
46.2400,-117.3900,93
34.1736,-86.8133,200
37.6769,-95.4472,144
20.7947,-156.0153,261
32.7264,-103.1314,161
34.7319,-79.8833,194
39.1833,-78.1167,167
42.0289,-97.4855,194
40.2381,-96.0847,106
45.5397,-106.9597,206
39.8900,-111.2500,94
40.7831,-76.8617,111
38.9111,-101.5853,139
37.9700,-105.5400,28
32.7500,-98.9017,111
40.9900,-72.5119,133
33.0642,-101.0489,172
43.4447,-88.8478,128
36.6542,-80.9183,156
44.6122,-72.0481,39
39.3536,-88.5000,178
44.7136,-119.1017,22
42.7022,-87.7861,178
34.5350,-117.3058,233
38.8000,-111.6800,111
62.1044,-150.0589,28
45.5100,-100.0356,167
36.0650,-86.4175,183
48.8217,-100.4525,139
41.9353,-84.6411,156
43.0603,-92.6717,167
35.0197,-82.6925,178
39.5683,-119.7956,183
42.8633,-70.8997,17
38.4800,-112.3900,120
44.7442,-116.4325,139
37.5800,-112.9000,103
43.1900,-122.1400,71
65.3700,-146.5900,26
45.3725,-84.9767,156
44.6581,-72.6786,28
39.4344,-105.1208,106
34.4397,-99.1375,200
44.5317,-86.1311,161
33.2558,-116.4036,389
42.9108,-71.2008,50
42.6900,-121.4300,61
46.1600,-122.1800,97
44.4717,-70.1594,-11
38.4200,-108.3800,119
48.9514,-115.6267,28
31.0158,-104.1108,183
38.4747,-100.9175,117
42.7600,-116.9000,111
39.7267,-112.3069,122
30.3961,-84.3556,239
31.2208,-99.8494,133
39.5000,-111.7300,109
35.4083,-78.8208,194
34.9700,-111.5100,142
36.1306,-80.5481,156
20.6617,-156.0442,244
44.9489,-72.1911,44
36.8600,-106.2300,72
37.9572,-91.7758,172
37.9567,-119.1194,133
39.4247,-93.1331,178
36.1028,-78.3039,183
25.1936,-80.3492,294
40.4150,-102.6267,139
43.9144,-122.7600,78
43.8583,-71.2597,-17
48.2000,-120.9200,28
61.2344,-149.2708,61
48.6100,-95.1817,161
38.6308,-89.3658,183
35.5894,-89.2586,194
36.2033,-119.0545,172
46.6539,-68.0089,211
34.6089,-96.3331,133
34.8814,-82.7189,172
43.0683,-94.3053,111
43.2356,-70.6350,22
37.5831,-75.8217,244
44.5036,-109.9639,72
44.0100,-118.8400,63
39.9425,-105.8172,222
47.7722,-121.4819,106
40.5972,-79.1186,144
45.0500,-109.9100,38
38.9617,-101.1664,133
47.1253,-91.7067,178
43.2389,-88.1222,128
34.6242,-106.3103,61
44.4972,-108.3906,189
43.1742,-88.7364,133
36.8239,-114.0525,233
34.1408,-82.8550,183
39.5600,-115.8400,86
39.2400,-111.5200,143
44.8000,-109.6600,85
37.6500,-107.8100,76
39.5528,-110.3883,144
43.9997,-70.0964,11
34.6269,-79.0250,200
46.7281,-116.9558,156
43.1653,-95.1467,172
43.7186,-113.5472,44
33.8642,-79.7297,206
41.0036,-95.2419,133
34.1742,-103.3519,283
37.0947,-81.7936,161
48.9500,-118.9900,45
43.3194,-88.1681,117
48.9989,-106.3800,178
46.7492,-121.8120,6
40.5500,-110.3500,128
42.7919,-77.5136,167
36.2631,-101.4050,122
47.5689,-122.6828,78
40.5800,-105.6300,63
36.9617,-81.0869,128
36.0828,-85.8261,189
42.4717,-79.3336,133
41.9497,-83.2800,183
46.8769,-97.2328,144
42.7364,-97.4969,189
36.0000,-106.8300,77
32.3417,-99.6525,167
38.4900,-106.3400,46
41.3800,-74.6847,78
44.2900,-115.6600,43
36.1167,-97.6067,133
43.9994,-91.4378,250
46.5600,-115.2900,-13
39.4872,-75.2200,167
32.8203,-86.6522,250
33.1986,-101.3744,156
45.6622,-111.0453,194
47.3500,-120.6800,90
44.1925,-69.1461,83
39.0200,-107.0500,56
42.3969,-94.6292,111
35.4867,-119.1458,217
38.3531,-98.7639,117
31.6728,-102.4133,217
42.7342,-122.5164,239
40.6233,-93.9508,150
44.2100,-121.8700,16
44.0042,-124.0947,67
35.5500,-88.7169,200
34.9881,-120.3211,239
44.6247,-124.0469,56
37.7150,-105.2353,106
40.7708,-111.8964,250
42.4000,-86.0667,178
45.6750,-111.1550,189
47.2472,-91.8625,183
45.8081,-120.8428,28
43.1447,-82.8011,139
44.9628,-115.4961,28
39.3983,-77.7211,139
39.9233,-86.5983,161
35.6214,-88.8456,200
37.6150,-118.0106,150
37.1150,-103.2986,106
33.3947,-110.7933,233
39.2219,-105.9936,139
39.4458,-88.5961,172
38.8739,-106.9772,94
41.7175,-97.0031,267
34.2528,-82.0350,178
40.0961,-75.7514,122
32.5192,-87.8800,206
47.6800,-113.9600,21
45.2128,-112.6447,100
44.0647,-107.3819,222
35.7425,-78.8369,178
37.0058,-101.8867,144
44.9367,-109.1375,161
38.5556,-86.4858,172
34.5822,-119.9817,156
42.3200,-113.6200,95
45.1900,-121.6900,84
41.2664,-73.7975,56
41.9872,-98.0747,172
41.1203,-90.1642,144
41.6092,-91.5050,122
33.7600,-109.4800,38
39.3100,-111.4300,96
32.8242,-95.5275,183
41.4947,-87.6803,183
40.2300,-106.6000,48
39.0600,-120.1292,94
41.9600,-121.4744,256
41.3089,-123.5317,261
33.6617,-115.7206,233
44.9800,-90.5545,150
42.9294,-78.0319,117
42.1172,-77.9475,89
39.0733,-93.7075,156
45.5600,-118.4500,69
41.6300,-79.6931,128
39.1014,-108.7339,161
32.7053,-93.9603,183
30.2503,-94.1786,211
40.6019,-112.5075,228
40.7900,-111.1200,110
39.8986,-80.1656,161
44.6531,-70.7942,-11
39.1483,-89.1022,167
44.0644,-99.4603,178
42.5872,-111.7275,133
43.8658,-91.3100,239
60.5561,-145.7531,111
44.7608,-85.6442,144
31.0833,-82.5653,228
37.5300,-113.0500,104
43.2422,-88.2889,111
34.9228,-94.0944,161
43.6656,-123.3275,33
41.3831,-83.6111,206
40.1700,-107.0600,117
41.8394,-94.1106,128
41.7036,-122.6408,72
42.2947,-83.7108,222
46.6700,-110.3300,65
44.1614,-88.0803,178
40.4547,-88.1417,172
46.0400,-109.4930,106
45.0200,-111.8500,32
33.1497,-99.7350,189
40.7264,-122.7947,78
31.8797,-102.3592,228
44.5300,-111.4100,85
59.7444,-151.6347,94
32.7047,-108.7281,317
29.1344,-103.5150,183
46.8367,-92.2108,128
41.5631,-78.6014,106
40.4256,-105.2103,156
44.3000,-115.2300,22
37.8000,-107.9200,30
40.0839,-88.2403,178
38.9075,-105.4706,33
43.7533,-108.1431,94
44.5175,-120.9389,-39
36.7600,-88.1386,206
39.3100,-109.5300,119
37.7686,-111.5978,228
46.4581,-101.2000,161
39.2472,-119.9419,206
43.8225,-91.1914,183
46.1825,-103.4061,133
48.7200,-116.4600,78
42.3994,-90.3861,144
39.1172,-95.4097,144
46.8947,-99.9483,211
30.0592,-94.7950,222
34.7156,-97.2292,156
41.7681,-74.1550,183
38.0422,-78.0061,206
35.9689,-87.1364,228
32.0142,-85.7464,222
18.3169,-65.8664,233
33.9544,-102.7783,128
48.6900,-117.1800,6
36.8125,-100.5308,122
39.0800,-107.1400,81
38.0406,-114.1800,161
29.9167,-90.1303,256
40.3611,-109.3464,167
32.9261,-99.2342,161
38.5350,-121.7761,194
39.7275,-79.9131,172
39.4931,-117.0675,233
38.3858,-122.9661,211
32.8006,-116.9281,294
42.2800,-105.5800,121
36.0717,-91.6169,211
34.4417,-83.5161,172
37.4700,-106.5400,59
30.4453,-99.8045,139
31.9622,-95.2736,156
35.8542,-97.9544,150
32.7047,-99.3011,183
35.0264,-90.7347,189
47.9753,-91.4556,156
39.3903,-94.5553,150
35.3117,-83.1747,150
34.3100,-110.7500,149
46.2700,-121.9600,64
39.0736,-79.6339,156
32.8358,-116.7775,306
38.9408,-95.3397,167
39.8600,-106.4200,97
40.3708,-81.7908,167
41.4725,-73.6550,72
43.6300,-107.1800,96
48.9978,-107.8331,167
39.1853,-106.8381,133
41.3906,-73.9608,178
36.8708,-76.2289,228
38.7700,-111.6800,109
47.0000,-113.9300,37
38.8147,-90.5169,189
31.8833,-109.2056,222
40.8400,-111.7100,159
39.5092,-123.7567,172
46.8400,-116.1200,68
39.7203,-79.8561,83
34.4722,-101.3006,139
39.8356,-95.5319,239
45.6200,-121.7000,57
42.8294,-98.4583,172
45.3600,-118.4700,37
47.9558,-124.3539,167
59.7800,-150.7600,88
40.2306,-75.4353,122
30.7586,-98.2339,161
38.5208,-115.5444,206
32.9947,-111.5367,283
41.1833,-122.2736,139
36.4328,-100.1369,161
41.7947,-90.2639,239
19.5361,-155.5767,61
38.8900,-106.9500,98
46.1500,-122.1500,95
31.3706,-100.4942,144
35.6550,-83.4411,89
34.5872,-99.3381,183
30.4144,-97.7664,172
46.8844,-98.6850,161
14.1717,145.2428,267
35.0097,-85.3444,167
46.9300,-121.9500,80
40.1389,-87.6483,233
37.3900,-94.7025,156
36.5100,-106.3200,127
34.5592,-115.7442,250
58.1900,-133.8300,78
31.1903,-84.2036,200
33.9153,-92.8267,161
45.3653,-119.5639,94
37.3017,-76.7039,217
42.3194,-83.2378,178
37.4900,-112.5100,163
36.0700,-105.6300,104
64.1172,-145.7511,-11
37.5581,-115.2236,161
42.7167,-74.9267,139
39.4717,-76.1697,150
42.9328,-76.5447,100
43.8933,-121.4117,122
34.9772,-91.4978,189
37.7983,-122.2642,161
46.4414,-108.5397,222
37.5200,-112.2700,130
39.5353,-83.4239,144
41.8089,-72.7806,100
43.7400,-113.9400,33
36.0686,-115.4603,283
40.5158,-108.0947,50
37.8194,-85.3847,211
42.3600,-111.5600,99
43.4361,-75.3697,78
29.6603,-103.1736,183
38.8681,-94.0353,144
66.9200,-151.5300,-24
45.1369,-69.2806,50
35.1411,-114.5686,417
38.5000,-111.7700,58
39.4600,-114.6500,174
45.1758,-105.7517,222
38.9719,-76.3381,167
39.3000,-111.4500,85
36.4650,-83.5603,139
38.9100,-81.0844,144
36.1903,-99.0403,139
34.1311,-109.2750,267
43.4622,-76.4933,211
39.9300,-111.6300,148
39.7156,-82.6072,194
41.6267,-71.2092,144
33.9000,-109.1600,115
40.8292,-75.0836,78
34.5706,-112.4322,144
38.4617,-76.6992,167
31.8769,-105.2369,167
45.1775,-67.7742,50
47.2875,-105.8300,144
39.8289,-88.9506,189
31.5069,-94.1072,228
40.4906,-92.3706,144
40.0000,-107.2400,77
33.1481,-95.6269,167
42.7672,-74.1711,106
40.8300,-111.7600,119
44.4100,-103.4775,228
36.4661,-104.9456,267
39.6700,-105.9000,66
42.0397,-77.7650,89
34.3347,-86.3294,200
45.2200,-110.2400,45
46.7900,-109.5100,53
45.7211,-120.2064,78
42.1397,-87.7853,167
40.9386,-117.7514,111
37.1497,-109.8675,122
45.1900,-95.0586,156
37.6908,-106.3083,83
33.0583,-89.5797,183
39.0647,-94.3861,139
35.1242,-90.1805,194
40.4883,-106.8233,17
39.6828,-92.0467,150
46.2325,-116.2430,72
42.3842,-85.9625,178
41.8644,-103.6397,128
39.7556,-103.4986,94
32.9203,-94.7225,189
41.0125,-75.1906,161
42.2200,-122.3700,78
45.8619,-119.3120,22
36.4806,-121.7244,222
46.9800,-115.0300,41
40.0739,-97.1669,122
42.3161,-90.2269,133
43.7600,-115.2400,86
43.5100,-121.9800,41
41.1333,-81.2833,133
31.1444,-99.3492,161
35.8742,-103.1819,111
32.3994,-91.1842,233
35.1131,-89.2122,233
38.4058,-111.6433,83
46.2553,-114.1642,72
44.7892,-122.8142,56
37.0158,-102.5550,167
46.2600,-122.1800,101
43.2900,-116.8500,131
48.8742,-117.8667,6
35.7700,-105.7800,93
32.6714,-90.0361,206
40.5614,-86.3425,178
43.8200,-114.2600,47
34.4744,-91.4172,261
41.1247,-73.5475,189
41.9928,-71.1667,28
28.8439,-96.9214,222
47.5339,-116.1222,56
34.0356,-96.9433,167
40.4300,-111.6200,150
25.9492,-81.7139,250
44.0200,-113.4700,71
36.3925,-89.0317,189
43.7800,-110.9300,104
45.6403,-68.6747,6
45.0400,-116.1300,36
41.6358,-115.8008,183
45.8161,-106.2314,200
35.1011,-118.4222,183
34.2833,-86.9142,206
40.8592,-102.5167,89
39.7858,-111.1189,61
42.8508,-88.7247,139
35.8489,-90.6589,183
34.7753,-86.9508,206
41.6833,-80.6667,167
45.6000,-111.9600,32
43.2419,-77.3883,172
38.9200,-119.9200,73
38.9608,-105.2158,56
26.1917,-98.2511,200
38.4506,-91.3756,161
43.6303,-94.7744,111
32.7547,-104.3836,144
37.7000,-112.6500,105
43.3728,-103.8778,111
40.4950,-78.4667,161
43.5100,-115.5700,70
42.7292,-94.6614,133
46.0900,-110.4300,55
48.8000,-113.6700,10
45.8175,-121.3531,61
42.6500,-109.2600,82
43.1300,-110.2000,106
37.8100,-109.4900,107
35.6008,-105.9322,106
45.4300,-121.8600,93
43.6028,-72.3622,39
44.6800,-107.5800,39
36.6778,-110.5411,261
44.4394,-68.9892,100
42.7900,-121.9800,79
34.3475,-80.8353,200
34.2978,-81.6236,178
43.0161,-84.1800,144
44.2294,-85.9572,194
37.0175,-98.4900,150
17.9722,-67.0461,278
46.6300,-114.5800,7
42.1800,-114.2900,100
39.3925,-101.0689,133
41.8161,-80.4250,139
44.2100,-118.6400,33
35.3647,-96.9481,144
39.7458,-122.1997,217
34.6989,-89.8214,167
67.9300,-162.2800,-18
39.3933,-81.2192,156
34.6153,-105.4739,94
42.4356,-83.7831,150
57.9578,-136.2214,89
42.3208,-103.0733,217
42.8753,-100.5517,178
43.1003,-72.7836,22
37.7500,-119.5897,133
56.3511,-133.6264,111
44.5358,-83.7022,100
19.3167,-155.8833,239
33.2372,-116.7614,122
41.7800,-116.0300,103
40.3033,-121.2422,56
45.4600,-121.7000,66
33.3600,-107.8300,138
33.8936,-97.2692,139
33.8089,-115.4508,272
40.7667,-82.6167,194
39.7194,-76.8028,189
35.8444,-92.0978,178
36.0164,-76.5517,244
31.8728,-106.6981,189
40.7442,-106.2792,78
35.3322,-112.8797,289
39.3667,-81.3167,167
40.7200,-110.4700,60
29.6756,-97.6578,194
40.6831,-79.6683,150
37.2778,-97.4097,133
32.6014,-110.6339,306
34.0697,-118.4428,261
41.1522,-104.8056,133
37.7922,-87.5708,161
45.3242,-105.9136,122
44.3300,-122.0900,93
60.9583,-149.1108,61
46.3433,-94.2086,150
36.2872,-88.2958,194
40.5600,-111.6600,147
43.8800,-114.6700,6
39.5475,-81.6283,167
64.1539,-145.8894,61
41.0700,-106.9400,79
39.8311,-96.1833,128
40.5711,-75.2781,100
45.3783,-96.1542,200
42.2497,-77.7583,78
48.0600,-116.2300,69
45.7000,-115.2300,-32
42.5300,-122.1800,99
27.8722,-98.6175,217
42.6617,-71.9358,6
29.0181,-81.3106,233
45.0400,-121.9300,85
36.8581,-92.5875,178
34.1281,-116.0369,372
31.7383,-98.9456,167
38.0636,-103.2153,167
39.2300,-114.2400,127
25.5011,-80.5500,250
38.5100,-119.6300,69
39.0461,-78.9664,133
29.7547,-90.7747,233
37.5742,-81.5356,133
34.9678,-97.9519,156
44.4706,-95.7908,183
30.9539,-85.8831,228
39.8297,-105.2353,217
44.6831,-113.3622,17
34.0250,-91.3444,283
32.5181,-84.9378,200
42.8700,-109.0900,68
40.5233,-101.0344,106
45.5231,-92.7489,144
32.2442,-101.4536,189
45.3394,-111.7111,78
28.1522,-82.7539,239
47.2000,-121.7800,107
36.4522,-77.0803,206
30.4406,-83.9858,228
40.1467,-79.8986,156
42.3469,-83.1736,156
35.8847,-77.5386,206
43.2750,-122.4497,111
33.7608,-89.8136,172
37.1122,-77.2017,178
43.3597,-122.2208,50
44.0344,-98.9869,172
41.9153,-111.9128,139
36.2528,-81.9136,139
35.8417,-98.5261,167
42.6422,-85.2875,156
44.1308,-122.2419,72
41.3600,-106.2300,114
41.3708,-88.4336,183
48.3100,-116.0700,37
40.9619,-72.7158,194
33.7183,-102.7586,122
43.4372,-111.2792,83
34.7261,-100.5372,150
37.9700,-111.8300,64
32.7019,-80.8517,211
46.4400,-112.1900,11
44.5700,-107.3000,30
40.5906,-111.6369,178
48.0667,-121.5667,56
29.6319,-81.2061,250
43.9500,-110.4500,53
45.8944,-106.6336,139
31.4831,-111.5436,267
37.8394,-94.3736,156
39.6667,-80.8667,178
39.0056,-114.2206,217
34.5858,-102.3120,122
59.4503,-136.3614,61
40.5453,-111.5042,83
42.6394,-72.2244,33
41.3656,-93.6481,150
39.5283,-85.7914,161
37.1244,-87.8672,244
41.1200,-73.0800,100
34.5025,-117.8969,317
35.2244,-85.8417,167
36.8225,-79.4103,144
36.5028,-84.5308,161
29.4250,-81.5161,250
41.2019,-80.8106,144
39.6106,-82.9547,167
40.8400,-110.0100,97
42.5711,-100.6931,267
35.1692,-114.5806,256
37.2758,-95.4728,156
40.0953,-98.9450,150
31.3783,-103.6331,217
34.1294,-116.3878,228
37.9161,-85.6572,217
42.2553,-88.0769,150
31.8931,-110.9978,256
35.5419,-97.3414,139
26.1019,-80.2011,256
33.3781,-116.8400,233
43.1708,-89.8192,122
30.5228,-82.9447,222
37.3417,-83.4706,144
41.7750,-78.0417,72
41.8700,-115.2500,115
41.6517,-76.8464,133
35.6558,-88.0064,178
39.7739,-75.5414,172
40.6117,-116.8917,261
36.1636,-82.0953,144
37.2364,-95.7003,150
41.3300,-77.7381,111
46.2350,-88.4539,100
34.1472,-115.1219,300
36.3464,-78.8858,194
45.7317,-107.6092,256
61.1025,-149.7169,100
38.4661,-101.7758,144
45.0700,-118.1500,75
42.4244,-123.3236,89
38.8500,-120.0800,130
59.5900,-135.2100,69
39.1614,-87.2436,172
39.2422,-93.9700,117
42.1153,-88.1639,161
47.2700,-113.7600,-19
34.8792,-88.6178,178
40.0600,-107.0100,62
26.5650,-98.1203,194
46.6825,-107.2039,106
41.5269,-72.0642,50
40.7200,-109.5400,90
42.1100,-79.1592,106
40.5361,-79.8153,156
38.8586,-99.3358,156
33.9364,-80.3569,172
44.9800,-111.9500,60
39.7233,-91.3719,183
45.1672,-84.9139,222
39.7997,-101.0422,117
34.6522,-101.4969,139
48.4400,-120.9200,76
41.0164,-93.2792,111
40.8900,-115.2000,104
35.5231,-81.4439,156
45.4339,-108.5361,67
20.7008,-156.3561,183
35.1033,-92.4903,183
38.6656,-96.9494,122
42.5800,-109.0900,138
46.0625,-122.2042,100
34.6033,-91.9928,183
41.4100,-115.4500,146
44.2586,-85.9394,144
43.9325,-103.5594,106
33.3172,-80.4183,200
34.4094,-78.7914,211
44.7592,-96.6872,156
42.4078,-82.8892,172
33.5311,-84.3544,178
27.6606,-97.3983,217
37.7100,-107.5100,38
41.2453,-103.6344,194
31.0417,-104.8372,144
35.5914,-99.2706,139
43.3656,-109.2756,83
46.2942,-107.2278,239
46.2014,-119.7581,72
64.0917,-141.9211,-39
34.4931,-107.8883,150
37.0856,-107.5333,72
42.5900,-108.9000,90
43.8836,-94.1664,244
46.3197,-93.5014,156
40.8142,-85.1547,156
44.6264,-73.3031,178
43.1500,-76.3333,106
38.9300,-120.0500,71
43.2722,-78.1664,233
43.0581,-83.3606,189
34.9047,-83.4128,144
43.1025,-94.6833,144
44.7900,-107.5300,38
37.2733,-99.3289,278
38.7539,-108.0278,178
34.2531,-93.1486,189
38.5100,-112.0200,109
46.1864,-84.3239,211
42.6508,-88.2544,144
36.1900,-105.5600,102
43.7072,-85.4822,156
38.8664,-90.1464,183
42.9944,-88.8042,139
35.2436,-87.3508,189
41.9200,-113.4100,99
42.4244,-103.7347,272
46.2314,-112.1136,206
30.7931,-94.1819,206
45.1219,-122.0700,122
44.0108,-107.9686,128
39.4467,-79.5469,106
40.5300,-105.8900,94
44.5658,-73.5700,228
31.3206,-92.4611,222
38.0344,-97.3431,117
30.7267,-91.3672,217
34.1469,-116.2747,256
37.8603,-83.8969,156
64.8553,-147.7217,39
37.7200,-107.2600,55
42.5483,-119.6556,17
41.8275,-74.9506,111
42.4194,-94.9761,161
35.5303,-102.2564,200
39.1197,-108.5247,178
46.2400,-113.7700,0
36.5381,-98.2661,144
40.8900,-105.6600,90
37.3617,-79.9592,144
41.9553,-83.6489,161
35.6408,-78.4633,211
64.9194,-147.9372,56
36.8753,-92.8514,167
30.3011,-99.2681,128
43.6000,-114.6700,100
39.3200,-106.6100,33
43.3800,-109.8800,77
43.4719,-88.8825,106
39.9364,-105.3503,106
41.9300,-85.6386,167
39.3758,-112.3342,167
41.3072,-81.0133,156
35.6392,-85.3586,156
44.6125,-121.9486,-11
38.9500,-115.3800,129
46.7953,-88.6014,183
34.5675,-92.6006,194
44.3000,-109.2400,90
34.2431,-116.9169,206
41.7769,-99.1433,133
29.4372,-103.9583,222
33.7478,-112.5983,283
37.3542,-84.3369,156
45.1125,-103.2792,128
41.8814,-92.2764,256
34.6158,-83.5428,172
45.5000,-110.0800,74
40.4600,-76.8703,133
39.9167,-76.7500,144
45.5986,-89.4508,133
37.8253,-96.2644,122
41.5461,-98.5331,122
31.3450,-109.5394,322
37.4336,-86.0089,178
42.6194,-112.0067,106
37.1025,-82.8047,144
40.4372,-95.3867,144
45.0500,-98.0956,178
64.7803,-147.2750,22
40.7442,-115.4855,144
44.5842,-74.9572,111
33.4367,-94.0772,178
39.9578,-111.7794,267
42.6400,-120.9500,7
44.8658,-101.4672,156
35.9886,-92.7161,178
47.7681,-118.7239,139
41.4700,-111.5000,126
36.7542,-97.2544,128
43.5575,-73.4011,50
29.7286,-92.8181,233
30.7053,-104.0233,178
40.8400,-110.6600,49
34.7289,-80.0389,200
41.7950,-72.2286,72
39.9633,-89.8678,178
48.6758,-121.2419,61
55.3500,-131.7000,83
27.4419,-80.3508,244
38.3000,-112.4400,69
37.8428,-94.7086,144
43.6478,-70.6750,-17
44.8131,-93.6311,144
42.2794,-72.3483,44
37.4900,-113.8500,174
41.2322,-76.3422,172
40.4575,-92.1822,133
33.5214,-79.0975,172
41.2683,-120.2947,39
41.4600,-106.2800,81
40.0889,-108.7728,128
44.0875,-91.6703,167
32.4725,-94.7172,211
39.4900,-105.0953,156
41.3600,-111.4900,143
36.6594,-121.6664,200
46.5022,-116.3217,50
45.9111,-113.7394,172
31.5339,-84.1489,222
40.7247,-84.1294,178
30.0067,-97.1689,244
39.2042,-121.0681,178
38.4239,-82.5936,172
42.6992,-71.1658,56
37.7158,-109.0828,106
41.7267,-73.9200,72
44.7275,-121.2506,50
36.9167,-96.1000,139
44.3547,-106.6992,161
32.9028,-90.3817,211
47.4122,-105.5950,217
46.9100,-121.4800,13
43.9708,-74.2219,11
40.4100,-105.8200,70
47.0258,-108.8031,189
36.2358,-100.2675,94
40.2914,-82.6547,217
31.9461,-90.3775,272
41.1275,-101.7206,128
31.7414,-99.9764,161
46.8800,-113.3200,32
45.4136,-97.9064,250
34.0919,-96.7708,150
45.0364,-99.1342,183
47.0700,-115.9600,43
36.5297,-97.4472,206
46.5136,-114.0911,194
42.2972,-89.6039,150
34.2639,-110.0075,256
31.9556,-112.8003,383
43.7447,-97.3081,211
36.0286,-107.9106,122
40.3967,-91.3750,178
65.0033,-147.3408,22
37.6456,-98.7281,144
70.2700,-148.5700,-8
28.0236,-82.1422,283
27.0267,-98.9808,183
32.2844,-110.7314,244
42.1106,-104.9492,311
41.9003,-79.8611,117
38.9339,-80.8325,139
40.6764,-115.7450,106
21.6792,-157.9453,244
45.9800,-117.9500,57
31.2739,-81.9197,222
39.6811,-77.2914,133
34.3956,-100.8972,144
40.4661,-118.3047,144
47.3600,-121.5700,84
38.8472,-91.9414,183
41.1600,-106.9300,112
42.5522,-99.8556,250
40.5514,-80.2167,172
34.9589,-111.7553,194
34.5100,-87.7319,211
38.7556,-90.6106,189
46.5917,-101.8075,161
42.0500,-111.6000,99
43.5000,-109.7500,66
45.4100,-112.9600,47
41.1489,-102.6361,106
39.2775,-103.4958,211
42.2128,-122.7144,117
35.9478,-106.7469,217
34.9536,-89.8297,178
34.1653,-79.3875,217
38.1350,-94.8161,267
34.5569,-86.9503,200
41.6700,-117.5700,118
38.0583,-83.9333,144
38.7978,-99.7231,133
40.6100,-109.8900,117
38.2306,-90.3981,183
42.8003,-103.7867,100
32.5111,-94.5889,172
39.0600,-108.0600,68
38.4478,-99.9100,117
43.8600,-114.2100,12
48.4036,-115.5392,211
44.9167,-110.4203,6
38.2692,-87.1631,172
48.7142,-121.1431,72
36.4119,-97.6939,133
32.8522,-95.8864,178
40.1197,-75.3583,200
45.4000,-110.9600,34
38.4931,-122.0047,156
34.5975,-113.1744,194
42.0478,-71.0050,106
42.3717,-79.4867,233
46.9728,-92.8700,144
44.4911,-71.5725,17
37.2333,-83.0333,139
32.0111,-85.0900,211
43.8925,-70.2544,117
35.6528,-96.8042,139
28.8608,-97.0181,222
35.9328,-88.7267,189
32.3222,-110.4147,178
36.4711,-86.8414,194
30.7189,-97.3211,194
37.5972,-81.8203,156
42.1300,-120.8400,98
42.5700,-108.8400,95
44.0300,-109.1800,62
39.0597,-87.6625,239
43.5958,-101.0094,189
48.0800,-116.0014,172
43.6725,-92.0747,122
36.0606,-102.5211,128
39.3500,-112.3300,172
36.1308,-81.2275,150
37.3908,-93.9489,156
35.2050,-99.8033,139
40.5400,-106.6800,90
34.4989,-82.0219,172
35.8100,-80.8808,150
44.4983,-88.1119,167
40.5511,-75.9914,128
42.7500,-118.6900,91
48.5300,-120.9900,1
44.9892,-70.6719,50
40.2800,-115.5300,140
43.1969,-112.3531,156
41.3408,-105.6069,200
41.8264,-96.0506,128
35.9086,-79.0794,172
42.8947,-102.2036,128
36.2114,-81.6442,133
43.3400,-88.6006,122
41.4039,-78.0183,94
27.8703,-81.0436,256
43.8700,-114.7100,44
33.0094,-109.9855,150
44.9400,-109.5700,24
34.2325,-111.3447,306
31.9792,-111.3836,317
44.6411,-90.1333,122
36.3919,-81.3039,133
42.6283,-113.7622,106
39.4708,-87.4081,211
40.6558,-97.2208,117
47.8453,-121.9944,94
41.9622,-84.9925,200
35.5050,-96.9772,128
43.3572,-115.4522,117
37.0614,-95.6356,150
35.4111,-80.5833,161
41.3392,-86.3358,139
42.8733,-110.9075,67
41.4100,-111.8300,148
31.3336,-96.8581,167
34.4600,-111.4100,151
36.0603,-79.4481,172
44.5100,-111.1300,51
40.4583,-86.1758,156
41.2664,-102.6586,111
44.7200,-110.5100,18
35.1311,-76.8161,222
48.9761,-111.3994,139
45.6700,-113.9500,23
44.2600,-119.0200,72
44.9933,-84.1625,78
37.2100,-105.2000,54
30.7064,-95.5422,200
35.8575,-84.5278,178
36.4650,-118.8619,289
40.4639,-94.4978,139
37.7717,-107.1097,22
39.1547,-84.6233,161
39.3672,-101.4461,100
27.5706,-82.1378,250
39.9003,-116.5875,106
32.1808,-94.7964,144
44.6889,-70.1567,44
46.4625,-90.1956,144
31.4144,-97.7019,311
29.0361,-80.9181,267
36.7100,-105.4164,6
41.4439,-86.9294,178
39.8189,-100.5339,128
34.6111,-82.7269,172
41.3000,-107.1500,141
43.0431,-96.9033,139
62.1300,-150.0400,54
44.0069,-72.3194,6
44.6714,-103.8511,239
38.0517,-102.1317,139
32.2631,-96.6369,183
37.5983,-101.2908,106
41.2789,-98.9697,128
33.5500,-81.6969,189
41.1431,-96.4808,122
43.0353,-106.9894,100
42.8125,-92.2575,133
44.0500,-115.4400,95
41.1586,-96.1922,139
44.9097,-72.8136,28
37.4800,-106.8000,99
44.9072,-84.7189,172
40.3533,-83.7747,172
43.2358,-97.5714,250
36.2836,-88.7064,206
39.3800,-106.2000,57
41.5167,-118.7192,256
35.4467,-83.4622,178
35.6503,-88.3903,183
45.4353,-67.7214,72
34.2183,-116.4072,239
33.9153,-91.7711,189
37.0031,-121.5608,167
70.4322,-150.4094,-28
43.4378,-103.4739,261
40.4178,-110.0511,144
37.3133,-122.1850,183
34.6400,-102.7231,133
45.6528,-89.3075,128
34.6647,-83.7342,161
41.6042,-88.0850,194
46.0556,-88.6275,67
43.9000,-122.0300,75
60.9600,-149.0900,62
36.0519,-88.0828,256
42.4492,-76.4492,117
37.8131,-100.3456,139
41.7217,-84.2147,150
36.4947,-91.5350,183
48.9800,-115.8200,-5
44.4900,-104.4100,146
36.3825,-79.6947,150
48.9300,-121.2000,51
37.2317,-86.6867,206
35.2358,-97.4647,144
46.3689,-90.6417,139
28.4894,-99.8733,161
47.4289,-120.3100,78
37.7500,-107.6900,46
36.5750,-94.0539,144
44.2667,-71.2994,61
42.4594,-98.6564,144
34.5858,-83.7658,161
35.2983,-86.3631,189
32.1794,-110.7364,283
45.9903,-84.8361,122
40.9100,-109.9600,95
40.7597,-92.4394,150
31.0286,-84.8911,239
38.4917,-122.1242,150
30.3764,-103.6600,144
30.2492,-85.6606,233
59.0800,-154.2800,91
61.4494,-149.3231,50
48.4958,-122.2355,78
63.9400,-145.4000,56
41.3331,-83.1189,167
42.5200,-111.9600,117
45.1786,-89.6617,111
41.3111,-122.8045,283
47.9800,-114.3500,62
34.4478,-77.5739,222
64.5300,-163.4200,-10
41.1739,-90.0350,172
37.6731,-82.2761,250
41.9244,-78.0072,83
47.5214,-100.8883,156
43.4978,-100.4794,183
47.5600,-115.8200,48
43.0411,-89.4286,161
46.5600,-111.2900,54
44.4633,-83.7217,217
41.0319,-98.9214,139
39.2600,-106.6300,41
43.5136,-87.8547,111
33.1689,-95.0056,222
44.3867,-97.5606,233
35.5125,-93.8683,172
44.5000,-107.4300,34
39.7811,-97.8956,117
35.6764,-84.8547,178
36.3481,-94.8244,167
30.4064,-97.0136,172
30.8697,-84.2175,228
36.1300,-105.5300,71
32.0444,-100.1069,156
41.0500,-107.2700,96
29.6833,-91.1761,233
62.6300,-150.7800,32
47.9186,-108.5244,78
44.0708,-93.5264,144
37.9050,-111.4200,233
38.5253,-121.9778,194
28.7156,-97.1742,194
47.5400,-121.0900,24
38.4844,-93.2556,144
39.6211,-105.0656,122
40.0136,-78.3653,122
39.5700,-105.8000,67
31.2489,-92.4489,228
40.5156,-98.9514,178
45.5697,-115.4528,67
46.4867,-84.4089,133
35.7047,-101.5492,139
42.3489,-77.7044,89
41.4233,-76.4933,100
36.8833,-94.8833,150
42.0414,-97.1747,144
41.6686,-94.4972,144
30.4653,-83.4022,228
48.3000,-113.3300,56
39.7600,-105.9100,59
40.5700,-112.1700,133
42.7189,-98.2158,122
41.2300,-105.3800,116
43.6825,-121.6875,11
40.8414,-79.9164,122
41.5183,-84.1453,150
37.0683,-88.7725,183
40.3900,-106.6000,75
39.8700,-111.2800,126
34.2044,-90.2908,178
40.2394,-94.6833,150
40.4831,-124.1036,189
32.9619,-102.8219,150
43.6542,-92.9739,128
40.7231,-82.8000,167
48.3600,-119.0800,55
43.0514,-91.1350,144
29.2739,-97.1556,178
45.0281,-87.7355,100
46.6400,-121.3800,34
47.8800,-117.0900,86
36.1067,-112.0947,339
31.0619,-94.1011,211
38.2597,-93.4136,161
34.3519,-82.9300,172
42.6903,-88.0336,150
41.6117,-90.5817,194
40.3283,-99.6522,128
31.0383,-85.8708,222
35.9203,-86.3728,189
39.8536,-94.7078,133
21.3331,-157.8025,228
46.4378,-92.7578,206
27.1897,-80.2397,261
36.3278,-119.2994,194
39.5169,-115.9622,167
47.7600,-123.0300,40
38.3431,-89.3586,183
36.8775,-89.6231,194
44.3544,-103.7430,183
29.0567,-96.2319,222
36.3842,-98.1114,144
41.8553,-90.9200,117
45.8236,-91.8761,172
48.9672,-122.3292,106
44.9500,-111.3600,60
41.0469,-102.1467,117
41.0103,-103.8769,111
43.0589,-76.8386,178
47.4300,-113.7800,50
46.3286,-85.5033,167
41.0194,-93.7503,111
45.0317,-110.7036,233
44.4600,-110.1400,30
45.8981,-86.5483,161
33.1211,-117.0900,311
41.4256,-91.0094,161
34.3703,-91.1242,206
43.5753,-75.5208,28
39.1025,-90.3431,167
40.6472,-98.3836,189
41.3300,-106.5000,65
43.5594,-90.8761,117
41.8039,-89.9744,156
42.6469,-95.1933,144
35.6878,-83.5372,133
38.0800,-110.7700,140
42.1506,-96.4756,122
43.0689,-98.5325,167
37.7500,-112.7800,125
35.7978,-89.1175,194
34.6997,-76.7381,228
40.6600,-111.6400,138
42.4897,-95.5489,189
64.2453,-149.1828,44
45.9900,-120.6800,79
42.0944,-121.9022,33
40.6092,-96.8719,139
38.4400,-119.3700,86
46.9100,-110.8500,30
45.6900,-113.9700,47
40.6189,-111.7836,283
35.1967,-77.5433,217
31.3944,-92.7164,228
40.5300,-106.7800,84
36.8314,-99.6411,128
39.4608,-105.6786,61
64.8656,-146.9542,11
39.3572,-115.3303,194
35.7636,-86.9322,200
37.2792,-86.2492,183
45.1500,-118.2200,14
43.9317,-69.8564,6
46.3600,-121.0800,64
48.8200,-121.9300,89
32.6053,-93.2947,194
35.4072,-104.1906,150
41.1314,-81.4492,144
36.4303,-114.5139,283
44.1500,-110.2200,58
36.7900,-105.2400,91
41.9903,-77.1567,106
42.1500,-110.6800,85
40.8700,-111.7200,183
43.7700,-114.4200,40
35.6400,-77.3983,222
44.5200,-122.0900,115
43.8000,-114.8500,62
40.1739,-101.0611,139
63.4258,-150.3117,17
33.4028,-82.6222,183
40.9842,-86.8872,183
31.3456,-110.2542,283
44.9733,-97.1494,161
39.4194,-92.4369,156
38.5331,-93.5314,156
46.4656,-90.1892,139
37.7083,-113.1439,161
43.0608,-86.2047,178
33.2564,-81.2422,194
46.9500,-116.3400,-12
43.8578,-72.8045,33
41.7400,-115.4700,128
36.0003,-89.4100,194
37.6761,-81.6214,161
35.8528,-77.0306,217
33.4797,-94.6175,178
42.2472,-78.8125,111
34.7967,-77.4008,211
43.8564,-111.2769,194
43.0453,-92.3122,117
26.8339,-97.7078,178
41.7500,-117.5300,83
38.9239,-122.5672,100
40.5839,-90.9686,167
30.1064,-83.1819,239
47.3847,-94.6147,172
42.3200,-120.8300,115
41.0497,-112.9367,283
39.3447,-91.1711,178
38.2222,-103.7219,150
47.9400,-123.4300,17
42.6408,-71.3636,28
24.5500,-81.7833,261
34.2183,-81.0731,183
46.8700,-113.2800,24
39.6000,-106.5100,103
42.9050,-88.8589,122
47.9200,-112.7900,-10
44.6228,-88.7483,111
31.0767,-82.8003,211
33.9831,-81.0167,233
34.8847,-99.2964,156
45.7250,-98.3000,167
41.9442,-71.9031,28
34.7050,-118.4297,256
41.7200,-92.7489,117
38.1228,-83.5328,156
37.9842,-89.9492,189
41.4511,-90.1486,200
32.8472,-97.4761,211
43.7925,-75.4825,72
38.6453,-88.9461,178
39.7539,-121.6242,206
38.9583,-95.2514,200
45.0853,-67.1203,94
42.9600,-110.6100,74
45.2669,-69.5839,44
35.7047,-86.4869,189
41.8978,-90.1544,167
43.6500,-117.2467,94
37.7889,-80.3083,139
36.7256,-99.1422,144
35.0619,-98.1989,156
37.4297,-106.0317,33
42.5600,-111.3000,87
47.1686,-92.4628,156
39.5861,-122.5342,156
39.7067,-86.2808,200
68.1300,-149.4800,-76
26.9164,-81.9983,278
42.7158,-109.6903,39
43.6308,-91.5028,194
44.8919,-87.9550,89
41.8350,-89.5136,183
35.8022,-103.9439,222
43.5878,-96.7300,211
36.9600,-106.6600,81
34.7764,-76.8769,228
42.4100,-122.2700,61
46.5333,-109.3442,72
36.5758,-98.8797,150
35.8644,-106.3214,161
37.4300,-108.1700,111
38.2547,-95.7500,150
39.4900,-120.2800,94
39.0564,-104.8683,89
42.2792,-91.5250,111
29.7550,-81.5389,244
37.6600,-107.8000,82
44.3800,-109.7900,75
32.1633,-95.8300,167
37.4403,-112.4819,222
35.5553,-77.0722,217
44.5842,-72.7869,44
42.4100,-111.1700,106
47.1928,-114.8903,189
43.5231,-90.0003,106
37.5000,-113.9400,179
39.7197,-105.2472,167
48.9100,-114.8600,8
48.1603,-90.8842,150
32.9200,-108.1500,140
39.7347,-90.1978,183
39.4400,-105.9100,75
42.4942,-107.8292,128
42.8453,-77.2808,144
43.5525,-97.5017,156
33.7442,-117.8667,300
38.6292,-90.2706,222
43.5492,-71.4647,56
40.1750,-97.5903,117
45.4731,-109.0097,78
33.3867,-97.7164,189
34.0103,-78.5450,222
41.9725,-73.2208,83
47.2336,-123.9897,67
38.3989,-79.9950,83
40.4750,-93.0031,144
34.1864,-90.5572,183
43.0378,-83.7694,122
41.3011,-123.1331,106
42.2417,-83.6933,128
48.2006,-122.1281,6
39.8383,-96.6364,117
43.9500,-115.2700,12
37.9300,-107.6800,55
42.5008,-70.8644,56
40.6800,-110.9500,84
41.4792,-79.4433,111
31.8611,-97.3750,211
47.2467,-94.2228,178
35.3950,-76.3261,233
35.3125,-81.9889,167
39.6308,-113.8858,294
28.0372,-97.8725,194
39.5608,-111.8653,278
31.9611,-96.6881,172
45.5286,-102.4650,250
46.8875,-96.7483,161
40.7206,-114.0358,239
31.6419,-89.5572,222
40.9153,-97.5997,139
42.4486,-74.4653,94
41.3978,-88.2819,194
38.8200,-106.5900,28
41.2578,-111.8378,228
37.2822,-82.0894,139
37.2167,-86.8936,178
42.3800,-122.3500,97
46.8400,-112.5100,52
38.9031,-103.0192,72
39.2911,-80.7694,156
39.4086,-81.4328,167
32.1664,-103.4250,139
43.6600,-109.0100,109
37.4900,-106.8400,25
48.1300,-113.0200,16
44.4908,-108.0411,144
39.1400,-120.2200,71
33.1678,-96.0983,172
48.1925,-106.6383,72
40.3131,-88.1594,183
47.9261,-112.2919,128
34.9831,-83.0678,150
46.3253,-108.7403,83
38.4197,-82.2986,150
37.6025,-99.3022,144
43.7600,-116.1000,70
40.5800,-85.6586,161
40.2800,-111.6100,161
43.5606,-103.4881,244
35.0322,-97.9144,150
38.9664,-112.3278,267
42.3997,-89.9903,178
31.7900,-86.6086,233
41.8558,-87.6094,211
34.7586,-87.6411,194
34.1650,-84.7300,172
41.3503,-89.1072,172
32.2714,-109.2256,267
43.6303,-72.5072,39
37.1764,-94.8397,144
43.2372,-108.1097,278
37.6361,-98.1136,144
36.3558,-97.1531,122
42.4281,-72.0275,-6
48.1503,-104.5089,222
29.8233,-91.5442,222
37.8175,-82.7883,150
5.3264,163.0050,261
26.0283,-80.1342,272
34.6033,-104.3811,128
37.8564,-80.4042,133
40.8600,-102.8031,83
40.2100,-105.5700,102
41.2847,-105.5319,78
40.0589,-77.5214,172
39.0500,-107.8700,53
42.2700,-110.8100,68
42.8783,-82.7958,128
42.8108,-78.3978,83
38.0211,-96.6036,156
37.3997,-87.7622,189
64.9333,-161.1500,-28
34.1678,-97.9883,167
29.4706,-96.9397,256
40.0400,-105.7500,90
65.1200,-146.7300,56
37.5319,-87.2669,189
34.7975,-83.2678,156
40.7244,-95.0192,117
35.2600,-112.0600,132
41.7144,-70.4717,44
40.7400,-110.6200,73
41.9900,-120.7200,95
42.9536,-112.8253,117
37.2775,-95.7769,167
45.4500,-122.0300,121
32.8339,-97.2975,228
46.4925,-69.2864,6
45.1219,-95.9269,278
37.9806,-105.6897,111
31.9600,-111.5972,222
37.5794,-81.3264,156
45.6261,-70.2461,39
35.5567,-87.5414,183
33.3169,-79.3228,217
44.8933,-102.6125,167
38.1692,-79.0844,122
32.6089,-85.0756,211
39.6108,-77.8472,150
42.6083,-82.8183,200
40.2578,-74.0028,189
26.8600,-80.0553,256
46.2700,-113.1600,8
37.5000,-108.1100,95
38.6842,-102.1614,106
36.2614,-116.0561,217
42.0028,-83.9336,156
47.7283,-104.1467,206
32.7669,-115.5617,256
42.3108,-78.0231,178
38.3614,-98.8281,128
36.8619,-93.9619,150
33.4528,-87.3572,200
33.7400,-108.9500,130
41.5697,-101.6914,139
32.7131,-102.6597,150
44.5486,-95.0997,144
36.5800,-105.4600,85
39.8361,-89.6250,178
37.5544,-91.8831,172
35.8375,-86.0894,206
41.4083,-99.6750,128
42.8519,-106.2842,128
39.6222,-90.8058,211
40.8778,-88.6364,183
35.2058,-82.2517,161
38.0633,-102.9297,228
45.7508,-108.5706,167
63.6772,-144.6011,44
39.4239,-85.0128,161
48.0119,-106.4117,250
58.3869,-134.7658,100
40.8397,-111.8314,261
45.0469,-101.6050,283
38.2875,-77.4508,156
41.7350,-111.8564,128
40.7497,-111.7222,278
43.2117,-91.0986,211
37.8256,-106.9319,117
45.2500,-123.2800,140
42.0650,-100.2472,150
46.9658,-123.8292,50
41.4086,-102.9661,133
42.7600,-112.4800,128
29.3486,-103.5950,183
42.6781,-90.1064,106
29.1333,-98.1628,183
42.3092,-88.2533,150
39.1131,-100.9447,117
43.2278,-110.4358,217
46.6694,-94.1089,178
40.7053,-94.2428,167
39.1600,-114.6100,93
39.0483,-79.4406,111
36.0300,-106.8100,133
40.5261,-80.6275,167
40.8250,-92.8925,183
36.4231,-99.4167,167
34.4219,-106.8325,172
33.9850,-101.3339,156
46.1800,-121.9300,68
33.6517,-101.2450,167
39.0800,-106.6100,26
38.3483,-88.8533,172
28.8147,-81.2778,250
35.1400,-112.1500,113
29.3364,-99.1383,183
28.7300,-80.8794,267
36.8894,-81.7711,161
42.7000,-120.8000,98
48.9947,-117.3544,6
30.2000,-101.8333,172
33.5500,-102.3758,128
29.1378,-95.6253,206
43.2500,-110.0200,64
44.3964,-120.4264,-22
38.0522,-107.3036,44
26.7069,-97.7833,211
36.3408,-86.8275,167
37.9411,-101.2492,133
36.0639,-79.3831,172
38.8247,-106.1275,72
42.9269,-83.9894,156
40.2472,-93.7158,144
34.4386,-100.2183,189
26.2981,-98.1575,206
35.5483,-98.0364,122
41.9500,-73.3667,56
32.7225,-113.9192,339
42.7100,-118.6300,86
37.1644,-88.4311,189
37.7900,-108.1800,81
39.5436,-80.4647,156
36.2456,-85.9450,183
37.2036,-89.0422,194
33.5900,-92.8236,172
31.3747,-93.3911,211
30.8178,-90.9733,217
44.7900,-112.0600,59
38.4039,-106.4236,-28
39.5608,-88.6067,178
45.0025,-96.1661,144
42.2611,-98.3417,239
32.7100,-100.9111,178
37.8717,-81.9947,161
44.8772,-117.1094,189
41.5639,-103.3678,89
35.4139,-86.8086,211
47.4172,-122.2433,161
33.4192,-111.6444,378
33.2119,-87.6161,239
40.5864,-77.5692,144
32.4178,-110.9303,178
33.6731,-111.1508,256
47.0400,-121.9400,76
41.9000,-111.6300,126
26.0814,-97.1033,244
43.6450,-95.5803,150
41.8250,-111.3208,233
42.5117,-75.5197,89
36.1136,-86.6781,200
36.3250,-87.7886,189
33.7481,-87.0586,167
37.7617,-117.5658,178
41.5300,-116.0100,119
32.8100,-93.0625,167
42.9892,-71.3933,78
41.3800,-111.9200,138
34.6892,-86.8819,189
48.4089,-106.5144,194
35.8731,-101.9725,144
39.4658,-77.9669,144
33.1714,-101.7981,144
38.6800,-119.9600,123
41.6317,-87.0881,183
44.6719,-117.9942,33
33.7264,-82.7058,178
43.9981,-95.9572,178
43.2667,-72.9000,33
42.1236,-83.8200,150
37.8900,-107.7100,52
35.4267,-82.5575,167
37.1639,-101.3400,156
41.3586,-77.9261,122
38.4758,-102.7769,133
44.4200,-84.0233,94
44.8128,-71.8903,194
37.1189,-113.6067,172
39.7706,-77.0325,133
29.6333,-83.1053,233
48.6900,-121.9100,70
41.4639,-97.3278,206
38.5000,-112.0100,119
36.2067,-83.3325,150
42.0811,-76.3178,78
33.1992,-97.1050,172
42.3667,-85.2667,183
48.7200,-120.6600,23
34.5181,-83.5286,178
30.6836,-97.7172,206
38.6944,-119.5453,161
34.3019,-92.3914,189
38.4503,-83.7355,172
46.6008,-107.8706,133
39.8114,-99.9386,139
44.2656,-85.3967,172
35.6278,-120.6856,128
40.2986,-86.5067,178
44.7281,-85.1728,144
29.6100,-100.4519,161
35.7192,-78.7878,172
40.5756,-105.0236,150
26.8639,-80.6256,250
40.6142,-79.7192,161
44.6600,-111.0900,16
45.1769,-109.2572,194
45.8783,-69.1775,67
31.6953,-82.9239,206
34.1167,-95.0833,189
41.9069,-83.4158,189
41.6814,-115.5289,28
31.8836,-100.5358,156
38.9803,-80.2200,161
42.0811,-83.6769,156
37.6128,-114.5264,106
39.6350,-91.7231,178
32.9069,-85.4336,228
43.9750,-89.8308,117
30.1981,-91.1256,244
45.3614,-84.9511,139
42.0633,-95.8364,161
42.9506,-123.3572,211
44.4800,-110.1600,82
47.5300,-115.7800,4
26.3769,-98.8117,167
48.8600,-121.4400,69
40.8433,-101.2094,111
30.5908,-104.4914,167
47.9753,-122.1950,44
34.4167,-119.6844,267
40.7747,-91.1164,156
33.7086,-116.2153,372
35.2700,-111.7400,72
30.9044,-99.7864,133
40.8125,-82.9697,167
32.6064,-80.3267,233
42.3647,-92.7594,150
44.5208,-101.6192,222
18.3850,-66.4300,283
43.0528,-114.1581,144
37.5811,-106.1869,44
35.5325,-90.6872,189
42.2269,-70.9125,150
36.4194,-97.8747,144
45.4108,-84.2233,206
42.4603,-75.0642,67
44.7336,-94.3417,128
42.7858,-91.0958,206
40.9656,-105.2186,133
39.7053,-105.6997,83
60.7800,-149.1800,56
44.7600,-118.3100,34
35.8950,-82.8311,178
44.7631,-88.6183,122
35.1311,-76.9153,250
43.4300,-96.1686,144
32.3697,-112.8600,311
38.5200,-89.8467,256
40.7258,-99.0133,194
46.8339,-100.7969,167
34.2333,-97.4203,167
48.6008,-120.4275,106
47.4500,-112.8100,0
31.8878,-82.5808,200
34.0828,-106.8831,94
47.2386,-68.6136,22
41.3661,-89.4519,161
34.1425,-77.8789,233
45.9397,-102.1575,250
44.8100,-107.4100,61
46.3286,-114.0836,50
37.7647,-81.1939,133
34.4719,-81.8839,183
43.9592,-115.8453,22
39.4500,-120.2900,96
48.6469,-118.7314,156
30.2392,-98.9089,161
36.7458,-86.2258,189
39.0172,-92.7558,183
35.9986,-97.0481,139
48.4742,-120.1886,194
38.2611,-94.4050,133
38.6439,-82.8628,172
38.6900,-119.9900,116
44.8611,-71.5400,0
38.5311,-79.7714,117
44.2542,-84.2011,161
41.1100,-107.1700,90
37.3578,-83.7706,133
61.1561,-149.9847,72
34.4092,-79.3564,200
61.6267,-149.0364,50
36.7619,-96.0117,133
40.8483,-84.9300,178
36.8586,-112.7386,178
42.4686,-93.7972,128
39.9400,-112.4100,152
39.3300,-120.3700,79
38.9667,-98.4889,244
43.2844,-93.6306,128
40.4000,-105.8500,56
46.0406,-99.3742,183
41.8819,-70.9086,17
44.4536,-71.1853,6
35.8036,-82.6658,150
26.3283,-80.9958,239
37.3261,-78.8275,139
36.4622,-116.8669,328
37.1167,-84.6167,161
43.4053,-108.1633,211
43.2619,-89.7350,111
32.7128,-82.5414,194
35.6808,-78.9158,172
33.6692,-117.3319,333
40.8500,-111.0500,112
38.6700,-119.8200,147
41.2300,-116.0300,79
