32.5667,-117.1167,58
40.2342,-85.3936,63
30.0494,-90.0289,134
43.9906,-70.9475,45
45.6194,-121.1661,58
35.2333,-101.7089,76
34.2622,-88.7714,67
32.3367,-90.2214,67
32.6500,-114.6167,76
37.1431,-107.7597,98
37.4389,-105.8614,54
30.0481,-102.2131,63
34.2675,-77.8997,81
45.2486,-122.7686,67
46.7708,-100.7603,89
34.2008,-119.2069,76
35.2372,-120.6414,67
28.8208,-81.8097,76
43.0661,-108.4767,107
60.7850,-161.8292,103
64.7767,-141.1483,72
41.6117,-90.5808,58
37.2253,-89.5706,40
38.8169,-92.2183,45
27.4981,-80.3767,54
40.4122,-86.9369,45
38.9286,-90.4281,58
34.8822,-95.7831,31
35.0169,-80.6206,72
38.3000,-76.4167,76
36.2117,-115.1958,81
41.3461,-82.1794,81
40.9781,-124.1086,63
46.7994,-102.7972,107
37.7461,-97.2211,45
41.7806,-122.4717,76
33.0375,-116.9158,63
42.8153,-108.7261,72
34.9883,-117.8647,94
32.5722,-116.9794,58
36.0097,-94.1694,45
42.5950,-87.9381,58
39.6014,-116.0056,76
47.2856,-68.3133,89
34.1750,-91.9347,45
43.0206,-102.5183,98
39.7333,-77.4333,40
44.4683,-73.1500,81
41.8833,-91.7167,63
39.8233,-93.5792,58
43.5164,-112.0672,89
36.0394,-95.9844,45
29.7333,-85.0333,72
34.4258,-119.8425,63
43.9922,-76.0217,58
41.6764,-70.9583,54
44.1278,-123.2206,94
42.2333,-83.5333,63
31.3214,-85.4497,67
38.3794,-81.5900,67
46.9208,-114.0925,98
36.7414,-104.5022,81
41.2531,-70.0608,67
44.2558,-121.1392,76
41.5272,-85.7922,63
31.3558,-85.7511,54
44.3592,-89.8369,67
37.3278,-95.5042,31
41.6264,-80.2150,40
60.1283,-149.4167,45
43.9658,-107.9508,63
42.2667,-84.4667,63
35.1442,-111.6664,81
61.2169,-149.8550,45
40.0397,-88.2778,45
64.5500,-149.0717,89
26.2500,-80.1083,63
36.9839,-77.0075,58
48.4608,-119.5167,98
40.0681,-118.5692,58
21.4500,-157.7833,103
38.8761,-98.8092,94
30.0675,-95.5561,54
44.3394,-105.5419,148
41.0089,-74.7367,36
34.0511,-118.2353,36
37.9272,-100.7247,94
39.3792,-74.4242,81
26.5361,-81.7550,72
39.8447,-89.6839,67
37.2839,-98.5528,72
39.5703,-104.8489,72
64.3267,-158.7417,76
40.4847,-80.2144,89
30.5892,-96.3647,67
44.7694,-106.9689,143
44.0511,-101.6011,107
40.7789,-73.9692,40
44.5344,-72.6144,45
34.9894,-99.0525,63
35.3889,-97.6006,63
35.4344,-119.0542,58
33.9786,-98.4928,58
39.0725,-95.6261,58
36.3189,-119.6289,36
40.6825,-74.1694,63
40.0803,-95.5919,67
27.7839,-97.5108,58
41.9097,-70.7294,54
46.7439,-117.1086,54
42.9486,-78.7369,63
37.9917,-122.0550,67
42.6958,-73.1708,45
29.3389,-98.4719,58
42.6425,-77.0564,67
42.7431,-73.8092,67
42.0647,-104.1528,94
28.4339,-81.3250,72
44.3814,-100.2856,98
41.1519,-104.8061,72
44.3853,-74.2067,63
33.6267,-116.1594,54
37.6542,-122.1150,58
40.4422,-109.5144,45
34.0500,-94.4008,45
41.6686,-70.2800,45
38.3650,-82.5550,63
33.6228,-111.9106,54
41.1583,-73.1289,63
33.6361,-91.7556,45
59.7494,-154.9089,103
39.4519,-87.3089,81
36.7800,-119.7194,63
37.0911,-95.5664,40
30.0375,-91.8839,76
42.9550,-87.9044,54
42.1469,-121.7242,63
32.3542,-95.4025,67
39.9369,-91.1919,45
41.4525,-87.0058,40
37.7214,-122.2208,76
42.9667,-83.7494,72
37.2833,-102.6139,76
45.7728,-122.8611,72
40.8764,-74.2831,40
34.6517,-112.4208,72
36.0969,-79.9433,81
33.8117,-78.7239,76
33.1783,-86.7817,45
37.5050,-77.3203,72
45.0717,-83.5644,72
45.6689,-96.9914,94
38.9408,-77.4636,72
42.8939,-85.5447,72
42.5519,-71.7558,40
32.5428,-93.7450,45
41.2639,-72.8872,67
34.2006,-118.3575,54
58.6794,-156.6294,89
62.3200,-150.0950,36
47.5303,-122.3008,58
38.5050,-107.8975,58
45.4558,-98.4131,98
45.5511,-122.4089,40
42.1094,-77.9919,67
41.6328,-91.5431,63
33.2119,-87.6161,63
46.9253,-96.8111,98
46.1569,-123.8825,94
34.9869,-81.0575,58
40.8436,-72.6322,58
41.0731,-71.9233,45
41.3375,-84.4289,63
39.3669,-101.7000,89
36.3333,-119.9500,54
39.9444,-81.8922,40
33.4050,-118.4158,36
34.6294,-118.0836,107
34.4272,-100.2831,58
31.4208,-110.8458,45
37.3031,-108.6275,81
39.2292,-106.3169,63
44.5483,-95.0803,116
29.7036,-98.0281,72
33.8750,-84.3022,54
40.8217,-72.8689,40
42.5544,-92.4011,94
36.1189,-86.6892,58
32.6847,-83.6528,63
42.4092,-83.0100,72
36.6239,-87.4194,45
48.5428,-109.7633,103
32.2622,-107.7206,67
40.8203,-82.5178,89
31.3711,-100.4922,45
35.6169,-106.0889,81
30.3208,-97.7603,58
40.0489,-107.8853,72
41.5944,-109.0528,103
35.5931,-88.9167,45
42.7611,-87.8136,63
41.5631,-83.4764,72
47.4444,-122.3139,94
46.0947,-118.2869,54
39.3450,-81.4392,54
32.3500,-91.0278,125
32.9733,-97.3181,58
27.5333,-99.4667,63
30.7797,-86.5225,67
38.6956,-121.5897,63
48.0944,-105.5744,89
33.9519,-117.4386,67
48.2553,-101.2733,89
41.4333,-99.6333,112
38.8000,-97.6500,72
71.2833,-156.7814,54
31.3347,-92.5586,67
29.6381,-95.2819,89
45.0133,-84.7014,72
42.7461,-86.0967,58
40.1519,-122.2536,67
33.5656,-86.7450,63
27.9106,-82.6875,89
42.1128,-92.9175,81
37.3711,-118.3581,94
30.4781,-87.1869,76
29.1097,-95.4619,81
40.1203,-76.2944,63
43.4075,-94.7461,103
44.6381,-90.1875,76
30.6794,-88.2397,98
32.7667,-97.4500,54
38.4167,-113.0167,112
46.4167,-86.6500,89
33.9381,-118.3889,67
47.9078,-122.2803,54
40.7794,-73.8803,72
32.7336,-117.1831,45
38.7642,-87.6056,76
45.8183,-88.1144,89
66.9161,-151.5089,67
37.7086,-113.0944,89
40.2064,-100.5914,98
46.4267,-105.8825,98
35.8922,-78.7819,81
36.0167,-102.5500,81
38.1811,-85.7392,45
26.0719,-80.1536,58
40.6331,-93.9019,63
33.6800,-117.8664,58
41.5333,-71.2833,54
28.4736,-82.4544,89
17.7028,-64.8056,58
48.5222,-123.0231,54
40.6161,-83.0636,94
38.8853,-79.8528,81
39.4019,-77.9844,40
42.4167,-87.8667,45
70.6392,-159.9950,72
29.1828,-81.0483,63
43.1406,-89.3453,67
37.2958,-81.2078,72
32.3336,-104.2581,45
25.7906,-80.3164,81
26.9172,-81.9914,63
32.8342,-115.5786,81
31.9514,-85.1289,58
34.7442,-87.5997,63
33.4669,-82.0386,67
39.1667,-76.6833,89
35.9333,-79.0642,81
45.1947,-123.1339,72
18.3331,-64.9667,54
41.8678,-84.0794,63
44.3675,-71.5450,40
41.1078,-92.4467,63
36.1625,-97.0894,54
47.9375,-124.5550,67
41.1214,-100.6694,94
24.5550,-81.7522,112
43.7700,-88.4864,58
46.0261,-91.4442,98
28.8614,-96.9303,45
45.5433,-94.0514,112
41.5175,-81.6836,94
40.4719,-81.4236,63
24.5833,-81.6833,125
40.6508,-75.4492,54
41.5092,-74.2650,54
32.8519,-96.8556,63
36.8167,-76.0333,98
18.2550,-65.6408,58
38.8100,-104.6883,89
34.1853,-79.7239,67
41.2433,-76.9217,63
25.9069,-80.2803,89
47.0492,-109.4578,63
36.7683,-96.0261,45
31.4156,-87.0442,72
42.3075,-85.2511,63
43.5331,-84.0797,63
36.9878,-120.1106,45
41.1389,-75.3794,63
38.7550,-109.7542,63
40.2383,-75.5572,54
35.5144,-108.7939,72
33.9706,-80.9958,40
34.2167,-119.0833,58
48.2138,-106.6213,89
48.1203,-123.4983,54
35.2236,-80.9553,63
26.1522,-81.7753,94
44.5169,-108.0822,72
38.6572,-90.6558,36
47.9742,-117.4283,58
39.3756,-99.8297,81
38.8983,-119.9947,63
31.9433,-102.1889,63
34.2900,-93.0600,54
32.8167,-115.6833,63
28.0622,-81.7542,72
44.8428,-117.8086,72
39.7556,-82.6572,72
30.4000,-81.4167,94
35.2578,-93.0947,40
18.4325,-66.0108,81
34.6439,-86.7861,67
31.6072,-110.4281,76
37.2622,-104.3378,89
40.2769,-74.8158,72
42.0800,-80.1825,116
63.9944,-145.7214,103
47.3258,-106.9475,81
46.5486,-90.9189,98
46.8706,-68.0172,76
32.8158,-117.1394,58
47.4933,-122.2144,89
30.1831,-97.6800,76
35.1822,-103.6031,54
40.8289,-115.7886,81
33.3644,-81.9633,67
39.4781,-88.2803,58
21.3167,-158.0667,76
43.3500,-73.6167,58
59.4556,-135.3239,116
30.9119,-102.9167,72
39.1258,-123.2008,54
37.7064,-112.1456,72
44.9047,-97.1494,130
45.5464,-100.4078,134
40.1667,-103.2167,89
43.1711,-86.2367,63
33.7792,-84.5214,67
60.7850,-148.8389,76
31.8606,-86.0122,63
45.0319,-102.0192,161
31.6189,-97.2283,67
35.5342,-97.6469,58
43.8789,-91.2528,81
13.4836,144.7961,81
47.2675,-122.5761,76
34.8831,-82.2203,72
44.3981,-98.2231,112
31.8311,-104.8089,107
47.6831,-117.3214,54
47.3078,-119.5153,81
39.1333,-86.6167,54
35.8550,-77.8931,76
40.7833,-91.1253,45
35.0028,-105.6628,94
39.9181,-76.8742,54
67.7317,-164.5483,116
39.6428,-79.9164,81
30.6264,-88.0681,103
40.5175,-122.2986,67
36.6206,-116.0278,103
30.3975,-84.3289,63
42.8375,-103.0953,89
28.7247,-96.2536,63
46.0139,-102.6547,112
45.9647,-112.5006,76
37.2353,-93.4003,45
38.3083,-75.1239,89
42.8914,-73.2469,40
38.0442,-87.5206,54
19.7192,-155.0531,81
30.5069,-86.9597,76
39.7075,-86.2803,63
37.1319,-76.4930,107
39.6728,-75.6008,89
26.1839,-98.2539,54
44.7408,-85.5825,40
41.7361,-72.6506,54
38.3306,-96.1897,63
22.0333,-159.7833,54
48.6033,-112.3753,107
43.4133,-124.2436,112
36.2967,-99.7689,89
34.2719,-83.8303,76
41.8706,-103.5931,72
43.8339,-111.8045,67
39.8344,-88.8656,63
39.8328,-104.6575,89
42.2706,-71.8731,45
37.6928,-121.8144,54
42.1928,-89.0931,45
37.0683,-88.7719,45
39.5936,-84.2264,67
44.0433,-103.0536,161
41.2003,-74.6231,54
33.4964,-90.0867,67
41.4131,-81.8600,94
37.1467,-94.5022,45
32.6261,-116.4681,89
36.1994,-95.8872,54
39.1033,-84.4189,58
57.1553,-170.2222,161
40.6675,-89.6839,54
46.8369,-92.2097,103
40.1764,-80.6472,76
30.7044,-87.0231,76
37.6544,-97.4425,45
37.7081,-77.4344,54
32.7817,-98.0603,58
39.4900,-121.6183,58
46.9258,-98.6692,103
31.5358,-82.5067,40
34.9000,-76.8833,94
42.8050,-72.0036,40
41.7219,-71.4325,67
35.0564,-89.9864,67
35.3331,-94.3625,54
41.3931,-70.6150,63
44.4983,-88.1111,67
36.6636,-121.6081,67
39.3667,-75.0667,89
55.0389,-131.5786,31
37.0872,-84.0769,36
34.0158,-118.4514,54
29.9506,-94.0206,81
31.3928,-92.2956,72
41.5097,-72.8278,58
42.5906,-117.8644,54
32.4833,-80.7167,63
41.6875,-69.9933,45
27.6531,-80.2428,58
30.8458,-85.6014,54
43.1544,-93.3269,98
37.6242,-120.9506,54
34.7000,-77.3833,98
38.1386,-78.4530,76
41.9950,-87.9336,54
26.2281,-97.6542,67
29.3783,-100.9269,67
35.9403,-89.8308,54
33.8117,-118.1464,63
34.4978,-82.7097,76
39.5781,-85.8033,58
46.1442,-115.5964,40
40.5100,-101.6200,76
70.1917,-148.4772,107
44.1708,-114.9272,67
41.3119,-105.6747,76
43.2781,-70.9222,45
42.4819,-114.4869,72
30.3489,-85.7881,67
59.4433,-151.7017,58
32.5156,-92.0406,54
33.2367,-107.2681,72
32.6808,-96.8681,63
30.3433,-89.8222,63
37.7608,-99.9683,94
42.7803,-84.5789,63
40.6239,-74.6694,40
31.8456,-86.6108,63
32.7100,-96.2672,63
42.5417,-113.7661,45
35.0678,-77.0481,89
38.0494,-103.5122,63
30.8356,-85.1839,72
44.0206,-117.0128,98
38.2900,-104.4983,72
55.3567,-131.7117,58
59.2433,-135.5094,89
41.0375,-81.4642,63
29.9933,-90.2511,89
36.9358,-121.7886,45
39.3644,-84.5247,45
38.5911,-92.1558,58
47.0339,-120.5303,81
45.8258,-119.2611,45
47.4667,-87.8833,67
30.7406,-98.2353,63
31.4583,-109.6061,58
36.7436,-108.2292,81
48.7939,-122.5372,54
38.9597,-94.3714,58
39.5514,-97.6508,81
34.3622,-98.9761,63
39.2231,-106.8683,58
15.1167,145.7167,76
47.2078,-119.3192,54
40.8097,-124.1603,40
41.6236,-98.9517,112
39.8683,-75.2311,72
38.2281,-85.6636,40
41.1014,-102.9847,98
46.1236,-67.7928,72
40.7083,-84.0267,76
40.8500,-74.0614,40
38.5000,-77.3000,81
34.8536,-116.7858,103
32.8978,-97.0189,54
39.1894,-103.7158,72
36.6950,-76.1356,94
33.1281,-117.2794,45
31.1500,-92.9667,31
29.6333,-83.1053,58
42.9203,-112.5711,94
43.7694,-87.8506,63
43.6497,-70.3003,67
36.5881,-121.8453,54
30.5108,-99.7664,63
31.1828,-90.4708,45
41.7781,-80.6958,81
32.5500,-88.5667,67
34.5467,-93.5781,36
37.6703,-95.4842,54
35.9508,-85.0814,54
35.2578,-113.9331,103
45.6478,-68.6925,45
34.7336,-76.6606,98
28.5453,-81.3331,67
43.1561,-90.6775,63
26.5850,-81.8614,54
41.7419,-72.1836,63
56.6000,-169.5650,161
38.7667,-104.3000,94
41.9922,-93.6217,76
43.1111,-76.1039,63
35.7425,-81.3819,54
34.7436,-118.7242,94
33.3075,-104.5083,45
34.8994,-120.4486,67
42.6003,-123.3642,63
33.8281,-116.5053,81
48.7167,-94.6000,72
41.5339,-93.6531,81
42.3811,-122.8722,36
40.4953,-107.5211,76
47.4733,-111.3822,72
39.4839,-119.7711,98
46.9733,-122.9033,63
38.5714,-90.1572,40
47.3864,-92.8389,72
45.8678,-95.3942,116
42.2228,-83.7444,54
42.1244,-86.4267,54
37.3208,-79.2067,81
41.9856,-97.4353,112
39.2775,-120.7103,63
46.5683,-120.5428,54
43.9636,-69.7117,54
35.6575,-109.0614,72
43.3906,-99.8422,143
35.1350,-90.2344,67
35.4319,-82.5375,31
30.7439,-95.5861,36
39.0083,-95.2117,58
34.7675,-114.6189,94
39.8250,-86.2958,45
44.6500,-73.4667,94
55.2208,-162.7325,161
34.2097,-118.4892,58
41.4914,-120.5644,67
30.3567,-95.4139,54
33.4617,-80.8581,63
44.8831,-93.2289,89
47.9428,-97.1839,94
38.8317,-94.8897,45
38.8483,-77.0342,72
31.2819,-89.2531,63
43.6264,-72.3047,54
34.6719,-82.8864,72
44.9050,-123.0011,89
32.5161,-84.9422,76
41.3714,-73.4828,54
36.9647,-86.4239,58
58.3567,-134.5639,81
29.6919,-82.2756,63
39.1208,-94.5969,54
26.1658,-97.3458,76
38.0408,-84.6058,54
36.9261,-111.4478,45
29.2733,-94.8592,107
39.5264,-107.7264,94
35.8311,-90.6464,40
41.9144,-88.2464,54
41.8756,-71.0211,40
46.4047,-94.1308,107
42.3978,-90.7036,72
27.4014,-82.5586,58
37.5908,-83.3131,40
34.1167,-119.1167,58
35.2100,-99.1200,63
33.4825,-90.9853,63
35.6567,-95.3614,45
44.8322,-93.4706,98
34.9914,-78.8803,76
35.2325,-75.6219,134
45.5644,-84.7928,63
61.1689,-150.0278,58
47.7472,-90.3444,31
29.9800,-95.3600,58
32.2997,-86.4075,81
34.7272,-92.2389,40
42.6650,-83.4181,63
36.2833,-94.3000,40
39.1342,-108.5400,72
33.5872,-85.8556,58
30.4844,-81.7019,72
38.1847,-84.9033,54
43.2119,-90.1814,67
40.9017,-117.8081,63
33.8719,-117.9789,45
47.1686,-88.4889,81
40.0819,-75.0111,76
41.5886,-83.8014,54
43.3497,-76.3847,63
40.8731,-81.8867,67
39.0431,-84.6717,67
25.9989,-80.2411,72
36.7367,-97.1019,40
31.3500,-85.6667,76
39.4203,-83.8217,76
41.8056,-107.1997,107
38.0511,-117.0903,94
43.1167,-77.6767,67
34.7917,-79.3661,76
42.8975,-106.4636,103
48.5614,-93.3981,81
32.1314,-110.9553,67
26.1969,-80.1708,54
36.6817,-101.5053,76
34.8461,-82.3461,76
45.6983,-110.4408,76
36.0236,-84.2375,45
41.7072,-86.3164,54
44.5761,-71.1786,36
30.7825,-83.2767,54
27.7628,-82.6261,94
33.6542,-101.8136,67
37.1681,-97.0369,54
43.1953,-71.5011,45
30.2050,-91.9875,58
26.6847,-80.0994,58
31.0425,-86.3117,67
30.5372,-91.1469,89
43.1644,-95.2017,103
62.9614,-141.9292,45
42.3914,-96.3792,103
57.0481,-135.3647,45
42.9333,-71.4383,54
46.3583,-104.2500,107
45.8069,-108.5422,72
39.9492,-74.8417,58
41.7803,-124.2367,72
33.4536,-94.0075,54
47.6458,-101.4394,89
45.6044,-103.5464,130
42.5700,-72.2911,45
60.4889,-145.4511,63
35.0281,-110.7208,67
20.8997,-156.4286,103
45.4622,-69.5953,36
40.9706,-85.2064,63
32.6636,-97.0939,67
33.9486,-81.1186,63
31.2361,-94.7544,72
42.4933,-79.2722,107
40.0781,-83.0781,94
40.1936,-76.7633,67
44.3592,-84.6739,54
62.1592,-145.4589,139
66.8667,-162.6333,94
36.2667,-93.1567,45
57.7511,-152.4856,76
32.3347,-88.7442,58
42.5844,-110.1075,107
60.5797,-151.2392,58
46.2667,-119.1167,45
39.4167,-118.7167,58
42.4700,-71.2894,54
38.2103,-122.2847,63
33.9753,-117.6361,72
44.5228,-114.2150,89
37.4058,-122.0481,45
32.0311,-96.3989,67
40.6386,-73.7622,63
39.1353,-96.6778,58
62.9575,-155.6103,81
33.3633,-84.5658,54
41.6267,-73.8842,40
35.6875,-117.6931,103
34.5183,-109.3792,54
41.1783,-78.8989,72
46.6056,-111.9636,98
37.3169,-79.9742,63
42.0572,-102.8000,76
45.5406,-122.9486,58
38.6892,-75.3592,94
32.4106,-99.6822,72
28.4567,-99.2183,58
40.0972,-92.5433,63
41.3103,-95.8992,81
42.1208,-87.9047,54
38.9833,-76.4667,67
47.4569,-115.6450,36
34.6081,-79.0592,72
25.9156,-97.4186,76
42.8783,-100.5500,116
41.7700,-88.4814,58
38.9503,-95.6639,45
36.2606,-76.1750,103
32.8547,-109.6353,63
27.9619,-82.5403,107
36.9500,-76.2833,103
29.5442,-98.4839,63
32.4506,-93.8411,67
31.5883,-110.3442,54
21.3239,-157.9294,125
37.8892,-121.2258,45
41.4653,-90.5233,54
40.7342,-73.4169,58
41.9381,-72.6825,58
36.7725,-90.3247,31
33.1803,-96.5903,63
43.5950,-118.9564,58
59.5119,-139.6711,40
39.7736,-94.9233,58
33.4278,-112.0039,45
45.0619,-93.3508,94
34.7411,-118.2117,98
33.2208,-92.8142,63
32.3206,-90.0778,67
40.8206,-76.8642,40
33.9228,-118.3342,67
36.8781,-91.9025,27
30.1250,-93.2158,76
39.2447,-102.2842,72
34.0561,-117.6003,67
19.7356,-156.0489,67
43.2389,-123.3547,72
29.3331,-89.4075,76
35.6950,-101.3950,72
44.8889,-116.1017,58
42.1594,-76.8919,63
39.1019,-121.5678,45
41.3325,-122.3328,36
31.5356,-84.1944,67
42.7172,-71.1239,40
40.0228,-82.4625,63
44.3814,-106.7211,134
43.9042,-92.4917,98
42.1908,-71.1736,40
44.2033,-72.5794,63
42.7972,-105.3856,107
66.0689,-162.7639,103
41.2731,-111.0306,103
29.5189,-95.2417,58
39.7078,-77.7297,54
45.6308,-89.4653,81
40.9167,-81.4333,89
35.9461,-112.1547,89
38.3406,-75.5103,94
47.6217,-117.5281,40
31.8111,-106.3758,76
41.3275,-72.0494,63
41.0669,-73.7075,45
41.7872,-111.8533,72
21.1544,-157.0961,103
47.2381,-123.1408,54
37.3592,-121.9239,63
38.7525,-90.3736,45
45.5114,-118.4247,36
42.4272,-73.2892,45
38.0700,-102.6881,72
43.9844,-88.5569,67
34.6525,-86.9453,63
32.8192,-97.3614,63
33.2194,-117.3494,58
44.9319,-93.0556,94
40.3161,-78.8339,72
42.2314,-83.3308,72
35.6697,-120.6283,67
41.2544,-80.6739,76
38.1311,-91.7683,58
61.5961,-149.0917,112
38.0653,-97.8606,67
43.5667,-116.2406,67
64.5111,-165.4400,89
30.3361,-81.5147,67
35.0419,-106.6156,63
21.9839,-159.3405,112
41.0467,-78.4117,54
40.6044,-98.4272,89
41.3336,-75.7269,40
42.5708,-77.7133,72
61.1781,-149.9664,54
32.7000,-117.2000,54
37.7836,-81.1231,107
28.1011,-80.6439,58
31.7800,-103.2017,58
31.9206,-102.3867,72
25.6475,-80.4331,81
42.1997,-75.9850,63
39.9914,-82.8808,76
42.1578,-72.7161,40
32.3847,-94.7117,58
36.9033,-76.1922,103
33.6186,-114.7142,81
40.3667,-75.9667,54
47.3978,-120.2014,63
45.7881,-111.1608,72
27.7411,-98.0247,63
35.8517,-97.4142,40
32.1300,-81.2100,63
64.8039,-147.8761,54
40.3547,-79.9217,89
35.1967,-81.1558,67
29.3600,-99.1742,63
36.4486,-103.1539,76
27.5000,-97.8167,54
33.2061,-97.1989,58
43.7331,-103.6114,81
30.7167,-87.0167,72
38.8500,-94.7392,45
41.1961,-112.0114,63
40.3300,-75.1225,54
30.2333,-81.6667,72
41.3497,-71.7989,58
41.7861,-87.7522,58
44.7978,-68.8186,67
40.2172,-76.8514,54
27.6833,-97.2833,72
48.3042,-114.2636,58
33.6300,-84.4417,89
42.5842,-70.9175,67
30.4119,-89.0808,89
43.3436,-72.5178,40
44.3206,-69.7972,54
36.4731,-82.4044,36
48.3500,-122.6667,40
40.2964,-78.3203,58
38.7042,-93.1833,54
33.9481,-83.3275,63
37.6197,-122.3647,89
70.2117,-151.0017,94
38.3775,-121.9575,54
33.6883,-112.0817,63
30.4000,-86.4717,81
34.5583,-98.4172,63
32.8667,-117.1333,54
36.5728,-79.3361,81
40.8508,-96.7475,89
37.2847,-120.5128,40
38.5039,-122.8103,36
40.9611,-98.3136,103
43.7667,-98.0333,103
45.6906,-118.8528,58
45.6208,-122.6572,67
37.7797,-89.2497,40
34.3478,-85.1611,58
48.1739,-103.6367,98
43.2339,-75.4117,63
37.9406,-75.4631,98
44.9258,-89.6256,72
39.6092,-110.7547,72
32.8986,-80.0403,67
30.4636,-88.5319,76
42.3606,-71.0106,67
46.4794,-84.3572,67
29.6222,-95.6564,63
39.2956,-80.2289,76
28.0836,-97.0464,63
42.2347,-85.5519,54
35.6542,-105.1419,89
39.2972,-94.7306,58
36.0719,-115.1633,63
45.5908,-122.6003,76
46.9006,-95.0678,94
36.1336,-80.2222,81
28.7797,-81.2436,67
43.1072,-78.9453,72
40.7781,-111.9694,103
41.7636,-96.1778,89
34.1231,-84.8486,58
36.3689,-92.4703,27
38.5069,-121.4950,31
44.8664,-91.4878,89
43.5878,-96.7289,130
24.7258,-81.0517,76
39.2953,-114.8467,94
42.7267,-114.4564,63
39.4494,-74.5672,103
45.2575,-112.5545,67
46.3747,-117.0156,45
39.9061,-84.2186,81
38.1417,-76.4292,76
44.5444,-110.4211,63
34.2486,-82.1592,67
40.7939,-73.1017,63
35.0311,-85.2014,31
41.8031,-78.6403,76
59.6419,-151.4908,40
41.0136,-83.6686,81
46.9728,-123.9303,72
44.9358,-74.8458,76
35.8181,-83.9858,58
31.1522,-81.3908,89
36.0467,-79.4769,67
