43.7300,-113.8300,240
44.3800,-116.3400,144
40.3000,-111.2600,307
39.3600,-106.0600,316
39.3100,-111.4300,292
36.1900,-105.5600,49
36.2500,-115.6300,212
36.0000,-106.8300,287
36.5100,-106.3200,10
40.8300,-111.7600,105
43.7600,-115.2400,121
39.1900,-120.2600,147
36.8600,-106.2300,18
39.8000,-106.0300,229
43.8000,-114.8500,360
36.9600,-106.6600,172
35.9200,-106.3900,136
40.5300,-106.7800,209
36.7200,-106.2600,268
36.1300,-105.5300,247
48.7200,-116.4600,38
39.4300,-120.3100,221
36.7900,-105.2400,270
36.0300,-106.8100,22
43.7600,-116.1000,52
36.9900,-105.2600,138
44.7900,-116.0900,184
35.7700,-105.7800,3
35.3400,-111.6500,254
38.4000,-119.5400,186
44.2100,-110.6700,267
36.0700,-105.6300,261
46.2400,-117.3900,200
36.3100,-115.6800,179
39.2900,-117.1100,171
41.4000,-107.2600,171
