32.8964,-107.3078,93
35.7047,-101.5492,56
43.5492,-71.4647,79
31.3706,-100.4942,233
36.8047,-107.6214,68
42.9592,-120.7897,35
32.3378,-89.0817,24
33.1481,-95.6269,0
39.4031,-99.4192,66
32.8522,-95.8864,113
18.3906,-66.0542,0
35.3872,-76.7764,69
47.0575,-109.9514,158
38.0047,-120.4864,24
34.6603,-82.8236,3
34.5989,-103.2161,208
32.8242,-95.5275,158
32.4219,-93.6381,87
34.5697,-93.1947,16
40.7264,-122.7947,6
40.5764,-105.0858,71
33.1461,-107.1842,58
47.7283,-104.1467,43
40.1550,-103.1417,272
29.6211,-96.3661,69
36.0147,-85.1314,26
31.6164,-94.6431,53
37.7967,-121.5828,0
38.7978,-99.7231,114
38.4931,-122.0047,60
40.7142,-122.4161,23
35.2006,-103.6867,71
30.7053,-104.0233,87
26.5581,-99.1372,18
32.2822,-106.7597,29
35.7197,-86.9653,11
39.6619,-99.1228,42
36.5508,-114.4581,5
31.8769,-105.2369,43
37.5147,-122.0325,53
38.4917,-122.1242,21
18.2583,-65.9922,3
34.1647,-88.7239,0
33.0642,-101.0489,259
33.7092,-93.5564,39
45.3128,-107.9383,56
36.9969,-119.7072,159
36.4622,-116.8669,167
30.7931,-94.1819,21
44.8831,-85.6753,97
39.5039,-98.3150,159
37.7617,-117.5658,40
25.8175,-80.2858,77
39.9000,-98.0256,171
37.3822,-102.2986,145
41.4439,-86.9294,0
39.0422,-108.4664,39
34.5822,-119.9817,31
37.9931,-100.8122,79
32.8978,-90.8853,16
40.6117,-122.5281,8
42.3806,-96.9575,6
27.4272,-80.4053,63
34.6033,-104.3811,72
42.1231,-111.3133,79
44.3089,-85.2050,97
30.8408,-89.5453,2
26.8400,-81.0872,101
30.2003,-92.6642,39
34.9881,-120.3211,69
31.9497,-91.2336,0
30.0689,-94.2928,124
43.8083,-111.7892,60
