44.0487,-103.2173,3
40.4848,-106.8092,178
44.5654,-106.9281,18
45.4141,-93.6919,18
34.1649,-95.5431,0
40.7623,-74.9719,0
41.4229,-82.7905,5
48.2619,-114.1556,0
41.1932,-96.7374,0
39.9873,-105.1703,48
45.6907,-109.7173,64
40.8001,-96.7118,41
43.0553,-92.3204,23
38.3455,-120.7719,0
38.8274,-75.4303,0
41.5411,-83.6497,25
35.1375,-77.9892,0
42.2180,-112.6360,0
44.7910,-75.3822,10
42.7864,-76.7034,8
42.7630,-108.7933,71
44.7591,-123.2325,0
38.7387,-84.8496,0
47.7657,-122.3001,0
43.7847,-87.7664,13
39.1223,-77.8187,0
46.2728,-106.6471,38
42.3042,-91.3410,10
45.6357,-110.4331,81
39.8612,-104.9382,23
41.4088,-81.7448,36
44.4142,-75.7565,25
44.0303,-71.1383,0
44.3882,-71.2695,0
39.8265,-103.5733,0
44.5103,-109.0994,5
44.8122,-106.9763,43
40.0591,-105.1717,46
39.9389,-105.4749,0
38.6331,-109.4104,0
32.2529,-80.7350,0
39.4745,-83.8361,0
39.9660,-105.5125,38
45.0707,-92.8085,10
40.8656,-74.3851,0
44.8116,-106.9705,38
39.7109,-74.9679,0
45.4060,-122.8780,0
31.1200,-81.9300,0
39.6855,-103.1491,0
41.9778,-88.1036,36
44.6520,-103.8461,25
38.0614,-108.9101,0
35.5813,-88.8306,0
44.0917,-93.2138,38
43.0387,-99.2259,0
40.4069,-105.4063,10
40.3055,-103.5377,0
40.3740,-105.2889,13
42.9461,-110.3566,119
43.1594,-70.7546,119
39.6490,-80.7382,0
39.6526,-104.8237,15
42.0478,-91.5743,0
38.3401,-107.0943,0
40.1848,-105.0820,20
39.7556,-103.4986,0
40.7926,-96.6348,38
40.7228,-105.0680,20
43.2115,-71.4143,0
32.3772,-86.2575,0
40.5938,-91.1467,0
45.0641,-66.8216,0
41.1015,-104.3212,13
61.6185,-149.1258,0
52.1381,-106.5720,0
40.3942,-104.7695,20
42.4093,-86.0481,38
40.3385,-105.0895,33
42.5019,-92.4418,8
40.6309,-103.2047,13
47.6720,-65.0911,0
45.2012,-93.6658,18
39.7517,-104.8543,23
30.6186,-88.2779,0
30.8176,-83.8965,0
40.5083,-74.8152,0
49.8922,-97.0283,0
42.4334,-122.9869,0
45.0350,-93.1862,18
45.6587,-97.1237,23
45.2315,-96.6442,43
42.6353,-85.7611,36
43.1269,-86.2431,43
45.7942,-65.5907,0
42.9542,-81.4349,69
46.5824,-90.8839,5
41.1429,-104.7897,30
39.4195,-77.2905,0
44.8913,-93.3141,20
42.0911,-84.4773,56
40.5489,-105.1307,61
44.5292,-109.0755,23
41.5401,-90.4492,0
39.7674,-78.4844,0
44.0397,-92.4375,30
42.8339,-79.9298,20
45.1613,-109.2911,28
41.8864,-83.4298,23
42.8253,-85.5894,23
43.2161,-77.9525,23
37.3480,-108.5596,0
43.6224,-71.5351,0
41.3846,-79.6979,38
29.6849,-95.2197,0
43.8028,-81.1838,15
38.3299,-97.7787,0
39.4712,-118.7915,0
45.9896,-66.5918,0
44.8382,-92.9359,15
38.7835,-104.8293,0
45.4662,-122.8088,0
35.7373,-83.9132,0
43.0520,-77.2570,5
40.5462,-74.5287,0
62.2272,-150.0731,0
45.3806,-91.7048,10
41.9351,-75.0784,15
39.9844,-104.8134,28
39.5616,-104.9503,13
44.8745,-123.0444,0
46.4698,-63.4920,0
40.5463,-105.1003,69
40.8770,-105.0787,15
41.3221,-105.5837,33
43.5629,-79.7347,15
44.1583,-108.8705,89
46.4238,-94.3033,5
39.8446,-75.6386,0
46.6488,-92.1944,0
45.8608,-84.7197,8
51.5694,-107.2341,0
44.5164,-122.9171,0
43.6107,-73.0466,10
45.4000,-123.1830,0
40.0313,-105.2924,71
48.8576,-117.3738,3
46.2583,-95.7147,5
28.1669,-81.8219,0
44.8720,-69.4203,0
45.6270,-108.9193,20
40.4099,-74.5730,0
50.2934,-107.7721,3
41.4977,-87.0730,13
40.0124,-105.2307,46
45.1702,-91.2361,0
39.9752,-104.7909,36
44.7683,-94.1558,38
41.8363,-86.3890,114
39.7444,-99.2155,0
44.7825,-108.6879,0
39.6011,-105.9773,28
43.9873,-81.1033,13
45.7192,-108.5218,28
40.7494,-96.5928,178
29.5110,-95.0898,0
40.0177,-105.1288,46
44.8492,-88.3472,3
40.3978,-80.0967,0
39.3343,-94.7642,0
39.4915,-102.8229,0
45.4174,-83.8106,3
39.4034,-107.1066,0
40.5192,-105.1593,41
41.4211,-94.7199,3
42.5031,-83.3766,30
41.1667,-104.6039,30
41.0589,-83.1127,0
45.4340,-122.5036,0
41.4342,-87.1450,5
44.4171,-72.2350,8
36.7207,-86.0349,0
35.1537,-106.2848,0
36.2528,-81.9136,0
40.8656,-105.4067,36
43.6465,-81.7074,38
42.5973,-74.5931,5
34.0151,-81.1920,0
39.6552,-75.7619,0
40.7739,-84.0800,0
44.3592,-72.6964,0
38.7873,-82.9779,0
38.7462,-77.1386,0
40.4181,-104.6984,3
43.2422,-88.2889,15
45.1226,-93.4579,10
40.1152,-86.4551,0
42.9300,-74.6264,3
46.2853,-96.0663,15
44.0277,-69.5686,0
39.2323,-106.0516,0
42.5455,-74.1475,0
48.5544,-58.6185,3
45.9190,-66.6269,0
43.6215,-110.6253,74
43.0420,-89.4682,36
41.1149,-87.1997,5
39.5280,-104.9532,5
45.6758,-89.5324,0
40.2469,-103.6240,0
45.6568,-89.4630,3
52.2915,-104.5762,5
43.9917,-79.6778,0
40.1087,-104.3383,25
37.7892,-120.7518,0
44.8064,-108.4131,18
42.4927,-72.9454,0
41.2800,-85.4729,10
42.8181,-106.3455,89
48.8511,-97.7775,0
42.2778,-89.0359,23
41.2745,-96.1463,41
48.9536,-54.6186,0
44.8687,-93.3394,20
34.9542,-86.4506,0
45.3240,-102.8768,0
41.9286,-74.0195,0
42.8316,-74.1152,0
44.0866,-103.3701,3
34.7756,-86.7803,0
53.6050,-105.8944,0
41.3719,-92.4975,33
43.6394,-108.2133,91
46.4025,-94.4631,5
45.8006,-108.5947,28
42.9705,-78.8284,25
44.3320,-70.2685,0
47.2602,-96.2577,3
44.8567,-93.6864,25
39.7978,-93.4997,0
42.8532,-90.7086,25
40.3863,-105.1633,13
42.1874,-90.0219,13
44.6877,-94.0384,36
41.5019,-86.3851,15
42.0944,-71.3776,0
40.4108,-104.7914,18
42.8630,-108.8652,64
47.1656,-91.6195,0
36.1520,-115.3396,0
38.0450,-85.7155,0
40.4079,-74.6199,0
44.9215,-83.4270,8
47.7084,-116.8367,0
44.4991,-63.5264,0
37.9705,-80.7667,0
40.9142,-91.4293,0
40.8892,-83.6603,13
48.4535,-89.2239,0
45.6138,-111.0566,61
39.5886,-105.1004,10
47.7130,-118.9412,0
41.4686,-96.0703,41
46.2033,-89.1317,5
34.6544,-86.5617,0
41.9221,-111.8193,0
44.0412,-80.6893,0
42.1262,-83.8109,15
39.3929,-74.6248,0
40.7715,-96.6689,74
42.8095,-106.3315,58
44.8403,-92.6350,18
42.0597,-88.2334,20
44.6532,-85.6640,18
41.2986,-104.8278,33
39.9860,-86.3518,254
40.3889,-75.9396,0
39.2142,-84.1716,0
41.6874,-87.7911,3
49.8996,-97.1875,0
38.3339,-104.7898,0
38.6418,-77.7672,0
38.9433,-119.1916,0
48.8485,-117.6283,0
40.5321,-105.0253,33
42.7096,-108.6793,58
44.7104,-63.7331,0
41.8571,-88.3823,20
41.0483,-93.9496,5
40.5219,-106.9593,69
45.7393,-65.5222,0
44.8559,-92.6127,18
44.3425,-92.9792,28
40.5088,-104.6825,157
40.8990,-85.7872,0
40.3484,-104.4383,5
39.7237,-104.8568,15
40.9519,-74.1577,0
41.8633,-89.2257,8
42.9880,-85.8103,43
42.8403,-84.4197,20
38.8319,-107.9670,0
45.8002,-108.5553,28
41.2144,-85.1242,13
36.1066,-88.0443,0
40.2647,-87.6656,0
47.3720,-122.2230,0
44.9453,-95.7203,64
42.0213,-83.3945,25
42.5970,-82.1781,48
44.9663,-93.8489,25
45.8802,-123.2946,0
47.6514,-101.4152,15
33.6239,-117.6275,0
32.4066,-96.3347,0
34.8240,-92.2531,0
39.7197,-105.2472,13
41.6179,-80.2917,28
48.2647,-96.8703,0
44.1337,-84.0743,23
45.1187,-95.0551,38
39.5462,-104.9655,5
41.7887,-69.9786,0
45.1994,-95.0057,36
49.8072,-97.1187,0
40.4262,-105.1162,23
41.5264,-90.5858,0
42.2998,-83.7392,15
48.6770,-100.8026,0
40.7990,-76.4322,0
41.1630,-104.6091,28
44.5179,-103.6698,38
43.5370,-110.8250,363
44.6310,-72.2800,10
42.2660,-87.8460,23
27.9855,-81.7902,0
44.4136,-74.1521,15
39.9837,-105.1492,15
41.5819,-88.1937,5
43.8981,-72.1377,0
44.7195,-89.0223,3
39.7667,-105.1142,18
44.8344,-93.0358,178
44.2337,-86.0358,114
45.4624,-75.9712,51
49.1916,-100.4942,13
39.6999,-104.9512,15
39.6724,-104.7609,0
37.9018,-88.9341,0
45.2082,-93.6528,20
45.4400,-105.6100,71
42.3417,-78.4528,5
45.8359,-108.5221,23
41.7018,-87.7820,20
45.6745,-118.8079,0
49.6913,-97.2734,0
43.6312,-84.1943,28
45.8330,-109.9450,30
45.9689,-94.3772,10
50.4826,-104.6385,0
42.9980,-88.0238,23
43.4938,-103.5430,23
40.5161,-105.1026,38
43.7440,-70.4890,0
35.5066,-108.7308,0
44.0098,-92.9856,46
42.6536,-85.7597,38
43.3818,-84.6586,23
34.4972,-87.2300,0
39.6679,-104.9440,8
41.6048,-75.2833,13
40.2001,-82.7732,0
53.5972,-105.7361,8
48.0125,-123.1709,0
35.5909,-82.5549,0
40.5045,-105.0514,38
41.8501,-75.8655,36
41.2116,-95.8480,48
40.5633,-105.0872,58
40.8398,-74.5432,0
40.3503,-86.4867,0
40.5884,-105.0664,36
45.6001,-109.0899,28
41.5670,-79.7639,30
45.3950,-93.0181,20
44.7849,-116.0475,81
40.2831,-105.3547,25
43.7061,-106.2982,38
42.4113,-84.5276,28
44.3213,-88.9286,8
39.3428,-82.0964,0
44.4412,-90.1289,3
41.2853,-95.8336,56
48.1810,-117.1712,0
41.1411,-100.7807,142
37.4378,-87.4418,0
42.0044,-87.8460,18
45.5307,-87.6192,0
41.9174,-88.6891,165
45.1775,-89.8482,3
40.9158,-74.4758,0
44.9324,-94.6955,43
42.1880,-87.9590,13
45.6018,-94.1991,20
47.8771,-97.0581,5
48.6354,-112.3249,0
45.1864,-85.1478,18
40.4247,-105.1730,33
46.1744,-89.3038,0
40.1697,-105.0779,36
41.2855,-104.9058,74
40.5687,-105.1194,61
40.2077,-75.3522,0
41.6189,-87.0825,13
40.5460,-105.0731,43
47.2983,-101.6178,13
42.7017,-108.6757,53
40.1526,-84.4613,0
41.1134,-82.3036,10
43.3194,-88.1681,8
39.2016,-106.0412,0
40.6263,-105.3912,56
42.1079,-93.6511,10
43.3367,-72.0606,0
36.4590,-81.1525,0
44.1385,-77.4300,46
42.9409,-87.9823,23
45.5075,-66.0986,0
46.4877,-108.5135,10
47.5017,-64.9355,0
42.2658,-85.8619,41
41.5904,-86.7343,15
45.4681,-122.6813,0
46.2084,-119.1658,0
43.5141,-89.5691,28
41.2316,-104.7737,61
44.9305,-92.9249,18
46.1326,-91.4050,13
42.5110,-76.9155,0
44.8829,-93.2583,15
45.7148,-108.6473,23
44.1128,-71.1396,0
39.8826,-105.1056,0
46.9386,-90.8349,0
41.3728,-88.8415,0
40.4424,-105.1030,20
40.5504,-105.0328,33
42.4650,-92.3410,25
46.2258,-109.2577,3
41.2492,-85.7967,15
44.4750,-105.5962,15
44.7518,-63.7910,0
42.1139,-88.0178,23
40.3302,-105.5221,30
46.3841,-95.3622,5
38.7845,-76.0739,0
41.3928,-75.6411,0
39.4700,-76.8301,0
39.7005,-105.0985,23
43.7434,-92.3065,25
46.9589,-95.6472,5
43.6293,-65.7999,0
34.1109,-109.9003,0
47.1556,-53.4722,0
41.4405,-93.6883,46
41.4345,-87.1124,5
40.5903,-104.9274,15
44.2885,-94.0764,20
39.3859,-104.8529,0
42.4000,-88.7424,28
46.6046,-90.6492,3
41.8991,-106.2002,76
44.3541,-66.1026,30
39.0212,-84.2186,18
46.5894,-107.7488,20
43.8567,-70.4664,0
47.2227,-93.4960,0
38.7338,-120.7110,0
40.5091,-74.8549,0
46.3526,-61.0776,10
34.7806,-86.8644,0
45.7699,-64.2180,0
41.3537,-80.0505,38
40.3575,-104.7752,28
44.6654,-94.8544,28
39.8626,-74.1410,0
44.5358,-69.6029,0
42.8360,-78.7897,8
46.1661,-113.0853,25
40.9234,-73.3305,0
35.5344,-77.3821,0
39.5936,-75.0692,0
43.5949,-71.7414,0
44.1756,-72.7961,5
45.5740,-88.8983,0
43.4356,-71.5069,0
45.6325,-110.5836,51
45.7904,-66.1473,0
49.4005,-97.3142,0
40.5872,-104.9630,13
46.0533,-83.6906,0
37.7847,-79.9165,0
44.3552,-72.4554,8
34.7981,-86.7047,0
38.9669,-95.2967,0
43.4394,-71.5373,0
45.9770,-66.8682,0
42.6978,-108.6883,38
41.1575,-104.8840,25
43.3502,-101.6018,13
49.8631,-97.2622,0
47.6013,-122.6043,0
39.9317,-105.0809,20
40.5358,-94.8879,0
44.2612,-94.9922,13
33.4387,-88.8695,0
46.8153,-92.0637,0
34.8050,-86.7619,0
45.2900,-109.0400,36
37.6702,-91.8739,0
45.0713,-64.4857,0
45.1724,-88.4899,3
41.2520,-104.7713,30
33.9837,-83.1378,0
36.3188,-85.5019,0
45.6063,-122.5104,0
35.0114,-86.8392,0
42.4310,-83.3819,25
24.5695,-81.7559,0
40.4612,-111.2285,38
39.4041,-79.3722,0
41.7010,-84.9867,28
39.9707,-105.2505,48
44.5187,-72.3028,0
35.4606,-81.3296,0
41.7084,-87.7539,13
29.7643,-98.6535,0
41.6066,-93.6956,3
41.2911,-82.5934,112
29.7210,-98.1655,0
37.9663,-103.5443,0
43.4301,-110.7976,41
41.4996,-87.9603,5
40.4657,-106.8035,122
36.2347,-86.3817,0
44.7323,-92.4060,15
40.5140,-106.8240,137
39.4441,-104.8723,0
39.7849,-86.3939,0
42.7112,-87.8457,30
41.7788,-107.1169,3
40.0136,-86.2901,0
44.7029,-106.3261,36
42.4516,-76.0437,56
34.6444,-86.5056,0
42.1739,-88.2993,13
41.3315,-88.3141,0
43.8580,-108.1640,51
39.8895,-82.7680,0
40.0403,-82.7980,0
41.7321,-93.6498,203
40.5949,-98.4270,5
41.4681,-87.9378,18
42.1587,-78.4905,15
39.9892,-105.4450,18
40.0014,-77.1089,0
41.6414,-100.7747,33
40.6455,-102.6284,0
40.5556,-105.1221,53
41.3705,-85.0457,13
40.5386,-104.6299,13
47.5857,-122.6092,0
46.6500,-97.0193,25
44.9769,-106.8475,28
46.0272,-66.6746,0
41.9864,-91.6339,0
40.3038,-103.1114,8
39.6671,-104.9898,13
43.6595,-83.8885,38
40.2843,-105.1608,48
43.1070,-71.6171,0
42.8213,-73.7855,0
39.7220,-106.1370,33
48.7176,-118.2049,3
35.6874,-88.8809,0
45.7139,-89.4215,8
44.8283,-93.4040,20
41.3160,-81.1434,43
44.9047,-107.1687,33
42.8918,-88.1423,28
42.1070,-84.6260,30
45.7360,-107.6020,13
40.3778,-105.1202,8
44.1964,-88.3307,13
41.6225,-86.2163,23
41.0413,-93.9805,5
44.9145,-93.6992,20
39.3315,-104.9611,0
41.5007,-81.5526,91
44.9100,-93.2890,20
44.4677,-87.9735,8
39.7647,-84.6338,0
42.6396,-83.0272,46
45.1715,-67.0816,0
40.4857,-106.8472,170
42.8475,-95.7024,0
40.2536,-95.2387,33
39.6470,-104.7624,13
40.3666,-105.0992,20
44.2389,-92.4551,36
51.2522,-106.5403,0
41.4971,-85.3071,46
38.6049,-89.9685,0
45.9220,-116.1260,0
40.3491,-105.5036,56
43.4794,-80.5354,23
43.2686,-72.0051,0
39.8143,-105.3945,0
36.3350,-96.0975,0
42.7614,-75.5554,8
44.7586,-72.1168,0
44.9846,-93.3744,23
43.5375,-81.3964,46
42.8762,-71.6828,0
46.3147,-107.0794,5
43.7122,-76.0621,10
40.9982,-96.9093,28
39.7067,-86.2810,0
43.1112,-92.9940,15
42.4970,-71.7750,0
41.5558,-104.9128,117
41.4900,-82.0874,36
45.8812,-66.7623,0
45.5519,-116.3028,0
43.3439,-91.6443,28
41.2973,-105.5226,5
41.4089,-87.3899,5
40.2124,-105.0426,41
41.4673,-90.1818,0
45.6036,-109.0339,30
40.4754,-106.8085,175
36.0512,-83.9862,0
41.5886,-81.3491,64
41.9766,-88.0598,28
47.1653,-122.3783,0
44.0390,-122.8500,0
40.1729,-105.0152,28
40.2797,-105.3636,46
39.9965,-76.7533,0
29.5120,-95.0994,0
41.7833,-93.7999,10
36.1648,-81.6055,0
40.3942,-105.0565,30
45.4788,-122.7692,0
37.2915,-91.8515,0
44.8000,-69.1684,0
46.8818,-64.1973,0
43.8583,-71.2597,0
37.7398,-89.8603,0
46.4779,-108.4165,3
35.6283,-108.7928,0
45.3608,-63.2682,0
44.6698,-64.8526,0
41.5067,-87.5248,5
37.5643,-85.7362,0
42.9962,-82.4643,46
42.4717,-79.3336,58
41.8262,-105.2054,127
44.8916,-72.4435,3
39.9908,-105.2557,41
39.9714,-104.8683,30
44.6658,-70.0272,0
39.4905,-105.5239,0
41.8163,-88.3068,8
39.9279,-105.1542,30
47.5480,-52.8882,0
43.8737,-80.1343,20
41.8554,-75.7111,25
32.9881,-97.3932,0
45.0336,-123.4277,0
39.0172,-92.7558,0
43.3499,-107.4803,81
42.5601,-87.9384,66
42.1130,-91.1405,13
38.6169,-77.9696,0
49.8599,-97.1128,5
39.4166,-102.2036,0
53.3290,-106.1377,0
43.0449,-80.9346,30
45.7595,-108.6133,15
46.4490,-96.7280,13
39.6596,-104.8760,20
40.0488,-76.6948,0
42.4284,-87.8838,38
41.4644,-81.0652,38
39.3818,-104.9487,5
37.2492,-93.9439,0
50.1784,-100.4396,0
40.6262,-74.6535,0
47.4669,-121.6806,0
41.2126,-104.4801,10
41.2233,-85.0570,13
45.1395,-93.4207,18
46.7138,-93.2885,0
43.6381,-108.2250,94
44.8844,-94.8188,38
39.9420,-83.8051,0
41.8939,-88.4761,10
40.9436,-74.1523,0
40.9645,-79.1989,13
40.0905,-104.7986,33
41.2027,-104.7926,13
40.1800,-74.0520,0
39.9223,-104.9554,25
42.9864,-78.8706,30
45.6383,-98.0003,18
41.3297,-86.3568,18
39.5247,-104.5229,0
42.2139,-104.5192,130
41.2949,-75.8682,0
39.7674,-105.2262,13
40.1951,-105.1323,25
40.5562,-105.0643,38
46.4457,-63.3121,0
40.5876,-105.1473,71
41.6235,-90.3514,0
42.6038,-76.1637,56
44.3606,-72.8077,0
43.9930,-66.1468,0
45.6208,-109.1040,41
41.8026,-75.6972,28
44.7914,-93.2304,23
41.6293,-88.2991,5
42.6732,-85.6801,33
41.7346,-88.2391,3
40.8123,-72.7718,0
42.9021,-87.9666,20
41.0892,-104.4083,25
47.7446,-122.5097,0
40.1838,-74.2448,0
43.7051,-99.3773,0
44.6209,-106.8029,41
44.5738,-106.9022,20
29.2650,-81.0472,0
39.7948,-105.5730,10
39.3723,-112.3339,0
40.5759,-105.0858,56
39.7054,-104.9754,20
42.1335,-73.7679,0
40.6273,-105.1437,61
45.2753,-62.7127,0
37.5990,-101.2911,0
46.5673,-87.6869,3
41.3047,-105.5805,51
47.3714,-102.7606,0
30.4144,-97.7664,0
39.7580,-104.8740,8
41.9062,-87.7819,20
43.3085,-87.9848,0
43.6695,-116.2653,0
49.7791,-124.3371,0
39.8959,-105.3508,28
46.9934,-65.5069,0
45.0043,-65.1169,0
44.8783,-93.3789,23
40.5627,-105.1079,48
43.1425,-80.0696,18
49.5196,-96.6794,0
44.3200,-90.8300,41
46.7544,-117.0005,0
29.7409,-97.6802,0
39.7811,-78.4334,0
39.6025,-104.9762,0
32.7904,-105.8204,0
42.1726,-87.8884,15
44.4560,-92.2907,0
45.7169,-92.9257,8
41.2084,-124.1027,0
41.2008,-81.3389,30
44.7246,-63.8192,0
42.6985,-84.5876,23
44.8467,-93.5456,30
40.7707,-79.9385,762
39.0400,-108.5210,0
42.6785,-91.9289,0
41.6470,-73.8970,0
46.3118,-116.0553,0
40.5800,-105.2200,71
41.2571,-77.0085,0
40.3833,-105.1390,28
41.3262,-82.4920,25
39.9588,-105.5026,46
31.8142,-93.0856,0
38.6205,-87.1359,0
40.7447,-111.8677,0
40.5437,-105.0564,51
41.2942,-81.2316,48
32.8525,-96.6399,155
39.6879,-104.7063,8
32.2918,-85.1893,0
44.8353,-122.6836,0
38.6639,-77.9756,0
40.0839,-105.3689,69
36.3189,-86.5612,0
40.6259,-105.0621,38
41.8356,-76.4237,152
34.7056,-76.9898,0
41.8161,-80.4250,38
34.2024,-78.0948,0
38.8592,-96.1058,0
45.9290,-66.6283,0
41.0233,-100.3669,81
33.7476,-84.7452,0
47.7738,-120.6641,0
41.4943,-94.9650,25
42.6175,-83.5438,28
41.7550,-87.8173,8
40.4697,-106.8139,163
43.9887,-84.7023,13
44.6414,-84.2383,13
39.1570,-104.5034,0
40.1369,-105.1554,43
44.9250,-102.7628,0
42.1938,-104.7265,180
42.2930,-81.9734,41
41.5193,-87.9193,8
43.8057,-71.9168,3
43.4514,-88.5956,51
44.8126,-106.9580,48
39.1949,-104.9333,0
37.1306,-80.5720,0
41.3940,-79.4131,20
36.1502,-86.5738,0
41.4082,-83.6716,15
49.1971,-100.1496,0
34.2917,-83.3236,0
34.7917,-86.7239,0
45.0309,-92.8420,23
39.7736,-105.0589,33
41.5177,-90.6072,0
39.5891,-105.1006,18
42.4981,-76.8715,46
35.3933,-82.8140,0
45.3201,-85.2437,20
42.1016,-87.7290,20
43.5073,-65.6096,0
45.9217,-64.5150,0
48.7094,-118.7214,0
41.6425,-86.0415,46
40.2567,-103.6494,0
39.6268,-104.7828,5
39.7738,-105.3864,20
41.0521,-83.5773,8
40.2707,-74.7295,0
39.4930,-105.3495,0
45.8833,-92.0960,8
45.4943,-110.2250,74
45.4622,-112.1625,10
43.8324,-70.1200,0
40.6348,-105.1487,51
40.6317,-75.1045,0
40.6609,-103.2212,13
41.5577,-87.6594,10
39.7332,-106.6806,0
41.4854,-71.6291,0
41.5417,-87.2715,10
44.6569,-93.2839,20
39.9810,-83.0401,23
45.4232,-76.0453,23
46.8293,-97.2617,20
43.2471,-75.2775,8
39.7423,-104.8194,10
41.8912,-88.0223,15
41.1623,-81.5037,18
39.5404,-104.9123,3
44.7878,-105.2674,28
42.4675,-71.4820,0
39.8174,-105.1550,23
44.0679,-72.8336,18
36.5869,-93.2692,0
44.5014,-68.2208,0
32.3191,-90.0806,0
46.4393,-95.5887,8
45.9631,-65.9694,0
39.4202,-84.1493,0
41.8339,-90.5439,0
41.6598,-87.5529,3
42.7766,-78.8444,20
41.5997,-85.0895,30
34.6286,-86.5561,0
39.8171,-105.1774,10
44.9720,-72.1478,0
45.4505,-98.5086,10
42.9900,-73.8000,0
45.6686,-122.6862,0
44.2354,-71.7388,0
46.6028,-95.7984,5
32.1154,-81.2509,0
36.4843,-80.9996,0
44.6053,-72.3094,5
41.7304,-88.2376,8
46.8201,-109.7935,8
41.8183,-86.3423,33
42.8755,-109.8683,86
29.4854,-98.6561,0
43.5570,-91.5130,28
42.3972,-87.8962,51
43.3189,-89.0268,28
43.5695,-116.3248,0
46.4667,-63.9892,10
38.1617,-85.8566,0
44.7584,-108.7769,0
40.3417,-80.1229,0
47.2956,-101.6301,8
40.0945,-88.1282,0
40.7230,-73.7110,0
38.7575,-120.6046,0
40.5707,-105.1121,48
40.7708,-96.6279,46
40.4217,-104.7057,18
41.3677,-81.7018,137
40.0781,-88.2537,0
41.1977,-80.9721,25
42.5336,-75.6306,25
41.0105,-95.8890,36
35.6345,-117.9782,0
44.8622,-92.6312,36
44.5125,-78.3606,0
43.8977,-78.8744,51
39.9714,-105.3968,36
44.5309,-96.5227,20
41.9692,-88.1873,23
38.2872,-81.7874,0
49.5171,-96.7356,3
41.2604,-85.8487,8
38.9052,-104.8491,0
42.2832,-83.7715,20
34.5360,-92.7651,0
44.1511,-94.7852,15
39.6249,-75.7861,0
43.3617,-110.8370,218
36.9544,-86.3366,0
40.2835,-78.8901,10
43.2082,-102.0292,10
43.0961,-79.0281,28
42.8370,-78.7433,10
42.9042,-105.0635,38
42.0019,-87.6985,20
34.6389,-86.5436,0
42.9632,-78.8669,36
42.1753,-122.6572,0
41.1344,-100.7916,94
42.0043,-87.6697,23
43.6532,-107.3734,81
43.1156,-88.8128,30
39.3542,-101.6996,0
42.0826,-75.9912,18
41.5324,-84.8853,23
29.7305,-98.0938,0
45.6697,-109.4724,46
34.5434,-112.3764,0
40.6148,-74.4994,0
40.5968,-105.1329,38
42.2845,-83.0346,25
48.5050,-121.4800,0
44.2659,-85.2553,15
42.9919,-85.6944,30
46.7985,-96.1218,13
50.1475,-95.8902,0
39.4819,-106.0325,43
42.3778,-87.9674,28
38.2210,-84.8175,0
41.1858,-104.8149,25
40.6761,-94.7303,8
41.0578,-75.0796,0
31.8449,-102.4858,0
42.3523,-74.5783,3
41.2812,-84.3454,41
43.5200,-71.8190,3
34.9842,-83.3917,0
42.5088,-72.6973,0
42.8972,-85.7791,41
42.8167,-106.4108,71
39.5186,-104.9492,0
42.8966,-76.6727,10
45.6578,-111.0272,43
41.9117,-76.8605,10
39.8394,-104.9101,13
42.3223,-76.5899,23
41.2098,-81.3548,36
43.5868,-99.7114,0
42.8410,-81.7084,28
44.2832,-83.4992,13
39.6896,-104.7757,13
46.9162,-60.4946,18
42.1823,-83.4364,25
43.6037,-70.9867,0
40.7079,-105.0072,38
39.1692,-85.2361,0
41.5007,-79.8497,33
41.7814,-88.0674,15
41.6842,-106.4175,23
42.3420,-83.3021,13
44.9090,-97.2122,46
40.4407,-105.0619,23
40.7206,-105.4150,48
43.2648,-90.7557,25
44.8228,-65.3178,5
44.6826,-63.8602,0
44.6115,-74.9719,15
40.6108,-105.0412,28
42.0168,-87.8557,20
44.2781,-103.8092,36
39.7140,-86.4090,0
44.7579,-93.2567,20
39.6090,-104.9822,8
38.9539,-92.3381,20
46.3554,-98.9177,30
46.9095,-104.0050,0
33.1637,-96.6851,0
47.4021,-79.6765,0
45.2575,-109.2264,66
43.8705,-93.3036,18
39.1516,-77.2368,0
38.3029,-104.7910,0
44.0800,-99.1300,0
47.6421,-65.6876,0
40.5472,-105.0749,43
45.4899,-74.6457,5
40.4624,-90.7452,0
42.6509,-78.6106,20
39.4722,-105.3913,0
41.2216,-85.7949,13
40.0806,-106.8929,23
51.1240,-104.9917,0
37.3996,-119.7381,0
39.7830,-94.7977,38
40.8977,-86.6525,81
39.6490,-104.7758,0
41.5832,-88.1911,5
42.8264,-106.3988,84
43.3472,-72.6968,0
39.6450,-106.3953,5
45.3147,-64.4289,0
46.2508,-63.3342,5
47.0724,-114.0798,0
42.5597,-87.8566,43
39.4582,-107.1839,0
40.5035,-88.9682,0
42.0576,-86.1399,46
36.5921,-94.4507,0
43.4472,-88.8526,28
39.7866,-77.7253,0
42.0586,-104.1684,147
45.8190,-108.3459,15
43.8885,-70.2944,0
34.7058,-86.7503,0
42.0160,-79.1249,15
45.2943,-91.6247,5
40.0414,-105.0729,30
44.8233,-92.9389,15
37.0169,-94.4925,0
41.5828,-70.5803,0
46.2507,-119.3197,0
42.8230,-86.0678,48
44.7208,-93.1497,28
41.6846,-73.7205,0
39.9417,-104.9353,5
40.7912,-78.0118,5
41.2050,-82.8380,23
43.2957,-123.0787,0
39.9338,-105.0916,0
40.5355,-82.5628,0
45.5416,-122.6401,0
35.3620,-85.3797,0
40.5538,-105.1289,48
44.0308,-107.4509,43
44.0207,-88.7797,10
44.2899,-96.7871,3
45.4818,-91.1468,10
39.0589,-92.4370,0
45.2213,-109.2124,61
40.5069,-85.4275,0
55.4900,-107.9236,3
42.1906,-89.0604,20
