36.3200,-115.7000,25
36.7200,-106.2600,36
43.8000,-114.8500,48
43.7600,-116.1000,42
35.7700,-105.7800,47
36.5100,-106.3200,7
40.3000,-111.2600,95
43.7600,-115.2400,73
43.7300,-113.8300,67
39.1900,-120.2600,135
39.3600,-106.0600,109
36.2500,-115.6300,46
39.2900,-117.1100,42
36.8600,-106.2300,26
46.2400,-117.3900,55
44.2100,-110.6700,42
44.7900,-116.0900,35
38.4000,-119.5400,98
35.9200,-106.3900,39
48.7200,-116.4600,25
41.4000,-107.2600,54
36.1900,-105.5600,27
40.8300,-111.7600,52
36.0300,-106.8100,48
36.0700,-105.6300,47
36.9600,-106.6600,27
35.3400,-111.6500,63
36.7900,-105.2400,44
39.4300,-120.3100,81
36.0000,-106.8300,31
40.5300,-106.7800,29
36.3100,-115.6800,25
39.8000,-106.0300,333
36.9900,-105.2600,35
36.1300,-105.5300,26
44.3800,-116.3400,49
39.3100,-111.4300,139
35.7800,-105.5400,25
