36.3100,-115.6800,25
36.9600,-106.6600,27
36.2500,-115.6300,46
43.7600,-116.1000,42
40.3000,-111.2600,95
39.1900,-120.2600,135
40.5300,-106.7800,29
35.9200,-106.3900,39
36.5100,-106.3200,7
46.2400,-117.3900,55
43.8000,-114.8500,48
36.7900,-105.2400,44
44.7900,-116.0900,35
43.7300,-113.8300,67
41.4000,-107.2600,54
36.9900,-105.2600,35
39.8000,-106.0300,333
44.3800,-116.3400,49
36.7200,-106.2600,36
38.4000,-119.5400,98
35.7700,-105.7800,47
36.0000,-106.8300,31
36.0700,-105.6300,47
43.7600,-115.2400,73
36.8600,-106.2300,26
39.4300,-120.3100,81
48.7200,-116.4600,25
36.1300,-105.5300,26
39.3600,-106.0600,109
35.3400,-111.6500,63
44.2100,-110.6700,42
39.2900,-117.1100,42
36.1900,-105.5600,27
39.3100,-111.4300,139
40.8300,-111.7600,52
36.0300,-106.8100,48
