18.1747,-66.7978,41
31.2022,-93.5725,53
40.7264,-122.7947,33
38.8586,-99.3358,56
28.0372,-97.8725,86
43.8544,-116.4664,5
36.9969,-119.7072,64
37.1503,-104.5567,23
37.2792,-86.2492,53
40.7142,-122.4161,43
33.8300,-88.5214,76
38.6644,-94.8900,0
36.4711,-86.8414,84
35.9328,-88.7267,71
37.9050,-93.3169,33
26.3769,-98.8117,18
33.6731,-111.1508,97
40.1100,-87.9567,30
47.0575,-109.9514,48
40.0839,-88.2403,48
33.2564,-81.2422,74
39.7506,-92.5064,36
33.9544,-102.7783,0
44.6342,-123.1900,25
28.4675,-98.2525,81
44.7764,-108.7592,-33
36.1056,-82.8436,48
40.4750,-86.9919,89
42.9592,-120.7897,15
37.3806,-107.5811,41
32.7547,-104.3836,142
42.4492,-76.4492,86
39.0303,-76.9314,84
39.8114,-99.9386,28
40.6117,-122.5281,13
31.6164,-94.6431,99
34.1864,-90.5572,15
46.0436,-118.4628,64
34.5822,-119.9817,74
40.1739,-101.0611,10
35.3872,-76.7764,196
34.7675,-106.7611,43
31.8769,-105.2369,0
42.1397,-87.7853,43
45.6750,-111.1550,58
40.5764,-105.0858,8
36.4622,-116.8669,127
28.4575,-97.7061,53
34.5697,-93.1947,20
30.8408,-89.5453,43
39.0172,-92.7558,71
35.1867,-102.0797,0
28.6575,-96.5553,61
37.5147,-122.0325,41
40.7833,-81.9167,76
32.8964,-107.3078,114
33.7542,-99.1442,0
35.1131,-89.2122,30
42.8767,-77.0308,91
34.7281,-90.3683,46
48.1375,-103.7372,76
39.2494,-106.3714,13
40.4719,-74.4364,38
33.6772,-93.9903,8
30.7931,-94.1819,28
38.4917,-122.1242,41
47.7283,-104.1467,33
38.5039,-95.7036,28
37.0683,-88.7725,28
30.5467,-87.8808,56
33.7092,-93.5564,38
45.9228,-108.2444,30
31.3625,-85.3397,51
39.1172,-95.4097,74
46.8706,-68.0172,33
42.0208,-93.7742,33
32.6406,-96.9747,25
35.1297,-89.8036,20
39.2475,-96.5994,36
30.0689,-94.2928,41
40.2233,-86.1086,94
18.0331,-67.0722,46
44.9847,-93.1772,41
40.1550,-103.1417,8
18.2583,-65.9922,84
33.6897,-101.8219,51
39.0744,-96.8983,25
35.6214,-88.8456,84
35.8819,-83.9572,56
44.2394,-95.3153,36
38.4661,-101.7758,5
31.6003,-97.2169,58
35.3886,-106.5439,104
37.7967,-121.5828,104
31.8611,-97.3750,38
46.7603,-117.1861,71
26.2656,-97.8714,86
43.4033,-103.2683,18
36.2403,-106.4278,79
35.7197,-86.9653,76
36.8047,-107.6214,58
34.9881,-120.3211,58
31.0372,-97.5283,53
31.3706,-100.4942,46
33.0353,-96.4861,13
26.8400,-81.0872,86
41.9342,-88.7756,38
33.4692,-88.7822,43
28.7156,-97.1742,46
41.0267,-86.5867,8
38.7403,-104.3994,0
42.1231,-111.3133,23
34.1419,-80.8700,51
37.3822,-102.2986,-86
36.3444,-88.8636,97
40.0892,-99.2133,53
35.4139,-86.8086,61
33.4258,-111.9217,69
41.2986,-80.7647,663
38.7978,-99.7231,41
35.6414,-106.3322,48
37.7617,-117.5658,38
39.3903,-94.5553,15
39.0422,-108.4664,-20
38.9408,-95.3397,41
31.0619,-94.1011,30
35.1108,-81.9675,74
47.0022,-118.5658,97
32.8242,-95.5275,36
43.5492,-71.4647,475
36.0147,-85.1314,61
34.8847,-99.2964,97
48.4983,-109.8014,7087
44.1183,-121.2103,18
32.2631,-96.6369,0
35.6872,-90.0964,84
30.2003,-92.6642,38
36.5575,-105.2628,775
39.5039,-98.3150,8
40.8250,-92.8925,38
47.3111,-116.9544,71
38.5200,-89.8467,0
39.0936,-106.3514,33
38.5350,-121.7761,81
46.6722,-120.4994,53
48.7178,-122.5114,38
38.6450,-95.5661,18
34.6603,-82.8236,66
36.5928,-106.7300,48
38.4931,-122.0047,69
38.0633,-102.9297,79
40.7131,-79.5144,76
34.1981,-101.7461,58
42.3806,-96.9575,-104
35.4072,-104.1906,58
32.8522,-95.8864,43
45.6911,-118.8522,43
61.5664,-149.2542,41
34.3961,-89.7903,56
35.1161,-93.6506,0
29.8608,-98.1958,51
38.6078,-97.9597,0
32.2822,-106.7597,124
34.5989,-103.2161,41
35.2006,-103.6867,36
33.0642,-101.0489,33
41.9928,-71.1667,3
41.4439,-86.9294,38
42.7467,-71.0425,43
33.1481,-95.6269,43
18.0258,-66.5253,46
47.6811,-117.6267,99
34.1647,-88.7239,51
36.5508,-114.4581,102
33.1461,-107.1842,140
31.9611,-96.6881,48
38.2597,-104.7169,10
39.3925,-101.0689,48
29.4608,-101.0286,61
31.9633,-98.4942,79
40.2539,-85.1483,56
26.5581,-99.1372,66
30.7189,-97.3211,86
34.8219,-89.4347,483
35.0489,-97.9158,0
32.9206,-86.6708,279
32.9506,-97.0553,15
25.8175,-80.2858,104
31.9497,-91.2336,53
39.6619,-99.1228,48
44.3089,-85.2050,13
38.0047,-120.4864,71
30.7053,-104.0233,76
33.4594,-104.4042,140
39.4031,-99.4192,48
36.6897,-108.3086,56
32.4219,-93.6381,69
37.9931,-100.8122,20
29.6211,-96.3661,51
30.6836,-97.7172,58
32.6475,-97.4439,33
33.3192,-95.6039,43
27.4272,-80.4053,0
40.2458,-111.6508,61
32.3378,-89.0817,56
46.7281,-116.9558,69
40.3708,-81.7908,81
34.1381,-88.9983,127
45.4825,-120.7236,43
44.3253,-96.7686,43
32.2683,-101.4858,81
32.9203,-94.7225,56
30.3367,-96.5403,43
41.4903,-71.5431,36
