-37.8587,145.1847,48
-36.4793,147.0297,280
45.7883,-92.2325,10
-34.2511,116.8767,54
42.1297,-104.3900,211
38.3217,-83.6642,762
21.3278,-157.8236,23
-35.5194,138.8177,260
43.9517,-111.6789,178
-34.1567,148.6857,342
42.7989,-86.2050,0
-36.7691,147.6956,300
43.4867,-110.7614,53
37.6128,-114.5264,43
38.5328,-106.0158,508
-34.5961,118.5519,214
-41.4372,145.5258,128
-36.6936,145.8785,110
-30.6688,152.7638,220
-33.3281,147.8472,286
37.5514,-101.6344,356
-34.9008,118.2019,220
44.9489,-72.1911,38
42.6519,-112.1931,188
37.2633,-101.7886,396
40.5411,-121.5767,8
-33.3211,149.0828,276
19.4297,-155.2561,229
-37.4701,144.3069,144
44.9094,-72.8083,84
19.5106,-155.9217,160
-32.0094,117.4014,36
20.2250,-155.7933,635
47.3389,-91.1958,178
42.2031,-98.7467,89
43.9158,-83.0831,33
-31.9320,133.0056,56
32.5683,-98.0819,13
42.5711,-100.6931,180
-34.9167,138.5956,350
38.4747,-100.9175,518
-36.8473,146.3225,326
-35.9681,144.1073,62
34.8878,-83.3967,196
-32.8148,149.0408,230
39.2219,-105.9936,414
-43.1456,147.9617,32
-27.7458,115.8286,3
32.2542,-111.1961,0
19.6158,-155.0839,236
38.2456,-78.2703,963
34.4581,-78.1094,0
41.8017,-74.7400,541
