43.8544,-116.4664,278
43.9794,-117.0247,150
40.1100,-87.9567,178
41.1453,-85.4897,117
33.8083,-79.8567,256
47.0575,-109.9514,139
33.2564,-81.2422,189
34.1944,-79.2472,233
41.8161,-80.4250,133
40.4750,-86.9919,122
32.7547,-104.3836,161
34.2183,-81.0731,211
42.7831,-71.4147,150
37.1317,-86.1481,183
37.8194,-85.3847,217
42.1397,-87.7853,144
28.4575,-97.7061,272
64.1539,-145.8894,28
44.4933,-68.4583,133
40.4719,-74.4364,139
62.1925,-150.5033,44
37.0683,-88.7725,167
46.8706,-68.0172,111
38.4558,-86.6983,194
40.2233,-86.1086,206
44.9847,-93.1772,156
34.4719,-81.8839,189
35.6214,-88.8456,222
32.3500,-94.6500,256
37.9311,-98.0297,200
40.0739,-87.5067,178
39.4833,-83.8500,211
42.2947,-83.7108,150
34.7289,-80.0389,211
37.1244,-87.8672,100
38.4661,-101.7758,211
39.4708,-87.4081,222
27.7792,-97.5056,250
38.7003,-82.4736,206
39.4700,-80.8572,167
38.7386,-87.4878,211
28.7156,-97.1742,233
41.0267,-86.5867,139
34.1419,-80.8700,200
33.0167,-81.3167,228
35.6042,-91.2744,189
45.0853,-67.1203,139
38.5200,-89.8467,161
34.6603,-82.8236,233
38.8894,-86.5519,156
64.9156,-148.2711,22
42.3806,-96.9575,167
32.2822,-106.7597,317
41.4439,-86.9294,167
40.7928,-87.7556,133
47.6811,-117.6267,111
33.7775,-81.8467,183
40.9361,-90.7197,150
36.1306,-80.5481,217
32.5133,-92.3486,233
44.8831,-85.6753,189
40.2539,-85.1483,178
32.9206,-86.6708,233
46.3414,-86.9242,144
38.3139,-81.7186,150
36.7578,-90.4056,183
28.8608,-97.0181,256
40.8142,-85.1547,133
37.9931,-100.8122,206
37.1167,-84.6167,150
20.7583,-156.3211,250
