43.9636,-69.7117,1504
35.6875,-117.6931,1426
41.0669,-73.7075,1338
61.1689,-150.0278,2205
41.5175,-81.6836,2253
41.0136,-83.6686,1421
40.2383,-75.5572,1310
60.7850,-148.8389,1123
38.4167,-113.0167,1702
40.0781,-83.0781,1514
42.1578,-72.7161,1341
34.7000,-77.3833,1512
36.8167,-76.0333,1210
36.9839,-77.0075,1356
39.1033,-84.4189,956
40.8500,-74.0614,812
40.2172,-76.8514,1657
46.4047,-94.1308,49
39.4203,-83.8217,1349
43.3497,-76.3847,938
32.5428,-93.7450,1559
40.8206,-76.8642,746
34.9869,-81.0575,1220
40.7342,-73.4169,1326
41.6875,-69.9933,1548
40.1203,-76.2944,1526
27.9106,-82.6875,1452
44.0219,-82.7931,1658
44.3675,-71.5450,1146
41.6264,-80.2150,1256
60.4889,-145.4511,1156
62.9614,-141.9292,1621
35.9333,-79.0642,1339
40.0819,-75.0111,1452
30.7167,-87.0167,1252
67.7317,-164.5483,1144
59.4556,-135.3239,1558
41.9097,-70.7294,1516
34.9883,-117.8647,1641
34.2008,-119.2069,1607
40.8731,-81.8867,1905
38.3000,-76.4167,148
38.9833,-76.4667,1327
46.5486,-90.9189,812
24.5833,-81.6833,2230
31.3089,-86.3939,1354
42.5708,-77.7133,1357
43.6264,-72.3047,1200
31.6072,-110.4281,1122
45.8258,-119.2611,46
42.6650,-83.4181,1513
40.8436,-72.6322,1305
30.4636,-88.5319,1142
6.9667,158.2167,106
37.1681,-97.0369,1521
37.7081,-77.4344,827
30.6264,-88.0681,1316
41.7700,-88.4814,1544
40.0681,-118.5692,1615
63.9944,-145.7214,1800
31.3558,-85.7511,1147
31.8456,-86.6108,1432
47.7472,-90.3444,1545
42.2333,-83.5333,1650
39.9181,-76.8742,1610
34.9000,-76.8833,942
36.7436,-108.2292,1610
32.8167,-115.6833,1917
42.5700,-72.2911,1549
37.1319,-76.4930,1633
9.4833,138.0833,608
31.3928,-92.2956,1121
42.5519,-71.7558,1114
31.4000,-93.2833,1447
41.3931,-70.6150,1331
36.9500,-76.2833,1530
38.3083,-75.1239,1132
41.2531,-70.0608,1457
30.5069,-86.9597,1320
45.6194,-121.1661,1534
47.0339,-120.5303,2002
43.1644,-95.2017,933
41.0089,-74.7367,1315
59.7494,-154.9089,8
39.3667,-75.0667,1246
46.4167,-86.6500,1526
66.0689,-162.7639,1432
64.3267,-158.7417,1615
7.4500,151.8333,2251
41.6686,-70.2800,1311
38.1417,-76.4292,1517
42.8050,-72.0036,1257
42.1594,-76.8919,1622
41.2003,-74.6231,1242
36.7414,-104.5022,1916
47.4933,-122.2144,424
38.7667,-104.3000,2104
27.6833,-97.2833,1619
40.3547,-79.9217,1058
40.3300,-75.1225,1217
22.0333,-159.7833,1117
70.2117,-151.0017,1239
47.9078,-122.2803,1052
28.4736,-82.4544,1135
31.1500,-92.9667,1353
39.4167,-118.7167,1443
32.8667,-117.1333,1418
42.4933,-79.2722,1609
61.1781,-149.9664,2222
42.4167,-87.8667,1513
30.3433,-89.8222,1304
41.7872,-111.8533,1621
41.2639,-72.8872,1516
42.4092,-83.0100,1401
45.4622,-69.5953,1510
41.9144,-88.2464,1606
46.9006,-95.0678,940
41.3461,-82.1794,1116
43.9906,-70.9475,1430
37.7064,-112.1456,1535
42.1208,-87.9047,1531
41.8678,-84.0794,1420
62.3200,-150.0950,1540
47.4569,-115.6450,1919
39.9369,-91.1919,1303
42.7172,-71.1239,1448
33.4050,-118.4158,1436
28.0622,-81.7542,1412
29.3331,-89.4075,1457
30.0494,-90.0289,1527
42.1908,-71.1736,1306
26.5361,-81.7550,1750
30.4000,-86.4717,1212
43.2339,-75.4117,1422
43.1072,-78.9453,1718
39.7333,-77.4333,1722
17.7028,-64.8056,1118
55.5800,-133.0750,1407
37.3278,-95.5042,1008
61.2169,-149.8550,1710
42.4700,-71.2894,456
45.8183,-88.1144,1100
30.2333,-81.6667,1423
39.2956,-80.2289,1035
37.0911,-95.5664,1358
64.7767,-141.1483,1901
35.5144,-108.7939,1435
44.5761,-71.1786,1327
41.6764,-70.9583,1300
47.3864,-92.8389,1159
18.3331,-64.9667,1112
41.1961,-112.0114,2224
62.1592,-145.4589,1418
39.9492,-74.8417,1314
60.5797,-151.2392,2246
36.3333,-119.9500,2224
48.7167,-94.6000,1523
32.4833,-80.7167,1529
41.4525,-87.0058,1415
59.2433,-135.5094,1512
40.6239,-74.6694,1347
47.2675,-122.5761,1452
56.6000,-169.5650,2359
41.7361,-72.6506,1143
36.1336,-80.2222,910
30.7797,-86.5225,1254
38.5000,-77.3000,411
31.9514,-85.1289,2253
38.0653,-97.8606,958
40.6161,-83.0636,1427
42.1094,-77.9919,1338
34.2486,-82.1592,1354
37.7461,-97.2211,1320
42.2228,-83.7444,1458
38.8983,-119.9947,1253
32.7000,-117.2000,1554
47.5303,-122.3008,302
70.1917,-148.4772,1610
46.1442,-115.5964,1427
42.5842,-70.9175,1400
41.8756,-71.0211,1329
43.2781,-70.9222,1419
35.0169,-80.6206,655
42.6003,-123.3642,1652
41.0467,-78.4117,951
39.5936,-84.2264,1529
42.6425,-77.0564,812
59.4433,-151.7017,1709
30.7044,-87.0231,1026
41.3497,-71.7989,1352
47.1686,-88.4889,513
34.1167,-119.1167,1151
41.7419,-72.1836,1309
48.5222,-123.0231,1310
40.8764,-74.2831,1417
38.8761,-98.8092,1319
32.5500,-88.5667,1231
47.4667,-87.8833,532
39.2775,-120.7103,1209
35.1350,-90.2344,1402
66.9161,-151.5089,1035
55.3567,-131.7117,1503
48.3500,-122.6667,149
27.5000,-97.8167,1724
41.5333,-71.2833,1619
38.6956,-121.5897,1758
41.5097,-72.8278,1218
46.0261,-91.4442,1416
35.0028,-105.6628,1155
30.4000,-81.4167,1340
35.8550,-77.8931,1404
31.4156,-87.0442,1025
35.1967,-81.1558,844
41.0375,-81.4642,1216
32.7667,-97.4500,1805
57.0481,-135.3647,1846
41.7781,-80.6958,1253
41.5092,-74.2650,1343
39.4900,-121.6183,1905
39.7556,-82.6572,1159
35.1822,-103.6031,2113
31.3500,-85.6667,1306
40.8217,-72.8689,1448
61.5961,-149.0917,1710
38.9503,-95.6639,1345
34.6719,-82.8864,915
60.1283,-149.4167,344
34.8461,-82.3461,836
42.9333,-71.4383,1139
42.6958,-73.1708,1522
35.6542,-105.1419,2010
59.6419,-151.4908,1421
40.0228,-82.4625,1439
41.7861,-87.7522,1529
41.3714,-73.4828,914
35.9403,-89.8308,1440
47.2381,-123.1408,151
18.4325,-66.0108,1503
34.2097,-118.4892,1526
39.6092,-110.7547,1601
64.5500,-149.0717,326
58.3567,-134.5639,1544
35.6169,-106.0889,729
34.7917,-79.3661,1241
41.5631,-83.4764,1551
7.3333,134.4833,1121
41.3275,-72.0494,1319
39.3644,-84.5247,1618
