32.5667,-117.1167,280
40.2342,-85.3936,280
30.0494,-90.0289,100
43.9906,-70.9475,330
45.6194,-121.1661,330
35.2333,-101.7089,220
34.2622,-88.7714,40
32.3367,-90.2214,340
32.6500,-114.6167,220
37.1431,-107.7597,320
37.4389,-105.8614,310
30.0481,-102.2131,100
34.2675,-77.8997,100
45.2486,-122.7686,240
46.7708,-100.7603,190
34.2008,-119.2069,270
35.2372,-120.6414,320
28.8208,-81.8097,180
43.0661,-108.4767,90
60.7850,-161.8292,20
64.7767,-141.1483,240
41.6117,-90.5808,240
37.2253,-89.5706,40
38.8169,-92.2183,220
27.4981,-80.3767,300
40.4122,-86.9369,260
38.9286,-90.4281,330
34.8822,-95.7831,40
35.0169,-80.6206,40
38.3000,-76.4167,320
36.2117,-115.1958,150
41.3461,-82.1794,260
40.9781,-124.1086,290
46.7994,-102.7972,280
37.7461,-97.2211,160
41.7806,-122.4717,170
33.0375,-116.9158,270
42.8153,-108.7261,210
34.9883,-117.8647,240
32.5722,-116.9794,280
36.0097,-94.1694,170
42.5950,-87.9381,250
39.6014,-116.0056,170
47.2856,-68.3133,250
34.1750,-91.9347,20
43.0206,-102.5183,200
39.7333,-77.4333,20
44.4683,-73.1500,280
41.8833,-91.7167,250
39.8233,-93.5792,210
43.5164,-112.0672,180
36.0394,-95.9844,120
29.7333,-85.0333,240
34.4258,-119.8425,140
43.9922,-76.0217,260
41.6764,-70.9583,220
44.1278,-123.2206,240
42.2333,-83.5333,260
31.3214,-85.4497,350
38.3794,-81.5900,330
46.9208,-114.0925,290
36.7414,-104.5022,90
41.2531,-70.0608,130
44.2558,-121.1392,290
41.5272,-85.7922,230
31.3558,-85.7511,340
44.3592,-89.8369,240
37.3278,-95.5042,160
41.6264,-80.2150,250
60.1283,-149.4167,160
43.9658,-107.9508,130
42.2667,-84.4667,240
35.1442,-111.6664,70
61.2169,-149.8550,250
40.0397,-88.2778,220
64.5500,-149.0717,300
26.2500,-80.1083,300
36.9839,-77.0075,310
48.4608,-119.5167,220
40.0681,-118.5692,200
21.4500,-157.7833,70
38.8761,-98.8092,150
30.0675,-95.5561,60
44.3394,-105.5419,320
32.7800,-79.9319,100
41.0089,-74.7367,280
34.0511,-118.2353,270
37.9272,-100.7247,180
39.3792,-74.4242,190
26.5361,-81.7550,40
39.8447,-89.6839,260
37.2839,-98.5528,180
39.5703,-104.8489,20
64.3267,-158.7417,240
40.4847,-80.2144,290
30.5892,-96.3647,40
44.7694,-106.9689,320
44.0511,-101.6011,20
40.7789,-73.9692,330
44.5344,-72.6144,330
34.9894,-99.0525,170
35.3889,-97.6006,110
35.4344,-119.0542,340
33.9786,-98.4928,120
39.0725,-95.6261,150
36.3189,-119.6289,320
40.6825,-74.1694,270
40.0803,-95.5919,200
27.7839,-97.5108,150
41.9097,-70.7294,110
46.7439,-117.1086,290
42.9486,-78.7369,240
37.9917,-122.0550,280
42.6958,-73.1708,340
29.3389,-98.4719,130
42.6425,-77.0564,220
42.7431,-73.8092,50
42.0647,-104.1528,330
28.4339,-81.3250,60
44.3814,-100.2856,120
41.1519,-104.8061,350
44.3853,-74.2067,250
33.6267,-116.1594,150
37.6542,-122.1150,300
40.4422,-109.5144,310
34.0500,-94.4008,110
41.6686,-70.2800,360
38.3650,-82.5550,40
33.6228,-111.9106,210
41.1583,-73.1289,210
33.6361,-91.7556,70
59.7494,-154.9089,260
39.4519,-87.3089,240
36.7800,-119.7194,310
37.0911,-95.5664,130
30.0375,-91.8839,10
42.9550,-87.9044,240
42.1469,-121.7242,230
32.3542,-95.4025,80
39.9369,-91.1919,250
41.4525,-87.0058,230
37.7214,-122.2208,260
42.9667,-83.7494,270
37.2833,-102.6139,270
45.7728,-122.8611,330
40.8764,-74.2831,340
34.6517,-112.4208,290
36.0969,-79.9433,60
33.8117,-78.7239,120
33.1783,-86.7817,310
37.5050,-77.3203,10
45.0717,-83.5644,260
45.6689,-96.9914,250
38.9408,-77.4636,300
42.8939,-85.5447,250
42.5519,-71.7558,300
32.5428,-93.7450,20
41.2639,-72.8872,220
34.2006,-118.3575,260
58.6794,-156.6294,240
62.3200,-150.0950,360
47.5303,-122.3008,150
38.5050,-107.8975,160
45.4558,-98.4131,80
45.5511,-122.4089,270
42.1094,-77.9919,300
41.6328,-91.5431,260
33.2119,-87.6161,20
46.9253,-96.8111,230
46.1569,-123.8825,270
34.9869,-81.0575,60
40.8436,-72.6322,340
41.3375,-84.4289,220
39.3669,-101.7000,120
36.3333,-119.9500,330
39.9444,-81.8922,200
33.4050,-118.4158,260
34.6294,-118.0836,230
34.4272,-100.2831,140
31.4208,-110.8458,160
37.3031,-108.6275,290
39.2292,-106.3169,40
44.5483,-95.0803,220
29.7036,-98.0281,40
33.8750,-84.3022,40
40.8217,-72.8689,330
42.5544,-92.4011,230
36.1189,-86.6892,20
32.6847,-83.6528,100
42.4092,-83.0100,230
36.6239,-87.4194,10
48.5428,-109.7633,300
32.2622,-107.7206,190
40.8203,-82.5178,240
31.3711,-100.4922,80
35.6169,-106.0889,10
30.3208,-97.7603,40
40.0489,-107.8853,190
41.5944,-109.0528,200
35.5931,-88.9167,30
42.7611,-87.8136,230
41.5631,-83.4764,230
47.4444,-122.3139,220
46.0947,-118.2869,200
39.3450,-81.4392,70
32.3500,-91.0278,30
32.9733,-97.3181,60
27.5333,-99.4667,160
30.7797,-86.5225,330
38.6956,-121.5897,190
48.0944,-105.5744,210
33.9519,-117.4386,250
48.2553,-101.2733,320
41.4333,-99.6333,180
7.0833,171.3833,260
38.8000,-97.6500,200
71.2833,-156.7814,110
31.3347,-92.5586,350
29.6381,-95.2819,160
45.0133,-84.7014,250
42.7461,-86.0967,220
40.1519,-122.2536,140
33.5656,-86.7450,360
27.9106,-82.6875,60
42.1128,-92.9175,240
37.3711,-118.3581,160
30.4781,-87.1869,320
29.1097,-95.4619,160
40.1203,-76.2944,280
43.4075,-94.7461,230
44.6381,-90.1875,240
30.6794,-88.2397,20
32.7667,-97.4500,40
38.4167,-113.0167,180
46.4167,-86.6500,40
33.9381,-118.3889,240
47.9078,-122.2803,260
40.7794,-73.8803,320
32.7336,-117.1831,280
38.7642,-87.6056,30
45.8183,-88.1144,240
66.9161,-151.5089,220
37.7086,-113.0944,150
40.2064,-100.5914,10
46.4267,-105.8825,340
35.8922,-78.7819,80
36.0167,-102.5500,360
38.1811,-85.7392,10
26.0719,-80.1536,320
40.6331,-93.9019,230
33.6800,-117.8664,220
41.5333,-71.2833,190
28.4736,-82.4544,140
17.7028,-64.8056,90
48.5222,-123.0231,220
40.6161,-83.0636,210
38.8853,-79.8528,340
39.4019,-77.9844,310
42.4167,-87.8667,210
29.1828,-81.0483,220
43.1406,-89.3453,230
37.2958,-81.2078,310
32.3336,-104.2581,80
25.7906,-80.3164,340
26.9172,-81.9914,30
32.8342,-115.5786,180
31.9514,-85.1289,120
34.7442,-87.5997,360
33.4669,-82.0386,90
39.1667,-76.6833,270
35.9333,-79.0642,320
45.1947,-123.1339,220
18.3331,-64.9667,130
41.8678,-84.0794,260
44.3675,-71.5450,280
41.1078,-92.4467,250
36.1625,-97.0894,140
47.9375,-124.5550,240
41.1214,-100.6694,10
24.5550,-81.7522,10
43.7700,-88.4864,220
46.0261,-91.4442,240
28.8614,-96.9303,50
45.5433,-94.0514,330
41.5175,-81.6836,210
40.4719,-81.4236,260
24.5833,-81.6833,350
40.6508,-75.4492,290
41.5092,-74.2650,250
32.8519,-96.8556,100
36.8167,-76.0333,40
38.8100,-104.6883,20
34.1853,-79.7239,70
41.2433,-76.9217,280
25.9069,-80.2803,310
47.0492,-109.4578,180
36.7683,-96.0261,110
31.4156,-87.0442,40
42.3075,-85.2511,250
43.5331,-84.0797,260
36.9878,-120.1106,330
41.1389,-75.3794,290
38.7550,-109.7542,260
40.2383,-75.5572,300
35.5144,-108.7939,10
33.9706,-80.9958,70
34.2167,-119.0833,230
48.2138,-106.6213,140
35.2236,-80.9553,120
26.1522,-81.7753,60
44.5169,-108.0822,310
38.6572,-90.6558,220
47.9742,-117.4283,220
39.3756,-99.8297,170
38.8983,-119.9947,190
31.9433,-102.1889,120
34.2900,-93.0600,100
32.8167,-115.6833,250
28.0622,-81.7542,90
44.8428,-117.8086,150
39.7556,-82.6572,240
30.4000,-81.4167,60
35.2578,-93.0947,40
18.4325,-66.0108,70
34.6439,-86.7861,40
31.6072,-110.4281,100
37.2622,-104.3378,330
40.2769,-74.8158,340
42.0800,-80.1825,270
63.9944,-145.7214,360
47.3258,-106.9475,330
46.5486,-90.9189,250
55.5800,-133.0750,210
46.8706,-68.0172,250
32.8158,-117.1394,300
47.4933,-122.2144,340
30.1831,-97.6800,40
35.1822,-103.6031,40
40.8289,-115.7886,260
33.3644,-81.9633,290
39.4781,-88.2803,230
21.3167,-158.0667,70
43.3500,-73.6167,360
59.4556,-135.3239,210
30.9119,-102.9167,100
39.1258,-123.2008,320
37.7064,-112.1456,220
44.9047,-97.1494,50
45.5464,-100.4078,150
40.1667,-103.2167,320
43.1711,-86.2367,200
33.7792,-84.5214,20
60.7850,-148.8389,80
31.8606,-86.0122,330
45.0319,-102.0192,30
31.6189,-97.2283,10
35.5342,-97.6469,160
43.8789,-91.2528,210
13.4836,144.7961,70
47.2675,-122.5761,210
34.8831,-82.2203,60
44.3981,-98.2231,160
31.8311,-104.8089,240
47.6831,-117.3214,30
47.3078,-119.5153,320
39.1333,-86.6167,20
35.8550,-77.8931,30
40.7833,-91.1253,200
35.0028,-105.6628,260
39.9181,-76.8742,300
67.7317,-164.5483,200
39.6428,-79.9164,330
30.6264,-88.0681,30
40.5175,-122.2986,180
36.6206,-116.0278,110
30.3975,-84.3289,300
42.8375,-103.0953,170
28.7247,-96.2536,160
46.0139,-102.6547,320
45.9647,-112.5006,170
37.2353,-93.4003,100
38.3083,-75.1239,80
42.8914,-73.2469,350
38.0442,-87.5206,40
19.7192,-155.0531,70
30.5069,-86.9597,240
39.7075,-86.2803,210
37.1319,-76.4930,100
39.6728,-75.6008,300
26.1839,-98.2539,100
44.7408,-85.5825,250
41.7361,-72.6506,350
38.3306,-96.1897,130
22.0333,-159.7833,260
48.6033,-112.3753,260
43.4133,-124.2436,280
36.2967,-99.7689,160
34.2719,-83.8303,80
41.8706,-103.5931,350
43.8339,-111.8045,210
39.8344,-88.8656,270
39.8328,-104.6575,230
42.2706,-71.8731,250
37.6928,-121.8144,290
42.1928,-89.0931,230
37.0683,-88.7719,10
39.5936,-84.2264,230
44.0433,-103.0536,340
41.2003,-74.6231,290
33.4964,-90.0867,40
41.4131,-81.8600,240
37.1467,-94.5022,170
32.6261,-116.4681,200
36.1994,-95.8872,120
39.1033,-84.4189,200
57.1553,-170.2222,110
40.6675,-89.6839,220
46.8369,-92.2097,290
40.1764,-80.6472,270
30.7044,-87.0231,350
37.6544,-97.4425,160
37.7081,-77.4344,360
32.7817,-98.0603,100
39.4900,-121.6183,160
46.9258,-98.6692,200
31.5358,-82.5067,100
34.9000,-76.8833,60
42.8050,-72.0036,300
41.7219,-71.4325,160
35.0564,-89.9864,40
35.3331,-94.3625,50
41.3931,-70.6150,210
44.4983,-88.1111,240
36.6636,-121.6081,280
39.3667,-75.0667,300
55.0389,-131.5786,290
37.0872,-84.0769,30
34.0158,-118.4514,200
29.9506,-94.0206,220
31.3928,-92.2956,90
41.5097,-72.8278,330
42.5906,-117.8644,160
32.4833,-80.7167,110
41.6875,-69.9933,130
27.6531,-80.2428,270
43.1544,-93.3269,240
37.6242,-120.9506,310
34.7000,-77.3833,120
38.1386,-78.4530,10
41.9950,-87.9336,240
7.3333,134.4833,290
26.2281,-97.6542,110
29.3783,-100.9269,60
35.9403,-89.8308,40
33.8117,-118.1464,290
34.4978,-82.7097,60
39.5781,-85.8033,200
46.1442,-115.5964,170
40.5100,-101.6200,50
70.1917,-148.4772,270
44.1708,-114.9272,160
41.3119,-105.6747,190
43.2781,-70.9222,300
42.4819,-114.4869,180
30.3489,-85.7881,300
59.4433,-151.7017,30
32.5156,-92.0406,50
33.2367,-107.2681,210
32.6808,-96.8681,60
30.3433,-89.8222,160
37.7608,-99.9683,170
42.7803,-84.5789,260
40.6239,-74.6694,340
31.8456,-86.6108,360
32.7100,-96.2672,100
42.5417,-113.7661,90
35.0678,-77.0481,70
38.0494,-103.5122,330
30.8356,-85.1839,20
44.0206,-117.0128,260
38.2900,-104.4983,350
55.3567,-131.7117,340
59.2433,-135.5094,140
41.0375,-81.4642,210
29.9933,-90.2511,40
36.9358,-121.7886,230
39.3644,-84.5247,340
38.5911,-92.1558,170
47.0339,-120.5303,310
45.8258,-119.2611,230
47.4667,-87.8833,350
30.7406,-98.2353,60
31.4583,-109.6061,120
36.7436,-108.2292,240
48.7939,-122.5372,180
38.9597,-94.3714,200
39.5514,-97.6508,190
34.3622,-98.9761,110
39.2231,-106.8683,360
15.1167,145.7167,50
47.2078,-119.3192,350
40.8097,-124.1603,330
41.6236,-98.9517,30
39.8683,-75.2311,300
38.2281,-85.6636,30
41.1014,-102.9847,340
46.1236,-67.7928,230
40.7083,-84.0267,230
40.8500,-74.0614,280
38.5000,-77.3000,300
34.8536,-116.7858,110
32.8978,-97.0189,80
39.1894,-103.7158,180
33.1281,-117.2794,250
31.1500,-92.9667,10
29.6333,-83.1053,160
42.9203,-112.5711,190
43.7694,-87.8506,240
43.6497,-70.3003,150
36.5881,-121.8453,280
30.5108,-99.7664,30
31.1828,-90.4708,360
41.7781,-80.6958,290
32.5500,-88.5667,30
34.5467,-93.5781,130
37.6703,-95.4842,90
35.9508,-85.0814,350
35.2578,-113.9331,180
45.6478,-68.6925,320
34.7336,-76.6606,90
28.5453,-81.3331,350
43.1561,-90.6775,230
26.5850,-81.8614,60
41.7419,-72.1836,330
56.6000,-169.5650,100
38.7667,-104.3000,350
41.9922,-93.6217,220
43.1111,-76.1039,250
35.7425,-81.3819,100
34.7436,-118.7242,220
33.3075,-104.5083,300
34.8994,-120.4486,300
42.6003,-123.3642,340
33.8281,-116.5053,320
48.7167,-94.6000,300
41.5339,-93.6531,250
42.3811,-122.8722,290
40.4953,-107.5211,270
47.4733,-111.3822,220
39.4839,-119.7711,190
46.9733,-122.9033,30
38.5714,-90.1572,150
47.3864,-92.8389,290
45.8678,-95.3942,210
42.2228,-83.7444,280
42.1244,-86.4267,250
37.3208,-79.2067,80
41.9856,-97.4353,210
39.2775,-120.7103,170
46.5683,-120.5428,280
43.9636,-69.7117,210
35.6575,-109.0614,310
43.3906,-99.8422,210
35.1350,-90.2344,10
35.4319,-82.5375,310
30.7439,-95.5861,80
39.0083,-95.2117,130
34.7675,-114.6189,20
39.8250,-86.2958,330
44.6500,-73.4667,130
55.2208,-162.7325,140
34.2097,-118.4892,160
41.4914,-120.5644,180
30.3567,-95.4139,40
33.4617,-80.8581,50
44.8831,-93.2289,170
47.9428,-97.1839,250
38.8317,-94.8897,150
38.8483,-77.0342,310
31.2819,-89.2531,70
43.6264,-72.3047,260
34.6719,-82.8864,40
44.9050,-123.0011,280
32.5161,-84.9422,80
41.3714,-73.4828,350
36.9647,-86.4239,40
58.3567,-134.5639,280
29.6919,-82.2756,120
39.1208,-94.5969,200
26.1658,-97.3458,100
38.0408,-84.6058,40
36.9261,-111.4478,200
29.2733,-94.8592,170
39.5264,-107.7264,140
35.8311,-90.6464,70
41.9144,-88.2464,240
41.8756,-71.0211,250
46.4047,-94.1308,190
42.3978,-90.7036,250
-14.3306,-170.7136,140
27.4014,-82.5586,60
37.5908,-83.3131,270
34.1167,-119.1167,290
35.2100,-99.1200,170
33.4825,-90.9853,50
35.6567,-95.3614,100
44.8322,-93.4706,210
34.9914,-78.8803,100
35.2325,-75.6219,40
45.5644,-84.7928,240
61.1689,-150.0278,190
47.7472,-90.3444,240
29.9800,-95.3600,130
32.2997,-86.4075,60
34.7272,-92.2389,70
42.6650,-83.4181,270
36.2833,-94.3000,170
39.1342,-108.5400,130
33.5872,-85.8556,70
30.4844,-81.7019,80
38.1847,-84.9033,10
43.2119,-90.1814,220
40.9017,-117.8081,150
33.8719,-117.9789,230
47.1686,-88.4889,280
40.0819,-75.0111,330
41.5886,-83.8014,250
43.3497,-76.3847,260
40.8731,-81.8867,220
39.0431,-84.6717,330
25.9989,-80.2411,330
36.7367,-97.1019,120
31.3500,-85.6667,350
39.4203,-83.8217,210
41.8056,-107.1997,250
38.0511,-117.0903,190
43.1167,-77.6767,250
34.7917,-79.3661,80
42.8975,-106.4636,210
48.5614,-93.3981,300
32.1314,-110.9553,130
7.4500,151.8333,210
26.1969,-80.1708,300
36.6817,-101.5053,200
34.8461,-82.3461,40
45.6983,-110.4408,270
36.0236,-84.2375,80
41.7072,-86.3164,250
44.5761,-71.1786,320
30.7825,-83.2767,170
27.7628,-82.6261,60
33.6542,-101.8136,230
37.1681,-97.0369,170
43.1953,-71.5011,320
30.2050,-91.9875,20
26.6847,-80.0994,120
30.5372,-91.1469,330
43.1644,-95.2017,240
6.9667,158.2167,230
62.9614,-141.9292,60
42.3914,-96.3792,190
57.0481,-135.3647,310
42.9333,-71.4383,300
46.3583,-104.2500,60
45.8069,-108.5422,220
39.9492,-74.8417,280
41.7803,-124.2367,270
33.4536,-94.0075,40
47.6458,-101.4394,240
45.6044,-103.5464,320
8.7333,167.7333,260
42.5700,-72.2911,300
60.4889,-145.4511,200
35.0281,-110.7208,110
20.8997,-156.4286,60
45.4622,-69.5953,330
40.9706,-85.2064,250
32.6636,-97.0939,80
33.9486,-81.1186,110
31.2361,-94.7544,90
42.4933,-79.2722,240
40.0781,-83.0781,300
40.1936,-76.7633,300
44.3592,-84.6739,230
62.1592,-145.4589,140
66.8667,-162.6333,240
36.2667,-93.1567,100
57.7511,-152.4856,300
32.3347,-88.7442,30
42.5844,-110.1075,230
60.5797,-151.2392,210
46.2667,-119.1167,320
39.4167,-118.7167,170
42.4700,-71.2894,250
38.2103,-122.2847,260
33.9753,-117.6361,240
44.5228,-114.2150,180
37.4058,-122.0481,350
32.0311,-96.3989,60
40.6386,-73.7622,200
39.1353,-96.6778,160
62.9575,-155.6103,30
33.3633,-84.5658,120
41.6267,-73.8842,260
31.3089,-86.3939,20
35.6875,-117.6931,200
34.5183,-109.3792,60
41.1783,-78.8989,330
46.6056,-111.9636,70
37.3169,-79.9742,10
42.0572,-102.8000,350
45.5406,-122.9486,300
38.6892,-75.3592,340
32.4106,-99.6822,130
28.4567,-99.2183,120
40.0972,-92.5433,230
41.3103,-95.8992,180
42.1208,-87.9047,220
38.9833,-76.4667,120
47.4569,-115.6450,160
34.6081,-79.0592,80
25.9156,-97.4186,100
42.8783,-100.5500,160
41.7700,-88.4814,250
38.9503,-95.6639,190
36.2606,-76.1750,90
32.8547,-109.6353,140
27.9619,-82.5403,40
36.9500,-76.2833,40
29.5442,-98.4839,100
32.4506,-93.8411,30
21.3239,-157.9294,80
37.8892,-121.2258,70
41.4653,-90.5233,260
40.7342,-73.4169,190
41.9381,-72.6825,290
36.7725,-90.3247,70
33.1803,-96.5903,100
43.5950,-118.9564,160
59.5119,-139.6711,180
39.7736,-94.9233,190
33.4278,-112.0039,190
45.0619,-93.3508,230
34.7411,-118.2117,240
33.2208,-92.8142,60
32.3206,-90.0778,40
40.8206,-76.8642,280
33.9228,-118.3342,260
36.8781,-91.9025,80
30.1250,-93.2158,50
39.2447,-102.2842,20
34.0561,-117.6003,260
19.7356,-156.0489,200
43.2389,-123.3547,300
29.3331,-89.4075,90
35.6950,-101.3950,250
44.8889,-116.1017,170
42.1594,-76.8919,270
39.1019,-121.5678,140
41.3325,-122.3328,210
31.5356,-84.1944,120
42.7172,-71.1239,240
40.0228,-82.4625,210
44.3814,-106.7211,230
43.9042,-92.4917,230
42.1908,-71.1736,260
44.2033,-72.5794,310
42.7972,-105.3856,350
66.0689,-162.7639,220
41.2731,-111.0306,90
29.5189,-95.2417,120
39.7078,-77.7297,300
45.6308,-89.4653,280
40.9167,-81.4333,240
35.9461,-112.1547,210
38.3406,-75.5103,300
47.6217,-117.5281,80
31.8111,-106.3758,140
41.3275,-72.0494,230
41.0669,-73.7075,290
41.7872,-111.8533,310
21.1544,-157.0961,40
47.2381,-123.1408,230
37.3592,-121.9239,310
38.7525,-90.3736,340
45.5114,-118.4247,300
42.4272,-73.2892,290
38.0700,-102.6881,340
43.9844,-88.5569,210
34.6525,-86.9453,10
32.8192,-97.3614,60
33.2194,-117.3494,250
44.9319,-93.0556,230
40.3161,-78.8339,290
42.2314,-83.3308,210
35.6697,-120.6283,300
41.2544,-80.6739,220
38.1311,-91.7683,250
61.5961,-149.0917,140
38.0653,-97.8606,160
43.5667,-116.2406,140
64.5111,-165.4400,250
30.3361,-81.5147,100
35.0419,-106.6156,230
21.9839,-159.3405,60
41.0467,-78.4117,340
40.6044,-98.4272,180
41.3336,-75.7269,280
42.5708,-77.7133,310
61.1781,-149.9664,180
32.7000,-117.2000,290
37.7836,-81.1231,360
28.1011,-80.6439,80
31.7800,-103.2017,170
31.9206,-102.3867,150
25.6475,-80.4331,300
42.1997,-75.9850,260
39.9914,-82.8808,210
42.1578,-72.7161,300
32.3847,-94.7117,70
36.9033,-76.1922,40
33.6186,-114.7142,240
40.3667,-75.9667,260
47.3978,-120.2014,310
45.7881,-111.1608,170
27.7411,-98.0247,140
35.8517,-97.4142,150
32.1300,-81.2100,120
64.8039,-147.8761,240
40.3547,-79.9217,250
35.1967,-81.1558,40
29.3600,-99.1742,340
36.4486,-103.1539,10
27.5000,-97.8167,130
33.2061,-97.1989,140
43.7331,-103.6114,70
30.7167,-87.0167,340
38.8500,-94.7392,160
41.1961,-112.0114,170
40.3300,-75.1225,300
30.2333,-81.6667,100
41.3497,-71.7989,200
41.7861,-87.7522,250
44.7978,-68.8186,180
40.2172,-76.8514,320
27.6833,-97.2833,150
48.3042,-114.2636,170
33.6300,-84.4417,60
42.5842,-70.9175,160
30.4119,-89.0808,140
43.3436,-72.5178,270
44.0219,-82.7931,250
44.3206,-69.7972,200
36.4731,-82.4044,320
48.3500,-122.6667,260
40.2964,-78.3203,310
38.7042,-93.1833,180
33.9481,-83.3275,80
9.4833,138.0833,320
37.6197,-122.3647,270
70.2117,-151.0017,240
38.3775,-121.9575,210
33.6883,-112.0817,160
30.4000,-86.4717,10
34.5583,-98.4172,120
32.8667,-117.1333,280
36.5728,-79.3361,50
40.8508,-96.7475,240
37.2847,-120.5128,340
38.5039,-122.8103,250
40.9611,-98.3136,160
43.7667,-98.0333,40
31.4000,-93.2833,10
45.6906,-118.8528,310
45.6208,-122.6572,350
37.7797,-89.2497,320
34.3478,-85.1611,30
48.1739,-103.6367,360
43.2339,-75.4117,290
37.9406,-75.4631,150
44.9258,-89.6256,230
39.6092,-110.7547,190
32.8986,-80.0403,120
30.4636,-88.5319,150
42.3606,-71.0106,110
46.4794,-84.3572,220
29.6222,-95.6564,100
39.2956,-80.2289,30
28.0836,-97.0464,140
42.2347,-85.5519,270
35.6542,-105.1419,140
39.2972,-94.7306,240
36.0719,-115.1633,120
45.5908,-122.6003,310
46.9006,-95.0678,280
36.1336,-80.2222,40
28.7797,-81.2436,320
43.1072,-78.9453,230
40.7781,-111.9694,10
41.7636,-96.1778,220
34.1231,-84.8486,180
36.3689,-92.4703,80
38.5069,-121.4950,220
44.8664,-91.4878,250
43.5878,-96.7289,200
24.7258,-81.0517,180
39.2953,-114.8467,220
42.7267,-114.4564,230
39.4494,-74.5672,350
45.2575,-112.5545,210
46.3747,-117.0156,210
39.9061,-84.2186,280
38.1417,-76.4292,270
44.5444,-110.4211,270
34.2486,-82.1592,90
40.7939,-73.1017,300
35.0311,-85.2014,20
41.8031,-78.6403,300
59.6419,-151.4908,240
41.0136,-83.6686,260
46.9728,-123.9303,260
44.9358,-74.8458,230
35.8181,-83.9858,20
31.1522,-81.3908,60
36.0467,-79.4769,10
