32.5667,-117.1167,240
40.2342,-85.3936,300
30.0494,-90.0289,330
43.9906,-70.9475,230
45.6194,-121.1661,290
35.2333,-101.7089,230
34.2622,-88.7714,350
32.3367,-90.2214,270
32.6500,-114.6167,220
37.1431,-107.7597,250
37.4389,-105.8614,350
30.0481,-102.2131,330
34.2675,-77.8997,230
46.7708,-100.7603,330
34.2008,-119.2069,220
35.2372,-120.6414,210
28.8208,-81.8097,240
43.0661,-108.4767,310
60.7850,-161.8292,170
64.7767,-141.1483,290
41.6117,-90.5808,320
37.2253,-89.5706,300
38.8169,-92.2183,310
27.4981,-80.3767,290
40.4122,-86.9369,270
38.9286,-90.4281,290
34.8822,-95.7831,260
35.0169,-80.6206,220
38.3000,-76.4167,230
36.2117,-115.1958,130
41.3461,-82.1794,300
40.9781,-124.1086,320
46.7994,-102.7972,320
37.7461,-97.2211,220
41.7806,-122.4717,10
33.0375,-116.9158,270
42.8153,-108.7261,260
34.9883,-117.8647,250
32.5722,-116.9794,270
36.0097,-94.1694,340
42.5950,-87.9381,270
39.6014,-116.0056,290
47.2856,-68.3133,160
34.1750,-91.9347,300
43.0206,-102.5183,300
39.7333,-77.4333,200
44.4683,-73.1500,170
41.8833,-91.7167,290
39.8233,-93.5792,330
43.5164,-112.0672,210
36.0394,-95.9844,200
29.7333,-85.0333,260
34.4258,-119.8425,140
43.9922,-76.0217,230
41.6764,-70.9583,200
44.1278,-123.2206,20
42.2333,-83.5333,280
31.3214,-85.4497,260
38.3794,-81.5900,230
46.9208,-114.0925,310
36.7414,-104.5022,130
41.2531,-70.0608,230
44.2558,-121.1392,350
41.5272,-85.7922,310
31.3558,-85.7511,260
44.3592,-89.8369,300
37.3278,-95.5042,280
41.6264,-80.2150,270
60.1283,-149.4167,210
43.9658,-107.9508,50
42.2667,-84.4667,280
35.1442,-111.6664,130
61.2169,-149.8550,210
40.0397,-88.2778,290
64.5500,-149.0717,70
26.2500,-80.1083,130
36.9839,-77.0075,210
48.4608,-119.5167,360
40.0681,-118.5692,200
21.4500,-157.7833,10
38.8761,-98.8092,220
30.0675,-95.5561,350
44.3394,-105.5419,180
41.0089,-74.7367,240
34.0511,-118.2353,270
37.9272,-100.7247,350
39.3792,-74.4242,230
26.5361,-81.7550,240
39.8447,-89.6839,290
37.2839,-98.5528,260
39.5703,-104.8489,20
64.3267,-158.7417,40
40.4847,-80.2144,290
30.5892,-96.3647,40
44.7694,-106.9689,360
44.0511,-101.6011,320
40.7789,-73.9692,260
44.5344,-72.6144,210
34.9894,-99.0525,230
35.3889,-97.6006,230
35.4344,-119.0542,360
33.9786,-98.4928,200
39.0725,-95.6261,300
36.3189,-119.6289,10
40.6825,-74.1694,250
40.0803,-95.5919,280
27.7839,-97.5108,160
41.9097,-70.7294,210
46.7439,-117.1086,250
42.9486,-78.7369,230
37.9917,-122.0550,260
42.6958,-73.1708,200
29.3389,-98.4719,50
42.6425,-77.0564,250
42.7431,-73.8092,170
42.0647,-104.1528,320
28.4339,-81.3250,190
44.3814,-100.2856,320
41.1519,-104.8061,290
44.3853,-74.2067,260
33.6267,-116.1594,340
37.6542,-122.1150,290
40.4422,-109.5144,160
34.0500,-94.4008,320
41.6686,-70.2800,200
38.3650,-82.5550,260
33.6228,-111.9106,220
41.1583,-73.1289,230
33.6361,-91.7556,300
59.7494,-154.9089,200
39.4519,-87.3089,340
36.7800,-119.7194,330
37.0911,-95.5664,270
30.0375,-91.8839,150
42.9550,-87.9044,280
42.1469,-121.7242,330
32.3542,-95.4025,320
39.9369,-91.1919,300
41.4525,-87.0058,290
37.7214,-122.2208,280
42.9667,-83.7494,290
37.2833,-102.6139,290
45.7728,-122.8611,320
40.8764,-74.2831,240
34.6517,-112.4208,200
36.0969,-79.9433,230
33.8117,-78.7239,220
33.1783,-86.7817,310
37.5050,-77.3203,240
45.0717,-83.5644,280
45.6689,-96.9914,20
38.9408,-77.4636,330
42.8939,-85.5447,280
42.5519,-71.7558,290
32.5428,-93.7450,330
41.2639,-72.8872,170
34.2006,-118.3575,210
58.6794,-156.6294,170
62.3200,-150.0950,40
47.5303,-122.3008,330
38.5050,-107.8975,130
45.4558,-98.4131,10
45.5511,-122.4089,320
42.1094,-77.9919,250
41.6328,-91.5431,310
33.2119,-87.6161,300
46.9253,-96.8111,320
46.1569,-123.8825,320
34.9869,-81.0575,300
40.8436,-72.6322,210
41.0731,-71.9233,190
41.3375,-84.4289,270
39.3669,-101.7000,330
36.3333,-119.9500,30
39.9444,-81.8922,320
33.4050,-118.4158,250
34.6294,-118.0836,240
34.4272,-100.2831,220
31.4208,-110.8458,290
37.3031,-108.6275,280
39.2292,-106.3169,300
44.5483,-95.0803,300
29.7036,-98.0281,50
33.8750,-84.3022,280
40.8217,-72.8689,190
42.5544,-92.4011,320
36.1189,-86.6892,280
32.6847,-83.6528,260
42.4092,-83.0100,270
36.6239,-87.4194,310
48.5428,-109.7633,320
32.2622,-107.7206,160
40.8203,-82.5178,280
31.3711,-100.4922,70
35.6169,-106.0889,230
30.3208,-97.7603,30
40.0489,-107.8853,230
41.5944,-109.0528,270
35.5931,-88.9167,320
42.7611,-87.8136,290
41.5631,-83.4764,280
47.4444,-122.3139,350
46.0947,-118.2869,260
39.3450,-81.4392,260
32.3500,-91.0278,10
32.9733,-97.3181,140
30.7797,-86.5225,250
38.6956,-121.5897,320
48.0944,-105.5744,230
33.9519,-117.4386,270
48.2553,-101.2733,280
41.4333,-99.6333,320
38.8000,-97.6500,250
71.2833,-156.7814,270
31.3347,-92.5586,320
29.6381,-95.2819,240
45.0133,-84.7014,290
42.7461,-86.0967,270
33.5656,-86.7450,220
27.9106,-82.6875,280
42.1128,-92.9175,310
37.3711,-118.3581,180
30.4781,-87.1869,230
29.1097,-95.4619,10
40.1203,-76.2944,290
43.4075,-94.7461,280
44.6381,-90.1875,310
30.6794,-88.2397,290
32.7667,-97.4500,280
38.4167,-113.0167,180
46.4167,-86.6500,300
33.9381,-118.3889,280
47.9078,-122.2803,350
40.7794,-73.8803,260
32.7336,-117.1831,290
38.7642,-87.6056,300
45.8183,-88.1144,310
66.9161,-151.5089,330
37.7086,-113.0944,220
40.2064,-100.5914,10
46.4267,-105.8825,320
35.8922,-78.7819,220
36.0167,-102.5500,90
38.1811,-85.7392,270
26.0719,-80.1536,130
40.6331,-93.9019,310
33.6800,-117.8664,200
41.5333,-71.2833,210
28.4736,-82.4544,300
17.7028,-64.8056,90
48.5222,-123.0231,10
40.6161,-83.0636,310
38.8853,-79.8528,250
39.4019,-77.9844,260
42.4167,-87.8667,300
70.6392,-159.9950,270
29.1828,-81.0483,260
43.1406,-89.3453,320
37.2958,-81.2078,290
32.3336,-104.2581,160
25.7906,-80.3164,160
26.9172,-81.9914,300
32.8342,-115.5786,120
31.9514,-85.1289,240
34.7442,-87.5997,310
33.4669,-82.0386,240
39.1667,-76.6833,290
35.9333,-79.0642,180
45.1947,-123.1339,360
18.3331,-64.9667,120
41.8678,-84.0794,300
44.3675,-71.5450,250
41.1078,-92.4467,300
36.1625,-97.0894,270
47.9375,-124.5550,360
41.1214,-100.6694,10
24.5550,-81.7522,170
43.7700,-88.4864,290
46.0261,-91.4442,310
28.8614,-96.9303,10
45.5433,-94.0514,310
41.5175,-81.6836,260
40.4719,-81.4236,300
24.5833,-81.6833,170
40.6508,-75.4492,270
41.5092,-74.2650,250
32.8519,-96.8556,360
36.8167,-76.0333,230
18.2550,-65.6408,90
38.8100,-104.6883,160
34.1853,-79.7239,250
41.2433,-76.9217,280
25.9069,-80.2803,60
47.0492,-109.4578,300
36.7683,-96.0261,230
31.4156,-87.0442,250
42.3075,-85.2511,280
43.5331,-84.0797,260
36.9878,-120.1106,290
41.1389,-75.3794,290
38.7550,-109.7542,340
40.2383,-75.5572,300
35.5144,-108.7939,290
33.9706,-80.9958,210
34.2167,-119.0833,230
48.2138,-106.6213,280
48.1203,-123.4983,90
35.2236,-80.9553,230
26.1522,-81.7753,230
44.5169,-108.0822,330
38.6572,-90.6558,300
47.9742,-117.4283,220
39.3756,-99.8297,10
38.8983,-119.9947,20
31.9433,-102.1889,170
34.2900,-93.0600,340
28.0622,-81.7542,100
44.8428,-117.8086,240
39.7556,-82.6572,250
30.4000,-81.4167,310
35.2578,-93.0947,260
18.4325,-66.0108,80
34.6439,-86.7861,290
31.6072,-110.4281,330
37.2622,-104.3378,240
40.2769,-74.8158,210
42.0800,-80.1825,260
63.9944,-145.7214,280
47.3258,-106.9475,330
46.5486,-90.9189,290
55.5800,-133.0750,190
46.8706,-68.0172,170
32.8158,-117.1394,250
47.4933,-122.2144,320
30.1831,-97.6800,20
35.1822,-103.6031,260
40.8289,-115.7886,290
33.3644,-81.9633,240
39.4781,-88.2803,290
21.3167,-158.0667,20
43.3500,-73.6167,190
59.4556,-135.3239,220
30.9119,-102.9167,180
39.1258,-123.2008,130
37.7064,-112.1456,270
44.9047,-97.1494,30
45.5464,-100.4078,320
40.1667,-103.2167,350
43.1711,-86.2367,290
33.7792,-84.5214,290
60.7850,-148.8389,70
31.8606,-86.0122,260
45.0319,-102.0192,320
31.6189,-97.2283,30
35.5342,-97.6469,200
43.8789,-91.2528,300
13.4836,144.7961,220
47.2675,-122.5761,10
34.8831,-82.2203,270
44.3981,-98.2231,340
31.8311,-104.8089,40
47.6831,-117.3214,220
47.3078,-119.5153,310
39.1333,-86.6167,280
35.8550,-77.8931,220
40.7833,-91.1253,280
35.0028,-105.6628,310
39.9181,-76.8742,250
67.7317,-164.5483,340
39.6428,-79.9164,210
30.6264,-88.0681,280
40.5175,-122.2986,20
36.6206,-116.0278,220
30.3975,-84.3289,240
42.8375,-103.0953,310
28.7247,-96.2536,200
46.0139,-102.6547,330
45.9647,-112.5006,270
37.2353,-93.4003,330
38.3083,-75.1239,220
42.8914,-73.2469,280
38.0442,-87.5206,290
19.7192,-155.0531,30
30.5069,-86.9597,230
39.7075,-86.2803,280
37.1319,-76.4930,240
39.6728,-75.6008,250
26.1839,-98.2539,30
44.7408,-85.5825,310
41.7361,-72.6506,170
38.3306,-96.1897,350
48.6033,-112.3753,280
43.4133,-124.2436,350
36.2967,-99.7689,230
34.2719,-83.8303,270
41.8706,-103.5931,310
43.8339,-111.8045,210
39.8344,-88.8656,310
39.8328,-104.6575,200
42.2706,-71.8731,200
37.6928,-121.8144,260
42.1928,-89.0931,320
37.0683,-88.7719,280
39.5936,-84.2264,280
44.0433,-103.0536,340
41.2003,-74.6231,220
33.4964,-90.0867,340
41.4131,-81.8600,260
37.1467,-94.5022,320
32.6261,-116.4681,140
36.1994,-95.8872,250
39.1033,-84.4189,270
57.1553,-170.2222,10
40.6675,-89.6839,320
46.8369,-92.2097,310
40.1764,-80.6472,220
30.7044,-87.0231,280
37.6544,-97.4425,190
37.7081,-77.4344,240
32.7817,-98.0603,330
39.4900,-121.6183,70
46.9258,-98.6692,320
31.5358,-82.5067,230
34.9000,-76.8833,230
42.8050,-72.0036,220
41.7219,-71.4325,200
35.0564,-89.9864,310
35.3331,-94.3625,260
41.3931,-70.6150,230
44.4983,-88.1111,310
36.6636,-121.6081,320
39.3667,-75.0667,260
55.0389,-131.5786,210
37.0872,-84.0769,260
34.0158,-118.4514,230
29.9506,-94.0206,210
31.3928,-92.2956,80
41.5097,-72.8278,170
42.5906,-117.8644,240
32.4833,-80.7167,240
41.6875,-69.9933,190
27.6531,-80.2428,250
30.8458,-85.6014,230
43.1544,-93.3269,300
37.6242,-120.9506,320
34.7000,-77.3833,230
38.1386,-78.4530,210
41.9950,-87.9336,310
26.2281,-97.6542,80
29.3783,-100.9269,290
35.9403,-89.8308,320
33.8117,-118.1464,300
34.4978,-82.7097,260
39.5781,-85.8033,310
46.1442,-115.5964,340
40.5100,-101.6200,350
70.1917,-148.4772,230
44.1708,-114.9272,320
41.3119,-105.6747,250
43.2781,-70.9222,250
42.4819,-114.4869,180
30.3489,-85.7881,220
59.4433,-151.7017,170
32.5156,-92.0406,340
33.2367,-107.2681,110
32.6808,-96.8681,20
30.3433,-89.8222,200
37.7608,-99.9683,260
42.7803,-84.5789,270
40.6239,-74.6694,30
31.8456,-86.6108,250
32.7100,-96.2672,320
42.5417,-113.7661,290
35.0678,-77.0481,240
38.0494,-103.5122,60
30.8356,-85.1839,250
44.0206,-117.0128,260
38.2900,-104.4983,140
55.3567,-131.7117,120
59.2433,-135.5094,130
41.0375,-81.4642,260
29.9933,-90.2511,350
36.9358,-121.7886,210
39.3644,-84.5247,310
38.5911,-92.1558,300
47.0339,-120.5303,310
45.8258,-119.2611,270
47.4667,-87.8833,30
30.7406,-98.2353,20
31.4583,-109.6061,350
36.7436,-108.2292,290
48.7939,-122.5372,330
38.9597,-94.3714,290
39.5514,-97.6508,360
34.3622,-98.9761,210
39.2231,-106.8683,330
15.1167,145.7167,180
47.2078,-119.3192,270
41.6236,-98.9517,320
39.8683,-75.2311,250
38.2281,-85.6636,270
41.1014,-102.9847,330
46.1236,-67.7928,160
40.7083,-84.0267,300
40.8500,-74.0614,220
38.5000,-77.3000,250
34.8536,-116.7858,120
32.8978,-97.0189,350
39.1894,-103.7158,320
36.6950,-76.1356,220
33.1281,-117.2794,250
31.1500,-92.9667,90
29.6333,-83.1053,240
42.9203,-112.5711,240
43.7694,-87.8506,290
43.6497,-70.3003,260
36.5881,-121.8453,210
30.5108,-99.7664,90
31.1828,-90.4708,320
41.7781,-80.6958,280
32.5500,-88.5667,290
34.5467,-93.5781,340
37.6703,-95.4842,260
35.9508,-85.0814,260
35.2578,-113.9331,240
45.6478,-68.6925,130
34.7336,-76.6606,220
28.5453,-81.3331,240
43.1561,-90.6775,320
26.5850,-81.8614,250
41.7419,-72.1836,200
56.6000,-169.5650,10
38.7667,-104.3000,350
41.9922,-93.6217,330
43.1111,-76.1039,280
35.7425,-81.3819,250
34.7436,-118.7242,140
33.3075,-104.5083,170
34.8994,-120.4486,260
42.6003,-123.3642,340
33.8281,-116.5053,100
48.7167,-94.6000,340
41.5339,-93.6531,310
42.3811,-122.8722,190
40.4953,-107.5211,260
47.4733,-111.3822,240
39.4839,-119.7711,290
46.9733,-122.9033,20
38.5714,-90.1572,310
47.3864,-92.8389,320
45.8678,-95.3942,320
42.2228,-83.7444,280
42.1244,-86.4267,280
37.3208,-79.2067,270
41.9856,-97.4353,320
39.2775,-120.7103,250
46.5683,-120.5428,300
43.9636,-69.7117,220
35.6575,-109.0614,250
43.3906,-99.8422,320
35.1350,-90.2344,310
35.4319,-82.5375,310
30.7439,-95.5861,320
39.0083,-95.2117,300
34.7675,-114.6189,200
39.8250,-86.2958,300
44.6500,-73.4667,220
55.2208,-162.7325,130
34.2097,-118.4892,170
41.4914,-120.5644,210
30.3567,-95.4139,320
33.4617,-80.8581,220
44.8831,-93.2289,330
47.9428,-97.1839,300
38.8317,-94.8897,280
38.8483,-77.0342,320
31.2819,-89.2531,270
43.6264,-72.3047,270
34.6719,-82.8864,280
44.9050,-123.0011,20
32.5161,-84.9422,260
41.3714,-73.4828,220
36.9647,-86.4239,260
58.3567,-134.5639,120
29.6919,-82.2756,240
39.1208,-94.5969,320
26.1658,-97.3458,100
38.0408,-84.6058,280
36.9261,-111.4478,210
29.2733,-94.8592,10
39.5264,-107.7264,280
35.8311,-90.6464,280
41.9144,-88.2464,300
41.8756,-71.0211,230
46.4047,-94.1308,330
42.3978,-90.7036,330
27.4014,-82.5586,290
37.5908,-83.3131,230
35.2100,-99.1200,230
33.4825,-90.9853,290
35.6567,-95.3614,180
44.8322,-93.4706,320
34.9914,-78.8803,220
35.2325,-75.6219,240
45.5644,-84.7928,290
61.1689,-150.0278,130
47.7472,-90.3444,330
29.9800,-95.3600,360
32.2997,-86.4075,270
34.7272,-92.2389,290
42.6650,-83.4181,290
36.2833,-94.3000,340
39.1342,-108.5400,120
33.5872,-85.8556,260
30.4844,-81.7019,260
38.1847,-84.9033,230
43.2119,-90.1814,320
29.5622,-91.5256,230
40.9017,-117.8081,270
33.8719,-117.9789,230
47.1686,-88.4889,310
40.0819,-75.0111,270
41.5886,-83.8014,260
43.3497,-76.3847,290
40.8731,-81.8867,300
39.0431,-84.6717,300
25.9989,-80.2411,180
36.7367,-97.1019,210
31.3500,-85.6667,240
39.4203,-83.8217,260
41.8056,-107.1997,270
38.0511,-117.0903,360
43.1167,-77.6767,250
34.7917,-79.3661,250
42.8975,-106.4636,290
48.5614,-93.3981,320
32.1314,-110.9553,320
26.1969,-80.1708,140
36.6817,-101.5053,220
34.8461,-82.3461,260
45.6983,-110.4408,270
36.0236,-84.2375,230
41.7072,-86.3164,290
44.5761,-71.1786,300
30.7825,-83.2767,220
27.7628,-82.6261,160
33.6542,-101.8136,200
37.1681,-97.0369,250
40.1606,-113.3508,90
43.1953,-71.5011,190
30.2050,-91.9875,270
26.6847,-80.0994,150
30.5372,-91.1469,270
43.1644,-95.2017,300
62.9614,-141.9292,140
42.3914,-96.3792,310
57.0481,-135.3647,200
42.9333,-71.4383,270
46.3583,-104.2500,280
45.8069,-108.5422,360
39.9492,-74.8417,260
41.7803,-124.2367,160
33.4536,-94.0075,10
47.6458,-101.4394,330
45.6044,-103.5464,280
42.5700,-72.2911,280
60.4889,-145.4511,60
35.0281,-110.7208,330
20.8997,-156.4286,30
45.4622,-69.5953,140
40.9706,-85.2064,290
32.6636,-97.0939,350
33.9486,-81.1186,300
31.2361,-94.7544,20
42.4933,-79.2722,270
40.0781,-83.0781,290
40.1936,-76.7633,320
44.3592,-84.6739,310
62.1592,-145.4589,150
66.8667,-162.6333,350
36.2667,-93.1567,310
57.7511,-152.4856,30
32.3347,-88.7442,350
42.5844,-110.1075,320
60.5797,-151.2392,190
46.2667,-119.1167,310
39.4167,-118.7167,190
42.4700,-71.2894,250
38.2103,-122.2847,180
33.9753,-117.6361,250
44.5228,-114.2150,300
37.4058,-122.0481,360
32.0311,-96.3989,50
40.6386,-73.7622,240
39.1353,-96.6778,250
62.9575,-155.6103,110
33.3633,-84.5658,280
41.6267,-73.8842,270
31.3089,-86.3939,310
35.6875,-117.6931,100
34.5183,-109.3792,300
41.1783,-78.8989,250
46.6056,-111.9636,270
37.3169,-79.9742,320
42.0572,-102.8000,350
45.5406,-122.9486,60
38.6892,-75.3592,220
32.4106,-99.6822,290
46.5311,-87.5483,315
28.4567,-99.2183,60
40.0972,-92.5433,280
41.3103,-95.8992,310
42.1208,-87.9047,290
38.9833,-76.4667,320
47.4569,-115.6450,220
34.6081,-79.0592,230
25.9156,-97.4186,190
42.8783,-100.5500,310
41.7700,-88.4814,300
38.9503,-95.6639,290
36.2606,-76.1750,210
32.8547,-109.6353,310
27.9619,-82.5403,280
36.9500,-76.2833,320
29.5442,-98.4839,40
32.4506,-93.8411,10
31.5883,-110.3442,330
21.3239,-157.9294,360
37.8892,-121.2258,270
41.4653,-90.5233,300
40.7342,-73.4169,210
41.9381,-72.6825,200
36.7725,-90.3247,320
33.1803,-96.5903,260
43.5950,-118.9564,230
59.5119,-139.6711,190
39.7736,-94.9233,320
33.4278,-112.0039,250
45.0619,-93.3508,330
34.7411,-118.2117,240
33.2208,-92.8142,330
32.3206,-90.0778,280
40.8206,-76.8642,310
33.9228,-118.3342,260
36.8781,-91.9025,270
30.1250,-93.2158,340
39.2447,-102.2842,310
34.0561,-117.6003,250
19.7356,-156.0489,160
43.2389,-123.3547,360
29.3331,-89.4075,230
35.6950,-101.3950,240
44.8889,-116.1017,200
42.1594,-76.8919,220
41.3325,-122.3328,290
31.5356,-84.1944,230
42.7172,-71.1239,220
40.0228,-82.4625,270
44.3814,-106.7211,340
43.9042,-92.4917,320
42.1908,-71.1736,180
44.2033,-72.5794,240
42.7972,-105.3856,290
66.0689,-162.7639,310
41.2731,-111.0306,300
29.5189,-95.2417,340
39.7078,-77.7297,260
45.6308,-89.4653,290
40.9167,-81.4333,270
35.9461,-112.1547,320
38.3406,-75.5103,210
47.6217,-117.5281,250
31.8111,-106.3758,230
41.3275,-72.0494,220
41.0669,-73.7075,260
41.7872,-111.8533,80
21.1544,-157.0961,40
47.2381,-123.1408,60
37.3592,-121.9239,310
38.7525,-90.3736,280
45.5114,-118.4247,270
42.4272,-73.2892,200
38.0700,-102.6881,270
43.9844,-88.5569,290
34.6525,-86.9453,320
32.8192,-97.3614,360
33.2194,-117.3494,240
44.9319,-93.0556,310
40.3161,-78.8339,250
42.2314,-83.3308,250
35.6697,-120.6283,210
41.2544,-80.6739,260
38.1311,-91.7683,270
61.5961,-149.0917,350
38.0653,-97.8606,320
43.5667,-116.2406,290
64.5111,-165.4400,30
30.3361,-81.5147,230
35.0419,-106.6156,350
21.9839,-159.3405,360
41.0467,-78.4117,230
40.6044,-98.4272,330
41.3336,-75.7269,230
42.5708,-77.7133,200
61.1781,-149.9664,180
32.7000,-117.2000,270
37.7836,-81.1231,270
28.1011,-80.6439,230
31.7800,-103.2017,170
31.9206,-102.3867,210
25.6475,-80.4331,290
42.1997,-75.9850,290
39.9914,-82.8808,260
42.1578,-72.7161,190
32.3847,-94.7117,360
36.9033,-76.1922,230
33.6186,-114.7142,190
40.3667,-75.9667,280
47.3978,-120.2014,310
45.7881,-111.1608,290
27.7411,-98.0247,170
35.8517,-97.4142,210
32.1300,-81.2100,250
64.8039,-147.8761,50
40.3547,-79.9217,230
35.1967,-81.1558,250
29.3600,-99.1742,50
36.4486,-103.1539,40
27.5000,-97.8167,170
33.2061,-97.1989,210
43.7331,-103.6114,290
30.7167,-87.0167,250
38.8500,-94.7392,290
41.1961,-112.0114,170
40.3300,-75.1225,240
30.2333,-81.6667,240
41.3497,-71.7989,200
41.7861,-87.7522,300
44.7978,-68.8186,180
40.2172,-76.8514,280
27.6833,-97.2833,110
48.3042,-114.2636,240
33.6300,-84.4417,280
42.5842,-70.9175,240
30.4119,-89.0808,310
43.3436,-72.5178,170
44.0219,-82.7931,260
44.3206,-69.7972,180
36.4731,-82.4044,240
40.2964,-78.3203,270
38.7042,-93.1833,310
33.9481,-83.3275,300
37.6197,-122.3647,290
70.2117,-151.0017,240
33.6883,-112.0817,220
30.4000,-86.4717,240
34.5583,-98.4172,240
32.8667,-117.1333,280
36.5728,-79.3361,230
40.8508,-96.7475,330
37.2847,-120.5128,320
38.5039,-122.8103,180
40.9611,-98.3136,310
43.7667,-98.0333,310
31.4000,-93.2833,50
45.6906,-118.8528,290
45.6208,-122.6572,290
37.7797,-89.2497,320
34.3478,-85.1611,270
48.1739,-103.6367,330
43.2339,-75.4117,280
37.9406,-75.4631,220
44.9258,-89.6256,290
39.6092,-110.7547,30
32.8986,-80.0403,260
30.4636,-88.5319,270
42.3606,-71.0106,200
46.4794,-84.3572,310
29.6222,-95.6564,350
39.2956,-80.2289,230
28.0836,-97.0464,180
42.2347,-85.5519,290
35.6542,-105.1419,130
39.2972,-94.7306,320
36.0719,-115.1633,80
45.5908,-122.6003,310
46.9006,-95.0678,330
36.1336,-80.2222,230
28.7797,-81.2436,290
43.1072,-78.9453,270
40.7781,-111.9694,140
41.7636,-96.1778,300
34.1231,-84.8486,280
36.3689,-92.4703,280
44.8664,-91.4878,260
43.5878,-96.7289,290
24.7258,-81.0517,160
39.2953,-114.8467,170
42.7267,-114.4564,300
39.4494,-74.5672,220
45.2575,-112.5545,260
46.3747,-117.0156,330
39.9061,-84.2186,290
38.1417,-76.4292,220
44.5444,-110.4211,270
34.2486,-82.1592,240
40.7939,-73.1017,210
35.0311,-85.2014,290
41.8031,-78.6403,280
59.6419,-151.4908,200
41.0136,-83.6686,290
46.9728,-123.9303,330
44.9358,-74.8458,210
35.8181,-83.9858,260
31.1522,-81.3908,170
36.0467,-79.4769,300
