47.2856,-68.3133,1
44.1278,-123.2206,1
36.1189,-86.6892,1
36.6239,-87.4194,1
47.4444,-122.3139,1
29.1097,-95.4619,1
30.6794,-88.2397,1
34.7442,-87.5997,1
45.1947,-123.1339,1
47.9375,-124.5550,1
41.1389,-75.3794,1
34.6439,-86.7861,1
31.8606,-86.0122,1
29.9506,-94.0206,1
30.3489,-85.7881,1
43.6497,-70.3003,1
34.8994,-120.4486,1
35.4319,-82.5375,1
44.9050,-123.0011,1
36.9647,-86.4239,1
31.3500,-85.6667,1
43.1953,-71.5011,1
41.7803,-124.2367,1
45.5406,-122.9486,1
29.5189,-95.2417,1
34.6525,-86.9453,1
43.3436,-72.5178,1
44.3206,-69.7972,1
34.3478,-85.1611,1
42.3606,-71.0106,1
35.0311,-85.2014,1
46.9728,-123.9303,1
