40.7264,-122.7947,333
38.8586,-99.3358,294
37.9050,-93.3169,267
44.7764,-108.7592,178
40.4750,-86.9919,283
42.9592,-120.7897,200
40.2842,-109.8611,233
34.5822,-119.9817,294
40.1739,-101.0611,333
36.4622,-116.8669,344
42.8767,-77.0308,317
39.2494,-106.3714,167
40.2233,-86.1086,300
64.8569,-147.8611,67
38.4661,-101.7758,294
34.9881,-120.3211,278
38.7978,-99.7231,317
37.7617,-117.5658,239
39.0422,-108.4664,250
36.0147,-85.1314,294
36.5575,-105.2628,244
35.4072,-104.1906,372
45.6911,-118.8522,217
36.5508,-114.4581,283
39.3925,-101.0689,294
41.6661,-111.8914,144
40.2539,-85.1483,333
26.5581,-99.1372,228
30.7053,-104.0233,289
37.9931,-100.8122,339
45.4825,-120.7236,211
