42.5708,-77.7133,1341
36.7436,-108.2292,1142
38.3000,-76.4167,1358
41.5097,-72.8278,1505
36.8167,-76.0333,1257
40.6161,-83.0636,1404
40.8731,-81.8867,1400
39.2775,-120.7103,1116
41.3275,-72.0494,1658
42.1594,-76.8919,1500
30.6264,-88.0681,541
34.9883,-117.8647,654
41.6686,-70.2800,1241
60.1283,-149.4167,1759
61.1689,-150.0278,1948
48.7167,-94.6000,1348
43.9636,-69.7117,1254
40.8436,-72.6322,1302
36.3333,-119.9500,811
46.9006,-95.0678,1321
40.2383,-75.5572,1510
41.0467,-78.4117,1312
38.0653,-97.8606,1444
47.1686,-88.4889,2358
28.4736,-82.4544,1058
27.9106,-82.6875,1703
43.1644,-95.2017,919
18.4325,-66.0108,1449
42.4933,-79.2722,842
70.2117,-151.0017,1
38.6956,-121.5897,1549
35.1822,-103.6031,1232
41.0731,-71.9233,1612
44.0219,-82.7931,1201
48.5222,-123.0231,816
43.2781,-70.9222,1433
32.5500,-88.5667,1516
42.2228,-83.7444,1137
34.7000,-77.3833,1153
40.8217,-72.8689,1138
60.5797,-151.2392,1558
59.7494,-154.9089,1522
35.0169,-80.6206,1117
47.4933,-122.2144,1409
42.6958,-73.1708,1313
39.9369,-91.1919,1628
37.3278,-95.5042,910
35.6875,-117.6931,2122
42.1908,-71.1736,1336
38.7667,-104.3000,1707
34.9869,-81.0575,1358
41.2531,-70.0608,1200
45.6194,-121.1661,1539
37.7064,-112.1456,1403
63.9944,-145.7214,1923
34.1167,-119.1167,1505
41.9144,-88.2464,1512
30.2333,-81.6667,1402
30.7797,-86.5225,1512
57.0481,-135.3647,1512
36.7414,-104.5022,1443
70.1917,-148.4772,1306
47.7472,-90.3444,2150
26.5361,-81.7550,1736
42.1094,-77.9919,1352
42.5519,-71.7558,1418
27.5000,-97.8167,1736
36.9839,-77.0075,1525
41.3931,-70.6150,1438
43.6264,-72.3047,1553
40.2172,-76.8514,1212
35.6542,-105.1419,1312
42.7172,-71.1239,1256
47.5303,-122.3008,1519
47.2381,-123.1408,1532
40.3300,-75.1225,1250
30.4000,-81.4167,1618
41.7361,-72.6506,1604
59.2433,-135.5094,1635
41.5175,-81.6836,115
42.5700,-72.2911,1435
41.8678,-84.0794,1317
31.3500,-85.6667,1535
47.4569,-115.6450,2239
40.8206,-76.8642,1335
35.1350,-90.2344,949
45.8258,-119.2611,1550
42.2333,-83.5333,1336
45.8183,-88.1144,1055
40.1203,-76.2944,1459
40.0781,-83.0781,1256
60.7850,-148.8389,1215
59.4433,-151.7017,1345
24.5833,-81.6833,433
35.9333,-79.0642,1532
47.4667,-87.8833,937
41.5333,-71.2833,1506
29.3331,-89.4075,1031
62.3200,-150.0950,1752
35.9403,-89.8308,1024
70.6392,-159.9950,49
39.9181,-76.8742,1511
41.1961,-112.0114,2010
41.7872,-111.8533,1656
36.9500,-76.2833,947
40.0681,-118.5692,1427
34.8461,-82.3461,1511
66.9161,-151.5089,42
41.5631,-83.4764,1344
31.9514,-85.1289,1206
34.2097,-118.4892,1419
40.0228,-82.4625,1347
41.4525,-87.0058,1209
30.4636,-88.5319,1421
41.0375,-81.4642,1115
41.0089,-74.7367,1524
56.6000,-169.5650,2112
35.1967,-81.1558,1518
30.4000,-86.4717,231
32.8667,-117.1333,952
32.4833,-80.7167,1457
64.5500,-149.0717,711
45.4622,-69.5953,1223
18.3331,-64.9667,23
40.3547,-79.9217,1313
46.0261,-91.4442,332
48.3500,-122.6667,329
39.2956,-80.2289,1416
61.5961,-149.0917,2001
41.7700,-88.4814,2306
37.0911,-95.5664,650
33.4050,-118.4158,1414
44.3675,-71.5450,1503
41.7861,-87.7522,1050
31.4156,-87.0442,1437
41.6264,-80.2150,1206
41.7781,-80.6958,1200
46.4047,-94.1308,1349
31.3928,-92.2956,1427
41.7419,-72.1836,1640
41.3714,-73.4828,1044
60.4889,-145.4511,1655
35.5144,-108.7939,1242
38.5000,-77.3000,2153
47.9078,-122.2803,434
35.0028,-105.6628,1337
30.3433,-89.8222,1401
31.4000,-93.2833,1133
41.6764,-70.9583,1301
42.6003,-123.3642,225
42.4700,-71.2894,1302
38.8761,-98.8092,824
31.6072,-110.4281,1510
37.1319,-76.4930,1348
31.3558,-85.7511,1515
67.7317,-164.5483,1640
40.6239,-74.6694,1216
41.2003,-74.6231,1354
46.4167,-86.6500,1638
42.4167,-87.8667,2225
39.6092,-110.7547,1545
62.9614,-141.9292,1134
55.3567,-131.7117,2354
37.7461,-97.2211,1215
31.1500,-92.9667,1251
41.6875,-69.9933,1446
41.0136,-83.6686,1407
32.7667,-97.4500,1447
32.8167,-115.6833,1256
44.5761,-71.1786,1341
34.9000,-76.8833,741
38.9833,-76.4667,1654
42.8050,-72.0036,1424
39.1033,-84.4189,1216
39.3644,-84.5247,1624
34.6719,-82.8864,1154
17.7028,-64.8056,1201
40.0819,-75.0111,2128
39.3667,-75.0667,1340
42.6425,-77.0564,1222
39.7556,-82.6572,1513
34.2486,-82.1592,1407
36.6950,-76.1356,1507
34.7917,-79.3661,1452
30.8356,-85.1839,1450
38.1417,-76.4292,1450
47.0339,-120.5303,1822
39.5936,-84.2264,1453
62.1592,-145.4589,56
42.5842,-70.9175,1305
41.0669,-73.7075,1552
39.9492,-74.8417,1340
39.4167,-118.7167,1342
42.9333,-71.4383,1441
55.5800,-133.0750,2327
31.5883,-110.3442,2226
37.7081,-77.4344,1344
39.4203,-83.8217,1327
58.3567,-134.5639,329
38.8983,-119.9947,1234
38.4167,-113.0167,1349
32.7000,-117.2000,1516
47.3864,-92.8389,1420
42.1578,-72.7161,1517
61.1781,-149.9664,2012
43.3497,-76.3847,1404
43.1072,-78.9453,1419
41.5092,-74.2650,1209
41.9097,-70.7294,1043
47.2675,-122.5761,1131
34.2008,-119.2069,1426
39.7333,-77.4333,1256
64.7767,-141.1483,8
42.1208,-87.9047,1414
59.6419,-151.4908,1400
30.7044,-87.0231,1407
37.1681,-97.0369,1429
35.8550,-77.8931,1223
66.0689,-162.7639,2321
30.8458,-85.6014,1114
27.6833,-97.2833,1759
61.2169,-149.8550,1833
38.3083,-75.1239,1615
43.2339,-75.4117,1338
64.3267,-158.7417,1535
32.5428,-93.7450,1159
18.2550,-65.6408,525
30.5069,-86.9597,1403
41.3497,-71.7989,1501
40.8764,-74.2831,1230
59.4556,-135.3239,1417
42.6650,-83.4181,1226
41.2639,-72.8872,1651
46.1442,-115.5964,1409
42.4092,-83.0100,1324
22.0333,-159.7833,1557
28.0622,-81.7542,709
41.3461,-82.1794,1447
36.1336,-80.2222,1308
43.9906,-70.9475,1341
35.6169,-106.0889,1336
48.1203,-123.4983,440
41.8756,-71.0211,1349
30.7167,-87.0167,1400
46.5486,-90.9189,835
30.0494,-90.0289,452
21.4500,-157.7833,2327
39.4900,-121.6183,1246
40.8500,-74.0614,1413
38.9503,-95.6639,1250
40.7342,-73.4169,1421
