36.3200,-115.7000,31
36.7200,-106.2600,42
43.8000,-114.8500,41
35.7700,-105.7800,30
36.5100,-106.3200,7
40.3000,-111.2600,72
43.7600,-115.2400,37
39.1900,-120.2600,56
39.3600,-106.0600,62
36.2500,-115.6300,43
39.2900,-117.1100,42
36.8600,-106.2300,14
44.2100,-110.6700,76
44.7900,-116.0900,40
38.4000,-119.5400,35
35.9200,-106.3900,23
48.7200,-116.4600,36
41.4000,-107.2600,48
36.1900,-105.5600,20
40.8300,-111.7600,57
36.0300,-106.8100,30
36.0700,-105.6300,32
36.9600,-106.6600,29
35.3400,-111.6500,34
36.7900,-105.2400,32
41.2300,-105.3800,14
39.4300,-120.3100,21
36.0000,-106.8300,35
40.5300,-106.7800,36
36.3100,-115.6800,34
39.8000,-106.0300,59
36.9900,-105.2600,32
36.1300,-105.5300,21
44.3800,-116.3400,39
39.3100,-111.4300,80
35.7800,-105.5400,25
