39.1025,-107.8989,6
37.8122,-109.0133,4
-35.8618,149.1321,3
29.3178,-96.0847,2
43.0853,-89.5172,4
37.5811,-106.1869,9
47.8039,-103.2892,2
20.2039,-155.7350,2
44.9131,-73.8222,4
38.1792,-84.8992,2
45.0456,-92.8522,2
46.7461,-87.8817,6
39.1139,-78.5811,2
37.7053,-85.2639,2
19.5106,-155.9217,2
40.7042,-93.3697,2
40.2842,-109.8611,2
32.3492,-93.2014,2
43.2761,-75.1567,2
-13.4277,130.4936,9
30.8714,-89.1214,2
39.4931,-96.1758,5
38.9239,-122.5672,4
34.8878,-83.3967,4
45.7883,-92.2325,2
39.2219,-105.9936,4
43.2950,-123.1031,4
45.0500,-98.0956,2
28.6078,-96.6417,4
21.3278,-157.8236,2
37.8083,-98.4305,2
41.0908,-89.8614,6
37.5339,-83.3492,2
21.3389,-157.8581,2
38.0406,-114.1800,2
32.2464,-85.4142,2
