18.1747,-66.7978,26
40.7264,-122.7947,42
38.8586,-99.3358,314
43.8544,-116.4664,53
36.9969,-119.7072,47
40.7142,-122.4161,166
33.8300,-88.5214,51
36.4711,-86.8414,82
47.0575,-109.9514,335
42.9536,-112.8253,235
36.1056,-82.8436,53
42.9592,-120.7897,32
37.3806,-107.5811,40
39.0303,-76.9314,87
40.6117,-122.5281,11
43.0431,-96.9033,208
31.6164,-94.6431,27
46.0436,-118.4628,58
43.8083,-111.7892,43
34.5822,-119.9817,47
40.1739,-101.0611,167
31.8769,-105.2369,63
42.1397,-87.7853,21
40.5764,-105.0858,39
36.4622,-116.8669,150
34.5697,-93.1947,24
30.8408,-89.5453,3
39.0172,-92.7558,87
37.5147,-122.0325,206
40.7833,-81.9167,106
32.8964,-107.3078,98
33.7542,-99.1442,299
35.1131,-89.2122,43
34.7281,-90.3683,48
38.4917,-122.1242,53
47.7283,-104.1467,174
33.7092,-93.5564,58
45.9228,-108.2444,89
39.1172,-95.4097,153
46.8706,-68.0172,61
35.1297,-89.8036,51
30.0689,-94.2928,127
40.2233,-86.1086,58
40.1550,-103.1417,180
18.2583,-65.9922,8
35.6214,-88.8456,60
35.8819,-83.9572,26
64.8569,-147.8611,48
44.0622,-103.4819,29
38.4661,-101.7758,214
43.4033,-103.2683,24
35.7197,-86.9653,34
34.6033,-104.3811,130
34.9881,-120.3211,117
31.3706,-100.4942,187
26.8400,-81.0872,151
41.9342,-88.7756,76
33.4692,-88.7822,63
41.0267,-86.5867,37
42.1231,-111.3133,143
37.3822,-102.2986,164
40.0892,-99.2133,143
35.4139,-86.8086,43
37.7617,-117.5658,219
38.9408,-95.3397,60
32.8242,-95.5275,161
43.5492,-71.4647,84
36.0147,-85.1314,42
44.1183,-121.2103,37
35.6872,-90.0964,92
30.2003,-92.6642,80
39.9614,-86.0586,24
35.7047,-101.5492,274
38.6450,-95.5661,113
38.4931,-122.0047,66
31.8456,-99.5606,161
42.3806,-96.9575,3
32.8522,-95.8864,163
45.6911,-118.8522,95
61.5664,-149.2542,48
32.2822,-106.7597,71
34.5989,-103.2161,177
35.2006,-103.6867,151
33.0642,-101.0489,182
41.4439,-86.9294,116
42.7467,-71.0425,16
33.1481,-95.6269,153
47.6811,-117.6267,58
34.1647,-88.7239,66
36.5508,-114.4581,214
33.1461,-107.1842,121
39.3925,-101.0689,163
44.8831,-85.6753,80
40.2539,-85.1483,93
26.5581,-99.1372,0
35.0489,-97.9158,253
25.8175,-80.2858,50
31.9497,-91.2336,14
39.6619,-99.1228,108
44.3089,-85.2050,56
38.0047,-120.4864,58
30.7053,-104.0233,68
36.6897,-108.3086,55
32.4219,-93.6381,119
37.9931,-100.8122,256
29.6211,-96.3661,56
46.7047,-92.5253,37
32.3378,-89.0817,48
46.7281,-116.9558,56
34.1381,-88.9983,35
45.4825,-120.7236,76
44.3253,-96.7686,179
32.9203,-94.7225,121
41.4903,-71.5431,97
