21.6031,-157.9022,5
35.4072,-104.1906,2
-42.7406,147.4453,2
46.1358,-123.8783,2
-42.3958,147.3042,3
46.7492,-121.8120,2
-16.9958,145.7367,2
-12.7511,130.3784,2
48.4469,-113.2239,2
-13.7447,130.4935,2
-34.3121,139.0077,5
-42.8667,147.3322,2
44.0367,-123.8628,2
-42.7572,147.3817,2
46.1458,-98.0919,2
42.9283,-110.1272,2
35.8439,-80.4972,5
-13.7578,131.5740,3
40.6117,-122.5281,2
41.1736,-85.0672,4
18.1731,-66.4928,2
-31.7117,128.8867,7
34.2169,-80.2392,3
57.2178,-134.8770,2
33.1678,-96.0983,2
41.8453,-123.9647,2
34.9047,-83.4128,2
45.2214,-123.1622,2
41.8575,-75.8097,4
40.5517,-82.2014,6
19.4917,-155.9117,3
-42.9264,147.5203,3
47.2142,-113.5203,2
