57.2178,-134.8770,686
46.1458,-98.0919,0
-16.9958,145.7367,32
48.4469,-113.2239,58
46.7492,-121.8120,318
46.1358,-123.8783,709
18.1731,-66.4928,160
41.1736,-85.0672,0
-31.7117,128.8867,126
41.8575,-75.8097,38
-13.7578,131.5740,274
34.9047,-83.4128,5
42.9283,-110.1272,8
47.2142,-113.5203,132
33.1678,-96.0983,0
19.4917,-155.9117,0
35.8439,-80.4972,18
-12.7511,130.3784,186
-42.7572,147.3817,40
-13.7447,130.4935,132
40.6117,-122.5281,94
-42.9264,147.5203,20
44.0367,-123.8628,739
-42.7406,147.4453,36
-42.3958,147.3042,22
45.2214,-123.1622,561
21.6031,-157.9022,13
35.4072,-104.1906,0
41.8453,-123.9647,726
-42.8667,147.3322,3
-34.3121,139.0077,4
40.5517,-82.2014,30
34.2169,-80.2392,30
