41.7392,-77.9711,180
35.0761,-89.7430,250
47.0083,-88.4317,292
39.6442,-74.8072,14
40.9656,-105.2186,270
45.8981,-86.5483,135
39.4206,-79.0050,210
40.1100,-87.9567,270
47.6497,-120.0800,254
41.8161,-80.4250,180
47.2753,-88.4169,285
34.6242,-106.3103,260
39.0733,-93.7075,270
46.2314,-112.1136,180
45.4525,-99.3358,320
30.5347,-94.4456,290
39.7750,-105.1169,330
41.2847,-105.5319,270
48.0750,-111.2597,225
40.6558,-97.2208,300
45.6656,-97.0392,315
40.8600,-102.8031,270
47.0111,-109.2261,315
61.2967,-149.4400,270
34.1206,-115.8500,293
41.0103,-103.8769,315
48.9981,-110.2158,280
40.5764,-105.0858,327
34.2183,-116.4072,220
44.4933,-68.4583,110
39.7194,-76.8028,140
39.1439,-103.4897,290
