26.0719,-80.1536,94
36.8781,-91.9025,116
45.7728,-122.8611,125
44.2033,-72.5794,89
42.1928,-89.0931,98
48.1203,-123.4983,134
42.7972,-105.3856,174
47.9078,-122.2803,246
47.2856,-68.3133,134
41.2639,-72.8872,98
42.7267,-114.4564,103
29.5622,-91.5256,72
41.3461,-82.1794,139
34.6525,-86.9453,98
38.8761,-98.8092,134
44.0511,-101.6011,85
42.2347,-85.5519,112
29.6222,-95.6564,76
42.9550,-87.9044,112
37.1319,-76.4930,125
35.4319,-82.5375,161
34.4978,-82.7097,143
43.4133,-124.2436,134
38.0442,-87.5206,121
36.7683,-96.0261,148
30.0375,-91.8839,67
38.7525,-90.3736,107
33.8117,-78.7239,125
42.5544,-92.4011,112
40.7789,-73.9692,89
31.3711,-100.4922,107
35.2333,-101.7089,210
31.8111,-106.3758,67
41.8678,-84.0794,107
40.8289,-115.7886,67
44.5483,-95.0803,103
41.5944,-109.0528,197
35.5144,-108.7939,72
31.9433,-102.1889,116
45.5464,-100.4078,58
43.1644,-95.2017,116
33.6800,-117.8664,54
32.5667,-117.1167,58
60.5797,-151.2392,40
41.3336,-75.7269,94
71.2833,-156.7814,139
36.7725,-90.3247,98
32.0311,-96.3989,81
32.8192,-97.3614,116
41.6764,-70.9583,174
46.8706,-68.0172,130
24.7258,-81.0517,85
43.3500,-73.6167,27
42.1094,-77.9919,139
59.5119,-139.6711,85
35.5342,-97.6469,170
40.1667,-103.2167,98
42.0572,-102.8000,94
42.0647,-104.1528,201
41.7636,-96.1778,76
40.2064,-100.5914,125
33.4536,-94.0075,76
39.1667,-76.6833,98
41.2731,-111.0306,139
29.9506,-94.0206,72
32.5428,-93.7450,72
24.5833,-81.6833,112
34.2097,-118.4892,40
39.1333,-86.6167,116
41.1519,-104.8061,259
41.8706,-103.5931,112
45.8183,-88.1144,125
40.7342,-73.4169,179
39.4781,-88.2803,116
36.7367,-97.1019,161
44.6500,-73.4667,121
47.9375,-124.5550,206
42.6003,-123.3642,134
33.4050,-118.4158,89
36.0394,-95.9844,152
32.8667,-117.1333,63
42.5844,-110.1075,125
33.5872,-85.8556,121
43.8789,-91.2528,72
45.4558,-98.4131,76
33.9786,-98.4928,148
28.4736,-82.4544,85
59.4556,-135.3239,103
37.9272,-100.7247,103
41.0467,-78.4117,130
46.3747,-117.0156,192
31.3347,-92.5586,67
55.3567,-131.7117,81
36.3333,-119.9500,45
61.1689,-150.0278,63
29.2733,-94.8592,72
38.9286,-90.4281,98
40.4122,-86.9369,125
40.3300,-75.1225,54
59.6419,-151.4908,45
41.3497,-71.7989,148
38.9503,-95.6639,85
32.3367,-90.2214,76
33.9519,-117.4386,49
44.5761,-71.1786,89
42.9203,-112.5711,148
27.7839,-97.5108,112
36.2833,-94.3000,152
47.4444,-122.3139,264
35.8517,-97.4142,174
44.8322,-93.4706,76
45.5511,-122.4089,219
47.0492,-109.4578,157
44.8428,-117.8086,134
70.2117,-151.0017,107
40.1203,-76.2944,81
38.0700,-102.6881,94
60.7850,-161.8292,63
31.3558,-85.7511,125
30.7406,-98.2353,85
42.5708,-77.7133,112
41.7861,-87.7522,112
35.0564,-89.9864,98
37.7081,-77.4344,76
40.4422,-109.5144,45
41.7803,-124.2367,161
40.7781,-111.9694,85
40.7833,-91.1253,85
43.5878,-96.7289,116
41.9381,-72.6825,125
42.1908,-71.1736,188
37.3278,-95.5042,139
41.9922,-93.6217,107
40.7939,-73.1017,143
40.6331,-93.9019,94
31.3214,-85.4497,125
33.8281,-116.5053,54
38.2281,-85.6636,165
35.8922,-78.7819,139
26.1522,-81.7753,94
36.0969,-79.9433,161
42.7431,-73.8092,134
32.3847,-94.7117,76
31.6189,-97.2283,89
41.4525,-87.0058,107
40.6044,-98.4272,85
25.9156,-97.4186,72
60.7850,-148.8389,81
32.8978,-97.0189,107
39.1258,-123.2008,45
37.2958,-81.2078,161
32.8158,-117.1394,58
39.6014,-116.0056,63
40.9167,-81.4333,143
42.7461,-86.0967,121
35.2325,-75.6219,192
41.7219,-71.4325,188
27.9619,-82.5403,112
39.2956,-80.2289,148
31.2819,-89.2531,94
33.5656,-86.7450,107
38.9833,-76.4667,94
41.3375,-84.4289,103
36.9500,-76.2833,134
41.8756,-71.0211,174
45.0133,-84.7014,130
37.4058,-122.0481,54
33.9706,-80.9958,134
62.9614,-141.9292,54
37.7836,-81.1231,134
47.6458,-101.4394,72
38.1417,-76.4292,76
39.7075,-86.2803,148
28.0836,-97.0464,89
44.3814,-106.7211,116
70.6392,-159.9950,165
15.1167,145.7167,98
44.2667,-71.2994,398
39.5703,-104.8489,174
35.6542,-105.1419,143
33.9753,-117.6361,45
47.6217,-117.5281,210
19.7356,-156.0489,76
26.5850,-81.8614,94
42.3978,-90.7036,107
39.3450,-81.4392,134
36.1625,-97.0894,192
26.2281,-97.6542,72
43.5331,-84.0797,121
30.4781,-87.1869,125
28.8614,-96.9303,89
62.3200,-150.0950,54
29.7333,-85.0333,112
43.5950,-118.9564,121
38.1811,-85.7392,165
47.3078,-119.5153,125
32.8519,-96.8556,94
39.1353,-96.6778,72
43.9636,-69.7117,161
39.8233,-93.5792,67
40.8206,-76.8642,45
42.1578,-72.7161,72
45.1947,-123.1339,148
36.7800,-119.7194,45
33.8117,-118.1464,54
32.7667,-97.4500,103
43.1111,-76.1039,103
32.7800,-79.9319,116
37.7064,-112.1456,63
42.9333,-71.4383,139
37.8892,-121.2258,67
26.1839,-98.2539,103
39.0083,-95.2117,85
41.6264,-80.2150,125
37.2253,-89.5706,112
37.7086,-113.0944,76
37.2839,-98.5528,112
43.7700,-88.4864,125
30.0481,-102.2131,67
38.7042,-93.1833,85
45.5644,-84.7928,107
41.7419,-72.1836,143
34.2900,-93.0600,94
40.2172,-76.8514,67
38.8500,-94.7392,89
36.9647,-86.4239,134
35.9403,-89.8308,107
36.3189,-119.6289,45
26.1658,-97.3458,76
35.2578,-113.9331,54
31.4583,-109.6061,58
25.6475,-80.4331,89
38.5069,-121.4950,54
38.8000,-97.6500,98
30.0675,-95.5561,76
36.0236,-84.2375,125
39.4839,-119.7711,130
33.8719,-117.9789,58
44.3592,-84.6739,94
30.7167,-87.0167,112
38.5039,-122.8103,36
42.1208,-87.9047,107
36.6950,-76.1356,134
36.8167,-76.0333,148
34.2008,-119.2069,58
30.7825,-83.2767,94
38.2900,-104.4983,170
48.0944,-105.5744,58
42.7172,-71.1239,152
29.3783,-100.9269,98
36.4731,-82.4044,148
37.2847,-120.5128,49
30.9119,-102.9167,98
43.2781,-70.9222,143
30.7797,-86.5225,103
32.2622,-107.7206,49
13.4836,144.7961,58
36.6206,-116.0278,49
32.4506,-93.8411,63
44.3206,-69.7972,139
37.3711,-118.3581,58
29.7036,-98.0281,85
33.4669,-82.0386,130
44.3814,-100.2856,94
31.2361,-94.7544,54
37.7214,-122.2208,63
37.3592,-121.9239,67
37.2622,-104.3378,148
39.7078,-77.7297,107
41.4914,-120.5644,116
33.9486,-81.1186,148
46.2667,-119.1167,148
41.5092,-74.2650,54
40.0397,-88.2778,134
40.0781,-83.0781,125
41.7700,-88.4814,121
44.3981,-98.2231,98
62.9575,-155.6103,63
45.6044,-103.5464,152
31.4156,-87.0442,98
39.8250,-86.2958,130
43.6264,-72.3047,103
36.9358,-121.7886,58
18.3331,-64.9667,107
30.0494,-90.0289,85
39.1894,-103.7158,81
30.5892,-96.3647,63
39.2447,-102.2842,89
38.0653,-97.8606,103
30.4000,-81.4167,116
62.1592,-145.4589,36
41.6117,-90.5808,112
28.4567,-99.2183,72
34.6517,-112.4208,58
25.9069,-80.2803,89
42.6958,-73.1708,197
44.8831,-93.2289,89
22.0333,-159.7833,76
46.9728,-123.9303,215
34.7000,-77.3833,121
25.9989,-80.2411,94
42.2333,-83.5333,116
34.5583,-98.4172,152
40.0819,-75.0111,72
8.7333,167.7333,94
31.1828,-90.4708,89
43.6497,-70.3003,179
30.5108,-99.7664,94
33.4825,-90.9853,89
34.7442,-87.5997,103
48.1739,-103.6367,107
43.1167,-77.6767,125
47.4667,-87.8833,148
46.4794,-84.3572,130
45.7881,-111.1608,157
43.9844,-88.5569,139
29.5442,-98.4839,85
27.4014,-82.5586,89
48.3042,-114.2636,116
55.5800,-133.0750,89
34.9869,-81.0575,116
46.4267,-105.8825,116
39.2953,-114.8467,63
38.5714,-90.1572,125
43.0206,-102.5183,67
37.3169,-79.9742,152
30.5069,-86.9597,107
36.2117,-115.1958,40
42.7611,-87.8136,116
33.9481,-83.3275,152
45.8258,-119.2611,143
35.1442,-111.6664,58
47.4933,-122.2144,174
26.9172,-81.9914,98
31.9206,-102.3867,130
38.6572,-90.6558,112
47.7472,-90.3444,121
61.5961,-149.0917,85
37.6544,-97.4425,121
41.7072,-86.3164,103
38.5050,-107.8975,58
39.6428,-79.9164,107
37.0872,-84.0769,152
29.6919,-82.2756,112
40.6675,-89.6839,116
47.3258,-106.9475,85
41.0375,-81.4642,130
44.7408,-85.5825,85
35.0028,-105.6628,170
36.9878,-120.1106,49
44.3853,-74.2067,98
42.1469,-121.7242,125
42.8939,-85.5447,112
60.1283,-149.4167,134
29.9800,-95.3600,63
33.4964,-90.0867,63
47.9428,-97.1839,81
42.1244,-86.4267,125
38.8483,-77.0342,125
47.3978,-120.2014,121
21.3239,-157.9294,76
34.0158,-118.4514,49
45.5114,-118.4247,85
64.5111,-165.4400,107
64.7767,-141.1483,27
47.0339,-120.5303,116
34.7411,-118.2117,36
41.6267,-73.8842,45
37.0911,-95.5664,161
39.1019,-121.5678,67
35.0419,-106.6156,81
39.4519,-87.3089,116
37.1467,-94.5022,170
37.6197,-122.3647,54
34.1853,-79.7239,148
46.9208,-114.0925,143
41.3931,-70.6150,170
45.6208,-122.6572,157
39.9061,-84.2186,165
39.9369,-91.1919,89
32.1314,-110.9553,72
42.3811,-122.8722,67
44.9258,-89.6256,107
40.1519,-122.2536,85
41.0136,-83.6686,130
35.6950,-101.3950,197
55.2208,-162.7325,103
40.9017,-117.8081,116
35.3889,-97.6006,174
45.6906,-118.8528,157
32.3206,-90.0778,72
28.0622,-81.7542,98
19.7192,-155.0531,81
32.7100,-96.2672,85
41.9856,-97.4353,76
42.8375,-103.0953,103
63.9944,-145.7214,54
38.7550,-109.7542,45
40.7083,-84.0267,130
44.0219,-82.7931,112
24.5550,-81.7522,103
41.1583,-73.1289,116
37.7608,-99.9683,130
37.2353,-93.4003,139
41.7806,-122.4717,89
32.8167,-115.6833,54
44.7978,-68.8186,143
40.0681,-118.5692,112
28.5453,-81.3331,125
29.6333,-83.1053,94
35.0281,-110.7208,54
40.4719,-81.4236,112
38.8853,-79.8528,134
43.2339,-75.4117,98
32.3336,-104.2581,112
30.8356,-85.1839,107
36.9033,-76.1922,143
35.4344,-119.0542,94
39.7333,-77.4333,63
31.0425,-86.3117,94
44.8889,-116.1017,94
26.2500,-80.1083,103
38.3794,-81.5900,148
29.1097,-95.4619,85
30.3975,-84.3289,112
43.7331,-103.6114,139
46.3583,-104.2500,98
45.6689,-96.9914,134
42.3606,-71.0106,148
41.1214,-100.6694,81
37.1681,-97.0369,143
39.6092,-110.7547,49
42.2314,-83.3308,139
59.2433,-135.5094,121
34.8536,-116.7858,76
38.1386,-78.4530,103
44.9047,-97.1494,98
34.3622,-98.9761,165
36.4486,-103.1539,139
46.7439,-117.1086,179
40.6239,-74.6694,94
38.6892,-75.3592,130
41.2544,-80.6739,125
45.4622,-69.5953,107
35.1350,-90.2344,85
39.7736,-94.9233,103
42.8975,-106.4636,210
39.1208,-94.5969,67
40.0803,-95.5919,94
44.5228,-114.2150,148
33.6883,-112.0817,54
42.5950,-87.9381,121
34.6081,-79.0592,143
66.0689,-162.7639,148
44.0433,-103.0536,143
32.5156,-92.0406,49
38.9597,-94.3714,81
44.3592,-89.8369,121
45.0619,-93.3508,89
37.3031,-108.6275,67
46.0947,-118.2869,125
43.1561,-90.6775,85
45.5908,-122.6003,139
32.7817,-98.0603,112
48.2138,-106.6213,125
39.0431,-84.6717,134
33.2367,-107.2681,63
40.9706,-85.2064,125
41.5631,-83.4764,121
40.9781,-124.1086,94
42.4272,-73.2892,112
47.5303,-122.3008,192
58.6794,-156.6294,94
30.1250,-93.2158,54
27.5000,-97.8167,112
42.9667,-83.7494,107
47.6831,-117.3214,143
39.3756,-99.8297,139
41.1783,-78.8989,116
40.6161,-83.0636,148
20.8997,-156.4286,103
40.4953,-107.5211,89
42.2228,-83.7444,107
38.3306,-96.1897,139
40.8097,-124.1603,116
43.9922,-76.0217,183
26.5361,-81.7550,89
17.7028,-64.8056,81
33.9228,-118.3342,54
35.2100,-99.1200,179
33.2119,-87.6161,94
44.9358,-74.8458,103
40.8731,-81.8867,139
39.4900,-121.6183,76
36.7414,-104.5022,103
47.1686,-88.4889,148
40.8508,-96.7475,94
34.2167,-119.0833,54
38.3775,-121.9575,45
46.0261,-91.4442,94
21.9839,-159.3405,67
39.6728,-75.6008,94
40.2964,-78.3203,121
45.5406,-122.9486,152
29.6381,-95.2819,112
36.1336,-80.2222,139
33.4278,-112.0039,49
45.6983,-110.4408,291
41.3325,-122.3328,76
31.1500,-92.9667,49
37.1431,-107.7597,58
43.3497,-76.3847,94
40.8500,-74.0614,58
41.5097,-72.8278,107
40.2342,-85.3936,130
34.2622,-88.7714,85
37.4389,-105.8614,54
41.1961,-112.0114,81
29.3331,-89.4075,85
44.5169,-108.0822,67
42.1128,-92.9175,107
42.3914,-96.3792,76
27.5333,-99.4667,76
41.6686,-70.2800,148
33.2061,-97.1989,116
38.7642,-87.6056,112
41.1078,-92.4467,85
35.8181,-83.9858,152
32.8986,-80.0403,130
34.6294,-118.0836,49
40.0972,-92.5433,107
31.5883,-110.3442,76
40.1936,-76.7633,58
48.5614,-93.3981,121
37.6242,-120.9506,63
39.9492,-74.8417,81
37.7461,-97.2211,125
33.2208,-92.8142,67
31.5356,-84.1944,107
47.9742,-117.4283,107
34.8831,-82.2203,130
34.7272,-92.2389,103
39.9181,-76.8742,63
41.4333,-99.6333,98
45.9647,-112.5006,165
36.6636,-121.6081,67
45.8678,-95.3942,98
64.3267,-158.7417,98
30.3489,-85.7881,148
42.5842,-70.9175,161
43.9042,-92.4917,112
43.1406,-89.3453,98
32.3500,-91.0278,72
34.5183,-109.3792,72
41.5333,-71.2833,165
39.2775,-120.7103,76
38.0408,-84.6058,157
41.3119,-105.6747,228
43.4075,-94.7461,112
35.7425,-81.3819,157
33.3075,-104.5083,76
33.6361,-91.7556,89
66.8667,-162.6333,116
39.8344,-88.8656,121
46.1569,-123.8825,197
39.4203,-83.8217,134
40.7794,-73.8803,103
44.3675,-71.5450,85
41.2531,-70.0608,237
33.1281,-117.2794,63
48.6033,-112.3753,255
67.7317,-164.5483,121
41.6328,-91.5431,98
44.8664,-91.4878,85
41.3275,-72.0494,157
34.8994,-120.4486,63
34.7436,-118.7242,134
44.1278,-123.2206,170
28.7797,-81.2436,125
36.6817,-101.5053,134
47.2675,-122.5761,188
39.4494,-74.5672,125
34.2486,-82.1592,130
33.3644,-81.9633,148
43.0661,-108.4767,116
46.9733,-122.9033,170
31.8456,-86.6108,103
39.0725,-95.6261,63
41.2433,-76.9217,139
30.4119,-89.0808,103
40.0489,-107.8853,54
36.6239,-87.4194,143
42.5906,-117.8644,161
41.5339,-93.6531,98
41.5175,-81.6836,134
31.3500,-85.6667,125
60.4889,-145.4511,27
43.7667,-98.0333,94
42.9486,-78.7369,174
42.1594,-76.8919,103
41.0731,-71.9233,143
33.4617,-80.8581,152
27.6833,-97.2833,98
43.7694,-87.8506,134
32.5500,-88.5667,94
38.8100,-104.6883,183
28.1011,-80.6439,130
27.9106,-82.6875,85
6.9667,158.2167,93
47.3864,-92.8389,174
35.8550,-77.8931,107
43.1953,-71.5011,107
59.4433,-151.7017,40
45.2486,-122.7686,139
39.1033,-84.4189,143
28.7247,-96.2536,94
46.9253,-96.8111,89
27.7628,-82.6261,85
9.4833,138.0833,52
44.9050,-123.0011,152
39.3669,-101.7000,94
30.3361,-81.5147,130
33.6186,-114.7142,54
40.6825,-74.1694,76
61.2169,-149.8550,45
32.6261,-116.4681,89
34.0500,-94.4008,89
35.6567,-95.3614,165
38.5911,-92.1558,103
38.5000,-77.3000,63
29.5189,-95.2417,85
39.9444,-81.8922,116
44.4683,-73.1500,192
48.4608,-119.5167,183
33.1803,-96.5903,98
43.8339,-111.8045,98
35.8311,-90.6464,107
42.0800,-80.1825,148
21.3167,-158.0667,67
32.8342,-115.5786,63
38.1311,-91.7683,139
32.7000,-117.2000,67
38.1847,-84.9033,134
30.4000,-86.4717,89
25.7906,-80.3164,85
43.5164,-112.0672,157
40.2383,-75.5572,76
40.0228,-82.4625,130
39.3644,-84.5247,152
35.0678,-77.0481,179
31.3928,-92.2956,58
34.9914,-78.8803,139
39.3667,-75.0667,103
33.1783,-86.7817,107
37.5908,-83.3131,125
30.3433,-89.8222,103
42.3075,-85.2511,107
40.8764,-74.2831,45
35.6575,-109.0614,67
34.6719,-82.8864,152
38.3650,-82.5550,143
45.5433,-94.0514,76
39.2292,-106.3169,139
33.7792,-84.5214,134
35.2372,-120.6414,76
46.7708,-100.7603,49
44.4983,-88.1111,121
26.6847,-80.0994,121
34.0561,-117.6003,49
46.4167,-86.6500,103
32.3542,-95.4025,76
40.5100,-101.6200,134
42.5417,-113.7661,134
45.6194,-121.1661,165
61.1781,-149.9664,36
32.5161,-84.9422,112
35.2236,-80.9553,116
39.5264,-107.7264,40
34.0511,-118.2353,40
39.4167,-118.7167,72
34.8822,-95.7831,143
36.5728,-79.3361,157
35.1967,-81.1558,130
30.7439,-95.5861,54
43.2119,-90.1814,112
48.5428,-109.7633,197
35.0311,-85.2014,107
43.9906,-70.9475,112
38.0511,-117.0903,72
32.3347,-88.7442,89
44.6381,-90.1875,139
46.0139,-102.6547,89
30.2333,-81.6667,134
36.1994,-95.8872,152
44.9319,-93.0556,89
41.7872,-111.8533,72
41.1389,-75.3794,107
37.6703,-95.4842,148
33.6267,-116.1594,40
43.3436,-72.5178,72
40.9611,-98.3136,98
38.3000,-76.4167,116
42.5519,-71.7558,103
31.7800,-103.2017,76
40.8217,-72.8689,148
46.5683,-120.5428,148
35.5931,-88.9167,112
43.3906,-99.8422,94
36.1189,-86.6892,134
45.2575,-112.5545,210
41.4131,-81.8600,139
33.6228,-111.9106,45
40.3161,-78.8339,125
58.3567,-134.5639,98
48.3500,-122.6667,228
42.8783,-100.5500,89
41.0089,-74.7367,36
31.6072,-110.4281,76
18.2550,-65.6408,63
41.3103,-95.8992,98
41.5272,-85.7922,112
32.6636,-97.0939,89
45.0319,-102.0192,121
36.9261,-111.4478,40
32.6500,-114.6167,89
34.7336,-76.6606,148
32.9733,-97.3181,107
44.2558,-121.1392,125
41.7781,-80.6958,143
38.8169,-92.2183,89
64.5500,-149.0717,40
40.5175,-122.2986,67
42.6650,-83.4181,112
42.7803,-84.5789,116
36.0097,-94.1694,143
38.0494,-103.5122,112
31.4208,-110.8458,81
36.0167,-102.5500,116
35.6697,-120.6283,58
43.2389,-123.3547,76
39.7556,-82.6572,139
32.8547,-109.6353,81
33.8750,-84.3022,139
42.4819,-114.4869,98
34.6439,-86.7861,103
46.1442,-115.5964,54
39.2231,-106.8683,58
32.6808,-96.8681,89
38.2103,-122.2847,89
48.2553,-101.2733,85
35.9508,-85.0814,148
44.7694,-106.9689,121
36.0719,-115.1633,67
34.1231,-84.8486,89
35.1822,-103.6031,148
43.1072,-78.9453,161
18.4325,-66.0108,89
35.9333,-79.0642,125
55.0389,-131.5786,98
32.6847,-83.6528,143
35.2578,-93.0947,72
36.5881,-121.8453,58
46.7994,-102.7972,94
43.1711,-86.2367,112
39.1342,-108.5400,67
37.9406,-75.4631,161
34.7675,-114.6189,54
30.3208,-97.7603,67
41.7361,-72.6506,125
36.7436,-108.2292,67
27.7411,-98.0247,94
39.3792,-74.4242,157
40.6386,-73.7622,103
43.5667,-116.2406,125
38.3406,-75.5103,143
34.4272,-100.2831,170
42.1997,-75.9850,98
45.6308,-89.4653,121
47.2078,-119.3192,125
30.1831,-97.6800,72
36.3689,-92.4703,94
41.9097,-70.7294,161
32.4106,-99.6822,139
57.7511,-152.4856,40
46.5311,-87.5483,112
44.3394,-105.5419,139
57.0481,-135.3647,125
34.8461,-82.3461,143
34.5467,-93.5781,81
30.5372,-91.1469,85
33.0375,-116.9158,72
34.9000,-76.8833,134
37.9917,-122.0550,58
37.7797,-89.2497,98
48.7167,-94.6000,134
38.4167,-113.0167,107
33.3633,-84.5658,134
39.5781,-85.8033,130
44.5344,-72.6144,72
40.4847,-80.2144,148
46.4047,-94.1308,76
46.6056,-111.9636,201
32.5722,-116.9794,63
34.7917,-79.3661,152
35.3331,-94.3625,125
46.1236,-67.7928,121
27.6531,-80.2428,139
42.2706,-71.8731,170
40.3547,-79.9217,143
40.1764,-80.6472,174
39.8447,-89.6839,116
29.9933,-90.2511,85
42.2667,-84.4667,112
41.9144,-88.2464,107
32.7336,-117.1831,67
36.9839,-77.0075,89
7.3333,134.4833,72
41.3714,-73.4828,54
39.2972,-94.7306,85
21.1544,-157.0961,89
30.6794,-88.2397,116
29.3600,-99.1742,76
41.8056,-107.1997,219
36.2967,-99.7689,165
31.4000,-93.2833,67
48.5222,-123.0231,148
30.3567,-95.4139,67
47.2381,-123.1408,224
30.2050,-91.9875,76
39.8328,-104.6575,125
66.9161,-151.5089,27
34.1750,-91.9347,89
32.1300,-81.2100,139
36.2667,-93.1567,130
30.4636,-88.5319,107
34.4258,-119.8425,54
30.6264,-88.0681,103
41.5886,-83.8014,125
42.4700,-71.2894,134
43.1544,-93.3269,98
44.5444,-110.4211,139
34.2719,-83.8303,143
42.6425,-77.0564,139
42.5700,-72.2911,81
45.8069,-108.5422,188
46.8369,-92.2097,143
45.6478,-68.6925,76
37.3208,-79.2067,107
36.0467,-79.4769,139
64.8039,-147.8761,18
45.0717,-83.5644,89
42.8050,-72.0036,125
44.0206,-117.0128,72
29.3389,-98.4719,116
38.8317,-94.8897,103
46.9258,-98.6692,94
35.0169,-80.6206,130
36.2606,-76.1750,165
31.5358,-82.5067,121
38.7667,-104.3000,67
32.2997,-86.4075,112
31.9514,-85.1289,103
70.1917,-148.4772,130
59.7494,-154.9089,67
42.4167,-87.8667,107
41.0669,-73.7075,72
7.4500,151.8333,77
32.4833,-80.7167,148
40.8436,-72.6322,148
27.4981,-80.3767,121
37.0683,-88.7719,125
41.4653,-90.5233,107
38.9408,-77.4636,125
35.6169,-106.0889,89
33.6300,-84.4417,157
39.4019,-77.9844,112
40.2769,-74.8158,85
48.7939,-122.5372,201
34.2675,-77.8997,139
34.3478,-85.1611,112
33.2194,-117.3494,67
39.5514,-97.6508,85
47.4733,-111.3822,179
41.2003,-74.6231,36
42.8914,-73.2469,206
57.1553,-170.2222,157
41.9950,-87.9336,107
38.6956,-121.5897,54
42.4092,-83.0100,139
29.1828,-81.0483,139
41.8031,-78.6403,116
30.4844,-81.7019,143
46.5486,-90.9189,112
44.1708,-114.9272,183
38.3083,-75.1239,134
35.9461,-112.1547,58
47.4569,-115.6450,206
31.1522,-81.3908,125
38.8983,-119.9947,125
41.6875,-69.9933,188
56.6000,-169.5650,121
46.9006,-95.0678,98
42.8153,-108.7261,215
40.6508,-75.4492,58
40.3667,-75.9667,72
39.9914,-82.8808,116
35.6875,-117.6931,45
37.5050,-77.3203,89
41.6236,-98.9517,81
43.9658,-107.9508,139
34.9894,-99.0525,165
41.8833,-91.7167,112
41.1014,-102.9847,103
31.8606,-86.0122,125
30.7044,-87.0231,121
42.4933,-79.2722,197
33.6542,-101.8136,170
28.4339,-81.3250,116
39.8683,-75.2311,85
39.5936,-84.2264,134
37.2833,-102.6139,139
28.8208,-81.8097,98
40.8203,-82.5178,148
