35.2150,-100.2503,1
47.0092,-123.4008,1
47.4883,-111.2781,1
41.7594,-104.8222,1
39.7053,-105.6997,1
47.5689,-122.6828,1
44.9367,-109.1375,1
42.1106,-104.9492,1
42.9919,-97.8703,1
41.0844,-105.2483,1
42.4422,-76.7586,1
48.9761,-111.3994,1
47.9558,-124.3539,1
41.6264,-104.4936,1
43.4117,-104.9614,1
35.2150,-100.2503,1
47.0092,-123.4008,1
47.4883,-111.2781,1
41.7594,-104.8222,1
39.7053,-105.6997,1
47.5689,-122.6828,1
44.9367,-109.1375,1
42.1106,-104.9492,1
42.9919,-97.8703,1
41.0844,-105.2483,1
42.4422,-76.7586,1
48.9761,-111.3994,1
47.9558,-124.3539,1
41.6264,-104.4936,1
43.4117,-104.9614,1
