38.0047,-120.4864,117
46.0436,-118.4628,117
40.7142,-122.4161,167
32.2822,-106.7597,83
40.2539,-85.1483,50
35.4072,-104.1906,94
36.8047,-107.6214,44
38.4931,-122.0047,150
40.2233,-86.1086,33
35.4139,-86.8086,100
38.7978,-99.7231,61
26.8400,-81.0872,233
29.4608,-101.0286,94
38.4917,-122.1242,111
39.6619,-99.1228,94
37.1503,-104.5567,100
33.6731,-111.1508,178
45.9228,-108.2444,72
35.0489,-97.9158,94
25.8175,-80.2858,233
28.4675,-98.2525,139
36.5508,-114.4581,122
33.7092,-93.5564,100
38.8586,-99.3358,56
35.6214,-88.8456,83
34.5989,-103.2161,50
35.2006,-103.6867,78
34.9881,-120.3211,133
40.1739,-101.0611,72
34.7675,-106.7611,89
38.4661,-101.7758,39
43.8544,-116.4664,89
36.4622,-116.8669,172
30.2003,-92.6642,144
40.4750,-86.9919,28
39.0744,-96.8983,133
39.0303,-76.9314,61
48.4983,-109.8014,78
37.6967,-93.7722,100
42.9592,-120.7897,94
38.6450,-95.5661,200
30.7053,-104.0233,28
40.6117,-122.5281,167
61.5664,-149.2542,44
36.9969,-119.7072,-178
37.9050,-93.3169,89
39.9000,-98.0256,78
39.1172,-95.4097,150
39.4031,-99.4192,78
37.0683,-88.7725,94
39.3925,-101.0689,89
45.6911,-118.8522,83
38.9408,-95.3397,144
40.1550,-103.1417,61
41.4439,-86.9294,33
34.5822,-119.9817,122
33.7542,-99.1442,100
37.7967,-121.5828,128
43.5492,-71.4647,-178
46.6722,-120.4994,94
44.1183,-121.2103,67
39.0422,-108.4664,100
38.5350,-121.7761,144
26.5581,-99.1372,144
41.9342,-88.7756,67
42.3806,-96.9575,72
47.0575,-109.9514,50
