34.9897,-99.0528,200
34.5519,-96.7178,206
40.1100,-87.9567,144
35.6528,-96.8042,200
34.1925,-86.7972,189
44.8831,-85.6753,150
33.3867,-97.7164,178
32.8472,-97.4761,211
34.1647,-88.7239,228
35.0708,-96.3561,194
34.3086,-95.9969,228
34.5289,-97.7647,211
45.5900,-95.8744,206
34.9678,-97.9519,211
34.4744,-91.4172,156
34.7156,-97.2292,217
36.7256,-99.1422,206
35.9986,-97.0481,222
35.2050,-99.8033,233
35.2722,-97.9553,211
33.7092,-93.5564,172
35.8819,-83.9572,228
34.6892,-86.8819,183
38.4931,-88.9703,156
41.8161,-80.4250,111
36.1208,-97.0953,206
40.7928,-87.7556,133
47.0575,-109.9514,178
35.6214,-88.8456,156
31.2353,-88.9186,239
34.1864,-90.5572,161
35.1228,-99.3600,228
41.0267,-86.5867,178
34.8083,-98.0233,217
34.1381,-88.9983,217
30.5497,-84.5836,217
35.1867,-102.0797,156
36.1167,-97.6067,200
40.2539,-85.1483,217
35.2358,-97.4647,194
36.2872,-88.2958,239
45.6750,-111.1550,133
30.7342,-85.0306,228
42.0208,-93.7742,128
31.1414,-87.0486,272
35.8989,-98.9603,206
36.9869,-99.0108,206
36.0286,-99.3464,222
36.7925,-97.7458,200
36.8314,-99.6411,217
35.1131,-89.2122,178
34.9142,-98.2922,222
34.3997,-98.3458,250
40.0739,-87.5067,194
35.8542,-97.9544,211
38.5200,-89.8467,194
36.3842,-98.1114,200
40.4750,-86.9919,189
35.5083,-98.7750,217
36.4119,-97.6939,200
34.7675,-106.7611,239
35.3647,-96.9481,189
34.1678,-97.9883,222
40.4719,-74.4364,189
36.8981,-96.9103,200
32.4714,-87.2314,217
45.4825,-120.7236,200
34.7281,-90.3683,167
34.6856,-99.8333,200
34.2392,-98.7444,206
36.3444,-88.8636,167
35.1714,-96.6311,217
31.3625,-85.3397,222
39.4833,-83.8500,144
34.4397,-99.1375,228
39.3925,-101.0689,161
34.7292,-98.5694,239
36.0147,-85.1314,128
35.5483,-98.0364,200
44.6342,-123.1900,167
38.7386,-87.4878,167
36.2633,-98.4975,239
38.5350,-121.7761,289
40.8142,-85.1547,194
36.4231,-99.4167,206
35.1489,-98.4658,211
30.5467,-87.8808,244
36.7081,-98.7094,211
35.5914,-99.2706,206
35.5419,-97.3414,206
31.3706,-100.4942,200
36.3925,-89.0317,206
63.9033,-152.2817,6
33.2422,-103.3611,167
36.4711,-86.8414,200
35.2006,-103.6867,167
36.1903,-99.0403,206
34.7986,-96.6692,206
34.0356,-96.9433,222
63.9647,-145.1050,0
34.3325,-96.6789,222
40.7833,-81.9167,128
41.4439,-86.9294,189
36.3558,-97.1531,200
34.5989,-103.2161,178
34.7392,-90.7664,183
39.3669,-101.7000,133
35.1297,-89.8036,178
35.3736,-83.7006,139
39.4708,-87.4081,178
34.5658,-96.9503,206
34.8494,-97.0031,222
41.1453,-85.4897,139
34.9819,-97.5208,211
39.7194,-76.8028,228
34.8358,-99.4239,261
35.4139,-86.8086,156
35.6872,-90.0964,150
36.0642,-97.2128,206
43.2828,-123.3536,144
29.6211,-96.3661,267
44.9847,-93.1772,161
40.9361,-90.7197,194
38.9422,-92.3200,183
31.4269,-94.8942,172
36.5994,-89.9894,150
35.5461,-99.7278,206
33.9208,-96.3203,233
44.2394,-95.3153,156
39.8058,-90.8236,167
36.0908,-106.0567,156
35.0322,-97.9144,211
34.5872,-99.3381,211
36.1472,-97.2858,217
36.1056,-82.8436,189
31.0383,-85.8708,261
32.8986,-80.0403,228
34.6089,-96.3331,211
33.8103,-91.2778,167
35.8417,-98.5261,211
41.6661,-111.8914,144
36.6897,-108.3086,217
33.8936,-97.2692,228
36.0719,-99.9031,222
42.1397,-87.7853,156
34.1922,-97.0858,228
35.4842,-98.4814,222
32.4219,-93.6381,228
31.8769,-105.2369,244
35.8489,-97.4797,206
35.4017,-99.0583,217
35.9328,-88.7267,178
34.8219,-89.4347,156
37.3822,-102.2986,89
44.0708,-93.5264,156
36.7481,-98.3628,222
34.2281,-97.2014,217
34.1936,-97.5881,222
