32.5667,-117.1167,19
36.3200,-115.7000,8
40.2342,-85.3936,26
30.0494,-90.0289,42
43.9906,-70.9475,6
45.6194,-121.1661,14
35.2333,-101.7089,19
34.2622,-88.7714,16
32.3367,-90.2214,19
32.6500,-114.6167,12
37.1431,-107.7597,17
37.4389,-105.8614,22
30.0481,-102.2131,33
34.2675,-77.8997,59
45.2486,-122.7686,12
46.7708,-100.7603,23
34.2008,-119.2069,22
35.2372,-120.6414,17
28.8208,-81.8097,34
43.0661,-108.4767,31
60.7850,-161.8292,47
64.7767,-141.1483,6
41.6117,-90.5808,29
37.2253,-89.5706,13
38.8169,-92.2183,22
27.4981,-80.3767,13
40.4122,-86.9369,33
38.9286,-90.4281,13
34.8822,-95.7831,17
35.0169,-80.6206,49
38.3000,-76.4167,45
36.2117,-115.1958,18
41.3461,-82.1794,20
40.9781,-124.1086,22
46.7994,-102.7972,44
36.7200,-106.2600,13
37.7461,-97.2211,30
41.7806,-122.4717,17
33.0375,-116.9158,17
42.8153,-108.7261,29
34.9883,-117.8647,11
38.6644,-94.8900,9
32.5722,-116.9794,16
36.0097,-94.1694,5
42.5950,-87.9381,31
43.8000,-114.8500,6
39.6014,-116.0056,38
47.2856,-68.3133,40
34.1750,-91.9347,19
43.0206,-102.5183,27
39.7333,-77.4333,5
44.4683,-73.1500,29
41.8833,-91.7167,30
39.8233,-93.5792,12
43.5164,-112.0672,15
36.0394,-95.9844,9
29.7333,-85.0333,33
34.4258,-119.8425,21
43.9922,-76.0217,31
41.6764,-70.9583,24
44.1278,-123.2206,18
42.2333,-83.5333,31
31.3214,-85.4497,34
38.3794,-81.5900,10
37.9050,-93.3169,13
46.9208,-114.0925,6
36.7414,-104.5022,47
41.2531,-70.0608,48
44.2558,-121.1392,23
41.5272,-85.7922,27
31.3558,-85.7511,26
44.3592,-89.8369,27
37.3278,-95.5042,13
41.6264,-80.2150,22
60.1283,-149.4167,58
43.9658,-107.9508,22
42.2667,-84.4667,26
35.1442,-111.6664,21
61.2169,-149.8550,10
40.0397,-88.2778,28
64.5500,-149.0717,17
26.2500,-80.1083,26
36.9839,-77.0075,26
48.4608,-119.5167,29
40.0681,-118.5692,16
21.4500,-157.7833,48
38.8761,-98.8092,52
30.0675,-95.5561,15
44.3394,-105.5419,34
41.0089,-74.7367,12
34.0511,-118.2353,4
37.9272,-100.7247,31
39.3792,-74.4242,36
26.5361,-81.7550,20
39.8447,-89.6839,19
37.2839,-98.5528,28
39.5703,-104.8489,24
64.3267,-158.7417,8
40.4847,-80.2144,26
30.5892,-96.3647,21
43.7600,-116.1000,11
44.7694,-106.9689,16
44.0511,-101.6011,27
40.7789,-73.9692,19
44.5344,-72.6144,10
34.9894,-99.0525,40
35.3889,-97.6006,31
35.4344,-119.0542,18
33.9786,-98.4928,30
39.0725,-95.6261,22
36.3189,-119.6289,12
35.7700,-105.7800,7
36.5100,-106.3200,161
41.8161,-80.4250,0
40.6825,-74.1694,32
40.0803,-95.5919,37
27.7839,-97.5108,32
41.9097,-70.7294,26
46.7439,-117.1086,22
42.9486,-78.7369,33
37.9917,-122.0550,15
42.6958,-73.1708,5
29.3389,-98.4719,19
42.6425,-77.0564,12
42.7431,-73.8092,27
42.0647,-104.1528,30
28.4339,-81.3250,31
44.3814,-100.2856,38
41.1519,-104.8061,32
42.3200,-120.8300,15
44.3853,-74.2067,21
33.6267,-116.1594,17
37.6542,-122.1150,13
40.4422,-109.5144,16
34.0500,-94.4008,11
41.6686,-70.2800,26
38.3650,-82.5550,15
33.6228,-111.9106,10
41.1583,-73.1289,37
33.6361,-91.7556,9
59.7494,-154.9089,28
39.4519,-87.3089,21
36.7800,-119.7194,19
42.7900,-121.9800,0
40.3000,-111.2600,12
37.0911,-95.5664,19
30.0375,-91.8839,26
42.9550,-87.9044,23
42.1469,-121.7242,11
32.3542,-95.4025,20
39.9369,-91.1919,28
41.4525,-87.0058,26
37.7214,-122.2208,20
42.9667,-83.7494,24
37.2833,-102.6139,21
45.7728,-122.8611,14
40.8764,-74.2831,15
34.6517,-112.4208,26
36.0969,-79.9433,54
33.8117,-78.7239,55
33.1783,-86.7817,13
37.5050,-77.3203,40
45.0717,-83.5644,18
45.6689,-96.9914,20
38.9408,-77.4636,25
42.8939,-85.5447,31
42.5519,-71.7558,15
32.5428,-93.7450,11
41.2639,-72.8872,36
34.2006,-118.3575,14
58.6794,-156.6294,13
62.3200,-150.0950,9
47.5303,-122.3008,21
38.5050,-107.8975,34
45.4558,-98.4131,29
45.5511,-122.4089,8
42.1094,-77.9919,18
41.6328,-91.5431,22
43.7600,-115.2400,11
33.2119,-87.6161,19
46.9253,-96.8111,15
46.1569,-123.8825,29
34.9869,-81.0575,34
40.8436,-72.6322,31
41.0731,-71.9233,27
41.3375,-84.4289,26
39.3669,-101.7000,27
36.3333,-119.9500,28
39.9444,-81.8922,19
33.4050,-118.4158,20
34.6294,-118.0836,20
34.4272,-100.2831,32
31.4208,-110.8458,16
37.3031,-108.6275,31
39.2292,-106.3169,22
44.5483,-95.0803,29
29.7036,-98.0281,24
33.8750,-84.3022,26
40.8217,-72.8689,16
42.5544,-92.4011,33
36.1189,-86.6892,13
39.1900,-120.2600,24
32.6847,-83.6528,40
42.4092,-83.0100,30
36.6239,-87.4194,15
48.5428,-109.7633,22
32.2622,-107.7206,51
40.8203,-82.5178,31
31.3711,-100.4922,30
35.6169,-106.0889,46
30.3208,-97.7603,8
40.0489,-107.8853,19
41.5944,-109.0528,18
35.5931,-88.9167,6
42.7611,-87.8136,27
41.5631,-83.4764,28
47.4444,-122.3139,25
46.0947,-118.2869,22
39.3450,-81.4392,13
32.3500,-91.0278,18
32.9733,-97.3181,11
27.5333,-99.4667,26
30.7797,-86.5225,26
38.6956,-121.5897,16
48.0944,-105.5744,25
33.9519,-117.4386,16
48.2553,-101.2733,35
41.4333,-99.6333,63
38.8000,-97.6500,51
71.2833,-156.7814,77
31.3347,-92.5586,15
29.6381,-95.2819,23
45.0133,-84.7014,13
42.7461,-86.0967,24
40.1519,-122.2536,22
33.5656,-86.7450,24
27.9106,-82.6875,27
42.1128,-92.9175,37
37.3711,-118.3581,38
30.4781,-87.1869,30
29.1097,-95.4619,21
40.1203,-76.2944,17
43.4075,-94.7461,32
44.6381,-90.1875,29
30.6794,-88.2397,36
32.7667,-97.4500,15
38.4167,-113.0167,23
46.4167,-86.6500,19
33.9381,-118.3889,24
47.9078,-122.2803,41
40.7794,-73.8803,36
32.7336,-117.1831,13
38.7642,-87.6056,29
45.8183,-88.1144,12
66.9161,-151.5089,14
37.7086,-113.0944,20
40.2064,-100.5914,38
39.3600,-106.0600,8
46.4267,-105.8825,26
35.8922,-78.7819,41
36.0167,-102.5500,23
38.1811,-85.7392,28
26.0719,-80.1536,28
40.6331,-93.9019,29
33.6800,-117.8664,17
41.5333,-71.2833,30
36.2500,-115.6300,14
28.4736,-82.4544,21
17.7028,-64.8056,29
48.5222,-123.0231,9
40.6161,-83.0636,30
38.8853,-79.8528,9
39.4019,-77.9844,13
42.4167,-87.8667,25
70.6392,-159.9950,68
29.1828,-81.0483,42
43.1406,-89.3453,18
37.2958,-81.2078,29
32.3336,-104.2581,30
25.7906,-80.3164,29
26.9172,-81.9914,21
32.8342,-115.5786,16
34.7442,-87.5997,10
33.4669,-82.0386,42
39.1667,-76.6833,27
35.9333,-79.0642,37
45.1947,-123.1339,13
18.3331,-64.9667,33
41.8678,-84.0794,31
44.3675,-71.5450,11
41.1078,-92.4467,30
36.1625,-97.0894,22
47.9375,-124.5550,18
41.1214,-100.6694,47
24.5550,-81.7522,29
43.7700,-88.4864,20
39.2900,-117.1100,11
46.0261,-91.4442,21
28.8614,-96.9303,26
45.5433,-94.0514,20
41.5175,-81.6836,35
40.4719,-81.4236,14
24.5833,-81.6833,28
40.6508,-75.4492,21
41.5092,-74.2650,17
32.8519,-96.8556,22
36.8167,-76.0333,76
18.2550,-65.6408,17
38.8100,-104.6883,36
34.1853,-79.7239,58
41.2433,-76.9217,11
25.9069,-80.2803,23
47.0492,-109.4578,38
36.7683,-96.0261,8
31.4156,-87.0442,24
42.3075,-85.2511,22
43.5331,-84.0797,32
36.9878,-120.1106,17
41.1389,-75.3794,26
38.7550,-109.7542,20
40.2383,-75.5572,11
35.5144,-108.7939,25
33.9706,-80.9958,23
34.2167,-119.0833,21
48.2138,-106.6213,45
48.1203,-123.4983,12
35.2236,-80.9553,46
26.1522,-81.7753,18
44.5169,-108.0822,13
38.6572,-90.6558,7
47.9742,-117.4283,17
39.3756,-99.8297,40
38.8983,-119.9947,18
31.9433,-102.1889,36
34.2900,-93.0600,14
32.8167,-115.6833,18
28.0622,-81.7542,27
44.8428,-117.8086,12
39.7556,-82.6572,19
30.4000,-81.4167,49
35.2578,-93.0947,5
18.4325,-66.0108,15
34.6439,-86.7861,24
31.6072,-110.4281,48
37.2622,-104.3378,38
40.2769,-74.8158,30
36.8600,-106.2300,332
42.0800,-80.1825,29
63.9944,-145.7214,18
47.3258,-106.9475,15
46.5486,-90.9189,15
55.5800,-133.0750,29
46.8706,-68.0172,31
32.8158,-117.1394,18
47.4933,-122.2144,24
30.1831,-97.6800,16
35.1822,-103.6031,24
40.8289,-115.7886,15
33.3644,-81.9633,43
39.4781,-88.2803,16
21.3167,-158.0667,25
43.3500,-73.6167,25
59.4556,-135.3239,28
30.9119,-102.9167,38
39.1258,-123.2008,8
37.7064,-112.1456,29
44.9047,-97.1494,34
45.5464,-100.4078,26
40.1667,-103.2167,40
43.1711,-86.2367,27
33.7792,-84.5214,28
60.7850,-148.8389,22
31.8606,-86.0122,33
45.0319,-102.0192,30
31.6189,-97.2283,25
35.5342,-97.6469,21
43.8789,-91.2528,27
13.4836,144.7961,22
47.2675,-122.5761,18
34.8831,-82.2203,55
44.3981,-98.2231,44
31.8311,-104.8089,92
47.6831,-117.3214,10
47.3078,-119.5153,26
39.1333,-86.6167,12
35.8550,-77.8931,54
40.7833,-91.1253,24
35.0028,-105.6628,54
39.9181,-76.8742,12
67.7317,-164.5483,118
39.6428,-79.9164,19
30.6264,-88.0681,46
40.5175,-122.2986,9
36.6206,-116.0278,19
30.3975,-84.3289,30
42.8375,-103.0953,24
28.7247,-96.2536,33
46.0139,-102.6547,38
45.9647,-112.5006,19
46.2400,-117.3900,6
37.2353,-93.4003,23
38.3083,-75.1239,58
42.8914,-73.2469,9
38.0442,-87.5206,18
19.7192,-155.0531,27
30.5069,-86.9597,29
39.7075,-86.2803,29
37.1319,-76.4930,58
39.6728,-75.6008,35
26.1839,-98.2539,28
44.7408,-85.5825,12
41.7361,-72.6506,22
38.3306,-96.1897,31
22.0333,-159.7833,22
48.6033,-112.3753,24
43.4133,-124.2436,22
36.2967,-99.7689,40
34.2719,-83.8303,43
41.8706,-103.5931,33
43.8339,-111.8045,17
39.8344,-88.8656,26
39.8328,-104.6575,33
42.2706,-71.8731,31
37.6928,-121.8144,10
42.1928,-89.0931,28
44.2100,-110.6700,13
37.0683,-88.7719,12
39.5936,-84.2264,30
44.0433,-103.0536,22
41.2003,-74.6231,15
33.4964,-90.0867,14
41.4131,-81.8600,29
37.1467,-94.5022,18
32.6261,-116.4681,33
36.1994,-95.8872,19
39.1033,-84.4189,8
57.1553,-170.2222,71
45.0800,-117.5500,3
40.6675,-89.6839,26
46.8369,-92.2097,34
40.1764,-80.6472,34
30.7044,-87.0231,38
37.6544,-97.4425,35
37.7081,-77.4344,16
32.7817,-98.0603,17
44.7900,-116.0900,9
39.4900,-121.6183,10
46.9258,-98.6692,18
31.5358,-82.5067,30
34.9000,-76.8833,54
42.8050,-72.0036,2
41.7219,-71.4325,35
35.0564,-89.9864,20
35.3331,-94.3625,19
41.3931,-70.6150,33
44.4983,-88.1111,19
36.6636,-121.6081,24
39.3667,-75.0667,30
55.0389,-131.5786,0
37.0872,-84.0769,18
34.0158,-118.4514,17
29.9506,-94.0206,27
31.3928,-92.2956,11
41.5097,-72.8278,17
42.5906,-117.8644,21
32.4833,-80.7167,46
41.6875,-69.9933,26
27.6531,-80.2428,20
30.8458,-85.6014,21
43.1544,-93.3269,28
37.6242,-120.9506,23
34.7000,-77.3833,61
38.1386,-78.4530,22
41.9950,-87.9336,25
26.2281,-97.6542,31
29.3783,-100.9269,31
35.9403,-89.8308,24
33.8117,-118.1464,18
38.4000,-119.5400,15
34.4978,-82.7097,42
39.5781,-85.8033,28
46.1442,-115.5964,11
40.5100,-101.6200,39
70.1917,-148.4772,34
44.1708,-114.9272,15
41.3119,-105.6747,35
43.2781,-70.9222,20
42.4819,-114.4869,40
30.3489,-85.7881,31
59.4433,-151.7017,11
32.5156,-92.0406,17
33.2367,-107.2681,56
32.6808,-96.8681,19
30.3433,-89.8222,18
37.7608,-99.9683,37
42.7803,-84.5789,22
40.6239,-74.6694,17
31.8456,-86.6108,31
32.7100,-96.2672,23
42.5417,-113.7661,28
35.0678,-77.0481,58
38.0494,-103.5122,23
30.8356,-85.1839,30
44.0206,-117.0128,16
38.2900,-104.4983,25
55.3567,-131.7117,41
59.2433,-135.5094,31
41.0375,-81.4642,21
29.9933,-90.2511,34
36.9358,-121.7886,20
39.3644,-84.5247,13
38.5911,-92.1558,11
47.0339,-120.5303,19
45.8258,-119.2611,14
47.4667,-87.8833,20
30.7406,-98.2353,21
31.4583,-109.6061,34
36.7436,-108.2292,27
48.7939,-122.5372,10
38.9597,-94.3714,26
39.5514,-97.6508,54
34.3622,-98.9761,42
39.2231,-106.8683,29
15.1167,145.7167,16
47.2078,-119.3192,22
40.8097,-124.1603,12
41.6236,-98.9517,61
39.8683,-75.2311,32
38.2281,-85.6636,23
41.1014,-102.9847,39
46.1236,-67.7928,22
40.7083,-84.0267,33
40.8500,-74.0614,18
44.3744,-70.3164,9
38.5000,-77.3000,40
34.8536,-116.7858,41
32.8978,-97.0189,18
39.1894,-103.7158,32
36.6950,-76.1356,56
33.1281,-117.2794,12
31.1500,-92.9667,6
35.4111,-80.5833,22
29.6333,-83.1053,34
42.9203,-112.5711,26
35.9200,-106.3900,7
43.7694,-87.8506,21
43.6497,-70.3003,23
36.5881,-121.8453,12
30.5108,-99.7664,22
48.7200,-116.4600,11
47.3000,-121.6000,4
31.1828,-90.4708,14
41.7781,-80.6958,17
32.5500,-88.5667,17
34.5467,-93.5781,4
37.6703,-95.4842,27
35.9508,-85.0814,12
35.2578,-113.9331,27
45.6478,-68.6925,18
34.7336,-76.6606,54
28.5453,-81.3331,30
43.1561,-90.6775,12
41.4000,-107.2600,9
26.5850,-81.8614,15
41.7419,-72.1836,18
56.6000,-169.5650,58
38.7667,-104.3000,32
41.9922,-93.6217,25
43.1111,-76.1039,11
35.7425,-81.3819,31
34.7436,-118.7242,32
33.3075,-104.5083,36
34.8994,-120.4486,19
42.6003,-123.3642,26
33.8281,-116.5053,32
48.7167,-94.6000,27
41.5339,-93.6531,39
42.3811,-122.8722,11
40.4953,-107.5211,9
47.4733,-111.3822,27
39.4839,-119.7711,12
46.9733,-122.9033,18
38.5714,-90.1572,7
47.3864,-92.8389,17
45.8678,-95.3942,26
42.2228,-83.7444,21
42.1244,-86.4267,18
37.3208,-79.2067,47
41.9856,-97.4353,51
39.2775,-120.7103,18
46.5683,-120.5428,21
43.9636,-69.7117,10
35.6575,-109.0614,19
35.1350,-90.2344,15
35.4319,-82.5375,13
30.7439,-95.5861,12
36.1900,-105.5600,8
39.0083,-95.2117,22
34.7675,-114.6189,18
39.8250,-86.2958,17
44.6500,-73.4667,36
55.2208,-162.7325,83
34.2097,-118.4892,12
41.4914,-120.5644,12
30.3567,-95.4139,18
33.4617,-80.8581,49
44.8831,-93.2289,29
47.9428,-97.1839,21
38.8317,-94.8897,31
38.8483,-77.0342,35
31.2819,-89.2531,17
43.6264,-72.3047,11
34.6719,-82.8864,37
44.9050,-123.0011,14
32.5161,-84.9422,29
41.3714,-73.4828,17
36.9647,-86.4239,17
58.3567,-134.5639,22
29.6919,-82.2756,35
39.1208,-94.5969,25
26.1658,-97.3458,38
38.0408,-84.6058,35
36.9261,-111.4478,17
29.2733,-94.8592,39
39.5264,-107.7264,14
35.8311,-90.6464,23
41.9144,-88.2464,27
41.8756,-71.0211,13
46.4047,-94.1308,13
42.3978,-90.7036,30
27.4014,-82.5586,28
37.5908,-83.3131,5
34.1167,-119.1167,31
35.2100,-99.1200,40
33.4825,-90.9853,20
35.6567,-95.3614,20
44.8322,-93.4706,27
34.9914,-78.8803,56
35.2325,-75.6219,43
45.5644,-84.7928,19
61.1689,-150.0278,17
47.7472,-90.3444,39
29.9800,-95.3600,22
32.2997,-86.4075,31
34.7272,-92.2389,12
42.6650,-83.4181,28
36.2833,-94.3000,10
39.1342,-108.5400,36
33.5872,-85.8556,22
40.8300,-111.7600,14
30.4844,-81.7019,43
38.1847,-84.9033,18
43.2119,-90.1814,16
40.9017,-117.8081,21
33.8719,-117.9789,12
47.1686,-88.4889,40
40.0819,-75.0111,31
41.5886,-83.8014,29
36.0300,-106.8100,6
43.3497,-76.3847,17
40.8731,-81.8867,20
39.0431,-84.6717,28
25.9989,-80.2411,20
36.0700,-105.6300,8
36.7367,-97.1019,24
31.3500,-85.6667,38
39.4203,-83.8217,32
41.8056,-107.1997,17
38.0511,-117.0903,44
43.1167,-77.6767,28
34.7917,-79.3661,63
42.8975,-106.4636,23
48.5614,-93.3981,21
32.1314,-110.9553,24
26.1969,-80.1708,22
36.6817,-101.5053,17
34.8461,-82.3461,57
45.6983,-110.4408,30
36.0236,-84.2375,11
41.7072,-86.3164,24
44.5761,-71.1786,13
30.7825,-83.2767,35
27.7628,-82.6261,30
33.6542,-101.8136,27
37.1681,-97.0369,19
43.1953,-71.5011,10
30.2050,-91.9875,15
26.6847,-80.0994,23
31.0425,-86.3117,30
30.5372,-91.1469,23
43.1644,-95.2017,44
62.9614,-141.9292,9
42.3914,-96.3792,64
57.0481,-135.3647,17
42.9333,-71.4383,21
46.3583,-104.2500,30
45.8069,-108.5422,27
39.9492,-74.8417,13
41.7803,-124.2367,17
33.4536,-94.0075,20
47.6458,-101.4394,40
45.6044,-103.5464,43
30.5844,-97.4156,0
42.5700,-72.2911,9
60.4889,-145.4511,7
35.0281,-110.7208,14
20.8997,-156.4286,72
45.4622,-69.5953,33
40.9706,-85.2064,34
32.6636,-97.0939,13
33.9486,-81.1186,41
31.2361,-94.7544,15
42.4933,-79.2722,26
40.0781,-83.0781,34
40.1936,-76.7633,24
44.3592,-84.6739,22
62.1592,-145.4589,7
66.8667,-162.6333,98
36.2667,-93.1567,9
57.7511,-152.4856,22
32.3347,-88.7442,20
42.5844,-110.1075,22
60.5797,-151.2392,13
46.2667,-119.1167,15
39.4167,-118.7167,22
42.4700,-71.2894,19
38.2103,-122.2847,21
33.9753,-117.6361,25
44.5228,-114.2150,8
37.4058,-122.0481,18
32.0311,-96.3989,18
40.6386,-73.7622,34
39.1353,-96.6778,33
62.9575,-155.6103,16
33.3633,-84.5658,17
41.6267,-73.8842,14
35.6875,-117.6931,16
34.5183,-109.3792,29
41.1783,-78.8989,26
46.6056,-111.9636,11
37.3169,-79.9742,31
42.0572,-102.8000,35
45.5406,-122.9486,10
38.6892,-75.3592,40
32.4106,-99.6822,32
28.4567,-99.2183,26
40.0972,-92.5433,28
41.3103,-95.8992,57
42.1208,-87.9047,18
38.9833,-76.4667,26
47.4569,-115.6450,23
34.6081,-79.0592,57
42.8783,-100.5500,48
41.7700,-88.4814,27
38.9503,-95.6639,21
36.2606,-76.1750,83
32.8547,-109.6353,20
27.9619,-82.5403,23
36.9600,-106.6600,18
36.9500,-76.2833,69
36.1306,-80.5481,0
29.5442,-98.4839,25
32.4506,-93.8411,22
31.5883,-110.3442,22
21.3239,-157.9294,47
37.8892,-121.2258,20
41.4653,-90.5233,26
36.7900,-105.2400,3
40.7342,-73.4169,32
41.9381,-72.6825,23
36.7725,-90.3247,20
33.1803,-96.5903,13
43.5950,-118.9564,18
59.5119,-139.6711,10
39.7736,-94.9233,30
33.4278,-112.0039,21
45.0619,-93.3508,17
34.7411,-118.2117,17
33.2208,-92.8142,18
32.3206,-90.0778,18
40.8206,-76.8642,12
33.9228,-118.3342,19
36.8781,-91.9025,11
30.1250,-93.2158,26
39.2447,-102.2842,34
34.0561,-117.6003,24
19.7356,-156.0489,33
43.2389,-123.3547,15
29.3331,-89.4075,36
35.6950,-101.3950,15
47.3600,-121.5700,1
44.8889,-116.1017,12
42.1594,-76.8919,17
39.1019,-121.5678,10
41.3325,-122.3328,4
31.5356,-84.1944,36
42.7172,-71.1239,17
34.7500,-111.4100,364
40.0228,-82.4625,19
44.3814,-106.7211,36
43.9042,-92.4917,37
42.1908,-71.1736,18
44.2033,-72.5794,16
39.4300,-120.3100,7
42.7972,-105.3856,26
36.0000,-106.8300,4
66.0689,-162.7639,89
41.2731,-111.0306,28
29.5189,-95.2417,22
39.7078,-77.7297,22
45.6308,-89.4653,18
40.9167,-81.4333,37
35.9461,-112.1547,26
38.3406,-75.5103,36
47.6217,-117.5281,23
31.8111,-106.3758,34
41.3275,-72.0494,37
41.0669,-73.7075,25
41.7872,-111.8533,15
21.1544,-157.0961,52
47.2381,-123.1408,25
37.3592,-121.9239,21
38.7525,-90.3736,12
45.5114,-118.4247,2
42.4272,-73.2892,9
38.0700,-102.6881,21
43.9844,-88.5569,21
34.6525,-86.9453,14
32.8192,-97.3614,22
33.2194,-117.3494,20
40.5300,-106.7800,7
44.9319,-93.0556,20
40.3161,-78.8339,26
42.2314,-83.3308,28
35.6697,-120.6283,17
41.2544,-80.6739,32
38.1311,-91.7683,22
61.5961,-149.0917,13
38.0653,-97.8606,32
43.5667,-116.2406,24
64.5111,-165.4400,47
30.3361,-81.5147,43
35.0419,-106.6156,47
21.9839,-159.3405,65
41.0467,-78.4117,24
36.3100,-115.6800,2
40.6044,-98.4272,43
41.3336,-75.7269,21
42.5708,-77.7133,17
61.1781,-149.9664,12
32.7000,-117.2000,18
37.7836,-81.1231,32
28.1011,-80.6439,31
31.7800,-103.2017,37
39.8000,-106.0300,10
31.9206,-102.3867,39
25.6475,-80.4331,22
42.1997,-75.9850,25
39.9914,-82.8808,26
42.1578,-72.7161,26
32.3847,-94.7117,15
36.9900,-105.2600,4
36.9033,-76.1922,76
33.6186,-114.7142,14
40.3667,-75.9667,16
47.3978,-120.2014,16
47.6800,-121.6100,4
45.7881,-111.1608,16
27.7411,-98.0247,24
35.8517,-97.4142,24
32.1300,-81.2100,45
64.8039,-147.8761,20
40.3547,-79.9217,26
35.1967,-81.1558,43
29.3600,-99.1742,30
36.4486,-103.1539,34
27.5000,-97.8167,27
33.2061,-97.1989,18
43.7331,-103.6114,22
30.7167,-87.0167,27
38.8500,-94.7392,27
41.1961,-112.0114,30
40.3300,-75.1225,16
30.2333,-81.6667,58
41.3497,-71.7989,22
41.7861,-87.7522,27
44.7978,-68.8186,36
40.2172,-76.8514,22
27.6833,-97.2833,40
48.3042,-114.2636,11
33.6300,-84.4417,53
42.5842,-70.9175,28
30.4119,-89.0808,26
43.3436,-72.5178,7
44.0219,-82.7931,38
44.3206,-69.7972,25
36.4731,-82.4044,13
48.3500,-122.6667,30
40.2964,-78.3203,12
38.7042,-93.1833,24
33.9481,-83.3275,35
37.6197,-122.3647,39
70.2117,-151.0017,39
38.3775,-121.9575,6
33.6883,-112.0817,21
30.4000,-86.4717,33
34.5583,-98.4172,26
32.8667,-117.1333,17
36.5728,-79.3361,49
40.8508,-96.7475,51
37.2847,-120.5128,18
38.5039,-122.8103,14
40.9611,-98.3136,59
43.7667,-98.0333,42
31.4000,-93.2833,11
45.6906,-118.8528,28
45.6208,-122.6572,11
37.7797,-89.2497,11
34.3478,-85.1611,14
48.1739,-103.6367,20
43.2339,-75.4117,11
37.9406,-75.4631,62
44.9258,-89.6256,25
44.3800,-116.3400,12
39.6092,-110.7547,27
32.8986,-80.0403,51
30.4636,-88.5319,20
39.3100,-111.4300,25
42.3606,-71.0106,38
46.4794,-84.3572,24
29.6222,-95.6564,25
42.9600,-121.1800,6
39.2956,-80.2289,18
28.0836,-97.0464,40
42.2347,-85.5519,11
35.6542,-105.1419,50
39.2972,-94.7306,34
36.0719,-115.1633,20
45.5908,-122.6003,16
46.9006,-95.0678,16
36.1336,-80.2222,46
28.7797,-81.2436,35
35.7800,-105.5400,4
43.1072,-78.9453,24
40.7781,-111.9694,32
41.7636,-96.1778,52
34.1231,-84.8486,19
36.3689,-92.4703,7
38.5069,-121.4950,13
44.8664,-91.4878,28
43.0303,-78.1692,36
43.5878,-96.7289,56
24.7258,-81.0517,26
39.2953,-114.8467,41
42.7267,-114.4564,42
39.4494,-74.5672,34
45.2575,-112.5545,28
46.3747,-117.0156,14
39.9061,-84.2186,35
38.1417,-76.4292,33
44.5444,-110.4211,13
34.2486,-82.1592,46
40.7939,-73.1017,36
35.0311,-85.2014,13
41.8031,-78.6403,21
59.6419,-151.4908,9
41.0136,-83.6686,38
46.9728,-123.9303,36
44.9358,-74.8458,26
35.8181,-83.9858,21
31.1522,-81.3908,48
36.0467,-79.4769,43
