32.5667,-117.1167,32
36.3200,-115.7000,4
40.2342,-85.3936,40
30.0494,-90.0289,26
43.9906,-70.9475,26
45.6194,-121.1661,9
47.2767,-121.3372,24
35.2333,-101.7089,57
34.2622,-88.7714,50
32.3367,-90.2214,25
32.6500,-114.6167,44
37.1431,-107.7597,17
37.4389,-105.8614,27
30.0481,-102.2131,29
34.2675,-77.8997,27
45.2486,-122.7686,11
46.7708,-100.7603,18
34.2008,-119.2069,30
35.2372,-120.6414,34
28.8208,-81.8097,25
43.0661,-108.4767,26
60.7850,-161.8292,71
64.7767,-141.1483,1
41.6117,-90.5808,44
37.2253,-89.5706,37
38.8169,-92.2183,43
27.4981,-80.3767,29
40.4122,-86.9369,35
38.9286,-90.4281,43
34.8822,-95.7831,37
35.0169,-80.6206,30
38.3000,-76.4167,36
36.2117,-115.1958,58
41.3461,-82.1794,43
40.9781,-124.1086,14
46.7994,-102.7972,38
36.7200,-106.2600,4
37.7461,-97.2211,31
41.7806,-122.4717,21
33.0375,-116.9158,26
42.8153,-108.7261,17
34.9883,-117.8647,31
32.5722,-116.9794,20
36.0097,-94.1694,23
42.5950,-87.9381,42
43.8000,-114.8500,5
39.6014,-116.0056,31
47.2856,-68.3133,45
34.1750,-91.9347,49
43.0206,-102.5183,37
39.7333,-77.4333,15
44.4683,-73.1500,35
41.8833,-91.7167,53
39.8233,-93.5792,14
43.5164,-112.0672,21
36.0394,-95.9844,42
29.7333,-85.0333,18
34.4258,-119.8425,26
43.9922,-76.0217,39
41.6764,-70.9583,26
44.1278,-123.2206,14
42.2333,-83.5333,53
31.3214,-85.4497,24
38.3794,-81.5900,21
46.9208,-114.0925,5
36.7414,-104.5022,37
41.2531,-70.0608,51
44.2558,-121.1392,22
41.5272,-85.7922,36
44.3592,-89.8369,41
37.3278,-95.5042,24
41.6264,-80.2150,30
60.1283,-149.4167,22
43.9658,-107.9508,10
42.2667,-84.4667,34
35.1442,-111.6664,27
61.2169,-149.8550,15
40.0397,-88.2778,41
64.5500,-149.0717,13
26.2500,-80.1083,57
36.9839,-77.0075,5
48.4608,-119.5167,37
40.0681,-118.5692,25
21.4500,-157.7833,40
38.8761,-98.8092,34
30.0675,-95.5561,17
44.3394,-105.5419,45
41.0089,-74.7367,13
34.0511,-118.2353,6
37.9272,-100.7247,55
39.3792,-74.4242,38
26.5361,-81.7550,46
39.8447,-89.6839,44
37.2839,-98.5528,34
39.5703,-104.8489,43
64.3267,-158.7417,61
40.4847,-80.2144,39
30.5892,-96.3647,22
44.7694,-106.9689,10
44.0511,-101.6011,44
40.7789,-73.9692,24
44.5344,-72.6144,26
34.9894,-99.0525,69
35.3889,-97.6006,67
35.4344,-119.0542,19
33.9786,-98.4928,70
39.0725,-95.6261,13
36.3189,-119.6289,12
35.7700,-105.7800,1
36.5100,-106.3200,236
40.6825,-74.1694,44
40.0803,-95.5919,24
27.7839,-97.5108,47
41.9097,-70.7294,29
46.7439,-117.1086,18
42.9486,-78.7369,48
37.9917,-122.0550,35
42.6958,-73.1708,22
29.3389,-98.4719,28
42.6425,-77.0564,39
42.7431,-73.8092,33
42.0647,-104.1528,34
28.4339,-81.3250,30
44.3814,-100.2856,34
41.1519,-104.8061,37
42.3200,-120.8300,8
44.3853,-74.2067,26
33.6267,-116.1594,26
37.6542,-122.1150,33
40.4422,-109.5144,17
34.0500,-94.4008,27
41.6686,-70.2800,32
38.3650,-82.5550,26
33.6228,-111.9106,28
41.1583,-73.1289,41
33.6361,-91.7556,37
59.7494,-154.9089,18
39.4519,-87.3089,32
36.7800,-119.7194,20
42.7900,-121.9800,2
40.3000,-111.2600,13
37.0911,-95.5664,37
30.0375,-91.8839,35
42.9550,-87.9044,47
42.1469,-121.7242,21
32.3542,-95.4025,32
39.9369,-91.1919,49
41.4525,-87.0058,31
37.7214,-122.2208,39
42.9667,-83.7494,43
37.2833,-102.6139,67
45.7728,-122.8611,5
40.8764,-74.2831,19
34.6517,-112.4208,28
36.0969,-79.9433,22
33.8117,-78.7239,34
33.1783,-86.7817,22
37.5050,-77.3203,13
45.0717,-83.5644,42
45.6689,-96.9914,27
38.9408,-77.4636,39
42.8939,-85.5447,43
42.5519,-71.7558,36
32.5428,-93.7450,26
41.2639,-72.8872,29
34.2006,-118.3575,16
58.6794,-156.6294,43
62.3200,-150.0950,16
47.5303,-122.3008,8
38.5050,-107.8975,30
45.4558,-98.4131,16
45.5511,-122.4089,37
42.1094,-77.9919,53
41.6328,-91.5431,50
43.7600,-115.2400,12
33.2119,-87.6161,30
46.9253,-96.8111,24
46.1569,-123.8825,15
34.9869,-81.0575,25
40.8436,-72.6322,37
41.0731,-71.9233,32
41.3375,-84.4289,32
39.3669,-101.7000,62
36.3333,-119.9500,17
39.9444,-81.8922,24
33.4050,-118.4158,27
34.6294,-118.0836,21
34.4272,-100.2831,47
31.4208,-110.8458,26
37.3031,-108.6275,39
39.2292,-106.3169,16
44.5483,-95.0803,34
29.7036,-98.0281,30
33.8750,-84.3022,32
40.8217,-72.8689,35
42.5544,-92.4011,47
36.1189,-86.6892,32
39.1900,-120.2600,15
32.6847,-83.6528,28
42.4092,-83.0100,37
36.6239,-87.4194,37
48.5428,-109.7633,31
32.2622,-107.7206,68
40.8203,-82.5178,40
31.3711,-100.4922,30
35.6169,-106.0889,37
30.3208,-97.7603,9
40.0489,-107.8853,13
41.5944,-109.0528,20
35.5931,-88.9167,39
42.7611,-87.8136,39
41.5631,-83.4764,47
47.4444,-122.3139,13
46.0947,-118.2869,22
39.3450,-81.4392,20
32.3500,-91.0278,43
32.9733,-97.3181,41
27.5333,-99.4667,31
30.7797,-86.5225,9
38.6956,-121.5897,22
48.0944,-105.5744,33
33.9519,-117.4386,21
48.2553,-101.2733,18
41.4333,-99.6333,26
38.8000,-97.6500,25
71.2833,-156.7814,34
31.3347,-92.5586,28
29.6381,-95.2819,22
45.0133,-84.7014,26
42.7461,-86.0967,34
40.1519,-122.2536,17
33.5656,-86.7450,28
27.9106,-82.6875,38
42.1128,-92.9175,47
37.3711,-118.3581,28
30.4781,-87.1869,24
29.1097,-95.4619,23
40.1203,-76.2944,40
43.4075,-94.7461,38
44.6381,-90.1875,49
30.6794,-88.2397,29
32.7667,-97.4500,44
38.4167,-113.0167,42
46.4167,-86.6500,75
33.9381,-118.3889,37
47.9078,-122.2803,18
40.7794,-73.8803,55
32.7336,-117.1831,29
38.7642,-87.6056,45
45.8183,-88.1144,47
66.9161,-151.5089,33
37.7086,-113.0944,37
40.2064,-100.5914,40
39.3600,-106.0600,9
46.4267,-105.8825,28
35.8922,-78.7819,10
36.0167,-102.5500,52
38.1811,-85.7392,42
26.0719,-80.1536,54
40.6331,-93.9019,38
33.6800,-117.8664,18
41.5333,-71.2833,31
36.2500,-115.6300,6
28.4736,-82.4544,14
17.7028,-64.8056,39
48.5222,-123.0231,10
40.6161,-83.0636,40
38.8853,-79.8528,25
39.4019,-77.9844,31
42.4167,-87.8667,30
70.6392,-159.9950,30
29.1828,-81.0483,13
43.1406,-89.3453,36
37.2958,-81.2078,34
32.3336,-104.2581,55
25.7906,-80.3164,38
26.9172,-81.9914,38
32.8342,-115.5786,24
31.9514,-85.1289,12
34.7442,-87.5997,26
33.4669,-82.0386,26
39.1667,-76.6833,30
35.9333,-79.0642,6
45.1947,-123.1339,16
18.3331,-64.9667,38
41.8678,-84.0794,42
44.3675,-71.5450,22
41.1078,-92.4467,55
36.1625,-97.0894,46
47.9375,-124.5550,15
41.1214,-100.6694,31
24.5550,-81.7522,38
43.7700,-88.4864,44
39.2900,-117.1100,13
46.0261,-91.4442,27
28.8614,-96.9303,34
45.5433,-94.0514,36
41.5175,-81.6836,85
40.4719,-81.4236,22
24.5833,-81.6833,50
40.6508,-75.4492,33
41.5092,-74.2650,31
32.8519,-96.8556,44
36.8167,-76.0333,27
18.2550,-65.6408,25
38.8100,-104.6883,48
34.1853,-79.7239,34
41.2433,-76.9217,38
25.9069,-80.2803,45
47.0492,-109.4578,30
36.7683,-96.0261,26
31.4156,-87.0442,16
42.3075,-85.2511,38
43.5331,-84.0797,51
36.9878,-120.1106,14
41.1389,-75.3794,47
38.7550,-109.7542,21
40.2383,-75.5572,19
35.5144,-108.7939,43
33.9706,-80.9958,15
34.2167,-119.0833,26
48.2138,-106.6213,60
48.1203,-123.4983,11
35.2236,-80.9553,21
26.1522,-81.7753,44
44.5169,-108.0822,10
38.6572,-90.6558,26
47.9742,-117.4283,39
39.3756,-99.8297,27
38.8983,-119.9947,12
31.9433,-102.1889,47
34.2900,-93.0600,40
32.8167,-115.6833,31
28.0622,-81.7542,31
44.8428,-117.8086,4
39.7556,-82.6572,30
30.4000,-81.4167,18
35.2578,-93.0947,24
18.4325,-66.0108,19
34.6439,-86.7861,38
31.6072,-110.4281,63
37.2622,-104.3378,37
40.2769,-74.8158,26
36.8600,-106.2300,356
42.0800,-80.1825,50
63.9944,-145.7214,86
47.3258,-106.9475,23
46.5486,-90.9189,38
55.5800,-133.0750,22
46.8706,-68.0172,31
32.8158,-117.1394,30
47.4933,-122.2144,9
30.1831,-97.6800,16
35.1822,-103.6031,34
40.8289,-115.7886,10
33.3644,-81.9633,28
39.4781,-88.2803,53
21.3167,-158.0667,19
43.3500,-73.6167,29
59.4556,-135.3239,4
30.9119,-102.9167,43
39.1258,-123.2008,14
37.7064,-112.1456,36
44.9047,-97.1494,20
45.5464,-100.4078,26
40.1667,-103.2167,76
43.1711,-86.2367,47
33.7792,-84.5214,22
60.7850,-148.8389,45
31.8606,-86.0122,23
45.0319,-102.0192,50
31.6189,-97.2283,34
35.5342,-97.6469,58
43.8789,-91.2528,60
13.4836,144.7961,101
47.2675,-122.5761,7
34.8831,-82.2203,27
44.3981,-98.2231,22
31.8311,-104.8089,151
47.6831,-117.3214,3
47.3078,-119.5153,32
39.1333,-86.6167,19
35.8550,-77.8931,12
40.7833,-91.1253,39
35.0028,-105.6628,67
39.9181,-76.8742,22
67.7317,-164.5483,33
39.6428,-79.9164,21
30.6264,-88.0681,24
40.5175,-122.2986,10
36.6206,-116.0278,17
30.3975,-84.3289,9
42.8375,-103.0953,31
28.7247,-96.2536,37
46.0139,-102.6547,31
45.9647,-112.5006,15
37.2353,-93.4003,37
38.3083,-75.1239,27
42.8914,-73.2469,25
38.0442,-87.5206,34
19.7192,-155.0531,22
30.5069,-86.9597,21
39.7075,-86.2803,43
37.1319,-76.4930,15
39.6728,-75.6008,34
26.1839,-98.2539,36
44.7408,-85.5825,51
41.7361,-72.6506,32
38.3306,-96.1897,29
48.6033,-112.3753,23
36.2967,-99.7689,39
34.2719,-83.8303,33
41.8706,-103.5931,46
43.8339,-111.8045,15
39.8344,-88.8656,50
39.8328,-104.6575,40
42.2706,-71.8731,53
37.6928,-121.8144,28
42.1928,-89.0931,47
44.2100,-110.6700,11
37.0683,-88.7719,33
39.5936,-84.2264,35
44.0433,-103.0536,45
41.2003,-74.6231,13
33.4964,-90.0867,34
41.4131,-81.8600,44
37.1467,-94.5022,32
32.6261,-116.4681,24
36.1994,-95.8872,41
39.1033,-84.4189,32
57.1553,-170.2222,28
45.0800,-117.5500,4
40.6675,-89.6839,35
46.8369,-92.2097,43
40.1764,-80.6472,34
30.7044,-87.0231,16
37.6544,-97.4425,39
37.7081,-77.4344,6
32.7817,-98.0603,40
44.7900,-116.0900,5
39.4900,-121.6183,22
46.9258,-98.6692,28
31.5358,-82.5067,12
34.9000,-76.8833,24
42.8050,-72.0036,21
41.7219,-71.4325,39
35.0564,-89.9864,46
35.3331,-94.3625,30
41.3931,-70.6150,39
44.4983,-88.1111,43
36.6636,-121.6081,28
39.3667,-75.0667,30
55.0389,-131.5786,53
37.0872,-84.0769,26
34.0158,-118.4514,20
29.9506,-94.0206,28
31.3928,-92.2956,22
41.5097,-72.8278,19
42.5906,-117.8644,23
32.4833,-80.7167,18
41.6875,-69.9933,28
27.6531,-80.2428,38
30.8458,-85.6014,7
43.1544,-93.3269,60
37.6242,-120.9506,45
34.7000,-77.3833,28
38.1386,-78.4530,21
41.9950,-87.9336,50
26.2281,-97.6542,38
29.3783,-100.9269,28
35.9403,-89.8308,40
33.8117,-118.1464,27
38.4000,-119.5400,9
34.4978,-82.7097,19
39.5781,-85.8033,37
46.1442,-115.5964,12
40.5100,-101.6200,51
70.1917,-148.4772,64
44.1708,-114.9272,13
41.3119,-105.6747,42
43.2781,-70.9222,18
42.4819,-114.4869,34
30.3489,-85.7881,21
59.4433,-151.7017,4
32.5156,-92.0406,47
33.2367,-107.2681,77
32.6808,-96.8681,39
30.3433,-89.8222,13
37.7608,-99.9683,38
42.7803,-84.5789,43
40.6239,-74.6694,17
31.8456,-86.6108,21
32.7100,-96.2672,30
42.5417,-113.7661,27
35.0678,-77.0481,24
38.0494,-103.5122,45
30.8356,-85.1839,12
44.0206,-117.0128,11
38.2900,-104.4983,31
55.3567,-131.7117,48
59.2433,-135.5094,52
41.0375,-81.4642,35
29.9933,-90.2511,17
36.9358,-121.7886,17
39.3644,-84.5247,29
38.5911,-92.1558,27
47.0339,-120.5303,10
45.8258,-119.2611,17
47.4667,-87.8833,78
30.7406,-98.2353,17
31.4583,-109.6061,52
36.7436,-108.2292,38
48.7939,-122.5372,9
38.9597,-94.3714,28
39.5514,-97.6508,20
34.3622,-98.9761,78
39.2231,-106.8683,26
47.2078,-119.3192,26
40.8097,-124.1603,9
41.6236,-98.9517,21
39.8683,-75.2311,42
38.2281,-85.6636,29
41.1014,-102.9847,64
46.1236,-67.7928,32
40.7083,-84.0267,42
40.8500,-74.0614,33
38.5000,-77.3000,37
34.8536,-116.7858,28
32.8978,-97.0189,49
39.1894,-103.7158,55
36.6950,-76.1356,12
33.1281,-117.2794,16
31.1500,-92.9667,16
29.6333,-83.1053,7
42.9203,-112.5711,12
35.9200,-106.3900,3
43.7694,-87.8506,42
43.6497,-70.3003,34
36.5881,-121.8453,28
30.5108,-99.7664,24
48.7200,-116.4600,11
47.3000,-121.6000,10
31.1828,-90.4708,30
41.7781,-80.6958,36
32.5500,-88.5667,40
34.5467,-93.5781,9
37.6703,-95.4842,30
35.9508,-85.0814,26
35.2578,-113.9331,43
45.6478,-68.6925,22
34.7336,-76.6606,33
28.5453,-81.3331,24
43.1561,-90.6775,30
41.4000,-107.2600,9
26.5850,-81.8614,41
41.7419,-72.1836,18
56.6000,-169.5650,23
38.7667,-104.3000,54
41.9922,-93.6217,50
43.1111,-76.1039,53
35.7425,-81.3819,17
34.7436,-118.7242,81
33.3075,-104.5083,47
34.8994,-120.4486,23
42.6003,-123.3642,20
33.8281,-116.5053,31
48.7167,-94.6000,37
41.5339,-93.6531,39
42.3811,-122.8722,12
40.4953,-107.5211,11
47.4733,-111.3822,27
39.4839,-119.7711,24
46.9733,-122.9033,12
38.5714,-90.1572,44
47.3864,-92.8389,40
45.8678,-95.3942,37
42.2228,-83.7444,42
42.1244,-86.4267,36
37.3208,-79.2067,19
41.9856,-97.4353,21
39.2775,-120.7103,17
46.5683,-120.5428,23
43.9636,-69.7117,21
35.6575,-109.0614,26
43.3906,-99.8422,41
35.1350,-90.2344,43
35.4319,-82.5375,36
30.7439,-95.5861,10
36.1900,-105.5600,9
39.0083,-95.2117,27
34.7675,-114.6189,54
39.8250,-86.2958,39
44.6500,-73.4667,21
55.2208,-162.7325,28
34.2097,-118.4892,20
41.4914,-120.5644,20
30.3567,-95.4139,12
33.4617,-80.8581,26
44.8831,-93.2289,47
47.9428,-97.1839,19
38.8317,-94.8897,31
38.8483,-77.0342,41
31.2819,-89.2531,22
43.6264,-72.3047,25
34.6719,-82.8864,20
44.9050,-123.0011,10
32.5161,-84.9422,19
41.3714,-73.4828,28
36.9647,-86.4239,22
58.3567,-134.5639,38
29.6919,-82.2756,9
39.1208,-94.5969,20
26.1658,-97.3458,46
38.0408,-84.6058,31
36.9261,-111.4478,21
29.2733,-94.8592,32
39.5264,-107.7264,20
35.8311,-90.6464,33
41.9144,-88.2464,44
41.8756,-71.0211,24
46.4047,-94.1308,40
42.3978,-90.7036,52
27.4014,-82.5586,36
37.5908,-83.3131,21
34.1167,-119.1167,25
35.2100,-99.1200,66
33.4825,-90.9853,57
35.6567,-95.3614,47
44.8322,-93.4706,45
34.9914,-78.8803,28
35.2325,-75.6219,37
45.5644,-84.7928,56
61.1689,-150.0278,21
47.7472,-90.3444,34
29.9800,-95.3600,21
32.2997,-86.4075,26
34.7272,-92.2389,39
42.6650,-83.4181,53
36.2833,-94.3000,34
39.1342,-108.5400,37
33.5872,-85.8556,22
40.8300,-111.7600,10
30.4844,-81.7019,5
38.1847,-84.9033,23
43.2119,-90.1814,43
40.9017,-117.8081,30
33.8719,-117.9789,9
47.1686,-88.4889,56
40.0819,-75.0111,37
41.5886,-83.8014,39
36.0300,-106.8100,4
43.3497,-76.3847,37
40.8731,-81.8867,34
39.0431,-84.6717,44
25.9989,-80.2411,43
36.0700,-105.6300,4
36.7367,-97.1019,39
31.3500,-85.6667,18
39.4203,-83.8217,42
41.8056,-107.1997,29
38.0511,-117.0903,21
43.1167,-77.6767,43
34.7917,-79.3661,27
42.8975,-106.4636,33
48.5614,-93.3981,26
32.1314,-110.9553,53
26.1969,-80.1708,54
36.6817,-101.5053,41
34.8461,-82.3461,28
45.6983,-110.4408,37
36.0236,-84.2375,7
41.7072,-86.3164,38
44.5761,-71.1786,17
30.7825,-83.2767,6
27.7628,-82.6261,57
33.6542,-101.8136,61
37.1681,-97.0369,40
40.1606,-113.3508,75
43.1953,-71.5011,23
30.2050,-91.9875,34
26.6847,-80.0994,48
30.5372,-91.1469,15
43.1644,-95.2017,32
62.9614,-141.9292,2
42.3914,-96.3792,24
57.0481,-135.3647,72
42.9333,-71.4383,25
46.3583,-104.2500,44
45.8069,-108.5422,34
39.9492,-74.8417,24
41.7803,-124.2367,11
33.4536,-94.0075,36
47.6458,-101.4394,17
45.6044,-103.5464,47
42.5700,-72.2911,20
60.4889,-145.4511,34
35.0281,-110.7208,43
20.8997,-156.4286,54
45.4622,-69.5953,17
40.9706,-85.2064,45
32.6636,-97.0939,38
33.9486,-81.1186,31
31.2361,-94.7544,24
42.4933,-79.2722,54
40.0781,-83.0781,49
40.1936,-76.7633,38
44.3592,-84.6739,48
62.1592,-145.4589,2
66.8667,-162.6333,43
36.2667,-93.1567,22
57.7511,-152.4856,40
32.3347,-88.7442,34
42.5844,-110.1075,14
60.5797,-151.2392,83
46.2667,-119.1167,17
39.4167,-118.7167,45
42.4700,-71.2894,29
38.2103,-122.2847,27
33.9753,-117.6361,25
44.5228,-114.2150,5
37.4058,-122.0481,21
32.0311,-96.3989,32
40.6386,-73.7622,55
39.1353,-96.6778,9
62.9575,-155.6103,36
33.3633,-84.5658,19
41.6267,-73.8842,22
35.6875,-117.6931,19
34.5183,-109.3792,62
41.1783,-78.8989,46
46.6056,-111.9636,9
37.3169,-79.9742,39
42.0572,-102.8000,50
45.5406,-122.9486,11
38.6892,-75.3592,22
32.4106,-99.6822,35
28.4567,-99.2183,41
40.0972,-92.5433,37
41.3103,-95.8992,29
42.1208,-87.9047,38
47.4569,-115.6450,36
34.6081,-79.0592,23
25.9156,-97.4186,36
42.8783,-100.5500,34
41.7700,-88.4814,45
38.9503,-95.6639,27
36.2606,-76.1750,30
32.8547,-109.6353,51
27.9619,-82.5403,26
36.9600,-106.6600,8
36.9500,-76.2833,21
29.5442,-98.4839,28
32.4506,-93.8411,46
31.5883,-110.3442,47
21.3239,-157.9294,37
37.8892,-121.2258,29
41.4653,-90.5233,54
36.7900,-105.2400,3
40.7342,-73.4169,38
41.9381,-72.6825,34
36.7725,-90.3247,26
33.1803,-96.5903,42
43.5950,-118.9564,31
59.5119,-139.6711,34
39.7736,-94.9233,15
33.4278,-112.0039,41
45.0619,-93.3508,39
34.7411,-118.2117,26
33.2208,-92.8142,38
32.3206,-90.0778,39
40.8206,-76.8642,19
33.9228,-118.3342,26
36.8781,-91.9025,36
30.1250,-93.2158,26
39.2447,-102.2842,72
34.0561,-117.6003,26
19.7356,-156.0489,30
43.2389,-123.3547,12
29.3331,-89.4075,17
35.6950,-101.3950,45
47.3600,-121.5700,6
44.8889,-116.1017,9
42.1594,-76.8919,34
39.1019,-121.5678,20
41.3325,-122.3328,2
31.5356,-84.1944,19
42.7172,-71.1239,32
34.7500,-111.4100,179
40.0228,-82.4625,33
44.3814,-106.7211,33
43.9042,-92.4917,58
42.1908,-71.1736,27
44.2033,-72.5794,27
39.4300,-120.3100,4
42.7972,-105.3856,34
36.0000,-106.8300,3
66.0689,-162.7639,51
41.2731,-111.0306,40
29.5189,-95.2417,17
39.7078,-77.7297,36
45.6308,-89.4653,33
40.9167,-81.4333,40
35.9461,-112.1547,27
38.3406,-75.5103,24
47.6217,-117.5281,34
31.8111,-106.3758,55
41.3275,-72.0494,45
41.0669,-73.7075,37
41.7872,-111.8533,13
21.1544,-157.0961,38
47.2381,-123.1408,18
37.3592,-121.9239,26
38.7525,-90.3736,38
45.5114,-118.4247,1
42.4272,-73.2892,34
38.0700,-102.6881,47
43.9844,-88.5569,44
34.6525,-86.9453,38
32.8192,-97.3614,48
33.2194,-117.3494,18
40.5300,-106.7800,8
44.9319,-93.0556,47
40.3161,-78.8339,51
42.2314,-83.3308,49
35.6697,-120.6283,23
41.2544,-80.6739,36
38.1311,-91.7683,33
61.5961,-149.0917,41
38.0653,-97.8606,31
43.5667,-116.2406,22
64.5111,-165.4400,53
30.3361,-81.5147,8
35.0419,-106.6156,96
21.9839,-159.3405,47
41.0467,-78.4117,33
36.3100,-115.6800,1
40.6044,-98.4272,23
41.3336,-75.7269,31
42.5708,-77.7133,25
61.1781,-149.9664,17
32.7000,-117.2000,40
37.7836,-81.1231,36
28.1011,-80.6439,46
31.7800,-103.2017,50
39.8000,-106.0300,7
31.9206,-102.3867,54
25.6475,-80.4331,34
42.1997,-75.9850,38
39.9914,-82.8808,42
42.1578,-72.7161,25
32.3847,-94.7117,32
36.9900,-105.2600,4
36.9033,-76.1922,24
33.6186,-114.7142,45
40.3667,-75.9667,30
47.3978,-120.2014,22
47.6800,-121.6100,3
45.7881,-111.1608,11
27.7411,-98.0247,38
35.8517,-97.4142,42
32.1300,-81.2100,24
64.8039,-147.8761,35
40.3547,-79.9217,36
35.1967,-81.1558,17
29.3600,-99.1742,35
36.4486,-103.1539,55
36.1300,-105.5300,4
27.5000,-97.8167,40
33.2061,-97.1989,47
43.7331,-103.6114,20
30.7167,-87.0167,18
38.8500,-94.7392,27
41.1961,-112.0114,27
40.3300,-75.1225,26
30.2333,-81.6667,17
41.3497,-71.7989,28
41.7861,-87.7522,47
44.7978,-68.8186,36
40.2172,-76.8514,36
27.6833,-97.2833,54
48.3042,-114.2636,13
33.6300,-84.4417,37
42.5842,-70.9175,31
30.4119,-89.0808,17
43.3436,-72.5178,22
44.0219,-82.7931,68
44.3206,-69.7972,31
36.4731,-82.4044,15
40.2964,-78.3203,38
38.7042,-93.1833,30
33.9481,-83.3275,21
37.6197,-122.3647,47
70.2117,-151.0017,45
38.3775,-121.9575,21
33.6883,-112.0817,41
30.4000,-86.4717,17
34.5583,-98.4172,65
32.8667,-117.1333,30
36.5728,-79.3361,15
40.8508,-96.7475,21
37.2847,-120.5128,18
38.5039,-122.8103,17
40.9611,-98.3136,26
43.7667,-98.0333,21
31.4000,-93.2833,21
45.6906,-118.8528,26
45.6208,-122.6572,7
37.7797,-89.2497,31
34.3478,-85.1611,26
48.1739,-103.6367,16
43.2339,-75.4117,31
37.9406,-75.4631,25
44.9258,-89.6256,43
44.3800,-116.3400,9
39.6092,-110.7547,22
32.8986,-80.0403,25
30.4636,-88.5319,18
39.3100,-111.4300,30
42.3606,-71.0106,53
46.4794,-84.3572,46
29.6222,-95.6564,19
42.9600,-121.1800,2
39.2956,-80.2289,21
28.0836,-97.0464,49
42.2347,-85.5519,38
35.6542,-105.1419,46
39.2972,-94.7306,32
36.0719,-115.1633,29
45.5908,-122.6003,14
46.9006,-95.0678,39
36.1336,-80.2222,18
28.7797,-81.2436,21
35.7800,-105.5400,3
43.1072,-78.9453,52
40.7781,-111.9694,26
41.7636,-96.1778,22
34.1231,-84.8486,17
36.3689,-92.4703,17
38.5069,-121.4950,17
44.8664,-91.4878,45
43.5878,-96.7289,12
24.7258,-81.0517,43
39.2953,-114.8467,39
42.7267,-114.4564,57
39.4494,-74.5672,41
45.2575,-112.5545,30
46.3747,-117.0156,10
39.9061,-84.2186,45
38.1417,-76.4292,22
44.5444,-110.4211,5
34.2486,-82.1592,23
40.7939,-73.1017,37
35.0311,-85.2014,30
41.8031,-78.6403,38
59.6419,-151.4908,17
41.0136,-83.6686,48
46.9728,-123.9303,24
44.9358,-74.8458,33
35.8181,-83.9858,20
31.1522,-81.3908,13
36.0467,-79.4769,9
