36.3200,-115.7000,27
36.7200,-106.2600,32
43.8000,-114.8500,53
35.7700,-105.7800,16
36.5100,-106.3200,8
40.3000,-111.2600,80
43.7600,-115.2400,45
39.1900,-120.2600,99
39.3600,-106.0600,37
36.2500,-115.6300,42
39.2900,-117.1100,35
36.8600,-106.2300,11
46.2400,-117.3900,30
44.2100,-110.6700,76
44.7900,-116.0900,50
35.9200,-106.3900,27
48.7200,-116.4600,36
41.4000,-107.2600,49
36.1900,-105.5600,24
40.8300,-111.7600,39
36.0300,-106.8100,42
36.0700,-105.6300,37
36.9600,-106.6600,41
35.3400,-111.6500,25
36.7900,-105.2400,47
41.2300,-105.3800,8
39.4300,-120.3100,39
36.0000,-106.8300,22
40.5300,-106.7800,38
36.3100,-115.6800,28
39.8000,-106.0300,64
36.9900,-105.2600,31
36.1300,-105.5300,30
44.3800,-116.3400,35
39.3100,-111.4300,97
35.7800,-105.5400,13
