38.5714,-90.1572,1
41.0669,-73.7075,1
39.7333,-77.4333,1
41.1783,-78.8989,1
33.6300,-84.4417,1
33.2194,-117.3494,1
35.9508,-85.0814,1
32.6847,-83.6528,1
38.1847,-84.9033,1
42.3606,-71.0106,1
33.3633,-84.5658,1
35.4319,-82.5375,1
32.2997,-86.4075,1
39.3669,-101.7000,1
40.2769,-74.8158,1
43.7331,-103.6114,1
33.4617,-80.8581,1
36.0236,-84.2375,1
39.8683,-75.2311,1
55.2208,-162.7325,1
38.1386,-78.4530,1
35.8311,-90.6464,1
41.9381,-72.6825,1
44.7694,-106.9689,1
36.2667,-93.1567,1
36.2833,-94.3000,1
42.7461,-86.0967,1
41.7219,-71.4325,1
41.1389,-75.3794,1
37.1467,-94.5022,1
42.2706,-71.8731,1
34.4978,-82.7097,1
39.2447,-102.2842,1
42.2314,-83.3308,1
37.3169,-79.9742,1
43.6497,-70.3003,1
26.1522,-81.7753,1
30.3361,-81.5147,1
38.1311,-91.7683,1
37.2353,-93.4003,1
36.0097,-94.1694,1
33.8117,-78.7239,1
