36.3200,-115.7000,265
36.7200,-106.2600,340
43.8000,-114.8500,360
43.7600,-116.1000,335
35.7700,-105.7800,53
36.5100,-106.3200,20
40.3000,-111.2600,309
43.7600,-115.2400,29
43.7300,-113.8300,253
39.1900,-120.2600,281
39.3600,-106.0600,334
36.2500,-115.6300,196
39.2900,-117.1100,231
36.8600,-106.2300,23
46.2400,-117.3900,172
44.2100,-110.6700,274
44.7900,-116.0900,186
38.4000,-119.5400,8
35.9200,-106.3900,227
48.7200,-116.4600,263
41.4000,-107.2600,154
36.1900,-105.5600,61
40.8300,-111.7600,234
36.0300,-106.8100,33
36.0700,-105.6300,272
36.9600,-106.6600,140
35.3400,-111.6500,247
36.7900,-105.2400,280
39.4300,-120.3100,287
36.0000,-106.8300,294
40.5300,-106.7800,117
36.3100,-115.6800,177
39.8000,-106.0300,225
36.9900,-105.2600,165
36.1300,-105.5300,224
44.3800,-116.3400,212
39.3100,-111.4300,299
35.7800,-105.5400,99
