32.7547,-104.3836,122
42.1397,-87.7853,78
38.3139,-81.7186,122
27.7792,-97.5056,222
32.5133,-92.3486,189
33.7775,-81.8467,194
41.8161,-80.4250,100
45.0853,-67.1203,6
64.9156,-148.2711,6
40.0739,-87.5067,111
62.1925,-150.5033,0
42.2947,-83.7108,61
36.7578,-90.4056,156
40.4719,-74.4364,67
46.3414,-86.9242,-6
37.0683,-88.7725,156
28.7156,-97.1742,217
35.6042,-91.2744,150
41.4439,-86.9294,78
38.7003,-82.4736,172
39.4700,-80.8572,122
40.1100,-87.9567,89
34.7289,-80.0389,172
42.3806,-96.9575,83
37.1317,-86.1481,133
32.9206,-86.6708,194
37.1167,-84.6167,122
41.0267,-86.5867,83
44.4933,-68.4583,6
37.9311,-98.0297,128
38.7386,-87.4878,106
33.8083,-79.8567,178
34.1419,-80.8700,183
40.4750,-86.9919,89
36.1306,-80.5481,161
31.4269,-94.8942,156
40.2233,-86.1086,156
33.2564,-81.2422,156
40.8142,-85.1547,56
46.8706,-68.0172,0
37.1244,-87.8672,72
32.2822,-106.7597,189
39.4833,-83.8500,94
34.6603,-82.8236,189
38.4558,-86.6983,133
44.9847,-93.1772,22
38.8894,-86.5519,128
47.0575,-109.9514,78
40.2539,-85.1483,106
42.6006,-114.7453,83
28.8608,-97.0181,217
42.7831,-71.4147,0
41.1453,-85.4897,33
34.1944,-79.2472,200
37.9931,-100.8122,111
34.2183,-81.0731,211
35.6214,-88.8456,167
37.8194,-85.3847,150
32.3500,-94.6500,178
43.9794,-117.0247,83
40.9361,-90.7197,78
38.4661,-101.7758,122
34.4719,-81.8839,167
