29.4717,-95.0833,1
41.3328,-92.1975,1
28.8208,-81.8097,1
41.6117,-90.5808,1
38.0517,-102.1317,1
37.7925,-98.0278,1
27.4981,-80.3767,1
27.5683,-99.4983,1
29.9100,-90.0342,1
37.8658,-97.6647,1
37.8264,-99.6542,1
30.4494,-91.0478,1
35.3061,-99.6275,1
41.8833,-91.7167,1
38.0344,-97.3431,1
41.4514,-97.7644,1
37.9272,-100.7247,1
37.9411,-97.0222,1
37.4664,-96.2714,1
39.0725,-95.6261,1
38.0900,-97.9125,1
41.3044,-95.3844,1
40.0803,-95.5919,1
27.7839,-97.5108,1
29.3389,-98.4719,1
39.3033,-95.4861,1
31.8250,-102.4442,1
30.0375,-91.8839,1
32.3542,-95.4025,1
37.3931,-97.3497,1
39.0542,-96.2367,1
37.5983,-101.2908,1
43.0431,-96.9033,1
41.6328,-91.5431,1
31.3972,-81.2811,1
34.4272,-100.2831,1
30.2503,-94.1786,1
44.5483,-95.0803,1
29.7036,-98.0281,1
38.0781,-96.8878,1
31.3711,-100.4922,1
48.1603,-90.8842,1
27.5333,-99.4667,1
38.8000,-97.6500,1
29.6381,-95.2819,1
42.1128,-92.9175,1
43.4075,-94.7461,1
30.6794,-88.2397,1
40.6331,-93.9019,1
30.4603,-90.4497,1
29.1828,-81.0483,1
32.3336,-104.2581,1
26.9172,-81.9914,1
46.7000,-92.0167,1
38.1386,-97.4350,1
45.5433,-94.0514,1
32.8519,-96.8556,1
38.5039,-95.7036,1
39.3756,-99.8297,1
31.9433,-102.1889,1
30.1831,-97.6800,1
42.7364,-97.4969,1
41.3197,-96.3672,1
30.9119,-102.9167,1
30.3931,-89.0008,1
38.0211,-96.6036,1
35.1808,-97.4378,1
38.5872,-99.5731,1
26.1839,-98.2539,1
38.3306,-96.1897,1
36.2967,-99.7689,1
37.8131,-100.3456,1
37.8083,-98.4305,1
46.8369,-92.2097,1
37.6544,-97.4425,1
31.5358,-82.5067,1
39.8311,-96.1833,1
30.5997,-103.8869,1
27.6531,-80.2428,1
39.0636,-94.8958,1
45.0100,-93.3792,1
26.2281,-97.6542,1
34.6286,-99.1394,1
32.6808,-96.8681,1
37.7608,-99.9683,1
32.5400,-95.3761,1
30.8356,-85.1839,1
29.9933,-90.2511,1
38.5911,-92.1558,1
38.9597,-94.3714,1
39.5514,-97.6508,1
34.3622,-98.9761,1
41.6236,-98.9517,1
38.1869,-97.8417,1
32.8978,-97.0189,1
37.1550,-98.0283,1
38.3922,-96.6228,1
37.6703,-95.4842,1
38.1353,-96.1400,1
28.5453,-81.3331,1
26.5850,-81.8614,1
27.5969,-98.4161,1
41.9922,-93.6217,1
41.5339,-93.6531,1
38.8100,-94.2647,1
41.9856,-97.4353,1
39.0083,-95.2117,1
30.3567,-95.4139,1
44.8831,-93.2289,1
38.8317,-94.8897,1
38.4331,-96.5578,1
30.3961,-84.3556,1
29.6919,-82.2756,1
39.1208,-94.5969,1
26.1658,-97.3458,1
29.2733,-94.8592,1
35.2100,-99.1200,1
44.8322,-93.4706,1
40.6458,-91.5639,1
30.4844,-81.7019,1
40.3706,-95.7469,1
43.5439,-93.8422,1
38.4478,-99.9100,1
48.5614,-93.3981,1
33.6542,-101.8136,1
30.2050,-91.9875,1
26.6847,-80.0994,1
42.3914,-96.3792,1
43.7022,-95.1519,1
32.6636,-97.0939,1
31.2361,-94.7544,1
32.4514,-93.8417,1
37.3833,-96.0814,1
37.5194,-97.3142,1
45.3397,-92.9125,1
38.1739,-97.1114,1
32.0311,-96.3989,1
37.8786,-95.7292,1
28.4567,-99.2183,1
41.3103,-95.8992,1
25.9156,-97.4186,1
39.0722,-95.6303,1
29.5442,-98.4839,1
32.4506,-93.8411,1
41.4653,-90.5233,1
39.7736,-94.9233,1
45.0619,-93.3508,1
30.1250,-93.2158,1
37.8183,-96.8444,1
33.4367,-101.6472,1
38.2936,-97.9114,1
29.5189,-95.2417,1
43.4231,-95.1394,1
30.0719,-91.0278,1
44.5564,-94.2208,1
30.3703,-103.7808,1
37.8117,-95.4456,1
44.9319,-93.0556,1
40.6044,-98.4272,1
28.1011,-80.6439,1
31.7800,-103.2017,1
31.9206,-102.3867,1
32.3847,-94.7117,1
47.1253,-91.7067,1
37.4347,-97.3922,1
27.7411,-98.0247,1
29.3600,-99.1742,1
38.8500,-94.7392,1
30.4119,-89.0808,1
40.8508,-96.7475,1
35.0258,-99.1058,1
38.2006,-99.5344,1
28.0836,-97.0464,1
38.6308,-96.6717,1
39.2972,-94.7306,1
28.7797,-81.2436,1
41.7636,-96.1778,1
43.5878,-96.7289,1
31.1522,-81.3908,1
