33.6247,-94.8075,787
-43.0433,147.8667,0
39.8678,-96.2544,236
34.2169,-80.2392,335
42.9014,-76.8642,3
21.1447,-156.7328,13
32.3378,-89.0817,495
-38.3343,145.6696,45
-40.9486,147.8278,52
38.5253,-106.9672,36
36.9933,-82.9867,790
40.7367,-122.9403,8
34.3703,-91.1242,358
36.2067,-83.3325,185
39.0461,-78.9664,36
-31.7117,128.8867,2
39.3672,-101.4461,0
34.1408,-82.8550,163
41.1183,-75.7278,0
33.3322,-94.3436,762
34.9786,-85.8008,371
39.0878,-77.6928,208
38.1864,-83.4669,0
47.9753,-122.1950,0
40.0506,-86.5744,0
36.3022,-78.6108,521
36.3644,-82.2325,74
-17.3436,145.9217,40
-16.5978,145.3631,58
36.8144,-83.3144,127
32.6228,-91.7764,262
35.5406,-82.6531,81
42.3458,-72.1542,13
41.5325,-70.6589,0
33.1678,-96.0983,173
-40.2319,148.1900,80
-31.8972,116.1575,22
42.4292,-71.4425,587
-37.4652,145.2637,160
36.3467,-82.3467,648
-37.7494,145.1703,70
43.1889,-71.7461,13
42.0772,-74.9828,0
34.8242,-106.0344,0
33.8586,-89.3158,457
34.8814,-82.7189,191
36.0956,-81.8311,163
38.1272,-100.5078,38
36.9783,-91.3847,632
29.0361,-80.9181,0
35.6836,-80.4822,282
