18.1747,-66.7978,63
40.7264,-122.7947,34
38.8586,-99.3358,306
43.8544,-116.4664,34
36.9969,-119.7072,53
40.7142,-122.4161,61
33.8300,-88.5214,66
36.4711,-86.8414,53
47.0575,-109.9514,161
42.9536,-112.8253,301
36.1056,-82.8436,63
42.9592,-120.7897,90
40.2842,-109.8611,71
37.3806,-107.5811,19
39.0303,-76.9314,27
40.6117,-122.5281,10
31.6164,-94.6431,53
34.1864,-90.5572,35
46.0436,-118.4628,64
43.8083,-111.7892,100
34.5822,-119.9817,61
40.1739,-101.0611,182
31.8769,-105.2369,93
42.1397,-87.7853,3
40.5764,-105.0858,14
36.4622,-116.8669,1345
34.5697,-93.1947,14
30.8408,-89.5453,6
39.0172,-92.7558,24
37.5147,-122.0325,227
40.7833,-81.9167,51
32.8964,-107.3078,105
33.7542,-99.1442,198
35.1131,-89.2122,23
34.7281,-90.3683,61
38.4917,-122.1242,48
47.7283,-104.1467,103
33.7092,-93.5564,50
45.9228,-108.2444,95
39.1172,-95.4097,126
46.8706,-68.0172,53
35.1297,-89.8036,16
39.2475,-96.5994,56
30.0689,-94.2928,154
40.2233,-86.1086,19
40.1550,-103.1417,200
18.2583,-65.9922,8
35.6214,-88.8456,34
35.8819,-83.9572,40
64.8569,-147.8611,37
44.0622,-103.4819,34
38.4661,-101.7758,264
37.7967,-121.5828,261
43.4033,-103.2683,45
35.7197,-86.9653,40
34.6033,-104.3811,95
34.9881,-120.3211,87
31.3706,-100.4942,169
26.8400,-81.0872,105
41.9342,-88.7756,29
33.4692,-88.7822,66
41.0267,-86.5867,11
42.1231,-111.3133,71
37.3822,-102.2986,275
36.3444,-88.8636,212
40.0892,-99.2133,117
35.4139,-86.8086,34
37.7617,-117.5658,494
38.9408,-95.3397,27
32.8242,-95.5275,172
43.5492,-71.4647,80
36.0147,-85.1314,37
44.1183,-121.2103,40
35.6872,-90.0964,48
30.2003,-92.6642,72
39.9614,-86.0586,8
35.7047,-101.5492,220
38.4931,-122.0047,90
31.8456,-99.5606,135
42.3806,-96.9575,11
32.8522,-95.8864,172
45.6911,-118.8522,146
61.5664,-149.2542,56
32.2822,-106.7597,76
34.5989,-103.2161,203
35.2006,-103.6867,159
33.0642,-101.0489,129
41.4439,-86.9294,34
42.7467,-71.0425,19
33.1481,-95.6269,0
47.6811,-117.6267,122
34.1647,-88.7239,105
36.5508,-114.4581,61
33.1461,-107.1842,116
39.3925,-101.0689,309
44.8831,-85.6753,24
40.2539,-85.1483,32
26.5581,-99.1372,0
35.0489,-97.9158,79
25.8175,-80.2858,79
31.9497,-91.2336,0
34.0828,-106.8831,35
44.3089,-85.2050,21
38.0047,-120.4864,69
30.7053,-104.0233,60
36.6897,-108.3086,68
32.4219,-93.6381,113
37.9931,-100.8122,360
29.6211,-96.3661,60
32.3378,-89.0817,77
46.7281,-116.9558,58
34.1381,-88.9983,11
45.4825,-120.7236,262
44.3253,-96.7686,220
32.9203,-94.7225,143
41.4903,-71.5431,39
