34.8878,-83.3967,6
33.1581,-85.2911,5
35.1072,-82.6256,6
38.8183,-106.6086,2
39.2850,-94.9500,2
36.7408,-105.5956,6
-35.6704,142.2688,2
-41.4372,145.5258,7
43.3008,-96.5972,3
19.0106,-155.6592,4
39.3583,-111.5992,2
35.8489,-90.6589,2
38.9239,-122.5672,3
-33.5879,134.8859,3
-37.3811,147.1067,4
41.2214,-74.6600,7
-34.1953,143.7916,2
46.4328,-109.8311,3
34.8814,-82.7189,6
-34.4878,117.6278,3
39.9275,-89.7964,5
37.3186,-91.9625,4
-37.8758,146.0833,2
-34.2975,137.7126,2
25.8489,-81.3897,6
21.5108,-157.8622,2
39.3933,-81.2192,5
-33.6858,115.0153,6
-37.4964,144.5028,3
-37.4652,145.2637,3
-37.2698,144.7230,2
46.9161,-103.5264,2
