40.7264,-122.7947,333
38.8586,-99.3358,294
43.8544,-116.4664,322
40.7142,-122.4161,361
36.4711,-86.8414,322
37.9050,-93.3169,222
33.6731,-111.1508,250
47.0575,-109.9514,256
42.9536,-112.8253,178
28.4675,-98.2525,372
40.4750,-86.9919,311
42.9592,-120.7897,328
40.2842,-109.8611,328
37.3806,-107.5811,211
39.0303,-76.9314,222
46.0436,-118.4628,344
43.8083,-111.7892,244
34.5822,-119.9817,311
40.1739,-101.0611,311
34.7675,-106.7611,283
42.1397,-87.7853,217
45.6750,-111.1550,306
36.4622,-116.8669,378
40.7833,-81.9167,322
33.7542,-99.1442,350
42.8767,-77.0308,328
39.2494,-106.3714,133
38.4917,-122.1242,294
47.7283,-104.1467,378
38.5039,-95.7036,189
37.0683,-88.7725,322
33.7092,-93.5564,378
45.9228,-108.2444,283
46.8706,-68.0172,211
40.2233,-86.1086,328
39.0744,-96.8983,183
35.6214,-88.8456,367
64.8569,-147.8611,200
44.0622,-103.4819,244
38.4661,-101.7758,317
37.7967,-121.5828,350
35.7197,-86.9653,328
34.9881,-120.3211,300
26.8400,-81.0872,311
41.9342,-88.7756,317
38.7403,-104.3994,256
42.1231,-111.3133,100
38.9667,-98.4889,222
40.0892,-99.2133,289
35.4139,-86.8086,333
37.7617,-117.5658,300
47.0022,-118.5658,311
43.5492,-71.4647,244
48.4983,-109.8014,278
44.1183,-121.2103,261
30.2003,-92.6642,400
36.5575,-105.2628,228
38.5350,-121.7761,356
35.7047,-101.5492,300
48.7178,-122.5114,278
38.6450,-95.5661,444
38.4931,-122.0047,361
35.4072,-104.1906,206
45.6911,-118.8522,306
61.5664,-149.2542,100
32.2822,-106.7597,350
34.5989,-103.2161,300
35.2006,-103.6867,350
41.4439,-86.9294,228
42.7467,-71.0425,206
47.6811,-117.6267,289
36.5508,-114.4581,300
39.3925,-101.0689,317
29.4608,-101.0286,339
40.2539,-85.1483,322
26.5581,-99.1372,228
37.6967,-93.7722,339
35.0489,-97.9158,350
25.8175,-80.2858,339
38.0047,-120.4864,300
30.7053,-104.0233,300
36.6897,-108.3086,200
40.2458,-111.6508,300
46.7281,-116.9558,306
45.4825,-120.7236,300
41.4903,-71.5431,233
