45.8981,-86.5483,116
46.2314,-112.1136,49
39.4206,-79.0050,85
47.8344,-120.0006,0
38.6644,-94.8900,76
47.2753,-88.4169,22
40.1100,-87.9567,125
47.6497,-120.0800,27
35.5953,-82.5567,89
39.7506,-92.5064,63
30.5347,-94.4456,36
41.8161,-80.4250,45
41.0103,-103.8769,139
37.1317,-86.1481,58
39.7750,-105.1169,89
47.2919,-88.4208,58
40.5764,-105.0858,80
39.7194,-76.8028,130
45.6656,-97.0392,152
44.4933,-68.4583,116
34.6242,-106.3103,103
38.5039,-95.7036,67
35.1375,-77.9892,54
34.2183,-116.4072,130
34.1206,-115.8500,94
45.4525,-99.3358,63
42.3997,-89.9903,85
61.5889,-149.0992,36
47.0083,-88.4317,76
41.7392,-77.9711,72
39.0733,-93.7075,139
47.8306,-110.6608,36
39.3903,-94.5553,89
40.9656,-105.2186,125
61.2967,-149.4400,58
39.1439,-103.4897,116
61.1025,-149.7169,89
40.8600,-102.8031,161
48.0750,-111.2597,49
48.9981,-110.2158,89
40.6558,-97.2208,80
48.4628,-108.7792,31
45.0961,-112.0856,94
34.7994,-109.8850,156
35.0761,-89.7430,67
47.0111,-109.2261,36
41.2847,-105.5319,188
