28.7156,-97.1742,41
35.6214,-88.8456,69
26.5650,-98.1236,104
42.4492,-76.4492,58
39.5039,-98.3150,58
36.4711,-86.8414,53
38.8586,-99.3358,114
41.9342,-88.7756,76
37.1503,-104.5567,38
37.7967,-121.5828,109
42.8767,-77.0308,86
34.1981,-101.7461,0
40.2233,-86.1086,48
40.1739,-101.0611,46
40.6117,-122.5281,74
40.0892,-99.2133,33
46.6722,-120.4994,89
36.5928,-106.7300,89
44.3089,-85.2050,41
36.5508,-114.4581,140
35.4072,-104.1906,102
34.1864,-90.5572,30
32.9206,-86.6708,947
38.4661,-101.7758,43
37.3806,-107.5811,58
36.3444,-88.8636,41
30.0689,-94.2928,61
35.9328,-88.7267,48
29.6211,-96.3661,41
30.7931,-94.1819,41
18.2583,-65.9922,61
38.0633,-102.9297,43
44.0622,-103.4819,99
34.8847,-99.2964,71
35.1161,-93.6506,23
45.9228,-108.2444,-71
34.1381,-88.9983,38
44.2394,-95.3153,99
26.3769,-98.8117,64
42.1397,-87.7853,43
34.5697,-93.1947,38
39.0172,-92.7558,71
32.8964,-107.3078,114
46.0436,-118.4628,69
33.2564,-81.2422,84
40.8250,-92.8925,28
42.1231,-111.3133,0
35.1867,-102.0797,13
34.5989,-103.2161,71
28.0372,-97.8725,86
31.9497,-91.2336,58
40.1100,-87.9567,58
32.3378,-89.0817,43
47.7283,-104.1467,56
46.7603,-117.1861,61
41.0267,-86.5867,99
38.5039,-95.7036,30
18.3906,-66.0542,38
38.5200,-89.8467,74
30.2003,-92.6642,48
47.0022,-118.5658,97
39.2494,-106.3714,28
39.1172,-95.4097,30
31.0372,-97.5283,46
34.6603,-82.8236,36
36.5575,-105.2628,549
36.4622,-116.8669,152
39.2475,-96.5994,33
37.9050,-93.3169,30
33.4258,-111.9217,89
45.4825,-120.7236,71
35.6872,-90.0964,41
36.1056,-82.8436,64
26.1781,-97.9708,76
33.6772,-93.9903,28
39.0744,-96.8983,51
33.3192,-95.6039,48
38.2597,-104.7169,89
40.1550,-103.1417,74
30.6836,-97.7172,117
32.9203,-94.7225,86
38.4917,-122.1242,51
47.0575,-109.9514,36
39.4031,-99.4192,43
31.8611,-97.3750,64
33.1481,-95.6269,41
36.8047,-107.6214,58
32.8522,-95.8864,66
38.9667,-98.4889,71
35.1108,-81.9675,112
34.1647,-88.7239,0
36.0147,-85.1314,30
39.0303,-76.9314,53
34.1419,-80.8700,41
37.7617,-117.5658,114
28.4675,-98.2525,53
18.0258,-66.5253,71
32.7547,-104.3836,89
48.4983,-109.8014,9428
38.9408,-95.3397,25
38.7403,-104.3994,76
31.6003,-97.2169,132
44.6342,-123.1900,64
40.0839,-88.2403,58
40.7833,-81.9167,66
42.0208,-93.7742,5
35.3872,-76.7764,71
39.7506,-92.5064,23
40.2458,-111.6508,61
31.6164,-94.6431,61
25.8175,-80.2858,112
40.4719,-74.4364,38
39.0422,-108.4664,38
29.4608,-101.0286,132
37.2792,-86.2492,33
40.2539,-85.1483,66
26.5581,-99.1372,76
61.5664,-149.2542,74
31.3706,-100.4942,94
32.8242,-95.5275,71
41.4439,-86.9294,61
43.8544,-116.4664,66
40.5764,-105.0858,36
35.0489,-97.9158,15
37.9931,-100.8122,112
33.7092,-93.5564,33
33.0642,-101.0489,20
40.7131,-79.5144,51
41.2986,-80.7647,582
35.1131,-89.2122,36
42.7467,-71.0425,28
33.4692,-88.7822,28
34.0828,-106.8831,772
31.8769,-105.2369,0
40.2842,-109.8611,76
27.4272,-80.4053,0
46.7281,-116.9558,56
48.1375,-103.7372,10
34.9881,-120.3211,74
32.4219,-93.6381,58
40.3708,-81.7908,61
34.3961,-89.7903,28
30.7053,-104.0233,76
28.4575,-97.7061,160
34.8219,-89.4347,422
39.9000,-98.0256,58
34.5822,-119.9817,76
40.7264,-122.7947,64
44.7764,-108.7592,0
35.8819,-83.9572,28
37.0683,-88.7725,64
26.8400,-81.0872,74
33.6731,-111.1508,89
31.3625,-85.3397,56
42.9592,-120.7897,74
47.3111,-116.9544,74
28.6575,-96.5553,99
38.0047,-120.4864,76
39.0936,-106.3514,48
38.5350,-121.7761,69
34.7281,-90.3683,56
35.7197,-86.9653,56
35.1297,-89.8036,41
38.7978,-99.7231,86
33.9544,-102.7783,127
44.9847,-93.1772,102
45.6750,-111.1550,23
33.8300,-88.5214,0
32.2631,-96.6369,135
33.7542,-99.1442,99
32.2683,-101.4858,107
44.8831,-85.6753,46
35.2006,-103.6867,61
33.1461,-107.1842,132
45.6911,-118.8522,89
30.3367,-96.5403,71
35.6414,-106.3322,94
26.2656,-97.8714,71
48.7178,-122.5114,41
38.6078,-97.9597,51
36.6897,-108.3086,107
44.1183,-121.2103,74
37.3822,-102.2986,51
44.3253,-96.7686,23
37.5147,-122.0325,51
36.2403,-106.4278,117
30.5467,-87.8808,41
31.2022,-93.5725,74
34.7675,-106.7611,97
41.9928,-71.1667,20
18.0331,-67.0722,56
38.4931,-122.0047,64
29.8608,-98.1958,107
47.6811,-117.6267,76
31.0619,-94.1011,41
39.6619,-99.1228,53
39.3925,-101.0689,89
40.4750,-86.9919,64
35.4139,-86.8086,43
30.8408,-89.5453,0
43.5492,-71.4647,587
32.2822,-106.7597,102
35.3886,-106.5439,104
43.4033,-103.2683,58
46.8706,-68.0172,36
30.7189,-97.3211,84
38.6450,-95.5661,33
33.0353,-96.4861,91
