35.6214,-88.8456,283
36.9969,-119.7072,-178
35.4139,-86.8086,272
37.7617,-117.5658,317
38.4931,-122.0047,317
45.9228,-108.2444,278
38.6450,-95.5661,406
47.7283,-104.1467,311
37.3806,-107.5811,244
38.7403,-104.3994,278
43.8544,-116.4664,278
37.1503,-104.5567,328
38.8586,-99.3358,267
33.6731,-111.1508,350
37.7967,-121.5828,328
44.7764,-108.7592,311
35.7197,-86.9653,267
45.6750,-111.1550,289
29.4608,-101.0286,339
34.5989,-103.2161,339
28.4675,-98.2525,367
39.3925,-101.0689,272
40.2842,-109.8611,322
39.2494,-106.3714,211
36.8047,-107.6214,294
40.6117,-122.5281,306
42.7467,-71.0425,172
33.7092,-93.5564,322
38.0047,-120.4864,306
46.8706,-68.0172,217
38.7978,-99.7231,289
41.9342,-88.7756,300
37.9050,-93.3169,211
45.6911,-118.8522,272
42.1397,-87.7853,294
43.8083,-111.7892,267
42.8767,-77.0308,289
40.1550,-103.1417,306
34.7675,-106.7611,344
41.4439,-86.9294,278
39.0422,-108.4664,294
32.2822,-106.7597,344
38.4661,-101.7758,289
46.7603,-117.1861,250
42.9592,-120.7897,278
46.7281,-116.9558,261
39.9000,-98.0256,328
39.0744,-96.8983,183
48.7178,-122.5114,244
36.5508,-114.4581,294
44.0622,-103.4819,250
64.8569,-147.8611,100
40.2539,-85.1483,267
35.4072,-104.1906,194
61.5664,-149.2542,161
36.6897,-108.3086,317
44.1183,-121.2103,233
46.0436,-118.4628,344
40.2233,-86.1086,289
39.0303,-76.9314,161
37.0683,-88.7725,339
36.4711,-86.8414,272
39.4031,-99.4192,333
26.8400,-81.0872,328
36.5575,-105.2628,294
25.8175,-80.2858,372
47.0022,-118.5658,250
40.0892,-99.2133,322
38.4917,-122.1242,244
43.5492,-71.4647,278
48.4983,-109.8014,267
40.2458,-111.6508,322
40.4750,-86.9919,311
40.1739,-101.0611,306
34.5822,-119.9817,294
37.6967,-93.7722,306
42.9536,-112.8253,256
30.2003,-92.6642,361
39.6619,-99.1228,356
47.0575,-109.9514,239
38.5350,-121.7761,306
39.8114,-99.9386,311
42.1231,-111.3133,128
47.6811,-117.6267,217
35.7047,-101.5492,311
34.9881,-120.3211,300
35.2006,-103.6867,383
40.7142,-122.4161,339
33.7542,-99.1442,339
40.7833,-81.9167,278
36.4622,-116.8669,372
39.1172,-95.4097,178
35.0489,-97.9158,333
26.5581,-99.1372,233
30.7053,-104.0233,328
