35.8489,-97.4797,239
63.9647,-145.1050,44
34.1925,-86.7972,211
40.7928,-87.7556,133
35.1228,-99.3600,233
45.4825,-120.7236,200
39.3669,-101.7000,133
35.9328,-88.7267,183
34.7281,-90.3683,194
38.7386,-87.4878,150
32.8978,-90.8853,222
34.3086,-95.9969,211
35.8989,-98.9603,228
36.4119,-97.6939,211
36.1472,-97.2858,228
36.1208,-97.0953,233
34.5989,-103.2161,189
35.6872,-90.0964,183
35.2358,-97.4647,217
36.1167,-97.6067,222
39.4833,-83.8500,150
35.6214,-88.8456,189
34.8219,-89.4347,156
34.7675,-106.7611,211
38.5200,-89.8467,189
36.5994,-89.9894,144
36.2872,-88.2958,228
31.0383,-85.8708,267
34.4744,-91.4172,211
34.5519,-96.7178,222
36.3925,-89.0317,211
33.8936,-97.2692,233
35.5083,-98.7750,211
30.7342,-85.0306,-178
36.7081,-98.7094,233
35.7197,-86.9653,194
35.1867,-102.0797,211
35.8819,-83.9572,228
31.3706,-100.4942,233
44.6342,-123.1900,172
44.0708,-93.5264,156
40.0739,-87.5067,172
34.6892,-86.8819,228
41.8161,-80.4250,156
35.4842,-98.4814,228
35.2722,-97.9553,222
34.0356,-96.9433,217
43.2828,-123.3536,183
36.1056,-82.8436,183
40.4719,-74.4364,167
36.2633,-98.4975,233
36.4711,-86.8414,189
34.2392,-98.7444,228
32.8986,-80.0403,244
63.9033,-152.2817,50
35.0708,-96.3561,222
35.1489,-98.4658,250
34.9142,-98.2922,200
34.1647,-88.7239,167
35.2050,-99.8033,222
41.4439,-86.9294,150
35.4139,-86.8086,206
32.0997,-91.7022,228
36.0286,-99.3464,217
40.1100,-87.9567,122
35.5419,-97.3414,233
42.0208,-93.7742,156
30.5497,-84.5836,239
32.2061,-90.5133,256
36.7256,-99.1422,228
30.5467,-87.8808,244
33.3867,-97.7164,244
35.8542,-97.9544,239
36.0147,-85.1314,178
35.3736,-83.7006,161
31.4269,-94.8942,206
44.2394,-95.3153,172
34.1936,-97.5881,211
31.2353,-88.9186,233
41.1453,-85.4897,144
39.7194,-76.8028,172
36.3558,-97.1531,206
45.5900,-95.8744,144
36.7925,-97.7458,211
40.8142,-85.1547,117
36.0642,-97.2128,228
34.5289,-97.7647,239
35.6528,-96.8042,206
35.1297,-89.8036,156
35.4017,-99.0583,222
33.8103,-91.2778,194
36.8314,-99.6411,239
36.4231,-99.4167,233
38.9422,-92.3200,183
44.9847,-93.1772,172
34.6089,-96.3331,217
36.7481,-98.3628,244
34.8358,-99.4239,222
42.1397,-87.7853,150
35.9986,-97.0481,228
29.6211,-96.3661,256
35.5461,-99.7278,228
31.8769,-105.2369,256
40.9361,-90.7197,183
47.0575,-109.9514,139
31.9461,-90.3775,222
34.7392,-90.7664,200
34.3325,-96.6789,211
36.8981,-96.9103,228
35.1131,-89.2122,206
35.0322,-97.9144,233
34.3997,-98.3458,217
35.2006,-103.6867,222
39.8058,-90.8236,172
36.3842,-98.1114,233
34.1678,-97.9883,222
35.5914,-99.2706,233
33.7092,-93.5564,217
40.4750,-86.9919,139
32.8472,-97.4761,244
35.8417,-98.5261,228
36.0719,-99.9031,228
35.5483,-98.0364,206
34.9678,-97.9519,228
34.7292,-98.5694,194
34.2281,-97.2014,217
34.5658,-96.9503,239
33.9208,-96.3203,222
41.6661,-111.8914,150
36.7542,-97.2544,233
34.8083,-98.0233,206
34.9819,-97.5208,211
34.5872,-99.3381,250
34.8494,-97.0031,211
41.0267,-86.5867,172
32.4714,-87.2314,239
44.8831,-85.6753,156
32.4219,-93.6381,256
36.0908,-106.0567,194
39.3925,-101.0689,211
34.6856,-99.8333,239
35.1714,-96.6311,217
36.6897,-108.3086,194
40.7833,-81.9167,133
45.6750,-111.1550,172
34.7156,-97.2292,217
34.4397,-99.1375,244
36.9869,-99.0108,222
34.1922,-97.0858,222
36.3444,-88.8636,206
34.9897,-99.0528,233
33.2422,-103.3611,217
38.5350,-121.7761,250
33.4311,-90.9108,222
34.1381,-88.9983,211
46.7281,-116.9558,161
38.4931,-88.9703,183
31.1414,-87.0486,228
33.4692,-88.7822,222
34.1864,-90.5572,189
31.3625,-85.3397,233
36.1903,-99.0403,239
34.7986,-96.6692,217
40.2539,-85.1483,156
