39.1353,-96.6778,40
42.2667,-84.4667,180
34.7675,-114.6189,220
55.2208,-162.7325,270
43.1544,-93.3269,360
38.8000,-97.6500,120
39.6014,-116.0056,170
38.0494,-103.5122,100
47.4933,-122.2144,310
40.6331,-93.9019,150
67.7317,-164.5483,20
40.6508,-75.4492,90
41.8031,-78.6403,140
39.0725,-95.6261,320
33.6300,-84.4417,50
36.0097,-94.1694,200
32.8192,-97.3614,120
30.4119,-89.0808,80
29.6333,-83.1053,350
39.4203,-83.8217,230
42.7611,-87.8136,220
35.9403,-89.8308,50
38.7550,-109.7542,170
36.4731,-82.4044,360
41.5944,-109.0528,200
36.1625,-97.0894,160
13.4836,144.7961,130
44.3592,-84.6739,150
30.5069,-86.9597,60
32.2997,-86.4075,310
41.3103,-95.8992,100
41.7872,-111.8533,190
38.8483,-77.0342,60
30.7044,-87.0231,180
17.7028,-64.8056,100
42.1128,-92.9175,210
60.7850,-161.8292,340
42.5844,-110.1075,110
33.8750,-84.3022,110
37.1431,-107.7597,230
42.4092,-83.0100,170
48.5614,-93.3981,30
8.7333,167.7333,80
30.3567,-95.4139,120
37.7081,-77.4344,30
34.6525,-86.9453,140
44.3394,-105.5419,30
44.8831,-93.2289,340
48.3042,-114.2636,90
30.3361,-81.5147,80
44.3853,-74.2067,220
41.3275,-72.0494,140
35.1967,-81.1558,20
31.9206,-102.3867,130
31.8606,-86.0122,210
34.2675,-77.8997,40
46.7439,-117.1086,10
37.6197,-122.3647,280
55.0389,-131.5786,110
6.9667,158.2167,50
32.8978,-97.0189,110
28.5453,-81.3331,80
28.1011,-80.6439,70
39.4019,-77.9844,10
32.1314,-110.9553,270
39.9492,-74.8417,100
41.1961,-112.0114,320
41.7219,-71.4325,180
46.9208,-114.0925,10
37.3031,-108.6275,180
35.6875,-117.6931,170
31.5356,-84.1944,140
42.6650,-83.4181,160
41.6236,-98.9517,90
44.2558,-121.1392,340
44.8428,-117.8086,320
29.3600,-99.1742,90
36.3189,-119.6289,180
32.1300,-81.2100,230
46.7994,-102.7972,110
36.1994,-95.8872,180
32.7000,-117.2000,210
45.6194,-121.1661,340
36.4486,-103.1539,200
61.5961,-149.0917,140
39.6092,-110.7547,140
33.6361,-91.7556,50
34.6439,-86.7861,130
39.5936,-84.2264,150
42.8783,-100.5500,330
34.2900,-93.0600,350
35.7425,-81.3819,100
46.9253,-96.8111,10
37.7214,-122.2208,280
40.3161,-78.8339,140
44.4683,-73.1500,190
57.0481,-135.3647,110
29.5442,-98.4839,120
34.5183,-109.3792,220
42.3811,-122.8722,290
45.7881,-111.1608,220
35.5931,-88.9167,360
48.2138,-106.6213,120
44.7694,-106.9689,140
38.8761,-98.8092,150
39.2972,-94.7306,20
28.0836,-97.0464,130
39.2775,-120.7103,280
33.4964,-90.0867,40
34.8822,-95.7831,160
41.5097,-72.8278,180
43.9906,-70.9475,100
30.6794,-88.2397,360
39.7333,-77.4333,40
36.6817,-101.5053,180
38.7667,-104.3000,90
41.7700,-88.4814,190
32.4833,-80.7167,360
38.9286,-90.4281,260
36.6206,-116.0278,220
40.2964,-78.3203,140
7.4500,151.8333,50
37.2353,-93.4003,130
36.7367,-97.1019,140
46.2667,-119.1167,250
43.3500,-73.6167,160
9.4833,138.0833,360
26.9172,-81.9914,110
30.5892,-96.3647,190
47.2856,-68.3133,160
33.6186,-114.7142,180
39.0083,-95.2117,170
34.3478,-85.1611,100
60.7850,-148.8389,80
46.4794,-84.3572,140
34.0561,-117.6003,310
41.7781,-80.6958,110
43.1111,-76.1039,160
40.6675,-89.6839,270
42.1578,-72.7161,170
33.2208,-92.8142,50
47.0492,-109.4578,90
35.0419,-106.6156,190
32.3347,-88.7442,350
30.9119,-102.9167,160
45.0619,-93.3508,10
41.5333,-71.2833,180
39.6428,-79.9164,120
39.8328,-104.6575,60
32.3367,-90.2214,350
48.5428,-109.7633,90
25.6475,-80.4331,120
41.4653,-90.5233,260
28.8614,-96.9303,150
34.5583,-98.4172,160
39.4519,-87.3089,210
45.6308,-89.4653,10
40.6239,-74.6694,140
48.3500,-122.6667,230
29.3331,-89.4075,340
25.9989,-80.2411,100
33.8117,-78.7239,50
40.0489,-107.8853,180
33.8719,-117.9789,170
63.9944,-145.7214,180
40.1667,-103.2167,70
35.4344,-119.0542,320
21.9839,-159.3405,80
26.5361,-81.7550,110
25.9156,-97.4186,140
34.4258,-119.8425,260
37.2839,-98.5528,180
45.6906,-118.8528,20
43.5164,-112.0672,350
42.6425,-77.0564,180
34.7442,-87.5997,100
32.8667,-117.1333,180
42.0800,-80.1825,140
66.8667,-162.6333,10
36.9839,-77.0075,10
35.2325,-75.6219,140
44.9047,-97.1494,30
41.4333,-99.6333,100
42.8050,-72.0036,190
44.0219,-82.7931,110
59.2433,-135.5094,60
42.1094,-77.9919,160
33.1803,-96.5903,140
42.8375,-103.0953,90
44.5761,-71.1786,140
34.6081,-79.0592,20
42.7461,-86.0967,230
38.2281,-85.6636,290
32.2622,-107.7206,250
33.4278,-112.0039,160
43.1406,-89.3453,300
33.1783,-86.7817,120
38.9597,-94.3714,170
42.5708,-77.7133,150
45.5114,-118.4247,290
26.5850,-81.8614,110
26.2281,-97.6542,110
42.3978,-90.7036,280
39.0431,-84.6717,230
38.5039,-122.8103,130
33.9228,-118.3342,260
36.1336,-80.2222,40
39.1667,-76.6833,50
32.7800,-79.9319,100
32.6808,-96.8681,110
43.4075,-94.7461,70
43.7667,-98.0333,30
60.1283,-149.4167,340
29.5189,-95.2417,130
39.1258,-123.2008,320
40.2172,-76.8514,120
40.2383,-75.5572,50
33.4825,-90.9853,340
35.2578,-113.9331,220
47.9078,-122.2803,340
45.2486,-122.7686,360
38.8853,-79.8528,320
34.2622,-88.7714,30
48.2553,-101.2733,40
43.7694,-87.8506,320
43.9636,-69.7117,170
43.0661,-108.4767,70
37.3208,-79.2067,40
35.0028,-105.6628,240
32.7336,-117.1831,220
43.7331,-103.6114,360
45.5511,-122.4089,320
27.6531,-80.2428,30
39.3667,-75.0667,90
41.2639,-72.8872,130
29.2733,-94.8592,160
43.5331,-84.0797,220
43.2119,-90.1814,260
46.9728,-123.9303,260
37.2847,-120.5128,310
46.8706,-68.0172,160
39.4900,-121.6183,20
39.4494,-74.5672,90
39.7556,-82.6572,150
35.1822,-103.6031,210
32.5161,-84.9422,70
47.4733,-111.3822,60
29.3389,-98.4719,130
39.2953,-114.8467,160
38.0653,-97.8606,180
38.3775,-121.9575,200
44.5444,-110.4211,250
42.1594,-76.8919,150
26.1522,-81.7753,280
42.0647,-104.1528,80
37.7086,-113.0944,190
44.2033,-72.5794,170
40.9781,-124.1086,320
35.8517,-97.4142,170
39.9181,-76.8742,130
42.6003,-123.3642,320
18.4325,-66.0108,70
33.6267,-116.1594,340
38.3794,-81.5900,260
42.0572,-102.8000,120
40.3547,-79.9217,160
36.1189,-86.6892,290
39.5514,-97.6508,40
37.7608,-99.9683,170
36.2117,-115.1958,180
59.6419,-151.4908,140
42.8153,-108.7261,360
34.7436,-118.7242,180
34.7411,-118.2117,240
41.7072,-86.3164,250
33.9786,-98.4928,160
40.5100,-101.6200,110
33.9381,-118.3889,270
39.7078,-77.7297,120
40.8203,-82.5178,150
34.6294,-118.0836,220
29.9800,-95.3600,130
36.5881,-121.8453,230
33.5656,-86.7450,40
47.6831,-117.3214,10
32.0311,-96.3989,90
41.8756,-71.0211,90
31.3558,-85.7511,340
40.7794,-73.8803,60
40.3300,-75.1225,40
32.8342,-115.5786,270
42.1469,-121.7242,10
47.1686,-88.4889,30
39.6728,-75.6008,60
37.4389,-105.8614,200
30.4000,-81.4167,30
47.3978,-120.2014,310
27.7411,-98.0247,110
33.8117,-118.1464,160
40.6161,-83.0636,160
37.7064,-112.1456,140
43.3497,-76.3847,200
42.9667,-83.7494,230
59.4556,-135.3239,220
36.0969,-79.9433,50
30.7439,-95.5861,190
64.7767,-141.1483,150
40.8500,-74.0614,130
32.8519,-96.8556,160
43.9042,-92.4917,340
29.1097,-95.4619,130
64.5111,-165.4400,330
60.5797,-151.2392,10
31.9514,-85.1289,160
35.6169,-106.0889,300
38.0442,-87.5206,340
28.8208,-81.8097,100
44.3981,-98.2231,60
35.3331,-94.3625,50
38.5714,-90.1572,290
46.0947,-118.2869,40
47.3864,-92.8389,30
45.9647,-112.5006,320
41.3461,-82.1794,170
41.0375,-81.4642,110
38.6892,-75.3592,50
43.3436,-72.5178,130
62.9575,-155.6103,30
41.5886,-83.8014,200
46.5683,-120.5428,330
60.4889,-145.4511,120
44.7978,-68.8186,200
41.5272,-85.7922,160
36.7683,-96.0261,140
28.4567,-99.2183,120
39.3669,-101.7000,240
37.5050,-77.3203,20
41.1783,-78.8989,120
44.1708,-114.9272,350
40.0972,-92.5433,200
45.5644,-84.7928,80
41.5631,-83.4764,40
46.1236,-67.7928,190
33.5872,-85.8556,360
41.2433,-76.9217,180
34.1167,-119.1167,280
30.7825,-83.2767,20
33.6228,-111.9106,150
46.9733,-122.9033,350
46.1442,-115.5964,180
44.7408,-85.5825,170
38.9833,-76.4667,40
46.3747,-117.0156,330
47.4444,-122.3139,340
39.3644,-84.5247,290
45.1947,-123.1339,30
39.3792,-74.4242,70
66.0689,-162.7639,290
31.8311,-104.8089,110
32.7667,-97.4500,200
48.7939,-122.5372,270
38.8169,-92.2183,270
64.5500,-149.0717,160
43.4133,-124.2436,360
42.4167,-87.8667,200
45.5464,-100.4078,90
34.8461,-82.3461,50
35.8922,-78.7819,20
41.2531,-70.0608,60
46.4167,-86.6500,170
41.6328,-91.5431,180
38.1847,-84.9033,230
46.5311,-87.5483,360
35.8550,-77.8931,360
47.3078,-119.5153,320
40.3667,-75.9667,70
42.2347,-85.5519,270
36.6950,-76.1356,50
32.8547,-109.6353,290
36.7725,-90.3247,210
37.3278,-95.5042,190
26.0719,-80.1536,100
28.7797,-81.2436,50
57.7511,-152.4856,290
30.6264,-88.0681,40
21.1544,-157.0961,30
33.9481,-83.3275,70
32.4506,-93.8411,160
39.3450,-81.4392,150
44.0511,-101.6011,60
34.6517,-112.4208,170
19.7356,-156.0489,260
44.3675,-71.5450,190
37.8892,-121.2258,280
31.5883,-110.3442,240
42.7267,-114.4564,220
42.9333,-71.4383,130
33.4669,-82.0386,40
38.5050,-107.8975,240
47.9428,-97.1839,30
41.6764,-70.9583,160
42.5950,-87.9381,250
33.9486,-81.1186,10
34.4978,-82.7097,60
45.6983,-110.4408,60
28.4736,-82.4544,40
55.3567,-131.7117,130
30.7167,-87.0167,200
42.1244,-86.4267,240
47.9375,-124.5550,260
46.0261,-91.4442,10
41.8056,-107.1997,60
19.7192,-155.0531,60
33.4536,-94.0075,180
32.8986,-80.0403,130
32.5500,-88.5667,20
38.3083,-75.1239,50
41.5092,-74.2650,220
35.2578,-93.0947,90
38.8317,-94.8897,170
34.2167,-119.0833,240
37.0911,-95.5664,180
41.7803,-124.2367,340
43.6497,-70.3003,150
44.5483,-95.0803,320
38.1311,-91.7683,210
37.1319,-76.4930,360
43.5667,-116.2406,300
42.7803,-84.5789,250
55.5800,-133.0750,140
40.9706,-85.2064,210
40.8508,-96.7475,240
48.1739,-103.6367,100
44.8322,-93.4706,340
38.1417,-76.4292,40
36.9647,-86.4239,280
62.1592,-145.4589,150
43.1644,-95.2017,50
34.1853,-79.7239,30
35.0678,-77.0481,150
37.6544,-97.4425,150
27.7839,-97.5108,110
41.6117,-90.5808,220
41.7861,-87.7522,170
35.0169,-80.6206,30
40.7833,-91.1253,250
43.1561,-90.6775,260
30.2333,-81.6667,340
33.2061,-97.1989,160
39.5264,-107.7264,200
26.1969,-80.1708,100
40.7781,-111.9694,310
47.0339,-120.5303,320
40.8436,-72.6322,120
39.5781,-85.8033,260
58.3567,-134.5639,110
61.1781,-149.9664,170
44.0206,-117.0128,330
25.7906,-80.3164,100
42.4272,-73.2892,170
40.4953,-107.5211,20
45.6689,-96.9914,20
36.3333,-119.9500,350
41.2731,-111.0306,80
36.2606,-76.1750,220
45.4558,-98.4131,20
38.2103,-122.2847,200
30.4844,-81.7019,140
42.8914,-73.2469,180
41.6264,-80.2150,100
33.3633,-84.5658,110
43.5950,-118.9564,330
41.9922,-93.6217,190
42.1908,-71.1736,80
40.1519,-122.2536,10
31.3500,-85.6667,90
42.2333,-83.5333,160
41.9144,-88.2464,180
27.5333,-99.4667,150
34.4272,-100.2831,170
42.6958,-73.1708,190
37.7461,-97.2211,160
44.9358,-74.8458,40
59.7494,-154.9089,160
32.5428,-93.7450,160
35.0564,-89.9864,30
32.9733,-97.3181,150
34.2008,-119.2069,260
39.9061,-84.2186,150
43.8789,-91.2528,300
37.2622,-104.3378,170
30.0375,-91.8839,10
18.3331,-64.9667,130
36.0394,-95.9844,170
28.7247,-96.2536,140
36.9878,-120.1106,240
37.6928,-121.8144,250
41.1078,-92.4467,210
38.2900,-104.4983,130
45.7728,-122.8611,350
56.6000,-169.5650,20
37.9917,-122.0550,190
35.9508,-85.0814,340
43.7700,-88.4864,290
38.6956,-121.5897,160
40.8206,-76.8642,170
61.1689,-150.0278,150
40.4122,-86.9369,110
38.7642,-87.6056,250
28.0622,-81.7542,110
41.8706,-103.5931,90
45.6208,-122.6572,340
29.7333,-85.0333,180
28.4339,-81.3250,50
34.7272,-92.2389,90
42.4700,-71.2894,100
27.4981,-80.3767,70
42.5700,-72.2911,200
33.4050,-118.4158,110
32.6500,-114.6167,200
7.3333,134.4833,320
59.4433,-151.7017,160
33.7792,-84.5214,90
45.8183,-88.1144,360
39.5703,-104.8489,110
36.2967,-99.7689,170
71.2833,-156.7814,40
44.9319,-93.0556,330
70.1917,-148.4772,60
40.5175,-122.2986,40
41.3497,-71.7989,150
33.9519,-117.4386,280
47.6458,-101.4394,80
32.3500,-91.0278,30
45.6478,-68.6925,110
34.8831,-82.2203,50
46.1569,-123.8825,310
40.7083,-84.0267,260
47.9742,-117.4283,290
64.8039,-147.8761,120
39.1033,-84.4189,190
32.3206,-90.0778,20
41.2544,-80.6739,130
21.3239,-157.9294,70
44.3592,-89.8369,310
38.6572,-90.6558,360
43.9922,-76.0217,260
15.1167,145.7167,80
35.0281,-110.7208,200
30.4000,-86.4717,330
40.2342,-85.3936,320
40.1764,-80.6472,130
37.2253,-89.5706,260
42.9203,-112.5711,340
36.0167,-102.5500,130
44.3206,-69.7972,180
30.7797,-86.5225,150
37.2958,-81.2078,140
36.9358,-121.7886,140
33.6800,-117.8664,200
21.4500,-157.7833,60
37.6542,-122.1150,290
34.7917,-79.3661,30
40.8764,-74.2831,110
31.3347,-92.5586,60
58.6794,-156.6294,290
39.9369,-91.1919,130
59.5119,-139.6711,140
42.3606,-71.0106,110
34.7336,-76.6606,180
44.1278,-123.2206,10
38.1811,-85.7392,230
40.0228,-82.4625,100
46.9006,-95.0678,50
45.6044,-103.5464,70
62.9614,-141.9292,150
42.8975,-106.4636,90
26.6847,-80.0994,50
29.9506,-94.0206,30
33.3075,-104.5083,170
44.5169,-108.0822,330
27.6833,-97.2833,130
44.5228,-114.2150,350
32.3847,-94.7117,110
31.8111,-106.3758,240
37.7797,-89.2497,170
32.3336,-104.2581,160
37.3592,-121.9239,110
41.1519,-104.8061,110
41.4914,-120.5644,120
34.9894,-99.0525,180
42.7172,-71.1239,110
41.0669,-73.7075,80
30.8356,-85.1839,50
33.3644,-81.9633,340
43.1711,-86.2367,200
45.8069,-108.5422,300
43.2339,-75.4117,190
36.9261,-111.4478,180
32.6847,-83.6528,30
35.4319,-82.5375,170
47.2078,-119.3192,300
36.7436,-108.2292,220
40.8731,-81.8867,150
48.1203,-123.4983,290
39.2956,-80.2289,110
64.3267,-158.7417,40
29.9933,-90.2511,170
38.5069,-121.4950,230
42.9550,-87.9044,210
37.9406,-75.4631,40
38.8983,-119.9947,140
33.9753,-117.6361,250
43.6264,-72.3047,180
34.8536,-116.7858,260
48.7167,-94.6000,70
40.4719,-81.4236,100
30.0481,-102.2131,140
34.2006,-118.3575,150
31.4156,-87.0442,310
30.3503,-81.8831,100
40.0681,-118.5692,330
38.8500,-94.7392,130
46.0139,-102.6547,70
36.9033,-76.1922,80
42.5544,-92.4011,360
37.0683,-88.7719,350
42.9486,-78.7369,210
34.9914,-78.8803,350
31.3214,-85.4497,70
39.4167,-118.7167,290
29.6919,-82.2756,70
31.4583,-109.6061,330
35.6575,-109.0614,190
38.5911,-92.1558,140
38.3650,-82.5550,310
33.1281,-117.2794,220
48.0944,-105.5744,120
31.1500,-92.9667,30
35.6697,-120.6283,210
43.1953,-71.5011,160
35.6542,-105.1419,210
35.8181,-83.9858,360
34.9869,-81.0575,360
42.7972,-105.3856,90
46.7708,-100.7603,80
41.8833,-91.7167,230
35.8311,-90.6464,100
35.1350,-90.2344,50
41.0467,-78.4117,100
32.4106,-99.6822,130
31.9433,-102.1889,140
41.6267,-73.8842,150
47.4667,-87.8833,360
40.0803,-95.5919,160
35.2236,-80.9553,30
42.3914,-96.3792,100
41.5175,-81.6836,140
34.1750,-91.9347,30
29.1828,-81.0483,60
36.0719,-115.1633,200
31.4000,-93.2833,10
38.3306,-96.1897,70
46.6056,-111.9636,180
40.6044,-98.4272,330
47.3258,-106.9475,120
38.7525,-90.3736,270
40.2064,-100.5914,110
46.8369,-92.2097,90
42.5417,-113.7661,260
37.7836,-81.1231,130
41.1214,-100.6694,110
43.3906,-99.8422,300
29.3783,-100.9269,130
29.6381,-95.2819,180
31.2819,-89.2531,60
43.9658,-107.9508,330
37.6703,-95.4842,160
32.7817,-98.0603,150
39.2447,-102.2842,40
41.7419,-72.1836,170
41.7806,-122.4717,40
34.2097,-118.4892,170
45.5908,-122.6003,320
42.2228,-83.7444,140
45.8678,-95.3942,300
34.0500,-94.4008,180
35.3889,-97.6006,150
24.5833,-81.6833,180
46.4047,-94.1308,80
41.3375,-84.4289,200
34.0158,-118.4514,210
31.4208,-110.8458,270
30.4636,-88.5319,330
47.5303,-122.3008,290
40.8217,-72.8689,140
39.1019,-121.5678,150
43.9844,-88.5569,310
31.8456,-86.6108,10
43.0206,-102.5183,350
33.0375,-116.9158,170
39.9444,-81.8922,240
42.7431,-73.8092,190
34.3622,-98.9761,160
44.2667,-71.2994,270
40.0819,-75.0111,60
45.2575,-112.5545,290
44.8664,-91.4878,270
37.3711,-118.3581,360
40.4847,-80.2144,120
41.9856,-97.4353,120
24.5550,-81.7522,140
35.5144,-108.7939,240
39.1342,-108.5400,220
38.3000,-76.4167,40
44.5344,-72.6144,160
33.2367,-107.2681,180
31.3089,-86.3939,110
39.8683,-75.2311,30
34.2486,-82.1592,40
61.2169,-149.8550,190
40.0397,-88.2778,230
39.8447,-89.6839,210
43.8339,-111.8045,40
30.0675,-95.5561,130
48.4608,-119.5167,20
39.1208,-94.5969,190
41.6686,-70.2800,360
42.1928,-89.0931,200
35.2333,-101.7089,160
35.6950,-101.3950,180
36.5728,-79.3361,40
34.7000,-77.3833,340
30.4781,-87.1869,50
40.1203,-76.2944,110
35.6567,-95.3614,160
44.0433,-103.0536,80
32.7100,-96.2672,150
41.2003,-74.6231,120
37.2833,-102.6139,160
27.7628,-82.6261,130
40.7342,-73.4169,120
34.9000,-76.8833,140
42.4933,-79.2722,200
41.6875,-69.9933,60
40.2769,-74.8158,100
30.5372,-91.1469,50
44.4983,-88.1111,230
30.2050,-91.9875,10
34.5467,-93.5781,80
47.4569,-115.6450,330
41.9381,-72.6825,180
41.8678,-84.0794,230
30.3975,-84.3289,240
41.1389,-75.3794,100
42.5519,-71.7558,120
27.9619,-82.5403,270
29.6222,-95.6564,150
34.9883,-117.8647,240
42.2314,-83.3308,150
36.8781,-91.9025,190
34.8994,-120.4486,280
40.0781,-83.0781,120
32.5722,-116.9794,260
46.5486,-90.9189,30
42.1997,-75.9850,150
20.8997,-156.4286,30
39.3756,-99.8297,360
37.6242,-120.9506,290
35.9461,-112.1547,210
33.8281,-116.5053,330
27.9106,-82.6875,120
30.3208,-97.7603,130
36.2667,-93.1567,150
30.1831,-97.6800,110
30.8458,-85.6014,330
34.2719,-83.8303,70
36.9500,-76.2833,70
41.9950,-87.9336,190
41.3336,-75.7269,170
26.2500,-80.1083,110
45.5433,-94.0514,50
37.1681,-97.0369,170
62.3200,-150.0950,330
27.5000,-97.8167,130
44.3814,-106.7211,350
35.0311,-85.2014,180
43.2781,-70.9222,160
46.3583,-104.2500,90
45.8258,-119.2611,240
33.9706,-80.9958,290
42.5842,-70.9175,130
37.1467,-94.5022,180
70.2117,-151.0017,40
44.6381,-90.1875,240
39.4781,-88.2803,180
32.8158,-117.1394,180
30.5108,-99.7664,140
44.8889,-116.1017,10
36.7414,-104.5022,150
32.3542,-95.4025,200
32.6261,-116.4681,230
40.1936,-76.7633,60
34.1231,-84.8486,110
38.0700,-102.6881,190
39.1894,-103.7158,80
36.2833,-94.3000,190
38.9503,-95.6639,360
31.2361,-94.7544,110
41.3325,-122.3328,290
37.0872,-84.0769,270
38.1386,-78.4530,30
41.7636,-96.1778,170
35.2100,-99.1200,160
46.4267,-105.8825,50
31.6189,-97.2283,130
27.4014,-82.5586,80
38.9408,-77.4636,50
40.4422,-109.5144,30
33.6883,-112.0817,130
38.8100,-104.6883,150
29.7036,-98.0281,130
35.9333,-79.0642,30
45.0717,-83.5644,120
39.8250,-86.2958,270
47.2675,-122.5761,10
33.2194,-117.3494,210
44.9050,-123.0011,10
41.5339,-93.6531,200
42.5906,-117.8644,20
25.9069,-80.2803,140
41.0136,-83.6686,160
36.6239,-87.4194,270
40.7789,-73.9692,80
37.4058,-122.0481,360
26.1658,-97.3458,120
31.1522,-81.3908,60
42.2706,-71.8731,150
37.9272,-100.7247,150
47.7472,-90.3444,230
30.1250,-93.2158,20
44.6500,-73.4667,170
31.3928,-92.2956,50
21.3167,-158.0667,120
18.2550,-65.6408,300
66.9161,-151.5089,20
40.8289,-115.7886,210
31.3711,-100.4922,140
31.7800,-103.2017,130
24.7258,-81.0517,120
35.1442,-111.6664,170
30.7406,-98.2353,180
40.6386,-73.7622,110
46.9258,-98.6692,40
38.0408,-84.6058,250
39.8233,-93.5792,170
38.7042,-93.1833,310
40.7939,-73.1017,120
39.7075,-86.2803,280
37.3169,-79.9742,200
41.3931,-70.6150,100
45.5406,-122.9486,330
39.9914,-82.8808,130
26.1839,-98.2539,140
41.3119,-105.6747,130
36.6636,-121.6081,260
30.0494,-90.0289,70
42.3075,-85.2511,240
41.0089,-74.7367,210
40.9017,-117.8081,40
40.6825,-74.1694,130
44.9258,-89.6256,280
45.4622,-69.5953,120
32.6636,-97.0939,110
38.3406,-75.5103,50
39.7736,-94.9233,120
48.6033,-112.3753,100
34.6719,-82.8864,100
57.1553,-170.2222,350
47.2381,-123.1408,110
39.2231,-106.8683,270
33.4617,-80.8581,340
36.3689,-92.4703,170
41.4525,-87.0058,210
44.3814,-100.2856,80
31.0425,-86.3117,80
43.5878,-96.7289,50
45.0319,-102.0192,110
30.3489,-85.7881,30
41.7361,-72.6506,150
33.2119,-87.6161,30
43.1167,-77.6767,200
35.5342,-97.6469,170
41.3714,-73.4828,140
43.1072,-78.9453,240
42.1208,-87.9047,180
43.2389,-123.3547,10
33.6542,-101.8136,150
41.9097,-70.7294,50
38.4167,-113.0167,210
30.3433,-89.8222,170
40.9611,-98.3136,70
39.4839,-119.7711,40
45.0133,-84.7014,190
39.1333,-86.6167,240
32.5156,-92.0406,340
37.5908,-83.3131,130
31.6072,-110.4281,250
36.7800,-119.7194,260
35.2372,-120.6414,310
47.6217,-117.5281,10
41.0731,-71.9233,70
36.8167,-76.0333,60
42.8939,-85.5447,220
31.1828,-90.4708,70
36.0236,-84.2375,280
38.5000,-77.3000,80
40.9167,-81.4333,180
34.0511,-118.2353,260
38.0511,-117.0903,320
48.5222,-123.0231,220
41.4131,-81.8600,130
39.2292,-106.3169,160
