40.7264,-122.7947,322
38.8586,-99.3358,272
37.9050,-93.3169,244
44.7764,-108.7592,272
40.4750,-86.9919,267
42.9592,-120.7897,256
40.2842,-109.8611,267
34.5822,-119.9817,306
40.1739,-101.0611,311
36.4622,-116.8669,350
42.8767,-77.0308,244
40.2233,-86.1086,278
38.4661,-101.7758,278
34.9881,-120.3211,300
38.7978,-99.7231,294
37.7617,-117.5658,278
39.0422,-108.4664,300
36.0147,-85.1314,278
36.5575,-105.2628,267
35.4072,-104.1906,372
45.6911,-118.8522,200
36.5508,-114.4581,322
39.3925,-101.0689,278
41.6661,-111.8914,283
40.2539,-85.1483,317
26.5581,-99.1372,200
30.7053,-104.0233,272
37.9931,-100.8122,289
45.4825,-120.7236,206
