32.5667,-117.1167,1259
30.0494,-90.0289,447
43.9906,-70.9475,1352
45.6194,-121.1661,1342
47.2767,-121.3372,946
34.2008,-119.2069,1642
64.7767,-141.1483,753
35.0169,-80.6206,1559
38.3000,-76.4167,1549
41.3461,-82.1794,1249
37.7461,-97.2211,1009
34.9883,-117.8647,1528
42.5950,-87.9381,1311
39.7333,-77.4333,1108
41.6764,-70.9583,1501
42.2333,-83.5333,1527
36.7414,-104.5022,1638
41.2531,-70.0608,957
31.3558,-85.7511,1941
37.3278,-95.5042,950
41.6264,-80.2150,1357
60.1283,-149.4167,1530
61.2169,-149.8550,1308
64.5500,-149.0717,148
36.9839,-77.0075,1232
40.0681,-118.5692,1439
21.4500,-157.7833,354
38.8761,-98.8092,1331
41.0089,-74.7367,1218
26.5361,-81.7550,1450
64.3267,-158.7417,1503
41.9097,-70.7294,1444
42.6958,-73.1708,1347
42.6425,-77.0564,1203
41.6686,-70.2800,1426
59.7494,-154.9089,2058
37.0911,-95.5664,1546
39.9369,-91.1919,1427
41.4525,-87.0058,1136
40.8764,-74.2831,1745
42.5519,-71.7558,1322
32.5428,-93.7450,1703
41.2639,-72.8872,1245
62.3200,-150.0950,243
47.5303,-122.3008,1535
42.1094,-77.9919,201
34.9869,-81.0575,1020
40.8436,-72.6322,1407
41.0731,-71.9233,1152
36.3333,-119.9500,1547
33.4050,-118.4158,1729
40.8217,-72.8689,1507
42.4092,-83.0100,20
35.6169,-106.0889,1635
42.7611,-87.8136,1448
41.5631,-83.4764,926
30.7797,-86.5225,1847
38.6956,-121.5897,1629
27.9106,-82.6875,1347
40.1203,-76.2944,1140
32.7667,-97.4500,1403
38.4167,-113.0167,1655
46.4167,-86.6500,1332
47.9078,-122.2803,1030
45.8183,-88.1144,1046
66.9161,-151.5089,1309
41.5333,-71.2833,1210
28.4736,-82.4544,1539
17.7028,-64.8056,1440
48.5222,-123.0231,950
40.6161,-83.0636,956
42.4167,-87.8667,1257
70.6392,-159.9950,1759
31.9514,-85.1289,1346
35.9333,-79.0642,1557
18.3331,-64.9667,1049
41.8678,-84.0794,0
44.3675,-71.5450,1411
43.7700,-88.4864,1311
46.0261,-91.4442,57
41.5175,-81.6836,823
24.5833,-81.6833,2126
41.5092,-74.2650,1319
36.8167,-76.0333,839
31.4156,-87.0442,806
40.2383,-75.5572,1423
35.5144,-108.7939,1319
48.1203,-123.4983,1104
38.8983,-119.9947,1531
32.8167,-115.6833,1842
28.0622,-81.7542,1541
39.7556,-82.6572,204
30.4000,-81.4167,3
18.4325,-66.0108,1501
31.6072,-110.4281,1443
63.9944,-145.7214,1246
46.5486,-90.9189,5
55.5800,-133.0750,1008
47.4933,-122.2144,730
35.1822,-103.6031,1142
21.3167,-158.0667,1347
59.4556,-135.3239,1222
37.7064,-112.1456,1518
60.7850,-148.8389,232
47.2675,-122.5761,1136
35.8550,-77.8931,1209
35.0028,-105.6628,1157
39.9181,-76.8742,1418
67.7317,-164.5483,227
30.6264,-88.0681,133
38.3083,-75.1239,1112
30.5069,-86.9597,713
37.1319,-76.4930,1255
41.7361,-72.6506,1537
22.0333,-159.7833,1223
39.5936,-84.2264,121
41.2003,-74.6231,1353
39.1033,-84.4189,1242
30.7044,-87.0231,629
37.7081,-77.4344,1244
39.4900,-121.6183,2004
34.9000,-76.8833,1439
42.8050,-72.0036,1211
41.3931,-70.6150,1155
39.3667,-75.0667,1424
31.3928,-92.2956,738
41.5097,-72.8278,1542
32.4833,-80.7167,1325
41.6875,-69.9933,1417
30.8458,-85.6014,2232
34.7000,-77.3833,1327
35.9403,-89.8308,1559
46.1442,-115.5964,1352
70.1917,-148.4772,956
43.2781,-70.9222,1040
59.4433,-151.7017,1133
30.3433,-89.8222,1037
40.6239,-74.6694,1227
31.8456,-86.6108,940
30.8356,-85.1839,2246
55.3567,-131.7117,1416
59.2433,-135.5094,2234
41.0375,-81.4642,1133
39.3644,-84.5247,1555
47.0339,-120.5303,1356
45.8258,-119.2611,1445
47.4667,-87.8833,2353
36.7436,-108.2292,1437
40.8500,-74.0614,1506
38.5000,-77.3000,1430
36.6950,-76.1356,1110
31.1500,-92.9667,1004
43.7694,-87.8506,1210
41.7781,-80.6958,3
32.5500,-88.5667,1305
41.7419,-72.1836,1450
56.6000,-169.5650,1903
38.7667,-104.3000,1844
42.6003,-123.3642,1222
48.7167,-94.6000,1240
47.3864,-92.8389,1539
42.2228,-83.7444,805
39.2775,-120.7103,1310
43.9636,-69.7117,1338
35.1350,-90.2344,1410
34.2097,-118.4892,1449
43.6264,-72.3047,1303
34.6719,-82.8864,1222
41.3714,-73.4828,1551
58.3567,-134.5639,2217
41.9144,-88.2464,1306
41.8756,-71.0211,1354
46.4047,-94.1308,1538
34.1167,-119.1167,1427
61.1689,-150.0278,846
47.7472,-90.3444,2346
42.6650,-83.4181,1702
43.2119,-90.1814,1135
47.1686,-88.4889,2353
40.0819,-75.0111,1452
43.3497,-76.3847,1401
40.8731,-81.8867,1519
31.3500,-85.6667,1015
39.4203,-83.8217,1532
34.7917,-79.3661,1417
34.8461,-82.3461,1423
44.5761,-71.1786,1451
37.1681,-97.0369,1252
31.0425,-86.3117,2227
43.1644,-95.2017,2046
62.9614,-141.9292,1420
57.0481,-135.3647,549
42.9333,-71.4383,1345
39.9492,-74.8417,1600
42.5700,-72.2911,1151
60.4889,-145.4511,618
45.4622,-69.5953,1143
42.4933,-79.2722,7
40.0781,-83.0781,844
62.1592,-145.4589,1844
60.5797,-151.2392,1224
39.4167,-118.7167,2214
42.4700,-71.2894,1351
31.3089,-86.3939,2056
35.6875,-117.6931,1619
42.1208,-87.9047,1145
38.9833,-76.4667,1529
47.4569,-115.6450,631
41.7700,-88.4814,735
38.9503,-95.6639,1345
36.9500,-76.2833,1034
31.5883,-110.3442,1603
40.7342,-73.4169,1423
40.8206,-76.8642,1149
29.3331,-89.4075,1444
42.1594,-76.8919,1337
42.7172,-71.1239,1300
40.0228,-82.4625,1613
42.1908,-71.1736,1213
66.0689,-162.7639,1210
41.3275,-72.0494,1249
41.0669,-73.7075,1007
41.7872,-111.8533,641
47.2381,-123.1408,1347
61.5961,-149.0917,225
38.0653,-97.8606,1456
41.0467,-78.4117,1426
42.5708,-77.7133,1538
61.1781,-149.9664,1517
32.7000,-117.2000,1442
42.1578,-72.7161,1125
40.3547,-79.9217,1456
35.1967,-81.1558,1426
27.5000,-97.8167,1335
30.7167,-87.0167,900
41.1961,-112.0114,1419
40.3300,-75.1225,1031
30.2333,-81.6667,2302
41.3497,-71.7989,522
41.7861,-87.7522,1431
40.2172,-76.8514,1231
27.6833,-97.2833,901
42.5842,-70.9175,1324
44.0219,-82.7931,1415
48.3500,-122.6667,1141
70.2117,-151.0017,13
30.4000,-86.4717,1800
32.8667,-117.1333,1355
43.2339,-75.4117,1307
39.6092,-110.7547,1543
30.4636,-88.5319,24
39.2956,-80.2289,1411
35.6542,-105.1419,1648
46.9006,-95.0678,1304
36.1336,-80.2222,1026
43.1072,-78.9453,1107
38.1417,-76.4292,1219
34.2486,-82.1592,1016
59.6419,-151.4908,2343
41.0136,-83.6686,822
36.0467,-79.4769,1639
