32.5667,-117.1167,290
40.2342,-85.3936,240
30.0494,-90.0289,60
43.9906,-70.9475,190
45.6194,-121.1661,90
47.2767,-121.3372,80
35.2333,-101.7089,130
34.2622,-88.7714,110
32.3367,-90.2214,100
32.6500,-114.6167,180
37.1431,-107.7597,190
37.4389,-105.8614,100
30.0481,-102.2131,280
34.2675,-77.8997,60
45.2486,-122.7686,360
46.7708,-100.7603,10
34.2008,-119.2069,270
35.2372,-120.6414,310
28.8208,-81.8097,240
43.0661,-108.4767,290
60.7850,-161.8292,310
64.7767,-141.1483,150
41.6117,-90.5808,220
37.2253,-89.5706,160
38.8169,-92.2183,240
27.4981,-80.3767,140
40.4122,-86.9369,230
38.9286,-90.4281,120
34.8822,-95.7831,20
35.0169,-80.6206,30
38.3000,-76.4167,110
36.2117,-115.1958,190
41.3461,-82.1794,180
40.9781,-124.1086,300
46.7994,-102.7972,20
37.7461,-97.2211,210
41.7806,-122.4717,150
33.0375,-116.9158,290
42.8153,-108.7261,220
34.9883,-117.8647,220
32.5722,-116.9794,280
36.0097,-94.1694,60
42.5950,-87.9381,250
39.6014,-116.0056,200
47.2856,-68.3133,250
34.1750,-91.9347,70
43.0206,-102.5183,350
39.7333,-77.4333,50
44.4683,-73.1500,190
41.8833,-91.7167,170
39.8233,-93.5792,190
43.5164,-112.0672,200
36.0394,-95.9844,180
29.7333,-85.0333,120
34.4258,-119.8425,260
43.9922,-76.0217,200
41.6764,-70.9583,200
44.1278,-123.2206,10
42.2333,-83.5333,140
31.3214,-85.4497,90
38.3794,-81.5900,130
46.9208,-114.0925,360
36.7414,-104.5022,260
41.2531,-70.0608,160
44.2558,-121.1392,340
41.5272,-85.7922,200
31.3558,-85.7511,100
44.3592,-89.8369,340
37.3278,-95.5042,180
41.6264,-80.2150,200
60.1283,-149.4167,150
43.9658,-107.9508,340
42.2667,-84.4667,310
35.1442,-111.6664,210
61.2169,-149.8550,340
40.0397,-88.2778,250
64.5500,-149.0717,80
26.2500,-80.1083,130
36.9839,-77.0075,90
48.4608,-119.5167,350
40.0681,-118.5692,190
21.4500,-157.7833,70
38.8761,-98.8092,150
30.0675,-95.5561,360
44.3394,-105.5419,10
41.0089,-74.7367,230
34.0511,-118.2353,270
37.9272,-100.7247,190
39.3792,-74.4242,90
26.5361,-81.7550,300
39.8447,-89.6839,160
37.2839,-98.5528,190
39.5703,-104.8489,360
64.3267,-158.7417,320
40.4847,-80.2144,170
30.5892,-96.3647,340
44.7694,-106.9689,20
44.0511,-101.6011,50
40.7789,-73.9692,180
44.5344,-72.6144,200
34.9894,-99.0525,160
35.3889,-97.6006,120
35.4344,-119.0542,320
33.9786,-98.4928,110
39.0725,-95.6261,160
36.3189,-119.6289,320
40.6825,-74.1694,360
40.0803,-95.5919,170
27.7839,-97.5108,320
41.9097,-70.7294,190
46.7439,-117.1086,120
42.9486,-78.7369,200
37.9917,-122.0550,330
42.6958,-73.1708,110
29.3389,-98.4719,40
42.6425,-77.0564,210
42.7431,-73.8092,170
42.0647,-104.1528,50
28.4339,-81.3250,220
44.3814,-100.2856,40
41.1519,-104.8061,340
44.3853,-74.2067,200
33.6267,-116.1594,340
37.6542,-122.1150,310
40.4422,-109.5144,350
34.0500,-94.4008,90
41.6686,-70.2800,200
38.3650,-82.5550,170
33.6228,-111.9106,240
41.1583,-73.1289,360
33.6361,-91.7556,50
59.7494,-154.9089,320
39.4519,-87.3089,200
36.7800,-119.7194,310
37.0911,-95.5664,200
30.0375,-91.8839,110
42.9550,-87.9044,10
42.1469,-121.7242,170
32.3542,-95.4025,70
39.9369,-91.1919,170
41.4525,-87.0058,210
37.7214,-122.2208,300
42.9667,-83.7494,180
37.2833,-102.6139,130
45.7728,-122.8611,330
40.8764,-74.2831,170
34.6517,-112.4208,280
36.0969,-79.9433,50
33.8117,-78.7239,100
33.1783,-86.7817,70
37.5050,-77.3203,110
45.0717,-83.5644,220
45.6689,-96.9914,50
38.9408,-77.4636,110
42.8939,-85.5447,180
42.5519,-71.7558,210
32.5428,-93.7450,40
41.2639,-72.8872,100
34.2006,-118.3575,170
58.6794,-156.6294,360
62.3200,-150.0950,20
47.5303,-122.3008,320
38.5050,-107.8975,330
45.4558,-98.4131,10
45.5511,-122.4089,90
42.1094,-77.9919,190
41.6328,-91.5431,160
33.2119,-87.6161,50
46.9253,-96.8111,360
46.1569,-123.8825,40
34.9869,-81.0575,20
40.8436,-72.6322,130
41.0731,-71.9233,150
41.3375,-84.4289,180
39.3669,-101.7000,10
36.3333,-119.9500,340
39.9444,-81.8922,130
33.4050,-118.4158,270
34.6294,-118.0836,250
34.4272,-100.2831,140
31.4208,-110.8458,310
37.3031,-108.6275,290
39.2292,-106.3169,310
44.5483,-95.0803,270
29.7036,-98.0281,70
33.8750,-84.3022,70
40.8217,-72.8689,150
42.5544,-92.4011,170
36.1189,-86.6892,100
32.6847,-83.6528,80
42.4092,-83.0100,190
36.6239,-87.4194,130
48.5428,-109.7633,80
32.2622,-107.7206,300
40.8203,-82.5178,160
31.3711,-100.4922,70
35.6169,-106.0889,20
30.3208,-97.7603,360
40.0489,-107.8853,300
41.5944,-109.0528,340
35.5931,-88.9167,90
42.7611,-87.8136,160
41.5631,-83.4764,200
47.4444,-122.3139,20
46.0947,-118.2869,280
39.3450,-81.4392,170
32.3500,-91.0278,100
32.9733,-97.3181,80
27.5333,-99.4667,90
30.7797,-86.5225,100
38.6956,-121.5897,180
48.0944,-105.5744,20
33.9519,-117.4386,270
48.2553,-101.2733,320
41.4333,-99.6333,20
38.8000,-97.6500,200
71.2833,-156.7814,200
31.3347,-92.5586,80
29.6381,-95.2819,20
45.0133,-84.7014,250
42.7461,-86.0967,230
40.1519,-122.2536,160
33.5656,-86.7450,100
27.9106,-82.6875,200
42.1128,-92.9175,350
37.3711,-118.3581,160
30.4781,-87.1869,120
29.1097,-95.4619,10
40.1203,-76.2944,130
43.4075,-94.7461,360
44.6381,-90.1875,330
30.6794,-88.2397,90
32.7667,-97.4500,60
38.4167,-113.0167,190
46.4167,-86.6500,330
33.9381,-118.3889,270
47.9078,-122.2803,360
40.7794,-73.8803,170
32.7336,-117.1831,300
38.7642,-87.6056,170
45.8183,-88.1144,310
66.9161,-151.5089,200
37.7086,-113.0944,200
40.2064,-100.5914,40
46.4267,-105.8825,50
35.8922,-78.7819,90
36.0167,-102.5500,220
38.1811,-85.7392,130
26.0719,-80.1536,130
40.6331,-93.9019,260
33.6800,-117.8664,20
41.5333,-71.2833,170
28.4736,-82.4544,190
17.7028,-64.8056,110
48.5222,-123.0231,360
40.6161,-83.0636,180
38.8853,-79.8528,150
39.4019,-77.9844,140
42.4167,-87.8667,190
70.6392,-159.9950,270
29.1828,-81.0483,160
43.1406,-89.3453,200
37.2958,-81.2078,110
32.3336,-104.2581,160
25.7906,-80.3164,140
26.9172,-81.9914,270
32.8342,-115.5786,260
31.9514,-85.1289,70
34.7442,-87.5997,110
33.4669,-82.0386,40
39.1667,-76.6833,100
35.9333,-79.0642,60
45.1947,-123.1339,30
18.3331,-64.9667,130
41.8678,-84.0794,210
44.3675,-71.5450,270
41.1078,-92.4467,210
36.1625,-97.0894,100
47.9375,-124.5550,10
41.1214,-100.6694,80
24.5550,-81.7522,210
43.7700,-88.4864,220
46.0261,-91.4442,200
28.8614,-96.9303,350
45.5433,-94.0514,330
41.5175,-81.6836,150
40.4719,-81.4236,140
24.5833,-81.6833,230
40.6508,-75.4492,150
41.5092,-74.2650,160
32.8519,-96.8556,40
36.8167,-76.0333,70
38.8100,-104.6883,20
34.1853,-79.7239,50
41.2433,-76.9217,140
25.9069,-80.2803,160
47.0492,-109.4578,120
36.7683,-96.0261,90
31.4156,-87.0442,70
42.3075,-85.2511,260
43.5331,-84.0797,220
36.9878,-120.1106,280
41.1389,-75.3794,180
38.7550,-109.7542,100
40.2383,-75.5572,190
35.5144,-108.7939,230
33.9706,-80.9958,60
34.2167,-119.0833,260
48.2138,-106.6213,110
48.1203,-123.4983,230
35.2236,-80.9553,40
26.1522,-81.7753,240
44.5169,-108.0822,320
38.6572,-90.6558,120
47.9742,-117.4283,40
39.3756,-99.8297,170
38.8983,-119.9947,180
31.9433,-102.1889,80
34.2900,-93.0600,80
32.8167,-115.6833,250
28.0622,-81.7542,220
44.8428,-117.8086,230
39.7556,-82.6572,140
30.4000,-81.4167,40
35.2578,-93.0947,80
18.4325,-66.0108,70
34.6439,-86.7861,120
31.6072,-110.4281,330
37.2622,-104.3378,30
40.2769,-74.8158,110
42.0800,-80.1825,170
63.9944,-145.7214,290
47.3258,-106.9475,90
46.5486,-90.9189,210
55.5800,-133.0750,160
46.8706,-68.0172,230
32.8158,-117.1394,300
47.4933,-122.2144,320
30.1831,-97.6800,40
35.1822,-103.6031,190
40.8289,-115.7886,250
33.3644,-81.9633,20
39.4781,-88.2803,150
21.3167,-158.0667,70
43.3500,-73.6167,200
59.4556,-135.3239,210
30.9119,-102.9167,160
39.1258,-123.2008,160
37.7064,-112.1456,250
44.9047,-97.1494,60
45.5464,-100.4078,30
40.1667,-103.2167,340
43.1711,-86.2367,210
33.7792,-84.5214,80
60.7850,-148.8389,140
31.8606,-86.0122,100
45.0319,-102.0192,10
31.6189,-97.2283,40
35.5342,-97.6469,140
43.8789,-91.2528,360
13.4836,144.7961,80
47.2675,-122.5761,10
34.8831,-82.2203,40
44.3981,-98.2231,60
31.8311,-104.8089,50
47.6831,-117.3214,40
47.3078,-119.5153,320
39.1333,-86.6167,300
35.8550,-77.8931,50
40.7833,-91.1253,190
35.0028,-105.6628,320
39.9181,-76.8742,140
67.7317,-164.5483,20
39.6428,-79.9164,160
30.6264,-88.0681,90
40.5175,-122.2986,150
36.6206,-116.0278,220
30.3975,-84.3289,100
42.8375,-103.0953,20
28.7247,-96.2536,10
46.0139,-102.6547,10
45.9647,-112.5006,140
37.2353,-93.4003,100
38.3083,-75.1239,80
42.8914,-73.2469,190
38.0442,-87.5206,170
19.7192,-155.0531,70
30.5069,-86.9597,40
39.7075,-86.2803,230
37.1319,-76.4930,90
39.6728,-75.6008,170
26.1839,-98.2539,120
44.7408,-85.5825,260
41.7361,-72.6506,180
38.3306,-96.1897,110
22.0333,-159.7833,240
48.6033,-112.3753,350
43.4133,-124.2436,340
36.2967,-99.7689,190
34.2719,-83.8303,70
41.8706,-103.5931,20
43.8339,-111.8045,230
39.8344,-88.8656,220
39.8328,-104.6575,10
42.2706,-71.8731,220
37.6928,-121.8144,270
42.1928,-89.0931,220
37.0683,-88.7719,80
39.5936,-84.2264,160
44.0433,-103.0536,350
41.2003,-74.6231,210
33.4964,-90.0867,50
41.4131,-81.8600,180
37.1467,-94.5022,130
32.6261,-116.4681,220
36.1994,-95.8872,90
39.1033,-84.4189,220
57.1553,-170.2222,310
40.6675,-89.6839,200
46.8369,-92.2097,280
40.1764,-80.6472,140
30.7044,-87.0231,90
37.6544,-97.4425,150
37.7081,-77.4344,90
32.7817,-98.0603,70
39.4900,-121.6183,140
46.9258,-98.6692,340
31.5358,-82.5067,110
34.9000,-76.8833,70
42.8050,-72.0036,190
41.7219,-71.4325,150
35.0564,-89.9864,60
35.3331,-94.3625,70
41.3931,-70.6150,180
44.4983,-88.1111,340
36.6636,-121.6081,270
39.3667,-75.0667,120
55.0389,-131.5786,140
37.0872,-84.0769,100
34.0158,-118.4514,230
29.9506,-94.0206,100
31.3928,-92.2956,80
41.5097,-72.8278,170
42.5906,-117.8644,30
32.4833,-80.7167,30
41.6875,-69.9933,200
27.6531,-80.2428,340
30.8458,-85.6014,20
43.1544,-93.3269,330
37.6242,-120.9506,10
34.7000,-77.3833,90
38.1386,-78.4530,50
41.9950,-87.9336,190
26.2281,-97.6542,140
29.3783,-100.9269,100
35.9403,-89.8308,50
33.8117,-118.1464,310
34.4978,-82.7097,60
39.5781,-85.8033,230
46.1442,-115.5964,170
40.5100,-101.6200,50
70.1917,-148.4772,270
44.1708,-114.9272,310
41.3119,-105.6747,330
43.2781,-70.9222,210
42.4819,-114.4869,200
30.3489,-85.7881,40
59.4433,-151.7017,180
32.5156,-92.0406,70
33.2367,-107.2681,300
32.6808,-96.8681,80
30.3433,-89.8222,30
37.7608,-99.9683,190
42.7803,-84.5789,210
40.6239,-74.6694,190
31.8456,-86.6108,100
32.7100,-96.2672,30
42.5417,-113.7661,210
35.0678,-77.0481,70
38.0494,-103.5122,10
30.8356,-85.1839,90
44.0206,-117.0128,300
38.2900,-104.4983,20
55.3567,-131.7117,140
59.2433,-135.5094,80
41.0375,-81.4642,200
29.9933,-90.2511,60
36.9358,-121.7886,210
39.3644,-84.5247,80
38.5911,-92.1558,120
47.0339,-120.5303,170
45.8258,-119.2611,40
47.4667,-87.8833,10
30.7406,-98.2353,40
31.4583,-109.6061,320
36.7436,-108.2292,280
48.7939,-122.5372,300
38.9597,-94.3714,170
39.5514,-97.6508,190
34.3622,-98.9761,120
39.2231,-106.8683,360
15.1167,145.7167,70
47.2078,-119.3192,350
40.8097,-124.1603,290
41.6236,-98.9517,60
39.8683,-75.2311,80
38.2281,-85.6636,140
41.1014,-102.9847,10
46.1236,-67.7928,230
40.7083,-84.0267,170
40.8500,-74.0614,170
38.5000,-77.3000,170
34.8536,-116.7858,250
32.8978,-97.0189,80
39.1894,-103.7158,350
36.6950,-76.1356,100
33.1281,-117.2794,260
31.1500,-92.9667,50
29.6333,-83.1053,220
42.9203,-112.5711,130
43.7694,-87.8506,240
43.6497,-70.3003,180
36.5881,-121.8453,200
30.5108,-99.7664,60
31.1828,-90.4708,120
41.7781,-80.6958,170
32.5500,-88.5667,90
34.5467,-93.5781,40
37.6703,-95.4842,180
35.9508,-85.0814,60
35.2578,-113.9331,220
45.6478,-68.6925,220
34.7336,-76.6606,100
28.5453,-81.3331,110
43.1561,-90.6775,230
26.5850,-81.8614,260
41.7419,-72.1836,180
56.6000,-169.5650,330
38.7667,-104.3000,20
41.9922,-93.6217,200
43.1111,-76.1039,190
35.7425,-81.3819,50
34.7436,-118.7242,150
33.3075,-104.5083,160
34.8994,-120.4486,310
42.6003,-123.3642,120
33.8281,-116.5053,320
48.7167,-94.6000,310
41.5339,-93.6531,320
42.3811,-122.8722,300
40.4953,-107.5211,340
47.4733,-111.3822,210
39.4839,-119.7711,300
46.9733,-122.9033,20
38.5714,-90.1572,130
47.3864,-92.8389,310
45.8678,-95.3942,360
42.2228,-83.7444,140
42.1244,-86.4267,270
37.3208,-79.2067,40
41.9856,-97.4353,10
39.2775,-120.7103,170
46.5683,-120.5428,310
43.9636,-69.7117,210
35.6575,-109.0614,270
43.3906,-99.8422,10
35.1350,-90.2344,50
35.4319,-82.5375,360
30.7439,-95.5861,10
39.0083,-95.2117,160
34.7675,-114.6189,250
39.8250,-86.2958,320
44.6500,-73.4667,150
55.2208,-162.7325,320
34.2097,-118.4892,160
41.4914,-120.5644,270
30.3567,-95.4139,360
33.4617,-80.8581,50
44.8831,-93.2289,10
47.9428,-97.1839,330
38.8317,-94.8897,140
38.8483,-77.0342,120
31.2819,-89.2531,70
43.6264,-72.3047,190
34.6719,-82.8864,60
44.9050,-123.0011,350
32.5161,-84.9422,130
41.3714,-73.4828,180
36.9647,-86.4239,130
58.3567,-134.5639,120
29.6919,-82.2756,160
39.1208,-94.5969,220
26.1658,-97.3458,110
38.0408,-84.6058,50
36.9261,-111.4478,350
29.2733,-94.8592,340
39.5264,-107.7264,320
35.8311,-90.6464,60
41.9144,-88.2464,180
41.8756,-71.0211,190
46.4047,-94.1308,350
42.3978,-90.7036,340
27.4014,-82.5586,210
37.5908,-83.3131,60
34.1167,-119.1167,280
35.2100,-99.1200,130
33.4825,-90.9853,80
35.6567,-95.3614,50
44.8322,-93.4706,350
34.9914,-78.8803,40
35.2325,-75.6219,120
45.5644,-84.7928,310
61.1689,-150.0278,130
47.7472,-90.3444,330
29.9800,-95.3600,360
32.2997,-86.4075,80
34.7272,-92.2389,80
42.6650,-83.4181,170
36.2833,-94.3000,80
39.1342,-108.5400,340
33.5872,-85.8556,60
30.4844,-81.7019,70
38.1847,-84.9033,60
43.2119,-90.1814,200
40.9017,-117.8081,250
33.8719,-117.9789,220
47.1686,-88.4889,330
40.0819,-75.0111,90
41.5886,-83.8014,240
43.3497,-76.3847,190
40.8731,-81.8867,180
39.0431,-84.6717,50
25.9989,-80.2411,150
36.7367,-97.1019,130
31.3500,-85.6667,70
39.4203,-83.8217,190
41.8056,-107.1997,260
38.0511,-117.0903,200
43.1167,-77.6767,220
34.7917,-79.3661,80
42.8975,-106.4636,320
48.5614,-93.3981,300
32.1314,-110.9553,250
26.1969,-80.1708,70
36.6817,-101.5053,200
34.8461,-82.3461,30
45.6983,-110.4408,100
36.0236,-84.2375,70
41.7072,-86.3164,230
44.5761,-71.1786,230
30.7825,-83.2767,100
27.7628,-82.6261,170
33.6542,-101.8136,150
37.1681,-97.0369,170
43.1953,-71.5011,240
30.2050,-91.9875,290
26.6847,-80.0994,140
31.0425,-86.3117,90
30.5372,-91.1469,80
43.1644,-95.2017,350
62.9614,-141.9292,100
42.3914,-96.3792,10
57.0481,-135.3647,140
42.9333,-71.4383,200
46.3583,-104.2500,160
45.8069,-108.5422,50
39.9492,-74.8417,120
41.7803,-124.2367,170
33.4536,-94.0075,350
47.6458,-101.4394,330
45.6044,-103.5464,40
42.5700,-72.2911,190
60.4889,-145.4511,120
35.0281,-110.7208,240
20.8997,-156.4286,50
45.4622,-69.5953,190
40.9706,-85.2064,160
32.6636,-97.0939,40
33.9486,-81.1186,70
31.2361,-94.7544,90
42.4933,-79.2722,180
40.0781,-83.0781,130
40.1936,-76.7633,130
44.3592,-84.6739,220
62.1592,-145.4589,150
66.8667,-162.6333,350
36.2667,-93.1567,80
57.7511,-152.4856,310
32.3347,-88.7442,40
42.5844,-110.1075,330
60.5797,-151.2392,190
46.2667,-119.1167,340
39.4167,-118.7167,290
42.4700,-71.2894,230
38.2103,-122.2847,200
33.9753,-117.6361,240
44.5228,-114.2150,330
37.4058,-122.0481,350
32.0311,-96.3989,70
40.6386,-73.7622,10
39.1353,-96.6778,230
62.9575,-155.6103,200
33.3633,-84.5658,90
41.6267,-73.8842,240
31.3089,-86.3939,130
35.6875,-117.6931,170
34.5183,-109.3792,310
41.1783,-78.8989,130
46.6056,-111.9636,250
37.3169,-79.9742,20
42.0572,-102.8000,340
45.5406,-122.9486,70
38.6892,-75.3592,110
32.4106,-99.6822,50
28.4567,-99.2183,90
40.0972,-92.5433,200
41.3103,-95.8992,180
42.1208,-87.9047,190
38.9833,-76.4667,140
47.4569,-115.6450,140
34.6081,-79.0592,40
25.9156,-97.4186,120
42.8783,-100.5500,40
41.7700,-88.4814,180
38.9503,-95.6639,160
36.2606,-76.1750,90
32.8547,-109.6353,300
27.9619,-82.5403,190
36.9500,-76.2833,90
29.5442,-98.4839,10
32.4506,-93.8411,110
31.5883,-110.3442,320
21.3239,-157.9294,40
37.8892,-121.2258,310
41.4653,-90.5233,250
40.7342,-73.4169,140
41.9381,-72.6825,200
36.7725,-90.3247,360
33.1803,-96.5903,40
43.5950,-118.9564,340
59.5119,-139.6711,130
39.7736,-94.9233,190
33.4278,-112.0039,240
45.0619,-93.3508,190
34.7411,-118.2117,220
33.2208,-92.8142,50
32.3206,-90.0778,90
40.8206,-76.8642,160
33.9228,-118.3342,250
36.8781,-91.9025,120
30.1250,-93.2158,50
39.2447,-102.2842,20
34.0561,-117.6003,270
19.7356,-156.0489,20
43.2389,-123.3547,360
29.3331,-89.4075,80
35.6950,-101.3950,170
44.8889,-116.1017,330
42.1594,-76.8919,210
39.1019,-121.5678,150
41.3325,-122.3328,130
31.5356,-84.1944,50
42.7172,-71.1239,210
40.0228,-82.4625,140
44.3814,-106.7211,330
43.9042,-92.4917,360
42.1908,-71.1736,190
44.2033,-72.5794,190
42.7972,-105.3856,60
66.0689,-162.7639,310
41.2731,-111.0306,250
29.5189,-95.2417,30
39.7078,-77.7297,150
45.6308,-89.4653,220
40.9167,-81.4333,150
35.9461,-112.1547,220
38.3406,-75.5103,120
47.6217,-117.5281,70
31.8111,-106.3758,350
41.3275,-72.0494,130
41.0669,-73.7075,160
41.7872,-111.8533,180
21.1544,-157.0961,50
47.2381,-123.1408,40
37.3592,-121.9239,300
38.7525,-90.3736,200
45.5114,-118.4247,20
42.4272,-73.2892,240
38.0700,-102.6881,350
43.9844,-88.5569,340
34.6525,-86.9453,90
32.8192,-97.3614,60
33.2194,-117.3494,260
44.9319,-93.0556,350
40.3161,-78.8339,160
42.2314,-83.3308,150
35.6697,-120.6283,220
41.2544,-80.6739,140
38.1311,-91.7683,210
61.5961,-149.0917,40
38.0653,-97.8606,180
43.5667,-116.2406,150
64.5111,-165.4400,310
30.3361,-81.5147,250
35.0419,-106.6156,320
21.9839,-159.3405,60
41.0467,-78.4117,190
40.6044,-98.4272,10
41.3336,-75.7269,210
42.5708,-77.7133,150
61.1781,-149.9664,40
32.7000,-117.2000,310
37.7836,-81.1231,120
28.1011,-80.6439,140
31.7800,-103.2017,140
31.9206,-102.3867,100
25.6475,-80.4331,140
42.1997,-75.9850,200
39.9914,-82.8808,140
42.1578,-72.7161,200
32.3847,-94.7117,70
36.9033,-76.1922,60
33.6186,-114.7142,160
40.3667,-75.9667,150
47.3978,-120.2014,290
45.7881,-111.1608,150
27.7411,-98.0247,110
35.8517,-97.4142,160
32.1300,-81.2100,110
64.8039,-147.8761,310
40.3547,-79.9217,180
35.1967,-81.1558,40
29.3600,-99.1742,70
36.4486,-103.1539,140
27.5000,-97.8167,130
33.2061,-97.1989,60
43.7331,-103.6114,150
30.7167,-87.0167,110
38.8500,-94.7392,220
41.1961,-112.0114,120
40.3300,-75.1225,170
30.2333,-81.6667,230
41.3497,-71.7989,50
41.7861,-87.7522,190
44.7978,-68.8186,180
40.2172,-76.8514,110
27.6833,-97.2833,100
48.3042,-114.2636,180
33.6300,-84.4417,100
42.5842,-70.9175,130
30.4119,-89.0808,80
43.3436,-72.5178,110
44.0219,-82.7931,210
44.3206,-69.7972,190
36.4731,-82.4044,100
48.3500,-122.6667,250
40.2964,-78.3203,150
38.7042,-93.1833,180
33.9481,-83.3275,80
37.6197,-122.3647,290
70.2117,-151.0017,80
38.3775,-121.9575,180
33.6883,-112.0817,220
30.4000,-86.4717,70
34.5583,-98.4172,110
32.8667,-117.1333,310
36.5728,-79.3361,60
40.8508,-96.7475,180
37.2847,-120.5128,330
38.5039,-122.8103,200
40.9611,-98.3136,20
43.7667,-98.0333,40
45.6906,-118.8528,40
45.6208,-122.6572,110
37.7797,-89.2497,190
34.3478,-85.1611,90
48.1739,-103.6367,30
43.2339,-75.4117,190
37.9406,-75.4631,70
44.9258,-89.6256,300
39.6092,-110.7547,180
32.8986,-80.0403,40
30.4636,-88.5319,80
42.3606,-71.0106,200
46.4794,-84.3572,200
29.6222,-95.6564,10
39.2956,-80.2289,180
28.0836,-97.0464,20
42.2347,-85.5519,230
35.6542,-105.1419,150
39.2972,-94.7306,200
36.0719,-115.1633,180
45.5908,-122.6003,80
46.9006,-95.0678,320
36.1336,-80.2222,50
28.7797,-81.2436,130
43.1072,-78.9453,230
40.7781,-111.9694,350
41.7636,-96.1778,350
34.1231,-84.8486,90
36.3689,-92.4703,140
38.5069,-121.4950,210
44.8664,-91.4878,80
43.5878,-96.7289,30
24.7258,-81.0517,150
39.2953,-114.8467,220
42.7267,-114.4564,320
39.4494,-74.5672,100
45.2575,-112.5545,170
46.3747,-117.0156,160
39.9061,-84.2186,140
38.1417,-76.4292,80
44.5444,-110.4211,290
34.2486,-82.1592,50
40.7939,-73.1017,150
35.0311,-85.2014,360
41.8031,-78.6403,170
59.6419,-151.4908,250
41.0136,-83.6686,170
46.9728,-123.9303,40
44.9358,-74.8458,220
35.8181,-83.9858,220
31.1522,-81.3908,50
36.0467,-79.4769,30
