39.9660,-105.5125,0
39.2016,-106.0412,5
40.9234,-73.3305,0
44.8353,-122.6836,0
40.5759,-105.0858,0
41.0593,-124.1398,0
40.0015,-105.8725,0
30.8176,-83.8965,0
35.4606,-81.3296,0
39.4333,-112.7178,0
35.3782,-88.5490,0
46.8201,-109.7935,7620
48.0757,-117.1926,56
42.5584,-87.8807,0
44.0917,-93.2138,0
34.7058,-86.7503,0
46.4393,-95.5887,0
44.3541,-66.1026,0
42.8264,-106.3988,0
47.8325,-116.7257,10
42.4970,-71.7750,0
33.9837,-83.1378,0
38.5432,-106.1924,0
34.7917,-86.7239,0
39.4041,-79.3722,0
47.7446,-122.5097,0
44.3320,-70.2685,0
40.7325,-90.6736,0
45.4505,-98.5086,0
34.8050,-86.7619,0
34.6417,-86.3861,0
37.9663,-103.5443,0
41.5193,-87.9193,0
42.5088,-72.6973,0
35.2836,-106.6194,0
35.3620,-85.3797,0
30.4144,-97.7664,0
43.5073,-65.6096,0
38.7387,-84.8496,0
45.7169,-65.4622,0
39.3428,-82.0964,0
45.1702,-91.2361,0
45.7416,-108.5535,142
42.8230,-86.0678,0
46.4667,-63.9892,0
35.4425,-94.3343,0
42.9008,-88.5862,0
40.4697,-106.8139,0
32.7904,-105.8204,0
44.4136,-74.1521,0
42.8339,-79.9298,0
49.8922,-97.0283,0
45.8812,-66.7623,0
45.5519,-116.3028,0
41.0233,-100.3669,0
44.0800,-99.1300,0
44.5103,-109.0994,41
45.1864,-85.1478,0
45.9896,-66.5918,0
41.3297,-86.3568,0
47.5857,-122.6092,0
45.8006,-108.5947,112
44.7246,-63.8192,0
35.6345,-117.9782,0
44.5164,-122.9171,0
32.3772,-86.2575,0
34.7981,-86.7047,0
47.7657,-122.3001,0
40.6046,-111.8524,76
45.8608,-84.7197,0
46.3118,-116.0553,0
47.5480,-52.8882,0
41.2949,-75.8682,0
37.7847,-79.9165,0
48.2619,-114.1556,0
38.9669,-95.2967,0
37.0169,-94.4925,0
41.0578,-75.0796,0
45.3147,-64.4289,0
39.7866,-77.7253,0
45.5075,-66.0986,0
39.6427,-106.5179,0
38.6264,-106.1198,0
35.5909,-82.5549,0
44.2964,-99.2597,0
38.2210,-84.8175,0
40.7494,-96.5928,0
38.9539,-92.3381,0
38.0614,-108.9101,0
35.4769,-94.3607,0
40.2077,-75.3522,0
40.9469,-117.7014,3
45.6697,-109.4724,38
41.2986,-104.8278,0
42.1460,-71.3794,0
39.4905,-105.5239,0
42.6978,-108.6883,0
39.7811,-78.4334,0
39.7647,-84.6338,0
34.7806,-86.8644,0
46.4779,-108.4165,0
39.7140,-86.4090,0
46.3958,-108.5489,0
40.1302,-74.2145,0
32.2529,-80.7350,0
39.7025,-76.5447,0
39.3838,-87.7743,0
44.6826,-63.8602,0
33.8614,-84.0280,0
42.5110,-76.9155,0
41.7267,-112.1482,13
38.7873,-82.9779,0
46.5153,-111.9170,15
40.0905,-104.7986,0
42.4334,-122.9869,0
37.3996,-119.7381,0
39.5865,-86.6333,0
45.6745,-118.8079,0
39.4617,-104.8911,0
45.6063,-122.5104,0
38.8319,-107.9670,0
32.3191,-90.0806,0
34.7911,-86.9092,0
36.2184,-81.6720,0
33.6239,-117.6275,0
46.4238,-94.3033,0
46.8818,-64.1973,0
38.9052,-104.8491,0
43.1425,-80.0696,0
39.9389,-105.4749,0
45.2575,-109.2264,201
45.4899,-74.6457,0
45.9631,-65.9694,0
27.9855,-81.7902,0
46.3526,-61.0776,0
41.0413,-93.9805,0
38.7575,-120.6046,0
40.2707,-74.7295,0
36.5921,-94.4507,0
32.1154,-81.2509,0
43.8028,-81.1838,0
43.5695,-116.3248,0
42.7112,-87.8457,0
43.5370,-110.8250,3
42.5492,-114.7124,0
40.5949,-98.4270,0
36.1520,-115.3396,0
41.7887,-69.9786,0
40.5510,-105.0664,0
45.1226,-93.4579,0
34.6250,-86.5367,0
40.2001,-82.7732,0
42.8294,-108.7455,41
43.3194,-88.1681,0
42.3560,-107.4506,135
38.8592,-96.1058,0
48.9536,-54.6186,0
44.0390,-122.8500,0
29.4854,-98.6561,0
38.3029,-104.7910,0
42.4675,-71.4820,0
39.3343,-94.7642,0
41.9950,-75.9650,0
40.0591,-105.1717,0
39.3542,-101.6996,0
40.2647,-87.6656,0
45.6138,-111.0566,112
45.9770,-66.8682,0
39.0400,-108.5210,0
41.5997,-85.0895,0
42.9962,-82.4643,0
48.0125,-123.1709,0
44.0303,-71.1383,0
48.5544,-58.6185,0
43.8977,-78.8744,0
42.6089,-122.8189,0
39.6699,-119.8155,5
40.3889,-75.9396,0
39.6679,-104.9440,0
39.4819,-106.0325,13
45.9689,-94.3772,0
48.5050,-121.4800,0
39.1516,-77.2368,0
47.2227,-93.4960,0
34.7056,-76.9898,0
46.2084,-119.1658,0
43.3499,-107.4803,0
46.6028,-95.7984,0
44.5464,-123.2592,0
32.2918,-85.1893,0
44.2337,-86.0358,0
29.6849,-95.2197,0
40.0014,-77.1089,0
45.6578,-111.0272,81
43.4743,-84.6673,0
36.2347,-86.3817,0
42.1070,-84.6260,0
43.0961,-79.0281,0
44.6115,-74.9719,0
49.8654,-119.6041,0
42.7914,-113.0151,48
45.8002,-108.5553,163
37.7398,-89.8603,0
46.2508,-63.3342,0
31.8142,-93.0856,0
61.6185,-149.1258,0
44.6658,-70.0272,0
40.4612,-111.2285,132
38.8274,-75.4303,0
46.9934,-65.5069,0
43.6215,-110.6253,38
36.0512,-83.9862,0
43.3367,-72.0606,0
36.1502,-86.5738,0
34.9542,-86.4506,0
34.6444,-86.5056,0
41.0477,-111.9068,122
43.4301,-110.7976,20
28.1669,-81.8219,0
40.4407,-105.0619,0
44.5125,-78.3606,0
45.9190,-66.6269,0
42.9980,-88.0238,0
42.5336,-75.6306,0
43.5868,-99.7114,0
37.4378,-87.4418,0
43.8324,-70.1200,0
45.6018,-94.1991,0
46.7544,-117.0005,0
42.5597,-87.8566,0
44.7586,-72.1168,0
45.6357,-110.4331,18
43.8308,-79.0047,0
44.5738,-106.9022,20
44.5292,-109.0755,89
41.7844,-111.8205,81
40.6259,-105.0621,0
42.9542,-81.4349,0
42.0890,-111.8637,58
38.7845,-76.0739,0
34.8240,-92.2531,0
46.2508,-60.6434,0
33.7476,-84.7452,0
38.6169,-77.9696,0
46.1661,-113.0853,51
44.8122,-106.9763,0
32.9881,-97.3932,0
42.8403,-84.4197,0
45.9290,-66.6283,0
41.1623,-81.5037,0
43.8567,-70.4664,0
45.6001,-109.0899,150
46.5673,-87.6869,0
49.5171,-96.7356,0
45.1019,-64.4144,0
45.8190,-108.3459,97
38.3339,-100.0555,0
38.9433,-119.1916,0
41.4996,-87.9603,0
40.5933,-111.7922,114
41.1937,-112.0266,127
41.2571,-77.0085,0
41.3221,-105.5837,0
40.4657,-106.8035,48
44.6698,-64.8526,0
44.6209,-106.8029,13
47.3714,-102.7606,0
46.2258,-109.2577,20
39.4202,-84.1493,0
35.5344,-77.3821,0
46.9386,-90.8349,0
38.7462,-77.1386,0
46.8294,-96.7964,0
44.5187,-72.3028,0
45.7086,-61.9024,0
46.4457,-63.3121,0
39.4195,-77.2905,0
42.4717,-79.3336,0
45.7699,-64.2180,0
41.0483,-93.9496,0
45.2900,-109.0400,84
53.8249,-122.8559,0
44.4677,-87.9735,0
34.1649,-95.5431,0
40.5091,-74.8549,0
49.1971,-100.1496,0
39.7674,-78.4844,0
39.6490,-80.7382,0
45.4000,-123.1830,0
50.5183,-119.2487,0
34.2917,-83.3236,0
40.7889,-111.8733,188
43.9930,-66.1468,0
37.2547,-80.4178,0
41.6470,-73.8970,0
32.4066,-96.3347,0
47.4021,-79.6765,0
50.1475,-95.8902,0
42.8918,-88.1423,0
44.6053,-72.3094,0
42.0944,-71.3776,0
43.8583,-71.2597,0
42.9900,-73.8000,0
43.8270,-111.8012,25
44.9067,-66.9866,0
53.3290,-106.1377,0
46.9589,-95.6472,0
34.0151,-81.1920,0
47.5749,-120.5976,0
45.4622,-112.1625,41
44.0412,-80.6893,0
37.1306,-80.5720,0
51.3581,-55.5807,0
41.9286,-74.0195,0
43.7440,-70.4890,0
44.1964,-88.3307,0
41.5264,-90.5858,0
46.9392,-114.0194,0
39.7220,-106.1370,0
40.2124,-105.0426,0
42.9632,-78.8669,0
42.8475,-95.7024,0
36.1648,-81.6055,0
38.3299,-97.7787,0
40.5472,-105.0749,0
45.4340,-122.5036,0
44.7849,-116.0475,51
34.6014,-86.5397,0
43.6695,-116.2653,0
45.3608,-63.2682,0
47.3720,-122.2230,0
38.0450,-85.7155,0
46.6046,-90.6492,0
36.1967,-86.6055,0
41.2144,-85.1242,0
44.7591,-123.2325,0
39.6249,-75.7861,0
31.8449,-102.4858,0
62.2272,-150.0731,0
24.5695,-81.7559,0
44.1386,-123.0658,0
40.1043,-105.1605,0
47.5017,-64.9355,0
42.5970,-82.1781,0
38.7338,-120.7110,0
45.6208,-109.1040,99
53.5972,-105.7361,0
34.7829,-76.9040,0
41.4681,-87.9378,0
44.3882,-71.2695,0
42.2845,-83.0346,0
42.8966,-76.6727,0
43.1923,-123.4387,0
41.5177,-90.6072,0
44.9121,-123.3361,0
40.1848,-105.0820,0
34.6286,-86.5561,0
51.5694,-107.2341,0
44.3552,-72.4554,0
38.6331,-109.4104,0
44.2832,-83.4992,0
41.9221,-111.8193,74
47.6421,-65.6876,0
37.3480,-108.5596,0
45.4818,-91.1468,0
49.8599,-97.1128,0
35.0114,-86.8392,0
34.7756,-86.7803,0
46.8822,-113.9044,0
37.4123,-107.8284,0
34.7411,-86.7697,0
46.2507,-119.3197,0
40.9436,-74.1523,0
34.7700,-86.4750,0
42.7243,-73.7570,0
41.4644,-81.0652,0
41.5067,-87.5248,0
44.5654,-106.9281,28
45.0336,-123.4277,0
40.2843,-105.1608,0
43.9873,-81.1033,0
39.9965,-76.7533,0
45.4788,-122.7692,0
40.5998,-105.1151,0
47.3638,-120.2284,0
44.4991,-63.5264,0
39.4700,-76.8301,0
44.7029,-106.3261,0
44.7104,-63.7331,0
39.4712,-118.7915,0
46.7985,-96.1218,0
44.8745,-123.0444,0
45.4681,-122.6813,0
39.4688,-106.0109,8
44.1583,-108.8705,74
39.7109,-74.9679,0
34.2024,-78.0948,0
49.1290,-98.2684,0
51.1240,-104.9917,0
42.9051,-112.4156,64
39.7197,-105.2472,0
45.3700,-110.6600,43
43.6107,-73.0466,0
41.7025,-112.2974,8
49.5196,-96.6794,0
37.2492,-93.9439,0
44.9720,-72.1478,0
39.5404,-104.9123,0
29.7409,-97.6802,0
43.4394,-71.5373,0
40.6801,-111.9631,163
51.7952,-114.6294,170
36.2528,-81.9136,0
37.5990,-101.2911,0
47.1556,-53.4722,0
44.6310,-72.2800,0
46.0272,-66.6746,0
45.6686,-122.6862,0
42.8972,-85.7791,0
47.7130,-118.9412,0
40.5358,-94.8879,0
45.0713,-64.4857,0
42.6143,-84.3381,0
43.3085,-87.9848,0
47.4669,-121.6806,0
41.3677,-81.7018,0
48.4535,-89.2239,0
42.3611,-82.2443,0
40.0891,-97.1959,0
34.8183,-86.5050,0
40.1526,-84.4613,0
40.4754,-106.8085,10
38.5985,-106.5313,0
44.6662,-63.4954,0
40.3038,-103.1114,0
41.5916,-109.2208,5
36.0532,-80.6028,0
44.7584,-108.7769,0
41.1977,-80.9721,0
45.7148,-108.6473,56
41.3139,-105.5774,0
34.6544,-86.5617,0
42.6918,-73.8311,0
34.6614,-86.5575,0
37.9542,-87.3741,0
35.6874,-88.8809,0
41.0589,-83.1127,0
42.4516,-76.0437,0
45.7192,-108.5218,99
34.6389,-86.5436,0
37.7892,-120.7518,0
45.9220,-116.1260,0
38.3339,-104.7898,0
38.9169,-115.0619,0
42.8095,-106.3315,0
45.7942,-65.5907,0
41.7788,-107.1169,0
45.1613,-109.2911,64
45.4060,-122.8780,0
46.7762,-116.8570,76
40.6473,-111.9639,86
44.8064,-108.4131,0
45.0792,-64.2711,0
39.9420,-83.8051,0
43.6037,-70.9867,0
42.1753,-122.6572,0
38.1617,-85.8566,0
40.5462,-74.5287,0
43.2115,-71.4143,0
44.7518,-63.7910,0
41.5401,-90.4492,0
34.9842,-83.3917,0
44.1511,-94.7852,0
29.5120,-95.0994,0
37.6702,-91.8739,0
39.5996,-104.1751,0
42.8167,-106.4108,0
39.0589,-92.4370,0
42.8755,-109.8683,5
41.5072,-109.1554,41
42.5973,-74.5931,0
46.5824,-90.8839,0
39.5186,-104.9492,0
40.5938,-91.1467,0
36.1066,-88.0443,0
39.3929,-74.6248,0
34.4972,-87.2300,0
39.4582,-107.1839,0
44.8344,-93.0358,0
39.9575,-78.5638,0
48.8511,-97.7775,0
45.9217,-64.5150,0
39.5768,-78.8498,0
39.6011,-105.9773,5
46.4698,-63.4920,0
44.8720,-69.4203,0
38.3455,-120.7719,0
39.1223,-77.8187,0
42.4963,-81.8783,0
48.6770,-100.8026,0
45.2213,-109.2124,91
42.1739,-88.2993,0
42.4317,-76.4886,0
43.7051,-99.3773,0
45.0043,-65.1169,0
40.0806,-106.8929,3
45.9973,-110.6622,36
43.8885,-70.2944,0
36.4590,-81.1525,0
40.5913,-111.7903,124
42.5148,-82.9042,0
43.4308,-80.1148,0
41.8482,-88.3144,0
44.8567,-93.6864,0
44.7878,-105.2674,0
35.5813,-88.8306,0
33.4387,-88.8695,0
45.7904,-66.1473,0
39.5936,-75.0692,0
45.5416,-122.6401,0
43.6293,-65.7999,0
38.6205,-87.1359,0
29.5110,-95.0898,0
