41.6117,-90.5808,1
32.5722,-116.9794,1
42.5950,-87.9381,1
34.1750,-91.9347,1
43.0206,-102.5183,1
41.8833,-91.7167,1
29.7333,-85.0333,1
34.4258,-119.8425,1
44.2558,-121.1392,1
41.5272,-85.7922,1
44.3592,-89.8369,1
42.2667,-84.4667,1
40.0397,-88.2778,1
34.0511,-118.2353,1
37.9272,-100.7247,1
40.4847,-80.2144,1
40.7789,-73.9692,1
34.9894,-99.0525,1
35.3889,-97.6006,1
33.9786,-98.4928,1
39.0725,-95.6261,1
36.3189,-119.6289,1
40.0803,-95.5919,1
42.9486,-78.7369,1
37.9917,-122.0550,1
44.3814,-100.2856,1
41.1519,-104.8061,1
37.6542,-122.1150,1
42.9550,-87.9044,1
37.7214,-122.2208,1
42.9667,-83.7494,1
42.8939,-85.5447,1
34.2006,-118.3575,1
47.5303,-122.3008,1
41.6328,-91.5431,1
41.3375,-84.4289,1
29.7036,-98.0281,1
42.5544,-92.4011,1
42.7611,-87.8136,1
33.9519,-117.4386,1
38.8000,-97.6500,1
42.7461,-86.0967,1
33.5656,-86.7450,1
42.1128,-92.9175,1
44.6381,-90.1875,1
30.6794,-88.2397,1
33.9381,-118.3889,1
32.7336,-117.1831,1
40.6331,-93.9019,1
33.6800,-117.8664,1
43.1406,-89.3453,1
31.9514,-85.1289,1
45.1947,-123.1339,1
41.8678,-84.0794,1
41.1078,-92.4467,1
43.7700,-88.4864,1
40.4719,-81.4236,1
40.6508,-75.4492,1
42.3075,-85.2511,1
43.5331,-84.0797,1
36.9878,-120.1106,1
34.2167,-119.0833,1
42.0800,-80.1825,1
46.8706,-68.0172,1
32.8158,-117.1394,1
21.3167,-158.0667,1
43.3500,-73.6167,1
43.1711,-86.2367,1
35.5342,-97.6469,1
43.8789,-91.2528,1
40.7833,-91.1253,1
39.7075,-86.2803,1
39.6728,-75.6008,1
44.7408,-85.5825,1
38.3306,-96.1897,1
36.2967,-99.7689,1
37.6928,-121.8144,1
42.1928,-89.0931,1
41.4131,-81.8600,1
40.6675,-89.6839,1
46.8369,-92.2097,1
44.4983,-88.1111,1
36.6636,-121.6081,1
37.0872,-84.0769,1
34.0158,-118.4514,1
37.6242,-120.9506,1
41.9950,-87.9336,1
33.8117,-118.1464,1
34.4978,-82.7097,1
39.5781,-85.8033,1
40.5100,-101.6200,1
42.7803,-84.5789,1
29.9933,-90.2511,1
34.3622,-98.9761,1
40.7083,-84.0267,1
33.1281,-117.2794,1
43.7694,-87.8506,1
37.6703,-95.4842,1
45.6478,-68.6925,1
28.5453,-81.3331,1
43.1561,-90.6775,1
41.9922,-93.6217,1
34.8994,-120.4486,1
41.5339,-93.6531,1
42.1244,-86.4267,1
39.0083,-95.2117,1
41.4914,-120.5644,1
38.8317,-94.8897,1
32.5161,-84.9422,1
39.1208,-94.5969,1
26.1658,-97.3458,1
42.3978,-90.7036,1
35.2100,-99.1200,1
34.7272,-92.2389,1
39.1342,-108.5400,1
43.2119,-90.1814,1
33.8719,-117.9789,1
41.5886,-83.8014,1
36.7367,-97.1019,1
41.7072,-86.3164,1
32.6636,-97.0939,1
40.1936,-76.7633,1
44.3592,-84.6739,1
38.2103,-122.2847,1
33.9753,-117.6361,1
37.4058,-122.0481,1
39.1353,-96.6778,1
41.1783,-78.8989,1
40.0972,-92.5433,1
37.8892,-121.2258,1
41.4653,-90.5233,1
39.7736,-94.9233,1
33.9228,-118.3342,1
34.0561,-117.6003,1
35.6950,-101.3950,1
39.1019,-121.5678,1
31.5356,-84.1944,1
43.9042,-92.4917,1
39.7078,-77.7297,1
40.9167,-81.4333,1
38.3406,-75.5103,1
37.3592,-121.9239,1
38.7525,-90.3736,1
45.5114,-118.4247,1
43.9844,-88.5569,1
33.2194,-117.3494,1
42.2314,-83.3308,1
40.6044,-98.4272,1
41.3336,-75.7269,1
61.1781,-149.9664,1
35.8517,-97.4142,1
38.8500,-94.7392,1
30.4119,-89.0808,1
40.2964,-78.3203,1
37.6197,-122.3647,1
38.3775,-121.9575,1
32.8667,-117.1333,1
40.8508,-96.7475,1
37.2847,-120.5128,1
38.5039,-122.8103,1
40.9611,-98.3136,1
46.4794,-84.3572,1
42.2347,-85.5519,1
39.2972,-94.7306,1
36.3689,-92.4703,1
39.9061,-84.2186,1
38.1417,-76.4292,1
41.8031,-78.6403,1
