47.3000,-121.6000,4
36.9500,-76.2833,19
33.9519,-117.4386,20
32.6500,-114.6167,41
35.7425,-81.3819,14
34.7917,-79.3661,21
44.2100,-110.6700,21
66.8667,-162.6333,46
39.3756,-99.8297,37
35.0028,-105.6628,40
70.1917,-148.4772,55
38.4000,-119.5400,20
42.4933,-79.2722,35
40.8097,-124.1603,17
39.1894,-103.7158,17
40.8764,-74.2831,21
35.8311,-90.6464,17
37.3208,-79.2067,18
26.1658,-97.3458,64
46.9728,-123.9303,42
36.7414,-104.5022,26
40.0819,-75.0111,24
61.5961,-149.0917,21
39.1258,-123.2008,25
41.9097,-70.7294,16
34.6719,-82.8864,31
42.6958,-73.1708,5
64.7767,-141.1483,13
43.9922,-76.0217,31
39.1333,-86.6167,15
36.9033,-76.1922,21
43.5878,-96.7289,67
27.5333,-99.4667,66
41.6764,-70.9583,21
37.7081,-77.4344,5
70.6392,-159.9950,68
36.3689,-92.4703,7
38.9286,-90.4281,30
33.4964,-90.0867,24
30.7825,-83.2767,9
39.2972,-94.7306,33
39.4519,-87.3089,16
59.6419,-151.4908,31
47.3258,-106.9475,28
42.7431,-73.8092,27
43.7700,-88.4864,21
39.1900,-120.2600,32
39.4717,-76.1697,0
37.9406,-75.4631,22
41.2433,-76.9217,25
42.4167,-87.8667,16
30.5892,-96.3647,40
41.8706,-103.5931,20
41.7781,-80.6958,20
39.1019,-121.5678,51
36.1625,-97.0894,43
64.3267,-158.7417,36
45.6208,-122.6572,22
29.1828,-81.0483,35
35.0281,-110.7208,37
41.4525,-87.0058,4
31.3711,-100.4922,50
21.4500,-157.7833,40
30.3567,-95.4139,25
21.9839,-159.3405,57
46.4047,-94.1308,40
36.0700,-105.6300,3
34.4978,-82.7097,31
42.5844,-110.1075,47
36.2606,-76.1750,16
42.7611,-87.8136,27
71.2833,-156.7814,64
15.1167,145.7167,35
48.1203,-123.4983,41
34.6081,-79.0592,27
43.9658,-107.9508,37
59.2433,-135.5094,30
60.1283,-149.4167,49
38.5039,-122.8103,23
48.2138,-106.6213,32
42.8914,-73.2469,7
39.4494,-74.5672,21
18.3331,-64.9667,55
44.3853,-74.2067,21
34.8536,-116.7858,46
34.7442,-87.5997,21
40.2064,-100.5914,47
42.4272,-73.2892,25
34.7336,-76.6606,25
33.2367,-107.2681,34
38.8100,-104.6883,26
34.5467,-93.5781,9
35.8550,-77.8931,10
34.8994,-120.4486,32
27.7839,-97.5108,65
34.6517,-112.4208,36
39.6728,-75.6008,28
44.3800,-116.3400,14
26.2500,-80.1083,37
33.4825,-90.9853,38
38.0653,-97.8606,39
48.1739,-103.6367,40
33.2194,-117.3494,20
39.3600,-106.0600,6
36.3100,-115.6800,4
67.7317,-164.5483,35
35.9200,-106.3900,2
57.7511,-152.4856,70
42.2347,-85.5519,14
40.9656,-105.2186,22
40.8436,-72.6322,29
37.2958,-81.2078,12
39.5703,-104.8489,30
38.7550,-109.7542,35
48.6033,-112.3753,47
39.9369,-91.1919,30
28.8208,-81.8097,24
42.0572,-102.8000,35
44.1278,-123.2206,18
43.7667,-98.0333,73
62.1592,-145.4589,30
44.5444,-110.4211,13
32.4833,-80.7167,35
47.2381,-123.1408,38
43.6264,-72.3047,18
30.0375,-91.8839,26
39.4206,-79.0050,22
32.8519,-96.8556,47
45.0619,-93.3508,38
45.4558,-98.4131,68
33.8281,-116.5053,36
38.5050,-107.8975,35
38.1811,-85.7392,30
39.1353,-96.6778,26
44.5761,-71.1786,17
43.5331,-84.0797,25
42.9600,-121.1800,4
31.4583,-109.6061,26
41.3461,-82.1794,17
6.9667,158.2167,17
42.0647,-104.1528,36
34.3478,-85.1611,21
46.9258,-98.6692,57
26.1839,-98.2539,70
48.3500,-122.6667,38
42.9486,-78.7369,38
40.6331,-93.9019,27
42.4700,-71.2894,27
37.9917,-122.0550,64
41.0731,-71.9233,30
30.7406,-98.2353,43
41.5175,-81.6836,30
42.1128,-92.9175,28
38.0442,-87.5206,23
40.1667,-103.2167,45
39.2231,-106.8683,26
42.2228,-83.7444,22
29.6381,-95.2819,37
37.7214,-122.2208,58
48.5614,-93.3981,19
32.4506,-93.8411,38
32.0311,-96.3989,55
30.4000,-81.4167,33
40.9017,-117.8081,27
44.8889,-116.1017,28
34.3622,-98.9761,43
36.1994,-95.8872,29
36.9878,-120.1106,37
38.6572,-90.6558,17
40.8203,-82.5178,19
30.7044,-87.0231,19
40.3547,-79.9217,16
37.7086,-113.0944,47
27.9619,-82.5403,38
39.2292,-106.3169,23
42.5906,-117.8644,23
41.3336,-75.7269,26
38.1311,-91.7683,26
41.5092,-74.2650,22
41.5333,-71.2833,22
47.3078,-119.5153,43
35.2372,-120.6414,42
37.5050,-77.3203,19
46.9208,-114.0925,44
42.3075,-85.2511,21
39.9444,-81.8922,9
27.5000,-97.8167,61
35.2236,-80.9553,26
30.2050,-91.9875,32
42.4092,-83.0100,26
31.7800,-103.2017,45
42.5708,-77.7133,28
32.7000,-117.2000,37
37.4389,-105.8614,27
38.3306,-96.1897,29
42.1469,-121.7242,22
40.5100,-101.6200,38
37.9272,-100.7247,44
42.2667,-84.4667,19
47.2856,-68.3133,30
41.8056,-107.1997,58
57.0481,-135.3647,39
29.9800,-95.3600,34
36.7725,-90.3247,12
40.7083,-84.0267,12
48.5428,-109.7633,37
47.8306,-110.6608,4
41.7803,-124.2367,18
46.7708,-100.7603,50
36.6206,-116.0278,49
41.5631,-83.4764,15
34.2008,-119.2069,32
32.7336,-117.1831,29
46.2667,-119.1167,40
46.2400,-117.3900,11
33.4278,-112.0039,22
57.1553,-170.2222,50
41.6875,-69.9933,17
29.2733,-94.8592,57
38.7042,-93.1833,23
35.6875,-117.6931,51
36.9600,-106.6600,5
39.8683,-75.2311,36
34.2622,-88.7714,19
26.6847,-80.0994,34
44.0511,-101.6011,34
45.0800,-117.5500,5
42.9667,-83.7494,23
35.6950,-101.3950,47
47.8344,-120.0006,22
43.9844,-88.5569,24
26.0719,-80.1536,34
26.5361,-81.7550,20
39.2953,-114.8467,49
41.2003,-74.6231,11
33.5872,-85.8556,22
34.2900,-93.0600,22
42.1997,-75.9850,28
47.9375,-124.5550,19
35.1822,-103.6031,31
33.8750,-84.3022,30
45.5644,-84.7928,13
31.1828,-90.4708,22
36.2833,-94.3000,13
35.6169,-106.0889,20
44.8428,-117.8086,29
41.7636,-96.1778,34
27.4981,-80.3767,25
44.9319,-93.0556,36
43.7694,-87.8506,26
35.1350,-90.2344,15
43.6497,-70.3003,21
37.4058,-122.0481,34
44.9258,-89.6256,22
38.2103,-122.2847,48
40.6675,-89.6839,9
29.3600,-99.1742,51
39.8447,-89.6839,16
31.9206,-102.3867,55
38.8000,-97.6500,39
39.4839,-119.7711,31
47.4569,-115.6450,24
47.3864,-92.8389,23
34.0158,-118.4514,24
41.1583,-73.1289,32
33.6228,-111.9106,14
34.7675,-114.6189,48
33.3633,-84.5658,13
27.6833,-97.2833,68
38.8983,-119.9947,23
35.0169,-80.6206,21
34.0561,-117.6003,30
31.2361,-94.7544,29
40.7789,-73.9692,17
42.5700,-72.2911,19
37.2833,-102.6139,35
60.4889,-145.4511,19
39.5514,-97.6508,43
30.7797,-86.5225,21
39.9492,-74.8417,12
42.1244,-86.4267,13
32.8667,-117.1333,25
44.0433,-103.0536,34
39.6014,-116.0056,28
45.5511,-122.4089,22
40.8508,-96.7475,42
61.1781,-149.9664,14
35.5144,-108.7939,25
45.2575,-112.5545,33
37.7064,-112.1456,41
30.8356,-85.1839,29
41.8833,-91.7167,17
41.1519,-104.8061,53
37.0911,-95.5664,24
37.6197,-122.3647,62
42.1208,-87.9047,12
46.1569,-123.8825,30
46.4267,-105.8825,40
34.7411,-118.2117,72
40.0972,-92.5433,25
32.3347,-88.7442,26
40.3000,-111.2600,13
47.4933,-122.2144,15
30.4000,-86.4717,25
30.6264,-88.0681,27
34.6439,-86.7861,15
45.5114,-118.4247,5
38.5911,-92.1558,22
42.9550,-87.9044,30
32.8158,-117.1394,27
36.8600,-106.2300,316
34.2675,-77.8997,30
28.9844,-95.3808,18
39.3450,-81.4392,6
30.3361,-81.5147,35
38.1847,-84.9033,18
35.3889,-97.6006,39
30.3975,-84.3289,42
34.0511,-118.2353,5
36.8781,-91.9025,11
46.0947,-118.2869,42
32.8986,-80.0403,31
36.9900,-105.2600,4
31.5356,-84.1944,19
43.7600,-116.1000,15
44.3675,-71.5450,18
38.8169,-92.2183,30
36.1900,-105.5600,7
39.1342,-108.5400,32
34.6242,-106.3103,13
37.7608,-99.9683,53
26.2281,-97.6542,67
48.7939,-122.5372,37
32.4106,-99.6822,50
39.3667,-75.0667,18
39.0083,-95.2117,21
35.8922,-78.7819,25
43.1544,-93.3269,31
39.1033,-84.4189,16
39.9914,-82.8808,13
21.3167,-158.0667,21
41.6264,-80.2150,20
34.5183,-109.3792,23
35.9333,-79.0642,19
34.4272,-100.2831,40
38.3083,-75.1239,22
36.5881,-121.8453,34
44.4683,-73.1500,23
28.8614,-96.9303,50
32.3542,-95.4025,44
36.3333,-119.9500,36
39.1208,-94.5969,30
35.0419,-106.6156,27
36.5100,-106.3200,309
40.2769,-74.8158,22
45.8258,-119.2611,55
44.5228,-114.2150,23
36.8167,-76.0333,14
44.1708,-114.9272,21
36.0000,-106.8300,3
42.2706,-71.8731,51
45.6044,-103.5464,57
36.2967,-99.7689,48
45.9647,-112.5006,18
41.3497,-71.7989,22
40.0397,-88.2778,17
41.2731,-111.0306,47
46.9253,-96.8111,65
43.7331,-103.6114,37
45.5433,-94.0514,36
39.7736,-94.9233,22
39.3792,-74.4242,28
36.9261,-111.4478,18
63.9944,-145.7214,32
39.6092,-110.7547,32
33.4050,-118.4158,21
42.8375,-103.0953,36
41.4131,-81.8600,20
28.7797,-81.2436,30
45.0319,-102.0192,55
33.8117,-118.1464,26
40.0228,-82.4625,8
39.7556,-82.6572,9
39.2447,-102.2842,41
32.8978,-97.0189,52
30.5844,-97.4156,40
40.8289,-115.7886,23
43.3497,-76.3847,29
32.5156,-92.0406,36
40.9781,-124.1086,29
41.8756,-71.0211,11
31.4156,-87.0442,16
43.0661,-108.4767,55
34.2719,-83.8303,31
45.8069,-108.5422,47
33.1281,-117.2794,19
39.5781,-85.8033,11
39.8344,-88.8656,16
44.3394,-105.5419,42
45.5464,-100.4078,64
33.1783,-86.7817,11
37.0683,-88.7719,13
33.6267,-116.1594,34
35.2578,-113.9331,62
32.9733,-97.3181,44
35.5342,-97.6469,46
37.3592,-121.9239,36
34.8822,-95.7831,27
38.4167,-113.0167,54
30.4119,-89.0808,26
55.5800,-133.0750,32
39.8328,-104.6575,36
33.9486,-81.1186,43
38.7667,-104.3000,27
40.9167,-81.4333,17
37.3278,-95.5042,13
42.8939,-85.5447,32
46.7439,-117.1086,24
32.1300,-81.2100,37
27.9106,-82.6875,38
28.7247,-96.2536,55
47.1686,-88.4889,24
30.3489,-85.7881,26
45.0717,-83.5644,16
38.8853,-79.8528,12
28.0836,-97.0464,52
58.3567,-134.5639,46
34.4258,-119.8425,21
47.7472,-90.3444,14
36.2500,-115.6300,17
42.6003,-123.3642,18
47.2675,-122.5761,24
31.5358,-82.5067,26
35.2578,-93.0947,8
43.0303,-78.1692,63
37.6928,-121.8144,46
34.7436,-118.7242,39
39.7078,-77.7297,16
39.1667,-76.6833,19
35.1442,-111.6664,31
42.8153,-108.7261,41
46.5486,-90.9189,29
36.0969,-79.9433,30
34.8831,-82.2203,20
40.0489,-107.8853,37
31.4000,-93.2833,19
41.4914,-120.5644,27
38.8500,-94.7392,25
42.5519,-71.7558,30
41.2544,-80.6739,21
32.8192,-97.3614,51
47.9428,-97.1839,59
28.4736,-82.4544,28
32.5722,-116.9794,22
36.2667,-93.1567,11
45.5908,-122.6003,27
30.4781,-87.1869,50
40.8300,-111.7600,13
33.5656,-86.7450,16
37.7461,-97.2211,29
28.5453,-81.3331,37
66.0689,-162.7639,50
48.7167,-94.6000,41
48.8700,-121.7900,0
46.3747,-117.0156,26
31.2819,-89.2531,26
38.8317,-94.8897,27
40.6161,-83.0636,15
38.9833,-76.4667,21
33.4617,-80.8581,29
36.7367,-97.1019,32
37.1681,-97.0369,28
35.2333,-101.7089,56
31.9514,-85.1289,6
31.3500,-85.6667,11
35.4319,-82.5375,36
41.7072,-86.3164,11
25.9069,-80.2803,28
34.2006,-118.3575,21
42.1578,-72.7161,26
34.9894,-99.0525,52
19.7356,-156.0489,36
39.4203,-83.8217,17
33.6800,-117.8664,17
37.3031,-108.6275,24
18.4325,-66.0108,52
32.2997,-86.4075,22
41.4000,-107.2600,7
61.1689,-150.0278,17
40.1519,-122.2536,36
44.7978,-68.8186,25
45.0133,-84.7014,13
47.4444,-122.3139,19
41.6236,-98.9517,43
31.3347,-92.5586,28
27.4014,-82.5586,48
40.3300,-75.1225,13
34.2167,-119.0833,22
45.7728,-122.8611,24
41.3325,-122.3328,5
34.5583,-98.4172,30
39.4900,-121.6183,41
35.0564,-89.9864,19
32.3367,-90.2214,33
37.8892,-121.2258,49
38.3794,-81.5900,10
41.9950,-87.9336,18
44.3592,-89.8369,14
32.5428,-93.7450,43
25.7906,-80.3164,22
66.9161,-151.5089,9
9.4833,138.0833,14
26.5850,-81.8614,28
36.0394,-95.9844,16
43.1711,-86.2367,21
45.6308,-89.4653,26
43.9042,-92.4917,31
40.7794,-73.8803,43
34.2097,-118.4892,21
38.0494,-103.5122,28
35.7047,-101.5492,4
32.3500,-91.0278,16
36.9647,-86.4239,18
40.0781,-83.0781,15
35.6542,-105.1419,26
42.7461,-86.0967,18
47.6458,-101.4394,39
39.2900,-117.1100,6
42.5417,-113.7661,26
41.3714,-73.4828,21
42.1928,-89.0931,11
44.5169,-108.0822,38
29.3783,-100.9269,55
45.6194,-121.1661,69
47.4733,-111.3822,54
39.0431,-84.6717,17
7.0833,171.3833,28
37.2839,-98.5528,36
43.3436,-72.5178,22
59.7494,-154.9089,39
55.2208,-162.7325,66
37.2622,-104.3378,41
40.2342,-85.3936,10
34.9000,-76.8833,20
45.6689,-96.9914,57
45.8619,-96.5650,45
21.3239,-157.9294,43
64.5111,-165.4400,74
35.9403,-89.8308,15
39.6428,-79.9164,9
24.5833,-81.6833,15
62.9614,-141.9292,17
40.9706,-85.2064,9
40.5300,-106.7800,6
44.3206,-69.7972,28
45.5406,-122.9486,26
33.7792,-84.5214,21
41.7700,-88.4814,7
70.2117,-151.0017,43
30.0481,-102.2131,33
41.0089,-74.7367,9
36.9839,-77.0075,2
47.3978,-120.2014,46
40.0803,-95.5919,26
44.0219,-82.7931,23
41.5272,-85.7922,8
33.9786,-98.4928,49
40.8600,-102.8031,22
31.1500,-92.9667,14
33.9381,-118.3889,34
38.7525,-90.3736,32
42.1908,-71.1736,22
39.5264,-107.7264,38
33.3075,-104.5083,20
30.6794,-88.2397,30
40.2172,-76.8514,25
44.9358,-74.8458,26
40.3667,-75.9667,18
40.1100,-87.9567,0
36.5728,-79.3361,11
40.7342,-73.4169,26
36.1336,-80.2222,23
41.7806,-122.4717,28
36.2117,-115.1958,39
27.7628,-82.6261,30
38.5714,-90.1572,21
42.7803,-84.5789,26
44.3814,-100.2856,51
37.6242,-120.9506,38
56.6000,-169.5650,58
39.3644,-84.5247,5
36.3200,-115.7000,10
44.2558,-121.1392,28
28.0622,-81.7542,30
39.7053,-105.6997,31
47.6831,-117.3214,32
35.5953,-82.5567,4
47.4667,-87.8833,22
33.4536,-94.0075,38
39.9181,-76.8742,13
32.8167,-115.6833,47
44.4911,-71.5725,0
46.4794,-84.3572,14
37.2253,-89.5706,20
38.3406,-75.5103,17
44.5483,-95.0803,55
39.7075,-86.2803,18
39.8000,-106.0300,372
42.7972,-105.3856,51
31.1522,-81.3908,38
41.7861,-87.7522,18
35.2325,-75.6219,32
35.6697,-120.6283,40
37.1467,-94.5022,18
46.0261,-91.4442,23
64.5500,-149.0717,16
37.3169,-79.9742,18
40.7781,-111.9694,34
43.9636,-69.7117,10
45.4353,-67.7214,9
42.5544,-92.4011,25
35.0761,-89.7430,27
36.6950,-76.1356,8
46.6461,-119.9061,134
42.7267,-114.4564,30
30.7167,-87.0167,31
40.6044,-98.4272,42
33.6361,-91.7556,24
44.0206,-117.0128,19
46.1442,-115.5964,10
17.7028,-64.8056,60
39.8233,-93.5792,14
39.7194,-76.8028,40
29.7036,-98.0281,47
40.4847,-80.2144,16
48.2553,-101.2733,48
35.5931,-88.9167,19
39.2775,-120.7103,32
47.3600,-121.5700,4
44.6500,-73.4667,18
42.8050,-72.0036,16
43.8339,-111.8045,43
-14.3306,-170.7136,108
47.5303,-122.3008,13
41.0375,-81.4642,15
32.2622,-107.7206,34
44.3744,-70.3164,9
37.1319,-76.4930,13
26.9172,-81.9914,29
39.4300,-120.3100,8
34.7000,-77.3833,32
41.1078,-92.4467,25
39.4019,-77.9844,19
32.6808,-96.8681,33
39.3669,-101.7000,42
45.6478,-68.6925,34
40.0681,-118.5692,23
33.8117,-78.7239,34
43.1167,-77.6767,31
29.5442,-98.4839,58
39.3100,-111.4300,39
33.6300,-84.4417,30
36.6817,-101.5053,36
33.9753,-117.6361,28
43.2119,-90.1814,11
33.6542,-101.8136,45
39.4167,-118.7167,21
38.0511,-117.0903,44
35.3331,-94.3625,19
34.9869,-81.0575,13
38.3775,-121.9575,52
30.3433,-89.8222,15
46.1236,-67.7928,17
41.2639,-72.8872,23
40.7833,-91.1253,15
32.1314,-110.9553,37
35.4344,-119.0542,35
33.2208,-92.8142,24
43.5164,-112.0672,59
40.1203,-76.2944,21
32.7800,-79.9319,30
34.9914,-78.8803,24
33.2061,-97.1989,46
41.6686,-70.2800,21
38.6644,-94.8900,4
28.1011,-80.6439,30
34.2486,-82.1592,26
48.0944,-105.5744,30
43.0206,-102.5183,40
47.6217,-117.5281,44
43.1072,-78.9453,28
25.6475,-80.4331,14
45.8678,-95.3942,60
61.2169,-149.8550,18
37.1431,-107.7597,19
19.7192,-155.0531,33
35.6567,-95.3614,31
47.2078,-119.3192,30
40.8731,-81.8867,16
42.7172,-71.1239,25
40.4422,-109.5144,20
36.4486,-103.1539,43
41.1214,-100.6694,39
42.4819,-114.4869,36
40.4953,-107.5211,32
34.7272,-92.2389,22
41.6117,-90.5808,13
28.4339,-81.3250,31
42.5950,-87.9381,17
36.7800,-119.7194,40
30.7439,-95.5861,37
29.9933,-90.2511,39
42.5842,-70.9175,22
42.2333,-83.5333,17
32.6261,-116.4681,31
43.2339,-75.4117,31
40.9611,-98.3136,50
43.4075,-94.7461,43
32.7667,-97.4500,55
43.1561,-90.6775,8
60.7850,-148.8389,22
43.8789,-91.2528,26
31.8311,-104.8089,58
31.3928,-92.2956,29
37.7836,-81.1231,15
41.8161,-80.4250,0
35.8517,-97.4142,34
42.7900,-121.9800,0
42.3811,-122.8722,22
43.7300,-113.8300,9
42.9203,-112.5711,33
38.1386,-78.4530,15
20.8997,-156.4286,64
29.6222,-95.6564,40
32.6847,-83.6528,21
36.1189,-86.6892,17
24.5550,-81.7522,14
40.2383,-75.5572,12
40.8206,-76.8642,8
36.7683,-96.0261,11
40.4122,-86.9369,13
30.4636,-88.5319,20
46.4167,-86.6500,16
48.5222,-123.0231,23
35.6575,-109.0614,13
33.2119,-87.6161,15
34.6525,-86.9453,20
44.7694,-106.9689,37
45.6906,-118.8528,45
42.1094,-77.9919,34
43.2389,-123.3547,14
55.3567,-131.7117,57
48.4608,-119.5167,22
37.7797,-89.2497,15
31.8606,-86.0122,19
41.5944,-109.0528,39
55.0389,-131.5786,39
64.8039,-147.8761,28
37.2847,-120.5128,32
37.5908,-83.3131,0
40.8250,-92.8925,18
38.3650,-82.5550,15
35.9461,-112.1547,30
43.8000,-114.8500,10
44.8322,-93.4706,40
41.3375,-84.4289,5
47.0339,-120.5303,87
39.8250,-86.2958,12
35.7800,-105.5400,2
43.4133,-124.2436,28
41.7872,-111.8533,22
36.0719,-115.1633,44
40.4719,-81.4236,9
35.7700,-105.7800,2
41.9922,-93.6217,23
31.6072,-110.4281,34
33.9706,-80.9958,31
43.1644,-95.2017,50
31.3558,-85.7511,16
46.8706,-68.0172,22
38.9597,-94.3714,26
38.6892,-75.3592,15
37.3711,-118.3581,34
60.5797,-151.2392,39
41.7361,-72.6506,28
41.1783,-78.8989,20
26.1522,-81.7753,26
47.0492,-109.4578,31
47.9078,-122.2803,23
41.7419,-72.1836,18
44.9047,-97.1494,68
34.1750,-91.9347,29
41.5886,-83.8014,15
58.6794,-156.6294,51
40.1764,-80.6472,13
45.2486,-122.7686,14
41.9381,-72.6825,28
30.5069,-86.9597,44
39.7333,-77.4333,9
40.1550,-103.1417,36
41.0467,-78.4117,17
32.3206,-90.0778,28
33.1803,-96.5903,47
39.7506,-92.5064,13
42.9333,-71.4383,27
38.6956,-121.5897,55
46.0139,-102.6547,39
45.7881,-111.1608,19
31.6189,-97.2283,65
39.4781,-88.2803,13
40.5175,-122.2986,29
41.4653,-90.5233,14
38.1417,-76.4292,13
40.1936,-76.7633,29
32.5500,-88.5667,25
42.3914,-96.3792,49
33.9481,-83.3275,20
36.3189,-119.6289,28
36.4731,-82.4044,10
27.7411,-98.0247,57
30.0675,-95.5561,34
42.6650,-83.4181,24
31.9433,-102.1889,46
42.8975,-106.4636,76
40.3161,-78.8339,25
37.2353,-93.4003,20
46.9733,-122.9033,25
44.4983,-88.1111,23
43.7600,-115.2400,11
36.7900,-105.2400,0
36.0300,-106.8100,4
48.7200,-116.4600,20
41.8031,-78.6403,21
27.6531,-80.2428,30
36.9358,-121.7886,25
38.2900,-104.4983,27
36.6636,-121.6081,39
38.0700,-102.6881,30
38.7642,-87.6056,26
47.9742,-117.4283,30
45.4622,-69.5953,22
41.2531,-70.0608,46
40.8500,-74.0614,30
59.4556,-135.3239,20
38.9408,-77.4636,22
41.6267,-73.8842,14
42.1594,-76.8919,28
33.3644,-81.9633,32
41.5339,-93.6531,34
7.4500,151.8333,20
35.1967,-81.1558,22
31.8111,-106.3758,26
41.6328,-91.5431,17
62.3200,-150.0950,10
43.1406,-89.3453,9
34.9883,-117.8647,68
42.3978,-90.7036,13
46.7994,-102.7972,47
35.2100,-99.1200,58
35.4111,-80.5833,0
29.5189,-95.2417,26
30.9119,-102.9167,46
37.6544,-97.4425,33
29.9506,-94.0206,31
42.6425,-77.0564,21
25.9156,-97.4186,61
30.1831,-97.6800,51
36.0097,-94.1694,14
44.3814,-106.7211,40
34.6294,-118.0836,63
44.6381,-90.1875,20
31.3214,-85.4497,25
37.6542,-122.1150,45
45.1947,-123.1339,26
41.3275,-72.0494,34
39.9061,-84.2186,14
38.9503,-95.6639,29
35.9508,-85.0814,13
36.0236,-84.2375,5
30.5372,-91.1469,39
45.6983,-110.4408,50
60.7850,-161.8292,35
39.0725,-95.6261,25
44.3592,-84.6739,21
32.6636,-97.0939,45
46.9006,-95.0678,52
31.0425,-86.3117,14
32.7100,-96.2672,40
39.3903,-94.5553,9
38.5069,-121.4950,43
29.6333,-83.1053,36
29.6919,-82.2756,35
41.1389,-75.3794,33
30.3208,-97.7603,29
36.6239,-87.4194,21
46.6056,-111.9636,25
36.1306,-80.5481,9
34.0500,-94.4008,18
40.6386,-73.7622,44
38.3000,-76.4167,25
46.8369,-92.2097,37
44.2033,-72.5794,22
44.7408,-85.5825,16
44.3981,-98.2231,76
7.3333,134.4833,12
33.8719,-117.9789,14
40.7939,-73.1017,32
44.9050,-123.0011,25
40.6825,-74.1694,38
36.0167,-102.5500,42
48.3042,-114.2636,31
41.4333,-99.6333,39
32.7817,-98.0603,31
41.1014,-102.9847,39
44.7900,-116.0900,18
35.0678,-77.0481,19
32.8547,-109.6353,64
42.3200,-120.8300,10
30.2333,-81.6667,37
59.5119,-139.6711,24
43.2781,-70.9222,23
33.4669,-82.0386,32
42.3606,-71.0106,33
34.7500,-111.4100,536
35.8181,-83.9858,21
44.8664,-91.4878,25
21.1544,-157.0961,55
36.7200,-106.2600,4
41.3931,-70.6150,31
42.0800,-80.1825,33
30.4844,-81.7019,30
40.6508,-75.4492,16
33.9228,-118.3342,26
41.5097,-72.8278,15
37.9050,-93.3169,4
59.4433,-151.7017,10
47.6428,-115.9172,0
43.5667,-116.2406,33
40.2964,-78.3203,15
33.6186,-114.7142,52
39.2956,-80.2289,7
38.0408,-84.6058,28
29.1097,-95.4619,40
30.3503,-81.8831,26
38.8761,-98.8092,47
30.5108,-99.7664,39
38.2281,-85.6636,22
37.6703,-95.4842,22
29.3331,-89.4075,40
43.3906,-99.8422,70
41.1961,-112.0114,27
45.8183,-88.1144,15
62.9575,-155.6103,30
35.0311,-85.2014,21
13.4836,144.7961,17
41.3103,-95.8992,46
43.1111,-76.1039,38
28.4567,-99.2183,61
43.5950,-118.9564,31
29.7333,-85.0333,40
26.1969,-80.1708,30
34.1231,-84.8486,8
41.0136,-83.6686,15
24.7258,-81.0517,17
32.3847,-94.7117,41
37.0872,-84.0769,13
44.5344,-72.6144,15
41.3119,-105.6747,53
32.5161,-84.9422,21
33.0375,-116.9158,22
43.3500,-73.6167,17
32.3336,-104.2581,25
43.1953,-71.5011,27
31.3072,-95.4508,0
36.7436,-108.2292,27
34.1853,-79.7239,25
25.9989,-80.2411,29
33.6883,-112.0817,25
44.2667,-71.2994,170
41.7219,-71.4325,36
46.3583,-104.2500,42
38.8483,-77.0342,29
29.3389,-98.4719,45
46.5683,-120.5428,28
34.8461,-82.3461,26
44.8831,-93.2289,38
30.1250,-93.2158,27
41.9144,-88.2464,7
30.0494,-90.0289,47
41.9856,-97.4353,52
43.9906,-70.9475,20
42.2314,-83.3308,22
32.8342,-115.5786,34
31.4208,-110.8458,10
40.8217,-72.8689,26
