41.7836,-122.0447,3
-28.5008,114.7897,3
34.8856,-93.6847,4
-33.9411,118.9200,2
43.2386,-76.1964,3
39.5253,-91.6450,3
42.0003,-73.0439,3
39.1331,-94.0639,3
-38.3898,145.0863,3
-37.7073,147.8314,3
32.3117,-97.0161,4
40.3803,-76.0275,3
-34.6250,117.6361,3
35.9675,-88.0458,2
-33.3142,117.7400,2
31.8075,-85.9722,2
21.5611,-158.2383,3
-41.9933,145.5725,2
44.7178,-93.0975,3
21.3153,-157.9992,3
21.2981,-157.8164,3
45.3047,-93.5842,2
-32.0533,115.7647,3
35.3872,-76.7764,3
28.4575,-97.7061,2
-35.6569,137.6364,3
39.2242,-92.8483,2
-35.0369,138.9130,2
26.2422,-98.3992,2
43.1592,-74.2042,3
31.2975,-85.8997,2
44.7281,-75.4442,4
45.9997,-121.5403,3
18.1511,-66.9889,3
42.0772,-74.9828,3
31.1681,-84.7664,3
-24.8503,152.3994,3
32.7019,-87.5814,2
-34.0717,118.2628,3
-33.4972,117.3131,2
42.9481,-76.7342,3
39.7033,-102.2939,3
19.4175,-155.8806,2
40.4506,-107.5894,3
45.5533,-122.3886,3
27.4272,-80.4053,3
-33.8325,116.3894,3
43.9000,-75.0367,3
36.3661,-85.6553,3
37.2344,-82.3436,3
39.4931,-96.1758,5
34.8242,-106.0344,2
42.8942,-71.9842,3
-33.4458,117.6614,2
-35.3497,138.6223,3
27.6997,-97.1581,2
31.8614,-95.2619,4
33.8997,-88.1325,4
-33.9797,115.7656,3
44.5564,-94.2208,3
46.6447,-88.4811,6
44.9464,-123.2911,2
39.5703,-107.2267,3
18.0836,-66.6547,2
27.9914,-82.0136,2
32.6997,-93.6619,4
-33.9592,115.0642,3
-42.0056,145.5419,7
41.0625,-96.0069,4
38.9664,-93.4194,3
32.0111,-85.0900,3
-33.6309,150.2940,2
-33.5343,150.6338,2
-34.9617,117.3567,3
40.8619,-75.6428,3
42.9694,-71.9528,3
21.3733,-157.7853,3
41.0908,-89.8614,3
-30.3081,115.0311,2
37.1244,-82.6339,4
-42.5853,147.9142,3
46.1281,-85.5697,3
33.7392,-88.1275,3
44.9231,-123.5750,5
47.0294,-120.5386,3
37.9050,-93.3169,2
40.5447,-84.4375,4
47.1889,-120.9131,3
36.6139,-83.7897,3
46.3675,-124.0378,3
41.1183,-75.7278,3
37.5339,-83.3492,3
42.2906,-104.7625,6
39.0461,-78.9664,2
-33.0269,116.8792,3
-32.1303,116.0053,3
46.0756,-118.2742,3
43.1889,-71.7461,3
-33.6514,118.5517,3
-32.8183,117.1800,3
45.2236,-91.1269,3
-42.3961,146.4897,3
21.4706,-157.8836,2
-43.0156,147.3275,3
-33.1336,115.8808,3
34.8219,-89.4347,3
-34.9761,116.7328,3
41.7003,-71.5925,3
21.1328,-157.2133,6
38.6644,-94.8900,3
-33.4983,150.5215,2
18.1731,-66.4928,2
-32.9297,119.8367,2
46.7953,-93.3211,3
21.3389,-157.8581,3
46.0436,-118.4628,2
45.6847,-121.5175,3
44.0764,-116.9311,4
36.5408,-85.4597,5
-34.6653,149.9888,3
47.0731,-109.4017,3
39.5108,-87.1242,3
-35.3266,149.0492,3
-34.0111,149.8369,3
48.6236,-93.8992,3
-31.8622,116.2658,2
-35.1890,138.8262,3
-34.4878,117.6278,2
-33.3211,149.0828,3
40.8250,-92.8925,2
40.0567,-80.7283,3
43.2761,-75.1567,3
46.2642,-87.5150,4
36.4528,-89.3028,3
41.5889,-75.3303,3
38.1350,-94.8161,3
26.1781,-97.9708,3
43.9517,-111.6789,3
45.1111,-87.6117,3
47.1414,-121.9356,3
44.3078,-90.1314,3
35.9308,-91.0547,3
45.5556,-90.9592,3
-34.9423,138.7270,2
44.9214,-85.5161,3
21.5739,-158.0378,3
18.3236,-64.8542,3
-17.0692,145.7742,3
-33.6165,150.7477,3
43.2097,-75.6453,3
32.7336,-96.3225,3
45.3167,-118.0747,3
-34.2961,117.5533,3
46.9589,-95.6472,3
-31.3461,115.9031,3
45.5247,-123.1025,3
-43.0431,147.4133,2
46.5831,-90.9678,3
39.3667,-94.3294,2
-26.6225,152.8656,2
-33.7069,117.2411,2
37.4389,-88.6678,3
44.1472,-71.9656,10
-33.3978,115.7536,3
46.6706,-100.2294,3
-34.4417,116.9944,2
31.3625,-85.3397,3
-33.9317,117.3258,2
-34.6339,116.1236,2
40.7928,-87.7556,2
-34.9769,116.7286,3
43.8000,-74.8667,3
46.4908,-87.3550,3
-25.3706,151.1222,3
-34.7810,150.6917,3
46.6539,-68.0089,3
42.3092,-88.2533,3
-29.4417,116.2875,2
30.7342,-85.0306,3
33.9047,-87.3153,2
37.6361,-98.1136,2
41.6444,-72.8167,3
-16.9283,145.7647,3
43.7178,-123.0578,3
-17.2700,145.8997,3
-29.1906,115.4414,3
-37.8221,140.7593,3
35.7072,-82.0289,5
18.3375,-67.2497,3
42.9453,-72.2369,2
-34.1685,150.6145,3
-31.6358,116.7961,3
-17.3436,145.9217,3
-35.9870,142.9150,3
45.4117,-92.6467,3
38.1253,-82.6936,3
-41.2039,146.2650,3
35.0781,-89.6653,3
-34.2511,116.8767,3
-29.2236,115.1075,2
-31.8689,116.0167,3
35.3072,-92.7325,5
-33.3600,116.1467,3
39.7506,-92.5064,3
38.7017,-91.4314,3
36.8047,-107.6214,3
-35.2459,149.1068,3
-18.6508,146.2047,5
33.7158,-108.7769,3
38.2800,-95.2178,2
42.6531,-96.8775,2
-33.6611,115.3456,3
-29.8183,115.2722,2
-35.3098,149.1269,3
44.2603,-121.1483,3
-34.7208,150.6491,3
-35.3757,149.0870,4
39.6203,-79.9697,3
36.4375,-121.7092,3
-31.8140,116.3410,3
-33.5167,116.8028,2
61.6311,-149.8019,2
39.5833,-120.3706,3
42.9967,-72.3128,3
-33.3169,115.9892,2
44.8700,-88.9044,3
43.7464,-124.1217,3
18.1725,-66.9872,3
39.5228,-79.4131,3
37.5108,-86.2892,3
-33.3347,116.7425,3
58.2989,-134.4111,3
18.3906,-66.0542,3
38.6311,-80.0856,3
39.0422,-108.4664,3
37.6475,-96.0781,5
47.1358,-122.2558,3
44.3931,-73.8589,3
41.5394,-75.9269,3
17.9556,-66.2222,2
-31.1936,117.0311,3
27.5969,-98.4161,2
37.4000,-82.2333,2
44.9356,-91.8886,3
37.2669,-83.6500,3
41.6725,-75.0642,2
45.4428,-91.0897,3
-31.7317,115.7931,3
41.3997,-84.1119,3
39.9000,-98.0256,3
