40.3000,-111.2600,155
40.8300,-111.7600,104
36.0000,-106.8300,284
39.1900,-120.2600,162
36.8600,-106.2300,17
36.0300,-106.8100,86
36.1300,-105.5300,282
35.9200,-106.3900,163
35.3400,-111.6500,287
40.5300,-106.7800,215
38.4000,-119.5400,191
44.3800,-116.3400,116
36.0700,-105.6300,256
43.7600,-115.2400,149
36.7200,-106.2600,209
36.3100,-115.6800,199
39.3100,-111.4300,147
36.9900,-105.2600,159
43.7600,-116.1000,64
36.2500,-115.6300,256
48.7200,-116.4600,91
44.7900,-116.0900,200
36.1900,-105.5600,52
41.4000,-107.2600,170
35.7700,-105.7800,90
43.7300,-113.8300,137
39.3600,-106.0600,314
46.2400,-117.3900,51
39.4300,-120.3100,218
36.9600,-106.6600,164
44.2100,-110.6700,265
43.8000,-114.8500,360
39.8000,-106.0300,224
36.5100,-106.3200,12
39.2900,-117.1100,169
36.7900,-105.2400,271
