40.7264,-122.7947,144
38.8586,-99.3358,44
43.8544,-116.4664,100
36.9969,-119.7072,-178
37.1503,-104.5567,117
36.4711,-86.8414,178
37.9050,-93.3169,111
33.6731,-111.1508,178
47.0575,-109.9514,28
28.4675,-98.2525,239
40.4750,-86.9919,156
42.9592,-120.7897,100
37.3806,-107.5811,44
39.9000,-98.0256,67
39.0303,-76.9314,206
39.8114,-99.9386,39
46.0436,-118.4628,133
34.5822,-119.9817,139
40.1739,-101.0611,11
34.7675,-106.7611,61
42.1397,-87.7853,100
45.6750,-111.1550,28
40.7833,-81.9167,200
33.7542,-99.1442,144
42.8767,-77.0308,178
38.4917,-122.1242,94
47.7283,-104.1467,133
37.0683,-88.7725,189
33.7092,-93.5564,200
45.9228,-108.2444,44
39.1172,-95.4097,161
46.8706,-68.0172,89
40.2233,-86.1086,178
35.6214,-88.8456,217
38.4661,-101.7758,33
37.7967,-121.5828,122
46.7603,-117.1861,72
35.7197,-86.9653,206
36.8047,-107.6214,33
34.9881,-120.3211,139
26.8400,-81.0872,228
41.9342,-88.7756,100
40.0892,-99.2133,39
35.4139,-86.8086,161
38.7978,-99.7231,39
37.7617,-117.5658,78
39.0422,-108.4664,67
47.0022,-118.5658,89
43.5492,-71.4647,-178
48.4983,-109.8014,44
44.1183,-121.2103,44
30.2003,-92.6642,239
36.5575,-105.2628,56
38.5350,-121.7761,128
46.6722,-120.4994,117
48.7178,-122.5114,117
38.6450,-95.5661,211
38.4931,-122.0047,133
42.3806,-96.9575,61
35.4072,-104.1906,89
40.1167,-76.4333,172
45.6911,-118.8522,133
61.5664,-149.2542,39
32.2822,-106.7597,89
34.5989,-103.2161,67
35.2006,-103.6867,89
41.4439,-86.9294,100
42.7467,-71.0425,156
47.6811,-117.6267,111
36.5508,-114.4581,100
39.3925,-101.0689,28
29.4608,-101.0286,217
40.2539,-85.1483,194
26.5581,-99.1372,239
37.6967,-93.7722,156
35.0489,-97.9158,100
25.8175,-80.2858,250
39.6619,-99.1228,44
38.0047,-120.4864,139
30.7053,-104.0233,83
39.4031,-99.4192,39
36.6897,-108.3086,67
46.7281,-116.9558,94
41.4903,-71.5431,161
