18.1747,-66.7978,66
31.2022,-93.5725,267
40.7264,-122.7947,39
38.8586,-99.3358,447
43.8544,-116.4664,58
36.9969,-119.7072,56
40.7142,-122.4161,56
33.8300,-88.5214,100
36.4711,-86.8414,82
40.0839,-88.2403,14
36.1056,-82.8436,37
42.9592,-120.7897,69
39.9000,-98.0256,407
39.0303,-76.9314,64
39.8114,-99.9386,1120
31.6164,-94.6431,77
34.1864,-90.5572,79
46.0436,-118.4628,85
43.8083,-111.7892,79
34.5822,-119.9817,56
40.1739,-101.0611,330
35.3872,-76.7764,650
31.8769,-105.2369,61
42.1397,-87.7853,47
40.5764,-105.0858,61
34.5697,-93.1947,34
30.8408,-89.5453,14
39.0172,-92.7558,105
37.5147,-122.0325,171
40.7833,-81.9167,64
32.8964,-107.3078,127
33.7542,-99.1442,84
35.1131,-89.2122,37
34.7281,-90.3683,66
30.7931,-94.1819,122
38.4917,-122.1242,55
47.7283,-104.1467,35
33.7092,-93.5564,0
45.9228,-108.2444,71
46.8706,-68.0172,121
35.1297,-89.8036,34
39.2475,-96.5994,101
30.0689,-94.2928,288
40.2233,-86.1086,63
18.0331,-67.0722,101
40.1550,-103.1417,280
18.2583,-65.9922,11
35.6214,-88.8456,95
35.8819,-83.9572,29
38.4661,-101.7758,259
43.4033,-103.2683,121
35.7197,-86.9653,34
34.6033,-104.3811,198
36.8047,-107.6214,217
34.9881,-120.3211,97
31.3706,-100.4942,105
26.8400,-81.0872,161
41.9342,-88.7756,82
33.4692,-88.7822,63
41.0267,-86.5867,31
42.1231,-111.3133,116
37.3822,-102.2986,407
36.3444,-88.8636,95
40.0892,-99.2133,134
35.4139,-86.8086,53
38.7978,-99.7231,639
37.7617,-117.5658,220
39.0422,-108.4664,241
38.9408,-95.3397,60
32.8242,-95.5275,101
43.5492,-71.4647,60
36.0147,-85.1314,56
44.1183,-121.2103,37
35.6872,-90.0964,159
30.2003,-92.6642,93
39.5039,-98.3150,792
39.9614,-86.0586,53
46.6722,-120.4994,35
38.4931,-122.0047,53
42.3806,-96.9575,6
40.1167,-76.4333,153
32.8522,-95.8864,108
45.6911,-118.8522,77
61.5664,-149.2542,113
32.2822,-106.7597,64
34.5989,-103.2161,241
35.2006,-103.6867,246
33.0642,-101.0489,82
41.4439,-86.9294,111
42.7467,-71.0425,32
33.1481,-95.6269,0
47.6811,-117.6267,23
34.1647,-88.7239,26
36.5508,-114.4581,89
33.1461,-107.1842,137
39.3925,-101.0689,328
44.8831,-85.6753,51
40.2539,-85.1483,77
26.5581,-99.1372,53
34.8219,-89.4347,3642
35.0489,-97.9158,159
25.8175,-80.2858,85
31.9497,-91.2336,37
39.6619,-99.1228,235
44.3089,-85.2050,140
38.0047,-120.4864,60
30.7053,-104.0233,72
39.4031,-99.4192,444
36.6897,-108.3086,98
32.4219,-93.6381,394
37.9931,-100.8122,245
29.6211,-96.3661,132
27.4272,-80.4053,156
32.3378,-89.0817,82
46.7281,-116.9558,42
34.1381,-88.9983,76
44.3253,-96.7686,330
32.9203,-94.7225,140
41.4903,-71.5431,172
