55.9153,-130.0269,3
-42.5844,148.0636,3
45.4681,-87.6836,2
-38.0808,146.2139,6
-37.8376,145.0048,7
33.1581,-85.2911,2
-33.7096,151.1730,2
43.5397,-109.6553,3
46.0044,-102.6472,8
38.8694,-117.9230,2
19.2753,-155.4514,4
37.4436,-122.1403,4
19.4689,-155.9094,2
-41.7953,145.4392,3
-12.5547,130.8677,2
33.0367,-80.2325,5
44.8700,-88.9044,2
-33.7324,151.0767,2
21.3153,-157.9992,2
-33.6165,150.7477,2
42.4292,-71.4425,2
35.9675,-88.0458,2
-35.4987,138.7638,4
-20.3531,148.9508,2
63.0428,-147.2478,4
38.6308,-96.6717,14
31.2542,-91.9592,2
43.2358,-77.0842,2
46.4328,-109.8311,2
47.2142,-113.5203,6
