36.6897,-108.3086,267
43.8544,-116.4664,311
38.4661,-101.7758,322
44.7764,-108.7592,317
35.0489,-97.9158,356
46.0436,-118.4628,350
35.6214,-88.8456,394
46.7603,-117.1861,300
35.4072,-104.1906,200
41.9342,-88.7756,361
34.5989,-103.2161,289
45.6750,-111.1550,339
30.7053,-104.0233,289
47.0575,-109.9514,233
40.7833,-81.9167,300
39.6619,-99.1228,367
26.5581,-99.1372,244
48.7178,-122.5114,289
46.7281,-116.9558,289
42.9536,-112.8253,300
29.4608,-101.0286,350
28.4675,-98.2525,383
41.4439,-86.9294,322
42.7467,-71.0425,283
40.1739,-101.0611,339
38.7978,-99.7231,344
47.7283,-104.1467,289
37.9050,-93.3169,256
39.1172,-95.4097,194
33.7542,-99.1442,361
38.4917,-122.1242,228
38.8586,-99.3358,328
36.9969,-119.7072,-178
39.9000,-98.0256,383
42.1397,-87.7853,361
34.9881,-120.3211,333
37.7967,-121.5828,372
34.7675,-106.7611,350
39.0744,-96.8983,189
40.2842,-109.8611,344
39.0422,-108.4664,228
44.1183,-121.2103,300
30.2003,-92.6642,383
38.7403,-104.3994,300
40.2233,-86.1086,311
38.6450,-95.5661,489
40.2458,-111.6508,306
46.8706,-68.0172,256
43.5492,-71.4647,300
47.6811,-117.6267,311
42.8767,-77.0308,289
40.0892,-99.2133,339
35.7047,-101.5492,289
45.4825,-120.7236,267
37.3806,-107.5811,211
37.1503,-104.5567,328
39.3925,-101.0689,317
47.0022,-118.5658,300
37.7617,-117.5658,339
36.8047,-107.6214,256
33.6731,-111.1508,356
32.2822,-106.7597,356
35.4139,-86.8086,344
40.1550,-103.1417,256
26.8400,-81.0872,322
45.9228,-108.2444,328
61.5664,-149.2542,178
39.2494,-106.3714,178
36.5575,-105.2628,250
34.5822,-119.9817,339
39.0303,-76.9314,300
37.0683,-88.7725,350
40.4750,-86.9919,328
33.7092,-93.5564,389
43.8083,-111.7892,272
36.5508,-114.4581,333
64.8569,-147.8611,178
40.7142,-122.4161,344
35.2006,-103.6867,350
39.4031,-99.4192,361
42.1231,-111.3133,144
35.7197,-86.9653,389
40.2539,-85.1483,344
44.0622,-103.4819,200
48.4983,-109.8014,261
39.8114,-99.9386,361
36.4711,-86.8414,367
42.9592,-120.7897,333
38.4931,-122.0047,256
25.8175,-80.2858,350
45.6911,-118.8522,317
40.6117,-122.5281,367
41.6661,-111.8914,300
36.4622,-116.8669,400
