34.3997,-98.3458,356
36.1903,-99.0403,333
33.2422,-103.3611,272
34.9678,-97.9519,356
33.8936,-97.2692,383
36.1167,-97.6067,344
35.2722,-97.9553,344
35.8819,-83.9572,333
32.8978,-90.8853,394
36.0286,-99.3464,344
39.7194,-76.8028,311
35.9986,-97.0481,389
35.2050,-99.8033,372
36.0642,-97.2128,350
32.4219,-93.6381,300
36.0147,-85.1314,239
34.8219,-89.4347,156
32.4714,-87.2314,306
31.4269,-94.8942,244
35.8989,-98.9603,339
35.6528,-96.8042,306
38.5200,-89.8467,306
36.8981,-96.9103,322
34.7675,-106.7611,339
36.7481,-98.3628,350
32.2061,-90.5133,300
34.1864,-90.5572,350
31.1414,-87.0486,350
36.8314,-99.6411,361
35.1867,-102.0797,267
40.1100,-87.9567,261
35.1489,-98.4658,356
34.1936,-97.5881,361
44.0708,-93.5264,283
34.7281,-90.3683,367
45.5900,-95.8744,267
33.8103,-91.2778,272
35.5914,-99.2706,344
36.6897,-108.3086,244
35.3736,-83.7006,183
40.4750,-86.9919,300
34.8358,-99.4239,378
40.7928,-87.7556,222
34.5872,-99.3381,339
33.4311,-90.9108,300
39.8058,-90.8236,278
44.9847,-93.1772,283
40.9361,-90.7197,289
31.8769,-105.2369,356
35.6872,-90.0964,350
34.7986,-96.6692,361
34.7292,-98.5694,389
34.4744,-91.4172,294
35.2358,-97.4647,350
35.8489,-97.4797,361
38.4931,-88.9703,256
35.8417,-98.5261,333
45.4825,-120.7236,300
34.0356,-96.9433,367
33.7092,-93.5564,372
35.5461,-99.7278,339
35.1297,-89.8036,350
31.3706,-100.4942,322
34.4397,-99.1375,356
40.2539,-85.1483,300
35.9328,-88.7267,328
36.1472,-97.2858,350
41.1453,-85.4897,211
34.6892,-86.8819,278
31.0383,-85.8708,333
41.6661,-111.8914,244
36.2633,-98.4975,361
63.9647,-145.1050,67
34.2392,-98.7444,339
44.8831,-85.6753,239
36.3558,-97.1531,356
36.7925,-97.7458,356
33.3867,-97.7164,328
36.2872,-88.2958,317
38.7386,-87.4878,283
34.5989,-103.2161,272
38.9422,-92.3200,294
31.3625,-85.3397,361
30.5467,-87.8808,300
34.8494,-97.0031,378
30.7342,-85.0306,-178
34.7392,-90.7664,350
36.3842,-98.1114,333
44.2394,-95.3153,267
39.4708,-87.4081,361
36.3925,-89.0317,328
44.6342,-123.1900,267
31.9461,-90.3775,350
47.0575,-109.9514,211
41.8161,-80.4250,194
34.5658,-96.9503,356
34.1678,-97.9883,367
33.4692,-88.7822,322
41.4439,-86.9294,300
42.0208,-93.7742,250
35.4842,-98.4814,350
35.6214,-88.8456,306
35.2006,-103.6867,289
35.1714,-96.6311,389
35.0322,-97.9144,383
36.4231,-99.4167,356
36.9869,-99.0108,344
35.5083,-98.7750,356
34.3325,-96.6789,378
36.7081,-98.7094,333
36.5994,-89.9894,294
32.0997,-91.7022,317
35.7197,-86.9653,261
34.1381,-88.9983,300
32.8986,-80.0403,272
36.1056,-82.8436,267
35.4139,-86.8086,250
35.1131,-89.2122,350
29.6211,-96.3661,417
42.1397,-87.7853,289
39.3925,-101.0689,261
40.4719,-74.4364,283
35.4017,-99.0583,350
36.0908,-106.0567,228
37.3822,-102.2986,217
31.2353,-88.9186,322
39.4833,-83.8500,244
34.9897,-99.0528,350
40.7833,-81.9167,244
36.7542,-97.2544,322
36.4119,-97.6939,356
34.5289,-97.7647,344
63.9033,-152.2817,78
34.6089,-96.3331,367
32.8472,-97.4761,333
30.5497,-84.5836,272
45.6750,-111.1550,222
34.8083,-98.0233,344
36.4711,-86.8414,311
40.8142,-85.1547,250
35.0708,-96.3561,361
46.7281,-116.9558,244
35.5419,-97.3414,367
34.1647,-88.7239,267
36.7256,-99.1422,339
34.1925,-86.7972,300
35.8542,-97.9544,350
34.5519,-96.7178,356
39.3669,-101.7000,233
33.9208,-96.3203,383
34.3086,-95.9969,344
40.0739,-87.5067,283
34.9142,-98.2922,367
43.2828,-123.3536,239
34.7156,-97.2292,367
36.1208,-97.0953,339
35.5483,-98.0364,339
34.1922,-97.0858,350
36.0719,-99.9031,350
34.9819,-97.5208,356
41.0267,-86.5867,278
34.2281,-97.2014,344
34.6856,-99.8333,317
35.3647,-96.9481,361
