40.7264,-122.7947,21
38.8586,-99.3358,274
42.9592,-120.7897,53
40.2842,-109.8611,51
34.5822,-119.9817,42
40.1739,-101.0611,80
45.7206,-118.6264,90
36.4622,-116.8669,417
34.5697,-93.1947,2
39.0172,-92.7558,19
40.2233,-86.1086,56
18.0331,-67.0722,79
38.4661,-101.7758,117
34.6033,-104.3811,100
34.9881,-120.3211,95
31.3706,-100.4942,47
38.7978,-99.7231,288
37.7617,-117.5658,76
39.0422,-108.4664,172
32.8242,-95.5275,101
36.0147,-85.1314,77
39.9614,-86.0586,11
45.6911,-118.8522,172
33.1481,-95.6269,56
36.5508,-114.4581,21
39.3925,-101.0689,127
40.2539,-85.1483,21
26.5581,-99.1372,0
30.7053,-104.0233,23
37.9931,-100.8122,183
46.7047,-92.5253,40
45.4825,-120.7236,240
32.9203,-94.7225,68
