36.3200,-115.7000,34
36.7200,-106.2600,31
43.8000,-114.8500,69
43.7600,-116.1000,53
35.7700,-105.7800,21
36.5100,-106.3200,6
40.3000,-111.2600,55
43.7600,-115.2400,46
39.1900,-120.2600,98
39.3600,-106.0600,37
36.2500,-115.6300,44
39.2900,-117.1100,26
36.8600,-106.2300,11
46.2400,-117.3900,50
44.2100,-110.6700,83
44.7900,-116.0900,74
38.4000,-119.5400,46
35.9200,-106.3900,21
48.7200,-116.4600,64
41.4000,-107.2600,42
36.1900,-105.5600,25
40.8300,-111.7600,42
36.0300,-106.8100,24
36.0700,-105.6300,29
36.9600,-106.6600,27
35.3400,-111.6500,38
36.7900,-105.2400,31
41.2300,-105.3800,11
39.4300,-120.3100,33
36.0000,-106.8300,18
40.5300,-106.7800,36
36.3100,-115.6800,44
39.8000,-106.0300,64
36.9900,-105.2600,48
44.3800,-116.3400,45
39.3100,-111.4300,68
35.7800,-105.5400,21
