21.1900,-156.9828,5
-37.5483,142.7393,2
-29.4417,116.2875,5
20.7603,-156.2469,3
35.5678,-105.2131,2
34.4581,-78.1094,3
-41.9933,145.5725,6
39.9000,-98.0256,4
-27.2906,152.8214,2
18.0331,-67.0722,2
-34.7093,147.5525,4
-35.5461,150.3747,2
-34.8883,118.3958,2
21.3933,-157.9750,13
20.7939,-156.0414,5
21.3733,-157.7853,7
-34.4084,149.8836,2
21.6031,-157.9022,6
-35.0266,138.7133,4
39.7506,-92.5064,3
-30.9585,150.1505,2
-36.4722,148.6232,10
-34.1806,136.0490,4
21.5739,-158.0378,4
-30.1872,149.8642,2
-37.6563,145.4762,11
42.0811,-76.3178,6
20.2250,-155.7933,4
-42.2539,146.6200,14
-36.8756,147.2886,4
29.0361,-80.9181,2
-26.6133,149.3878,2
-32.1018,151.2333,3
39.1331,-94.0639,5
-38.1833,142.4682,2
19.4917,-155.9117,2
42.2906,-104.7625,5
-31.3433,149.5076,3
43.9331,-86.2453,7
37.4000,-82.2333,3
42.6383,-72.9364,3
35.2028,-85.9172,9
56.3511,-133.6264,2
35.3872,-76.7764,4
-43.0833,147.7922,2
35.1817,-92.4958,6
36.8825,-83.8819,2
20.8136,-156.1186,5
44.8550,-85.8353,26
-34.7772,117.6508,2
-27.4983,153.0337,4
