34.4581,-78.1094,3
36.0336,-90.4978,2
41.8453,-123.9647,3
36.5928,-90.2319,6
36.8047,-107.6214,2
-31.5094,117.7681,2
38.0544,-85.6242,2
40.1239,-102.7214,2
47.1686,-92.4628,5
35.9067,-80.8142,3
-35.8990,148.1821,2
-33.8025,123.0331,3
36.6139,-83.7897,2
42.2611,-88.3953,12
34.4094,-78.7914,2
35.2458,-82.3892,2
39.1506,-90.7847,2
-42.1178,146.1772,2
-34.7233,117.3494,3
33.0367,-80.2325,2
-32.4753,149.5151,2
-31.3756,117.5853,2
47.4172,-122.2433,2
-37.2698,144.7230,2
38.3950,-93.7711,2
35.1108,-81.9675,2
34.8242,-106.0344,2
41.1222,-98.0283,2
34.9831,-83.0678,3
-42.9078,147.2931,3
34.3519,-82.9300,2
-34.5961,118.5519,2
34.9047,-83.4128,3
-34.9464,138.6519,3
-42.9683,147.5081,2
-43.0433,147.8667,2
31.8708,-85.4500,3
-34.4019,118.1019,3
38.9708,-94.9775,2
39.1564,-90.1392,5
