38.8586,-99.3358,356
43.2828,-123.3536,283
38.9422,-92.3200,283
34.7392,-90.7664,328
34.7986,-96.6692,317
33.8936,-97.2692,322
45.5900,-95.8744,289
36.4231,-99.4167,317
34.2392,-98.7444,322
35.8542,-97.9544,361
36.4711,-86.8414,283
35.3647,-96.9481,339
35.9328,-88.7267,294
36.1903,-99.0403,311
40.1100,-87.9567,222
41.1453,-85.4897,211
47.0575,-109.9514,283
36.0642,-97.2128,361
34.5872,-99.3381,350
44.6342,-123.1900,344
36.3842,-98.1114,311
36.1056,-82.8436,222
36.7081,-98.7094,339
34.6892,-86.8819,250
41.8161,-80.4250,206
40.4750,-86.9919,256
34.6089,-96.3331,311
36.1472,-97.2858,344
36.4119,-97.6939,317
43.0431,-96.9033,206
34.1864,-90.5572,289
35.2050,-99.8033,383
39.3669,-101.7000,267
32.2061,-90.5133,278
34.7675,-106.7611,383
31.8769,-105.2369,383
35.4842,-98.4814,344
42.1397,-87.7853,256
45.6750,-111.1550,272
36.7481,-98.3628,361
34.9678,-97.9519,350
39.7194,-76.8028,278
35.1867,-102.0797,289
40.7833,-81.9167,200
35.5461,-99.7278,361
35.1131,-89.2122,306
33.8103,-91.2778,250
35.5083,-98.7750,344
33.4311,-90.9108,300
34.7281,-90.3683,311
40.4719,-74.4364,261
34.7292,-98.5694,417
63.9033,-152.2817,106
30.5467,-87.8808,317
34.9897,-99.0528,356
33.7092,-93.5564,356
34.0356,-96.9433,311
36.1167,-97.6067,350
42.0208,-93.7742,206
35.5914,-99.2706,344
35.1297,-89.8036,294
33.9208,-96.3203,311
34.9142,-98.2922,378
44.9847,-93.1772,261
39.8058,-90.8236,233
35.6214,-88.8456,283
35.8819,-83.9572,278
35.5419,-97.3414,333
34.8494,-97.0031,328
40.0739,-87.5067,244
39.4833,-83.8500,222
34.5289,-97.7647,339
44.2394,-95.3153,233
36.2872,-88.2958,300
35.1714,-96.6311,339
36.0286,-99.3464,350
44.0708,-93.5264,272
34.9819,-97.5208,322
35.7197,-86.9653,250
35.9986,-97.0481,394
36.8314,-99.6411,344
31.3706,-100.4942,294
32.4714,-87.2314,289
33.4692,-88.7822,283
38.7386,-87.4878,228
34.4397,-99.1375,350
41.0267,-86.5867,272
63.9647,-145.1050,100
34.1678,-97.9883,328
37.3822,-102.2986,261
36.3444,-88.8636,272
35.4139,-86.8086,239
31.0383,-85.8708,317
32.8978,-90.8853,328
36.5994,-89.9894,250
34.6856,-99.8333,339
34.3325,-96.6789,317
36.1208,-97.0953,344
36.0147,-85.1314,206
33.2422,-103.3611,300
35.6872,-90.0964,311
36.0719,-99.9031,356
36.7256,-99.1422,317
35.1489,-98.4658,367
35.8417,-98.5261,339
35.6528,-96.8042,344
34.1936,-97.5881,306
38.5350,-121.7761,367
33.3867,-97.7164,294
35.0708,-96.3561,333
35.2358,-97.4647,317
34.7156,-97.2292,328
35.8989,-98.9603,344
34.3997,-98.3458,367
34.5989,-103.2161,317
35.2006,-103.6867,328
41.4439,-86.9294,278
38.4931,-88.9703,256
34.1647,-88.7239,267
36.9869,-99.0108,356
40.9361,-90.7197,306
35.4017,-99.0583,361
36.2633,-98.4975,322
35.5483,-98.0364,317
39.3925,-101.0689,278
34.8083,-98.0233,356
34.2281,-97.2014,311
44.8831,-85.6753,272
34.3086,-95.9969,317
40.2539,-85.1483,267
32.8472,-97.4761,311
34.5519,-96.7178,300
36.3558,-97.1531,361
31.2353,-88.9186,283
36.7925,-97.7458,356
36.8981,-96.9103,328
34.1922,-97.0858,306
36.3925,-89.0317,328
35.0322,-97.9144,361
36.6897,-108.3086,344
36.0908,-106.0567,256
34.8358,-99.4239,378
32.4219,-93.6381,294
40.8142,-85.1547,228
29.6211,-96.3661,344
34.5658,-96.9503,317
32.8986,-80.0403,283
31.4269,-94.8942,250
46.7281,-116.9558,261
34.1381,-88.9983,267
35.2722,-97.9553,322
34.1925,-86.7972,267
45.4825,-120.7236,361
36.7542,-97.2544,333
33.1772,-90.4919,300
