34.9678,-97.9519,244
34.4744,-91.4172,167
36.9869,-99.0108,233
34.3997,-98.3458,256
33.9208,-96.3203,228
40.1100,-87.9567,78
33.2422,-103.3611,189
36.3925,-89.0317,156
35.2006,-103.6867,211
36.1167,-97.6067,239
31.2353,-88.9186,222
42.1397,-87.7853,100
41.0267,-86.5867,133
38.4931,-88.9703,133
34.1922,-97.0858,233
34.7675,-106.7611,256
30.5467,-87.8808,228
40.9361,-90.7197,144
36.6897,-108.3086,200
34.5519,-96.7178,217
32.4714,-87.2314,228
35.3647,-96.9481,217
35.4017,-99.0583,261
35.5461,-99.7278,250
40.4719,-74.4364,161
36.0642,-97.2128,233
41.8161,-80.4250,72
32.4219,-93.6381,200
35.3736,-83.7006,106
36.1056,-82.8436,128
31.3706,-100.4942,194
34.3325,-96.6789,222
34.1936,-97.5881,233
34.2392,-98.7444,244
35.6872,-90.0964,167
43.2828,-123.3536,106
30.5497,-84.5836,239
34.3086,-95.9969,233
35.1228,-99.3600,239
35.4842,-98.4814,272
36.2872,-88.2958,206
35.7197,-86.9653,133
39.3925,-101.0689,178
35.8489,-97.4797,239
31.4269,-94.8942,167
34.9897,-99.0528,222
34.7392,-90.7664,172
44.2394,-95.3153,78
34.4397,-99.1375,278
44.8831,-85.6753,44
35.1714,-96.6311,233
34.6089,-96.3331,222
38.9422,-92.3200,178
45.6750,-111.1550,50
34.8083,-98.0233,239
32.8986,-80.0403,211
34.1864,-90.5572,189
33.8936,-97.2692,233
36.7256,-99.1422,244
34.8358,-99.4239,261
35.8542,-97.9544,261
41.6661,-111.8914,83
35.1297,-89.8036,189
38.5200,-89.8467,139
36.8314,-99.6411,233
38.5350,-121.7761,194
35.6214,-88.8456,150
35.9328,-88.7267,156
36.0147,-85.1314,111
34.8219,-89.4347,156
40.0739,-87.5067,122
34.1925,-86.7972,167
34.5872,-99.3381,250
31.3625,-85.3397,300
36.3444,-88.8636,144
35.5483,-98.0364,244
34.9819,-97.5208,244
36.0908,-106.0567,144
63.9647,-145.1050,-22
36.1208,-97.0953,239
35.8989,-98.9603,217
36.4119,-97.6939,228
36.3558,-97.1531,244
34.2281,-97.2014,228
34.7986,-96.6692,217
44.0708,-93.5264,83
47.0575,-109.9514,44
35.0322,-97.9144,261
37.3822,-102.2986,122
36.7925,-97.7458,261
34.1678,-97.9883,256
35.1489,-98.4658,256
35.1867,-102.0797,200
35.2050,-99.8033,283
36.8981,-96.9103,222
36.4711,-86.8414,150
39.3669,-101.7000,128
63.9033,-152.2817,-11
33.8103,-91.2778,172
31.8769,-105.2369,250
45.4825,-120.7236,139
36.5994,-89.9894,111
35.4139,-86.8086,111
40.4750,-86.9919,183
34.1381,-88.9983,156
34.7156,-97.2292,228
44.9847,-93.1772,56
35.1131,-89.2122,183
29.6211,-96.3661,289
36.0719,-99.9031,239
35.9986,-97.0481,289
36.0286,-99.3464,267
36.1472,-97.2858,256
34.6856,-99.8333,244
40.8142,-85.1547,100
39.7194,-76.8028,172
42.0208,-93.7742,89
34.5989,-103.2161,183
34.5658,-96.9503,233
35.2358,-97.4647,239
38.7386,-87.4878,106
36.2633,-98.4975,283
39.4708,-87.4081,111
30.7342,-85.0306,228
35.8819,-83.9572,172
35.0708,-96.3561,217
34.6892,-86.8819,156
36.7481,-98.3628,250
34.9142,-98.2922,256
40.2539,-85.1483,139
35.2722,-97.9553,239
39.8058,-90.8236,111
34.7292,-98.5694,289
45.5900,-95.8744,67
35.6528,-96.8042,239
41.1453,-85.4897,106
33.7092,-93.5564,211
34.5289,-97.7647,233
35.5914,-99.2706,261
35.8417,-98.5261,256
33.3867,-97.7164,222
36.7081,-98.7094,228
31.1414,-87.0486,267
44.6342,-123.1900,128
34.8494,-97.0031,239
40.7928,-87.7556,89
31.0383,-85.8708,294
32.8472,-97.4761,206
36.1903,-99.0403,244
34.1647,-88.7239,178
40.7833,-81.9167,72
41.4439,-86.9294,156
34.0356,-96.9433,233
36.4231,-99.4167,239
36.3842,-98.1114,256
35.5419,-97.3414,233
39.4833,-83.8500,106
35.5083,-98.7750,283
