18.1747,-66.7978,14
40.7264,-122.7947,40
38.8586,-99.3358,274
43.8544,-116.4664,0
36.9969,-119.7072,95
45.3128,-107.9383,85
40.7142,-122.4161,103
36.4711,-86.8414,161
36.1056,-82.8436,13
42.9592,-120.7897,76
39.9000,-98.0256,856
39.0303,-76.9314,161
39.8114,-99.9386,336
40.6117,-122.5281,18
31.6164,-94.6431,97
34.1864,-90.5572,116
46.0436,-118.4628,80
43.8083,-111.7892,167
34.5822,-119.9817,74
40.1739,-101.0611,174
35.3872,-76.7764,142
31.8769,-105.2369,72
45.7206,-118.6264,68
40.5764,-105.0858,60
36.4622,-116.8669,1600
34.5697,-93.1947,3
30.8408,-89.5453,0
39.0172,-92.7558,66
37.5147,-122.0325,270
32.8964,-107.3078,151
35.1131,-89.2122,50
30.7931,-94.1819,100
38.4917,-122.1242,76
47.7283,-104.1467,109
33.7092,-93.5564,0
45.9228,-108.2444,76
39.1172,-95.4097,200
35.1297,-89.8036,51
39.2475,-96.5994,87
30.0689,-94.2928,163
18.0331,-67.0722,43
40.1550,-103.1417,267
18.3906,-66.0542,16
18.2583,-65.9922,5
35.6214,-88.8456,121
35.8819,-83.9572,24
38.4661,-101.7758,105
35.7197,-86.9653,48
34.6033,-104.3811,246
36.8047,-107.6214,74
34.9881,-120.3211,106
31.3706,-100.4942,216
26.8400,-81.0872,166
41.9342,-88.7756,122
42.1231,-111.3133,150
37.3822,-102.2986,187
35.4139,-86.8086,84
38.7978,-99.7231,182
37.7617,-117.5658,151
39.0422,-108.4664,156
32.8242,-95.5275,246
43.5492,-71.4647,111
36.0147,-85.1314,126
44.1183,-121.2103,32
35.6872,-90.0964,187
30.2003,-92.6642,58
39.5039,-98.3150,224
39.9614,-86.0586,6
46.6722,-120.4994,64
38.4931,-122.0047,77
42.3806,-96.9575,16
32.8522,-95.8864,269
32.2822,-106.7597,90
34.5989,-103.2161,274
35.2006,-103.6867,266
33.0642,-101.0489,283
33.1481,-95.6269,0
34.1647,-88.7239,58
36.5508,-114.4581,200
33.1461,-107.1842,212
39.3925,-101.0689,204
44.8831,-85.6753,127
40.2539,-85.1483,61
26.5581,-99.1372,143
34.8219,-89.4347,1201
35.0489,-97.9158,282
25.8175,-80.2858,97
39.6619,-99.1228,39
44.3089,-85.2050,140
38.0047,-120.4864,58
30.7053,-104.0233,103
39.4031,-99.4192,108
36.6897,-108.3086,40
32.4219,-93.6381,183
37.9931,-100.8122,182
29.6211,-96.3661,72
27.4272,-80.4053,127
34.1381,-88.9983,169
45.4825,-120.7236,95
32.9203,-94.7225,10
