32.5667,-117.1167,270
40.2342,-85.3936,340
30.0494,-90.0289,40
43.9906,-70.9475,330
45.6194,-121.1661,320
47.2767,-121.3372,80
35.2333,-101.7089,40
34.2622,-88.7714,30
32.3367,-90.2214,10
32.6500,-114.6167,100
37.1431,-107.7597,270
37.4389,-105.8614,200
30.0481,-102.2131,360
34.2675,-77.8997,230
45.2486,-122.7686,210
46.7708,-100.7603,200
34.2008,-119.2069,260
35.2372,-120.6414,320
28.8208,-81.8097,50
43.0661,-108.4767,270
60.7850,-161.8292,40
64.7767,-141.1483,10
41.6117,-90.5808,340
37.2253,-89.5706,350
38.8169,-92.2183,340
27.4981,-80.3767,240
40.4122,-86.9369,360
38.9286,-90.4281,310
34.8822,-95.7831,350
35.0169,-80.6206,230
38.3000,-76.4167,320
36.2117,-115.1958,320
41.3461,-82.1794,40
40.9781,-124.1086,170
46.7994,-102.7972,180
37.7461,-97.2211,60
41.7806,-122.4717,10
33.0375,-116.9158,60
42.8153,-108.7261,240
34.9883,-117.8647,60
32.5722,-116.9794,20
36.0097,-94.1694,330
42.5950,-87.9381,360
39.6014,-116.0056,180
47.2856,-68.3133,310
34.1750,-91.9347,330
43.0206,-102.5183,190
39.7333,-77.4333,30
44.4683,-73.1500,320
41.8833,-91.7167,360
39.8233,-93.5792,350
43.5164,-112.0672,220
36.0394,-95.9844,20
29.7333,-85.0333,70
34.4258,-119.8425,230
43.9922,-76.0217,20
41.6764,-70.9583,200
44.1278,-123.2206,220
42.2333,-83.5333,320
31.3214,-85.4497,330
38.3794,-81.5900,320
46.9208,-114.0925,350
36.7414,-104.5022,360
41.2531,-70.0608,270
44.2558,-121.1392,320
41.5272,-85.7922,330
31.3558,-85.7511,10
44.3592,-89.8369,360
37.3278,-95.5042,340
41.6264,-80.2150,310
60.1283,-149.4167,350
43.9658,-107.9508,140
42.2667,-84.4667,330
35.1442,-111.6664,60
61.2169,-149.8550,330
40.0397,-88.2778,350
64.5500,-149.0717,30
26.2500,-80.1083,140
36.9839,-77.0075,230
48.4608,-119.5167,160
40.0681,-118.5692,200
21.4500,-157.7833,50
38.8761,-98.8092,340
30.0675,-95.5561,40
44.3394,-105.5419,210
41.0089,-74.7367,350
34.0511,-118.2353,270
37.9272,-100.7247,30
39.3792,-74.4242,220
26.5361,-81.7550,20
39.8447,-89.6839,360
37.2839,-98.5528,70
39.5703,-104.8489,170
64.3267,-158.7417,50
40.4847,-80.2144,330
30.5892,-96.3647,20
44.7694,-106.9689,150
44.0511,-101.6011,200
40.7789,-73.9692,290
44.5344,-72.6144,310
34.9894,-99.0525,20
35.3889,-97.6006,10
35.4344,-119.0542,290
33.9786,-98.4928,30
39.0725,-95.6261,340
36.3189,-119.6289,330
40.6825,-74.1694,300
40.0803,-95.5919,360
27.7839,-97.5108,360
41.9097,-70.7294,210
46.7439,-117.1086,90
42.9486,-78.7369,330
37.9917,-122.0550,300
42.6958,-73.1708,210
29.3389,-98.4719,60
42.6425,-77.0564,330
42.7431,-73.8092,170
42.0647,-104.1528,170
28.4339,-81.3250,40
44.3814,-100.2856,180
41.1519,-104.8061,210
44.3853,-74.2067,320
33.6267,-116.1594,170
37.6542,-122.1150,90
40.4422,-109.5144,300
34.0500,-94.4008,330
41.6686,-70.2800,160
38.3650,-82.5550,250
33.6228,-111.9106,120
41.1583,-73.1289,290
33.6361,-91.7556,320
59.7494,-154.9089,100
39.4519,-87.3089,10
36.7800,-119.7194,210
37.0911,-95.5664,350
30.0375,-91.8839,60
42.9550,-87.9044,340
42.1469,-121.7242,300
32.3542,-95.4025,360
39.9369,-91.1919,340
41.4525,-87.0058,350
37.7214,-122.2208,280
42.9667,-83.7494,330
37.2833,-102.6139,190
45.7728,-122.8611,150
40.8764,-74.2831,310
34.6517,-112.4208,130
36.0969,-79.9433,260
33.8117,-78.7239,190
33.1783,-86.7817,300
37.5050,-77.3203,230
45.0717,-83.5644,350
45.6689,-96.9914,190
38.9408,-77.4636,250
42.8939,-85.5447,270
42.5519,-71.7558,180
32.5428,-93.7450,340
41.2639,-72.8872,210
34.2006,-118.3575,160
58.6794,-156.6294,90
62.3200,-150.0950,40
47.5303,-122.3008,210
38.5050,-107.8975,340
45.4558,-98.4131,170
45.5511,-122.4089,90
42.1094,-77.9919,340
41.6328,-91.5431,360
33.2119,-87.6161,10
46.9253,-96.8111,160
46.1569,-123.8825,200
34.9869,-81.0575,220
41.0731,-71.9233,190
41.3375,-84.4289,360
39.3669,-101.7000,190
36.3333,-119.9500,330
39.9444,-81.8922,330
33.4050,-118.4158,100
34.6294,-118.0836,70
34.4272,-100.2831,60
31.4208,-110.8458,80
37.3031,-108.6275,230
39.2292,-106.3169,330
44.5483,-95.0803,190
29.7036,-98.0281,60
33.8750,-84.3022,310
40.8217,-72.8689,180
42.5544,-92.4011,360
36.1189,-86.6892,330
32.6847,-83.6528,260
42.4092,-83.0100,330
36.6239,-87.4194,350
48.5428,-109.7633,270
32.2622,-107.7206,90
40.8203,-82.5178,230
31.3711,-100.4922,20
35.6169,-106.0889,180
30.3208,-97.7603,50
40.0489,-107.8853,260
41.5944,-109.0528,260
35.5931,-88.9167,330
42.7611,-87.8136,10
41.5631,-83.4764,350
47.4444,-122.3139,210
46.0947,-118.2869,120
32.3500,-91.0278,10
32.9733,-97.3181,40
30.7797,-86.5225,360
38.6956,-121.5897,190
48.0944,-105.5744,240
33.9519,-117.4386,110
48.2553,-101.2733,170
41.4333,-99.6333,210
38.8000,-97.6500,10
71.2833,-156.7814,70
31.3347,-92.5586,30
29.6381,-95.2819,200
45.0133,-84.7014,310
42.7461,-86.0967,320
40.1519,-122.2536,20
33.5656,-86.7450,350
27.9106,-82.6875,330
42.1128,-92.9175,360
37.3711,-118.3581,180
30.4781,-87.1869,170
29.1097,-95.4619,40
40.1203,-76.2944,270
43.4075,-94.7461,360
44.6381,-90.1875,350
30.6794,-88.2397,60
32.7667,-97.4500,360
38.4167,-113.0167,10
46.4167,-86.6500,350
47.9078,-122.2803,150
40.7794,-73.8803,280
32.7336,-117.1831,300
38.7642,-87.6056,20
45.8183,-88.1144,310
66.9161,-151.5089,40
37.7086,-113.0944,10
40.2064,-100.5914,210
46.4267,-105.8825,240
35.8922,-78.7819,230
36.0167,-102.5500,30
38.1811,-85.7392,270
26.0719,-80.1536,110
40.6331,-93.9019,340
33.6800,-117.8664,270
41.5333,-71.2833,210
28.4736,-82.4544,100
17.7028,-64.8056,90
48.5222,-123.0231,120
40.6161,-83.0636,340
38.8853,-79.8528,310
39.4019,-77.9844,290
42.4167,-87.8667,340
70.6392,-159.9950,70
29.1828,-81.0483,80
43.1406,-89.3453,340
37.2958,-81.2078,300
32.3336,-104.2581,330
25.7906,-80.3164,180
26.9172,-81.9914,230
32.8342,-115.5786,120
31.9514,-85.1289,120
34.7442,-87.5997,340
33.4669,-82.0386,220
39.1667,-76.6833,340
35.9333,-79.0642,330
45.1947,-123.1339,200
18.3331,-64.9667,120
41.8678,-84.0794,350
44.3675,-71.5450,300
41.1078,-92.4467,350
36.1625,-97.0894,360
47.9375,-124.5550,160
41.1214,-100.6694,180
24.5550,-81.7522,100
43.7700,-88.4864,330
46.0261,-91.4442,350
28.8614,-96.9303,20
45.5433,-94.0514,350
41.5175,-81.6836,10
40.4719,-81.4236,330
24.5833,-81.6833,130
40.6508,-75.4492,320
41.5092,-74.2650,310
32.8519,-96.8556,360
36.8167,-76.0333,230
18.2550,-65.6408,100
38.8100,-104.6883,170
34.1853,-79.7239,230
41.2433,-76.9217,330
25.9069,-80.2803,120
47.0492,-109.4578,220
36.7683,-96.0261,10
31.4156,-87.0442,10
42.3075,-85.2511,330
43.5331,-84.0797,330
36.9878,-120.1106,310
41.1389,-75.3794,350
38.7550,-109.7542,220
40.2383,-75.5572,240
35.5144,-108.7939,140
33.9706,-80.9958,280
48.2138,-106.6213,250
48.1203,-123.4983,150
35.2236,-80.9553,260
26.1522,-81.7753,10
44.5169,-108.0822,150
38.6572,-90.6558,340
47.9742,-117.4283,200
39.3756,-99.8297,70
38.8983,-119.9947,30
31.9433,-102.1889,60
34.2900,-93.0600,320
32.8167,-115.6833,40
28.0622,-81.7542,30
44.8428,-117.8086,70
39.7556,-82.6572,310
30.4000,-81.4167,70
35.2578,-93.0947,320
18.4325,-66.0108,100
34.6439,-86.7861,30
31.6072,-110.4281,70
37.2622,-104.3378,250
40.2769,-74.8158,350
42.0800,-80.1825,210
63.9944,-145.7214,110
47.3258,-106.9475,250
46.5486,-90.9189,310
55.5800,-133.0750,160
46.8706,-68.0172,310
32.8158,-117.1394,60
47.4933,-122.2144,170
30.1831,-97.6800,70
35.1822,-103.6031,20
40.8289,-115.7886,250
33.3644,-81.9633,220
39.4781,-88.2803,10
21.3167,-158.0667,150
43.3500,-73.6167,290
59.4556,-135.3239,200
30.9119,-102.9167,60
39.1258,-123.2008,350
37.7064,-112.1456,120
44.9047,-97.1494,160
45.5464,-100.4078,170
40.1667,-103.2167,220
43.1711,-86.2367,350
33.7792,-84.5214,270
60.7850,-148.8389,110
31.8606,-86.0122,330
45.0319,-102.0192,200
31.6189,-97.2283,10
35.5342,-97.6469,360
43.8789,-91.2528,350
13.4836,144.7961,110
47.2675,-122.5761,180
34.8831,-82.2203,240
44.3981,-98.2231,160
31.8311,-104.8089,50
47.6831,-117.3214,200
47.3078,-119.5153,180
39.1333,-86.6167,20
35.8550,-77.8931,210
40.7833,-91.1253,340
35.0028,-105.6628,60
39.9181,-76.8742,310
67.7317,-164.5483,60
39.6428,-79.9164,230
30.6264,-88.0681,40
40.5175,-122.2986,200
36.6206,-116.0278,110
30.3975,-84.3289,150
42.8375,-103.0953,210
28.7247,-96.2536,30
46.0139,-102.6547,190
45.9647,-112.5006,220
37.2353,-93.4003,310
38.3083,-75.1239,340
42.8914,-73.2469,180
38.0442,-87.5206,350
19.7192,-155.0531,80
30.5069,-86.9597,180
39.7075,-86.2803,350
37.1319,-76.4930,220
39.6728,-75.6008,320
26.1839,-98.2539,300
44.7408,-85.5825,360
41.7361,-72.6506,200
38.3306,-96.1897,10
48.6033,-112.3753,240
36.2967,-99.7689,30
34.2719,-83.8303,240
41.8706,-103.5931,200
43.8339,-111.8045,210
39.8344,-88.8656,350
39.8328,-104.6575,140
42.2706,-71.8731,210
37.6928,-121.8144,260
42.1928,-89.0931,360
37.0683,-88.7719,340
39.5936,-84.2264,350
44.0433,-103.0536,180
41.2003,-74.6231,210
33.4964,-90.0867,20
41.4131,-81.8600,360
37.1467,-94.5022,350
32.6261,-116.4681,70
36.1994,-95.8872,20
39.1033,-84.4189,340
57.1553,-170.2222,360
40.6675,-89.6839,10
46.8369,-92.2097,300
40.1764,-80.6472,330
30.7044,-87.0231,30
37.6544,-97.4425,70
37.7081,-77.4344,190
32.7817,-98.0603,30
39.4900,-121.6183,290
46.9258,-98.6692,180
31.5358,-82.5067,130
34.9000,-76.8833,240
42.8050,-72.0036,340
41.7219,-71.4325,190
35.0564,-89.9864,350
35.3331,-94.3625,320
41.3931,-70.6150,260
44.4983,-88.1111,10
36.6636,-121.6081,260
39.3667,-75.0667,330
55.0389,-131.5786,140
37.0872,-84.0769,260
34.0158,-118.4514,190
29.9506,-94.0206,200
31.3928,-92.2956,340
41.5097,-72.8278,180
42.5906,-117.8644,200
32.4833,-80.7167,180
41.6875,-69.9933,220
27.6531,-80.2428,330
30.8458,-85.6014,200
43.1544,-93.3269,350
37.6242,-120.9506,310
34.7000,-77.3833,240
38.1386,-78.4530,310
41.9950,-87.9336,350
26.2281,-97.6542,310
29.3783,-100.9269,300
35.9403,-89.8308,340
33.8117,-118.1464,300
34.4978,-82.7097,260
39.5781,-85.8033,350
46.1442,-115.5964,10
40.5100,-101.6200,180
70.1917,-148.4772,80
44.1708,-114.9272,160
41.3119,-105.6747,280
43.2781,-70.9222,320
42.4819,-114.4869,170
30.3489,-85.7881,270
59.4433,-151.7017,210
32.5156,-92.0406,20
33.2367,-107.2681,40
32.6808,-96.8681,10
30.3433,-89.8222,190
37.7608,-99.9683,30
42.7803,-84.5789,340
40.6239,-74.6694,300
31.8456,-86.6108,70
32.7100,-96.2672,10
42.5417,-113.7661,200
35.0678,-77.0481,240
38.0494,-103.5122,140
30.8356,-85.1839,180
44.0206,-117.0128,150
38.2900,-104.4983,110
55.3567,-131.7117,130
59.2433,-135.5094,60
41.0375,-81.4642,30
29.9933,-90.2511,20
36.9358,-121.7886,240
39.3644,-84.5247,320
38.5911,-92.1558,330
47.0339,-120.5303,300
45.8258,-119.2611,220
47.4667,-87.8833,10
30.7406,-98.2353,80
31.4583,-109.6061,110
36.7436,-108.2292,200
48.7939,-122.5372,150
38.9597,-94.3714,350
39.5514,-97.6508,360
34.3622,-98.9761,60
39.2231,-106.8683,320
15.1167,145.7167,90
47.2078,-119.3192,150
41.6236,-98.9517,150
39.8683,-75.2311,320
38.2281,-85.6636,350
41.1014,-102.9847,210
46.1236,-67.7928,310
40.7083,-84.0267,350
40.8500,-74.0614,220
38.5000,-77.3000,350
34.8536,-116.7858,70
32.8978,-97.0189,360
39.1894,-103.7158,180
36.6950,-76.1356,220
33.1281,-117.2794,290
31.1500,-92.9667,360
29.6333,-83.1053,250
42.9203,-112.5711,180
43.7694,-87.8506,340
43.6497,-70.3003,170
36.5881,-121.8453,290
30.5108,-99.7664,70
31.1828,-90.4708,10
41.7781,-80.6958,340
32.5500,-88.5667,330
34.5467,-93.5781,10
37.6703,-95.4842,360
35.9508,-85.0814,360
35.2578,-113.9331,20
45.6478,-68.6925,300
34.7336,-76.6606,220
28.5453,-81.3331,80
43.1561,-90.6775,350
26.5850,-81.8614,340
41.7419,-72.1836,210
56.6000,-169.5650,350
38.7667,-104.3000,180
41.9922,-93.6217,340
43.1111,-76.1039,280
35.7425,-81.3819,240
34.7436,-118.7242,80
33.3075,-104.5083,360
34.8994,-120.4486,310
42.6003,-123.3642,180
33.8281,-116.5053,150
48.7167,-94.6000,180
41.5339,-93.6531,360
42.3811,-122.8722,320
40.4953,-107.5211,270
47.4733,-111.3822,230
39.4839,-119.7711,350
46.9733,-122.9033,210
38.5714,-90.1572,340
47.3864,-92.8389,300
45.8678,-95.3942,190
42.2228,-83.7444,320
42.1244,-86.4267,340
37.3208,-79.2067,330
41.9856,-97.4353,180
39.2775,-120.7103,180
46.5683,-120.5428,240
43.9636,-69.7117,200
35.6575,-109.0614,120
43.3906,-99.8422,200
35.1350,-90.2344,360
35.4319,-82.5375,340
30.7439,-95.5861,340
39.0083,-95.2117,340
34.7675,-114.6189,220
39.8250,-86.2958,10
44.6500,-73.4667,310
55.2208,-162.7325,320
34.2097,-118.4892,40
41.4914,-120.5644,250
30.3567,-95.4139,10
33.4617,-80.8581,220
44.8831,-93.2289,340
47.9428,-97.1839,190
38.8317,-94.8897,340
38.8483,-77.0342,330
31.2819,-89.2531,10
43.6264,-72.3047,10
34.6719,-82.8864,250
44.9050,-123.0011,150
32.5161,-84.9422,330
41.3714,-73.4828,200
36.9647,-86.4239,310
58.3567,-134.5639,120
29.6919,-82.2756,120
39.1208,-94.5969,10
26.1658,-97.3458,120
38.0408,-84.6058,270
36.9261,-111.4478,360
29.2733,-94.8592,110
39.5264,-107.7264,270
35.8311,-90.6464,10
41.9144,-88.2464,350
41.8756,-71.0211,200
46.4047,-94.1308,170
42.3978,-90.7036,360
27.4014,-82.5586,290
37.5908,-83.3131,320
35.2100,-99.1200,30
33.4825,-90.9853,360
35.6567,-95.3614,330
44.8322,-93.4706,340
34.9914,-78.8803,220
35.2325,-75.6219,230
45.5644,-84.7928,320
61.1689,-150.0278,180
47.7472,-90.3444,220
29.9800,-95.3600,80
32.2997,-86.4075,180
34.7272,-92.2389,340
42.6650,-83.4181,330
36.2833,-94.3000,350
39.1342,-108.5400,130
33.5872,-85.8556,350
30.4844,-81.7019,60
38.1847,-84.9033,270
43.2119,-90.1814,340
40.9017,-117.8081,260
33.8719,-117.9789,300
47.1686,-88.4889,340
40.0819,-75.0111,260
41.5886,-83.8014,320
43.3497,-76.3847,330
40.8731,-81.8867,330
39.0431,-84.6717,320
25.9989,-80.2411,90
36.7367,-97.1019,10
31.3500,-85.6667,350
39.4203,-83.8217,310
41.8056,-107.1997,250
38.0511,-117.0903,10
43.1167,-77.6767,310
34.7917,-79.3661,230
42.8975,-106.4636,240
48.5614,-93.3981,200
32.1314,-110.9553,120
26.1969,-80.1708,30
36.6817,-101.5053,30
34.8461,-82.3461,240
45.6983,-110.4408,210
36.0236,-84.2375,310
41.7072,-86.3164,340
44.5761,-71.1786,340
30.7825,-83.2767,140
27.7628,-82.6261,280
33.6542,-101.8136,50
37.1681,-97.0369,40
40.1606,-113.3508,80
43.1953,-71.5011,320
30.2050,-91.9875,300
26.6847,-80.0994,130
30.5372,-91.1469,170
43.1644,-95.2017,10
62.9614,-141.9292,310
42.3914,-96.3792,10
57.0481,-135.3647,190
42.9333,-71.4383,330
46.3583,-104.2500,220
45.8069,-108.5422,250
39.9492,-74.8417,320
41.7803,-124.2367,160
33.4536,-94.0075,340
47.6458,-101.4394,190
45.6044,-103.5464,190
42.5700,-72.2911,340
60.4889,-145.4511,130
35.0281,-110.7208,80
20.8997,-156.4286,40
45.4622,-69.5953,310
40.9706,-85.2064,340
32.6636,-97.0939,330
33.9486,-81.1186,290
31.2361,-94.7544,20
42.4933,-79.2722,200
40.0781,-83.0781,320
40.1936,-76.7633,320
44.3592,-84.6739,310
62.1592,-145.4589,360
66.8667,-162.6333,80
36.2667,-93.1567,10
57.7511,-152.4856,120
32.3347,-88.7442,330
42.5844,-110.1075,340
60.5797,-151.2392,40
46.2667,-119.1167,240
39.4167,-118.7167,10
42.4700,-71.2894,210
38.2103,-122.2847,270
33.9753,-117.6361,10
44.5228,-114.2150,250
37.4058,-122.0481,320
32.0311,-96.3989,10
40.6386,-73.7622,290
39.1353,-96.6778,20
62.9575,-155.6103,30
33.3633,-84.5658,340
41.6267,-73.8842,320
35.6875,-117.6931,80
34.5183,-109.3792,110
41.1783,-78.8989,290
46.6056,-111.9636,60
37.3169,-79.9742,340
42.0572,-102.8000,200
45.5406,-122.9486,190
38.6892,-75.3592,210
32.4106,-99.6822,360
46.5311,-87.5483,315
28.4567,-99.2183,310
40.0972,-92.5433,360
41.3103,-95.8992,340
42.1208,-87.9047,340
38.9833,-76.4667,340
47.4569,-115.6450,300
34.6081,-79.0592,220
25.9156,-97.4186,160
42.8783,-100.5500,180
41.7700,-88.4814,330
38.9503,-95.6639,360
36.2606,-76.1750,230
32.8547,-109.6353,130
27.9619,-82.5403,270
36.9500,-76.2833,160
29.5442,-98.4839,20
32.4506,-93.8411,20
31.5883,-110.3442,90
21.3239,-157.9294,70
41.4653,-90.5233,350
40.7342,-73.4169,220
41.9381,-72.6825,190
36.7725,-90.3247,350
33.1803,-96.5903,30
43.5950,-118.9564,160
59.5119,-139.6711,10
39.7736,-94.9233,10
33.4278,-112.0039,80
45.0619,-93.3508,300
34.7411,-118.2117,50
33.2208,-92.8142,340
32.3206,-90.0778,320
40.8206,-76.8642,20
33.9228,-118.3342,260
36.8781,-91.9025,340
30.1250,-93.2158,230
39.2447,-102.2842,170
34.0561,-117.6003,30
19.7356,-156.0489,230
43.2389,-123.3547,220
29.3331,-89.4075,30
35.6950,-101.3950,40
44.8889,-116.1017,180
42.1594,-76.8919,330
39.1019,-121.5678,210
41.3325,-122.3328,140
31.5356,-84.1944,80
42.7172,-71.1239,190
40.0228,-82.4625,310
44.3814,-106.7211,240
43.9042,-92.4917,10
42.1908,-71.1736,190
44.2033,-72.5794,300
42.7972,-105.3856,280
66.0689,-162.7639,50
41.2731,-111.0306,260
29.5189,-95.2417,90
39.7078,-77.7297,330
45.6308,-89.4653,270
40.9167,-81.4333,20
35.9461,-112.1547,70
38.3406,-75.5103,200
47.6217,-117.5281,220
31.8111,-106.3758,110
41.3275,-72.0494,220
41.0669,-73.7075,240
41.7872,-111.8533,40
21.1544,-157.0961,40
47.2381,-123.1408,260
37.3592,-121.9239,310
38.7525,-90.3736,320
45.5114,-118.4247,260
42.4272,-73.2892,170
38.0700,-102.6881,150
43.9844,-88.5569,310
34.6525,-86.9453,10
32.8192,-97.3614,340
33.2194,-117.3494,290
44.9319,-93.0556,350
40.3161,-78.8339,300
42.2314,-83.3308,290
35.6697,-120.6283,90
41.2544,-80.6739,330
38.1311,-91.7683,340
61.5961,-149.0917,30
38.0653,-97.8606,360
43.5667,-116.2406,140
64.5111,-165.4400,20
30.3361,-81.5147,100
35.0419,-106.6156,80
21.9839,-159.3405,50
41.0467,-78.4117,10
40.6044,-98.4272,300
41.3336,-75.7269,350
42.5708,-77.7133,320
61.1781,-149.9664,30
32.7000,-117.2000,310
37.7836,-81.1231,250
28.1011,-80.6439,90
31.7800,-103.2017,70
31.9206,-102.3867,60
25.6475,-80.4331,220
42.1997,-75.9850,330
39.9914,-82.8808,320
42.1578,-72.7161,330
32.3847,-94.7117,350
36.9033,-76.1922,240
33.6186,-114.7142,60
40.3667,-75.9667,340
47.3978,-120.2014,280
45.7881,-111.1608,110
27.7411,-98.0247,340
35.8517,-97.4142,50
32.1300,-81.2100,190
64.8039,-147.8761,20
40.3547,-79.9217,340
35.1967,-81.1558,210
29.3600,-99.1742,150
36.4486,-103.1539,360
27.5000,-97.8167,50
33.2061,-97.1989,10
43.7331,-103.6114,250
30.7167,-87.0167,310
38.8500,-94.7392,10
41.1961,-112.0114,170
40.3300,-75.1225,240
30.2333,-81.6667,100
41.3497,-71.7989,200
41.7861,-87.7522,20
44.7978,-68.8186,300
40.2172,-76.8514,300
27.6833,-97.2833,30
48.3042,-114.2636,180
33.6300,-84.4417,290
42.5842,-70.9175,190
30.4119,-89.0808,130
43.3436,-72.5178,300
44.0219,-82.7931,320
44.3206,-69.7972,290
36.4731,-82.4044,240
40.2964,-78.3203,320
38.7042,-93.1833,360
33.9481,-83.3275,310
37.6197,-122.3647,280
70.2117,-151.0017,60
38.3775,-121.9575,210
33.6883,-112.0817,130
30.4000,-86.4717,140
34.5583,-98.4172,30
32.8667,-117.1333,320
36.5728,-79.3361,330
40.8508,-96.7475,20
37.2847,-120.5128,330
38.5039,-122.8103,170
40.9611,-98.3136,340
43.7667,-98.0333,160
31.4000,-93.2833,330
45.6906,-118.8528,10
45.6208,-122.6572,120
37.7797,-89.2497,340
34.3478,-85.1611,310
48.1739,-103.6367,190
43.2339,-75.4117,320
37.9406,-75.4631,220
44.9258,-89.6256,320
39.6092,-110.7547,170
32.8986,-80.0403,190
30.4636,-88.5319,360
42.3606,-71.0106,220
46.4794,-84.3572,310
29.6222,-95.6564,350
39.2956,-80.2289,240
28.0836,-97.0464,30
42.2347,-85.5519,340
35.6542,-105.1419,180
39.2972,-94.7306,340
36.0719,-115.1633,70
45.5908,-122.6003,110
46.9006,-95.0678,170
36.1336,-80.2222,350
28.7797,-81.2436,80
43.1072,-78.9453,340
40.7781,-111.9694,20
41.7636,-96.1778,10
34.1231,-84.8486,360
36.3689,-92.4703,30
44.8664,-91.4878,320
43.5878,-96.7289,20
24.7258,-81.0517,120
39.2953,-114.8467,170
42.7267,-114.4564,30
39.4494,-74.5672,320
45.2575,-112.5545,170
46.3747,-117.0156,90
39.9061,-84.2186,360
38.1417,-76.4292,280
44.5444,-110.4211,280
34.2486,-82.1592,230
40.7939,-73.1017,200
35.0311,-85.2014,20
41.8031,-78.6403,300
59.6419,-151.4908,210
41.0136,-83.6686,330
46.9728,-123.9303,150
44.9358,-74.8458,310
35.8181,-83.9858,350
31.1522,-81.3908,140
36.0467,-79.4769,220
