31.5358,-82.5067,1
45.6906,-118.8528,1
33.4669,-82.0386,1
34.6081,-79.0592,1
30.0375,-91.8839,1
43.3436,-72.5178,1
45.1947,-123.1339,1
33.3644,-81.9633,1
45.4558,-98.4131,1
40.2769,-74.8158,1
40.9781,-124.1086,1
45.6308,-89.4653,1
46.2667,-119.1167,1
41.6236,-98.9517,1
42.0647,-104.1528,1
40.6044,-98.4272,1
38.1386,-78.4530,1
37.5908,-83.3131,1
34.4978,-82.7097,1
44.3981,-98.2231,1
31.8311,-104.8089,1
30.2050,-91.9875,1
36.6636,-121.6081,1
45.7728,-122.8611,1
43.7331,-103.6114,1
46.8369,-92.2097,1
41.8706,-103.5931,1
34.0500,-94.4008,1
25.9156,-97.4186,1
43.0206,-102.5183,1
42.2347,-85.5519,1
43.1561,-90.6775,1
33.9481,-83.3275,1
48.7939,-122.5372,1
44.8664,-91.4878,1
43.9922,-76.0217,1
46.9208,-114.0925,1
41.1014,-102.9847,1
45.5406,-122.9486,1
34.1853,-79.7239,1
34.7442,-87.5997,1
44.3206,-69.7972,1
41.1389,-75.3794,1
44.9047,-97.1494,1
48.3042,-114.2636,1
47.5303,-122.3008,1
42.0572,-102.8000,1
32.6847,-83.6528,1
46.9258,-98.6692,1
40.8097,-124.1603,1
36.6239,-87.4194,1
41.7803,-124.2367,1
45.2486,-122.7686,1
40.1667,-103.2167,1
42.8375,-103.0953,1
46.9733,-122.9033,1
