45.8081,-96.5042,39
41.3044,-95.3844,94
45.2700,-110.2500,53
46.8947,-99.9483,94
47.9200,-112.7900,31
46.5500,-121.1700,18
37.7000,-107.7800,13
44.8497,-93.5644,44
34.7753,-86.9508,206
31.2022,-93.5725,211
46.7953,-88.6014,94
41.3408,-105.6069,72
36.0028,-88.4253,211
45.8833,-91.0700,72
46.3200,-121.9400,89
42.9131,-98.8511,22
39.3478,-84.5897,150
37.5442,-77.2758,72
39.0000,-120.1300,108
44.5247,-72.8153,6
34.3925,-110.5581,56
41.4600,-106.2800,-8
33.3000,-81.0306,150
33.8586,-89.3158,194
44.4983,-88.1119,50
43.9000,-75.0367,17
41.7394,-75.4464,-6
41.4197,-78.7492,78
43.3900,-110.1300,-39
37.5339,-96.8814,139
42.7314,-77.9053,56
37.5300,-113.0500,24
38.8400,-119.8900,66
44.3000,-122.0400,106
46.7492,-121.8120,56
41.3331,-83.1189,117
39.3506,-76.6508,44
39.8989,-105.0133,22
61.0800,-146.3000,42
38.1314,-108.2850,11
39.0647,-94.3861,122
34.1311,-109.2750,172
47.6775,-114.2419,94
34.2192,-102.7328,78
40.4400,-112.2400,78
43.3314,-90.3889,156
35.1108,-81.9675,78
45.4353,-67.7214,-22
34.1167,-95.0833,194
62.1086,-145.5328,0
46.1000,-121.9600,64
46.3253,-108.7403,-28
36.9769,-79.8961,122
43.3500,-111.2167,33
41.3214,-84.7475,150
41.5747,-90.4006,156
39.7997,-101.0422,17
40.7597,-92.4394,128
45.7081,-89.8489,100
28.8028,-82.3125,200
37.9458,-79.9542,111
48.7647,-114.2842,-111
40.3600,-111.0900,-6
44.5900,-111.8200,43
30.7053,-104.0233,89
41.8089,-72.7806,17
35.1647,-88.5994,183
45.6528,-84.4725,94
47.9900,-120.5700,43
28.6242,-80.8158,233
38.7778,-80.9636,83
46.1100,-110.4700,60
42.7100,-109.4100,-18
39.3419,-79.6697,67
45.0333,-84.7114,89
37.8100,-109.4900,34
34.1381,-88.9983,189
42.5881,-70.8372,28
48.4742,-120.1886,100
37.0864,-80.1422,94
39.0600,-108.0600,28
42.8200,-110.8400,25
38.6856,-90.5231,189
43.8567,-70.4664,-11
38.4400,-119.3700,58
41.8158,-78.2872,61
38.3769,-84.3031,144
44.3867,-97.5606,94
48.4100,-115.3181,-28
46.0725,-97.1461,39
36.4300,-80.1789,133
32.2619,-97.7064,189
38.0700,-119.2300,73
41.7003,-77.3872,11
26.1917,-98.2511,250
38.6361,-95.8031,117
42.3703,-106.1050,-39
58.3814,-134.6450,61
47.2300,-120.2900,25
45.8864,-89.7322,94
44.6122,-72.0481,-33
39.0294,-98.1300,61
34.9047,-83.4128,139
40.0575,-106.3681,-17
28.5978,-98.5547,250
33.3614,-93.5675,200
37.7308,-89.1658,189
33.4528,-87.3572,200
40.2800,-115.5300,78
33.1481,-95.6269,189
35.1086,-103.3283,133
39.2775,-103.4958,56
43.7047,-92.5644,122
34.8039,-90.0103,189
40.9700,-111.8100,36
35.6394,-84.6650,117
41.5778,-109.2394,156
36.4975,-87.3356,189
46.0003,-91.5075,100
39.3536,-88.5000,189
39.1300,-107.2900,34
40.7908,-111.4078,139
35.2719,-82.6475,44
41.5697,-101.6914,-22
41.7372,-87.7775,106
41.2519,-100.0750,17
40.5700,-112.1700,48
35.5158,-83.3056,78
45.0500,-98.0956,6
37.8122,-109.0133,11
46.6825,-107.2039,-22
37.8900,-107.7100,-17
34.9797,-80.5233,256
33.9850,-101.3339,106
64.9767,-147.5211,11
35.9086,-79.0794,111
41.9497,-83.2800,111
39.0642,-77.8883,78
44.5358,-83.7022,94
44.8872,-116.1047,94
45.3614,-84.9511,111
39.8583,-77.4775,50
36.9900,-105.2600,-6
38.8586,-99.3358,44
45.7000,-115.2300,11
45.3725,-84.9767,117
34.2325,-111.3447,250
34.3700,-111.0100,66
47.3467,-102.5869,-11
26.0283,-80.1342,256
42.5200,-111.9600,60
44.5100,-111.1300,32
36.1067,-112.0947,217
42.0500,-111.6000,41
45.2200,-110.2400,15
31.5536,-99.8500,144
39.3731,-90.9053,183
39.0292,-104.8017,28
38.1947,-81.3706,122
33.7544,-78.8219,139
41.0664,-86.2097,178
34.6350,-81.5206,172
36.8833,-94.8833,156
43.3572,-115.4522,72
47.3847,-94.6147,61
33.9200,-109.4600,30
31.5333,-101.2842,139
40.8600,-115.1200,66
37.3522,-113.6667,111
38.7403,-104.3994,139
37.8500,-105.4400,4
39.4039,-86.4530,183
47.8453,-121.9944,83
30.3367,-96.5403,211
41.9164,-84.0158,33
38.5100,-119.6300,14
21.4517,-157.8489,244
40.4300,-111.6200,52
38.6900,-119.9900,77
40.6864,-100.0536,28
44.4628,-87.5050,122
38.6811,-77.7678,106
38.5208,-115.5444,67
37.4297,-106.0317,17
30.4267,-101.0367,183
46.3953,-119.0711,61
43.7022,-95.1519,67
32.2822,-106.7597,94
38.7539,-108.0278,56
44.8500,-106.2889,78
47.2472,-91.8625,33
47.3328,-118.6967,50
31.8931,-110.9978,167
46.2400,-117.3900,109
32.6064,-80.3267,183
34.4386,-100.2183,128
35.4583,-91.0561,178
38.9422,-92.3200,100
35.2600,-112.0600,74
38.5350,-121.7761,167
46.3433,-94.2086,72
42.4014,-86.2825,172
35.1131,-89.2122,200
39.3572,-115.3303,11
39.5064,-78.3158,67
38.8894,-86.5519,183
37.7200,-107.2600,5
39.3739,-97.1275,111
40.8433,-101.2094,6
46.1694,-90.9808,78
39.7539,-121.6242,172
43.0514,-91.1350,144
39.3136,-80.0297,83
34.5883,-118.0939,256
37.6361,-98.1136,83
44.9633,-92.3906,100
35.0381,-108.3492,72
42.7300,-106.3200,34
40.5411,-121.5767,89
37.4400,-108.0200,-7
35.9150,-81.5378,139
43.2389,-88.1222,44
37.3475,-87.5239,194
37.0925,-81.3358,128
42.1172,-77.9475,33
43.2800,-109.4500,23
39.7233,-91.3719,133
47.0092,-111.6739,-17
38.2553,-110.1800,89
40.6653,-86.9550,172
42.4467,-72.5300,0
41.6650,-91.9978,117
27.1006,-82.4364,222
40.8414,-79.9164,83
34.5592,-115.7442,172
40.5353,-112.3217,189
39.4717,-76.1697,50
32.8978,-90.8853,211
43.4172,-84.0642,100
38.5253,-121.9778,156
29.2694,-103.7575,228
26.8639,-80.6256,222
45.7250,-98.3000,22
45.4200,-110.0900,26
37.7500,-112.7800,28
39.9353,-77.6394,117
37.3900,-94.7025,128
43.0453,-92.3122,100
42.0364,-95.3289,83
35.8847,-77.5386,100
33.2733,-97.5769,150
34.4219,-106.8325,139
43.0300,-109.1700,7
47.7100,-123.4600,49
40.8292,-75.0836,-6
30.0719,-91.0278,222
36.5100,-106.3200,14
37.0556,-80.7842,133
45.2700,-118.8500,97
25.8603,-81.0331,233
38.4058,-111.6433,-11
42.2972,-89.6039,167
46.2700,-121.9600,70
46.8700,-121.5300,60
37.4800,-107.6300,-13
44.4200,-111.3900,16
35.6214,-88.8456,189
45.4078,-96.8619,22
38.9111,-101.5853,17
39.2367,-107.9797,28
42.5192,-76.3311,33
39.7267,-112.3069,67
36.8894,-81.7711,83
42.2050,-121.1314,22
32.3994,-91.1842,206
45.2436,-109.7311,106
39.7750,-105.1169,0
44.7900,-111.7100,29
37.6467,-115.7461,56
44.5800,-107.2000,23
40.8000,-110.8800,50
30.0067,-97.1689,200
39.3594,-93.4886,133
36.0100,-114.7964,217
45.7508,-108.5706,94
42.2611,-90.4230,156
36.5758,-98.8797,100
43.7186,-113.5472,11
60.3900,-149.6900,26
37.1189,-113.6067,94
44.4100,-103.4775,106
41.4725,-73.6550,11
33.2544,-100.5725,139
36.5750,-94.0539,144
43.7003,-71.4664,44
36.4583,-86.3239,172
35.8528,-77.0306,106
44.9097,-72.8136,-39
48.3508,-120.7264,22
36.6686,-81.9647,100
40.3814,-78.0753,78
33.2119,-87.6161,250
42.7189,-98.2158,33
38.2900,-105.8500,8
40.1347,-90.4792,178
59.8600,-151.3200,11
44.6100,-116.9800,75
27.0997,-80.2628,256
43.8564,-111.2769,133
46.4533,-87.3039,94
38.6439,-82.8628,150
33.4028,-82.6222,100
45.1000,-121.7500,-1
43.9772,-113.8289,100
43.2386,-76.1964,33
40.5319,-80.2172,100
39.0800,-107.1400,1
33.9153,-91.7711,194
61.1561,-149.9847,50
32.1614,-94.3397,200
34.2878,-85.9681,172
36.5297,-97.4472,117
40.2872,-78.7242,50
35.6939,-77.9456,133
32.8556,-100.4611,144
45.9997,-121.5403,128
44.7442,-116.4325,56
39.5608,-88.6067,172
42.7100,-118.6300,70
44.5400,-115.5600,43
43.3194,-83.7161,122
40.4256,-105.2103,100
60.6200,-149.5300,14
42.2292,-122.3814,56
41.8644,-103.6397,-11
39.2872,-112.6519,72
39.7333,-82.2156,117
36.9783,-91.3847,172
70.3289,-149.6114,-139
43.1114,-100.6083,-11
47.0700,-121.5900,48
45.2400,-109.4600,61
25.8175,-80.2858,233
64.8172,-147.8739,-39
32.0444,-100.1069,156
40.6700,-111.2200,56
44.8128,-71.8903,11
36.2747,-91.5056,183
43.2619,-89.7350,139
36.0147,-85.1314,167
31.9622,-95.2736,189
39.6500,-105.8700,-22
44.7592,-96.6872,39
39.3061,-102.2608,17
38.4800,-109.2900,40
30.4653,-83.4022,189
35.9419,-85.7892,156
19.2706,-155.8747,194
40.4906,-92.3706,128
40.7400,-109.6700,35
42.8592,-117.6569,161
38.5417,-90.9753,189
47.8947,-92.5336,67
45.9900,-120.8100,55
40.5800,-105.6300,-12
65.1000,-144.9300,-6
45.0200,-111.8500,25
46.5700,-115.7400,72
39.2142,-96.3703,117
38.5039,-95.7036,133
40.4022,-104.6992,178
38.5744,-109.5458,206
39.4575,-98.1125,50
40.4600,-112.2500,55
42.9283,-110.1272,-56
37.1786,-104.4869,83
44.4900,-104.4100,53
48.9711,-97.2417,0
43.8000,-121.9500,25
40.3503,-92.9492,106
41.4714,-91.0464,144
29.9167,-90.1303,228
34.9700,-111.5100,72
43.3686,-99.8403,78
31.3456,-110.2542,217
35.2150,-100.2503,117
29.1639,-82.0778,289
42.3000,-110.6800,12
43.9325,-103.5594,-56
41.0036,-95.2419,11
47.5933,-91.6514,44
38.0803,-78.8750,122
42.0811,-76.3178,-6
34.1142,-109.8589,39
43.1872,-124.2025,94
33.3064,-92.4833,194
30.4406,-83.9858,172
39.8361,-89.6250,183
39.7194,-76.8028,128
37.9136,-104.9483,50
38.1211,-81.1178,139
40.8556,-85.4981,183
40.7022,-105.7106,0
38.8900,-106.9500,5
37.9672,-120.3872,67
35.3694,-111.5436,-22
38.9536,-74.9358,156
39.3000,-120.1800,76
32.1103,-103.1872,133
35.9183,-84.8686,206
44.9733,-97.1494,28
41.9897,-118.6336,183
41.2683,-120.2947,28
43.9981,-95.9572,44
45.4000,-110.9600,33
38.1872,-80.1336,117
44.0761,-108.9547,11
48.2783,-110.6019,-28
27.6606,-97.3983,239
33.5500,-81.6969,128
37.0875,-82.9925,111
41.9244,-78.0072,56
43.5575,-73.4011,11
42.0944,-121.9022,39
39.9364,-105.3503,-6
32.3122,-102.5606,133
30.7586,-98.2339,178
66.5700,-145.2500,-66
44.0303,-71.1383,-33
39.7197,-105.2472,56
46.8736,-89.1006,94
46.1800,-121.9300,76
45.8383,-101.2767,111
37.3997,-87.7622,194
43.7383,-116.2022,89
46.4444,-97.6928,33
45.5958,-96.8283,56
40.5800,-110.5900,17
34.0044,-100.8250,117
46.9161,-103.5264,-22
41.7600,-115.6900,81
41.8300,-115.4500,87
39.4667,-80.1333,150
46.7000,-92.0167,78
32.7692,-89.1303,183
37.2775,-95.7769,128
44.4800,-110.1600,41
38.2692,-87.1631,189
32.0339,-88.7100,183
40.4000,-105.8500,-23
39.3200,-111.4900,45
42.5900,-108.9000,35
34.6111,-82.7269,72
44.6125,-121.9486,44
33.9153,-92.8267,189
40.7053,-94.2428,100
45.4525,-99.3358,17
30.5228,-82.9447,150
34.3019,-92.3914,194
34.6242,-106.3103,61
39.4467,-79.5469,83
46.9878,-104.1567,22
47.3800,-121.0600,43
40.8500,-111.0500,52
41.1072,-88.4111,172
48.9700,-115.9500,5
39.8183,-97.6375,67
37.5794,-81.3264,78
29.2703,-103.3003,139
44.9933,-84.1625,83
31.8075,-94.1642,211
38.4800,-112.3900,11
32.6053,-93.2947,206
44.3747,-72.5822,-33
38.8867,-102.7233,0
48.7167,-111.4747,-56
39.8000,-106.0300,-12
43.8575,-95.1167,61
30.7806,-85.5503,194
32.8117,-111.6314,283
26.5650,-98.1236,239
37.2758,-95.4728,117
37.5742,-81.5356,100
40.8533,-76.7892,22
39.6211,-105.0656,22
31.7119,-110.0686,167
46.3911,-112.7975,50
43.0608,-86.2047,150
37.6128,-114.5264,33
35.6381,-87.0864,178
44.0469,-82.9703,117
39.0500,-111.4700,23
26.3769,-98.8117,244
30.8878,-102.3008,167
41.8900,-115.8600,95
43.2794,-92.8106,89
34.0464,-94.3481,156
41.9342,-88.7756,172
32.1633,-95.8300,194
35.8325,-83.1164,211
45.5100,-111.9200,31
37.6200,-107.0300,-4
34.7261,-100.5372,117
39.3672,-106.1897,-83
38.3422,-104.0567,128
37.1503,-104.5567,61
42.1153,-88.1639,172
41.7681,-74.1550,89
36.5508,-114.4581,139
42.4400,-105.8600,14
44.6531,-70.7942,-56
35.8950,-82.8311,117
37.0678,-78.9517,128
40.0961,-75.7514,22
33.7275,-111.8606,244
39.1742,-86.5214,178
44.0328,-88.1469,167
40.7514,-74.1567,33
43.6700,-122.5700,107
30.0689,-94.2928,233
38.1869,-94.0281,144
21.2717,-157.8167,261
41.7069,-94.9222,94
43.4500,-122.1400,27
34.6158,-83.5428,67
40.4664,-87.6850,117
32.0997,-91.7022,228
37.7983,-122.2642,161
31.2489,-92.4489,183
41.8394,-94.1106,106
35.1183,-97.6700,139
39.6667,-80.8667,94
45.0469,-101.6050,172
31.1681,-81.5022,222
57.9578,-136.2214,50
47.2336,-123.9897,117
42.2417,-83.6933,106
38.4600,-105.2256,33
34.2183,-81.0731,94
29.0567,-96.2319,239
41.6267,-71.2092,89
44.4700,-114.4900,37
42.9011,-87.8494,189
39.0900,-107.6300,-16
35.8092,-85.6417,167
45.1758,-105.7517,111
43.2358,-97.5714,111
45.1100,-119.5000,98
39.5169,-115.9622,22
30.0969,-94.0997,228
40.1700,-107.0600,-5
29.0181,-81.3106,167
34.2528,-82.0350,111
35.6278,-120.6856,67
36.1500,-96.2500,150
35.3247,-78.6881,122
39.1300,-111.4400,8
39.4608,-105.6786,-17
41.2664,-102.6586,-28
44.6828,-107.0089,0
40.3142,-74.2511,44
36.6122,-88.3083,156
48.1900,-118.4600,46
60.7800,-149.1800,8
46.0544,-90.5217,94
44.0708,-93.5264,94
39.8986,-80.1656,67
47.0258,-108.8031,94
40.5300,-105.8900,-39
44.4000,-107.0600,-1
44.9072,-84.7189,50
41.0194,-93.7503,111
34.3347,-80.7030,144
33.0353,-96.4861,183
30.7931,-94.1819,211
42.2553,-88.0769,178
28.2939,-97.3297,233
43.2356,-70.6350,0
34.7500,-111.4100,48
37.7333,-105.5119,39
34.1206,-115.8500,200
46.1047,-110.0500,72
38.4000,-119.5400,73
35.6494,-94.1542,183
42.4244,-103.7347,172
43.9750,-89.8308,139
34.2650,-88.7658,206
40.4350,-105.0850,-11
41.3053,-86.6286,183
38.7900,-111.6900,48
44.6981,-102.5608,11
39.0875,-111.1325,50
40.6558,-97.2208,72
37.4417,-105.8614,11
45.6200,-121.7000,38
38.9500,-115.3800,10
32.9947,-111.5367,178
43.4372,-111.2792,28
24.7706,-80.9072,239
37.4436,-122.1403,133
33.7367,-90.7444,200
41.8036,-98.8239,17
39.3667,-81.3167,106
37.2822,-82.0894,111
32.7306,-111.6917,106
43.6747,-86.4239,128
30.9044,-99.7864,189
31.6164,-94.6431,211
35.9325,-82.0019,72
64.8553,-147.7217,-22
36.6003,-78.3011,133
33.7183,-102.7586,83
42.0647,-92.9244,106
40.0839,-88.2403,111
61.7900,-149.2800,0
45.3394,-111.7111,33
31.8833,-109.2056,183
35.1500,-86.5411,211
41.7800,-116.0300,109
43.8800,-114.6700,-10
43.7953,-88.4533,161
35.4544,-93.4397,172
43.2422,-88.2889,167
43.4447,-88.8478,139
20.9625,-156.6753,256
33.8228,-92.3989,189
36.4992,-80.6508,139
42.1164,-71.9075,-6
37.9411,-101.2492,61
38.9339,-80.8325,211
44.2206,-114.9342,-44
38.6553,-78.2272,100
40.2669,-105.8322,78
27.4467,-82.5014,228
44.4400,-113.3200,35
42.9389,-72.3247,-44
64.7900,-141.2300,-5
39.8383,-96.6364,122
37.7272,-80.6592,117
45.9647,-94.8892,61
38.8008,-81.3583,161
36.9600,-106.6600,18
48.1925,-106.6383,39
19.5361,-155.5767,72
47.2900,-120.3700,33
40.8778,-88.6364,189
35.4156,-91.6469,200
44.2814,-92.1942,100
42.7158,-109.6903,-50
43.0114,-84.5542,128
67.2500,-150.1800,-49
21.9592,-159.6758,222
45.2128,-112.6447,83
53.8950,-166.5433,67
40.0750,-76.0717,111
43.4892,-99.0631,44
35.6808,-78.9158,106
39.0500,-107.8700,-25
36.2033,-119.0545,144
44.3000,-109.2400,45
44.3253,-96.7686,39
40.2058,-92.5747,122
43.6303,-94.7744,78
38.4800,-109.2700,11
38.9547,-119.7758,22
43.7728,-111.0339,61
38.1350,-94.8161,144
39.0017,-85.5997,189
48.3600,-119.0800,45
48.5700,-120.7800,59
39.1483,-89.1022,178
36.4661,-104.9456,139
38.4331,-96.5578,117
42.5175,-84.6531,133
34.2481,-80.6883,167
34.0864,-116.5622,189
29.6833,-91.1761,222
44.4400,-121.9500,95
31.3206,-92.4611,222
61.6267,-149.0364,33
43.3800,-109.8800,-6
30.2408,-92.3478,233
35.2836,-106.6194,72
44.0697,-102.4478,-6
47.5339,-116.1222,111
43.9500,-110.4500,0
32.7228,-101.9456,122
35.3736,-83.7006,100
31.3072,-95.4508,228
41.6681,-103.1039,178
39.2219,-105.9936,-6
45.6069,-121.2047,78
37.9700,-111.8300,-12
32.6014,-110.6339,200
38.1150,-103.5100,33
44.5000,-107.4300,10
34.2833,-86.9142,211
36.6619,-75.9114,161
40.8400,-111.7100,81
39.1114,-82.9797,178
40.3458,-94.8342,117
27.5683,-99.4983,200
35.7683,-119.2600,222
40.2156,-100.6203,0
36.5803,-85.1256,161
43.0731,-77.3019,33
28.9606,-98.4772,233
40.1100,-87.9567,183
60.2600,-149.3400,31
60.4500,-151.9167,-33
40.5511,-75.9914,39
33.8103,-91.2778,206
64.7803,-147.2750,-33
39.6000,-106.5100,8
39.7556,-103.4986,-11
37.5339,-95.8269,111
46.1864,-84.3239,128
42.7625,-96.9194,100
37.8044,-114.4069,83
41.0569,-100.7494,11
38.8700,-87.0917,189
46.9300,-110.9000,24
44.2100,-110.6700,21
39.0900,-114.9000,62
36.1308,-81.2275,133
38.8961,-101.7514,22
37.3617,-79.9592,139
64.8500,-147.8000,-18
47.6497,-120.0800,39
40.5492,-88.9500,172
32.8522,-95.8864,183
44.6103,-92.6100,117
34.1500,-85.6847,156
43.4194,-82.8192,117
43.3400,-110.4300,-11
44.5200,-122.0900,134
40.7900,-106.6000,42
39.8942,-85.3953,167
32.9261,-99.2342,150
40.1400,-105.5900,-5
44.9367,-109.1375,0
41.7750,-78.0417,39
41.3200,-116.3400,32
30.5347,-94.4456,228
39.4247,-93.1331,133
32.7500,-98.9017,156
48.4983,-109.8014,-22
37.7647,-81.1939,122
41.5183,-84.1453,133
41.7092,-87.8761,133
42.3092,-88.2533,178
34.6189,-89.1911,178
39.4708,-87.4081,139
42.1611,-83.7819,111
37.1317,-86.1481,228
44.4536,-71.1853,-50
29.6603,-103.1736,189
47.4144,-121.7561,78
39.9714,-91.8872,133
35.2522,-106.6347,89
41.8128,-88.0728,183
45.4650,-91.1236,83
42.4942,-108.7289,11
40.0300,-105.5800,8
41.1431,-96.4808,106
44.2581,-71.2525,-39
29.0892,-97.3433,239
36.0639,-79.3831,100
32.8347,-88.1342,178
40.2600,-103.8156,61
62.9583,-155.5903,-28
43.9092,-118.1522,61
40.1636,-79.8694,89
38.1922,-99.0967,161
32.7547,-104.3836,117
34.7675,-106.7611,44
35.5567,-87.5414,172
33.7608,-89.8136,194
34.4883,-87.2989,172
41.5200,-117.6300,112
40.9475,-76.8786,28
32.2842,-83.4681,117
43.2300,-121.8100,41
36.6364,-80.2514,111
34.7967,-77.4008,167
48.3425,-114.0217,17
45.8864,-104.5478,117
38.0328,-78.5225,111
47.5089,-99.1211,11
40.5903,-116.4750,189
34.8792,-88.6178,189
46.3003,-92.5336,67
40.9800,-115.1700,123
42.5300,-110.6600,19
43.4700,-107.2400,43
39.0028,-87.6225,211
33.7044,-115.6289,250
35.5953,-88.1175,194
34.2253,-95.7006,150
41.3000,-107.1500,44
39.6222,-90.8058,144
36.7386,-103.9936,89
48.8200,-121.9300,85
40.5800,-85.6586,178
41.0500,-107.2700,5
31.8797,-102.3592,78
37.3678,-95.2892,117
37.2992,-77.2775,183
34.4417,-83.5161,89
39.7489,-104.9425,78
43.0675,-83.5919,117
33.5900,-92.8236,189
38.3703,-96.5483,106
35.0556,-77.0858,128
40.4100,-105.8200,-41
35.8306,-91.7944,172
48.9989,-106.3800,111
43.7550,-74.2692,-6
47.8039,-103.2892,-6
41.6717,-107.9786,83
65.4939,-144.6422,-50
40.4925,-107.2547,128
41.7392,-77.9711,44
39.1092,-104.5997,33
41.6092,-91.5050,139
38.7339,-77.4925,83
43.9500,-115.2700,4
30.8178,-90.9733,211
63.9647,-145.1050,0
36.4914,-118.8253,156
41.2647,-87.4178,183
41.5500,-116.0100,115
44.3022,-120.8081,50
39.5283,-85.7914,167
46.6786,-109.7536,17
42.6722,-122.6750,56
41.4947,-87.6803,178
33.9978,-81.7747,94
39.8958,-76.3947,72
37.0947,-81.7936,89
43.1878,-88.9844,178
37.7686,-111.5978,144
29.4706,-96.9397,189
36.1028,-78.3039,94
28.3889,-96.8389,250
40.5756,-105.0236,33
40.5600,-111.6600,62
40.3333,-76.4667,117
39.4133,-79.4000,94
32.7019,-87.5814,206
40.5906,-111.6369,39
26.1019,-80.2011,256
39.9400,-105.5900,39
41.6686,-94.4972,100
33.2206,-98.1561,150
40.0744,-75.3178,61
45.0900,-71.2906,-6
42.7831,-71.4147,-28
42.3969,-94.6292,106
37.1942,-99.7633,56
43.7300,-113.8300,41
42.4881,-104.1564,-17
40.4600,-76.8703,67
44.7303,-92.4586,94
40.3600,-116.8600,108
48.7142,-121.1431,50
45.9228,-108.2444,6
31.9461,-90.3775,261
42.2989,-90.9983,133
41.3600,-111.4900,63
45.2172,-70.4825,-67
43.5278,-89.4342,144
43.8600,-109.3200,1
37.4900,-112.5100,31
60.7300,-150.4800,11
41.5500,-72.7167,11
32.6094,-83.6164,183
47.5600,-115.8200,48
31.4475,-109.9289,194
31.8878,-82.5808,111
33.4408,-79.5672,100
46.3153,-118.0022,44
32.9028,-90.3817,228
43.5231,-90.0003,139
48.0600,-116.2300,44
42.5692,-72.9956,0
44.7608,-85.6442,111
46.4858,-90.4372,83
25.8064,-80.1336,228
38.9803,-80.2200,72
36.8775,-89.6231,178
43.5936,-115.9236,72
36.5517,-84.1728,122
31.8142,-93.0856,206
44.1014,-122.6886,89
43.5900,-122.0600,72
44.3547,-89.0592,150
35.2244,-85.8417,150
44.1472,-71.9656,-50
39.6261,-106.0353,-61
38.5853,-92.1825,150
42.0811,-83.6769,106
37.9233,-95.4242,122
30.3703,-103.7808,94
47.2467,-94.2228,78
29.3364,-99.1383,194
45.4136,-83.8142,94
40.1550,-103.1417,33
38.0344,-97.3431,94
42.6856,-78.2203,61
35.4322,-84.5833,133
44.4700,-112.9800,22
31.8728,-106.6981,128
36.1300,-105.5300,-7
38.5278,-81.9153,122
44.7900,-116.0900,26
37.9567,-122.5447,244
45.9353,-107.1375,-22
38.6197,-80.3822,111
41.9953,-117.7200,172
31.6003,-97.2169,189
39.1078,-113.9533,189
48.6600,-119.8400,20
60.9583,-149.1108,56
43.5594,-90.8761,122
40.9153,-97.5997,50
39.8372,-75.0442,56
41.4175,-95.0042,94
38.8592,-96.1058,117
35.7742,-83.0981,139
36.9308,-121.7692,111
34.3006,-83.8600,100
36.2347,-115.1164,161
40.7819,-79.2375,111
43.3864,-84.6492,106
45.6900,-113.9700,34
39.2911,-80.7694,83
46.7781,-90.7653,83
36.7764,-80.0272,161
43.5136,-87.8547,156
40.9200,-110.1900,18
34.2414,-85.1583,144
39.3389,-78.7728,56
44.7200,-107.4000,24
40.8600,-115.2200,92
42.9503,-100.9450,22
29.6989,-96.5731,239
46.5458,-87.3794,111
42.3417,-75.9653,17
43.9317,-69.8564,-28
33.7478,-112.5983,239
31.9353,-109.2186,122
64.0917,-141.9211,-100
41.9700,-111.6000,27
42.3869,-72.9211,-22
34.3903,-79.0022,128
35.1692,-114.5806,267
43.7483,-101.9414,172
39.4136,-114.7733,22
37.6500,-107.8100,16
45.0000,-117.1700,36
34.9386,-81.2250,117
36.1800,-108.9500,31
38.8500,-119.9400,19
38.4200,-108.3800,28
40.5500,-110.6900,25
31.8414,-82.3756,156
41.0103,-103.8769,-28
45.6750,-111.1550,128
63.9400,-145.4000,13
38.5778,-110.7078,39
46.4800,-110.7100,31
38.9267,-97.2128,106
38.9764,-77.4869,72
42.4400,-122.2300,87
64.8603,-147.8483,-39
44.0500,-115.4400,78
44.6500,-93.6356,94
42.3647,-92.7594,100
40.6703,-111.5083,67
40.1600,-111.2100,44
40.8483,-84.9300,178
39.6633,-77.5828,83
43.7917,-72.2578,-50
33.2850,-86.3431,206
36.3825,-79.6947,117
37.2364,-95.7003,133
46.8100,-121.3300,35
55.4772,-133.1408,33
38.7833,-79.2833,78
40.6742,-94.7244,100
31.7414,-99.9764,167
60.9600,-149.0900,28
41.4003,-79.8306,94
39.0564,-104.8683,-6
39.6100,-111.3000,23
36.9906,-121.9911,200
32.2314,-98.2319,183
43.4106,-88.1939,167
39.7808,-79.0411,78
43.9900,-88.9411,161
44.8197,-120.7533,50
47.7800,-121.7000,86
61.3800,-149.0000,28
34.1925,-86.7972,156
39.2450,-99.3808,39
40.9400,-115.1000,67
42.4486,-74.4653,17
42.9328,-76.5447,56
31.4269,-94.8942,222
38.5961,-122.6014,211
40.7100,-106.0100,10
45.1700,-113.5000,5
41.3800,-106.3500,-23
44.6467,-84.1158,117
36.2872,-88.2958,183
32.9619,-102.8219,111
37.4336,-86.0089,189
39.4286,-105.0703,94
48.4089,-93.0483,61
44.8100,-107.4100,35
42.1600,-114.1900,72
31.8708,-85.4500,167
44.7900,-112.0600,31
37.2100,-105.1200,-2
42.2794,-72.3483,0
20.7947,-156.0153,222
36.8600,-106.2300,7
43.2300,-122.4300,58
29.0361,-80.9181,256
26.8400,-81.0872,222
40.8400,-110.6600,-11
45.9336,-90.4506,83
47.7500,-121.0900,43
40.7247,-84.1294,156
41.7950,-72.2286,0
43.0411,-89.4286,144
41.7947,-90.2639,117
35.4206,-82.1878,89
40.7928,-87.7556,172
31.3944,-92.7164,194
46.7858,-121.7425,72
63.6772,-144.6011,-11
60.8000,-148.0900,45
37.4314,-76.4414,72
44.3800,-108.0350,72
45.9306,-119.2956,94
43.4036,-94.7472,72
37.8175,-82.7883,122
61.5889,-149.0992,67
35.9886,-92.7161,161
34.8822,-91.2153,200
42.3108,-78.0231,67
47.2325,-117.3625,33
39.3983,-77.7211,89
31.5889,-91.3408,211
38.5556,-86.4858,183
42.2031,-98.7467,22
35.5044,-82.5967,56
44.8000,-107.8400,13
39.8356,-95.5319,111
36.1483,-85.2650,178
37.9900,-80.6803,111
38.3772,-97.6097,78
44.4300,-120.3300,67
44.3539,-75.5122,-22
45.4136,-97.9064,83
32.7750,-92.4075,200
41.0939,-102.4717,106
35.5325,-90.6872,183
30.0317,-96.2167,233
43.1708,-89.8192,150
35.2006,-103.6867,94
40.4897,-103.0822,11
34.6892,-86.8819,178
36.2994,-103.7408,11
33.1244,-94.1661,189
47.0200,-121.4600,63
45.4478,-99.0383,56
43.0161,-84.1800,128
40.9100,-110.5000,15
37.4900,-106.8400,-13
34.2044,-90.2908,194
47.7681,-118.7239,44
41.2458,-111.9369,67
40.1942,-110.0617,33
44.9800,-90.5545,111
36.2981,-86.2631,178
45.0400,-121.9300,47
43.0558,-96.1525,144
37.5764,-113.7150,56
40.2472,-93.7158,111
43.0528,-114.1581,11
48.5700,-115.4500,25
41.5461,-98.5331,22
44.0700,-70.7467,-33
31.0286,-84.8911,178
45.3783,-96.1542,61
39.4500,-111.2700,-6
48.9514,-115.6267,6
41.0461,-83.6622,139
33.6403,-96.1661,189
58.1422,-133.7386,44
38.9817,-81.5658,94
42.5503,-84.8258,144
45.9717,-109.2569,139
41.4639,-97.3278,56
30.1853,-82.5942,178
31.6756,-89.1236,172
34.3850,-94.8981,172
42.2619,-96.8636,72
43.1017,-93.8014,72
39.0636,-94.8958,122
39.7833,-79.9167,67
36.9839,-77.0078,111
41.7036,-122.6408,72
34.4406,-85.7236,167
44.0500,-71.6667,-39
32.1433,-89.5525,172
44.4667,-115.5667,-6
31.8453,-83.9408,161
42.1492,-112.2872,178
40.9900,-111.8200,80
47.6800,-113.9600,31
44.1011,-115.9694,128
30.3236,-96.1594,233
41.3831,-83.6111,150
42.2497,-77.7583,56
41.2633,-85.8678,56
43.1700,-110.1400,-18
42.8447,-108.7406,-28
29.6100,-100.4519,189
42.7753,-91.4536,122
46.2111,-119.1011,89
47.9800,-114.3500,27
38.8147,-90.5169,178
43.7533,-108.1431,-39
38.9239,-122.5672,89
47.1500,-116.2700,71
39.5231,-122.3058,250
40.5261,-80.6275,100
37.1764,-94.8397,128
43.4839,-83.3919,117
36.4783,-77.6717,106
34.2594,-106.0931,161
42.1131,-73.5522,89
35.0700,-111.8400,50
47.7600,-123.0300,50
39.4578,-95.7550,117
46.3286,-85.5033,89
42.7672,-74.1711,-6
43.4569,-70.7803,-28
43.0803,-88.8967,161
40.2986,-86.5067,117
37.8225,-107.1097,-50
42.7292,-110.9297,-28
48.6900,-117.1800,-13
45.7300,-114.4800,20
46.9914,-112.0122,139
41.6800,-111.4200,35
48.7200,-116.4600,57
42.7500,-118.6900,87
38.6078,-97.9597,122
42.6772,-75.5067,33
46.5600,-115.2900,34
39.7275,-79.9131,72
34.7975,-83.2678,106
42.6283,-113.7622,44
41.8161,-80.4250,106
46.6539,-68.0089,78
39.3033,-95.4861,133
44.9467,-69.5456,-39
45.4100,-112.9600,3
44.4600,-110.1400,-1
35.7586,-82.2711,72
37.7083,-113.1439,33
35.6031,-83.7781,128
48.9300,-121.2000,48
43.3750,-87.9403,167
27.0436,-81.0700,172
45.9042,-100.2875,100
43.9708,-74.2219,-33
33.5636,-83.0767,111
63.5400,-150.9900,-49
36.3458,-92.3939,183
35.9500,-96.2833,150
40.0136,-78.3653,11
41.3247,-93.1008,106
32.2600,-86.2181,222
43.6300,-115.4400,38
34.1819,-118.5744,322
42.6158,-82.5436,172
39.7858,-85.7611,161
34.1472,-115.1219,200
44.5272,-69.6544,-28
48.8542,-110.5961,-17
62.6211,-141.0061,-50
45.5333,-92.0222,83
34.5081,-110.0839,139
41.3489,-73.0694,56
35.2300,-108.2700,50
38.2800,-119.6100,68
41.9519,-93.5656,106
38.2186,-83.1431,139
37.9286,-87.8956,189
45.5606,-122.5381,150
36.2953,-86.6569,189
41.3011,-123.1331,94
42.8508,-88.7247,156
31.4825,-91.8628,222
41.6317,-87.0881,183
38.7556,-90.6106,183
45.8000,-112.5200,38
41.3283,-88.9106,183
42.4344,-83.9858,144
38.4239,-82.5936,156
30.9594,-92.1786,222
39.2728,-79.3683,33
43.4386,-93.2253,83
35.9328,-88.7267,206
43.8081,-82.9939,100
42.6800,-91.8750,106
44.2500,-118.5200,55
42.3997,-89.9903,72
42.5800,-109.0900,12
38.3000,-119.5500,35
41.9069,-83.4158,117
35.2283,-82.7358,44
39.0733,-93.7075,117
37.0614,-95.6356,133
32.5192,-87.8800,172
41.2453,-103.6344,33
33.3953,-87.0078,211
33.1111,-91.9481,194
33.1461,-107.1842,106
37.8256,-106.9319,-22
34.6522,-101.4969,94
27.6528,-80.4031,256
42.2100,-121.1300,99
40.6458,-91.5639,122
33.3700,-108.7100,33
34.2208,-95.6150,194
33.3781,-116.8400,178
35.8575,-84.5278,128
40.0600,-107.0100,-10
46.9100,-110.8500,15
37.2039,-80.4144,122
37.8183,-96.8444,167
29.7286,-92.8181,217
43.0031,-96.4850,61
37.2778,-97.4097,106
40.4372,-95.3867,111
31.2739,-81.9197,139
34.1425,-77.8789,133
47.1064,-104.7183,144
30.2875,-81.3928,250
42.7600,-112.4800,84
35.7425,-78.8369,111
44.1497,-111.0461,-28
36.0975,-119.5817,261
40.1433,-91.5158,161
48.8742,-117.8667,-17
39.7200,-106.1600,-34
43.3194,-88.1681,178
41.7400,-115.4700,56
40.2300,-105.9200,-11
31.3972,-81.2811,167
37.5100,-113.4000,80
45.1900,-115.9700,65
37.9931,-100.8122,33
36.0086,-93.5206,150
44.5300,-111.4100,41
37.2092,-112.9814,111
28.7156,-97.1742,233
45.2689,-122.3186,83
40.6100,-111.1000,31
35.9200,-106.3900,11
35.0619,-98.1989,139
34.5786,-83.3319,122
38.8500,-120.0800,95
41.1531,-102.6400,-22
32.9200,-108.1500,59
39.9436,-104.8361,89
39.0800,-82.7078,122
20.5569,-156.5750,211
42.5806,-88.0903,178
33.2950,-93.2325,233
48.9800,-115.8200,-12
36.8225,-79.4103,133
41.8250,-111.3208,83
36.3100,-115.6800,70
21.3356,-157.7114,250
43.1828,-104.6036,-39
42.0028,-83.9336,117
42.0628,-88.2861,178
41.4900,-119.0000,82
42.7817,-96.1458,61
40.9300,-111.8100,66
33.7775,-81.8467,117
39.2764,-114.9911,-17
39.3619,-123.1286,267
40.4883,-106.8233,-39
40.3900,-106.6000,-9
40.8900,-110.8300,8
44.3547,-106.6992,-33
32.1808,-94.7964,183
42.3161,-90.2269,144
39.4658,-77.9669,61
39.2683,-80.3522,89
60.6100,-149.0600,16
41.3661,-89.4519,178
47.4550,-101.1461,0
27.1897,-80.2397,261
44.1600,-107.1300,-2
34.7508,-79.4664,106
44.3800,-116.3400,109
38.0800,-110.7700,32
44.0042,-124.0947,117
46.9300,-121.9500,146
39.0056,-114.2206,61
40.7900,-111.1200,31
38.6611,-80.6969,94
31.7831,-95.6039,194
46.1800,-117.5400,82
38.7853,-76.9947,83
65.1200,-146.7300,32
30.0986,-83.5742,283
39.0736,-79.6339,78
46.7322,-121.5728,56
41.2500,-111.4100,29
45.4350,-109.8081,78
36.0336,-90.4978,183
43.2700,-115.3500,61
38.4858,-107.8792,22
35.6836,-80.4822,183
36.6669,-107.9603,183
38.9189,-81.9114,128
30.3961,-84.3556,156
36.4161,-81.4286,111
44.8550,-85.8353,83
40.0739,-97.1669,78
39.5100,-79.1400,67
33.5950,-112.3014,306
46.5333,-109.3442,6
40.6683,-84.9300,172
36.4197,-90.5858,189
32.3697,-112.8600,228
39.6828,-92.0467,139
47.3600,-121.5700,85
37.5983,-101.2908,33
34.6153,-105.4739,44
29.7956,-82.9178,167
32.1225,-96.4867,189
41.2783,-84.3847,172
41.6042,-88.0850,83
43.7144,-106.6375,-17
34.6400,-102.7231,72
37.4536,-103.3219,17
45.3331,-97.5228,28
47.8306,-110.6608,22
33.1772,-90.4919,200
48.6928,-116.3103,-17
29.9142,-94.9908,239
35.6000,-95.0500,167
45.0500,-109.9100,34
41.2214,-74.6600,0
41.4581,-100.5986,-6
45.0700,-118.1500,64
37.2389,-77.3925,133
34.8847,-99.2964,133
38.9933,-105.8919,-61
34.3983,-96.1400,156
44.9131,-73.8222,89
40.2706,-84.1508,172
38.6661,-78.3728,133
27.7792,-97.5056,250
42.3328,-75.2297,28
35.9903,-86.7786,206
42.2614,-103.5189,122
39.6381,-105.3150,-11
40.7244,-95.0192,111
44.3900,-122.1700,97
40.3967,-91.3750,139
43.6028,-72.3622,-44
42.0100,-115.0000,66
34.0783,-93.7019,178
48.0700,-120.8500,37
48.6061,-100.2911,-11
40.8700,-111.7200,97
40.1750,-97.5903,67
39.1833,-78.1167,133
40.2233,-86.1086,172
47.1686,-92.4628,61
33.5311,-84.3544,128
44.5842,-72.7869,-11
36.0956,-81.8311,89
48.5497,-114.5739,-83
45.8525,-105.0350,72
37.8639,-94.0156,144
36.9617,-81.0869,139
44.9500,-111.3600,6
40.3700,-106.7400,-5
39.8900,-110.7500,37
43.1003,-88.5036,178
42.0786,-71.2381,33
29.5175,-97.4597,200
41.3656,-93.6481,106
31.2503,-89.8361,200
39.8058,-90.8236,144
39.4689,-86.0408,189
34.1742,-103.3519,144
37.4000,-113.4600,75
42.5492,-88.8753,167
37.8500,-107.7300,-8
40.0800,-106.6700,-28
43.5525,-97.5017,33
36.1839,-105.0608,50
41.6111,-102.9014,-28
39.4833,-83.8500,161
30.7064,-95.5422,217
41.7644,-105.3750,39
40.6944,-99.7008,44
37.8156,-112.4386,-28
46.4992,-87.8450,89
42.8700,-122.1700,54
44.7300,-109.9100,17
42.7200,-123.2000,113
41.9872,-98.0747,50
30.8839,-87.7853,189
44.5897,-85.0486,94
37.3017,-76.7039,111
41.9200,-111.4700,15
39.6442,-74.8072,28
35.6550,-83.4411,83
43.0597,-89.4819,150
41.0164,-93.2792,111
43.3772,-72.1811,-56
44.0908,-92.6400,94
39.0981,-79.4322,106
47.4581,-92.5303,61
45.4442,-105.4072,156
36.9167,-96.1000,122
40.7258,-99.0133,33
42.2058,-104.5561,-33
35.7108,-76.1269,106
39.7947,-88.2908,172
38.1692,-79.0844,111
39.4247,-92.8106,128
45.2700,-111.4300,27
42.7500,-73.6833,6
48.2211,-95.2475,78
40.7325,-92.8900,122
43.1003,-78.9436,78
36.5994,-89.9894,194
32.4219,-93.6381,211
48.6900,-121.9100,109
42.7900,-121.9800,85
38.4931,-122.0047,150
37.1089,-92.5789,161
43.7700,-114.4200,20
40.0500,-76.2742,17
28.9844,-95.3808,256
45.7653,-99.6222,0
43.7500,-110.0600,5
43.3456,-111.7847,28
47.5933,-115.3594,100
31.0833,-82.5653,139
41.7267,-73.9200,0
43.4047,-95.7483,50
38.4900,-106.3400,-29
34.0103,-78.5450,133
31.5253,-87.9278,167
40.2914,-82.6547,167
39.8000,-105.7800,-15
39.0100,-111.5800,49
39.4206,-79.0050,39
35.6967,-80.6228,144
42.6000,-116.5600,57
42.1231,-111.3133,11
36.8144,-83.3144,161
39.4047,-105.4767,-11
43.5200,-110.9100,36
34.7319,-79.8833,139
45.9903,-84.8361,83
37.2614,-93.5911,128
33.7542,-99.1442,172
43.8933,-121.4117,33
40.4639,-94.4978,100
42.2700,-110.8100,-13
45.8981,-86.5483,117
35.0097,-85.3444,178
38.4931,-88.9703,156
39.8700,-105.8700,-33
36.2403,-106.4278,44
41.2400,-106.2300,-24
46.7603,-117.1861,83
40.1467,-79.8986,100
37.3578,-83.7706,117
36.4711,-86.8414,189
43.3656,-83.5828,122
29.8858,-81.2883,272
42.4647,-79.0031,56
35.8444,-92.0978,183
46.6400,-121.3800,26
41.6767,-78.8036,61
39.6350,-91.7231,133
40.7833,-81.9167,111
37.2825,-109.5575,156
43.6600,-122.2100,100
41.9500,-73.3667,-17
37.1561,-91.3589,172
36.4819,-87.8628,206
40.5972,-79.1186,111
38.4947,-83.0183,156
46.4800,-115.6300,83
37.3542,-84.3369,156
38.0936,-102.6306,22
37.1550,-98.0283,100
61.7500,-150.8900,34
26.7458,-81.4264,172
44.6600,-111.0900,22
46.6694,-94.1089,61
45.6703,-118.7964,67
42.5600,-111.3000,41
58.1072,-135.4278,11
39.5600,-115.8400,52
34.4722,-101.3006,67
45.6622,-111.0453,122
35.7000,-105.8100,0
47.9361,-110.5022,-33
45.6911,-118.8522,94
38.0900,-97.9125,78
45.5900,-95.8744,44
33.8706,-83.1136,106
39.1014,-108.7339,56
39.0597,-87.6625,161
33.1975,-108.2075,172
39.5572,-107.7261,-17
37.5669,-101.7508,56
35.5125,-93.8683,178
48.2942,-116.5628,-6
48.4300,-113.9400,37
31.8611,-97.3750,189
40.5711,-75.2781,17
34.6033,-91.9928,189
32.5992,-85.4653,194
40.9247,-79.2825,89
42.6858,-103.8842,-22
46.6803,-92.9542,61
37.7100,-107.5100,-14
40.7042,-93.3697,106
44.0761,-98.5706,39
41.6458,-80.4250,106
37.9325,-87.3744,200
39.3000,-106.6100,-34
40.8236,-94.0475,106
59.3500,-151.8500,50
42.6333,-89.3867,150
42.8267,-105.7878,11
39.3200,-119.8900,67
37.3133,-122.1850,156
39.2836,-86.7703,133
34.1333,-94.7000,183
41.4100,-115.4500,90
39.9708,-75.6350,61
48.8217,-100.4525,-6
38.6656,-96.9494,94
40.6100,-109.8900,-3
65.0800,-145.8700,-999
43.4583,-89.7269,150
40.9600,-110.5800,-9
36.7458,-86.2258,194
41.3600,-106.2300,-28
36.4622,-116.8669,189
33.3192,-95.6039,189
36.3817,-119.0264,122
38.3431,-89.3586,183
37.8800,-107.3600,-18
35.3514,-101.3897,94
33.4678,-88.3847,178
29.1853,-102.9622,211
39.3758,-112.3342,67
43.7100,-114.1600,7
37.9700,-106.5600,18
34.2939,-82.5328,100
43.3144,-90.8486,106
44.6406,-105.3053,122
48.9947,-117.3544,-6
35.0197,-82.6925,89
37.5811,-106.1869,-22
34.7961,-92.8417,189
45.6603,-69.8120,-22
31.0767,-82.8003,122
45.7575,-94.2072,78
30.1061,-98.4286,183
43.0864,-95.6292,133
36.3775,-85.3364,167
40.1100,-107.2900,-8
35.0967,-82.9508,144
43.0603,-92.6717,44
36.3158,-119.6369,128
42.5039,-89.0311,167
33.2372,-116.7614,56
39.4600,-119.9400,83
35.8147,-85.4244,178
41.4233,-76.4933,22
36.9139,-113.9422,217
39.6600,-110.3800,16
44.4650,-109.4956,6
46.2858,-105.2919,100
41.2578,-111.8378,39
46.9728,-92.8700,61
33.7092,-93.5564,189
38.2175,-80.0914,106
40.4950,-78.4667,100
43.0167,-70.8333,94
42.2472,-78.8125,56
34.1942,-81.4150,183
35.5453,-82.6986,72
41.5667,-88.0833,194
32.3850,-90.8753,217
37.8603,-83.8969,139
38.7000,-106.3700,-19
33.5511,-97.8472,156
35.2700,-111.7400,11
36.3919,-81.3039,94
48.6469,-118.7314,56
36.7056,-79.8650,133
41.9539,-70.9572,44
44.6600,-118.4300,61
42.4694,-75.0106,-17
32.5339,-96.6608,139
41.1522,-104.8056,22
36.4947,-91.5350,172
37.7922,-90.4103,106
41.3800,-111.9400,81
44.6831,-113.3622,17
38.2200,-80.8939,139
35.7875,-84.2622,128
38.8669,-99.3169,78
42.6194,-112.0067,22
40.1200,-75.5011,128
38.4478,-99.9100,28
34.4758,-84.4461,128
44.2542,-84.2011,106
42.1500,-110.6800,13
39.2400,-111.5200,56
32.7053,-93.9603,183
46.4900,-115.8000,39
34.8600,-111.6100,45
41.2211,-96.7775,72
42.0478,-71.0050,78
39.6553,-102.6803,44
32.9069,-85.4336,178
35.1033,-92.4903,183
42.0397,-77.7650,50
40.9025,-90.2897,139
59.7000,-150.7100,36
40.4517,-99.3803,44
35.9547,-107.0856,39
28.0236,-82.1422,289
34.6539,-120.4514,233
45.3533,-94.3056,78
44.6819,-83.2808,111
44.6167,-121.0011,50
34.5989,-103.2161,100
40.8125,-82.9697,144
41.3708,-88.4336,189
45.6178,-113.4514,94
41.7900,-111.5500,58
33.1714,-101.7981,128
40.2650,-74.5642,11
41.6117,-86.7297,111
47.2919,-88.4208,83
48.6525,-121.6931,33
40.1519,-89.3386,72
40.0375,-106.2039,-22
37.4900,-113.8500,89
45.9900,-120.6800,40
35.1581,-92.7672,183
36.1306,-80.5481,128
44.2644,-105.4919,144
34.9536,-89.8297,189
38.3989,-79.9950,78
46.0900,-110.4300,33
43.0683,-94.3053,83
26.1686,-81.7158,194
43.9592,-115.8453,0
35.7597,-91.6386,183
26.8261,-80.1489,239
34.2639,-110.0075,172
46.4625,-90.1956,78
37.0092,-92.7561,172
35.9167,-76.2667,133
35.2683,-91.7164,194
44.8400,-114.2700,59
26.8600,-80.0553,250
47.4122,-105.5950,106
39.0300,-106.0800,-13
41.5800,-120.3000,81
41.1169,-81.0094,117
44.5317,-86.1311,133
33.8017,-118.3411,250
38.4547,-78.9353,122
46.4581,-101.2000,0
40.7933,-77.8672,78
44.3300,-122.0900,115
42.6333,-91.8633,117
32.2553,-109.8369,122
39.8900,-111.2500,18
32.0161,-97.1094,200
63.3100,-147.6500,17
43.1742,-88.7364,172
48.0850,-123.0639,100
59.4547,-135.3136,67
44.2100,-121.8700,6
43.9611,-101.8606,-11
36.1014,-87.2847,167
41.2789,-98.9697,22
43.8600,-114.2100,20
35.0264,-90.7347,183
35.0583,-78.8583,111
47.3500,-120.6800,52
43.4300,-96.1686,56
59.0800,-154.2800,65
43.6842,-114.3603,0
45.5000,-110.9700,39
45.2669,-69.5839,-33
41.1275,-101.7206,50
30.3931,-89.0008,239
30.7267,-91.3672,206
40.0400,-105.5400,0
45.6444,-109.2675,56
28.8608,-97.0181,250
42.4422,-76.7586,39
40.2258,-77.1894,17
46.1600,-122.1800,82
42.2356,-74.1433,-28
44.5900,-111.1200,40
40.8800,-110.5400,26
39.3000,-111.4500,25
46.9800,-115.0300,40
37.3500,-105.2300,2
39.0800,-106.6100,-48
34.4167,-119.6844,278
39.7600,-107.3600,-10
40.5864,-77.5692,61
37.6761,-81.6214,100
40.3450,-115.6206,6
45.2500,-121.7400,24
37.8792,-121.9303,233
42.3194,-83.2378,111
38.5331,-93.5314,122
48.8900,-116.7600,-3
39.1342,-93.2225,128
37.6667,-93.1067,139
42.9750,-82.4194,94
41.1200,-73.0800,22
35.1242,-90.1805,178
45.8775,-93.3147,83
37.0375,-77.9461,122
44.7597,-92.8689,106
41.7944,-72.9319,22
36.0519,-88.0828,178
40.6475,-80.3861,89
31.9194,-108.3442,156
36.4742,-79.7433,133
41.2781,-114.1706,11
45.9397,-102.1575,161
46.3911,-97.2392,33
40.2333,-100.8300,11
36.2358,-100.2675,178
32.5217,-97.8069,189
42.3200,-113.6200,65
34.7544,-83.0750,94
35.2489,-106.5950,89
45.8700,-110.9300,62
44.0869,-87.6522,117
46.3119,-119.2633,61
44.6650,-72.0233,-72
35.9067,-85.4750,161
37.0142,-78.4697,122
40.3708,-81.7908,128
34.1867,-118.3481,167
33.4517,-90.5097,206
44.8772,-117.1094,100
34.7764,-76.8769,133
37.2008,-80.5864,133
45.4825,-120.7236,67
40.4178,-110.0511,44
42.6408,-71.3636,-22
38.3778,-97.0753,111
40.5514,-80.2167,106
40.8222,-75.6961,22
43.9906,-97.0925,44
41.2322,-76.3422,39
42.0997,-76.8358,28
38.6550,-101.6961,22
34.0919,-96.7708,167
39.2900,-106.5500,-24
40.0503,-101.5325,150
40.4528,-74.8081,0
42.4100,-111.1700,8
34.7056,-79.5683,222
30.6036,-92.7739,222
45.0600,-109.9400,24
47.2508,-93.5861,50
30.5653,-87.7017,194
38.6133,-95.2808,122
45.1369,-69.2806,-33
34.2333,-97.4203,167
34.5675,-92.6006,194
37.4900,-112.5800,-4
45.2219,-70.1983,-28
21.6792,-157.9453,228
45.0831,-91.3311,117
40.3000,-111.2600,28
46.6461,-119.9061,122
41.9300,-85.6386,156
46.3500,-121.5100,43
40.1692,-79.1411,44
47.8214,-101.2922,6
58.3869,-134.7658,50
33.1964,-95.2236,183
44.6719,-117.9942,17
34.5569,-86.9503,189
34.5500,-84.2500,161
44.1925,-69.1461,33
44.8933,-102.6125,-6
43.0608,-83.3075,111
42.6681,-112.9981,56
42.3208,-103.0733,111
40.0400,-105.7500,5
43.8111,-107.3653,-56
60.1900,-149.6200,41
32.8672,-116.4194,167
35.5303,-102.2564,56
48.5397,-121.7422,67
31.2000,-101.4625,133
42.8783,-97.3633,50
41.7500,-117.5300,86
39.2975,-87.9747,189
36.5381,-98.2661,100
45.3397,-92.9125,100
36.2131,-84.0603,111
43.1086,-88.0306,172
32.5403,-94.3508,189
38.3000,-112.3600,9
46.8800,-113.3200,34
38.8711,-98.7053,61
40.1275,-79.4058,100
46.9100,-121.4800,19
31.2581,-95.9744,217
45.3036,-97.0625,117
44.3800,-109.7900,17
37.3822,-102.2986,83
37.0222,-100.9294,78
43.8000,-114.8500,40
28.0372,-97.8725,233
34.2314,-87.6353,206
43.1808,-95.8528,89
44.0517,-96.5928,39
42.2128,-122.7144,67
41.4000,-107.2600,37
43.7400,-113.9400,9
40.9386,-117.7514,56
39.6467,-80.4067,72
39.3475,-85.4892,133
35.6878,-83.5372,89
44.7600,-118.3100,89
35.9417,-86.8686,167
30.1064,-83.1819,178
37.5700,-112.8400,-7
45.0403,-105.4855,111
32.6592,-85.4492,150
41.5181,-90.5647,89
41.8978,-90.1544,144
36.0717,-91.6169,189
44.4908,-108.0411,39
42.1597,-123.6422,200
44.5700,-107.3000,23
35.8100,-80.8808,111
42.8967,-122.1328,0
30.9539,-85.8831,167
31.3747,-93.3911,211
44.2600,-106.9800,15
43.2372,-108.1097,167
41.7511,-76.4431,17
46.3197,-93.5014,67
37.1275,-88.6531,178
39.4344,-105.1208,17
45.5397,-106.9597,111
33.5597,-91.3850,200
46.2942,-107.2278,128
35.6764,-84.8547,139
39.9578,-111.7794,83
32.9506,-97.0553,189
36.1683,-83.4028,150
35.8667,-95.2333,178
41.8264,-96.0506,100
37.9900,-107.2000,4
39.1900,-120.2600,82
44.0622,-103.4819,-39
44.9900,-113.4400,25
45.5500,-122.0000,69
34.5208,-106.2606,56
40.2539,-85.1483,172
26.0814,-97.1033,261
40.5019,-80.0833,83
46.4122,-86.6625,100
37.6000,-112.9200,6
39.3447,-91.1711,139
30.5833,-94.4000,228
42.5189,-93.2536,83
41.7806,-88.3092,183
42.8503,-91.8158,117
43.8578,-72.8045,-44
34.0967,-87.9914,178
43.5100,-121.9800,46
42.7392,-78.5878,67
48.7200,-120.6600,7
45.8328,-109.9503,117
42.3297,-78.4633,61
38.5311,-79.7714,117
40.4719,-74.4364,39
38.8681,-94.0353,122
43.0519,-88.1775,172
48.1300,-115.6200,15
37.8700,-109.4500,30
32.7275,-95.1925,183
35.7072,-82.0289,128
39.9425,-105.8172,83
59.4503,-136.3614,39
38.6003,-100.6197,106
34.1647,-88.7239,194
44.5900,-121.9700,48
32.6997,-93.6619,189
43.6542,-92.9739,94
36.8708,-76.2289,106
47.1800,-114.3300,53
32.4758,-88.8111,178
47.3389,-108.4983,0
61.1100,-149.6700,39
34.1433,-93.0589,206
39.1025,-90.3431,183
40.2817,-76.8703,28
41.8558,-87.6094,111
32.7019,-96.0150,189
42.8633,-70.8997,6
44.5564,-94.2208,78
43.9300,-109.8200,35
47.1175,-118.3714,50
37.7000,-112.6500,35
26.2028,-97.6728,239
34.9772,-91.4978,194
43.2278,-110.4358,39
35.0567,-83.1983,44
40.6472,-98.3836,61
46.4414,-108.5397,139
33.1908,-102.2681,111
34.3703,-91.1242,183
45.5119,-88.7594,111
46.4911,-87.6894,89
42.6508,-88.2544,172
38.2575,-119.2286,-28
47.2800,-120.4900,44
44.5036,-109.9639,-11
41.2300,-116.0300,14
44.4500,-119.9300,68
48.9672,-122.3292,122
44.6997,-87.3967,128
39.5000,-111.7300,12
35.7800,-105.5400,-18
46.8925,-101.4897,0
31.5447,-90.4581,211
39.1300,-114.9600,48
34.0697,-118.4428,278
41.9117,-89.0708,172
40.8900,-111.0700,61
33.0725,-82.0061,100
31.1769,-83.7492,167
37.8900,-108.2000,25
59.5900,-135.2100,16
46.5022,-116.3217,61
63.3156,-143.0058,-11
41.5033,-88.1028,189
41.4086,-102.9661,22
42.4897,-95.5489,72
30.3392,-93.2150,217
32.1411,-91.7089,211
44.4169,-71.5008,-44
36.2633,-98.4975,106
38.5547,-107.6872,0
40.8208,-76.4983,111
40.7831,-76.8617,33
37.9806,-105.6897,22
45.9111,-113.7394,117
44.1500,-110.2200,-3
38.9075,-105.4706,-6
31.4144,-97.7019,178
39.5353,-83.4239,150
35.1967,-77.5433,106
37.0156,-82.3214,144
36.2614,-116.0561,89
39.3100,-109.5300,19
43.6536,-110.7169,-33
40.7708,-111.8964,172
33.9283,-78.3894,194
42.5300,-122.1800,89
29.4250,-81.5161,206
21.3331,-157.8025,261
38.6700,-119.6100,88
56.0000,-132.8333,17
39.7633,-104.8694,11
39.1400,-111.5100,44
44.0875,-91.6703,150
43.6500,-117.2467,78
46.8844,-98.6850,28
44.5767,-106.9061,0
38.9719,-76.3381,89
25.1936,-80.3492,267
38.6292,-90.2706,211
42.4669,-83.3625,100
19.3167,-155.8833,239
36.2836,-88.7064,189
39.6678,-95.5200,28
43.5958,-101.0094,128
40.6972,-75.2042,22
65.2500,-146.1500,-7
34.2169,-80.2392,156
39.9633,-89.8678,183
35.1400,-112.1500,39
45.3172,-85.2672,117
33.6025,-117.8803,261
38.9000,-77.2664,56
41.8700,-115.2500,56
29.3178,-96.0847,250
30.1592,-96.3972,239
48.4661,-107.3528,-50
35.9833,-83.2008,144
36.2600,-115.6450,6
42.6178,-71.9158,-17
45.1872,-69.1839,-50
43.8894,-100.7078,44
47.0400,-121.9400,100
38.2894,-79.8186,83
29.6333,-83.1053,167
32.2714,-109.2256,183
41.4300,-96.4669,106
41.9000,-111.6300,45
35.5500,-88.7169,194
37.7342,-89.9200,189
42.7256,-94.1953,89
38.8969,-78.4678,94
47.4883,-111.2781,117
68.1300,-149.4800,-88
34.9228,-94.0944,178
41.0347,-74.4233,-17
48.9978,-107.8331,106
38.8664,-90.1464,211
42.7467,-105.3603,22
43.6450,-95.5803,56
44.6617,-111.0975,72
35.1867,-102.0797,56
47.0022,-118.5658,128
35.8317,-87.4219,183
43.7333,-71.4833,0
35.1072,-82.6256,128
36.8047,-97.2764,117
46.9244,-114.0911,78
39.6800,-111.3200,21
45.7189,-97.4769,33
34.1892,-101.7022,83
39.6700,-105.9000,-42
42.1103,-72.1269,-33
44.2294,-85.9572,156
37.9567,-119.1194,72
42.3800,-122.3500,118
36.6206,-90.8125,172
34.7392,-90.7664,211
37.6528,-84.7708,156
67.9300,-162.2800,-11
34.1981,-101.7461,83
29.3272,-103.2061,178
45.1219,-122.0700,111
37.2100,-105.2000,2
40.6514,-78.5550,78
40.8100,-105.7700,-32
42.8767,-77.0308,56
43.0719,-88.0294,183
48.9992,-108.3894,128
44.5331,-88.0981,161
32.7225,-113.9192,183
42.7364,-97.4969,33
37.5972,-81.8203,117
38.6800,-111.6000,5
41.6331,-103.9542,17
46.0931,-115.5356,33
32.9744,-82.8045,150
41.3800,-74.6847,-17
37.8786,-95.7292,100
47.2472,-122.4122,106
40.3500,-106.0900,-44
46.5917,-101.8075,6
38.0303,-87.2736,183
33.8647,-117.8425,339
43.5397,-109.6553,-11
43.4136,-110.1631,0
47.6575,-118.1614,33
43.2844,-93.6306,83
41.2469,-109.5967,33
32.7100,-100.9111,144
37.5319,-87.2669,194
41.1311,-77.4336,39
28.8147,-81.2778,189
48.8000,-113.8600,-11
48.5472,-117.9019,78
30.7189,-97.3211,189
48.1700,-109.6500,43
35.6042,-91.2744,183
35.7178,-89.4986,217
33.7400,-108.9500,45
37.7617,-117.5658,100
31.4364,-100.8781,183
37.9531,-86.7747,194
43.4361,-75.3697,-6
44.4139,-108.9006,28
43.8567,-110.5889,-39
38.2456,-78.2703,106
43.6100,-113.9300,19
32.4111,-87.0144,167
47.6983,-120.3228,56
36.1075,-85.5033,156
43.6600,-109.0100,40
45.7206,-118.6264,50
42.5117,-75.5197,-11
46.3286,-114.0836,61
44.3272,-91.9194,111
41.9900,-120.1800,62
29.4631,-90.3072,244
39.9667,-83.8167,161
46.0406,-99.3742,28
42.9375,-88.0297,183
31.0417,-104.8372,133
40.1678,-110.3950,100
30.7478,-99.2306,183
38.9664,-112.3278,161
45.8900,-110.9400,43
38.3858,-122.9661,172
45.1900,-109.3500,54
40.2764,-99.7836,6
35.5894,-89.2586,189
47.5369,-94.8297,61
44.7336,-94.3417,89
41.0489,-77.9411,44
40.9500,-110.4800,22
44.3000,-115.2300,16
36.9028,-82.0383,89
43.7800,-110.9300,26
47.8800,-117.0900,63
40.3986,-93.5839,117
34.4094,-78.7914,133
34.5031,-114.3603,183
36.4381,-115.3600,89
47.7283,-104.1467,133
66.9200,-151.5300,-59
48.0600,-112.7600,19
41.3586,-77.9261,44
41.8819,-70.9086,44
37.7667,-85.7000,189
45.6403,-68.6747,-50
43.2750,-122.4497,94
48.8306,-105.4758,6
30.2503,-94.1786,217
35.4072,-104.1906,78
41.3214,-92.6467,111
41.8553,-90.9200,139
41.9211,-72.9636,-11
42.7000,-108.9000,8
43.8769,-103.4578,61
41.3392,-86.3358,178
35.7192,-78.7878,111
43.5817,-84.5889,106
35.7522,-87.7958,178
39.2425,-87.3906,139
43.6253,-84.0189,111
35.7978,-89.1175,194
45.6261,-70.2461,-44
36.7200,-106.2600,14
39.8053,-120.4719,6
38.6989,-90.6828,189
40.6764,-115.7450,-6
33.9336,-94.8278,172
39.9058,-91.4281,194
36.9969,-119.7072,150
38.4503,-83.7355,161
35.2622,-88.9892,189
41.3300,-106.5000,-16
46.4700,-113.3900,34
41.8350,-89.5136,150
42.0494,-90.7489,133
48.5003,-113.9847,94
32.7047,-108.7281,211
42.0356,-92.5806,100
38.7569,-82.8872,144
34.9092,-87.2747,178
35.4186,-119.0508,144
43.9994,-91.4378,117
38.9644,-97.0119,111
37.8106,-79.9883,128
29.9347,-90.1361,233
47.9161,-113.8389,-39
29.1378,-95.6253,228
46.4178,-104.5164,72
34.5706,-112.4322,50
35.0931,-93.9258,183
46.7600,-115.3000,56
31.2842,-98.7589,206
44.0108,-107.9686,-6
39.4086,-81.4328,117
33.8000,-109.1500,17
36.2114,-81.6442,89
39.9919,-105.2667,133
47.4289,-120.3100,67
43.7667,-88.4669,67
42.9500,-111.3600,17
47.1664,-67.9397,-44
48.3511,-116.8353,100
47.7722,-121.4819,111
43.0353,-106.9894,11
45.1219,-95.9269,117
25.9500,-80.2158,250
42.1619,-95.7836,83
46.6700,-110.3300,15
32.8100,-93.0625,189
42.8931,-95.0653,44
41.1203,-90.1642,178
30.5467,-87.8808,183
36.2283,-99.1700,89
38.9300,-120.0500,37
40.0267,-98.0692,0
42.6500,-110.8100,-4
37.6600,-112.7400,0
37.8400,-111.8800,24
47.9753,-91.4556,61
33.7264,-82.7058,194
26.4700,-80.6403,194
44.1614,-88.0803,156
36.5194,-82.5275,167
38.3422,-83.1036,128
36.1878,-81.8736,94
44.7200,-110.5100,-2
34.2978,-81.6236,122
40.3392,-79.8603,78
38.0211,-96.6036,89
37.0200,-106.4500,8
35.8722,-76.6592,194
25.7553,-80.3836,228
33.7033,-96.6419,122
48.7167,-115.8833,-33
43.3311,-88.4114,156
38.0422,-78.0061,144
35.1311,-76.8161,117
36.9178,-106.5781,17
40.6222,-91.3339,72
41.4764,-75.1653,-28
37.6303,-104.7956,22
43.1497,-124.4019,150
32.7483,-97.7700,183
40.8800,-106.0500,5
38.7700,-111.6800,62
34.6997,-76.7381,156
37.5142,-111.9883,144
38.7411,-103.5428,17
39.6419,-78.7561,56
44.3500,-107.0100,7
37.9700,-105.5400,25
37.5800,-112.9000,33
44.8700,-88.9044,133
21.5383,-158.0892,250
44.4200,-121.8600,52
31.8769,-105.2369,83
40.0889,-108.7728,61
33.4000,-105.7900,21
39.1400,-111.5600,45
39.8311,-96.1833,106
41.4039,-78.0183,39
26.7897,-81.3045,172
43.2828,-123.3536,72
40.4750,-86.9919,122
43.7186,-87.7089,144
41.4100,-111.5400,53
31.5339,-84.1489,139
41.8975,-78.7144,94
44.2100,-118.6400,40
41.4439,-86.9294,178
45.0100,-110.0100,51
43.8200,-114.2600,12
37.5422,-122.0158,211
36.8639,-94.3600,139
32.7669,-115.5617,183
46.6500,-109.4800,28
31.9611,-96.6881,189
45.0800,-117.5500,86
39.7772,-98.7783,44
39.4200,-111.2500,3
38.5000,-112.0100,15
37.8194,-85.3847,189
43.3544,-71.7364,-6
38.0633,-102.9297,33
45.0456,-92.8522,78
39.0100,-114.3100,6
35.8036,-82.6658,61
40.6200,-111.5300,59
42.5608,-87.8156,89
40.6000,-111.5800,44
45.9981,-120.3006,67
35.5553,-77.0722,133
45.7717,-108.4811,6
29.3486,-103.5950,222
36.2456,-85.9450,172
42.7000,-120.8000,75
38.8417,-104.9742,72
39.0200,-107.0500,-15
41.8200,-116.1000,96
39.8081,-110.2569,11
45.7211,-120.2064,117
47.6811,-117.6267,28
47.1547,-110.2239,72
38.9133,-76.9700,83
42.4686,-93.7972,83
43.3392,-72.5056,-17
46.4378,-92.7578,61
33.2564,-81.2422,156
38.9539,-109.0528,6
42.4078,-82.8892,111
47.8344,-120.0006,67
44.7136,-119.1017,56
29.9592,-91.7108,228
39.7203,-79.8561,78
33.9047,-87.3153,228
44.5733,-116.6753,133
36.1056,-82.8436,106
39.9575,-75.1728,83
34.5858,-102.3120,56
41.5631,-78.6014,61
41.9900,-120.7200,81
32.3067,-95.2969,183
44.0100,-118.8400,75
40.4583,-86.1758,178
40.8822,-91.0233,133
43.1653,-95.1467,44
46.4283,-67.8442,50
37.6800,-112.8600,34
36.8825,-83.8819,128
38.2875,-77.4508,94
40.6600,-111.6400,67
46.9692,-120.5400,39
48.4400,-120.9200,38
42.1106,-104.9492,172
40.6742,-100.4936,33
44.8131,-93.6311,94
38.8203,-82.1822,133
29.7044,-98.0286,194
44.2822,-70.2561,-22
43.9300,-115.6700,57
42.0633,-95.8364,89
60.7986,-148.0872,44
29.4608,-101.0286,194
48.0800,-116.0014,89
39.6200,-106.3800,16
46.6650,-88.3750,0
33.4886,-80.8733,167
47.3000,-121.6000,84
47.5400,-121.0900,20
44.2553,-72.6006,-33
39.4700,-80.8572,83
40.7131,-79.5144,67
45.1308,-90.3439,106
44.3514,-87.8120,150
37.5831,-75.8217,167
41.5269,-72.0642,0
39.6553,-105.7089,-39
32.5183,-94.7189,183
29.8233,-91.5442,217
42.6475,-89.0644,172
46.2014,-119.7581,56
33.7481,-87.0586,144
42.9600,-121.1800,89
33.6267,-100.3369,144
45.3261,-108.9092,-6
27.8986,-81.8433,172
42.4603,-75.0642,0
45.8944,-69.9647,-50
34.2256,-92.0189,194
44.5028,-72.2203,-33
40.4006,-110.7586,6
41.2700,-116.8000,76
44.0206,-88.5581,172
39.0172,-92.7558,128
60.9800,-153.9200,32
36.4522,-77.0803,94
41.5833,-81.1833,111
38.5528,-86.7944,194
39.1136,-108.3506,100
45.1786,-89.6617,122
42.2200,-122.3700,107
33.4692,-88.7822,200
33.6900,-109.2200,32
46.7900,-110.6800,20
34.6269,-79.0250,128
35.6558,-88.0064,194
39.7425,-94.0347,122
32.8339,-97.2975,150
32.7667,-99.8900,150
38.9100,-81.0844,78
26.8519,-81.5572,178
43.6725,-92.0747,100
47.4500,-112.8100,12
38.6650,-80.7672,89
41.9622,-84.9925,100
42.1508,-84.0236,122
37.3858,-109.0750,28
38.3772,-120.8008,161
37.4800,-106.8000,1
47.1600,-121.4200,49
43.4867,-110.7614,-39
47.3706,-123.1600,83
47.0036,-114.4781,-11
36.4194,-92.9158,167
41.8467,-79.1494,89
36.0300,-106.8100,-4
46.7900,-109.5100,41
34.7994,-109.8850,200
39.6186,-87.6672,189
48.3164,-113.3542,-33
32.5344,-92.6889,206
30.2264,-93.7394,222
45.1900,-119.2500,71
39.9614,-86.0586,172
45.4300,-121.8600,61
41.3978,-88.2819,183
43.0308,-108.3742,17
36.8239,-114.0525,161
30.8694,-100.5994,139
48.0667,-121.5667,44
45.9336,-88.2583,44
37.6025,-99.3022,33
46.6200,-121.3900,24
36.9861,-94.3553,133
26.1408,-80.1061,261
48.9100,-114.7700,9
40.8997,-97.0908,78
40.9800,-110.8500,34
31.4072,-102.3578,156
43.6300,-113.9700,35
37.9667,-87.5833,200
37.0031,-121.5608,128
36.0606,-102.5211,50
35.6842,-121.1683,261
70.4322,-150.4094,-56
26.4622,-81.4406,233
64.9900,-163.1000,-19
42.6617,-71.9358,17
30.2003,-92.6642,217
64.8833,-147.2500,-33
38.8800,-105.0700,18
37.1278,-80.4033,111
38.3531,-98.7639,61
37.6100,-105.3700,-9
45.3581,-86.8911,128
46.7200,-122.9528,94
45.3575,-88.1919,128
41.9442,-71.9031,-28
47.4597,-111.3847,56
44.8831,-85.6753,117
37.2592,-85.5022,156
42.7339,-76.6592,50
35.6392,-85.3586,161
43.4800,-114.8300,42
45.5986,-89.4508,106
39.8297,-105.2353,39
39.1300,-111.3500,13
42.4356,-83.7831,106
36.7900,-105.2400,3
41.7217,-84.2147,122
37.4583,-97.8461,111
44.3964,-120.4264,39
48.3589,-107.8714,133
44.4706,-95.7908,78
41.8450,-96.7142,72
39.9133,-93.9803,111
38.3806,-88.3264,206
37.1150,-103.2986,39
67.0833,-157.8500,44
34.8492,-89.1597,189
31.4403,-98.5903,178
39.8800,-107.6000,17
47.2436,-93.4975,39
33.3172,-80.4183,117
36.4511,-86.6456,189
40.6986,-95.8867,111
39.7458,-122.1997,144
40.1311,-84.2342,144
42.6167,-97.2608,56
30.9072,-102.9153,167
36.0003,-89.4100,183
37.3264,-78.3864,128
38.6786,-88.4797,183
42.7292,-94.6614,83
44.4200,-84.0233,117
31.2208,-99.8494,178
47.7000,-121.6908,67
35.4417,-100.8114,67
41.8600,-111.5100,32
39.0200,-119.7089,17
43.9000,-122.0300,106
48.9800,-121.0800,58
48.5042,-111.8553,-28
44.1100,-103.9800,-8
46.5600,-111.2900,25
43.0769,-89.1911,139
32.7047,-99.3011,150
41.8417,-73.0086,-33
35.0128,-106.0450,39
48.1803,-101.2964,6
39.7133,-90.2286,172
45.5100,-100.0356,6
41.3300,-77.7381,39
41.4511,-90.1486,61
39.3200,-114.6200,35
46.1825,-103.4061,-22
43.8583,-71.2597,-61
26.8339,-97.7078,239
42.9592,-120.7897,128
38.4461,-106.7611,0
37.8564,-80.4042,122
30.3764,-103.6600,139
41.4992,-80.4681,100
29.2739,-97.1556,244
43.6700,-109.3800,-40
45.4600,-121.7000,22
38.2611,-94.4050,128
42.9164,-83.5097,111
37.8444,-120.2258,83
41.6397,-84.9897,117
45.1769,-109.2572,111
36.3200,-115.7000,32
41.0700,-106.9400,-2
38.5167,-81.6453,83
38.1025,-81.8464,117
33.9000,-81.5389,150
44.1600,-91.8122,111
41.1489,-102.6361,-22
37.6458,-90.6944,183
42.6422,-85.2875,139
40.5156,-98.9514,33
43.4458,-86.0264,133
43.6825,-121.6875,39
29.7986,-98.7353,183
35.3125,-81.9889,78
40.6000,-110.4300,-15
40.5092,-106.0056,-56
59.7667,-151.1667,-67
41.2211,-99.2939,33
41.2492,-97.1328,89
40.7672,-95.3800,111
37.5200,-112.2700,50
30.2000,-101.8333,189
35.8731,-101.9725,50
34.9400,-111.5200,45
36.0750,-87.3958,183
43.1025,-94.6833,83
44.7281,-85.1728,100
42.4100,-122.2700,77
43.7000,-109.6700,10
37.7900,-108.0200,0
27.4419,-80.3508,239
40.4356,-85.2892,167
44.5147,-109.0450,89
46.5092,-95.3800,44
34.3956,-100.8972,122
44.0069,-72.3194,-56
48.3700,-116.6400,27
43.4403,-102.1431,-44
39.7156,-82.6072,156
42.9108,-89.2133,78
37.5200,-107.3200,0
35.6364,-101.4542,167
42.3264,-84.0133,122
42.7467,-71.0425,61
32.2631,-96.6369,189
28.8728,-81.7844,189
40.4575,-92.1822,128
37.6150,-118.0106,28
41.6569,-69.9589,89
40.6142,-79.7192,94
40.0417,-78.5278,39
46.4656,-90.1892,83
31.9556,-112.8003,317
33.3867,-97.7164,144
46.6722,-120.4994,50
40.7200,-110.4700,-2
34.0589,-85.2339,156
46.8400,-112.5100,23
40.0825,-93.6086,117
42.9919,-97.8703,39
37.7417,-95.9333,128
28.4894,-99.8733,217
35.1842,-87.0422,172
42.3994,-90.3861,139
44.0122,-97.5242,28
44.8000,-109.6600,72
41.0600,-106.7100,-18
46.8100,-116.8500,73
44.7631,-88.6183,144
35.0681,-109.7689,150
46.1300,-113.3100,14
45.3200,-121.7200,85
44.5078,-123.4575,83
46.8325,-87.7503,94
46.5053,-120.1678,94
44.3744,-70.3164,-28
46.4867,-84.4089,89
45.9203,-96.8308,28
40.9464,-90.3856,150
39.4500,-115.9800,89
47.1414,-121.9356,89
42.9986,-84.0744,122
39.6361,-91.2494,194
37.8000,-107.9200,4
46.1458,-98.0919,33
47.4300,-113.7800,32
42.3600,-111.5600,35
41.8700,-98.5494,17
41.9600,-121.4744,189
30.5831,-100.6503,144
44.9400,-109.5700,16
41.6517,-76.8464,44
38.0969,-83.1189,122
36.8583,-83.3303,106
35.7047,-101.5492,78
39.8914,-94.3600,117
44.6197,-91.9794,117
43.3400,-88.6006,161
42.8278,-90.7889,128
39.8544,-84.8778,133
37.4636,-113.2897,22
40.7442,-106.2792,-44
42.6469,-95.1933,111
35.1297,-89.8036,189
40.4300,-105.7300,-36
37.5000,-113.9400,104
43.1300,-110.2000,24
40.2381,-96.0847,106
65.3700,-146.5900,-24
42.4000,-86.0667,161
42.0650,-94.8500,94
40.9486,-91.5647,122
37.7500,-77.4833,128
36.3225,-95.5808,144
44.2764,-72.4153,-67
46.4100,-113.4300,31
45.8800,-113.3300,25
46.3500,-111.8500,35
43.6656,-123.3275,67
42.6781,-90.1064,144
36.3444,-88.8636,200
39.5228,-79.4131,61
29.7856,-92.2047,239
37.9969,-79.8317,111
41.8900,-111.5700,24
44.1400,-121.6400,75
36.7394,-118.9631,72
45.1700,-113.5800,24
40.5764,-105.0858,94
34.8928,-117.0219,172
30.8275,-100.1103,183
37.2633,-101.7886,44
36.0700,-105.6300,-4
40.7200,-109.5400,9
44.9628,-115.4961,11
41.1381,-87.8856,183
32.4714,-87.2314,200
41.0497,-112.9367,161
39.2422,-93.9700,133
34.5528,-86.4450,161
35.0128,-78.0044,189
34.5475,-101.7614,67
36.5800,-105.4600,-12
44.2769,-88.4378,144
39.4900,-105.0953,39
43.0689,-98.5325,50
46.1972,-108.0039,-28
40.3611,-109.3464,56
34.6044,-78.6481,156
44.2586,-85.9394,111
62.1044,-150.0589,28
44.1300,-110.8300,-1
41.2667,-82.6167,144
35.7197,-86.9653,133
44.2100,-103.7900,12
33.4792,-100.8761,133
40.3800,-115.5300,88
47.9200,-112.8200,15
41.8369,-110.7706,144
40.2100,-105.5700,21
36.0608,-86.9064,178
42.9203,-77.7558,78
33.8083,-100.2981,133
34.3100,-110.7500,74
35.2317,-96.6531,150
37.6664,-77.8769,100
34.3592,-116.5378,161
46.2400,-113.7700,12
46.1900,-122.2500,103
47.4600,-115.7100,43
40.8400,-110.0100,33
33.9431,-114.0242,289
40.3444,-91.1125,133
45.3167,-95.6167,61
43.0303,-71.0839,-28
45.8003,-91.4594,94
37.2036,-89.0422,178
32.3392,-110.9808,106
37.6500,-108.0100,0
39.8289,-88.9506,106
41.3800,-111.9200,34
39.5592,-97.6697,72
44.8611,-71.5400,-11
35.5247,-111.3703,122
34.0219,-85.9878,194
35.5544,-100.9736,72
39.0900,-106.5400,-48
42.6472,-78.7111,83
26.2167,-98.4000,272
42.3861,-72.5375,-22
30.5844,-97.4156,189
41.5167,-109.4703,-17
37.0486,-88.0728,206
44.9197,-69.2417,-22
45.1322,-85.6472,111
37.9825,-103.5439,22
40.7367,-122.9403,117
43.1631,-93.1953,100
37.7500,-107.6900,-4
33.1869,-102.8281,94
39.4458,-88.5961,172
45.0194,-99.9403,22
46.3600,-121.0800,40
44.1150,-103.2828,-6
43.1750,-102.7458,11
42.1703,-92.0078,111
40.5100,-79.5458,106
47.7817,-92.2783,56
47.6800,-114.0000,28
43.3086,-114.0667,11
38.2900,-106.3700,-13
33.4258,-111.9217,278
42.6667,-74.4333,-33
40.4119,-79.7244,78
37.3781,-89.6678,183
40.1739,-101.0611,28
41.5639,-103.3678,-28
44.7500,-71.6303,-61
35.0492,-118.1619,128
36.2642,-90.9683,156
61.3500,-142.7100,3
43.8700,-114.7100,12
29.9100,-90.0342,228
33.6744,-95.5586,189
40.6831,-79.6683,67
42.6394,-72.2244,-17
44.9153,-69.0539,-17
38.4583,-91.7028,139
45.8783,-69.1775,-28
39.5719,-103.2922,-6
42.0644,-97.9667,33
41.3414,-85.1292,156
43.7306,-111.1125,17
43.8900,-107.0600,16
45.7317,-107.6092,94
45.0317,-110.7036,100
40.8728,-78.2161,72
35.6008,-105.9322,50
41.6700,-117.5700,52
35.4867,-82.9681,50
35.3028,-93.6369,178
34.9925,-86.8561,133
33.4561,-101.0925,139
45.4339,-108.5361,0
36.6214,-78.5506,117
36.0603,-79.4481,122
29.7653,-81.4697,183
46.5800,-111.2700,47
43.7467,-93.7367,128
39.1439,-103.4897,-6
43.7292,-98.7131,22
32.2061,-90.5133,217
45.2700,-117.6900,51
43.2117,-91.0986,94
42.7167,-74.9267,72
40.1561,-106.9092,-17
43.6478,-70.6750,-50
38.3064,-79.7197,89
38.5019,-94.9597,128
43.3339,-88.2978,167
46.8400,-116.1200,75
37.1997,-108.4892,56
64.7856,-141.2036,-72
37.2597,-91.4278,172
39.9678,-87.8228,161
33.8167,-96.5667,256
36.0164,-76.5517,172
33.0100,-107.8700,40
38.3483,-88.8533,183
42.8700,-109.0900,34
32.5133,-92.3486,200
40.8300,-111.7600,32
42.0289,-97.4855,22
33.3144,-99.2006,144
35.6503,-88.3903,189
43.4122,-83.9561,128
45.5000,-110.0800,66
42.6900,-121.4300,90
47.4172,-122.2433,128
42.5008,-70.8644,39
43.5706,-91.2294,117
44.0139,-96.3258,44
34.6647,-83.7342,89
41.3100,-111.4500,53
48.1300,-113.0200,11
40.3100,-105.6400,49
40.2394,-94.6833,111
41.5683,-117.8389,122
46.3308,-111.5378,117
48.7600,-121.7000,92
42.4244,-123.3236,50
47.9544,-118.9997,94
39.7403,-104.1275,111
32.6406,-96.9747,189
42.5400,-90.6461,144
40.0750,-103.5678,-17
40.2306,-75.4353,22
32.7131,-102.6597,128
42.9892,-71.3933,0
33.9000,-109.1600,35
48.2000,-120.9200,20
39.6106,-82.9547,144
46.3600,-112.2600,9
40.8500,-106.9700,21
34.6736,-86.0536,161
42.5700,-108.8400,32
40.8900,-105.6600,12
39.4900,-106.1700,-45
44.2994,-120.7264,83
39.2203,-105.2783,11
41.4453,-96.0928,100
44.1183,-121.2103,106
42.2122,-71.1136,39
41.6853,-98.0083,39
31.1903,-84.2036,206
39.3100,-111.4300,19
43.1900,-122.1400,101
48.1989,-120.7736,0
39.7706,-77.0325,17
44.0981,-93.2308,89
62.6300,-150.7800,26
45.0908,-91.4864,94
46.0436,-118.4628,56
21.5214,-157.8375,267
45.8175,-121.3531,72
34.5822,-119.9817,139
38.4758,-102.7769,72
47.0083,-88.4317,83
40.9931,-102.2625,39
45.4731,-109.0097,-11
31.7383,-98.9456,189
39.7811,-97.8956,200
40.7206,-114.0358,111
35.7103,-88.8222,200
31.3706,-100.4942,167
45.0364,-99.1342,28
39.1972,-96.5814,133
39.5700,-105.8000,-47
43.6000,-114.6700,57
40.4547,-88.1417,178
35.4442,-88.7244,189
31.6017,-109.6686,194
36.7736,-114.1256,122
38.8247,-106.1275,-11
45.4500,-122.0300,86
41.9844,-71.4908,22
39.7994,-79.3664,44
37.3261,-78.8275,117
36.6044,-118.7325,28
48.6758,-121.2419,89
44.6228,-88.7483,139
37.7092,-78.2886,111
42.9506,-123.3572,172
40.8800,-117.5900,120
48.9981,-110.2158,139
59.7400,-151.2500,-14
48.3000,-113.3300,2
25.5011,-80.5500,233
31.9792,-111.3836,239
37.6553,-97.4431,61
42.8103,-98.6558,128
35.9203,-86.3728,167
24.6589,-81.2761,261
45.0281,-87.7355,133
32.8067,-91.1730,211
30.2650,-89.7697,217
31.4831,-111.5436,172
40.8600,-102.8031,-17
34.9589,-111.7553,133
30.6836,-97.7172,183
34.2067,-119.1375,172
39.0744,-96.8983,117
27.0267,-98.9808,256
39.2300,-114.2400,39
38.1500,-107.7583,78
45.9800,-117.9500,68
41.9983,-72.2606,0
47.0239,-92.0700,56
60.4922,-149.8089,78
61.0700,-149.4800,6
30.0858,-91.8694,228
42.4492,-76.4492,39
38.5000,-111.7700,15
42.0417,-93.8906,89
43.6100,-122.1200,73
35.8489,-90.6589,178
33.1581,-85.2911,211
39.4900,-120.2800,31
36.7578,-90.4056,156
35.3950,-76.3261,117
29.4083,-82.8186,283
37.2167,-86.8936,194
42.3353,-111.3850,6
36.1136,-86.6781,189
43.4053,-108.1633,33
34.7706,-112.0264,272
42.2800,-105.5800,31
28.2764,-81.4239,172
32.9544,-105.7353,56
41.3242,-88.9858,183
40.3917,-79.8594,100
64.5300,-163.4200,-18
44.2333,-85.4217,111
37.2792,-86.2492,194
43.7028,-88.9989,150
43.2581,-72.0028,-44
35.7297,-81.6728,117
36.2333,-80.3069,117
40.3000,-75.1333,61
36.4328,-100.1369,67
37.9572,-91.7758,178
31.1417,-93.2397,222
33.9167,-82.1500,106
41.1839,-97.5500,50
33.1525,-100.2333,150
39.9167,-76.7500,44
35.6400,-77.3983,117
34.4478,-77.5739,122
45.6000,-111.9600,37
44.5681,-120.1156,67
45.1569,-67.4044,28
59.7300,-150.6600,11
39.6000,-106.5400,17
35.0714,-83.9683,78
48.9075,-103.2936,22
47.2000,-121.7800,66
26.3283,-80.9958,206
42.5836,-94.2006,94
42.0347,-94.4114,100
37.4900,-107.5100,11
48.4089,-106.5144,122
39.3167,-91.4833,178
28.8439,-96.9214,217
34.4600,-111.4100,102
38.7842,-93.8008,128
38.7003,-88.0817,183
30.0592,-94.7950,244
48.9100,-114.8600,0
39.5008,-108.3794,50
45.1125,-103.2792,78
44.7900,-107.5300,25
40.1389,-87.6483,144
31.8967,-85.0375,144
40.9461,-72.3069,33
39.1400,-120.2200,100
44.4911,-71.5725,-56
44.9500,-116.1400,28
41.6381,-95.7883,106
35.8644,-106.3214,44
39.6308,-113.8858,178
38.8522,-107.6236,44
48.1000,-105.6483,150
56.3511,-133.6264,39
43.0581,-83.3606,133
37.4747,-88.4122,167
40.3500,-106.3800,-45
62.0700,-142.0500,-33
43.9500,-119.5400,61
60.5500,-145.7500,43
41.5700,-115.0300,100
39.1600,-114.6100,33
47.8881,-96.2658,17
45.5853,-69.7186,-33
47.4825,-100.4444,78
39.3800,-106.2000,-29
37.4725,-122.4433,178
45.2500,-123.2800,116
37.4414,-100.9792,172
38.1878,-80.8483,128
37.6336,-83.7161,139
42.9269,-83.9894,117
34.5100,-87.7319,200
47.0800,-112.7300,36
40.6117,-116.8917,172
38.6700,-119.8200,79
36.3925,-89.0317,178
40.3544,-96.1939,111
44.3589,-88.7189,167
40.5361,-79.8153,83
36.1533,-109.5394,156
34.1175,-83.3045,100
36.4333,-95.6833,144
32.1794,-110.7364,217
39.9400,-112.4100,84
33.0831,-83.2497,106
46.9658,-123.8292,106
35.9689,-87.1364,200
38.6453,-88.9461,183
24.7425,-80.9819,250
41.2019,-90.7417,139
36.4100,-105.3300,25
45.4108,-84.2233,111
42.8783,-82.7958,106
45.4247,-97.3269,117
48.1503,-104.5089,128
36.2631,-101.4050,67
38.7983,-94.4436,128
34.3697,-102.1175,78
39.3831,-74.8289,22
37.9561,-86.1161,194
44.8658,-101.4672,6
39.3200,-106.6100,-44
33.1497,-99.7350,117
47.2700,-121.3400,57
46.1000,-113.1300,16
42.2947,-83.7108,172
46.1400,-114.4500,19
35.5611,-86.4458,178
41.1600,-106.9300,20
39.4500,-120.2900,82
42.7536,-92.8022,94
35.8550,-94.0203,161
25.5819,-80.4361,239
46.2719,-106.6744,67
48.3100,-116.0700,16
42.4697,-73.9267,-22
34.4092,-79.3564,133
39.9300,-111.6300,52
46.8339,-100.7969,6
41.6600,-115.3200,53
43.7806,-89.3169,144
41.5575,-85.8825,139
42.1100,-79.1592,83
44.6500,-109.7800,35
43.6089,-84.2011,100
43.2683,-79.0103,61
39.8800,-86.0514,128
44.2992,-92.6661,89
34.2614,-88.4569,183
31.0619,-94.1011,211
35.4139,-86.8086,200
58.1900,-133.8300,28
39.5475,-81.6283,117
34.0050,-118.4139,267
42.7600,-110.5900,-13
44.1300,-110.6700,-2
42.0414,-97.1747,56
40.7275,-91.9683,122
28.4675,-98.2525,233
39.5600,-114.6300,35
38.0517,-102.1317,22
44.2667,-71.2994,-78
38.7744,-84.9672,172
44.2900,-115.6600,32
37.5339,-83.3492,111
47.9186,-108.5244,33
32.4481,-100.5264,128
28.4658,-98.3539,239
41.1925,-91.0578,150
43.1003,-72.7836,-33
40.7747,-91.1164,156
44.5175,-120.9389,100
34.5172,-109.4028,144
48.8600,-121.4400,69
41.2500,-73.3500,17
40.0000,-107.2400,34
41.7850,-70.9175,56
34.3725,-89.5308,194
35.2983,-86.3631,150
41.8975,-77.1419,50
43.6758,-111.9125,111
36.5044,-96.7439,194
39.4194,-92.4369,139
32.5067,-97.3444,194
47.1253,-91.7067,50
44.9167,-110.4203,-11
43.9364,-90.8164,133
36.7600,-88.1386,194
34.3344,-86.3297,183
33.8400,-101.8581,94
34.3950,-80.0486,144
47.0381,-110.7861,106
35.5328,-93.4036,172
39.1547,-84.6233,161
39.7033,-102.2939,28
39.5861,-122.5342,128
48.0119,-106.4117,156
40.1900,-111.3600,47
42.3469,-83.1736,111
39.2600,-106.6300,-30
31.4450,-86.9533,167
43.7300,-87.9714,161
37.1872,-95.4508,122
37.2008,-113.2686,89
61.1900,-145.6500,2
47.4989,-97.3514,22
47.8206,-112.1919,56
44.0344,-98.9869,17
45.8814,-111.4164,-11
36.9231,-90.2836,178
40.0028,-86.8011,178
34.9078,-81.9139,178
38.2778,-122.2647,267
43.4033,-103.2683,-6
44.7700,-116.2500,49
29.2000,-96.2653,239
33.3503,-105.1400,167
26.1781,-97.9708,244
39.0000,-115.4200,60
42.1847,-75.1456,-33
39.8536,-94.7078,117
33.9294,-93.8583,189
34.1469,-116.2747,128
44.9600,-111.2900,14
64.8656,-146.9542,-22
48.8700,-121.7900,88
40.9667,-78.5872,44
47.6581,-92.1958,50
35.3886,-106.5439,106
42.0800,-123.3400,110
34.7314,-77.9831,111
36.2528,-81.9136,117
40.1264,-82.9433,194
44.1747,-90.3483,139
43.4131,-106.2772,28
34.9786,-85.8008,156
44.8700,-118.1100,24
38.5500,-119.8000,80
34.4619,-93.9983,172
32.5050,-80.2947,150
33.9800,-109.5000,29
45.6528,-89.3075,83
46.0900,-121.7600,45
37.1644,-88.4311,183
41.4100,-111.8300,93
45.9000,-122.2200,100
40.6661,-96.1892,106
46.2325,-116.2430,39
39.2467,-121.0008,200
34.1864,-90.5572,200
36.3300,-109.0600,53
37.7922,-87.5708,139
39.0461,-78.9664,72
40.5233,-101.0344,17
36.7619,-96.0117,106
37.7889,-80.3083,89
42.2231,-123.0472,117
40.2528,-108.6406,44
42.2269,-70.9125,78
44.6825,-91.1358,106
32.8242,-95.5275,183
44.0200,-113.4700,44
34.7522,-112.1114,144
40.5453,-102.3411,-6
37.3908,-93.9489,133
40.7361,-95.6431,100
46.2700,-113.1600,24
46.1400,-114.5100,26
36.4161,-82.9839,106
30.2717,-82.1856,150
33.8100,-110.9200,103
44.4717,-70.1594,-61
47.3714,-102.7606,0
41.7117,-93.0297,100
33.3169,-79.3228,139
42.5100,-110.9100,31
41.8814,-92.2764,106
38.8100,-94.2647,122
44.6353,-70.0003,-50
39.9367,-120.9475,28
40.5228,-78.3694,106
37.7767,-79.4386,128
37.9497,-82.4047,161
43.0100,-109.7600,19
34.7281,-90.3683,194
35.4606,-81.3289,200
42.5522,-99.8556,139
38.2144,-98.2078,61
43.7600,-116.1000,92
37.0769,-111.6639,83
30.5317,-86.4928,183
48.1600,-113.9500,27
40.9100,-109.9600,-1
41.6653,-88.9781,167
37.6178,-86.5044,189
45.8081,-120.8428,56
43.3008,-89.3269,133
38.4294,-96.2189,106
38.0583,-83.9333,161
31.8367,-102.3586,144
43.0908,-73.1244,-17
28.1136,-80.6539,222
39.3500,-112.3300,92
46.5136,-114.0911,100
55.4908,-132.6222,39
36.3211,-87.2217,172
44.0300,-109.1800,11
44.6411,-90.1333,139
39.8700,-111.2800,45
42.5739,-95.7133,67
64.9500,-145.5200,-37
27.8722,-98.6175,239
39.5528,-110.3883,44
31.8836,-100.5358,156
41.2097,-101.6706,39
36.0000,-106.8300,-7
42.3842,-85.9625,167
36.8978,-86.1247,167
38.6753,-93.2228,128
36.5575,-105.2628,0
47.6000,-103.2597,-33
33.1986,-101.3744,139
37.0856,-107.5333,6
40.9656,-105.2186,6
35.1411,-114.5686,306
39.9356,-77.2578,39
42.9675,-88.5497,50
39.4483,-98.9703,39
42.0283,-84.1108,122
44.4233,-118.9594,44
35.2058,-82.2517,139
40.9842,-86.8872,189
47.0600,-112.6000,2
38.9617,-101.1664,22
29.2828,-97.7675,256
47.6800,-121.6100,109
28.6836,-95.9733,250
37.7928,-86.2325,194
39.2583,-111.6306,128
44.5486,-95.0997,78
44.3544,-103.7430,50
34.9817,-92.0064,189
42.6992,-71.1658,72
43.6253,-72.9781,-39
45.5022,-104.4478,28
36.3464,-78.8858,89
40.3283,-99.6522,72
36.8350,-108.0006,194
36.3806,-84.8744,139
46.7800,-121.7500,83
33.9825,-112.3617,244
35.7636,-86.9322,172
36.2472,-121.7803,261
30.3636,-95.0839,222
48.5200,-120.7400,19
33.7158,-108.7769,11
45.5794,-94.3919,94
35.2947,-113.3664,44
38.0694,-117.2355,67
45.7000,-118.1100,94
43.3042,-91.7953,117
35.9478,-106.7469,83
34.6847,-81.1958,111
42.9600,-110.6100,12
41.2200,-111.3600,32
40.3706,-95.7469,111
36.4194,-97.8747,111
40.9461,-83.9614,128
43.0431,-96.9033,50
33.1689,-95.0056,172
47.2422,-121.1869,28
43.6308,-91.5028,122
42.9447,-117.3389,56
43.1447,-82.8011,106
42.4594,-98.6564,28
30.1981,-91.1256,222
47.9711,-89.6908,50
25.9492,-81.7139,211
41.3575,-79.2172,67
47.2386,-68.6136,-50
39.8600,-106.4200,8
40.5500,-110.3500,31
45.3600,-118.4700,54
30.9392,-95.9203,222
40.8600,-110.8000,58
40.2000,-105.6000,14
40.9125,-89.0339,183
27.5706,-82.1378,256
33.2422,-103.3611,83
35.9117,-92.6564,200
35.5231,-81.4439,128
45.5286,-102.4650,72
33.6617,-115.7206,167
40.4044,-111.5289,6
30.8408,-89.5453,206
38.8678,-115.0167,56
64.9194,-147.9372,56
64.1539,-145.8894,33
39.4761,-88.1653,156
41.1247,-84.5919,139
36.2500,-115.6300,99
41.0517,-95.7492,106
38.5100,-112.0200,41
45.4164,-91.7719,83
32.3919,-93.7803,194
34.1483,-118.1447,178
41.0319,-98.9214,44
39.3933,-81.2192,117
44.6800,-107.5800,12
44.8500,-113.8400,21
34.3947,-92.8364,189
44.4100,-113.4000,-2
40.5914,-90.4642,189
40.8200,-106.7500,46
41.9353,-84.6411,133
32.9539,-105.8225,139
32.3664,-99.1925,139
44.3700,-110.5800,11
33.8089,-115.4508,228
47.9558,-124.3539,133
44.7275,-121.2506,67
33.2064,-97.7761,156
34.3389,-82.8342,133
45.1900,-121.6900,36
40.7400,-110.6200,8
30.5997,-103.8869,133
24.6278,-82.8736,250
31.9600,-111.5972,133
42.5319,-88.3325,172
44.0728,-103.2108,67
41.4619,-84.5272,133
45.9511,-86.2514,94
59.5272,-135.2319,61
44.2600,-119.0200,86
41.9553,-83.6489,111
47.5689,-122.6828,94
41.4700,-111.5000,48
43.6064,-93.3019,94
38.9031,-103.0192,39
43.8225,-91.1914,56
38.3000,-112.4400,10
38.6489,-87.1989,172
35.7992,-107.1814,106
39.1600,-119.9000,74
38.0500,-111.3400,28
43.2900,-116.8500,117
38.4844,-93.2556,128
38.3950,-93.7711,128
34.5858,-83.7658,83
38.0700,-112.1700,36
38.4917,-122.1242,117
64.9111,-147.9242,-56
44.8797,-87.3356,133
37.6167,-93.3911,144
42.6400,-120.9500,91
30.9592,-81.7072,139
32.8203,-86.6522,244
42.0500,-122.8500,84
44.4947,-70.6564,-39
36.3278,-119.2994,133
33.9544,-102.7783,78
40.5453,-111.5042,-6
33.4625,-111.4814,289
40.4000,-105.9600,-49
39.7858,-111.1189,-28
48.3100,-114.8400,-5
39.7053,-105.6997,-33
48.5883,-109.2256,-28
43.5000,-109.7500,24
42.8733,-110.9075,-6
35.4111,-80.5833,122
32.5575,-82.9000,100
32.3744,-92.9433,194
37.5581,-115.2236,100
44.4122,-104.3567,28
40.5314,-97.5964,150
41.3400,-116.9800,90
26.5650,-98.1203,239
46.7281,-116.9558,122
47.9967,-119.6483,44
30.8428,-93.2869,211
36.8550,-86.8883,200
34.1797,-102.1356,89
46.1800,-113.8500,28
33.2558,-116.4036,311
46.0556,-88.6275,94
42.6903,-88.0336,178
37.8117,-95.4456,106
48.8000,-113.6700,8
33.3592,-91.0600,200
41.5917,-74.6142,-17
44.5400,-107.1800,32
30.0206,-92.7681,217
45.1672,-84.9139,139
37.6497,-86.4308,178
64.7581,-147.3253,-28
42.1389,-74.0914,-28
46.8769,-97.2328,22
39.5092,-123.7567,144
41.5217,-77.4478,22
64.2453,-149.1828,-33
36.4650,-118.8619,250
44.6714,-103.8511,156
37.3339,-92.9097,161
36.1636,-82.0953,100
46.6400,-121.8300,93
34.5975,-113.1744,139
33.3947,-110.7933,144
39.1881,-78.1514,78
40.5208,-101.6550,-11
42.0500,-91.5881,117
40.2800,-111.6100,88
48.5300,-120.9900,68
42.5483,-119.6556,39
34.1583,-89.6311,183
38.6867,-105.3925,72
45.0400,-116.1300,33
42.7858,-91.0958,72
45.9983,-83.9014,94
33.3600,-107.8300,63
31.0158,-104.1108,122
42.6500,-109.2600,-33
32.4725,-94.7172,183
42.9108,-71.2008,-22
39.8189,-100.5339,17
31.9381,-108.7689,161
37.6600,-107.8000,23
47.2700,-113.7600,5
39.1181,-88.6244,178
40.9361,-90.7197,178
30.4292,-91.2069,222
39.2189,-81.0486,83
41.2019,-80.8106,89
37.2669,-83.6500,117
43.6514,-97.7847,61
38.4506,-91.3756,178
41.2400,-120.7900,70
45.0025,-96.1661,94
40.0953,-98.9450,33
38.2100,-111.4800,-21
36.8314,-99.6411,78
32.1669,-92.1075,206
40.8900,-115.2000,87
39.3925,-101.0689,6
31.6725,-100.7283,144
40.2300,-106.6000,-35
35.2342,-93.1675,183
45.8236,-91.8761,78
44.0069,-70.3608,-17
39.4600,-114.6500,68
35.5164,-78.3458,111
38.2306,-90.3981,189
45.8608,-84.7197,83
41.3300,-106.3800,-28
40.4644,-111.7708,144
45.0700,-116.4500,65
40.4803,-83.8131,150
35.7539,-99.7628,89
46.6533,-123.7300,72
47.6153,-111.9855,17
44.6453,-67.6494,0
34.6989,-89.8214,194
45.0483,-93.0958,117
46.5869,-89.5475,78
44.9892,-70.6719,-17
33.4192,-111.6444,306
42.4900,-110.5300,-14
31.2975,-85.8997,183
37.8958,-90.8411,178
35.3322,-112.8797,206
39.1247,-97.7047,89
36.1900,-105.5600,11
46.7800,-110.6200,-4
41.2847,-105.5319,0
32.7600,-79.8489,178
37.8300,-84.0347,133
30.3644,-91.1672,217
43.7900,-90.0597,133
34.2289,-84.1275,128
31.9497,-91.2336,222
35.1722,-111.5097,22
32.4514,-93.8417,189
44.8419,-74.3081,11
35.6414,-106.3322,106
47.2800,-121.4700,81
37.8394,-94.3736,122
40.7667,-82.6167,172
36.6953,-78.8808,133
38.4617,-76.6992,33
38.2917,-111.2622,61
40.8603,-115.7425,67
45.5400,-123.3700,84
47.9261,-112.2919,0
42.4942,-107.8292,6
43.7925,-75.4825,17
39.0044,-80.4744,78
38.8800,-112.2500,47
45.1900,-95.0586,78
37.1167,-84.6167,150
38.4661,-101.7758,17
48.9761,-111.3994,-6
41.3589,-85.6997,100
33.6517,-101.2450,117
46.9500,-116.3400,19
43.7072,-85.4822,106
37.5300,-110.7203,94
45.5600,-118.4500,100
29.4589,-103.4994,183
46.3414,-86.9242,111
36.2469,-86.5631,178
38.3100,-119.6000,91
37.9842,-89.9492,206
40.5839,-90.9686,133
45.6611,-67.8614,-11
46.8875,-96.7483,28
42.8267,-71.6261,-33
43.7639,-94.1661,83
30.0747,-99.1081,178
40.3033,-121.2422,33
40.4056,-81.3436,117
33.8161,-111.9019,283
40.3533,-83.7747,161
44.4400,-111.9900,48
39.4400,-105.9100,-53
38.9392,-92.8103,128
42.9050,-88.8589,178
27.2169,-97.6956,250
42.5700,-106.0900,23
39.2500,-119.8800,106
34.5283,-82.6606,117
33.6500,-109.3100,37
47.8600,-117.0400,49
45.6700,-113.9500,30
45.5231,-92.7489,78
47.5214,-100.8883,11
39.3000,-106.1100,-26
34.6344,-88.5622,183
47.8700,-123.0800,63
37.5122,-119.6331,67
40.6800,-110.9500,-6
45.7533,-93.6617,78
43.2100,-111.6900,66
44.6100,-122.2300,66
35.7636,-117.3908,133
44.8300,-118.1900,74
42.4100,-121.6800,67
41.6300,-79.6931,94
36.6542,-80.9183,128
47.2800,-121.6700,97
26.9164,-81.9983,289
38.9200,-119.9200,47
34.1944,-79.2472,139
37.3300,-105.0700,22
44.3089,-85.2050,94
37.7158,-109.0828,33
41.5300,-116.0100,73
44.5114,-89.5856,144
35.2511,-75.6047,161
36.0067,-119.9600,128
38.7003,-82.4736,111
34.4744,-91.4172,194
39.3300,-120.3700,34
41.6775,-93.5822,106
39.6772,-79.7719,94
38.6308,-89.3658,189
39.2475,-96.5994,128
48.0508,-92.7636,56
46.0258,-68.4975,-22
41.1500,-106.9700,14
43.2631,-82.5328,111
43.3217,-89.5311,144
29.6339,-97.0644,189
39.6600,-105.5900,-35
38.8000,-111.6800,34
46.5742,-120.6008,72
35.3117,-83.1747,61
38.6800,-119.9600,98
33.4847,-89.6244,189
37.3444,-108.5950,6
40.3689,-105.5108,33
42.7919,-77.5136,94
42.0464,-124.2878,128
38.6844,-82.1836,133
25.3867,-80.5936,228
32.3139,-97.4061,189
40.8397,-111.8314,172
41.0408,-96.3811,106
32.8472,-97.4761,194
42.1342,-77.0692,-11
41.2428,-89.8997,178
40.0589,-77.5214,100
34.1650,-84.7300,139
37.1317,-96.1861,111
46.6300,-114.5800,40
31.1819,-87.4389,183
46.1200,-117.8500,78
31.3450,-109.5394,239
38.9917,-88.1828,122
34.0906,-82.5883,89
45.8619,-119.3120,61
43.5492,-71.4647,50
44.5478,-107.7633,-17
39.3600,-106.0600,-23
33.9664,-83.2911,128
44.6100,-111.1500,15
30.4064,-97.0136,189
42.3489,-77.7044,56
41.9725,-73.2208,6
26.2422,-98.3992,244
47.8358,-94.2556,56
40.8508,-101.5428,-6
40.5739,-74.8811,17
36.4700,-105.1900,12
43.4406,-88.6325,167
48.6008,-120.4275,28
42.7600,-116.9000,100
38.1150,-85.6444,139
40.6500,-115.3800,71
40.8494,-84.5808,172
35.2300,-111.8214,133
37.2556,-81.2264,144
36.2067,-83.3325,144
44.4200,-72.0194,78
46.2553,-114.1642,-11
43.3894,-92.0939,111
39.7086,-116.0494,94
39.7750,-93.5358,122
46.0625,-122.2042,122
35.3683,-85.7014,161
39.7600,-105.9100,-33
42.4194,-94.9761,83
41.9903,-77.1567,33
46.8167,-117.8831,106
45.4856,-111.6325,156
61.2344,-149.2708,83
42.1236,-83.8200,117
46.4400,-112.1900,18
42.7572,-95.5378,89
41.6700,-116.0700,55
41.5800,-115.9300,26
64.8500,-146.2100,21
31.5069,-94.1072,206
39.7489,-105.1206,39
33.0642,-101.0489,133
32.0186,-102.0258,161
43.5861,-83.1805,100
40.2486,-94.3308,111
38.9900,-106.7500,-20
41.0558,-80.0600,61
43.4978,-100.4794,11
48.9500,-118.9900,32
40.1358,-74.9550,122
34.0067,-100.2989,139
68.6200,-149.3000,-2
69.4200,-148.6900,-32
35.0761,-89.7430,194
35.4550,-77.6667,111
29.7547,-90.7747,228
31.1444,-99.3492,189
38.2778,-85.7917,139
29.7550,-81.5389,211
38.8739,-106.9772,17
45.0100,-93.3792,61
46.8700,-113.2800,33
35.5050,-96.9772,128
47.3300,-121.4700,79
35.7047,-86.4869,167
43.8836,-94.1664,94
41.2825,-91.7078,128
38.4683,-102.2169,67
33.3039,-94.1583,189
42.0025,-76.6383,22
38.7200,-119.8900,68
38.9989,-79.1361,94
63.4258,-150.3117,33
46.2600,-122.1800,89
36.1092,-92.1636,167
40.8592,-102.5167,17
47.6000,-114.6833,-61
46.1500,-122.1500,85
37.2714,-80.7131,133
37.5081,-94.8392,122
36.7672,-119.7092,144
39.1131,-100.9447,17
37.7500,-119.5897,122
42.8125,-92.2575,111
40.7231,-82.8000,150
43.6611,-73.8969,-50
45.6656,-97.0392,33
42.1397,-87.7853,183
38.9389,-94.3558,117
39.4300,-120.3100,78
39.2900,-117.1100,88
41.7144,-70.4717,78
42.7000,-122.1400,81
39.7122,-111.8319,78
43.3728,-103.8778,-28
39.4239,-85.0128,167
44.5208,-101.6192,94
37.2275,-119.2206,28
33.4164,-86.1350,150
34.3347,-86.3294,183
36.1631,-81.1494,139
43.3008,-96.5972,178
42.0736,-78.4517,72
36.7100,-105.4164,0
37.9300,-107.6800,15
43.5753,-75.5208,-22
63.9300,-145.3300,22
33.8472,-97.6528,150
43.9997,-70.0964,-22
44.4633,-83.7217,133
41.7200,-92.7489,111
38.4197,-82.2986,122
41.9200,-113.4100,48
35.5392,-86.2283,172
42.0264,-115.3597,11
40.1239,-102.7214,11
41.9300,-79.2969,72
29.9381,-82.1164,200
48.8800,-121.2600,40
38.0264,-107.6725,-17
42.1003,-78.7497,78
39.7347,-90.1978,194
38.9331,-120.8008,128
39.9600,-110.9900,31
35.5158,-86.0875,161
35.6408,-78.4633,106
58.2944,-134.6753,39
63.2000,-145.6300,13
33.2725,-86.8336,189
37.4700,-106.5400,-15
44.9800,-111.9500,65
37.9192,-122.3772,211
40.9319,-103.8678,17
36.7297,-76.6014,106
43.2436,-116.3783,94
40.1850,-105.8667,83
37.8131,-100.3456,44
44.4886,-110.0039,-28
29.6319,-81.2061,211
37.8133,-92.2319,178
37.7558,-87.6456,206
35.7700,-105.7800,-13
44.9783,-93.2469,100
41.8406,-86.2658,172
39.2647,-77.2319,67
44.3186,-102.4683,-11
41.9797,-122.3378,106
32.3750,-81.6730,156
44.1431,-87.5678,128
41.1586,-96.1922,106
55.3500,-131.7000,11
40.1808,-118.5100,183
39.4872,-75.2200,78
27.5311,-97.8497,244
46.4314,-95.5464,56
38.0406,-114.1800,139
30.3961,-88.4781,206
59.2381,-135.4494,56
42.3200,-120.8300,86
39.9969,-79.5964,139
45.0983,-87.6236,133
62.1300,-150.0400,11
42.7325,-114.5192,50
42.7022,-87.7861,183
37.8994,-86.7072,211
39.0147,-99.8722,39
47.3700,-121.4400,66
34.7289,-80.0389,189
35.1311,-76.9153,144
45.3653,-119.5639,67
43.4378,-103.4739,172
41.0656,-92.7867,111
33.5972,-85.0806,122
59.7800,-150.7600,-6
46.5044,-122.5939,67
35.4467,-83.4622,89
39.6811,-77.2914,33
35.1808,-97.4378,139
31.0372,-97.5283,183
43.3656,-109.2756,44
33.9831,-81.0167,233
37.7967,-121.5828,261
39.6800,-110.4300,18
48.8628,-97.7014,17
36.6897,-108.3086,56
44.5664,-113.8953,11
42.4733,-91.4517,117
47.9400,-123.4300,57
42.7561,-93.2019,94
43.7600,-115.2400,56
33.6194,-94.0994,183
40.5400,-106.6800,-4
38.3614,-98.8281,44
42.8133,-83.8039,117
32.3478,-104.2225,139
38.8200,-106.5900,-13
40.6092,-96.8719,78
38.3897,-108.9494,17
42.8222,-99.7467,6
44.9342,-95.7461,89
44.9958,-88.3786,128
40.9239,-87.1753,172
39.8089,-97.0550,83
36.6667,-80.4481,133
47.0700,-115.9600,51
44.2839,-83.5036,122
33.9378,-102.3447,83
35.1011,-118.4222,139
39.3533,-100.4397,33
40.2031,-96.4631,156
43.5492,-121.9639,33
33.8300,-88.5214,183
41.2986,-80.7647,117
45.1500,-118.2200,62
37.2000,-93.3000,89
43.2500,-110.0200,-23
37.0683,-88.7725,150
40.5300,-106.7800,1
42.2792,-91.5250,111
37.8725,-82.5194,111
42.9608,-90.1161,133
45.2100,-117.1900,67
39.3686,-89.0867,172
32.9203,-107.5656,156
33.1144,-91.2628,206
27.1819,-81.3508,189
32.6464,-111.4017,306
37.7900,-108.1800,2
31.0383,-85.8708,139
47.5300,-115.7800,18
42.9944,-88.8042,178
36.3561,-91.8036,178
43.6300,-107.1800,52
36.5914,-101.6181,100
40.0739,-87.5067,189
37.6922,-121.7692,233
42.1300,-120.8400,87
29.8100,-99.2497,189
43.3081,-87.9553,167
43.2111,-88.2092,167
32.7572,-97.0736,189
33.9881,-84.7475,150
40.3589,-75.3222,17
43.1100,-109.9500,-26
38.8472,-91.9414,139
43.6303,-72.5072,-39
66.7500,-150.6700,-43
40.8917,-74.3961,11
40.8344,-76.1353,28
45.1708,-87.1536,139
43.2131,-123.3658,100
37.5000,-108.1100,13
38.8561,-80.3075,144
43.9072,-99.8628,161
42.2600,-112.1300,81
41.2300,-105.3800,14
46.2350,-88.4539,89
70.2700,-148.5700,-173
42.3667,-85.2667,128
45.5300,-123.3000,109
32.2442,-101.4536,144
40.5100,-105.7700,-61
39.2042,-121.0681,117
31.8353,-110.3553,94
39.8997,-113.7128,61
40.7600,-111.6300,62
37.5544,-91.8831,150
36.4258,-84.9419,144
65.0033,-147.3408,0
41.1644,-84.8483,150
48.7272,-121.0722,61
29.8097,-101.5603,206
33.5500,-102.3758,111
36.0828,-85.8261,172
32.9614,-84.2300,139
38.9039,-78.1822,106
39.6600,-78.9358,56
42.7828,-71.7986,-39
34.3739,-81.0928,122
43.9758,-84.4908,111
33.8847,-88.9867,194
45.4283,-101.0764,111
32.4178,-110.9303,133
41.4256,-91.0094,144
