17.7028,-64.8056,90
45.7728,-122.8611,130
34.7411,-118.2117,60
66.0689,-162.7639,80
39.3669,-101.7000,220
29.2733,-94.8592,90
43.3436,-72.5178,160
36.7414,-104.5022,190
60.1283,-149.4167,360
41.9922,-93.6217,330
36.9500,-76.2833,80
37.7461,-97.2211,330
36.8167,-76.0333,60
26.5850,-81.8614,70
31.3558,-85.7511,180
30.8356,-85.1839,150
35.2333,-101.7089,360
42.6958,-73.1708,120
36.9839,-77.0075,70
41.5175,-81.6836,180
40.1936,-76.7633,160
42.8939,-85.5447,250
35.2236,-80.9553,100
28.0836,-97.0464,360
42.5544,-92.4011,330
44.7978,-68.8186,190
31.3214,-85.4497,120
38.9286,-90.4281,300
34.0561,-117.6003,340
41.9144,-88.2464,270
42.4933,-79.2722,180
35.8922,-78.7819,90
41.7806,-122.4717,170
37.3208,-79.2067,180
40.6239,-74.6694,160
32.3206,-90.0778,140
41.6875,-69.9933,60
30.3361,-81.5147,80
61.1781,-149.9664,180
37.9917,-122.0550,350
62.9575,-155.6103,110
45.6194,-121.1661,110
39.3756,-99.8297,310
37.3278,-95.5042,330
37.9406,-75.4631,50
31.8111,-106.3758,360
46.8706,-68.0172,190
45.6689,-96.9914,350
38.0442,-87.5206,210
33.8750,-84.3022,80
21.9839,-159.3405,30
42.2333,-83.5333,290
27.4981,-80.3767,90
41.1583,-73.1289,160
31.8311,-104.8089,40
30.3567,-95.4139,20
47.3258,-106.9475,320
45.5644,-84.7928,320
39.4519,-87.3089,300
42.4167,-87.8667,300
41.8678,-84.0794,280
34.7442,-87.5997,220
38.7667,-104.3000,170
28.8208,-81.8097,100
39.7556,-82.6572,200
31.9206,-102.3867,60
25.9989,-80.2411,70
47.4933,-122.2144,330
41.1519,-104.8061,280
38.5911,-92.1558,280
34.2622,-88.7714,240
28.5453,-81.3331,70
41.8833,-91.7167,320
26.6847,-80.0994,90
41.0089,-74.7367,200
37.6928,-121.8144,40
44.1278,-123.2206,30
46.5683,-120.5428,270
42.7461,-86.0967,240
34.8994,-120.4486,310
34.2006,-118.3575,180
29.5442,-98.4839,10
33.5656,-86.7450,130
42.8975,-106.4636,200
44.5228,-114.2150,160
40.1203,-76.2944,170
40.6675,-89.6839,270
33.6228,-111.9106,40
35.0311,-85.2014,130
36.2117,-115.1958,80
34.1231,-84.8486,90
41.3461,-82.1794,210
31.2819,-89.2531,130
36.1625,-97.0894,330
39.8344,-88.8656,240
30.5069,-86.9597,150
36.6950,-76.1356,50
40.7939,-73.1017,130
32.3542,-95.4025,360
39.4839,-119.7711,360
33.8117,-78.7239,120
41.3931,-70.6150,60
37.6703,-95.4842,310
42.1094,-77.9919,170
45.2575,-112.5545,220
40.7794,-73.8803,130
37.2839,-98.5528,360
42.5842,-70.9175,350
32.2997,-86.4075,130
25.6475,-80.4331,90
44.8664,-91.4878,320
44.3981,-98.2231,350
21.3239,-157.9294,220
44.3814,-100.2856,310
43.9906,-70.9475,190
33.7792,-84.5214,160
45.5464,-100.4078,140
45.6906,-118.8528,50
43.3497,-76.3847,170
47.6458,-101.4394,20
39.4203,-83.8217,210
33.8117,-118.1464,290
42.6650,-83.4181,260
48.5222,-123.0231,10
34.9883,-117.8647,140
38.8169,-92.2183,300
34.9914,-78.8803,50
38.3775,-121.9575,220
29.3783,-100.9269,350
37.1319,-76.4930,80
33.9486,-81.1186,140
43.8339,-111.8045,220
30.2333,-81.6667,100
44.6381,-90.1875,320
44.9358,-74.8458,160
38.7042,-93.1833,290
46.0139,-102.6547,290
33.2194,-117.3494,280
34.0500,-94.4008,40
43.1111,-76.1039,190
32.6808,-96.8681,360
34.9000,-76.8833,60
47.2381,-123.1408,360
31.8606,-86.0122,130
33.1783,-86.7817,170
33.8719,-117.9789,300
32.6261,-116.4681,40
39.1208,-94.5969,350
33.2119,-87.6161,190
38.1847,-84.9033,220
55.5800,-133.0750,40
33.9481,-83.3275,70
34.6525,-86.9453,150
36.0719,-115.1633,20
46.2667,-119.1167,10
42.2314,-83.3308,250
28.4567,-99.2183,30
38.3000,-76.4167,140
38.3650,-82.5550,190
33.6361,-91.7556,20
34.1750,-91.9347,360
39.2292,-106.3169,310
34.6081,-79.0592,80
30.8458,-85.6014,120
44.3814,-106.7211,240
44.8428,-117.8086,100
48.4608,-119.5167,360
40.6386,-73.7622,170
48.7939,-122.5372,140
43.3906,-99.8422,200
46.7708,-100.7603,20
41.2433,-76.9217,100
30.9119,-102.9167,20
36.2606,-76.1750,60
28.1011,-80.6439,70
37.2833,-102.6139,150
37.1467,-94.5022,210
35.0678,-77.0481,40
43.7331,-103.6114,280
45.0619,-93.3508,310
40.6161,-83.0636,200
41.7072,-86.3164,260
42.1208,-87.9047,300
33.6542,-101.8136,30
41.3275,-72.0494,180
41.5092,-74.2650,180
41.3336,-75.7269,160
24.7258,-81.0517,70
46.3747,-117.0156,70
30.1831,-97.6800,360
37.2253,-89.5706,360
37.9272,-100.7247,350
33.8281,-116.5053,330
45.6044,-103.5464,300
37.1431,-107.7597,270
45.5406,-122.9486,130
37.4389,-105.8614,110
64.3267,-158.7417,40
35.6169,-106.0889,150
46.4794,-84.3572,310
40.7342,-73.4169,110
42.1128,-92.9175,320
32.6847,-83.6528,90
43.4133,-124.2436,230
31.2361,-94.7544,40
44.3853,-74.2067,200
42.9550,-87.9044,300
41.8056,-107.1997,250
39.7075,-86.2803,210
32.5428,-93.7450,90
30.0675,-95.5561,10
38.3083,-75.1239,80
38.7550,-109.7542,100
21.4500,-157.7833,40
43.2389,-123.3547,80
42.5708,-77.7133,150
41.5272,-85.7922,240
33.0375,-116.9158,270
37.3031,-108.6275,250
42.8050,-72.0036,180
44.5483,-95.0803,320
36.9358,-121.7886,190
39.1033,-84.4189,200
40.2769,-74.8158,140
31.5883,-110.3442,160
46.9258,-98.6692,320
43.1406,-89.3453,310
41.1078,-92.4467,310
40.4122,-86.9369,280
30.6794,-88.2397,150
29.5189,-95.2417,130
27.5333,-99.4667,360
19.7356,-156.0489,120
40.8097,-124.1603,230
36.2667,-93.1567,330
31.0425,-86.3117,170
45.7881,-111.1608,150
61.1689,-150.0278,150
31.5356,-84.1944,110
44.9050,-123.0011,140
41.8031,-78.6403,150
40.7083,-84.0267,270
36.9033,-76.1922,60
39.1333,-86.6167,210
32.8342,-115.5786,340
70.1917,-148.4772,120
34.7917,-79.3661,50
46.9006,-95.0678,340
38.1311,-91.7683,290
30.4000,-86.4717,120
33.9786,-98.4928,10
42.1928,-89.0931,290
40.3300,-75.1225,160
47.9078,-122.2803,50
28.4339,-81.3250,70
34.8461,-82.3461,40
59.5119,-139.6711,60
42.1244,-86.4267,270
41.4914,-120.5644,260
36.5881,-121.8453,290
37.7081,-77.4344,180
43.7700,-88.4864,290
27.7839,-97.5108,330
40.0819,-75.0111,140
42.0572,-102.8000,320
47.2856,-68.3133,160
38.8000,-97.6500,330
42.2706,-71.8731,170
39.0431,-84.6717,300
40.1764,-80.6472,200
41.3497,-71.7989,170
32.3847,-94.7117,60
47.4667,-87.8833,20
38.0653,-97.8606,350
41.5339,-93.6531,320
47.2767,-121.3372,70
33.4825,-90.9853,190
38.9597,-94.3714,340
44.0206,-117.0128,250
40.4953,-107.5211,280
43.0206,-102.5183,220
35.6542,-105.1419,210
44.5761,-71.1786,140
42.9667,-83.7494,290
40.7789,-73.9692,70
40.5100,-101.6200,140
41.4653,-90.5233,310
36.5728,-79.3361,90
48.5428,-109.7633,80
35.9333,-79.0642,90
41.6764,-70.9583,330
37.7608,-99.9683,360
61.5961,-149.0917,130
43.0661,-108.4767,250
62.9614,-141.9292,210
32.3367,-90.2214,150
37.7064,-112.1456,150
35.9461,-112.1547,80
36.7367,-97.1019,10
64.8039,-147.8761,40
29.1828,-81.0483,70
41.3714,-73.4828,140
39.8447,-89.6839,300
38.2103,-122.2847,200
31.9514,-85.1289,160
41.0375,-81.4642,280
30.7797,-86.5225,130
36.7800,-119.7194,120
36.6636,-121.6081,260
30.2050,-91.9875,80
35.2578,-93.0947,20
29.7333,-85.0333,130
35.5144,-108.7939,50
37.8892,-121.2258,310
43.2339,-75.4117,120
41.0669,-73.7075,130
40.8731,-81.8867,270
57.0481,-135.3647,100
46.1236,-67.7928,190
27.9106,-82.6875,90
40.0681,-118.5692,310
39.7078,-77.7297,160
37.0683,-88.7719,360
43.6264,-72.3047,180
35.0419,-106.6156,80
42.9203,-112.5711,190
40.4422,-109.5144,120
39.1258,-123.2008,130
41.5333,-71.2833,170
39.0083,-95.2117,330
39.9369,-91.1919,310
41.6236,-98.9517,340
44.7408,-85.5825,300
39.9492,-74.8417,100
37.1681,-97.0369,360
30.4844,-81.7019,80
40.3667,-75.9667,160
36.9261,-111.4478,10
32.8167,-115.6833,310
34.6439,-86.7861,150
46.9733,-122.9033,30
46.6056,-111.9636,270
41.3325,-122.3328,130
31.1828,-90.4708,130
30.7044,-87.0231,140
34.9894,-99.0525,10
42.5950,-87.9381,260
35.4344,-119.0542,330
39.6014,-116.0056,150
40.9017,-117.8081,100
42.0647,-104.1528,320
32.1314,-110.9553,100
44.2558,-121.1392,310
42.4272,-73.2892,150
35.0564,-89.9864,110
42.7972,-105.3856,300
37.6242,-120.9506,320
41.7781,-80.6958,180
36.9878,-120.1106,150
33.6186,-114.7142,40
43.1544,-93.3269,330
34.5583,-98.4172,10
42.7172,-71.1239,360
57.1553,-170.2222,360
35.9508,-85.0814,190
44.8889,-116.1017,60
43.5667,-116.2406,140
39.4494,-74.5672,80
33.2061,-97.1989,10
36.2967,-99.7689,10
58.3567,-134.5639,110
41.1389,-75.3794,180
33.5872,-85.8556,120
32.7100,-96.2672,10
27.7628,-82.6261,90
38.9408,-77.4636,140
34.5183,-109.3792,80
36.3333,-119.9500,280
42.7611,-87.8136,310
43.3500,-73.6167,180
42.8153,-108.7261,240
44.0511,-101.6011,270
35.8517,-97.4142,360
19.7192,-155.0531,10
32.0311,-96.3989,80
29.7036,-98.0281,20
47.0492,-109.4578,90
34.7000,-77.3833,70
31.7800,-103.2017,70
29.6919,-82.2756,70
32.3500,-91.0278,170
27.6833,-97.2833,350
36.1189,-86.6892,200
46.8369,-92.2097,330
38.2900,-104.4983,120
29.6381,-95.2819,70
38.0494,-103.5122,160
40.3547,-79.9217,190
30.3489,-85.7881,110
31.3089,-86.3939,130
46.5486,-90.9189,330
70.2117,-151.0017,90
41.7700,-88.4814,260
39.9061,-84.2186,210
43.8789,-91.2528,330
35.0028,-105.6628,70
32.5722,-116.9794,280
42.7803,-84.5789,260
47.3078,-119.5153,360
37.2958,-81.2078,150
35.1822,-103.6031,70
42.3075,-85.2511,270
31.3711,-100.4922,10
30.7825,-83.2767,150
33.4669,-82.0386,160
26.2500,-80.1083,60
36.4731,-82.4044,220
40.8436,-72.6322,40
27.7411,-98.0247,340
28.7247,-96.2536,70
40.7781,-111.9694,340
39.5514,-97.6508,330
41.8706,-103.5931,300
30.5108,-99.7664,350
44.8322,-93.4706,320
40.0972,-92.5433,310
34.4978,-82.7097,90
42.4819,-114.4869,110
38.8761,-98.8092,340
34.3478,-85.1611,80
40.0489,-107.8853,230
33.9228,-118.3342,260
40.5175,-122.2986,160
30.4119,-89.0808,110
46.0261,-91.4442,360
47.6831,-117.3214,80
39.5781,-85.8033,290
48.1739,-103.6367,10
35.6697,-120.6283,100
40.8206,-76.8642,160
37.2622,-104.3378,240
34.4258,-119.8425,260
38.4167,-113.0167,210
32.6500,-114.6167,30
37.3711,-118.3581,150
40.6044,-98.4272,340
70.6392,-159.9950,90
33.4617,-80.8581,90
32.8667,-117.1333,300
32.7667,-97.4500,20
34.8831,-82.2203,60
42.8375,-103.0953,240
36.6206,-116.0278,140
44.9319,-93.0556,320
35.5342,-97.6469,350
32.5156,-92.0406,40
32.4833,-80.7167,100
45.5908,-122.6003,110
40.6331,-93.9019,300
30.0375,-91.8839,110
39.9444,-81.8922,200
34.0158,-118.4514,240
30.3975,-84.3289,110
32.8978,-97.0189,360
34.2167,-119.0833,220
41.2731,-111.0306,230
32.5500,-88.5667,150
25.9069,-80.2803,90
46.3583,-104.2500,300
41.1783,-78.8989,120
34.4272,-100.2831,20
38.8317,-94.8897,340
43.9922,-76.0217,190
40.4847,-80.2144,200
45.5511,-122.4089,90
44.4983,-88.1111,270
45.8258,-119.2611,70
31.1522,-81.3908,60
42.7267,-114.4564,360
43.1711,-86.2367,200
44.9258,-89.6256,320
37.2847,-120.5128,340
64.5500,-149.0717,280
41.4131,-81.8600,200
33.9706,-80.9958,170
37.7086,-113.0944,210
30.5372,-91.1469,160
34.0511,-118.2353,270
18.3331,-64.9667,20
45.4622,-69.5953,170
33.4278,-112.0039,70
43.7694,-87.8506,260
36.0969,-79.9433,100
39.2956,-80.2289,220
39.1894,-103.7158,150
66.9161,-151.5089,40
39.4019,-77.9844,150
35.5931,-88.9167,360
45.8678,-95.3942,340
32.5161,-84.9422,140
38.6956,-121.5897,320
44.0433,-103.0536,350
30.5892,-96.3647,30
34.1167,-119.1167,270
36.0097,-94.1694,310
41.0136,-83.6686,200
39.8250,-86.2958,300
59.7494,-154.9089,90
34.1853,-79.7239,90
36.1336,-80.2222,130
57.7511,-152.4856,290
45.6308,-89.4653,320
42.5906,-117.8644,130
26.1839,-98.2539,360
29.9800,-95.3600,120
26.9172,-81.9914,70
60.7850,-161.8292,160
45.2486,-122.7686,40
35.1350,-90.2344,30
43.7667,-98.0333,330
18.2550,-65.6408,330
41.6264,-80.2150,270
35.0281,-110.7208,320
46.9253,-96.8111,330
31.5358,-82.5067,80
26.1969,-80.1708,80
40.2064,-100.5914,310
41.7219,-71.4325,360
42.3606,-71.0106,360
26.1522,-81.7753,80
41.8756,-71.0211,340
45.8069,-108.5422,240
35.2100,-99.1200,350
36.6239,-87.4194,10
64.7767,-141.1483,140
48.6033,-112.3753,360
21.3167,-158.0667,220
37.5050,-77.3203,140
46.4267,-105.8825,290
43.9658,-107.9508,160
32.3336,-104.2581,340
40.8203,-82.5178,190
46.0947,-118.2869,290
37.0911,-95.5664,330
39.8683,-75.2311,150
46.7994,-102.7972,270
41.6328,-91.5431,280
33.4964,-90.0867,180
37.6542,-122.1150,300
36.0167,-102.5500,50
39.5264,-107.7264,150
62.3200,-150.0950,20
27.6531,-80.2428,80
42.2228,-83.7444,250
47.9742,-117.4283,20
42.3914,-96.3792,340
28.8614,-96.9303,20
47.0339,-120.5303,40
38.1386,-78.4530,180
44.5444,-110.4211,280
46.1442,-115.5964,340
42.5417,-113.7661,250
67.7317,-164.5483,80
37.6544,-97.4425,340
34.9869,-81.0575,220
38.0511,-117.0903,20
33.3644,-81.9633,140
41.4333,-99.6333,320
42.2667,-84.4667,220
39.6092,-110.7547,190
40.4719,-81.4236,170
39.2775,-120.7103,170
44.3206,-69.7972,170
66.8667,-162.6333,90
35.2372,-120.6414,310
41.0467,-78.4117,60
31.9433,-102.1889,40
34.2719,-83.8303,80
41.2531,-70.0608,10
46.9728,-123.9303,80
42.0800,-80.1825,180
37.3592,-121.9239,290
24.5833,-81.6833,90
36.0394,-95.9844,30
44.3592,-89.8369,310
32.4506,-93.8411,30
32.4106,-99.6822,360
38.1811,-85.7392,220
43.2781,-70.9222,310
41.7872,-111.8533,310
63.9944,-145.7214,110
47.3978,-120.2014,250
13.4836,144.7961,290
45.0717,-83.5644,310
47.6217,-117.5281,40
46.9208,-114.0925,110
42.3811,-122.8722,200
37.7214,-122.2208,290
43.1644,-95.2017,330
55.3567,-131.7117,330
45.8183,-88.1144,330
33.1803,-96.5903,360
27.5000,-97.8167,300
34.2675,-77.8997,90
40.8764,-74.2831,140
43.9042,-92.4917,340
44.1708,-114.9272,340
34.5467,-93.5781,330
43.5950,-118.9564,40
29.6222,-95.6564,30
39.4167,-118.7167,50
32.3347,-88.7442,150
34.2900,-93.0600,70
40.2172,-76.8514,140
36.3189,-119.6289,60
37.4058,-122.0481,330
33.3633,-84.5658,140
38.7642,-87.6056,240
38.8500,-94.7392,360
56.6000,-169.5650,10
34.2097,-118.4892,160
40.1519,-122.2536,180
39.7736,-94.9233,330
29.1097,-95.4619,120
38.7525,-90.3736,290
41.9950,-87.9336,270
44.3592,-84.6739,310
41.3103,-95.8992,330
38.5714,-90.1572,310
44.0219,-82.7931,290
47.7472,-90.3444,340
47.2675,-122.5761,10
35.3889,-97.6006,350
39.3792,-74.4242,110
45.0319,-102.0192,260
33.6883,-112.0817,60
38.0700,-102.6881,170
31.6189,-97.2283,350
36.7683,-96.0261,10
41.4525,-87.0058,250
41.7636,-96.1778,330
43.4075,-94.7461,330
38.3794,-81.5900,210
40.6508,-75.4492,170
39.0725,-95.6261,300
31.4208,-110.8458,100
37.7836,-81.1231,140
28.0622,-81.7542,60
38.5069,-121.4950,240
38.9833,-76.4667,150
44.7694,-106.9689,340
29.6333,-83.1053,70
42.7431,-73.8092,160
37.3169,-79.9742,150
40.6825,-74.1694,20
18.4325,-66.0108,170
42.2347,-85.5519,280
47.4569,-115.6450,230
48.3042,-114.2636,30
61.2169,-149.8550,290
38.9503,-95.6639,320
55.2208,-162.7325,250
42.4700,-71.2894,120
32.9733,-97.3181,10
30.3433,-89.8222,140
40.2964,-78.3203,160
40.8500,-74.0614,180
35.2578,-113.9331,350
38.5050,-107.8975,160
34.6719,-82.8864,70
40.0397,-88.2778,280
34.2008,-119.2069,270
25.7906,-80.3164,70
25.9156,-97.4186,310
35.1442,-111.6664,70
35.4319,-82.5375,170
40.9167,-81.4333,210
39.2953,-114.8467,180
39.3667,-75.0667,120
44.5344,-72.6144,180
33.2367,-107.2681,30
29.3600,-99.1742,20
42.5844,-110.1075,80
41.7861,-87.7522,240
39.1667,-76.6833,140
39.3644,-84.5247,300
32.7336,-117.1831,340
40.0803,-95.5919,310
31.3347,-92.5586,130
35.8311,-90.6464,30
41.2544,-80.6739,230
39.2447,-102.2842,190
38.1417,-76.4292,90
35.1967,-81.1558,60
27.9619,-82.5403,70
44.5169,-108.0822,90
48.1203,-123.4983,100
33.1281,-117.2794,270
31.4583,-109.6061,120
45.9647,-112.5006,260
32.8158,-117.1394,310
41.5886,-83.8014,250
43.1167,-77.6767,190
40.0781,-83.0781,270
60.5797,-151.2392,360
42.1594,-76.8919,220
31.1500,-92.9667,100
28.7797,-81.2436,80
41.2003,-74.6231,140
39.1353,-96.6778,340
48.2138,-106.6213,90
43.1561,-90.6775,320
46.4047,-94.1308,330
30.7167,-87.0167,140
39.9181,-76.8742,140
39.1019,-121.5678,160
21.1544,-157.0961,10
36.7725,-90.3247,200
36.8781,-91.9025,10
41.6117,-90.5808,300
42.6425,-77.0564,200
40.8508,-96.7475,330
35.9403,-89.8308,10
59.6419,-151.4908,50
41.6686,-70.2800,20
40.8217,-72.8689,150
33.3075,-104.5083,20
30.3208,-97.7603,10
35.0169,-80.6206,60
43.5164,-112.0672,250
45.6983,-110.4408,220
46.7439,-117.1086,100
35.6875,-117.6931,230
26.0719,-80.1536,70
39.6728,-75.6008,160
45.0133,-84.7014,250
40.8289,-115.7886,250
41.3375,-84.4289,210
43.6497,-70.3003,330
33.9519,-117.4386,70
60.7850,-148.8389,110
31.4000,-93.2833,10
42.1578,-72.7161,170
64.5111,-165.4400,340
30.1250,-93.2158,130
44.4683,-73.1500,180
35.6575,-109.0614,130
41.5097,-72.8278,190
38.6572,-90.6558,310
39.8233,-93.5792,300
48.5614,-93.3981,300
31.4156,-87.0442,160
36.4486,-103.1539,180
48.2553,-101.2733,200
71.2833,-156.7814,100
60.4889,-145.4511,90
41.6267,-73.8842,130
37.5908,-83.3131,190
38.6892,-75.3592,110
38.5000,-77.3000,210
34.8822,-95.7831,10
42.1469,-121.7242,180
42.6003,-123.3642,220
40.9781,-124.1086,210
41.0731,-71.9233,20
36.1994,-95.8872,340
39.7333,-77.4333,230
39.5703,-104.8489,170
43.1072,-78.9453,190
38.3406,-75.5103,130
34.7436,-118.7242,90
46.1569,-123.8825,220
32.8986,-80.0403,90
44.9047,-97.1494,330
46.4167,-86.6500,350
35.8550,-77.8931,70
31.3500,-85.6667,100
31.3928,-92.2956,150
31.6072,-110.4281,70
40.2342,-85.3936,290
42.3978,-90.7036,300
34.7675,-114.6189,30
58.6794,-156.6294,240
41.9856,-97.4353,320
32.8547,-109.6353,130
41.2639,-72.8872,170
42.8783,-100.5500,210
30.4000,-81.4167,40
38.8983,-119.9947,190
32.8519,-96.8556,110
40.0228,-82.4625,200
34.6517,-112.4208,140
15.1167,145.7167,270
43.1953,-71.5011,160
47.1686,-88.4889,310
47.5303,-122.3008,200
47.4733,-111.3822,100
42.5700,-72.2911,210
29.3331,-89.4075,100
30.7439,-95.5861,70
62.1592,-145.4589,170
33.9753,-117.6361,140
47.3864,-92.8389,330
26.1658,-97.3458,310
40.7833,-91.1253,300
47.9375,-124.5550,70
26.2281,-97.6542,320
41.5631,-83.4764,220
30.6264,-88.0681,120
36.2833,-94.3000,350
35.8181,-83.9858,260
37.7797,-89.2497,330
33.4536,-94.0075,10
33.2208,-92.8142,360
41.9097,-70.7294,320
36.6817,-101.5053,20
35.3331,-94.3625,330
42.5519,-71.7558,120
44.2033,-72.5794,160
27.4014,-82.5586,80
20.8997,-156.4286,30
45.6478,-68.6925,180
45.5114,-118.4247,120
39.1342,-108.5400,120
43.5878,-96.7289,330
29.9933,-90.2511,130
33.6800,-117.8664,230
29.9506,-94.0206,60
41.7361,-72.6506,160
44.6500,-73.4667,150
34.6294,-118.0836,70
32.7000,-117.2000,330
35.6950,-101.3950,30
32.2622,-107.7206,50
35.2325,-75.6219,30
34.3622,-98.9761,20
39.2972,-94.7306,350
41.1014,-102.9847,310
32.7817,-98.0603,10
45.4558,-98.4131,360
24.5550,-81.7522,100
45.5433,-94.0514,340
39.6428,-79.9164,210
30.4781,-87.1869,120
41.7419,-72.1836,180
32.8192,-97.3614,360
59.2433,-135.5094,70
39.3450,-81.4392,220
30.7406,-98.2353,30
38.8100,-104.6883,160
43.9844,-88.5569,310
43.9636,-69.7117,180
44.8831,-93.2289,320
30.0481,-102.2131,360
36.9647,-86.4239,230
38.8483,-77.0342,150
43.2119,-90.1814,310
36.3689,-92.4703,330
39.2231,-106.8683,170
59.4556,-135.3239,210
47.9428,-97.1839,330
35.6567,-95.3614,10
33.6267,-116.1594,310
41.1961,-112.0114,350
32.1300,-81.2100,120
35.7425,-81.3819,50
30.4636,-88.5319,120
36.7436,-108.2292,140
44.3394,-105.5419,170
38.8853,-79.8528,170
34.2486,-82.1592,20
38.5039,-122.8103,180
42.8914,-73.2469,90
40.9611,-98.3136,340
42.9486,-78.7369,190
37.6197,-122.3647,290
39.8328,-104.6575,180
37.0872,-84.0769,210
32.6636,-97.0939,350
42.9333,-71.4383,120
40.9706,-85.2064,280
30.0494,-90.0289,120
39.5936,-84.2264,190
26.5361,-81.7550,70
41.3119,-105.6747,260
42.4092,-83.0100,270
41.5944,-109.0528,240
29.3389,-98.4719,30
33.9381,-118.3889,280
55.0389,-131.5786,340
38.3306,-96.1897,330
39.4900,-121.6183,80
41.1214,-100.6694,200
33.4050,-118.4158,320
42.1997,-75.9850,160
38.2281,-85.6636,210
42.1908,-71.1736,350
28.4736,-82.4544,70
34.7272,-92.2389,10
39.4781,-88.2803,280
41.9381,-72.6825,160
40.2383,-75.5572,190
59.4433,-151.7017,360
33.6300,-84.4417,80
39.9914,-82.8808,220
40.3161,-78.8339,170
34.7336,-76.6606,20
41.7803,-124.2367,160
40.1667,-103.2167,310
48.7167,-94.6000,290
38.0408,-84.6058,310
36.0236,-84.2375,260
44.3675,-71.5450,170
43.5331,-84.0797,310
47.4444,-122.3139,20
37.2353,-93.4003,330
45.6208,-122.6572,110
45.1947,-123.1339,340
47.2078,-119.3192,20
48.0944,-105.5744,340
34.8536,-116.7858,270
