36.1900,-105.5600,63
35.7700,-105.7800,36
43.7600,-116.1000,87
39.3100,-111.4300,275
43.7600,-115.2400,142
38.4000,-119.5400,188
43.8000,-114.8500,0
40.3000,-111.2600,231
44.2100,-110.6700,297
39.4300,-120.3100,214
39.8000,-106.0300,223
40.5300,-106.7800,54
36.8600,-106.2300,20
36.1300,-105.5300,190
48.7200,-116.4600,49
36.7900,-105.2400,291
36.3100,-115.6800,172
39.1900,-120.2600,340
39.3600,-106.0600,316
35.3400,-111.6500,284
36.0000,-106.8300,285
41.4000,-107.2600,163
39.2900,-117.1100,185
43.7300,-113.8300,158
36.0300,-106.8100,37
36.5100,-106.3200,11
46.2400,-117.3900,148
36.0700,-105.6300,257
36.9900,-105.2600,137
36.7200,-106.2600,235
44.3800,-116.3400,168
40.8300,-111.7600,107
36.9600,-106.6600,163
36.2500,-115.6300,182
44.7900,-116.0900,185
35.9200,-106.3900,261
