40.7264,-122.7947,394
43.8544,-116.4664,-178
36.9969,-119.7072,-178
40.7142,-122.4161,244
33.6731,-111.1508,278
28.4675,-98.2525,183
40.6117,-122.5281,228
34.5822,-119.9817,267
36.4622,-116.8669,289
33.7542,-99.1442,172
38.4917,-122.1242,239
33.7092,-93.5564,133
39.0744,-96.8983,61
37.7967,-121.5828,283
34.9881,-120.3211,261
26.8400,-81.0872,333
43.5492,-71.4647,-178
30.2003,-92.6642,233
38.5350,-121.7761,256
35.7047,-101.5492,183
38.4931,-122.0047,278
35.4072,-104.1906,94
32.2822,-106.7597,239
36.5508,-114.4581,250
26.5581,-99.1372,206
25.8175,-80.2858,356
38.0047,-120.4864,239
30.7053,-104.0233,117
