43.8544,-116.4664,172
43.9794,-117.0247,89
40.1100,-87.9567,78
41.1453,-85.4897,17
33.8083,-79.8567,172
47.0575,-109.9514,78
33.2564,-81.2422,150
34.1944,-79.2472,172
40.4750,-86.9919,17
32.7547,-104.3836,100
34.2183,-81.0731,167
42.7831,-71.4147,-6
37.8194,-85.3847,122
42.1397,-87.7853,72
64.1539,-145.8894,-50
44.4933,-68.4583,0
40.4719,-74.4364,17
62.1925,-150.5033,-11
37.0683,-88.7725,94
46.8706,-68.0172,-6
40.2233,-86.1086,111
44.9847,-93.1772,17
34.4719,-81.8839,133
35.6214,-88.8456,122
32.3500,-94.6500,161
37.9311,-98.0297,122
40.0739,-87.5067,111
39.4833,-83.8500,106
42.2947,-83.7108,33
34.7289,-80.0389,167
37.1244,-87.8672,50
38.4661,-101.7758,122
27.7792,-97.5056,217
38.7003,-82.4736,117
39.4700,-80.8572,100
38.7386,-87.4878,122
28.7156,-97.1742,183
41.0267,-86.5867,67
42.6006,-114.7453,117
34.1419,-80.8700,161
35.6042,-91.2744,100
45.0853,-67.1203,0
38.8894,-86.5519,100
64.9156,-148.2711,17
42.3806,-96.9575,67
32.2822,-106.7597,211
41.4439,-86.9294,67
47.6811,-117.6267,44
33.7775,-81.8467,156
40.9361,-90.7197,44
36.1306,-80.5481,111
32.5133,-92.3486,172
40.2539,-85.1483,72
32.9206,-86.6708,189
46.3414,-86.9242,11
38.3139,-81.7186,100
36.7578,-90.4056,122
28.8608,-97.0181,211
37.9931,-100.8122,111
37.1167,-84.6167,122
44.5208,-101.6192,78
36.5914,-101.6181,189
20.7583,-156.3211,206
