36.9933,-82.9867,213
36.3467,-82.3467,0
20.8292,-156.9203,5
20.2250,-155.7933,97
-32.3906,115.8489,250
-38.1594,144.5556,20
19.5106,-155.9217,5
38.0406,-114.1800,150
43.1750,-102.7458,36
35.3339,-80.9867,368
-34.7233,117.3494,300
-31.0164,115.3300,30
31.1681,-84.7664,0
33.4517,-86.7158,0
41.3997,-84.1119,559
34.2553,-87.1814,0
42.8417,-75.7264,84
33.4661,-97.5797,566
-35.8426,138.1327,68
-42.3075,147.1672,24
-30.3081,115.0311,66
37.9686,-90.0586,279
35.0097,-85.3444,0
-33.6309,150.2940,8
-34.6642,150.7586,26
47.0731,-109.4017,5
38.8867,-102.7233,0
-37.5720,145.5014,88
40.5378,-90.0422,505
38.5328,-106.0158,323
40.3175,-88.3503,439
42.1014,-77.2344,137
44.4356,-121.9433,23
-38.5058,145.1503,6
46.9161,-103.5264,3
32.8339,-108.5047,43
-40.4472,144.8400,554
-33.3197,116.6464,56
40.3458,-121.6092,213
