40.5353,-112.3217,1
39.7122,-111.8319,1
32.8547,-109.6353,1
38.5050,-107.8975,1
34.1892,-101.7022,1
36.0606,-102.5211,1
39.9353,-77.6394,1
38.5458,-78.0981,1
37.0683,-88.7725,1
37.4536,-103.3219,1
38.9000,-77.2664,1
40.8803,-121.6547,1
35.4033,-92.3828,1
42.1106,-104.9492,1
41.2433,-76.9217,1
43.4650,-113.5581,1
44.5733,-116.6753,1
39.8683,-75.2311,1
33.4617,-80.8581,1
40.3603,-111.8972,1
39.3758,-112.3342,1
30.9119,-102.9167,1
38.2917,-111.2622,1
30.3975,-84.3289,1
40.1375,-88.9675,1
39.2292,-106.3169,1
30.4844,-81.7019,1
35.1617,-99.3603,1
42.8750,-112.4444,1
41.2486,-76.9833,1
41.2731,-111.0306,1
30.1922,-84.2117,1
39.3831,-74.8289,1
40.3667,-75.9667,1
35.0381,-108.3492,1
34.7544,-83.0750,1
34.8822,-95.7831,1
31.9514,-85.1289,1
38.7539,-108.0278,1
36.2606,-76.1750,1
37.1467,-94.5022,1
37.6497,-86.4308,1
42.7972,-105.3856,1
38.8678,-115.0167,1
38.8694,-117.9230,1
33.3075,-104.5083,1
38.7667,-104.3000,1
31.8606,-86.0122,1
36.3189,-119.6289,1
34.6269,-79.0250,1
38.8100,-104.6883,1
34.2606,-100.6014,1
39.0719,-89.7008,1
39.1092,-104.5997,1
24.7258,-81.0517,1
39.2231,-106.8683,1
40.3161,-78.8339,1
38.8247,-106.1275,1
39.3572,-115.3303,1
37.4414,-100.9792,1
35.9117,-92.6564,1
38.6892,-75.3592,1
35.6950,-101.3950,1
38.2900,-104.4983,1
40.0961,-75.7514,1
27.7628,-82.6261,1
40.1936,-76.7633,1
33.9786,-98.4928,1
35.8306,-91.7944,1
38.1311,-105.4661,1
35.7425,-78.8369,1
44.5036,-109.9639,1
38.2119,-119.0142,1
43.5950,-118.9564,1
44.5169,-108.0822,1
36.2967,-99.7689,1
38.9817,-81.5658,1
41.3336,-75.7269,1
34.5183,-109.3792,1
39.5719,-103.2922,1
33.1975,-108.2075,1
26.5850,-81.8614,1
38.6164,-109.6192,1
37.2294,-101.9511,1
39.9919,-105.2667,1
37.5908,-83.3131,1
35.3253,-81.5325,1
42.9203,-112.5711,1
40.0500,-76.2742,1
29.6919,-82.2756,1
35.8550,-94.0203,1
37.7797,-89.2497,1
36.0394,-95.9844,1
35.1867,-102.0797,1
36.7725,-90.3247,1
39.6728,-75.6008,1
32.5564,-108.3667,1
36.5764,-92.6767,1
45.6906,-118.8528,1
36.7367,-97.1019,1
39.0875,-111.1325,1
40.1358,-74.9550,1
38.2553,-110.1800,1
40.1606,-113.3508,1
39.7194,-76.8028,1
37.9881,-76.7769,1
38.7853,-76.9947,1
32.2622,-107.7206,1
37.7608,-99.9683,1
39.1342,-108.5400,1
38.9719,-76.3381,1
35.1883,-100.9286,1
39.7342,-76.5039,1
27.4014,-82.5586,1
35.0419,-106.6156,1
36.2706,-92.1922,1
35.4417,-100.8114,1
36.7458,-84.1753,1
36.7800,-119.7194,1
29.3486,-103.5950,1
35.9742,-97.0269,1
38.7339,-77.4925,1
40.0489,-107.8853,1
34.1797,-102.1356,1
36.5381,-98.2661,1
40.8289,-115.7886,1
42.3811,-122.8722,1
35.9028,-103.5272,1
34.5081,-110.0839,1
36.9861,-94.3553,1
26.1522,-81.7753,1
42.8917,-112.4086,1
30.3703,-103.7808,1
34.7800,-103.7492,1
36.2833,-94.3000,1
39.2764,-114.9911,1
44.7694,-106.9689,1
42.8153,-108.7261,1
30.7053,-104.0233,1
38.7583,-120.5031,1
35.2164,-99.8628,1
44.5228,-114.2150,1
39.0292,-104.8017,1
27.9619,-82.5403,1
31.5358,-82.5067,1
41.1783,-78.8989,1
36.3486,-98.4808,1
41.0072,-76.4483,1
38.9539,-109.0528,1
36.8781,-91.9025,1
37.9806,-105.6897,1
34.8847,-99.2964,1
34.3850,-94.8981,1
30.4781,-87.1869,1
41.5683,-117.8389,1
33.5656,-86.7450,1
36.0469,-115.1847,1
26.6847,-80.0994,1
36.4197,-90.5858,1
25.9069,-80.2803,1
31.8111,-106.3758,1
40.7367,-122.9403,1
38.7956,-105.2003,1
37.1431,-107.7597,1
28.7797,-81.2436,1
35.0258,-99.1058,1
39.2953,-114.8467,1
40.1667,-103.2167,1
37.2000,-93.3000,1
36.0719,-115.1633,1
34.3903,-79.0022,1
39.1014,-108.7339,1
37.2531,-93.7275,1
37.9406,-75.4631,1
35.0681,-109.7689,1
43.5667,-116.2406,1
35.5303,-102.2564,1
31.4208,-110.8458,1
36.4783,-77.6717,1
40.8397,-111.8314,1
38.9536,-74.9358,1
39.2472,-119.9419,1
30.3961,-84.3556,1
37.2317,-86.6867,1
30.5347,-94.4456,1
41.4914,-120.5644,1
40.7781,-111.9694,1
39.5833,-120.3706,1
40.8208,-76.4983,1
42.1469,-121.7242,1
39.3450,-81.4392,1
37.2253,-89.5706,1
37.9572,-91.7758,1
40.2022,-115.4930,1
43.0661,-108.4767,1
39.7333,-77.4333,1
38.7550,-109.7542,1
39.7739,-75.5414,1
40.5903,-116.4750,1
35.0217,-106.6939,1
39.4839,-119.7711,1
40.5756,-105.0236,1
35.7667,-92.8667,1
35.2150,-100.2503,1
38.4600,-109.8214,1
36.3689,-92.4703,1
39.4494,-74.5672,1
34.1311,-109.2750,1
39.8000,-76.0500,1
43.2278,-110.4358,1
40.5228,-78.3694,1
41.5944,-109.0528,1
34.1142,-109.8589,1
39.7078,-77.7297,1
42.5417,-113.7661,1
43.3456,-111.7847,1
37.3711,-118.3581,1
34.3622,-98.9761,1
41.1519,-104.8061,1
38.0406,-114.1800,1
40.3333,-76.4667,1
39.2583,-111.6306,1
37.2622,-104.3378,1
35.3061,-99.6275,1
37.2353,-93.4003,1
35.5342,-97.6469,1
35.7047,-101.5492,1
27.5706,-82.1378,1
40.9386,-117.7514,1
40.0589,-77.5214,1
41.1589,-86.9014,1
43.2372,-108.1097,1
41.1922,-79.4361,1
39.8361,-89.6250,1
34.5858,-102.3120,1
40.0750,-76.0717,1
37.6303,-104.7956,1
42.0647,-104.1528,1
36.1994,-95.8872,1
39.8328,-104.6575,1
37.5811,-106.1869,1
35.3072,-92.7325,1
36.4486,-103.1539,1
38.0442,-87.5206,1
35.6567,-95.3614,1
28.4339,-81.3250,1
40.1561,-106.9092,1
36.2994,-103.7408,1
45.2575,-112.5545,1
33.6542,-101.8136,1
35.7192,-78.7878,1
40.2769,-74.8158,1
37.5142,-111.9883,1
39.1467,-75.5056,1
35.1817,-92.4958,1
39.1894,-103.7158,1
36.4811,-92.2442,1
29.9933,-90.2511,1
40.4422,-109.5144,1
35.8444,-92.0978,1
35.9886,-92.7161,1
26.1686,-81.7158,1
36.4194,-97.8747,1
44.3814,-106.7211,1
24.5550,-81.7522,1
30.2050,-91.9875,1
39.8372,-75.0442,1
41.3119,-105.6747,1
42.8975,-106.4636,1
40.6508,-75.4492,1
36.9647,-86.4239,1
37.0875,-82.9925,1
29.4083,-82.8186,1
30.6794,-88.2397,1
38.6661,-78.3728,1
39.7808,-79.0411,1
34.1944,-79.2472,1
42.5844,-110.1075,1
36.0097,-94.1694,1
35.8517,-97.4142,1
33.5281,-101.8761,1
34.9894,-99.0525,1
39.7750,-105.1169,1
39.1025,-90.3431,1
31.5356,-84.1944,1
32.5161,-84.9422,1
42.4819,-114.4869,1
37.4389,-105.8614,1
35.5836,-92.4511,1
34.5475,-101.7614,1
34.6153,-105.4739,1
32.3336,-104.2581,1
40.7908,-111.4078,1
37.1275,-88.6531,1
39.9961,-86.3542,1
35.6350,-78.3981,1
39.7197,-105.2472,1
31.8728,-106.6981,1
36.0167,-102.5500,1
38.3706,-110.7153,1
42.7267,-114.4564,1
36.2667,-93.1567,1
37.3031,-108.6275,1
40.6386,-73.7622,1
34.3942,-104.2503,1
37.0872,-84.0769,1
31.2819,-89.2531,1
31.9544,-89.9328,1
43.8339,-111.8045,1
37.9136,-104.9483,1
29.7547,-90.7747,1
38.6811,-77.7678,1
36.7425,-91.8347,1
39.0200,-119.7089,1
41.1522,-104.8056,1
36.8619,-93.9619,1
39.8692,-76.8636,1
39.5894,-89.4556,1
41.5167,-109.4703,1
37.3822,-102.2986,1
39.9717,-120.0828,1
30.3361,-81.5147,1
35.0281,-110.7208,1
40.3611,-109.3464,1
39.8958,-105.3847,1
37.3578,-83.7706,1
34.4272,-100.2831,1
35.2836,-106.6194,1
40.6019,-112.5075,1
40.4953,-107.5211,1
38.9111,-101.5853,1
32.9161,-105.3381,1
34.2319,-100.9561,1
39.5264,-107.7264,1
36.7683,-96.0261,1
34.1239,-109.9219,1
37.0683,-88.7719,1
36.6817,-101.5053,1
39.5333,-89.3069,1
39.9356,-77.2578,1
40.4950,-78.4667,1
41.2458,-111.9369,1
35.2100,-99.1200,1
26.9172,-81.9914,1
40.8603,-115.7425,1
28.5453,-81.3331,1
30.5525,-104.6467,1
