45.8981,-86.5483,360
46.2314,-112.1136,295
39.4206,-79.0050,250
38.6644,-94.8900,110
47.2753,-88.4169,300
40.1100,-87.9567,292
47.6497,-120.0800,296
30.5347,-94.4456,260
41.8161,-80.4250,310
39.7750,-105.1169,300
47.2919,-88.4208,332
40.5764,-105.0858,282
39.7194,-76.8028,290
45.6656,-97.0392,150
44.4933,-68.4583,90
34.6242,-106.3103,315
35.1375,-77.9892,307
34.2183,-116.4072,220
34.1206,-115.8500,68
45.4525,-99.3358,360
47.0083,-88.4317,292
41.7392,-77.9711,300
39.0733,-93.7075,225
39.6442,-74.8072,28
40.9656,-105.2186,270
61.2967,-149.4400,270
39.1439,-103.4897,90
40.8600,-102.8031,360
48.0750,-111.2597,300
48.9981,-110.2158,319
40.6558,-97.2208,330
35.0761,-89.7430,330
47.0111,-109.2261,315
41.2847,-105.5319,360
