45.1900,-118.5500,0
39.6000,-106.5400,2438
44.1300,-110.6700,3480
44.5000,-107.4300,2464
42.4900,-110.5300,3023
40.1275,-79.4058,152
39.5600,-114.6300,762
36.3200,-115.7000,660
44.5900,-111.8200,1041
40.8900,-111.0700,1854
40.0638,-85.6916,18
43.6700,-109.3800,1803
45.2700,-110.2500,2083
36.0981,-86.8628,254
38.7575,-120.6046,0
39.7148,-105.3551,163
34.2835,-86.9144,0
60.3900,-149.6900,686
37.8500,-105.4400,1067
39.0664,-89.7281,165
40.4000,-105.9600,2946
59.3500,-151.8500,0
39.7169,-86.2417,38
36.8022,-86.1373,267
35.4049,-78.6810,0
41.8600,-111.5100,4216
41.2400,-120.7900,0
39.7600,-105.9100,2743
43.2117,-91.0986,203
39.4206,-79.0050,0
38.5015,-87.2596,1016
44.9800,-111.9500,813
36.1515,-79.1908,8
46.3118,-116.0553,0
39.6025,-104.9762,117
38.1842,-85.5314,150
40.6600,-111.6400,3277
39.0800,-106.6100,2845
44.5200,-122.0900,0
40.7683,-89.6672,46
44.8720,-69.4203,660
40.8500,-111.0500,2819
44.5800,-107.2000,1600
45.7300,-114.4800,2718
45.0100,-110.0100,2337
44.6800,-107.5800,2743
48.8800,-121.2600,3429
44.4400,-121.9500,0
36.7200,-106.2600,2464
37.4800,-106.8000,2692
37.7847,-79.9165,175
40.8123,-72.7718,122
45.4100,-112.9600,3124
40.8400,-110.6600,2184
43.5900,-122.0600,1473
40.3038,-103.1114,0
48.3100,-114.8400,1422
60.6100,-149.0600,330
47.5857,-122.6092,0
40.7700,-110.0100,1499
44.0100,-118.8400,0
60.5500,-145.7500,1118
44.8353,-122.6836,0
44.1500,-110.2200,5486
39.7400,-113.9800,1499
43.6100,-122.1200,0
51.1240,-104.9917,447
41.6425,-86.0415,312
35.5813,-88.8306,5
35.0700,-111.8400,0
35.3782,-88.5490,79
40.7351,-73.2212,1829
37.7892,-120.7518,0
37.5700,-112.8400,2083
42.4000,-88.7424,305
38.7000,-106.3700,1499
43.8000,-114.8500,6172
45.4788,-122.7692,0
33.9837,-83.1378,0
44.4100,-113.4000,2184
41.5800,-115.9300,0
43.5700,-111.2100,3251
39.5462,-104.9655,58
37.9705,-80.7667,0
45.6000,-111.9600,2845
43.9917,-79.6778,533
45.4200,-110.0900,3124
48.8900,-116.7600,4648
48.3700,-116.6400,6071
38.6800,-111.6000,1981
45.4681,-122.6813,0
38.5136,-75.9130,127
45.0000,-117.1700,4318
44.0390,-122.8500,0
38.3064,-79.7197,0
38.7339,-77.4925,1143
46.2728,-106.6471,15
38.5070,-78.6240,5
40.9200,-110.1900,1016
46.4700,-113.3900,533
39.2900,-106.5500,2515
33.7600,-109.4800,0
29.5111,-95.0919,0
34.7856,-86.7114,0
37.6800,-112.8600,1981
42.8253,-85.5894,632
38.3299,-97.7787,0
40.1865,-85.4897,229
36.5245,-92.7520,99
38.0131,-75.3978,43
35.9727,-86.7521,122
37.7500,-107.6900,1981
44.5700,-107.3000,2210
46.2700,-113.1600,4674
40.1400,-105.5900,3988
48.8700,-121.7900,1118
40.5500,-110.3500,711
42.4400,-122.2300,1245
45.8800,-113.3300,1956
45.8802,-123.2946,0
44.9400,-109.5700,4496
48.3100,-116.0700,5867
39.6490,-104.7758,102
30.8176,-83.8965,0
34.9400,-111.5200,0
37.2100,-105.1200,1575
38.5100,-119.6300,711
43.7500,-110.0600,4801
46.5800,-111.2700,2159
42.3600,-111.5600,3277
40.4900,-112.6100,1956
40.3500,-106.3800,3226
45.9900,-120.8100,0
37.8400,-111.8800,1575
46.0900,-110.4300,2362
42.2100,-121.1300,0
39.9226,-79.7140,86
38.4900,-106.3400,2718
39.0044,-80.4744,457
35.2470,-83.4140,0
45.1700,-113.5000,2489
39.6000,-106.5100,2134
41.9200,-113.4100,3073
39.7140,-86.4090,36
41.1100,-107.1700,1397
44.6600,-118.4300,1499
40.2124,-105.0426,0
43.0100,-109.7600,2235
60.7300,-150.4800,356
39.9422,-83.8053,51
34.9700,-111.5100,584
48.7600,-121.7000,229
48.5700,-120.7800,3429
44.4400,-113.3200,2591
65.2500,-146.1500,813
47.3300,-121.4700,0
43.7600,-116.1000,3277
38.8200,-106.5900,1321
46.5600,-115.2900,8661
40.4586,-79.4503,508
44.7029,-106.3261,0
39.7729,-86.2799,23
43.6300,-115.4400,6629
38.6280,-77.8080,51
47.7800,-121.7000,0
44.7825,-108.6879,0
39.1746,-75.5132,84
45.3200,-121.7200,3404
47.2000,-121.7800,0
36.4100,-105.3300,965
48.3000,-113.3300,1168
37.7200,-107.2600,914
40.4726,-74.5904,244
38.4800,-109.2700,1676
39.4900,-106.1700,2794
44.7900,-107.5300,2057
40.9658,-74.4878,0
44.4800,-110.1600,3480
44.7200,-107.4000,2261
45.2700,-117.6900,3658
45.8619,-96.5650,76
39.8900,-110.7500,1346
39.3723,-112.3339,0
47.4300,-113.7800,1905
33.9000,-109.1600,0
39.7736,-105.0589,147
35.1885,-86.1167,10
35.7700,-105.7800,2337
46.1500,-122.1500,0
35.5344,-77.3821,0
47.0800,-112.7300,8230
36.5100,-106.3200,1727
47.9200,-112.7900,1600
37.6605,-91.5535,170
41.0500,-107.2700,1422
38.6811,-77.7678,584
41.8300,-115.4500,3150
42.1800,-114.2900,4089
39.3800,-106.2000,3277
40.8700,-111.7200,2286
40.8500,-106.9700,2692
47.2800,-120.4900,1829
35.5909,-82.5549,5
37.4400,-108.0200,2692
39.6700,-105.9000,3277
44.4700,-112.9800,1448
44.5847,-85.3653,0
38.6639,-77.9756,48
35.1404,-84.2961,13
39.8205,-75.8782,33
42.5300,-110.6600,5436
42.3200,-120.8300,0
46.8100,-116.8500,1346
41.1600,-106.9300,3099
41.6600,-115.3200,1778
37.1682,-80.4443,127
41.2986,-104.8278,0
39.2325,-94.7805,13
46.3500,-111.8500,1448
37.4700,-106.5400,1372
35.6345,-117.9782,0
35.5317,-83.0595,20
40.6000,-110.4300,1651
40.7494,-96.5928,3
44.4700,-114.4900,3683
37.8000,-107.9200,2134
39.0900,-106.5400,2311
45.3600,-118.4700,0
36.0223,-91.2712,61
42.8167,-106.4108,0
45.6200,-121.7000,0
42.9500,-111.3600,2184
46.4800,-110.7100,3886
47.6800,-113.9600,8458
47.9200,-112.8200,3505
42.7900,-121.9800,0
34.6388,-86.2577,0
38.7835,-104.8293,76
40.3000,-111.2600,2083
47.5300,-115.7800,1448
36.2965,-78.6299,25
43.5695,-116.3248,0
39.6999,-74.9971,86
67.9300,-162.2800,483
39.7647,-84.6338,33
44.3500,-107.0100,1219
37.5000,-108.1100,1880
40.4100,-105.8200,4115
43.9500,-115.2700,1930
38.6100,-119.9200,1981
40.6200,-111.5300,2718
40.3417,-80.1229,165
45.4000,-123.1830,0
40.4712,-88.6196,8
40.8000,-110.8800,1702
47.8700,-123.0800,0
42.2200,-122.3700,0
47.7130,-118.9412,0
42.4400,-105.8600,1321
63.9400,-145.4000,889
37.7000,-112.6500,254
40.7400,-109.6700,711
35.5681,-87.6280,155
39.7006,-85.8950,58
39.4195,-77.2905,33
40.4672,-87.0611,0
39.1600,-119.9000,1880
45.2700,-117.1700,2921
47.9800,-114.3500,1880
40.7157,-89.4123,0
43.7600,-115.2400,5867
65.0800,-145.8700,787
40.5759,-105.0858,0
41.7600,-115.6900,762
37.2100,-105.2000,2261
41.1169,-81.0094,76
43.9500,-110.4500,3581
43.8900,-107.0600,1651
38.6661,-78.3728,0
44.3800,-109.7900,4191
44.4400,-111.9900,1473
35.5583,-83.0344,3
43.1923,-123.4387,0
47.8800,-117.0900,1575
37.3300,-105.0700,229
48.3600,-119.0800,1372
39.2269,-96.9622,0
34.7345,-86.2100,0
46.6400,-121.8300,0
47.2800,-121.6700,0
38.2900,-105.8500,2362
43.7300,-113.8300,2845
45.1900,-119.2500,1956
47.9400,-123.4300,0
40.7600,-111.6300,2515
39.2600,-106.6300,2210
48.4089,-106.5144,0
44.9500,-111.3600,2997
39.7994,-79.3664,508
38.4200,-108.3800,1549
39.1900,-120.2600,4166
42.5192,-76.3311,0
40.2000,-105.6000,2616
44.0300,-109.1800,1118
32.9200,-108.1500,0
44.5400,-115.5600,6833
42.4100,-111.1700,1930
39.9420,-83.8051,56
39.1400,-111.5600,1473
45.4505,-98.5086,0
40.5800,-110.5900,2083
39.1400,-120.2200,1168
36.1520,-115.3396,0
45.0700,-116.4500,2743
42.4650,-92.3410,76
38.3339,-104.7898,0
39.8000,-105.7800,3404
40.5764,-105.0858,0
37.6100,-105.3700,1321
40.9100,-109.9600,1168
40.8800,-106.0500,2057
38.4526,-87.5336,64
38.5000,-111.7700,1524
34.1649,-95.5431,0
44.8745,-123.0444,0
43.1100,-109.9500,2413
35.4418,-82.2543,5
44.3000,-122.0400,0
40.1600,-111.2100,2337
38.0803,-78.8750,0
38.8400,-119.8900,1245
39.0172,-92.7558,0
40.5998,-105.1151,0
33.9512,-84.4219,0
41.3569,-88.7883,76
39.7194,-76.8028,25
37.9900,-107.2000,2159
41.4900,-119.0000,686
46.5700,-115.7400,1981
37.4000,-113.4600,1346
44.2964,-99.2597,0
43.2800,-109.4500,1549
59.7400,-151.2500,254
35.3007,-77.6762,0
40.5800,-105.6300,1880
40.7200,-110.4700,2057
39.8800,-107.6000,2413
34.7829,-76.9040,0
39.4500,-120.2900,0
45.1100,-119.5000,0
44.2100,-103.7900,1372
43.6300,-113.9700,2337
39.3000,-106.6100,1397
46.5673,-87.6869,0
61.3900,-150.0300,559
44.6500,-109.7800,5664
48.9100,-114.7700,2388
41.2084,-124.1027,0
42.5700,-106.0900,1880
39.0000,-120.1300,838
35.8562,-78.6360,76
48.5700,-115.4500,1981
38.9200,-119.9200,1549
39.6879,-104.7063,84
40.0400,-105.5400,2108
39.3100,-109.5300,914
40.6000,-111.5800,2921
40.8990,-85.7872,5
38.8800,-105.0700,914
39.3600,-106.0600,3073
45.6900,-113.9700,5436
42.8700,-109.0900,1803
35.1555,-85.2669,0
40.8800,-110.5400,1321
44.2100,-118.6400,1118
35.9126,-82.4230,43
37.3800,-106.5500,1346
36.2500,-115.6300,0
35.9831,-84.0442,284
42.8972,-85.7791,851
37.5300,-113.0500,1905
39.4900,-120.2800,0
40.0300,-105.5800,2692
37.1663,-76.4401,211
45.4340,-122.5036,0
45.1724,-88.4899,559
38.4082,-82.4443,221
39.5600,-115.8400,0
43.8200,-114.2600,3404
29.7210,-98.1655,0
44.8000,-109.6600,2743
38.7520,-90.8113,46
39.6811,-77.2914,0
40.9100,-110.5000,1956
63.2000,-145.6300,2032
43.7400,-113.9400,2337
45.2200,-110.2400,4039
38.6900,-119.9900,3048
40.8398,-74.5432,498
35.0540,-83.7280,28
61.3500,-142.7100,864
37.0580,-93.4054,191
41.5500,-116.0100,2616
42.3000,-110.6800,4216
39.2825,-82.9945,76
47.0700,-121.5900,0
40.2522,-80.0539,33
42.8181,-106.3455,76
39.3200,-119.8900,4039
39.3200,-114.6200,1524
38.6700,-119.6100,965
40.0136,-86.2901,0
32.2918,-85.1893,0
36.0532,-80.6028,0
38.6418,-77.7672,104
43.7000,-109.6700,2921
42.6400,-120.9500,0
46.2400,-113.7700,4343
44.1400,-121.6400,686
40.3700,-106.7400,4089
41.3600,-111.4900,2769
39.2900,-117.1100,1448
67.2500,-150.1800,813
36.5628,-81.5824,241
46.1000,-121.9600,0
47.5600,-115.8200,2388
40.4600,-112.2500,279
40.9300,-111.8100,3073
48.9100,-114.8600,5969
46.6200,-121.3900,4470
40.9800,-110.8500,914
37.5505,-94.5092,10
39.4200,-111.2500,1626
42.6000,-116.5600,0
41.0233,-100.3669,0
43.4800,-114.8300,1448
46.7900,-109.5100,2337
40.6508,-75.4492,330
47.7657,-122.3001,0
35.7799,-79.1244,0
40.8600,-110.8000,1626
45.4600,-121.7000,0
38.2800,-119.6100,6223
39.6100,-111.3000,2616
37.1306,-80.5720,0
39.1400,-111.5100,3607
42.2898,-73.3195,810
38.8000,-111.6800,1168
39.8826,-105.1056,97
32.1154,-81.2509,0
60.7800,-149.1800,2997
37.4800,-107.6300,1956
42.0500,-122.8500,1727
34.5434,-112.3764,0
39.9400,-105.5900,2362
39.5700,-105.8000,1981
37.0683,-88.7725,152
42.7600,-110.5900,5359
39.6490,-80.7382,81
45.0500,-109.9100,5461
42.5600,-111.3000,3658
40.3491,-105.5036,33
41.3100,-111.4500,3226
36.0512,-83.9862,20
46.7600,-115.3000,6985
40.8400,-110.0100,1295
42.3800,-122.3500,0
43.6600,-109.0100,965
40.1900,-111.3600,1473
48.0600,-116.2300,4216
44.8000,-107.8400,3226
39.0200,-107.0500,3861
40.5300,-105.8900,3099
38.3644,-86.8453,140
42.3489,-77.7044,0
39.0800,-107.1400,1981
45.2700,-118.8500,0
41.7900,-111.5500,2794
36.8600,-106.2300,1473
44.6300,-115.7900,4775
46.3200,-121.9400,0
46.3600,-121.0800,356
42.5800,-109.0900,1499
33.1637,-96.6851,0
39.3300,-120.3700,1118
45.1500,-118.2200,864
40.9247,-79.2825,381
39.1300,-111.3500,1727
38.3100,-119.6000,1854
42.5100,-110.9100,2464
46.8400,-112.5100,3150
40.2300,-106.6000,2718
37.8800,-107.3600,1956
45.4500,-122.0300,0
41.5800,-120.3000,737
39.1300,-107.2900,2057
40.3900,-106.6000,3835
37.8100,-109.4900,1549
44.7600,-118.3100,1143
46.1800,-121.9300,0
41.8900,-111.5700,864
37.9101,-86.1364,185
33.3600,-107.8300,0
38.0800,-110.7700,914
35.9114,-78.6058,61
39.0100,-111.5800,2464
34.4552,-86.7744,0
47.6800,-114.0000,1803
39.4500,-111.2700,2007
44.0500,-115.4400,4623
37.7900,-108.0200,1092
39.6600,-110.3800,914
39.5186,-104.9492,224
46.9300,-121.9500,0
38.0500,-111.3400,1778
43.9000,-122.0300,0
42.2406,-84.4669,236
33.9055,-83.3448,0
38.5100,-112.0200,889
48.7200,-120.6600,8585
42.8200,-110.8400,5283
31.1200,-81.9300,0
42.4100,-121.6800,2134
45.2500,-123.2800,0
41.0700,-106.9400,4216
32.7904,-105.8204,0
40.6800,-110.9500,3175
39.0600,-108.0600,1651
38.5500,-119.8000,3327
38.9811,-76.7811,109
36.5800,-105.4600,2438
38.8319,-107.9670,0
46.2400,-117.3900,0
41.3401,-89.0959,198
45.8900,-110.9400,4953
48.4400,-120.9200,5639
42.3200,-113.6200,6274
60.9800,-153.9200,610
41.2939,-111.9580,0
36.8198,-85.0107,297
35.2143,-85.1217,5
47.7100,-123.4600,1270
37.2000,-93.3000,0
46.1100,-110.4700,711
40.6600,-75.0080,345
41.2300,-116.0300,0
39.6728,-75.6008,76
43.1300,-110.2000,2870
43.5100,-121.9800,0
44.0200,-113.4700,2159
44.2100,-121.8700,1092
38.1150,-85.6444,152
43.2300,-121.8100,0
36.1972,-92.2688,102
46.4800,-115.6300,6299
41.8900,-120.7500,0
40.7100,-106.0100,2007
37.7900,-108.1800,2743
40.8600,-115.1200,1372
33.7476,-84.7452,0
39.8700,-111.2800,2184
39.0300,-106.0800,991
46.8822,-113.9044,0
37.6600,-107.8000,229
45.2943,-91.6247,305
36.6144,-93.8363,224
41.4128,-75.8244,127
39.3032,-95.8141,46
44.3900,-122.1700,0
46.1300,-113.3100,2134
46.2507,-119.3197,0
44.2100,-110.6700,5410
37.0200,-106.4500,3073
46.1000,-113.1300,2438
41.9692,-88.1873,185
42.5300,-122.1800,0
40.7900,-106.6000,5105
32.9881,-97.3932,0
46.5600,-111.2900,3454
43.2471,-75.2775,1016
38.0156,-87.6449,124
29.5139,-95.0919,0
40.0668,-93.4576,25
38.2100,-111.4800,1397
36.2163,-81.5885,114
38.4547,-78.9353,762
45.0800,-117.5500,2743
45.6700,-113.9500,3810
47.2800,-121.4700,0
47.2900,-120.3700,1422
40.4000,-105.8500,1753
43.5100,-115.5700,0
47.4600,-115.7100,2362
40.8100,-105.7700,2896
35.7000,-105.8100,51
42.0500,-111.6000,4674
44.6100,-111.1500,2337
48.5050,-121.4800,0
40.8900,-110.8300,1295
42.1331,-73.7854,56
44.7900,-116.0900,0
47.0700,-115.9600,7061
34.7015,-86.0978,0
45.6063,-122.5104,0
38.7244,-87.7129,165
44.2600,-106.9800,1448
41.9700,-118.1900,0
41.7392,-77.9711,0
47.1500,-116.2700,2413
44.4900,-104.4100,737
39.7200,-106.1600,1905
46.3600,-112.2600,2743
46.4100,-113.4300,2362
48.9500,-118.9900,889
35.3933,-82.8140,152
46.6300,-114.5800,4801
36.1192,-83.2694,5
42.4194,-94.9761,0
41.9000,-111.6300,6553
47.1600,-121.4200,483
40.8400,-111.7100,3912
34.8923,-92.2439,76
42.4516,-76.0437,841
33.7014,-84.5722,0
39.5247,-104.5229,0
38.7840,-76.5362,130
29.4854,-98.6561,0
38.8394,-80.3963,246
47.5400,-121.0900,3124
45.2400,-109.4600,457
43.2500,-110.0200,2743
37.9700,-111.8300,1829
39.4600,-119.9400,1930
29.7409,-97.6802,0
43.2900,-116.8500,76
39.2500,-119.8800,0
35.6845,-84.7057,0
37.5000,-113.9400,152
48.8000,-113.6700,914
45.5500,-122.0000,0
38.4000,-119.5400,1880
34.3700,-111.0100,0
42.6900,-121.4300,0
39.7444,-99.2155,2286
43.1700,-110.1400,3378
40.5700,-112.1700,1880
37.0475,-86.2033,262
39.9300,-111.6300,1702
43.6000,-114.6700,4978
34.8600,-111.6100,0
45.0400,-116.1300,4978
36.9544,-86.3366,254
46.8886,-102.3192,0
60.1900,-149.6200,737
38.9315,-94.8865,25
48.1700,-109.6500,1016
44.4200,-111.3900,2515
37.5990,-101.2911,0
48.1300,-113.0200,5969
39.9400,-112.4100,1016
43.6304,-96.9442,10
42.9141,-71.6102,1372
44.8500,-113.8400,1854
40.8200,-106.7500,3632
39.6600,-105.5900,1092
44.9072,-84.7189,737
38.0700,-119.2300,889
46.9800,-115.0300,6071
39.6615,-104.9207,0
33.9200,-109.4600,1219
44.4300,-120.3300,0
38.7700,-111.6800,3200
38.3833,-81.8344,229
39.6800,-110.4300,965
41.4100,-111.5400,1905
47.3800,-121.0600,2692
44.6100,-122.2300,0
36.7000,-105.3400,1270
42.8095,-106.3315,81
41.5417,-87.2715,157
41.8700,-115.2500,3023
40.2100,-105.5700,1549
44.0487,-103.2173,13
38.2129,-94.0507,8
32.4066,-96.3347,0
41.6800,-111.4200,2819
43.1876,-70.8685,1580
39.0589,-92.4370,71
41.1431,-96.4808,0
43.8800,-114.6700,3277
37.4900,-112.5800,0
48.6600,-119.8400,1676
37.5200,-112.2700,1016
41.8200,-116.1000,2438
46.8100,-121.3300,1143
47.0200,-121.4600,3277
40.7900,-111.1200,1905
45.7000,-115.2300,5029
36.5869,-93.2692,102
39.0981,-79.4322,762
47.4500,-112.8100,1397
37.5800,-112.9000,1118
43.8600,-114.2100,1676
40.3100,-105.6400,3099
34.9842,-83.3917,0
38.8011,-76.5147,130
48.1600,-113.9500,8585
33.9800,-109.5000,660
40.5319,-80.2172,51
35.2700,-111.7400,25
46.5500,-121.1700,2134
32.3772,-86.2575,0
45.1900,-109.3500,2235
46.1800,-117.5400,305
44.4600,-110.1400,2565
46.9100,-110.8500,2845
35.0681,-86.2745,0
40.1100,-107.2900,3861
44.4200,-121.8600,0
38.3455,-120.7719,0
35.0413,-83.7405,10
35.9200,-106.3900,1067
61.3800,-149.0000,127
41.2800,-85.4729,249
38.2270,-77.5120,102
37.4900,-113.8500,0
45.1000,-121.7500,0
45.4300,-121.8600,0
39.0900,-107.6300,1499
45.2500,-121.7400,381
37.7000,-107.7800,2515
45.7000,-118.1100,2642
38.1600,-106.6000,940
48.7200,-116.4600,102
62.0700,-142.0500,483
43.6300,-107.1800,2057
37.9018,-88.9341,74
48.9700,-115.9500,3886
47.3000,-121.6000,0
45.5000,-110.9700,1803
38.6033,-92.2188,46
39.8964,-105.0276,152
38.5000,-112.0100,1321
45.0400,-121.9300,0
59.8600,-151.3200,1372
44.2500,-118.5200,1702
37.6200,-107.0300,2184
39.9223,-104.9554,74
33.8000,-109.1500,0
38.6169,-77.9696,81
39.5385,-76.3788,5
37.3480,-108.5596,0
32.3191,-90.0806,0
38.7387,-84.8496,114
44.0412,-80.6893,0
41.4000,-107.2600,1448
44.5100,-111.1300,5918
40.5358,-94.8879,0
44.6481,-86.2100,0
39.6500,-105.8700,3251
43.3439,-91.6443,99
45.8000,-112.5200,1473
37.9700,-106.5600,1219
45.1900,-121.6900,0
36.0347,-78.9806,114
44.7200,-110.5100,2413
47.0000,-113.9300,7010
43.0300,-109.1700,762
34.8684,-84.1422,8
42.1300,-120.8400,0
37.9663,-103.5443,0
48.4300,-113.9400,2718
41.9900,-120.7200,0
43.6700,-122.5700,0
44.2143,-70.5405,1189
40.3600,-111.0900,1168
62.1300,-150.0400,914
38.5361,-90.9926,51
46.2600,-122.1800,0
40.8600,-115.2200,0
45.2100,-117.1900,3073
45.9220,-116.1260,0
48.9300,-121.2000,9627
42.7600,-112.4800,2108
39.4500,-115.9800,584
62.6300,-150.7800,2032
36.1900,-105.5600,1600
44.5900,-111.1200,3531
46.1400,-114.5100,7645
48.0600,-112.7600,406
37.4900,-107.5100,1880
40.0945,-88.1282,0
38.2872,-81.7874,244
46.3500,-121.5100,2184
41.2200,-111.3600,0
45.1226,-93.4579,69
45.1700,-113.5800,6477
37.6600,-112.7400,1295
61.7500,-150.8900,1016
38.7200,-119.8900,2032
41.7511,-76.4431,203
40.0000,-107.2400,1829
45.4000,-110.9600,3658
38.9900,-106.7500,1981
38.6428,-77.5795,94
40.3500,-106.0900,1676
37.8700,-109.4500,1676
38.4800,-109.2900,1168
46.1900,-122.2500,0
46.4900,-115.8000,762
44.9900,-113.4400,2108
36.1153,-85.5332,48
29.5120,-95.0994,0
40.6100,-111.1000,1956
37.8900,-108.2000,1930
34.0151,-81.1920,0
42.1500,-110.6800,2184
46.1400,-114.4500,2718
60.2600,-149.3400,254
40.9900,-111.8200,4445
36.1800,-108.9500,51
48.1900,-118.4600,356
43.0961,-79.0281,559
27.9855,-81.7902,0
36.3300,-109.0600,51
46.2084,-119.1658,0
40.4300,-105.7300,3073
46.1600,-122.1800,559
40.7819,-79.2375,0
37.2492,-93.9439,10
42.2845,-83.0346,516
40.8300,-111.7600,2997
40.9500,-110.4800,1422
48.8000,-113.8600,7696
35.0286,-86.5975,0
40.7200,-109.5400,584
37.7500,-112.7800,1600
42.4927,-72.9454,1626
41.4100,-111.8300,381
48.0700,-120.8500,4547
39.3500,-112.3300,1448
41.3300,-106.5000,1575
44.2900,-115.6600,1626
42.5900,-108.9000,1956
46.9300,-110.9000,2261
36.0300,-106.8100,1803
40.4300,-111.6200,2515
38.7873,-82.9779,147
43.2386,-76.1964,0
47.7600,-123.0300,0
46.0900,-121.7600,2134
45.5971,-122.4186,0
42.7000,-122.1400,0
42.4334,-122.9869,0
36.0700,-105.6300,2235
41.2492,-85.7967,196
35.8840,-85.0450,33
46.9500,-116.3400,102
48.1300,-115.6200,3632
45.3608,-63.2682,0
39.3000,-111.4500,2997
45.9000,-122.2200,0
45.5300,-123.3000,0
38.4908,-85.6677,157
39.1762,-74.7515,109
38.8500,-120.0800,2311
41.4600,-106.2800,4242
38.6700,-119.8200,0
44.7900,-112.0600,1346
41.9221,-111.8193,0
48.9800,-115.8200,1295
44.8300,-118.1900,1626
48.5900,-119.8700,1295
39.4600,-114.6500,0
46.9100,-121.4800,4851
40.7447,-111.8677,0
39.0500,-111.4700,2286
47.8600,-117.0400,1626
65.1200,-146.7300,711
42.5700,-108.8400,2083
48.8200,-121.9300,2616
44.3320,-70.2685,0
39.3000,-106.1100,1778
36.1470,-81.6258,48
34.2024,-78.0948,0
61.6185,-149.1258,5
39.6800,-111.3200,2311
40.6500,-115.3800,1499
39.5137,-104.9085,762
29.6849,-95.2197,0
46.7800,-110.6200,4597
47.0400,-121.9400,0
39.8900,-111.2500,1524
46.8800,-113.3200,1270
41.2400,-106.2300,2972
38.6800,-119.9600,2667
46.8700,-113.2800,2261
39.4722,-105.3913,0
42.7200,-123.2000,0
40.3800,-115.5300,1854
39.2400,-111.5200,1854
43.1158,-85.5642,559
37.8900,-107.7100,3073
38.1692,-79.0844,0
44.7700,-116.2500,2057
40.7131,-79.5144,203
36.1713,-84.7917,312
36.2528,-81.9136,152
47.3700,-121.4400,1803
44.9769,-106.8475,48
39.0100,-114.3100,1194
43.8885,-70.2944,0
39.6200,-106.3800,2972
41.3600,-106.2300,3759
45.2700,-111.4300,2743
44.8122,-106.9763,74
40.5083,-74.8152,417
42.5200,-111.9600,2743
38.9300,-120.0500,0
43.8600,-109.3200,2159
41.7943,-88.2112,0
40.3503,-86.4867,0
45.8700,-110.9300,3251
42.9328,-76.5447,0
38.9433,-119.1916,0
44.7591,-123.2325,0
42.6500,-110.8100,4699
41.2098,-81.3548,635
42.8532,-90.7086,64
47.0600,-112.6000,838
44.3700,-110.5800,2311
44.5400,-107.1800,1676
40.5400,-106.6800,6172
38.4400,-119.3700,1270
46.8400,-116.1200,4750
64.8500,-147.8000,381
36.2393,-88.0800,74
40.8900,-115.2000,1956
39.1993,-96.6329,5
40.2800,-111.6100,2616
42.7000,-108.9000,1118
48.0125,-123.1709,0
43.9300,-115.6700,5080
40.3600,-116.8600,203
35.6534,-82.5709,20
46.4700,-114.6300,4445
39.4400,-105.9100,1676
41.1500,-106.9700,4216
36.1648,-81.6055,107
44.8567,-93.6864,0
64.8500,-146.2100,1295
37.2469,-92.5275,130
34.5360,-92.7651,0
42.5719,-72.5975,0
39.5280,-104.9532,191
61.1561,-149.9847,254
39.8994,-86.1283,8
43.1900,-122.1400,0
42.1600,-114.1900,3099
35.2315,-86.6060,0
37.3500,-105.2300,1422
40.1833,-89.5779,0
39.7537,-75.7519,79
46.7900,-110.6800,2464
41.9928,-71.1667,1422
38.4800,-112.3900,1448
40.5100,-105.7700,2870
39.9759,-89.7253,5
45.5000,-110.0800,51
35.1400,-112.1500,0
42.7000,-120.8000,1346
33.9554,-86.5439,0
40.5462,-74.5287,376
37.6000,-112.9200,965
37.4900,-106.8400,2718
43.7370,-116.7327,0
43.4700,-107.2400,1676
44.9600,-111.2900,4216
37.3742,-76.3071,198
44.4500,-119.9300,1753
40.9400,-115.1000,2642
44.6698,-64.8526,2144
51.5694,-107.2341,315
47.7500,-121.0900,2921
37.9572,-91.7758,76
41.2812,-84.3454,0
47.2300,-120.2900,940
43.5000,-109.7500,2007
38.9717,-74.8398,23
43.1631,-93.1953,0
39.3000,-120.1800,610
44.3000,-115.2300,4318
40.0586,-75.0770,0
34.6847,-78.6904,10
58.1900,-133.8300,3683
40.0600,-107.0100,1803
35.0979,-83.4661,15
42.4100,-122.2700,0
43.9500,-119.5400,1092
39.3200,-106.6100,1575
34.4600,-111.4100,0
36.4700,-105.1900,1575
38.6331,-109.4104,0
40.2300,-105.9200,1499
46.1800,-113.8500,1956
43.3800,-109.8800,2743
33.6900,-109.2200,76
38.2900,-106.3700,2210
37.6554,-77.5687,178
42.0478,-71.0050,0
45.5600,-118.4500,0
33.4000,-105.7900,1473
38.4849,-92.4041,48
44.5103,-109.0994,0
43.6695,-116.2653,0
39.9600,-110.9900,1626
36.9600,-106.6600,1295
40.4400,-112.2400,2083
35.3400,-111.6500,2083
46.2700,-121.9600,0
41.0600,-106.7100,4166
43.2300,-122.4300,0
38.9902,-77.0081,104
48.5300,-120.9900,3708
31.8142,-93.0856,0
43.6600,-122.2100,0
37.9700,-105.5400,2134
44.6600,-111.0900,1854
41.0000,-106.9100,4724
42.2600,-112.1300,965
42.0100,-115.0000,2337
45.5400,-123.3700,0
33.7400,-108.9500,0
48.8600,-118.4000,1118
35.3620,-85.3797,15
45.6686,-122.6862,0
36.7900,-105.2400,1219
41.3800,-111.9400,4039
39.5000,-111.7300,1422
39.3200,-111.4900,2057
40.5460,-105.0731,0
40.9700,-111.8100,2464
35.2600,-112.0600,0
37.3685,-78.2274,224
33.0100,-107.8700,737
29.5110,-95.0898,0
35.2300,-108.2700,1194
44.9500,-116.1400,2388
41.9900,-120.1800,3429
38.6205,-87.1359,127
34.8977,-82.8280,0
40.2779,-75.6306,48
41.3000,-107.1500,1321
37.6500,-108.0100,1346
30.4144,-97.7664,0
46.4400,-112.1900,1473
46.6700,-110.3300,1930
35.8438,-78.6531,0
36.4003,-84.8954,267
39.4170,-92.4504,99
40.8800,-117.5900,0
45.0200,-111.8500,2134
61.1900,-145.6500,2921
45.9800,-117.9500,4318
44.3000,-109.2400,965
37.0169,-94.4925,208
47.3600,-121.5700,0
41.9700,-111.6000,4089
47.3638,-120.2284,0
40.5600,-111.6600,4750
42.9600,-110.6100,5283
34.7500,-111.4100,0
44.4000,-107.0600,2743
41.3300,-106.3800,4470
37.5100,-113.4000,0
43.0219,-78.8467,889
41.2300,-105.3800,838
39.9873,-105.1703,175
39.4300,-120.3100,4521
37.4300,-108.1700,1499
46.6400,-121.3800,1422
43.7100,-114.1600,2362
36.0000,-106.8300,1143
37.1500,-93.2194,53
34.7293,-87.6472,0
34.2650,-88.7658,0
37.9300,-107.6800,2337
44.6100,-116.9800,2642
48.6900,-121.9100,0
29.2650,-81.0472,0
40.1478,-80.7014,0
37.7398,-89.8603,0
38.5324,-83.7547,325
41.4764,-75.1653,0
35.9695,-84.3855,117
39.3929,-74.6248,97
48.2000,-120.9200,9474
34.1109,-109.9003,0
39.7600,-107.3600,3073
40.6064,-74.8710,404
45.5519,-116.3028,0
38.3000,-112.4400,1219
37.4900,-112.5100,0
41.6700,-117.5700,2438
39.1300,-114.9600,991
42.7100,-109.4100,1600
38.8800,-112.2500,3226
39.7667,-105.1142,180
41.2500,-111.4100,1956
40.5300,-106.7800,3353
38.9539,-92.3381,48
42.8700,-122.1700,3073
38.8500,-119.9400,178
36.3087,-87.7842,318
33.8100,-110.9200,0
38.1208,-76.3651,231
38.3042,-104.7440,0
37.3996,-119.7381,0
38.9386,-77.1133,0
40.9600,-110.5800,1194
36.1264,-85.3139,343
36.3772,-85.8983,168
39.3542,-101.6996,0
40.0136,-74.8178,51
42.1100,-79.1592,660
38.3139,-81.7186,203
39.8600,-106.4200,2718
44.5900,-121.9700,0
47.3500,-120.6800,559
45.9900,-120.6800,0
35.6283,-108.7928,0
43.7051,-99.3773,0
41.3800,-111.9200,1422
47.9900,-120.5700,2540
42.7600,-116.9000,889
61.0700,-149.4800,2134
36.5759,-82.2155,218
36.1967,-86.6055,119
36.3100,-115.6800,914
40.8900,-105.6600,1600
45.6528,-84.4725,2540
33.3700,-108.7100,1092
41.7500,-117.5300,178
33.6239,-117.6275,0
37.7100,-107.5100,2565
39.8000,-106.0300,2007
47.1556,-53.4722,36
47.1800,-114.3300,2642
61.7900,-149.2800,1676
33.3143,-84.5368,0
43.7700,-114.4200,2032
48.2064,-106.6256,0
36.0212,-84.2234,109
40.4624,-90.7452,0
39.0400,-108.5210,0
43.2100,-111.6900,2311
36.9900,-105.2600,1245
47.6800,-121.6100,0
44.0866,-103.3701,56
38.3000,-119.5500,0
42.7300,-106.3200,1676
41.8633,-89.2257,475
33.8591,-84.2010,0
46.8700,-121.5300,2337
41.4700,-111.5000,3937
48.8600,-121.4400,7823
36.1300,-105.5300,0
41.4089,-87.3899,295
43.4500,-122.1400,2134
37.9661,-87.5371,0
38.9036,-76.7259,86
47.6049,-120.6687,0
38.0700,-112.1700,1346
38.7900,-111.6900,1702
45.0600,-109.9400,6604
44.7300,-109.9100,4750
40.9436,-74.1523,584
44.7584,-108.7769,0
42.7500,-118.6900,914
45.0700,-118.1500,1702
45.4943,-110.2250,170
39.1600,-114.6100,1702
43.8000,-121.9500,2057
37.8500,-107.7300,1956
44.5300,-111.4100,3785
40.0177,-105.1288,137
37.1499,-93.3310,173
34.3100,-110.7500,0
64.7900,-141.2300,838
42.2700,-110.8100,2692
39.1223,-77.8187,0
43.3194,-88.1681,389
44.8700,-118.1100,178
43.7003,-71.4664,1245
43.8977,-78.8744,203
42.6500,-109.2600,2108
40.6700,-111.2200,2032
39.8626,-74.1410,66
60.6200,-149.5300,787
43.6100,-113.9300,1168
46.7800,-121.7500,4801
64.9500,-145.5200,787
39.8700,-105.8700,3505
42.3523,-74.5783,859
41.7400,-115.4700,1575
42.3778,-87.9674,292
40.1700,-107.0600,2261
47.7446,-122.5097,0
33.6500,-109.3100,1549
42.8230,-86.0678,305
47.2700,-113.7600,8103
44.1100,-103.9800,1118
47.4669,-121.6806,0
41.9872,-98.0747,0
45.5100,-111.9200,3073
42.6602,-73.8103,826
31.8449,-102.4858,0
38.7338,-120.7110,0
39.1700,-120.1500,0
40.0800,-106.6700,1981
39.0500,-107.8700,2413
30.6903,-97.8564,0
44.7900,-111.7100,2134
45.1900,-115.9700,5055
44.8400,-114.2700,1981
43.2700,-115.3500,1041
36.2247,-92.2874,157
46.7544,-117.0005,0
44.3800,-116.3400,0
61.1100,-149.6700,813
39.1300,-111.4400,2718
42.7100,-118.6300,4928
37.5059,-77.1753,127
40.1498,-87.6267,0
42.2800,-105.5800,1245
41.5200,-117.6300,0
44.5292,-109.0755,0
42.0842,-72.0225,678
38.3029,-104.7910,0
41.3800,-106.3500,5944
38.8900,-106.9500,2057
39.3100,-111.4300,1880
46.7281,-116.9558,0
39.7275,-79.9131,0
41.0164,-93.2792,0
42.3297,-78.4633,686
41.9200,-111.4700,2921
38.2456,-78.2703,127
42.9600,-121.1800,0
39.9513,-105.0329,25
39.1125,-104.8590,79
40.7400,-110.6200,2616
40.5500,-110.6900,1016
44.9047,-107.1687,69
38.7964,-95.8056,13
40.3189,-79.3894,102
44.2600,-119.0200,0
40.6100,-109.8900,762
66.9200,-151.5300,787
48.5200,-120.7400,6274
34.2917,-83.3236,0
43.5200,-110.9100,5004
38.3000,-112.3600,1600
35.9070,-75.6819,20
35.7800,-105.5400,1930
41.7800,-116.0300,635
44.6209,-106.8029,97
41.4854,-71.6291,229
44.8100,-107.4100,1092
39.1911,-77.0069,0
44.3300,-122.0900,0
28.1669,-81.8219,0
43.7800,-110.9300,7772
41.3200,-116.3400,2362
48.6900,-117.1800,2819
41.4792,-79.4433,914
39.4494,-74.5672,76
43.6107,-73.0466,815
40.0400,-105.7500,2921
45.1703,-84.4397,0
46.1200,-117.8500,2591
42.0800,-123.3400,0
47.2700,-121.3400,1016
35.6489,-78.8171,18
32.2529,-80.7350,0
42.6617,-71.9358,0
41.8017,-74.7400,762
43.3900,-110.1300,2591
40.2800,-115.5300,2210
44.1300,-110.8300,6299
37.5200,-107.3200,2413
44.1600,-107.1300,2184
35.8628,-86.2398,0
42.2180,-112.6360,0
43.8700,-114.7100,4166
37.6500,-107.8100,660
