36.9033,-76.1922,57
36.7800,-119.7194,38
45.5644,-84.7928,31
38.5911,-92.1558,42
47.9375,-124.5550,12
40.2964,-78.3203,55
36.9878,-120.1106,34
47.0339,-120.5303,68
21.3239,-157.9294,60
43.2339,-75.4117,54
48.5428,-109.7633,73
66.9161,-151.5089,31
42.8153,-108.7261,33
39.4781,-88.2803,37
41.7872,-111.8533,31
40.6825,-74.1694,73
29.6919,-82.2756,12
33.6300,-84.4417,36
43.7300,-113.8300,11
38.3083,-75.1239,48
26.5361,-81.7550,32
38.8853,-79.8528,37
41.9856,-97.4353,82
34.5467,-93.5781,10
41.2003,-74.6231,32
40.6508,-75.4492,52
45.8258,-119.2611,55
36.1625,-97.0894,46
36.3200,-115.7000,13
41.7700,-88.4814,38
42.8375,-103.0953,37
36.1300,-105.5300,5
35.2100,-99.1200,61
35.2578,-113.9331,62
38.3775,-121.9575,42
47.2381,-123.1408,38
41.8706,-103.5931,33
30.7044,-87.0231,29
35.2325,-75.6219,47
60.1283,-149.4167,42
34.6081,-79.0592,23
30.5108,-99.7664,38
35.4111,-80.5833,0
48.1739,-103.6367,58
41.5333,-71.2833,42
41.7072,-86.3164,36
37.1681,-97.0369,48
45.6906,-118.8528,51
38.0408,-84.6058,26
37.3592,-121.9239,28
45.4622,-69.5953,57
45.1947,-123.1339,26
43.7700,-88.4864,36
31.2819,-89.2531,13
39.4167,-118.7167,32
41.4653,-90.5233,42
30.8356,-85.1839,14
34.7436,-118.7242,56
37.5050,-77.3203,48
34.2486,-82.1592,13
48.5222,-123.0231,26
36.9839,-77.0075,19
35.1442,-111.6664,45
43.1072,-78.9453,50
45.7881,-111.1608,28
34.1750,-91.9347,30
31.6072,-110.4281,40
34.2167,-119.0833,28
37.0911,-95.5664,26
27.9619,-82.5403,25
44.0511,-101.6011,39
48.2138,-106.6213,71
38.7525,-90.3736,38
38.2281,-85.6636,21
41.1961,-112.0114,33
41.5631,-83.4764,39
31.5356,-84.1944,15
40.2769,-74.8158,51
42.5700,-72.2911,54
40.1203,-76.2944,64
38.5069,-121.4950,41
39.7750,-105.1169,0
31.3558,-85.7511,10
38.7042,-93.1833,47
45.0800,-117.5500,1
27.4014,-82.5586,35
43.7600,-116.1000,12
42.8975,-106.4636,32
39.8250,-86.2958,31
44.2558,-121.1392,25
38.0442,-87.5206,25
37.4058,-122.0481,27
46.3747,-117.0156,35
26.1522,-81.7753,33
27.7411,-98.0247,50
29.1097,-95.4619,38
33.6267,-116.1594,31
55.3567,-131.7117,38
28.1011,-80.6439,38
36.5100,-106.3200,430
70.6392,-159.9950,77
37.9272,-100.7247,60
41.9144,-88.2464,38
32.7000,-117.2000,37
41.6328,-91.5431,41
39.5781,-85.8033,31
32.8519,-96.8556,51
41.5272,-85.7922,35
37.7797,-89.2497,24
42.3811,-122.8722,13
42.5519,-71.7558,50
40.4847,-80.2144,44
42.7172,-71.1239,49
70.1917,-148.4772,50
41.8833,-91.7167,48
42.2314,-83.3308,34
27.5333,-99.4667,45
36.2606,-76.1750,45
48.3500,-122.6667,19
29.1828,-81.0483,15
33.6542,-101.8136,70
35.5342,-97.6469,56
43.7600,-115.2400,12
35.8181,-83.9858,37
35.2236,-80.9553,25
31.0425,-86.3117,13
37.3031,-108.6275,28
32.2997,-86.4075,18
39.8344,-88.8656,41
33.3633,-84.5658,23
38.9408,-77.4636,64
33.9228,-118.3342,30
42.1594,-76.8919,39
41.2639,-72.8872,41
62.9614,-141.9292,14
60.7850,-148.8389,29
35.6875,-117.6931,64
36.9358,-121.7886,26
39.3669,-101.7000,86
9.4833,138.0833,37
44.3592,-84.6739,34
34.7000,-77.3833,46
33.6883,-112.0817,34
40.6386,-73.7622,74
35.0281,-110.7208,44
44.3394,-105.5419,19
38.8317,-94.8897,50
43.5164,-112.0672,46
47.5303,-122.3008,30
46.0139,-102.6547,52
31.1522,-81.3908,26
32.6500,-114.6167,50
36.4486,-103.1539,47
37.5908,-83.3131,10
39.0083,-95.2117,44
33.9381,-118.3889,42
40.1100,-87.9567,27
55.0389,-131.5786,15
18.3331,-64.9667,59
35.8517,-97.4142,44
44.7408,-85.5825,26
39.4300,-120.3100,10
30.4781,-87.1869,21
7.0833,171.3833,42
39.2972,-94.7306,57
39.6014,-116.0056,55
32.6261,-116.4681,36
41.3336,-75.7269,45
40.8097,-124.1603,12
43.1644,-95.2017,90
44.7900,-116.0900,25
39.5264,-107.7264,31
33.8719,-117.9789,26
40.4953,-107.5211,31
43.0661,-108.4767,38
30.4119,-89.0808,24
57.0481,-135.3647,23
27.6833,-97.2833,64
43.4075,-94.7461,102
43.4133,-124.2436,21
43.6264,-72.3047,43
40.8764,-74.2831,40
41.0669,-73.7075,66
60.7850,-161.8292,56
31.3089,-86.3939,12
40.3300,-75.1225,40
71.2833,-156.7814,62
42.0647,-104.1528,24
35.1350,-90.2344,32
31.8606,-86.0122,17
30.9119,-102.9167,47
40.7833,-91.1253,46
33.2208,-92.8142,31
32.6636,-97.0939,43
26.9172,-81.9914,28
30.7797,-86.5225,15
36.5728,-79.3361,26
38.0494,-103.5122,55
40.3161,-78.8339,60
38.6956,-121.5897,55
39.7194,-76.8028,58
30.4636,-88.5319,20
43.5667,-116.2406,21
38.8483,-77.0342,70
42.0800,-80.1825,38
41.6267,-73.8842,39
36.1306,-80.5481,40
42.6650,-83.4181,42
40.5300,-106.7800,7
40.9339,-72.7394,31
42.2333,-83.5333,37
29.2733,-94.8592,59
38.8100,-104.6883,36
38.3306,-96.1897,48
24.5833,-81.6833,58
43.8000,-114.8500,12
39.1258,-123.2008,18
57.7511,-152.4856,47
62.9575,-155.6103,18
26.2500,-80.1083,48
37.3278,-95.5042,21
21.9839,-159.3405,73
38.9503,-95.6639,45
47.3600,-121.5700,0
44.4911,-71.5725,22
34.0500,-94.4008,38
30.3208,-97.7603,19
44.2100,-110.6700,16
59.7494,-154.9089,73
34.8831,-82.2203,16
42.1578,-72.7161,62
38.4167,-113.0167,74
42.7267,-114.4564,32
33.2367,-107.2681,33
31.8311,-104.8089,87
46.9253,-96.8111,84
43.6497,-70.3003,57
47.2856,-68.3133,74
42.1244,-86.4267,22
40.3667,-75.9667,58
44.4683,-73.1500,45
35.5144,-108.7939,43
41.1783,-78.8989,45
13.4836,144.7961,60
44.3592,-89.8369,30
47.4733,-111.3822,52
37.3711,-118.3581,62
32.3500,-91.0278,27
32.8167,-115.6833,49
42.9333,-71.4383,55
39.1342,-108.5400,39
43.2781,-70.9222,60
45.5406,-122.9486,26
36.4731,-82.4044,14
43.3500,-73.6167,46
37.1467,-94.5022,39
34.7500,-111.4100,473
42.3978,-90.7036,37
28.8614,-96.9303,31
41.5944,-109.0528,38
35.6542,-105.1419,32
40.4719,-81.4236,29
28.8208,-81.8097,24
36.3333,-119.9500,41
37.9050,-93.3169,9
45.2575,-112.5545,34
41.4131,-81.8600,42
41.3931,-70.6150,44
30.7825,-83.2767,11
36.2117,-115.1958,60
39.7075,-86.2803,36
39.7556,-82.6572,29
42.1908,-71.1736,47
33.4278,-112.0039,43
39.0431,-84.6717,28
41.7219,-71.4325,54
37.7081,-77.4344,24
33.8750,-84.3022,28
44.8428,-117.8086,27
42.5544,-92.4011,53
35.6697,-120.6283,40
31.1500,-92.9667,9
36.7414,-104.5022,31
35.9461,-112.1547,47
38.5039,-122.8103,21
47.6458,-101.4394,70
32.3206,-90.0778,23
48.2553,-101.2733,67
38.3000,-76.4167,73
46.0261,-91.4442,25
45.6194,-121.1661,51
43.7331,-103.6114,18
44.3814,-106.7211,27
39.9492,-74.8417,46
41.8031,-78.6403,47
42.4819,-114.4869,37
43.3436,-72.5178,34
30.1831,-97.6800,29
24.5550,-81.7522,54
41.4333,-99.6333,88
28.9844,-95.3808,13
42.9600,-121.1800,5
37.1319,-76.4930,38
42.1208,-87.9047,30
27.9106,-82.6875,32
40.8206,-76.8642,39
27.6531,-80.2428,33
40.0681,-118.5692,35
40.1550,-103.1417,63
32.5500,-88.5667,24
30.5844,-97.4156,13
42.4167,-87.8667,30
32.4106,-99.6822,61
32.5428,-93.7450,25
35.4344,-119.0542,26
37.3208,-79.2067,26
36.0236,-84.2375,19
39.4900,-121.6183,50
37.7064,-112.1456,43
33.8117,-78.7239,28
41.5886,-83.8014,36
46.9208,-114.0925,47
44.9047,-97.1494,90
38.3406,-75.5103,55
43.0303,-78.1692,58
30.3975,-84.3289,22
27.7839,-97.5108,64
45.0133,-84.7014,22
40.9706,-85.2064,38
44.1708,-114.9272,27
29.6222,-95.6564,31
25.9989,-80.2411,42
31.2361,-94.7544,34
43.5331,-84.0797,38
34.2719,-83.8303,22
38.6892,-75.3592,30
43.1561,-90.6775,21
42.1997,-75.9850,47
40.0228,-82.4625,26
61.5961,-149.0917,27
39.3756,-99.8297,55
39.4839,-119.7711,33
33.1803,-96.5903,39
48.4608,-119.5167,16
46.2400,-117.3900,12
44.9319,-93.0556,56
39.2447,-102.2842,89
39.9181,-76.8742,50
36.6206,-116.0278,72
41.1214,-100.6694,66
41.7419,-72.1836,38
45.5114,-118.4247,5
44.3206,-69.7972,57
41.2433,-76.9217,45
47.7472,-90.3444,6
32.2622,-107.7206,18
33.1281,-117.2794,32
36.2967,-99.7689,58
40.9167,-81.4333,39
44.0206,-117.0128,26
18.4325,-66.0108,57
32.4833,-80.7167,24
45.6308,-89.4653,21
42.8050,-72.0036,34
60.4889,-145.4511,16
35.7800,-105.5400,2
47.9428,-97.1839,55
41.7803,-124.2367,15
47.8344,-120.0006,0
31.9514,-85.1289,9
42.7461,-86.0967,22
36.1336,-80.2222,33
39.3792,-74.4242,40
36.7900,-105.2400,2
32.8986,-80.0403,24
40.8289,-115.7886,21
42.4100,-121.6800,4
40.7939,-73.1017,66
44.5169,-108.0822,31
7.4500,151.8333,54
36.0097,-94.1694,23
44.4983,-88.1111,29
7.3333,134.4833,27
32.5161,-84.9422,19
41.3275,-72.0494,53
29.5442,-98.4839,34
34.7675,-114.6189,56
42.3914,-96.3792,84
40.6239,-74.6694,44
39.9914,-82.8808,40
42.7972,-105.3856,36
44.9258,-89.6256,27
39.1353,-96.6778,38
39.3903,-94.5553,18
34.6294,-118.0836,51
41.4525,-87.0058,35
27.7628,-82.6261,30
43.1711,-86.2367,33
64.8039,-147.8761,23
47.3000,-121.6000,6
48.3042,-114.2636,48
38.5714,-90.1572,26
32.0311,-96.3989,41
36.0000,-106.8300,4
44.1278,-123.2206,24
32.9733,-97.3181,38
33.5872,-85.8556,20
44.3853,-74.2067,27
42.9203,-112.5711,39
35.2372,-120.6414,30
41.9097,-70.7294,44
37.2839,-98.5528,39
40.6331,-93.9019,39
25.6475,-80.4331,50
33.4050,-118.4158,33
33.4964,-90.0867,27
29.3389,-98.4719,35
66.8667,-162.6333,84
34.6517,-112.4208,43
34.9914,-78.8803,33
21.4500,-157.7833,52
32.8978,-97.0189,45
34.8994,-120.4486,26
40.9781,-124.1086,22
35.8311,-90.6464,34
34.3447,-108.4922,0
37.6242,-120.9506,34
24.7258,-81.0517,40
35.0311,-85.2014,46
36.3100,-115.6800,8
21.1544,-157.0961,66
59.5119,-139.6711,15
38.2103,-122.2847,47
41.5097,-72.8278,48
34.5183,-109.3792,47
31.8111,-106.3758,29
30.6264,-88.0681,26
32.8158,-117.1394,32
34.4258,-119.8425,28
42.7803,-84.5789,26
32.5722,-116.9794,32
44.8831,-93.2289,64
35.3331,-94.3625,42
36.8781,-91.9025,34
32.7817,-98.0603,42
30.7439,-95.5861,21
39.7506,-92.5064,31
44.3744,-70.3164,31
29.3331,-89.4075,19
44.3800,-116.3400,15
42.3075,-85.2511,32
31.3072,-95.4508,4
47.9742,-117.4283,40
40.1936,-76.7633,68
34.6719,-82.8864,12
47.2675,-122.5761,31
37.7836,-81.1231,44
38.9597,-94.3714,37
44.7694,-106.9689,14
37.6197,-122.3647,53
41.1014,-102.9847,50
40.6675,-89.6839,36
40.8300,-111.7600,16
40.1667,-103.2167,60
31.5358,-82.5067,9
34.1231,-84.8486,14
59.4556,-135.3239,33
40.7083,-84.0267,45
40.2064,-100.5914,74
37.6544,-97.4425,54
30.3361,-81.5147,22
43.9636,-69.7117,17
38.7550,-109.7542,52
43.9906,-70.9475,40
17.7028,-64.8056,62
37.0872,-84.0769,20
55.5800,-133.0750,22
48.1203,-123.4983,31
46.6461,-119.9061,0
38.8761,-98.8092,73
39.7333,-77.4333,22
44.0433,-103.0536,36
39.3100,-111.4300,36
43.9658,-107.9508,26
35.7700,-105.7800,7
44.0219,-82.7931,41
34.9869,-81.0575,13
32.8342,-115.5786,35
43.2389,-123.3547,12
38.8000,-97.6500,56
36.9600,-106.6600,8
26.1839,-98.2539,51
37.1431,-107.7597,24
37.2353,-93.4003,57
28.0622,-81.7542,32
39.7078,-77.7297,63
46.7708,-100.7603,65
34.8364,-92.2619,37
38.7642,-87.6056,32
30.6794,-88.2397,22
44.7978,-68.8186,56
39.5703,-104.8489,39
41.6117,-90.5808,46
57.1553,-170.2222,67
31.3711,-100.4922,47
36.7725,-90.3247,26
37.6542,-122.1150,40
45.6044,-103.5464,52
29.7333,-85.0333,25
39.6428,-79.9164,28
41.3325,-122.3328,2
42.5906,-117.8644,38
42.5950,-87.9381,36
47.0492,-109.4578,67
43.0206,-102.5183,66
46.8369,-92.2097,44
37.9917,-122.0550,46
44.8664,-91.4878,35
33.1783,-86.7817,10
40.2342,-85.3936,35
47.3978,-120.2014,39
30.3489,-85.7881,19
45.4353,-67.7214,107
32.8667,-117.1333,29
33.4617,-80.8581,14
34.2900,-93.0600,34
60.5797,-151.2392,28
47.3864,-92.8389,27
47.2078,-119.3192,49
36.2500,-115.6300,20
44.2667,-71.2994,231
41.7861,-87.7522,46
41.0467,-78.4117,46
42.8939,-85.5447,30
42.3200,-120.8300,10
27.5000,-97.8167,47
35.6575,-109.0614,41
36.1900,-105.5600,5
27.4981,-80.3767,33
29.7036,-98.0281,37
38.1811,-85.7392,33
40.5175,-122.2986,30
36.1189,-86.6892,34
39.4019,-77.9844,53
46.7439,-117.1086,33
40.8436,-72.6322,54
47.8306,-110.6608,13
39.8447,-89.6839,43
33.2119,-87.6161,26
45.2486,-122.7686,28
45.5464,-100.4078,70
31.9433,-102.1889,64
35.9403,-89.8308,33
47.6831,-117.3214,31
28.5453,-81.3331,29
35.6567,-95.3614,63
39.2292,-106.3169,24
59.6419,-151.4908,21
40.7342,-73.4169,60
29.3600,-99.1742,41
70.2117,-151.0017,51
36.8600,-106.2300,439
41.0089,-74.7367,26
29.9800,-95.3600,35
32.7336,-117.1831,32
41.8056,-107.1997,51
30.0494,-90.0289,39
39.4717,-76.1697,27
45.6478,-68.6925,47
55.2208,-162.7325,111
44.3814,-100.2856,76
44.5483,-95.0803,89
41.3714,-73.4828,34
25.9156,-97.4186,49
32.3367,-90.2214,18
41.6875,-69.9933,34
39.9508,-119.5986,27
43.9042,-92.4917,63
40.0819,-75.0111,58
41.4914,-120.5644,23
31.4000,-93.2833,13
44.5228,-114.2150,27
43.3497,-76.3847,55
42.1928,-89.0931,32
33.4536,-94.0075,30
38.6572,-90.6558,25
44.9358,-74.8458,42
38.1847,-84.9033,20
38.5000,-77.3000,68
35.8922,-78.7819,16
28.7797,-81.2436,33
34.1853,-79.7239,29
30.5372,-91.1469,23
28.4567,-99.2183,48
33.4825,-90.9853,36
30.3567,-95.4139,32
41.2544,-80.6739,37
33.9486,-81.1186,14
36.6817,-101.5053,38
39.4519,-87.3089,26
43.8339,-111.8045,36
47.4569,-115.6450,20
41.2731,-111.0306,48
44.5761,-71.1786,39
30.3433,-89.8222,18
48.5614,-93.3981,32
32.1300,-81.2100,21
39.7736,-94.9233,48
39.1900,-120.2600,36
26.1969,-80.1708,53
33.0375,-116.9158,29
39.3450,-81.4392,21
58.6794,-156.6294,61
46.9006,-95.0678,51
33.9519,-117.4386,28
39.2900,-117.1100,12
30.5069,-86.9597,21
41.8678,-84.0794,35
37.0683,-88.7719,28
36.0300,-106.8100,5
39.4206,-79.0050,76
45.6983,-110.4408,59
47.4933,-122.2144,18
35.4319,-82.5375,52
37.7461,-97.2211,47
40.2383,-75.5572,44
36.7683,-96.0261,28
46.4167,-86.6500,25
46.9258,-98.6692,81
31.9206,-102.3867,61
43.1167,-77.6767,51
36.1994,-95.8872,43
36.0394,-95.9844,41
41.5175,-81.6836,45
34.8822,-95.7831,28
45.7728,-122.8611,20
41.6264,-80.2150,36
42.0572,-102.8000,59
40.8250,-92.8925,40
36.6950,-76.1356,42
38.1311,-91.7683,40
39.8233,-93.5792,32
45.0717,-83.5644,41
46.8706,-68.0172,55
38.1386,-78.4530,36
41.3497,-71.7989,34
39.1033,-84.4189,22
40.8731,-81.8867,41
34.8536,-116.7858,69
41.7806,-122.4717,26
44.6381,-90.1875,39
30.4000,-81.4167,30
42.5417,-113.7661,20
39.1667,-76.6833,50
40.1519,-122.2536,38
31.5883,-110.3442,33
44.8889,-116.1017,35
46.4267,-105.8825,64
35.6950,-101.3950,40
32.7667,-97.4500,38
33.9786,-98.4928,51
45.5433,-94.0514,50
41.3103,-95.8992,72
37.7608,-99.9683,68
39.2231,-106.8683,24
28.4736,-82.4544,16
42.2667,-84.4667,30
48.6033,-112.3753,36
34.4978,-82.7097,13
46.1569,-123.8825,26
41.6236,-98.9517,73
36.6239,-87.4194,30
39.5514,-97.6508,64
39.9369,-91.1919,44
47.9078,-122.2803,31
31.4583,-109.6061,36
42.4933,-79.2722,41
32.3336,-104.2581,37
15.1167,145.7167,77
34.2008,-119.2069,36
43.2119,-90.1814,28
48.7167,-94.6000,47
47.4444,-122.3139,28
34.6525,-86.9453,28
35.9333,-79.0642,19
34.7917,-79.3661,24
33.6800,-117.8664,31
37.2253,-89.5706,28
34.7411,-118.2117,82
6.9667,158.2167,38
43.3906,-99.8422,111
32.4506,-93.8411,31
36.0719,-115.1633,72
42.4272,-73.2892,51
31.4208,-110.8458,42
42.2347,-85.5519,29
40.9017,-117.8081,26
33.6361,-91.7556,22
34.8461,-82.3461,32
39.8683,-75.2311,70
35.5953,-82.5567,18
39.2956,-80.2289,28
41.7636,-96.1778,84
-14.3306,-170.7136,63
46.6056,-111.9636,41
46.0947,-118.2869,53
45.4558,-98.4131,98
30.0675,-95.5561,22
35.0761,-89.7430,27
42.1094,-77.9919,56
37.4389,-105.8614,28
46.9728,-123.9303,31
48.8700,-121.7900,0
42.5844,-110.1075,35
34.5583,-98.4172,48
42.5842,-70.9175,51
34.2675,-77.8997,34
26.2281,-97.6542,55
42.9667,-83.7494,35
37.6928,-121.8144,45
26.1658,-97.3458,59
40.8508,-96.7475,67
41.8161,-80.4250,45
22.0333,-159.7833,27
42.9486,-78.7369,48
26.0719,-80.1536,51
40.2172,-76.8514,57
38.3794,-81.5900,24
32.7100,-96.2672,43
35.6169,-106.0889,41
34.7336,-76.6606,41
41.9922,-93.6217,61
39.7053,-105.6997,18
40.5100,-101.6200,83
40.4422,-109.5144,22
31.3928,-92.2956,12
44.5344,-72.6144,35
40.6044,-98.4272,64
30.0375,-91.8839,26
37.2622,-104.3378,38
36.0969,-79.9433,30
43.8789,-91.2528,36
34.7442,-87.5997,22
32.8192,-97.3614,40
46.1442,-115.5964,8
38.4000,-119.5400,23
40.4122,-86.9369,27
40.8600,-102.8031,22
35.9200,-106.3900,4
34.2006,-118.3575,31
34.2097,-118.4892,26
39.1894,-103.7158,56
39.3600,-106.0600,10
46.9733,-122.9033,27
30.8458,-85.6014,9
63.9944,-145.7214,44
44.2033,-72.5794,47
36.5881,-121.8453,28
46.3583,-104.2500,51
33.9481,-83.3275,13
30.3503,-81.8831,17
42.2228,-83.7444,33
38.5050,-107.8975,38
36.3689,-92.4703,30
34.7272,-92.2389,28
40.0803,-95.5919,51
47.3258,-106.9475,48
32.8547,-109.6353,35
33.6186,-114.7142,58
30.2050,-91.9875,16
39.3644,-84.5247,25
33.3644,-81.9633,13
36.7367,-97.1019,56
34.4272,-100.2831,60
41.9381,-72.6825,53
47.4667,-87.8833,35
38.2900,-104.4983,35
42.5708,-77.7133,39
40.9611,-98.3136,82
30.4000,-86.4717,17
30.4844,-81.7019,21
39.6092,-110.7547,39
38.9833,-76.4667,53
40.0972,-92.5433,50
39.1333,-86.6167,21
19.7192,-155.0531,29
45.8678,-95.3942,80
41.3461,-82.1794,41
33.6228,-111.9106,26
41.1078,-92.4467,56
44.3675,-71.5450,43
39.5936,-84.2264,32
39.0725,-95.6261,43
37.7086,-113.0944,66
20.8997,-156.4286,69
41.1389,-75.3794,64
41.3119,-105.6747,23
41.1583,-73.1289,52
42.8914,-73.2469,38
35.5931,-88.9167,23
43.7667,-98.0333,105
37.8892,-121.2258,47
41.9950,-87.9336,43
67.7317,-164.5483,91
42.4092,-83.0100,32
36.9500,-76.2833,61
29.5622,-91.5256,11
46.4794,-84.3572,37
34.0158,-118.4514,27
40.8500,-74.0614,58
33.2061,-97.1989,42
45.5908,-122.6003,34
62.3200,-150.0950,18
29.9506,-94.0206,38
32.1314,-110.9553,33
47.3078,-119.5153,46
32.3542,-95.4025,48
38.6644,-94.8900,13
26.5850,-81.8614,24
42.2706,-71.8731,66
61.2169,-149.8550,19
42.6958,-73.1708,34
36.7200,-106.2600,6
43.1544,-93.3269,71
35.2333,-101.7089,49
40.0489,-107.8853,27
42.7611,-87.8136,25
42.3606,-71.0106,64
36.6636,-121.6081,28
32.7800,-79.9319,26
34.6242,-106.3103,0
31.7800,-103.2017,59
37.9406,-75.4631,50
31.3214,-85.4497,22
61.1000,-149.6936,4
45.8183,-88.1144,23
59.2433,-135.5094,50
48.7200,-116.4600,9
36.9261,-111.4478,33
37.2833,-102.6139,57
33.4669,-82.0386,24
34.0511,-118.2353,16
33.2194,-117.3494,31
46.5486,-90.9189,24
43.1953,-71.5011,53
44.3981,-98.2231,97
39.6728,-75.6008,64
39.4494,-74.5672,64
41.5092,-74.2650,47
35.0419,-106.6156,40
46.2667,-119.1167,56
31.3500,-85.6667,21
62.1592,-145.4589,42
39.4203,-83.8217,36
34.0561,-117.6003,32
36.7436,-108.2292,25
56.6000,-169.5650,85
32.3847,-94.7117,33
41.6686,-70.2800,41
39.8328,-104.6575,51
38.8983,-119.9947,30
26.6847,-80.0994,52
43.9844,-88.5569,32
41.0731,-71.9233,36
41.7781,-80.6958,33
40.3547,-79.9217,33
32.6808,-96.8681,39
33.3075,-104.5083,32
46.5683,-120.5428,15
40.3000,-111.2600,15
34.2622,-88.7714,31
44.8322,-93.4706,66
31.3347,-92.5586,26
29.6381,-95.2819,32
41.0375,-81.4642,37
48.7939,-122.5372,46
40.1764,-80.6472,35
35.0028,-105.6628,69
29.5189,-95.2417,38
39.2953,-114.8467,72
36.0167,-102.5500,46
61.1781,-149.9664,24
40.7794,-73.8803,76
59.4433,-151.7017,19
35.0564,-89.9864,36
33.5656,-86.7450,22
36.3189,-119.6289,33
38.8169,-92.2183,50
37.6703,-95.4842,41
46.1236,-67.7928,51
36.9900,-105.2600,6
44.9050,-123.0011,34
38.7667,-104.3000,46
41.3375,-84.4289,39
43.9922,-76.0217,43
40.0397,-88.2778,46
47.6497,-120.0800,13
38.0511,-117.0903,64
45.0319,-102.0192,42
41.7361,-72.6506,41
34.6439,-86.7861,35
29.3783,-100.9269,46
40.9656,-105.2186,49
36.8167,-76.0333,57
29.9933,-90.2511,29
42.4700,-71.2894,49
45.0619,-93.3508,51
45.5511,-122.4089,22
42.6003,-123.3642,22
29.6333,-83.1053,10
19.7356,-156.0489,37
46.7994,-102.7972,61
39.1019,-121.5678,53
32.5156,-92.0406,25
30.7167,-87.0167,17
25.9069,-80.2803,47
42.7431,-73.8092,61
45.8069,-108.5422,36
42.9550,-87.9044,31
38.3650,-82.5550,22
43.1406,-89.3453,32
37.2958,-81.2078,32
25.7906,-80.3164,49
30.0481,-102.2131,47
31.6189,-97.2283,49
39.2775,-120.7103,32
30.1250,-93.2158,30
33.8117,-118.1464,34
44.5444,-110.4211,12
35.3889,-97.6006,58
32.3347,-88.7442,27
42.6425,-77.0564,48
43.5950,-118.9564,28
36.9647,-86.4239,21
41.4000,-107.2600,10
30.2333,-81.6667,29
39.1208,-94.5969,42
42.8783,-100.5500,90
35.0169,-80.6206,26
47.6428,-115.9172,0
42.7900,-121.9800,0
35.1967,-81.1558,16
31.4156,-87.0442,17
41.0136,-83.6686,43
39.3667,-75.0667,58
43.1111,-76.1039,51
41.1519,-104.8061,25
34.9883,-117.8647,72
66.0689,-162.7639,44
37.7214,-122.2208,54
39.9444,-81.8922,26
43.7694,-87.8506,29
64.5111,-165.4400,66
45.6689,-96.9914,99
41.8756,-71.0211,31
42.1128,-92.9175,65
39.8000,-106.0300,372
18.2550,-65.6408,47
21.3167,-158.0667,23
41.2531,-70.0608,51
28.7247,-96.2536,51
45.6208,-122.6572,21
35.0678,-77.0481,36
40.8217,-72.8689,53
42.1469,-121.7242,10
36.2833,-94.3000,36
45.8619,-96.5650,139
33.8281,-116.5053,38
33.7792,-84.5214,24
35.9508,-85.0814,31
38.1417,-76.4292,40
45.9647,-112.5006,36
48.0944,-105.5744,64
46.4047,-94.1308,36
35.7425,-81.3819,21
64.5500,-149.0717,47
64.3267,-158.7417,14
34.9000,-76.8833,42
36.0700,-105.6300,11
38.0653,-97.8606,54
41.5339,-93.6531,62
34.3478,-85.1611,34
28.0836,-97.0464,69
36.2667,-93.1567,41
61.1689,-150.0278,31
40.8203,-82.5178,36
38.0700,-102.6881,54
40.7789,-73.9692,33
37.2847,-120.5128,35
35.2578,-93.0947,16
33.9753,-117.6361,31
41.6764,-70.9583,37
47.1686,-88.4889,43
38.8500,-94.7392,42
40.6161,-83.0636,45
32.6847,-83.6528,17
31.1828,-90.4708,17
43.5878,-96.7289,89
30.5892,-96.3647,39
28.4339,-81.3250,25
39.9061,-84.2186,36
64.7767,-141.1483,11
47.6217,-117.5281,38
34.3622,-98.9761,54
35.8550,-77.8931,28
40.0781,-83.0781,43
37.3169,-79.9742,51
44.6500,-73.4667,46
35.1822,-103.6031,25
30.7406,-98.2353,35
33.9706,-80.9958,9
40.7781,-111.9694,48
58.3567,-134.5639,25
