32.5667,-117.1167,1548
30.0494,-90.0289,2326
43.9906,-70.9475,1547
45.6194,-121.1661,1841
34.2008,-119.2069,1806
64.7767,-141.1483,1438
35.0169,-80.6206,35
38.3000,-76.4167,835
41.3461,-82.1794,17
37.7461,-97.2211,600
34.9883,-117.8647,1722
39.7333,-77.4333,1121
41.6764,-70.9583,1946
42.2333,-83.5333,816
36.7414,-104.5022,1336
41.2531,-70.0608,2148
31.3558,-85.7511,2035
37.3278,-95.5042,1410
41.6264,-80.2150,517
60.1283,-149.4167,2157
61.2169,-149.8550,1807
64.5500,-149.0717,2150
36.9839,-77.0075,1429
40.0681,-118.5692,1622
38.8761,-98.8092,206
41.0089,-74.7367,1517
26.5361,-81.7550,1713
64.3267,-158.7417,1351
41.9097,-70.7294,1826
42.6958,-73.1708,1540
42.6425,-77.0564,310
41.6686,-70.2800,1931
59.7494,-154.9089,1617
37.0911,-95.5664,1430
39.9369,-91.1919,1745
41.4525,-87.0058,22
40.8764,-74.2831,1825
42.5519,-71.7558,2041
32.5428,-93.7450,747
41.2639,-72.8872,2238
62.3200,-150.0950,1825
47.5303,-122.3008,2334
42.1094,-77.9919,1355
34.9869,-81.0575,41
40.8436,-72.6322,2216
41.0731,-71.9233,2138
36.3333,-119.9500,1816
33.4050,-118.4158,1533
40.8217,-72.8689,2300
42.4092,-83.0100,3
35.6169,-106.0889,1227
41.5631,-83.4764,747
30.7797,-86.5225,1025
38.6956,-121.5897,2342
27.9106,-82.6875,1406
40.1203,-76.2944,1624
32.7667,-97.4500,2151
38.4167,-113.0167,1251
46.4167,-86.6500,1442
47.9078,-122.2803,1618
45.8183,-88.1144,1653
66.9161,-151.5089,1327
41.5333,-71.2833,2029
28.4736,-82.4544,1050
17.7028,-64.8056,941
48.5222,-123.0231,1618
40.6161,-83.0636,437
42.4167,-87.8667,24
70.6392,-159.9950,2020
31.9514,-85.1289,1801
35.9333,-79.0642,1127
18.3331,-64.9667,2328
41.8678,-84.0794,730
44.3675,-71.5450,1351
46.0261,-91.4442,1643
41.5175,-81.6836,531
24.5833,-81.6833,628
41.5092,-74.2650,1313
36.8167,-76.0333,1155
31.4156,-87.0442,1350
40.2383,-75.5572,304
35.5144,-108.7939,1544
48.1203,-123.4983,1750
38.8983,-119.9947,1409
32.8167,-115.6833,1931
28.0622,-81.7542,1614
39.7556,-82.6572,552
30.4000,-81.4167,1742
18.4325,-66.0108,1426
31.6072,-110.4281,1322
63.9944,-145.7214,1844
46.5486,-90.9189,1218
55.5800,-133.0750,1505
47.4933,-122.2144,1731
35.1822,-103.6031,1756
59.4556,-135.3239,1625
37.7064,-112.1456,1540
60.7850,-148.8389,2348
47.2675,-122.5761,1706
35.8550,-77.8931,1050
35.0028,-105.6628,1641
39.9181,-76.8742,6
67.7317,-164.5483,1747
30.6264,-88.0681,1055
38.3083,-75.1239,1241
30.5069,-86.9597,1740
37.1319,-76.4930,134
41.7361,-72.6506,2321
22.0333,-159.7833,1209
39.5936,-84.2264,625
41.2003,-74.6231,1436
39.1033,-84.4189,1128
30.7044,-87.0231,1146
37.7081,-77.4344,1339
39.4900,-121.6183,1738
34.9000,-76.8833,806
42.8050,-72.0036,1236
41.3931,-70.6150,2013
39.3667,-75.0667,718
31.3928,-92.2956,804
41.5097,-72.8278,2032
32.4833,-80.7167,1530
41.6875,-69.9933,2105
34.7000,-77.3833,909
7.3333,134.4833,1238
35.9403,-89.8308,1546
46.1442,-115.5964,1337
70.1917,-148.4772,1753
43.2781,-70.9222,1043
59.4433,-151.7017,1448
30.3433,-89.8222,1335
31.8456,-86.6108,1751
55.3567,-131.7117,1521
59.2433,-135.5094,1700
41.0375,-81.4642,1300
39.3644,-84.5247,1703
47.0339,-120.5303,1823
45.8258,-119.2611,2050
47.4667,-87.8833,2243
36.7436,-108.2292,1814
40.8500,-74.0614,1715
38.5000,-77.3000,2238
36.6950,-76.1356,1152
31.1500,-92.9667,938
41.7781,-80.6958,359
32.5500,-88.5667,1835
41.7419,-72.1836,1604
56.6000,-169.5650,2259
38.7667,-104.3000,1638
42.6003,-123.3642,1854
48.7167,-94.6000,1850
47.3864,-92.8389,1435
42.2228,-83.7444,522
39.2775,-120.7103,1525
43.9636,-69.7117,1202
35.1350,-90.2344,1549
34.2097,-118.4892,1406
43.6264,-72.3047,1434
34.6719,-82.8864,1228
41.3714,-73.4828,2038
58.3567,-134.5639,1238
41.9144,-88.2464,58
41.8756,-71.0211,1745
46.4047,-94.1308,1637
33.3000,-117.3500,1232
34.1167,-119.1167,1050
61.1689,-150.0278,1712
47.7472,-90.3444,1831
42.6650,-83.4181,654
47.1686,-88.4889,1538
40.0819,-75.0111,1654
43.3497,-76.3847,445
40.8731,-81.8867,1234
31.3500,-85.6667,2104
39.4203,-83.8217,805
34.7917,-79.3661,1340
7.4500,151.8333,1550
34.8461,-82.3461,1630
44.5761,-71.1786,1320
37.1681,-97.0369,1437
31.0425,-86.3117,2125
43.1644,-95.2017,1650
6.9667,158.2167,1353
62.9614,-141.9292,1930
57.0481,-135.3647,2
42.9333,-71.4383,1839
39.9492,-74.8417,1727
42.5700,-72.2911,1711
60.4889,-145.4511,1444
45.4622,-69.5953,1146
42.4933,-79.2722,219
40.0781,-83.0781,912
62.1592,-145.4589,1827
30.3503,-81.8831,1243
60.5797,-151.2392,27
39.4167,-118.7167,1548
42.4700,-71.2894,1738
31.3089,-86.3939,2032
35.6875,-117.6931,1858
42.1208,-87.9047,5
38.9833,-76.4667,2300
47.4569,-115.6450,2341
41.7700,-88.4814,1838
38.9503,-95.6639,617
36.9500,-76.2833,1015
40.7342,-73.4169,2206
40.8206,-76.8642,1424
29.3331,-89.4075,1935
42.1594,-76.8919,1401
42.7172,-71.1239,2154
40.0228,-82.4625,550
42.1908,-71.1736,1757
66.0689,-162.7639,458
41.3275,-72.0494,1638
41.0669,-73.7075,1858
41.7872,-111.8533,330
47.2381,-123.1408,1539
61.5961,-149.0917,1550
38.0653,-97.8606,1021
41.0467,-78.4117,1024
42.5708,-77.7133,428
61.1781,-149.9664,1744
32.7000,-117.2000,1259
42.1578,-72.7161,1133
40.3547,-79.9217,1356
35.1967,-81.1558,1043
27.5000,-97.8167,1745
30.7167,-87.0167,830
41.1961,-112.0114,18
40.3300,-75.1225,1539
30.2333,-81.6667,1724
41.3497,-71.7989,1701
41.7861,-87.7522,1340
40.2172,-76.8514,1
27.6833,-97.2833,1757
42.5842,-70.9175,1712
44.0219,-82.7931,6
48.3500,-122.6667,2031
9.4833,138.0833,1206
70.2117,-151.0017,1602
30.4000,-86.4717,1708
32.8667,-117.1333,1227
31.4000,-93.2833,856
43.2339,-75.4117,1515
39.6092,-110.7547,1519
30.4636,-88.5319,1318
39.2956,-80.2289,1317
35.6542,-105.1419,1716
46.9006,-95.0678,1542
36.1336,-80.2222,952
43.1072,-78.9453,2
38.1417,-76.4292,855
34.2486,-82.1592,441
59.6419,-151.4908,1453
41.0136,-83.6686,214
36.0467,-79.4769,1100
