32.8242,-95.5275,117
38.7978,-99.7231,158
43.0431,-96.9033,84
42.1397,-87.7853,35
40.7142,-122.4161,50
33.1481,-95.6269,158
35.8819,-83.9572,29
39.0303,-76.9314,35
40.2233,-86.1086,60
35.7047,-101.5492,190
30.0689,-94.2928,145
39.4031,-99.4192,64
31.8456,-99.5606,138
61.5664,-149.2542,51
37.7617,-117.5658,142
45.9228,-108.2444,76
46.8706,-68.0172,106
38.5200,-89.8467,40
47.7283,-104.1467,43
39.3925,-101.0689,111
39.9614,-86.0586,79
33.7542,-99.1442,238
32.4219,-93.6381,89
42.1231,-111.3133,89
43.4033,-103.2683,26
44.3253,-96.7686,129
38.8586,-99.3358,240
42.9536,-112.8253,161
46.7281,-116.9558,55
26.5581,-99.1372,0
46.0436,-118.4628,63
30.2003,-92.6642,63
31.3706,-100.4942,143
30.8408,-89.5453,6
44.3089,-85.2050,55
36.9969,-119.7072,56
44.1183,-121.2103,23
25.8175,-80.2858,66
26.8400,-81.0872,127
35.7197,-86.9653,45
39.6619,-99.1228,42
43.8083,-111.7892,60
32.8522,-95.8864,145
45.6911,-118.8522,90
64.8569,-147.8611,31
35.6872,-90.0964,142
33.7092,-93.5564,47
34.5989,-103.2161,134
38.9408,-95.3397,34
38.6450,-95.5661,66
34.1381,-88.9983,66
47.0575,-109.9514,185
45.4825,-120.7236,233
40.7833,-81.9167,106
32.3378,-89.0817,55
36.8047,-107.6214,32
34.1864,-90.5572,93
42.9592,-120.7897,43
44.0622,-103.4819,32
38.4661,-101.7758,140
36.1056,-82.8436,56
40.1550,-103.1417,134
37.3806,-107.5811,87
34.9881,-120.3211,111
35.1297,-89.8036,84
38.4931,-122.0047,48
32.2822,-106.7597,85
34.5822,-119.9817,61
18.3906,-66.0542,2
33.1461,-107.1842,138
39.9000,-98.0256,37
34.1647,-88.7239,117
36.4622,-116.8669,1294
44.8831,-85.6753,72
33.0642,-101.0489,142
34.6033,-104.3811,95
38.4917,-122.1242,48
35.3872,-76.7764,106
39.0422,-108.4664,37
31.2022,-93.5725,98
37.3822,-102.2986,150
32.9203,-94.7225,117
40.2539,-85.1483,79
18.2583,-65.9922,8
31.9497,-91.2336,16
40.0839,-88.2403,11
35.2006,-103.6867,129
33.8300,-88.5214,55
36.5508,-114.4581,95
33.4692,-88.7822,129
39.2475,-96.5994,29
39.0172,-92.7558,51
37.5147,-122.0325,246
40.7264,-122.7947,35
27.4272,-80.4053,51
43.8544,-116.4664,53
31.6164,-94.6431,26
35.1131,-89.2122,55
40.5764,-105.0858,29
39.5039,-98.3150,84
46.7047,-92.5253,19
40.6117,-122.5281,2
39.1172,-95.4097,76
42.3806,-96.9575,3
41.9342,-88.7756,85
35.0489,-97.9158,177
40.0892,-99.2133,53
40.1739,-101.0611,89
34.0828,-106.8831,47
45.3128,-107.9383,82
35.6214,-88.8456,95
39.8114,-99.9386,159
29.6211,-96.3661,40
30.7053,-104.0233,63
43.5492,-71.4647,56
31.8769,-105.2369,34
34.5697,-93.1947,26
36.0147,-85.1314,40
41.4439,-86.9294,142
36.6897,-108.3086,51
42.7467,-71.0425,26
37.9931,-100.8122,177
41.0267,-86.5867,35
47.6811,-117.6267,135
36.4711,-86.8414,113
32.8964,-107.3078,129
35.4139,-86.8086,61
