38.4503,-83.7355,1
40.0489,-107.8853,1
39.8344,-88.8656,1
27.9619,-82.5403,1
44.2839,-83.5036,1
34.8492,-89.1597,1
41.5944,-109.0528,1
37.3169,-79.9742,1
41.3536,-96.2094,1
41.6300,-79.6931,1
43.3314,-90.3889,1
39.8692,-76.8636,1
40.2233,-86.1086,1
35.0197,-82.6925,1
41.3375,-84.4289,1
29.9100,-90.0342,1
40.0589,-77.5214,1
41.1944,-104.7125,1
37.1278,-80.4033,1
37.0872,-84.0769,1
40.5100,-101.6200,1
40.4719,-81.4236,1
41.0103,-103.8769,1
40.0739,-87.5067,1
34.6153,-105.4739,1
33.7792,-84.5214,1
36.7386,-103.9936,1
36.8781,-91.9025,1
41.3286,-88.7533,1
46.3975,-89.1794,1
40.3161,-78.8339,1
42.4447,-72.5528,1
42.3075,-85.2511,1
45.7881,-111.1608,1
39.4717,-76.1697,1
39.1025,-90.3431,1
33.3633,-84.5658,1
45.6983,-110.4408,1
44.7631,-88.6183,1
41.1014,-102.9847,1
42.9378,-85.6131,1
38.8000,-97.6500,1
39.8250,-86.2958,1
38.2186,-83.1431,1
33.1783,-86.7817,1
30.6794,-88.2397,1
39.7750,-105.1169,1
42.9050,-88.8589,1
42.2342,-113.8981,1
35.0419,-106.6156,1
40.8142,-85.1547,1
41.5833,-81.1833,1
37.8142,-78.2644,1
64.5111,-165.4400,1
38.2553,-110.1800,1
42.5417,-113.7661,1
39.0017,-85.5997,1
32.1314,-110.9553,1
43.9658,-107.9508,1
38.1386,-78.4530,1
37.8194,-85.3847,1
43.5594,-90.8761,1
39.8328,-104.6575,1
31.3214,-85.4497,1
44.9358,-74.8458,1
41.4581,-100.5986,1
41.1214,-100.6694,1
37.8786,-95.7292,1
36.1306,-80.5481,1
37.3031,-108.6275,1
34.3478,-85.1611,1
28.7797,-81.2436,1
38.3650,-98.5844,1
37.7608,-99.9683,1
30.3975,-84.3289,1
37.3875,-75.9744,1
37.3578,-83.7706,1
39.9914,-82.8808,1
34.8561,-80.9175,1
34.2675,-77.8997,1
38.2900,-104.4983,1
35.8100,-80.8808,1
43.1158,-85.5642,1
44.2206,-114.9342,1
33.3947,-110.7933,1
35.8311,-90.6464,1
40.0575,-106.3681,1
42.6856,-78.2203,1
44.5331,-88.0981,1
39.5781,-85.8033,1
39.4725,-88.3544,1
39.4667,-82.7333,1
44.6481,-86.2100,1
38.4600,-105.2256,1
39.7333,-77.4333,1
41.1783,-78.8989,1
39.1894,-103.7158,1
42.1469,-121.7242,1
45.8236,-91.8761,1
36.0603,-79.4481,1
41.0186,-89.4153,1
42.2667,-84.4667,1
33.3075,-104.5083,1
39.5333,-89.3069,1
44.5228,-114.2150,1
39.3756,-99.8297,1
42.6853,-91.5325,1
41.5183,-84.1453,1
39.9444,-81.8922,1
38.0969,-83.1189,1
35.5453,-82.6986,1
39.1342,-108.5400,1
28.5453,-81.3331,1
37.7889,-80.3083,1
44.5647,-91.6719,1
42.6422,-85.2875,1
30.4844,-81.7019,1
37.0286,-112.5367,1
38.9886,-85.5858,1
38.2119,-119.0142,1
38.0408,-84.6058,1
35.7425,-81.3819,1
38.8247,-106.1275,1
37.8617,-83.9228,1
40.7933,-77.8672,1
39.6553,-105.7089,1
44.3592,-84.6739,1
25.6475,-80.4331,1
45.1322,-85.6472,1
40.7781,-111.9694,1
44.6828,-107.0089,1
39.4667,-80.1333,1
36.0167,-102.5500,1
37.7767,-79.4386,1
38.7642,-87.6056,1
48.1583,-99.8286,1
34.1231,-84.8486,1
40.2817,-76.8703,1
38.3569,-97.2025,1
35.2203,-84.7981,1
25.5011,-80.5500,1
38.6867,-105.3925,1
32.1300,-81.2100,1
38.1150,-85.6444,1
38.6453,-88.9461,1
26.2500,-80.1083,1
35.6350,-78.3981,1
36.8825,-83.8819,1
46.7708,-100.7603,1
43.0661,-108.4767,1
41.2433,-76.9217,1
39.0875,-111.1325,1
38.7956,-105.2003,1
38.3922,-96.6228,1
42.3108,-78.0231,1
37.1431,-107.7597,1
40.8847,-77.4750,1
36.1422,-82.4261,1
46.7994,-102.7972,1
40.4950,-78.4667,1
33.5656,-86.7450,1
39.9061,-84.2186,1
39.7756,-96.3503,1
40.1139,-76.7122,1
42.4050,-88.9794,1
35.5953,-82.5567,1
40.1167,-76.4333,1
40.4953,-107.5211,1
38.8894,-86.5519,1
46.6803,-92.9542,1
25.7906,-80.3164,1
39.4519,-87.3089,1
34.0828,-106.8831,1
31.4208,-110.8458,1
35.0381,-108.3492,1
40.6644,-78.2192,1
43.4386,-93.2253,1
35.0281,-110.7208,1
40.4847,-80.2144,1
37.3208,-79.2067,1
35.2547,-90.7964,1
37.4414,-100.9792,1
41.1644,-84.8483,1
31.9381,-108.7689,1
37.9272,-100.7247,1
40.4506,-107.5894,1
45.9717,-109.2569,1
38.1847,-84.9033,1
34.2833,-86.9142,1
35.5931,-88.9167,1
41.3367,-85.1197,1
40.1561,-106.9092,1
44.5897,-85.0486,1
35.8036,-82.6658,1
42.3667,-85.2667,1
43.5331,-84.0797,1
44.5847,-85.3653,1
39.1092,-104.5997,1
41.7769,-99.1433,1
45.2128,-112.6447,1
41.2486,-76.9833,1
46.0081,-114.8442,1
41.0467,-78.4117,1
37.5442,-79.4031,1
35.8181,-83.9858,1
44.9800,-90.5545,1
33.4192,-111.6444,1
38.0583,-83.9333,1
34.8831,-82.2203,1
41.1758,-87.9353,1
30.8356,-85.1839,1
41.2847,-105.5319,1
35.8325,-83.1164,1
33.6300,-84.4417,1
31.0425,-86.3117,1
42.7267,-114.4564,1
43.8669,-91.2725,1
39.1131,-100.9447,1
42.2314,-83.3308,1
40.8289,-115.7886,1
42.4819,-114.4869,1
40.0503,-101.5325,1
39.0800,-82.7078,1
41.3119,-105.6747,1
46.3433,-94.2086,1
38.7003,-82.4736,1
48.2138,-106.6213,1
36.7458,-84.1753,1
39.2231,-106.8683,1
46.9728,-92.8700,1
42.9486,-78.7369,1
38.7297,-98.2250,1
43.3906,-99.8422,1
44.7694,-106.9689,1
42.2947,-83.7108,1
35.0311,-85.2014,1
42.2417,-83.6933,1
47.8214,-101.2922,1
34.1239,-109.9219,1
38.8700,-87.0917,1
42.8975,-106.4636,1
39.7103,-88.4886,1
37.4000,-82.2333,1
45.9647,-112.5006,1
30.3703,-103.7808,1
34.6439,-86.7861,1
40.2064,-100.5914,1
37.5433,-99.6383,1
41.0461,-83.6622,1
42.5497,-78.5767,1
41.3933,-87.7650,1
39.2400,-86.2294,1
39.2647,-77.2319,1
40.9319,-103.8678,1
35.5500,-88.7169,1
28.8208,-81.8097,1
41.8108,-90.5406,1
33.8117,-78.7239,1
41.1736,-85.0672,1
42.8917,-112.4086,1
37.1467,-94.5022,1
33.2119,-87.6161,1
40.4600,-76.8703,1
41.1583,-73.1289,1
41.8564,-71.7333,1
39.2583,-111.6306,1
37.6336,-83.7161,1
36.4731,-82.4044,1
24.5550,-81.7522,1
35.9150,-81.5378,1
40.0506,-86.5744,1
37.2039,-80.4144,1
32.8986,-80.0403,1
36.9933,-82.9867,1
35.4606,-81.3289,1
44.8550,-85.8353,1
38.1386,-97.4350,1
37.1025,-82.8047,1
39.8958,-105.3847,1
35.1842,-87.0422,1
31.8111,-106.3758,1
39.8000,-76.0500,1
38.0211,-96.6036,1
40.1764,-80.6472,1
39.8372,-75.0442,1
31.8728,-106.6981,1
39.6428,-79.9164,1
37.0522,-78.6497,1
35.4111,-80.5833,1
42.8939,-85.5447,1
44.4169,-71.5008,1
40.7083,-84.0267,1
29.1828,-81.0483,1
44.0328,-88.1469,1
38.1811,-85.7392,1
42.9667,-83.7494,1
37.2958,-81.2078,1
38.9539,-109.0528,1
35.2300,-111.8214,1
41.5514,-88.9147,1
38.0781,-96.8878,1
42.0800,-80.1825,1
45.2575,-112.5545,1
41.2458,-111.9369,1
35.2578,-93.0947,1
40.2769,-74.8158,1
35.7072,-82.0289,1
45.8069,-108.5422,1
36.2147,-112.0620,1
31.5356,-84.1944,1
41.8136,-89.0239,1
41.0844,-105.2483,1
38.2936,-97.9114,1
45.8003,-91.4594,1
28.1011,-80.6439,1
34.0500,-94.4008,1
38.5778,-110.7078,1
37.3542,-84.3369,1
42.3628,-88.5314,1
28.4339,-81.3250,1
40.8203,-82.5178,1
41.3661,-89.4519,1
38.0344,-97.3431,1
39.7808,-79.0411,1
37.5922,-100.4389,1
44.0433,-103.0536,1
45.6622,-111.0453,1
44.3814,-106.7211,1
48.4564,-102.5947,1
39.0431,-84.6717,1
38.7550,-109.7542,1
38.5050,-107.8975,1
38.9597,-94.3714,1
42.5503,-84.8258,1
37.6183,-79.4358,1
39.7078,-77.7297,1
44.2294,-85.9572,1
37.8300,-84.0347,1
42.0572,-102.8000,1
38.3614,-98.8281,1
45.3803,-87.9567,1
31.5358,-82.5067,1
42.2347,-85.5519,1
38.5872,-99.5731,1
38.1869,-97.8417,1
41.8056,-107.1997,1
33.5872,-85.8556,1
38.2656,-97.3883,1
44.8728,-107.2658,1
38.0517,-102.1317,1
37.0925,-81.3358,1
45.9336,-88.2583,1
33.4617,-80.8581,1
41.2544,-80.6739,1
36.8583,-83.3303,1
24.7258,-81.0517,1
45.9353,-107.1375,1
39.9322,-84.0333,1
39.1547,-84.6233,1
39.5894,-89.4556,1
41.2542,-89.3378,1
39.8800,-86.0514,1
38.0900,-97.9125,1
41.1589,-86.9014,1
31.4583,-109.6061,1
36.4414,-102.0775,1
40.2964,-78.3203,1
40.5694,-84.5364,1
27.7628,-82.6261,1
38.7386,-87.4878,1
42.0264,-115.3597,1
40.3544,-96.1939,1
43.0303,-78.1692,1
38.2917,-111.2622,1
43.9331,-86.2453,1
37.5908,-83.3131,1
43.6750,-90.8078,1
37.2008,-80.5864,1
37.8264,-99.6542,1
41.1381,-87.8856,1
39.4700,-80.8572,1
38.8317,-94.8897,1
43.4614,-86.4175,1
36.3689,-92.4703,1
35.3253,-81.5325,1
37.2669,-83.6500,1
38.3650,-82.5550,1
38.8050,-83.4356,1
26.9172,-81.9914,1
34.6525,-86.9453,1
37.2622,-104.3378,1
39.1661,-85.9228,1
40.6508,-75.4492,1
35.9833,-83.2008,1
34.1425,-77.8789,1
42.0628,-88.2861,1
27.4014,-82.5586,1
35.7425,-78.8369,1
48.2553,-101.2733,1
36.1189,-86.6892,1
37.9483,-83.4825,1
39.8683,-75.2311,1
36.3783,-79.2544,1
35.2414,-112.1928,1
45.6528,-89.3075,1
39.2942,-96.9264,1
41.4333,-99.6333,1
39.0719,-89.7008,1
44.8611,-71.5400,1
41.9117,-89.0708,1
39.1208,-94.5969,1
40.6828,-87.7575,1
33.2844,-79.6964,1
35.7192,-78.7878,1
47.9428,-97.1839,1
39.7075,-86.2803,1
39.1333,-86.6167,1
37.0875,-82.9925,1
40.9167,-81.4333,1
32.9544,-105.7353,1
37.5442,-77.2758,1
39.4889,-86.0731,1
45.5119,-88.7594,1
26.0719,-80.1536,1
40.5228,-78.3694,1
44.3589,-88.7189,1
32.6064,-80.3267,1
38.7583,-120.5031,1
65.1744,-152.1069,1
39.7739,-75.5414,1
40.0111,-81.5794,1
41.7217,-84.2147,1
40.1667,-103.2167,1
38.9817,-81.5658,1
38.9644,-97.0119,1
38.8500,-94.7392,1
40.1394,-83.9289,1
42.2794,-72.3483,1
43.2422,-88.2889,1
44.0728,-103.2108,1
35.9461,-112.1547,1
38.8100,-104.6883,1
35.9508,-85.0814,1
33.2725,-86.8336,1
38.3706,-110.7153,1
42.4717,-79.3336,1
37.8131,-100.3456,1
30.3361,-81.5147,1
41.6236,-98.9517,1
47.8967,-102.9208,1
34.7442,-87.5997,1
42.3861,-72.5375,1
42.1997,-75.9850,1
38.7667,-104.3000,1
37.8175,-82.7883,1
41.8267,-88.0581,1
64.9592,-147.6261,1
36.2967,-99.7689,1
43.3750,-87.9403,1
36.6817,-101.5053,1
34.1853,-79.7239,1
40.4350,-105.0850,1
41.0669,-73.7075,1
43.7331,-103.6114,1
38.6656,-96.9494,1
43.5950,-118.9564,1
39.6728,-75.6008,1
44.3394,-105.5419,1
48.9514,-115.6267,1
38.3794,-81.5900,1
39.9422,-83.8053,1
41.8031,-78.6403,1
37.2353,-93.4003,1
42.4647,-79.0031,1
42.8417,-75.7264,1
40.6653,-86.9550,1
44.0206,-88.5581,1
42.3869,-72.9211,1
38.5547,-107.6872,1
40.0500,-76.2742,1
33.9481,-83.3275,1
39.3450,-81.4392,1
38.4947,-83.0183,1
37.9136,-104.9483,1
35.3322,-112.8797,1
44.8919,-87.9550,1
39.2292,-106.3169,1
38.3406,-75.5103,1
35.0564,-89.9864,1
41.2731,-111.0306,1
44.4122,-104.3567,1
36.9028,-82.0383,1
37.0683,-88.7719,1
37.6497,-86.4308,1
33.4669,-82.0386,1
39.4689,-86.0408,1
27.6531,-80.2428,1
39.5703,-104.8489,1
40.9656,-105.2186,1
41.9300,-79.2969,1
38.1739,-97.1114,1
37.7836,-81.1231,1
39.4411,-90.3789,1
42.7461,-86.0967,1
36.9647,-86.4239,1
39.2975,-87.9747,1
44.3089,-85.2050,1
34.4978,-82.7097,1
41.4131,-81.8600,1
35.7636,-86.9322,1
37.2000,-93.3000,1
37.4389,-105.8614,1
44.7511,-89.2450,1
38.0494,-103.5122,1
34.2719,-83.8303,1
41.3336,-75.7269,1
34.1311,-109.2750,1
43.6342,-90.3792,1
34.1142,-109.8589,1
43.4622,-76.4933,1
39.4833,-83.8500,1
43.4136,-110.1631,1
42.7517,-78.8911,1
42.0744,-88.7075,1
38.3306,-96.1897,1
38.2281,-85.6636,1
42.7167,-74.9267,1
38.6661,-78.3728,1
35.4319,-82.5375,1
35.4244,-77.9919,1
39.3983,-77.7211,1
39.2447,-102.2842,1
34.5081,-110.0839,1
38.6811,-77.7678,1
25.9069,-80.2803,1
39.8889,-89.5997,1
38.8969,-78.4678,1
36.5194,-82.5275,1
42.8783,-82.7958,1
26.1969,-80.1708,1
35.5247,-111.3703,1
39.3669,-101.7000,1
33.8750,-84.3022,1
38.9917,-88.1828,1
40.1936,-76.7633,1
40.4803,-83.8131,1
36.4486,-103.1539,1
37.1186,-82.8281,1
37.2472,-83.1817,1
43.5753,-90.6417,1
35.8950,-82.8311,1
26.6847,-80.0994,1
37.2253,-89.5706,1
48.1739,-103.6367,1
37.6703,-95.4842,1
42.0494,-90.7489,1
34.0989,-110.9442,1
30.9539,-85.8831,1
39.9961,-86.3542,1
