39.4717,-76.1697,22
43.1406,-89.3453,34
41.5631,-83.4764,16
40.6161,-83.0636,12
35.8311,-90.6464,24
38.3083,-75.1239,34
45.8183,-88.1144,28
57.0481,-135.3647,27
47.0492,-109.4578,40
38.6892,-75.3592,27
38.7550,-109.7542,24
33.4050,-118.4158,27
29.9933,-90.2511,22
37.0683,-88.7719,14
30.4636,-88.5319,14
33.9706,-80.9958,8
37.1319,-76.4930,32
37.5908,-83.3131,4
36.2967,-99.7689,63
32.6636,-97.0939,46
40.2769,-74.8158,30
39.1258,-123.2008,29
39.3756,-99.8297,33
9.4833,138.0833,41
47.4444,-122.3139,26
36.1306,-80.5481,4
43.9844,-88.5569,40
42.3811,-122.8722,22
34.8461,-82.3461,20
31.2361,-94.7544,21
39.8344,-88.8656,20
56.6000,-169.5650,55
36.7367,-97.1019,42
30.9119,-102.9167,51
28.7247,-96.2536,42
35.8517,-97.4142,38
41.3275,-72.0494,26
29.9506,-94.0206,29
44.7408,-85.5825,19
21.3167,-158.0667,22
40.9706,-85.2064,15
35.6950,-101.3950,43
47.5303,-122.3008,21
41.5886,-83.8014,13
30.0375,-91.8839,18
42.9550,-87.9044,37
41.4131,-81.8600,35
34.0158,-118.4514,21
26.2281,-97.6542,33
38.5050,-107.8975,42
48.3500,-122.6667,31
38.3775,-121.9575,34
58.6794,-156.6294,53
38.5911,-92.1558,31
64.8039,-147.8761,13
45.5464,-100.4078,46
39.7750,-105.1169,4
35.5931,-88.9167,13
40.7789,-73.9692,19
31.3928,-92.2956,9
38.0408,-84.6058,22
38.1311,-91.7683,38
45.0717,-83.5644,29
34.7411,-118.2117,82
27.9106,-82.6875,22
38.8000,-97.6500,64
47.9078,-122.2803,15
43.9906,-70.9475,13
33.2061,-97.1989,59
33.8117,-118.1464,22
47.6831,-117.3214,36
40.8731,-81.8867,12
45.8258,-119.2611,54
45.4558,-98.4131,49
42.5844,-110.1075,41
42.9203,-112.5711,57
32.7817,-98.0603,52
34.0561,-117.6003,28
41.0136,-83.6686,15
21.9839,-159.3405,37
29.6381,-95.2819,18
47.0339,-120.5303,108
30.1831,-97.6800,32
44.3981,-98.2231,60
41.9097,-70.7294,24
33.4669,-82.0386,21
40.6508,-75.4492,20
42.6958,-73.1708,13
38.8483,-77.0342,41
41.3103,-95.8992,72
43.3906,-99.8422,64
36.6636,-121.6081,34
61.1781,-149.9664,13
26.0719,-80.1536,28
42.9667,-83.7494,29
31.3214,-85.4497,11
36.2500,-115.6300,16
61.1689,-150.0278,18
42.3200,-120.8300,6
42.0572,-102.8000,38
48.7939,-122.5372,28
64.3267,-158.7417,14
35.6169,-106.0889,40
38.3406,-75.5103,30
39.9914,-82.8808,10
30.2050,-91.9875,11
42.1908,-71.1736,19
45.5433,-94.0514,41
42.5842,-70.9175,26
31.3347,-92.5586,18
34.6719,-82.8864,9
18.3331,-64.9667,43
36.6206,-116.0278,49
41.6236,-98.9517,53
43.5950,-118.9564,49
39.8000,-106.0300,12
30.1250,-93.2158,24
40.5300,-106.7800,6
31.5883,-110.3442,31
40.8206,-76.8642,13
34.8536,-116.7858,50
37.3031,-108.6275,29
30.4781,-87.1869,22
35.6567,-95.3614,30
43.8000,-114.8500,10
46.6056,-111.9636,44
42.2667,-84.4667,14
39.4839,-119.7711,29
48.4608,-119.5167,99
41.4333,-99.6333,51
31.3072,-95.4508,0
44.0511,-101.6011,18
34.9894,-99.0525,66
32.3847,-94.7117,14
40.8600,-102.8031,13
43.7600,-115.2400,15
38.6956,-121.5897,44
40.2383,-75.5572,18
39.6014,-116.0056,38
42.4272,-73.2892,22
34.2900,-93.0600,21
36.2606,-76.1750,38
43.0661,-108.4767,52
31.7800,-103.2017,58
42.7803,-84.5789,23
43.6264,-72.3047,9
37.0911,-95.5664,26
36.2117,-115.1958,47
38.9286,-90.4281,25
37.7081,-77.4344,16
42.4819,-114.4869,57
39.0083,-95.2117,43
45.6906,-118.8528,59
35.8922,-78.7819,25
31.6189,-97.2283,44
39.9061,-84.2186,15
42.8783,-100.5500,56
34.2167,-119.0833,20
44.2558,-121.1392,36
39.7078,-77.7297,31
62.9614,-141.9292,9
38.8761,-98.8092,76
32.2622,-107.7206,37
41.3119,-105.6747,67
35.5953,-82.5567,9
38.8100,-104.6883,30
38.1811,-85.7392,13
41.2003,-74.6231,15
47.8306,-110.6608,0
41.5944,-109.0528,60
43.2781,-70.9222,16
41.8833,-91.7167,46
36.0000,-106.8300,4
36.9600,-106.6600,8
70.2117,-151.0017,52
29.6919,-82.2756,15
33.9481,-83.3275,7
33.3075,-104.5083,36
44.3394,-105.5419,33
26.1522,-81.7753,23
46.0261,-91.4442,37
35.9508,-85.0814,10
40.6044,-98.4272,59
55.0389,-131.5786,23
17.7028,-64.8056,37
43.1544,-93.3269,57
40.1667,-103.2167,61
48.8700,-121.7900,2
46.8369,-92.2097,42
47.3600,-121.5700,2
45.2575,-112.5545,57
46.4267,-105.8825,47
35.8181,-83.9858,18
25.9156,-97.4186,31
38.9503,-95.6639,50
41.5092,-74.2650,24
29.5189,-95.2417,22
37.7608,-99.9683,69
41.7861,-87.7522,38
26.1969,-80.1708,20
44.7694,-106.9689,33
44.3744,-70.3164,22
41.8678,-84.0794,10
28.4339,-81.3250,8
48.2138,-106.6213,46
34.6525,-86.9453,13
45.6194,-121.1661,85
26.1658,-97.3458,36
41.8031,-78.6403,24
47.7472,-90.3444,5
35.2325,-75.6219,27
42.0647,-104.1528,24
30.3361,-81.5147,18
34.2008,-119.2069,30
40.0397,-88.2778,22
35.7800,-105.5400,3
41.6686,-70.2800,30
26.1839,-98.2539,39
35.6542,-105.1419,35
46.4167,-86.6500,36
35.0281,-110.7208,47
41.2433,-76.9217,22
39.3792,-74.4242,29
24.7258,-81.0517,22
38.3794,-81.5900,8
33.0375,-116.9158,23
37.6703,-95.4842,37
27.7628,-82.6261,27
45.8069,-108.5422,55
41.2731,-111.0306,63
40.4122,-86.9369,11
39.3669,-101.7000,70
57.7511,-152.4856,51
30.8356,-85.1839,14
35.1967,-81.1558,16
34.7336,-76.6606,21
42.1928,-89.0931,35
19.7356,-156.0489,33
45.7728,-122.8611,19
40.4953,-107.5211,39
30.0675,-95.5561,17
42.1997,-75.9850,28
36.9033,-76.1922,47
37.9050,-93.3169,22
38.2103,-122.2847,49
40.0781,-83.0781,13
36.1625,-97.0894,47
40.2342,-85.3936,10
41.4000,-107.2600,8
40.8203,-82.5178,20
43.8789,-91.2528,50
-14.3306,-170.7136,71
41.7781,-80.6958,22
33.1281,-117.2794,28
39.3450,-81.4392,8
34.2006,-118.3575,26
24.5833,-81.6833,31
41.7219,-71.4325,33
24.5550,-81.7522,29
43.1644,-95.2017,64
37.8892,-121.2258,28
30.7044,-87.0231,17
38.2281,-85.6636,10
43.1561,-90.6775,26
60.1283,-149.4167,34
44.5483,-95.0803,56
39.1208,-94.5969,47
42.7972,-105.3856,42
38.6644,-94.8900,22
44.9358,-74.8458,44
39.2292,-106.3169,36
40.2172,-76.8514,27
36.7900,-105.2400,1
42.1244,-86.4267,19
66.8667,-162.6333,56
30.5108,-99.7664,45
36.0167,-102.5500,47
60.7850,-161.8292,49
42.5519,-71.7558,22
44.3592,-84.6739,36
35.2100,-99.1200,70
31.9206,-102.3867,54
39.4300,-120.3100,7
33.1783,-86.7817,9
44.4911,-71.5725,0
40.0803,-95.5919,57
40.1764,-80.6472,15
44.3814,-100.2856,51
29.5442,-98.4839,36
34.8822,-95.7831,28
46.7708,-100.7603,37
36.9647,-86.4239,14
34.8831,-82.2203,9
62.9575,-155.6103,23
34.7675,-114.6189,53
39.2972,-94.7306,55
41.3461,-82.1794,21
37.7797,-89.2497,14
43.9658,-107.9508,15
39.2953,-114.8467,47
34.3478,-85.1611,16
44.3206,-69.7972,32
33.2367,-107.2681,33
44.4683,-73.1500,26
37.4058,-122.0481,36
30.5844,-97.4156,18
29.2733,-94.8592,27
41.5175,-81.6836,36
18.4325,-66.0108,21
35.1442,-111.6664,36
30.4844,-81.7019,18
36.5100,-106.3200,402
31.4156,-87.0442,13
43.8339,-111.8045,52
27.5000,-97.8167,40
33.5656,-86.7450,14
44.5761,-71.1786,15
48.5614,-93.3981,24
32.6847,-83.6528,7
44.5444,-110.4211,24
27.5333,-99.4667,47
42.6003,-123.3642,41
44.2033,-72.5794,15
34.1167,-119.1167,22
29.6333,-83.1053,11
35.3331,-94.3625,36
43.2389,-123.3547,33
42.2228,-83.7444,17
37.1431,-107.7597,34
48.6033,-112.3753,74
43.7694,-87.8506,30
34.7442,-87.5997,15
40.8217,-72.8689,19
45.8678,-95.3942,57
32.7000,-117.2000,34
37.6197,-122.3647,38
34.6081,-79.0592,21
29.1097,-95.4619,22
32.7100,-96.2672,36
42.5708,-77.7133,26
34.6294,-118.0836,63
39.7556,-82.6572,4
47.4667,-87.8833,36
25.9069,-80.2803,18
64.5111,-165.4400,62
55.5800,-133.0750,10
34.6242,-106.3103,49
40.6331,-93.9019,47
38.1386,-78.4530,13
42.0800,-80.1825,47
37.1467,-94.5022,36
44.3592,-89.8369,30
33.4536,-94.0075,17
31.3500,-85.6667,10
41.7700,-88.4814,27
35.6575,-109.0614,27
35.2578,-93.0947,16
39.3903,-94.5553,18
34.5183,-109.3792,47
39.2775,-120.7103,17
42.7611,-87.8136,33
38.8500,-94.7392,41
32.5500,-88.5667,15
39.8233,-93.5792,30
46.4794,-84.3572,32
39.6728,-75.6008,37
30.8458,-85.6014,7
35.7425,-81.3819,15
40.6386,-73.7622,38
43.5667,-116.2406,38
42.5950,-87.9381,28
35.0169,-80.6206,27
40.9656,-105.2186,36
36.3100,-115.6800,3
40.7083,-84.0267,12
34.9914,-78.8803,26
37.3208,-79.2067,14
38.8983,-119.9947,25
46.0139,-102.6547,26
34.0500,-94.4008,18
55.3567,-131.7117,30
32.8158,-117.1394,23
47.9742,-117.4283,38
42.4167,-87.8667,30
40.1203,-76.2944,29
39.9181,-76.8742,17
33.4278,-112.0039,34
41.3931,-70.6150,42
15.1167,145.7167,77
47.3000,-121.6000,8
37.3711,-118.3581,40
36.7436,-108.2292,40
48.5222,-123.0231,22
41.6267,-73.8842,21
42.8050,-72.0036,9
36.7414,-104.5022,31
41.6264,-80.2150,21
58.3567,-134.5639,41
46.9253,-96.8111,66
48.3042,-114.2636,45
26.6847,-80.0994,22
41.7806,-122.4717,35
28.0836,-97.0464,51
25.9989,-80.2411,19
42.9486,-78.7369,47
40.5764,-105.0858,4
39.8250,-86.2958,5
35.0028,-105.6628,53
32.1300,-81.2100,15
44.7978,-68.8186,42
36.4486,-103.1539,44
44.2667,-71.2994,116
40.8500,-74.0614,35
7.0833,171.3833,48
42.5700,-72.2911,10
28.1011,-80.6439,19
41.6328,-91.5431,35
63.9944,-145.7214,23
31.6072,-110.4281,28
35.0678,-77.0481,17
36.9358,-121.7886,30
41.7803,-124.2367,37
43.5331,-84.0797,36
43.7667,-98.0333,54
21.4500,-157.7833,37
47.9428,-97.1839,44
28.7797,-81.2436,14
45.6308,-89.4653,31
31.4000,-93.2833,6
42.4933,-79.2722,46
47.2078,-119.3192,51
36.0236,-84.2375,9
39.1894,-103.7158,20
46.1569,-123.8825,34
41.7419,-72.1836,12
43.1953,-71.5011,12
62.3200,-150.0950,9
59.5119,-139.6711,26
40.2964,-78.3203,20
41.4525,-87.0058,26
32.8342,-115.5786,41
45.5644,-84.7928,20
40.9167,-81.4333,23
29.7036,-98.0281,34
35.4111,-80.5833,0
32.8519,-96.8556,53
42.6425,-77.0564,23
40.0819,-75.0111,34
31.1522,-81.3908,25
33.6186,-114.7142,59
40.1936,-76.7633,31
47.2381,-123.1408,30
40.8250,-92.8925,22
41.8756,-71.0211,23
30.5892,-96.3647,35
44.3675,-71.5450,14
30.4000,-81.4167,29
39.4494,-74.5672,25
62.1592,-145.4589,15
47.1686,-88.4889,32
45.8619,-96.5650,40
45.7881,-111.1608,39
32.6261,-116.4681,39
31.1500,-92.9667,3
59.6419,-151.4908,15
48.0944,-105.5744,34
47.6458,-101.4394,35
36.7200,-106.2600,7
41.8706,-103.5931,25
38.7667,-104.3000,22
42.7172,-71.1239,17
34.2622,-88.7714,18
40.0489,-107.8853,33
28.8614,-96.9303,34
37.6542,-122.1150,41
32.5428,-93.7450,16
38.8317,-94.8897,49
37.7064,-112.1456,41
32.1314,-110.9553,33
44.8889,-116.1017,31
36.1994,-95.8872,39
37.2833,-102.6139,51
31.1828,-90.4708,10
57.1553,-170.2222,62
46.4047,-94.1308,44
35.8550,-77.8931,33
44.5228,-114.2150,43
34.1231,-84.8486,8
40.1100,-87.9567,0
39.1033,-84.4189,7
35.4344,-119.0542,25
41.3375,-84.4289,9
55.2208,-162.7325,76
35.5144,-108.7939,36
40.3667,-75.9667,23
32.6500,-114.6167,67
44.8831,-93.2289,46
38.9833,-76.4667,30
30.0494,-90.0289,23
39.4203,-83.8217,10
33.6228,-111.9106,22
32.8167,-115.6833,30
37.7461,-97.2211,46
42.8975,-106.4636,70
39.0725,-95.6261,44
32.4833,-80.7167,20
37.6544,-97.4425,51
27.9619,-82.5403,17
42.1578,-72.7161,14
37.2353,-93.4003,51
39.1353,-96.6778,48
33.4964,-90.0867,13
33.3644,-81.9633,10
44.9319,-93.0556,39
39.2956,-80.2289,9
35.0761,-89.7430,9
33.6361,-91.7556,8
33.8750,-84.3022,16
36.9878,-120.1106,30
35.0564,-89.9864,28
29.9800,-95.3600,22
28.0622,-81.7542,15
32.5156,-92.0406,11
44.8322,-93.4706,51
44.0219,-82.7931,26
37.2253,-89.5706,16
43.4133,-124.2436,55
36.0300,-106.8100,7
34.2675,-77.8997,22
33.8281,-116.5053,28
31.5356,-84.1944,12
41.5097,-72.8278,11
59.4556,-135.3239,28
40.6239,-74.6694,23
45.4622,-69.5953,22
32.3367,-90.2214,20
45.5908,-122.6003,29
43.9922,-76.0217,36
39.7333,-77.4333,7
29.3783,-100.9269,54
30.2333,-81.6667,24
43.9042,-92.4917,64
39.3600,-106.0600,8
40.7794,-73.8803,39
38.7642,-87.6056,12
39.4519,-87.3089,9
40.9611,-98.3136,75
39.7736,-94.9233,41
36.5881,-121.8453,29
40.9781,-124.1086,21
39.4019,-77.9844,19
38.9408,-77.4636,31
32.3542,-95.4025,27
41.2639,-72.8872,26
41.7872,-111.8533,19
37.0872,-84.0769,14
26.2500,-80.1083,25
33.9786,-98.4928,65
39.9369,-91.1919,38
40.6675,-89.6839,30
41.1783,-78.8989,24
37.3278,-95.5042,18
28.8208,-81.8097,15
34.2486,-82.1592,8
34.0511,-118.2353,4
42.1208,-87.9047,30
36.1336,-80.2222,25
39.2231,-106.8683,31
44.3814,-106.7211,36
32.5161,-84.9422,9
41.3714,-73.4828,22
32.8978,-97.0189,55
39.6092,-110.7547,34
42.8939,-85.5447,28
43.7600,-116.1000,17
42.2314,-83.3308,24
36.1900,-105.5600,8
28.9844,-95.3808,22
39.8683,-75.2311,43
43.5878,-96.7289,65
44.0433,-103.0536,29
38.0700,-102.6881,48
70.1917,-148.4772,61
34.2719,-83.8303,22
38.0653,-97.8606,54
39.9492,-74.8417,23
30.7439,-95.5861,12
36.1189,-86.6892,13
37.7086,-113.0944,56
44.4983,-88.1111,28
42.1128,-92.9175,51
40.5175,-122.2986,17
38.0511,-117.0903,38
39.4900,-121.6183,23
41.7072,-86.3164,28
32.9733,-97.3181,50
25.6475,-80.4331,18
46.9728,-123.9303,39
41.7636,-96.1778,52
22.0333,-159.7833,25
40.4422,-109.5144,27
36.8167,-76.0333,41
33.2194,-117.3494,24
40.4847,-80.2144,21
37.9917,-122.0550,43
33.8117,-78.7239,21
40.8300,-111.7600,17
35.0311,-85.2014,19
31.8111,-106.3758,49
45.2486,-122.7686,20
35.2236,-80.9553,22
36.6950,-76.1356,25
40.0972,-92.5433,46
45.6044,-103.5464,30
34.3622,-98.9761,62
30.7406,-98.2353,31
36.7725,-90.3247,15
33.3633,-84.5658,10
36.9500,-76.2833,41
38.7525,-90.3736,28
46.3583,-104.2500,29
30.0481,-102.2131,35
60.4889,-145.4511,18
33.6800,-117.8664,24
46.9208,-114.0925,43
33.9753,-117.6361,26
43.9636,-69.7117,17
39.5936,-84.2264,7
39.9444,-81.8922,9
61.1000,-149.6936,49
41.0669,-73.7075,32
29.1828,-81.0483,14
34.1853,-79.7239,18
46.9258,-98.6692,46
39.1333,-86.6167,9
45.5114,-118.4247,13
38.5069,-121.4950,36
40.8436,-72.6322,21
40.0228,-82.4625,8
39.1900,-120.2600,35
34.7917,-79.3661,19
28.5453,-81.3331,11
7.3333,134.4833,37
26.5361,-81.7550,17
36.8600,-106.2300,432
38.8853,-79.8528,9
29.7333,-85.0333,15
30.7167,-87.0167,13
34.5467,-93.5781,11
34.7500,-111.4100,536
31.2819,-89.2531,14
34.6439,-86.7861,12
36.0719,-115.1633,44
46.3747,-117.0156,43
43.3500,-73.6167,16
36.2833,-94.3000,26
42.7900,-121.9800,2
41.0375,-81.4642,16
30.4000,-86.4717,17
42.1469,-121.7242,23
32.8986,-80.0403,19
33.1803,-96.5903,47
41.7361,-72.6506,13
36.9261,-111.4478,22
40.7342,-73.4169,30
39.4167,-118.7167,26
33.2119,-87.6161,14
45.1947,-123.1339,18
45.0619,-93.3508,51
44.3853,-74.2067,22
43.1167,-77.6767,33
36.9900,-105.2600,6
27.7411,-98.0247,28
6.9667,158.2167,26
37.1681,-97.0369,42
44.0206,-117.0128,49
31.3089,-86.3939,8
36.7683,-96.0261,20
33.9381,-118.3889,34
39.8328,-104.6575,52
44.7900,-116.0900,24
30.7825,-83.2767,1
29.3600,-99.1742,40
48.1203,-123.4983,22
60.5797,-151.2392,18
40.4719,-81.4236,6
31.4208,-110.8458,20
31.8606,-86.0122,11
37.6242,-120.9506,34
41.6117,-90.5808,44
27.6531,-80.2428,18
41.4653,-90.5233,28
42.9600,-121.1800,6
39.5781,-85.8033,12
39.0431,-84.6717,9
41.9950,-87.9336,36
38.3000,-76.4167,43
38.1847,-84.9033,10
33.2208,-92.8142,11
31.9433,-102.1889,53
41.0467,-78.4117,19
37.9406,-75.4631,34
41.0089,-74.7367,13
13.4836,144.7961,48
47.3864,-92.8389,21
41.4914,-120.5644,20
26.9172,-81.9914,17
25.7906,-80.3164,22
31.3711,-100.4922,40
32.3500,-91.0278,9
46.9006,-95.0678,51
36.0097,-94.1694,12
48.1739,-103.6367,26
39.2900,-117.1100,7
32.4106,-99.6822,60
46.2667,-119.1167,46
36.2667,-93.1567,33
35.4319,-82.5375,22
59.2433,-135.5094,25
29.3389,-98.4719,31
46.8706,-68.0172,40
38.4000,-119.5400,10
34.7436,-118.7242,39
42.4092,-83.0100,22
33.6542,-101.8136,58
48.5428,-109.7633,59
41.0731,-71.9233,13
71.2833,-156.7814,60
42.2333,-83.5333,22
41.9381,-72.6825,18
42.6650,-83.4181,28
36.5728,-79.3361,17
42.3075,-85.2511,19
45.5511,-122.4089,22
41.1519,-104.8061,60
41.1214,-100.6694,42
43.1711,-86.2367,35
40.9017,-117.8081,31
33.9519,-117.4386,22
37.3592,-121.9239,37
39.7506,-92.5064,9
37.6928,-121.8144,43
41.1078,-92.4467,48
31.5358,-82.5067,11
46.5486,-90.9189,37
37.2958,-81.2078,9
38.9597,-94.3714,41
33.9486,-81.1186,15
46.7439,-117.1086,54
37.4389,-105.8614,35
66.0689,-162.7639,45
37.5050,-77.3203,39
30.3433,-89.8222,16
44.5344,-72.6144,9
40.3161,-78.8339,27
35.7700,-105.7800,4
32.2997,-86.4075,14
39.3644,-84.5247,7
42.5417,-113.7661,41
36.3689,-92.4703,19
30.3208,-97.7603,21
37.2847,-120.5128,31
31.8311,-104.8089,69
38.8169,-92.2183,40
40.1519,-122.2536,17
36.8781,-91.9025,21
34.9869,-81.0575,11
34.9883,-117.8647,69
47.6217,-117.5281,69
44.3800,-116.3400,11
36.0394,-95.9844,28
48.7200,-116.4600,22
41.5272,-85.7922,17
42.2347,-85.5519,19
30.4119,-89.0808,17
33.6883,-112.0817,30
43.7331,-103.6114,17
47.3978,-120.2014,75
34.2097,-118.4892,21
43.2119,-90.1814,30
30.3489,-85.7881,15
61.2169,-149.8550,9
34.4978,-82.7097,12
32.3347,-88.7442,13
31.9514,-85.1289,7
42.8153,-108.7261,44
40.8764,-74.2831,22
41.2531,-70.0608,47
19.7192,-155.0531,32
42.7431,-73.8092,25
43.3436,-72.5178,10
42.8375,-103.0953,36
35.6875,-117.6931,29
48.2553,-101.2733,36
27.6833,-97.2833,62
39.5703,-104.8489,27
39.1342,-108.5400,40
35.5342,-97.6469,57
33.7792,-84.5214,13
34.7272,-92.2389,17
35.9461,-112.1547,36
38.0494,-103.5122,42
45.6983,-110.4408,80
21.3239,-157.9294,47
41.8056,-107.1997,71
44.6500,-73.4667,29
35.2333,-101.7089,61
46.1236,-67.7928,32
36.3189,-119.6289,29
43.4075,-94.7461,62
40.7781,-111.9694,41
40.8508,-96.7475,73
46.5683,-120.5428,56
46.7994,-102.7972,35
39.4206,-79.0050,13
44.9050,-123.0011,26
40.0681,-118.5692,26
38.5039,-122.8103,23
41.5333,-71.2833,30
38.1417,-76.4292,16
41.3325,-122.3328,9
47.2856,-68.3133,43
36.3333,-119.9500,35
42.8914,-73.2469,10
35.9403,-89.8308,23
34.6517,-112.4208,37
35.2578,-113.9331,59
36.3200,-115.7000,9
42.7461,-86.0967,24
42.3606,-71.0106,26
42.4700,-71.2894,23
33.4617,-80.8581,13
67.7317,-164.5483,44
42.3978,-90.7036,49
41.2544,-80.6739,24
34.5583,-98.4172,54
47.4733,-111.3822,81
42.5544,-92.4011,52
28.4736,-82.4544,12
27.4981,-80.3767,13
44.8664,-91.4878,33
38.5714,-90.1572,20
46.9733,-122.9033,26
39.3667,-75.0667,26
37.7836,-81.1231,16
40.3000,-111.2600,11
39.5264,-107.7264,35
32.7667,-97.4500,53
30.6264,-88.0681,20
43.0206,-102.5183,38
59.4433,-151.7017,8
44.1708,-114.9272,19
44.9047,-97.1494,57
38.3650,-82.5550,10
40.8289,-115.7886,32
36.0969,-79.9433,26
41.1389,-75.3794,34
38.2900,-104.4983,36
29.3331,-89.4075,26
32.4506,-93.8411,21
35.7047,-101.5492,0
32.0311,-96.3989,37
40.8097,-124.1603,15
45.6689,-96.9914,41
66.9161,-151.5089,9
42.9333,-71.4383,19
45.5406,-122.9486,31
31.4583,-109.6061,24
41.3497,-71.7989,23
38.4167,-113.0167,85
36.0700,-105.6300,11
36.6239,-87.4194,14
30.5372,-91.1469,19
41.9856,-97.4353,75
40.7939,-73.1017,26
33.9228,-118.3342,25
34.9000,-76.8833,17
47.4933,-122.2144,22
32.7336,-117.1831,26
37.2839,-98.5528,36
38.0442,-87.5206,12
20.8997,-156.4286,45
30.3567,-95.4139,11
40.1550,-103.1417,54
26.5850,-81.8614,18
45.6478,-68.6925,20
34.3447,-108.4922,0
43.6497,-70.3003,21
7.4500,151.8333,15
43.7700,-88.4864,34
35.0419,-106.6156,46
42.2706,-71.8731,29
29.6222,-95.6564,24
45.4353,-67.7214,9
45.0319,-102.0192,65
31.8456,-86.6108,7
30.3975,-84.3289,14
42.5906,-117.8644,47
41.3336,-75.7269,26
40.3300,-75.1225,19
42.3914,-96.3792,57
47.2675,-122.5761,25
43.3497,-76.3847,27
39.2447,-102.2842,62
60.7850,-148.8389,18
47.3078,-119.5153,62
39.8447,-89.6839,25
36.7800,-119.7194,31
45.0800,-117.5500,7
33.6267,-116.1594,27
37.9272,-100.7247,63
30.6794,-88.2397,14
59.7494,-154.9089,32
27.7839,-97.5108,50
41.6875,-69.9933,31
38.7042,-93.1833,44
35.6697,-120.6283,32
40.5100,-101.6200,48
44.8428,-117.8086,41
43.1111,-76.1039,31
40.6825,-74.1694,45
39.4781,-88.2803,21
37.3169,-79.9742,26
34.4272,-100.2831,53
36.4731,-82.4044,9
35.1822,-103.6031,37
45.9647,-112.5006,45
47.9375,-124.5550,25
47.3258,-106.9475,40
43.2339,-75.4117,26
35.1350,-90.2344,22
39.5514,-97.6508,72
39.3100,-111.4300,41
33.8719,-117.9789,17
44.1278,-123.2206,37
39.7075,-86.2803,14
44.2100,-110.6700,36
34.8994,-120.4486,34
45.6208,-122.6572,20
36.6817,-101.5053,46
32.8667,-117.1333,23
32.8192,-97.3614,59
35.3889,-97.6006,55
40.3547,-79.9217,21
41.9922,-93.6217,47
43.5164,-112.0672,68
27.4014,-82.5586,26
64.7767,-141.1483,12
48.7167,-94.6000,36
42.1594,-76.8919,22
41.5339,-93.6531,58
37.7214,-122.2208,48
37.2622,-104.3378,54
32.7800,-79.9319,21
40.2064,-100.5914,55
44.5169,-108.0822,33
32.3336,-104.2581,46
35.2372,-120.6414,36
38.5000,-77.3000,41
42.1094,-77.9919,30
32.5722,-116.9794,22
39.6428,-79.9164,8
39.7053,-105.6997,49
34.1750,-91.9347,13
33.5872,-85.8556,6
39.1667,-76.6833,26
61.5961,-149.0917,31
28.4567,-99.2183,43
21.1544,-157.0961,42
41.1583,-73.1289,32
41.1014,-102.9847,39
47.4569,-115.6450,34
38.6572,-90.6558,16
41.6764,-70.9583,37
39.7194,-76.8028,36
46.0947,-118.2869,56
30.7797,-86.5225,17
34.7000,-77.3833,17
38.3306,-96.1897,52
46.2400,-117.3900,14
42.7267,-114.4564,42
34.4258,-119.8425,22
64.5500,-149.0717,10
40.7833,-91.1253,40
44.9258,-89.6256,34
43.1072,-78.9453,33
41.1961,-112.0114,37
35.9333,-79.0642,20
35.9200,-106.3900,4
33.6300,-84.4417,25
44.6381,-90.1875,29
41.9144,-88.2464,36
45.0133,-84.7014,32
39.1019,-121.5678,35
30.5069,-86.9597,20
32.6808,-96.8681,43
32.3206,-90.0778,18
32.8547,-109.6353,40
