36.3200,-115.7000,336
36.7200,-106.2600,195
43.8000,-114.8500,360
43.7600,-116.1000,339
35.7700,-105.7800,122
36.5100,-106.3200,12
40.3000,-111.2600,278
43.7600,-115.2400,206
39.1900,-120.2600,106
39.3600,-106.0600,202
36.2500,-115.6300,160
39.2900,-117.1100,79
36.8600,-106.2300,25
46.2400,-117.3900,152
44.2100,-110.6700,246
44.7900,-116.0900,150
38.4000,-119.5400,189
35.9200,-106.3900,241
48.7200,-116.4600,42
41.4000,-107.2600,171
36.1900,-105.5600,45
40.8300,-111.7600,157
36.0300,-106.8100,224
36.0700,-105.6300,263
36.9600,-106.6600,158
35.3400,-111.6500,306
36.7900,-105.2400,265
39.4300,-120.3100,211
36.0000,-106.8300,293
40.5300,-106.7800,210
36.3100,-115.6800,161
39.8000,-106.0300,295
36.9900,-105.2600,135
44.3800,-116.3400,210
39.3100,-111.4300,261
35.7800,-105.5400,157
