40.7264,-122.7947,30
38.8586,-99.3358,150
37.2792,-86.2492,20
38.6644,-94.8900,64
37.9050,-93.3169,71
26.3769,-98.8117,18
39.7506,-92.5064,46
33.9544,-102.7783,104
44.6342,-123.1900,33
44.7764,-108.7592,38
40.4750,-86.9919,28
42.9592,-120.7897,64
40.2842,-109.8611,41
26.1781,-97.9708,46
32.7547,-104.3836,112
34.5822,-119.9817,20
40.1739,-101.0611,89
45.7206,-118.6264,51
36.4622,-116.8669,170
34.5697,-93.1947,46
39.0172,-92.7558,58
42.8767,-77.0308,43
39.2494,-106.3714,0
40.4719,-74.4364,74
40.2233,-86.1086,71
18.0331,-67.0722,53
64.8569,-147.8611,0
38.4661,-101.7758,13
26.2656,-97.8714,48
36.2403,-106.4278,84
34.6033,-104.3811,97
34.9881,-120.3211,56
31.3706,-100.4942,97
38.7403,-104.3994,114
41.2986,-80.7647,856
38.7978,-99.7231,183
35.6414,-106.3322,53
37.7617,-117.5658,76
39.3903,-94.5553,46
39.0422,-108.4664,38
35.1108,-81.9675,38
32.8242,-95.5275,53
36.0147,-85.1314,41
36.5575,-105.2628,328
38.5200,-89.8467,61
39.0936,-106.3514,0
38.0633,-102.9297,69
34.1981,-101.7461,114
35.4072,-104.1906,81
45.6911,-118.8522,53
35.1161,-93.6506,5
29.8608,-98.1958,56
33.1481,-95.6269,46
36.5508,-114.4581,53
38.2597,-104.7169,107
39.3925,-101.0689,122
41.6661,-111.8914,43
40.2539,-85.1483,66
26.5581,-99.1372,69
30.7189,-97.3211,30
30.7053,-104.0233,58
33.4594,-104.4042,777
37.9931,-100.8122,152
30.6836,-97.7172,58
46.7047,-92.5253,1974
45.4825,-120.7236,36
32.2683,-101.4858,122
32.9203,-94.7225,51
