40.2342,-85.3936,190
36.0969,-79.9433,50
37.0683,-88.7719,160
41.6875,-69.9933,60
35.9461,-112.1547,210
44.8889,-116.1017,180
31.8111,-106.3758,280
59.4556,-135.3239,220
45.7728,-122.8611,250
37.6928,-121.8144,250
33.8117,-78.7239,30
34.1853,-79.7239,60
42.4272,-73.2892,260
45.6208,-122.6572,260
44.0219,-82.7931,190
36.2667,-93.1567,150
43.1167,-77.6767,30
38.0442,-87.5206,200
42.7431,-73.8092,200
42.3811,-122.8722,170
29.3331,-89.4075,80
35.0028,-105.6628,230
34.2167,-119.0833,270
39.9444,-81.8922,140
41.6764,-70.9583,190
36.5728,-79.3361,110
36.2117,-115.1958,220
43.9906,-70.9475,190
41.7219,-71.4325,150
13.4836,144.7961,250
33.9519,-117.4386,260
34.6294,-118.0836,240
42.8783,-100.5500,290
38.8983,-119.9947,190
42.8050,-72.0036,260
30.5108,-99.7664,160
37.9272,-100.7247,200
29.1097,-95.4619,140
40.6386,-73.7622,220
35.0169,-80.6206,50
28.1011,-80.6439,100
45.0319,-102.0192,310
39.2956,-80.2289,190
44.9319,-93.0556,160
28.4567,-99.2183,140
44.2558,-121.1392,200
33.1281,-117.2794,240
39.2953,-114.8467,160
39.0431,-84.6717,160
39.1258,-123.2008,150
43.2119,-90.1814,190
58.3567,-134.5639,110
32.8986,-80.0403,50
38.7525,-90.3736,150
30.0481,-102.2131,140
21.4500,-157.7833,40
36.0167,-102.5500,220
38.2103,-122.2847,200
38.7550,-109.7542,220
48.5428,-109.7633,320
40.3547,-79.9217,190
41.0375,-81.4642,220
58.6794,-156.6294,350
44.9258,-89.6256,180
34.5183,-109.3792,250
41.2639,-72.8872,10
48.3042,-114.2636,180
45.5511,-122.4089,80
37.6197,-122.3647,200
42.5700,-72.2911,300
46.5486,-90.9189,200
41.2731,-111.0306,260
39.7333,-77.4333,10
40.6675,-89.6839,180
34.9000,-76.8833,60
38.2281,-85.6636,200
48.6033,-112.3753,180
32.7000,-117.2000,170
47.9742,-117.4283,190
39.3667,-75.0667,230
31.3928,-92.2956,130
44.3675,-71.5450,280
31.5883,-110.3442,260
40.8500,-74.0614,140
30.7825,-83.2767,70
32.0311,-96.3989,150
43.5878,-96.7289,180
26.2500,-80.1083,140
39.6428,-79.9164,320
33.9228,-118.3342,260
37.2353,-93.4003,160
47.0492,-109.4578,300
34.0561,-117.6003,230
42.0572,-102.8000,250
37.1467,-94.5022,190
35.9333,-79.0642,60
42.4167,-87.8667,170
40.8097,-124.1603,170
43.5331,-84.0797,190
32.8978,-97.0189,190
41.6328,-91.5431,180
34.7917,-79.3661,100
40.4719,-81.4236,170
46.7439,-117.1086,90
37.7086,-113.0944,210
40.9167,-81.4333,220
31.7800,-103.2017,130
40.2964,-78.3203,120
39.6014,-116.0056,310
47.0339,-120.5303,170
42.1094,-77.9919,220
34.6525,-86.9453,150
26.5361,-81.7550,90
41.3336,-75.7269,110
46.1442,-115.5964,330
40.8217,-72.8689,150
41.1389,-75.3794,150
21.1544,-157.0961,30
45.0133,-84.7014,210
42.5519,-71.7558,270
36.7414,-104.5022,220
44.9358,-74.8458,210
32.8667,-117.1333,270
40.2064,-100.5914,130
43.5950,-118.9564,190
39.1667,-76.6833,110
64.3267,-158.7417,60
60.5797,-151.2392,50
43.8339,-111.8045,200
37.3278,-95.5042,190
29.7036,-98.0281,160
48.1739,-103.6367,340
40.1764,-80.6472,310
43.9658,-107.9508,320
42.2333,-83.5333,140
40.8206,-76.8642,300
33.3075,-104.5083,170
47.9078,-122.2803,250
33.9753,-117.6361,240
44.0511,-101.6011,300
41.4914,-120.5644,200
33.4050,-118.4158,290
39.2231,-106.8683,170
43.3436,-72.5178,170
29.3389,-98.4719,130
37.5908,-83.3131,110
37.3169,-79.9742,150
34.0158,-118.4514,220
31.6189,-97.2283,170
33.9786,-98.4928,170
36.4486,-103.1539,240
33.8750,-84.3022,120
36.7725,-90.3247,140
45.6689,-96.9914,250
44.0433,-103.0536,290
30.6264,-88.0681,80
30.4119,-89.0808,140
38.3794,-81.5900,140
42.9550,-87.9044,200
32.6847,-83.6528,60
42.7267,-114.4564,250
31.3500,-85.6667,60
43.9042,-92.4917,180
48.2138,-106.6213,360
48.7939,-122.5372,160
40.0972,-92.5433,170
29.7333,-85.0333,90
42.1997,-75.9850,80
30.0375,-91.8839,90
37.3592,-121.9239,190
41.1214,-100.6694,110
42.5417,-113.7661,270
42.2706,-71.8731,290
27.5333,-99.4667,140
37.1319,-76.4930,60
37.0911,-95.5664,180
40.8436,-72.6322,160
34.2900,-93.0600,90
39.5781,-85.8033,200
39.5936,-84.2264,200
40.0803,-95.5919,160
67.7317,-164.5483,10
29.6222,-95.6564,160
36.9358,-121.7886,230
39.1342,-108.5400,230
26.6847,-80.0994,130
34.7675,-114.6189,180
41.5944,-109.0528,260
57.7511,-152.4856,280
44.8428,-117.8086,60
42.7611,-87.8136,170
38.8853,-79.8528,340
32.6500,-114.6167,310
36.9878,-120.1106,330
38.8483,-77.0342,160
45.0717,-83.5644,190
45.5464,-100.4078,330
46.7994,-102.7972,300
42.1208,-87.9047,190
39.7736,-94.9233,170
41.6264,-80.2150,210
37.8892,-121.2258,300
41.4653,-90.5233,160
39.8447,-89.6839,160
47.4569,-115.6450,330
43.1544,-93.3269,170
46.9258,-98.6692,310
29.9800,-95.3600,150
36.9839,-77.0075,170
29.9506,-94.0206,130
39.2775,-120.7103,170
39.8328,-104.6575,10
35.0419,-106.6156,240
46.0261,-91.4442,180
46.4047,-94.1308,190
39.4519,-87.3089,210
30.1831,-97.6800,170
36.0236,-84.2375,90
41.1783,-78.8989,110
32.8167,-115.6833,260
34.9869,-81.0575,30
39.8683,-75.2311,230
40.6331,-93.9019,180
41.7781,-80.6958,340
60.7850,-148.8389,110
35.2100,-99.1200,170
47.2675,-122.5761,320
35.1822,-103.6031,200
46.3583,-104.2500,300
32.7336,-117.1831,260
40.1667,-103.2167,350
47.2381,-123.1408,10
27.7628,-82.6261,100
26.5850,-81.8614,100
42.5906,-117.8644,200
40.4122,-86.9369,200
30.8458,-85.6014,70
42.5844,-110.1075,310
34.7411,-118.2117,240
44.3814,-100.2856,180
28.4339,-81.3250,80
35.0564,-89.9864,150
46.6056,-111.9636,260
39.3450,-81.4392,160
47.3864,-92.8389,180
39.4900,-121.6183,150
43.3906,-99.8422,310
47.1686,-88.4889,200
32.6636,-97.0939,150
29.2733,-94.8592,130
34.2006,-118.3575,200
29.6333,-83.1053,110
41.5092,-74.2650,230
38.9833,-76.4667,140
38.7042,-93.1833,170
42.4933,-79.2722,280
46.4794,-84.3572,190
43.9844,-88.5569,190
31.5356,-84.1944,70
39.9914,-82.8808,210
40.8203,-82.5178,190
39.4167,-118.7167,290
30.4781,-87.1869,140
41.0467,-78.4117,100
34.7000,-77.3833,70
37.9406,-75.4631,180
43.9636,-69.7117,220
37.2839,-98.5528,180
66.9161,-151.5089,50
36.2833,-94.3000,180
48.5222,-123.0231,140
40.3667,-75.9667,270
43.1111,-76.1039,10
35.5342,-97.6469,170
40.6161,-83.0636,230
39.7078,-77.7297,150
37.2622,-104.3378,260
32.1314,-110.9553,270
40.9781,-124.1086,120
41.8056,-107.1997,270
36.4731,-82.4044,90
41.3497,-71.7989,170
27.9106,-82.6875,70
34.0511,-118.2353,280
64.5111,-165.4400,50
45.5406,-122.9486,180
34.1167,-119.1167,270
39.7556,-82.6572,190
41.3275,-72.0494,20
32.1300,-81.2100,70
37.1681,-97.0369,170
46.9006,-95.0678,160
36.1994,-95.8872,180
46.9253,-96.8111,160
33.7792,-84.5214,70
33.0375,-116.9158,280
37.0872,-84.0769,120
31.9514,-85.1289,60
38.9286,-90.4281,150
28.8614,-96.9303,130
25.9989,-80.2411,90
42.5708,-77.7133,130
41.6236,-98.9517,210
40.8764,-74.2831,240
45.8678,-95.3942,160
27.4981,-80.3767,150
36.7367,-97.1019,160
33.3644,-81.9633,70
40.7833,-91.1253,180
44.3592,-84.6739,190
42.3978,-90.7036,190
40.0489,-107.8853,30
32.5500,-88.5667,80
37.5050,-77.3203,180
38.5050,-107.8975,210
21.3167,-158.0667,60
42.9203,-112.5711,230
45.0619,-93.3508,170
39.1333,-86.6167,200
30.7044,-87.0231,70
38.3650,-82.5550,160
48.7167,-94.6000,100
43.1561,-90.6775,190
62.1592,-145.4589,150
62.9575,-155.6103,30
42.9667,-83.7494,200
37.2847,-120.5128,260
40.9017,-117.8081,240
32.8342,-115.5786,260
44.3394,-105.5419,220
30.3361,-81.5147,10
35.9403,-89.8308,170
39.8250,-86.2958,210
42.6650,-83.4181,180
39.0725,-95.6261,150
43.6497,-70.3003,180
37.4389,-105.8614,230
47.3258,-106.9475,350
33.8281,-116.5053,330
42.2347,-85.5519,200
34.1231,-84.8486,30
36.2967,-99.7689,180
33.2194,-117.3494,250
31.4000,-93.2833,140
28.4736,-82.4544,70
38.6892,-75.3592,130
45.5114,-118.4247,100
45.6906,-118.8528,50
35.6567,-95.3614,170
43.1406,-89.3453,190
33.8117,-118.1464,200
59.6419,-151.4908,220
42.0647,-104.1528,210
34.8461,-82.3461,50
40.1519,-122.2536,160
30.4844,-81.7019,30
55.3567,-131.7117,130
40.6825,-74.1694,180
33.9706,-80.9958,70
40.6239,-74.6694,310
45.7881,-111.1608,300
47.7472,-90.3444,60
35.2325,-75.6219,50
40.7789,-73.9692,260
55.2208,-162.7325,270
44.4683,-73.1500,190
46.4267,-105.8825,310
47.6217,-117.5281,220
41.9144,-88.2464,170
32.6808,-96.8681,140
45.8069,-108.5422,340
43.1644,-95.2017,180
27.7411,-98.0247,130
37.7214,-122.2208,200
42.8975,-106.4636,220
39.8233,-93.5792,180
41.1961,-112.0114,170
30.3489,-85.7881,20
27.7839,-97.5108,130
38.9408,-77.4636,190
70.6392,-159.9950,60
46.9728,-123.9303,80
44.7408,-85.5825,180
42.8375,-103.0953,290
32.8192,-97.3614,150
39.5514,-97.6508,180
42.4819,-114.4869,260
45.5644,-84.7928,200
38.3306,-96.1897,170
40.0397,-88.2778,170
36.7436,-108.2292,230
44.3814,-106.7211,200
41.3375,-84.4289,160
41.7700,-88.4814,180
39.1033,-84.4189,200
41.2003,-74.6231,30
41.7803,-124.2367,150
37.6242,-120.9506,320
33.6186,-114.7142,250
34.6439,-86.7861,110
30.7406,-98.2353,140
32.3367,-90.2214,80
42.5842,-70.9175,130
44.7694,-106.9689,320
45.6478,-68.6925,320
32.3542,-95.4025,140
36.2606,-76.1750,60
37.3208,-79.2067,100
40.4422,-109.5144,360
71.2833,-156.7814,60
37.3031,-108.6275,200
40.9706,-85.2064,200
36.6239,-87.4194,140
44.8831,-93.2289,170
30.1250,-93.2158,120
31.2361,-94.7544,150
35.6542,-105.1419,220
41.3931,-70.6150,50
42.0800,-80.1825,180
41.0089,-74.7367,150
34.4978,-82.7097,100
42.9486,-78.7369,260
32.8547,-109.6353,280
44.9050,-123.0011,200
31.5358,-82.5067,70
33.8719,-117.9789,200
43.5164,-112.0672,210
32.5156,-92.0406,20
39.9181,-76.8742,210
42.9333,-71.4383,180
38.9597,-94.3714,190
45.2575,-112.5545,260
48.2553,-101.2733,290
40.4847,-80.2144,190
44.5344,-72.6144,10
40.5100,-101.6200,290
41.7072,-86.3164,160
40.9611,-98.3136,170
38.7667,-104.3000,250
43.2339,-75.4117,330
34.2622,-88.7714,150
48.4608,-119.5167,190
34.2486,-82.1592,40
36.0097,-94.1694,180
32.6261,-116.4681,240
43.0206,-102.5183,210
33.4278,-112.0039,210
41.9381,-72.6825,30
31.4208,-110.8458,230
42.1594,-76.8919,140
39.3644,-84.5247,220
29.5189,-95.2417,100
45.8258,-119.2611,250
38.8100,-104.6883,220
35.6575,-109.0614,220
33.2208,-92.8142,150
32.5161,-84.9422,90
30.3975,-84.3289,80
45.5433,-94.0514,160
37.6703,-95.4842,170
46.8706,-68.0172,10
42.1128,-92.9175,190
26.0719,-80.1536,130
38.1811,-85.7392,160
56.6000,-169.5650,330
39.9492,-74.8417,350
36.0719,-115.1633,230
33.5656,-86.7450,80
44.3206,-69.7972,260
41.9950,-87.9336,190
33.3633,-84.5658,100
19.7192,-155.0531,60
32.3500,-91.0278,80
40.8508,-96.7475,180
41.7419,-72.1836,270
41.0136,-83.6686,210
40.7794,-73.8803,180
17.7028,-64.8056,90
41.1519,-104.8061,310
32.3206,-90.0778,90
38.5000,-77.3000,190
34.4258,-119.8425,260
37.6542,-122.1150,220
32.3336,-104.2581,230
37.7081,-77.4344,170
45.2486,-122.7686,180
34.9894,-99.0525,190
40.2383,-75.5572,240
37.7836,-81.1231,110
42.3606,-71.0106,110
44.5483,-95.0803,160
31.8606,-86.0122,50
70.1917,-148.4772,60
35.8517,-97.4142,190
36.3189,-119.6289,320
45.6194,-121.1661,310
43.0661,-108.4767,300
40.1203,-76.2944,350
64.7767,-141.1483,60
41.9922,-93.6217,160
32.8158,-117.1394,290
40.7342,-73.4169,180
34.9914,-78.8803,20
41.5272,-85.7922,180
43.8789,-91.2528,170
34.1750,-91.9347,290
37.2833,-102.6139,220
45.1947,-123.1339,170
30.0494,-90.0289,100
40.5175,-122.2986,180
33.6883,-112.0817,230
34.8822,-95.7831,180
33.2367,-107.2681,190
35.4344,-119.0542,340
26.1522,-81.7753,70
45.6044,-103.5464,310
22.0333,-159.7833,290
36.6817,-101.5053,220
35.4319,-82.5375,170
46.0947,-118.2869,120
41.8031,-78.6403,200
35.5931,-88.9167,100
36.9500,-76.2833,80
46.1569,-123.8825,100
31.6072,-110.4281,290
33.6228,-111.9106,240
38.3083,-75.1239,330
18.4325,-66.0108,100
31.2819,-89.2531,140
30.5372,-91.1469,60
27.6531,-80.2428,130
70.2117,-151.0017,70
42.6425,-77.0564,220
38.8500,-94.7392,170
47.4444,-122.3139,270
38.8761,-98.8092,170
40.4953,-107.5211,230
32.4833,-80.7167,60
44.5444,-110.4211,260
33.4617,-80.8581,30
38.9503,-95.6639,160
42.2314,-83.3308,170
35.6697,-120.6283,210
44.7978,-68.8186,320
42.6958,-73.1708,210
59.4433,-151.7017,180
28.5453,-81.3331,100
39.4839,-119.7711,190
35.5144,-108.7939,230
39.4019,-77.9844,160
44.6500,-73.4667,140
34.3622,-98.9761,150
31.9433,-102.1889,150
47.6458,-101.4394,310
38.8169,-92.2183,160
46.4167,-86.6500,180
25.9069,-80.2803,70
45.4622,-69.5953,320
66.8667,-162.6333,70
60.4889,-145.4511,100
30.7797,-86.5225,70
44.3592,-89.8369,220
36.3689,-92.4703,170
39.4203,-83.8217,200
41.2544,-80.6739,120
33.6542,-101.8136,160
38.0408,-84.6058,190
61.1781,-149.9664,320
32.5428,-93.7450,170
48.3500,-122.6667,140
32.5722,-116.9794,280
48.1203,-123.4983,50
45.8183,-88.1144,180
29.5442,-98.4839,160
45.4558,-98.4131,10
44.3981,-98.2231,200
26.1839,-98.2539,170
47.3078,-119.5153,190
36.0394,-95.9844,180
36.8167,-76.0333,110
39.5703,-104.8489,220
33.4964,-90.0867,110
38.5714,-90.1572,150
40.2172,-76.8514,130
46.9208,-114.0925,330
30.3433,-89.8222,120
31.1828,-90.4708,140
42.7172,-71.1239,260
34.2719,-83.8303,120
43.1953,-71.5011,190
28.7247,-96.2536,130
41.2531,-70.0608,340
43.7331,-103.6114,270
35.6950,-101.3950,170
42.1244,-86.4267,190
36.1336,-80.2222,20
41.6686,-70.2800,10
63.9944,-145.7214,310
46.9733,-122.9033,190
33.4669,-82.0386,50
31.4156,-87.0442,90
40.1936,-76.7633,300
46.3747,-117.0156,60
47.4733,-111.3822,10
30.6794,-88.2397,30
25.6475,-80.4331,90
39.1894,-103.7158,210
42.4700,-71.2894,210
42.2228,-83.7444,200
41.3461,-82.1794,160
27.4014,-82.5586,130
44.5228,-114.2150,270
39.3792,-74.4242,160
36.9261,-111.4478,190
34.7272,-92.2389,150
31.4583,-109.6061,260
46.1236,-67.7928,330
29.6381,-95.2819,100
61.2169,-149.8550,290
34.6081,-79.0592,30
46.0139,-102.6547,290
46.7708,-100.7603,320
44.3853,-74.2067,220
33.6361,-91.7556,130
34.5467,-93.5781,170
30.0675,-95.5561,120
34.3478,-85.1611,20
30.2333,-81.6667,10
26.9172,-81.9914,90
36.6636,-121.6081,280
34.9883,-117.8647,240
44.0206,-117.0128,200
47.5303,-122.3008,160
40.0781,-83.0781,180
32.3847,-94.7117,170
43.3500,-73.6167,160
18.3331,-64.9667,100
41.8833,-91.7167,190
40.3300,-75.1225,10
39.4781,-88.2803,170
43.2389,-123.3547,150
33.2119,-87.6161,100
42.4092,-83.0100,180
45.6308,-89.4653,200
33.6300,-84.4417,90
44.1278,-123.2206,200
41.5175,-81.6836,200
59.5119,-139.6711,90
31.3711,-100.4922,170
30.7167,-87.0167,160
39.6092,-110.7547,180
35.8311,-90.6464,140
24.5833,-81.6833,130
34.2675,-77.8997,100
33.6267,-116.1594,330
35.8922,-78.7819,60
26.1969,-80.1708,100
33.2061,-97.1989,150
32.2622,-107.7206,260
57.0481,-135.3647,110
41.7806,-122.4717,170
39.6728,-75.6008,150
55.0389,-131.5786,140
30.5892,-96.3647,140
60.1283,-149.4167,360
35.9508,-85.0814,110
38.3775,-121.9575,240
38.0494,-103.5122,270
38.2900,-104.4983,210
33.9486,-81.1186,70
21.3239,-157.9294,70
35.6169,-106.0889,240
38.3000,-76.4167,120
40.6508,-75.4492,150
38.1417,-76.4292,90
33.9381,-118.3889,280
42.7461,-86.0967,240
36.1189,-86.6892,160
57.1553,-170.2222,260
31.9206,-102.3867,140
34.2097,-118.4892,170
34.7442,-87.5997,90
41.4525,-87.0058,200
40.0819,-75.0111,130
38.7642,-87.6056,190
43.7700,-88.4864,190
44.1708,-114.9272,200
64.5500,-149.0717,290
47.4933,-122.2144,210
31.1522,-81.3908,40
29.3783,-100.9269,130
35.0311,-85.2014,20
30.4000,-86.4717,50
31.3558,-85.7511,60
32.9733,-97.3181,160
37.7064,-112.1456,210
35.8181,-83.9858,70
32.4106,-99.6822,150
41.7872,-111.8533,300
34.8831,-82.2203,100
38.5069,-121.4950,270
38.0653,-97.8606,170
39.2447,-102.2842,210
37.2253,-89.5706,170
38.6956,-121.5897,200
30.9119,-102.9167,150
38.3406,-75.5103,160
41.9097,-70.7294,170
35.3331,-94.3625,170
32.4506,-93.8411,170
40.2769,-74.8158,190
30.2050,-91.9875,70
29.1828,-81.0483,80
33.9481,-83.3275,70
42.3914,-96.3792,180
36.8781,-91.9025,170
34.5583,-98.4172,170
43.3497,-76.3847,340
37.6544,-97.4425,180
41.5339,-93.6531,180
38.0700,-102.6881,250
38.1311,-91.7683,160
36.5881,-121.8453,230
41.4333,-99.6333,180
64.8039,-147.8761,360
41.9856,-97.4353,190
66.0689,-162.7639,340
43.6264,-72.3047,170
35.2372,-120.6414,320
43.5667,-116.2406,300
41.8678,-84.0794,200
15.1167,145.7167,250
30.4000,-81.4167,140
36.9647,-86.4239,170
28.7797,-81.2436,130
29.6919,-82.2756,90
47.4667,-87.8833,240
24.7258,-81.0517,100
41.6267,-73.8842,360
35.6875,-117.6931,220
38.4167,-113.0167,220
26.1658,-97.3458,120
47.9375,-124.5550,140
30.4636,-88.5319,150
18.2550,-65.6408,150
41.5631,-83.4764,160
39.5264,-107.7264,160
29.9933,-90.2511,50
40.7781,-111.9694,170
39.0083,-95.2117,160
44.8664,-91.4878,180
39.3756,-99.8297,200
38.0511,-117.0903,230
38.5039,-122.8103,160
36.7683,-96.0261,150
35.8550,-77.8931,20
32.8519,-96.8556,180
41.1078,-92.4467,180
29.3600,-99.1742,130
44.2033,-72.5794,300
39.1353,-96.6778,180
43.9922,-76.0217,260
41.7861,-87.7522,190
38.1847,-84.9033,170
33.6800,-117.8664,180
45.9647,-112.5006,300
41.6117,-90.5808,180
30.5069,-86.9597,110
40.7083,-84.0267,210
40.8289,-115.7886,260
39.9061,-84.2186,220
62.3200,-150.0950,310
43.4075,-94.7461,170
33.1803,-96.5903,150
33.1783,-86.7817,130
39.1019,-121.5678,170
40.8731,-81.8867,180
35.2236,-80.9553,70
34.4272,-100.2831,190
43.7694,-87.8506,180
59.7494,-154.9089,310
43.7667,-98.0333,180
44.5761,-71.1786,230
39.2972,-94.7306,180
48.0944,-105.5744,350
36.1625,-97.0894,170
41.5333,-71.2833,180
41.7636,-96.1778,170
42.3075,-85.2511,190
43.1711,-86.2367,200
55.5800,-133.0750,160
61.1689,-150.0278,330
41.8756,-71.0211,210
46.2667,-119.1167,200
42.8914,-73.2469,310
59.2433,-135.5094,80
41.3714,-73.4828,20
42.1469,-121.7242,170
28.0836,-97.0464,140
35.3889,-97.6006,170
41.1583,-73.1289,190
27.9619,-82.5403,90
30.3208,-97.7603,150
43.1072,-78.9453,240
35.0678,-77.0481,100
38.1386,-78.4530,190
38.5911,-92.1558,160
33.4825,-90.9853,70
37.2958,-81.2078,230
37.7608,-99.9683,180
32.2997,-86.4075,60
43.2781,-70.9222,320
42.2667,-84.4667,180
35.1350,-90.2344,140
34.8536,-116.7858,210
47.6831,-117.3214,190
44.6381,-90.1875,170
46.8369,-92.2097,200
42.1578,-72.7161,170
37.1431,-107.7597,220
42.8939,-85.5447,220
42.1908,-71.1736,310
62.9614,-141.9292,70
32.7100,-96.2672,180
41.4131,-81.8600,10
40.6044,-98.4272,170
36.6206,-116.0278,210
37.7797,-89.2497,170
42.8153,-108.7261,300
35.2578,-113.9331,210
42.5950,-87.9381,200
60.7850,-161.8292,350
39.7075,-86.2803,230
35.2333,-101.7089,190
39.3669,-101.7000,190
34.2008,-119.2069,280
41.7361,-72.6506,60
47.2078,-119.3192,170
36.9033,-76.1922,40
42.6003,-123.3642,180
42.7972,-105.3856,230
39.9369,-91.1919,160
41.1014,-102.9847,330
41.3325,-122.3328,100
34.6719,-82.8864,30
33.4536,-94.0075,200
44.8322,-93.4706,170
26.2281,-97.6542,120
38.8000,-97.6500,200
40.0228,-82.4625,180
41.5097,-72.8278,190
31.3347,-92.5586,70
37.4058,-122.0481,200
21.9839,-159.3405,50
47.3978,-120.2014,140
34.7436,-118.7242,330
32.3347,-88.7442,50
47.9428,-97.1839,340
44.4983,-88.1111,190
44.9047,-97.1494,200
35.7425,-81.3819,90
31.8311,-104.8089,240
30.3567,-95.4139,150
41.0731,-71.9233,170
40.7939,-73.1017,180
48.5614,-93.3981,230
37.9917,-122.0550,230
42.7803,-84.5789,210
41.5886,-83.8014,240
36.7800,-119.7194,300
38.8317,-94.8897,160
35.0281,-110.7208,220
19.7356,-156.0489,250
27.5000,-97.8167,110
37.3711,-118.3581,30
46.5683,-120.5428,140
25.9156,-97.4186,160
28.0622,-81.7542,100
41.2433,-76.9217,260
37.7461,-97.2211,170
36.6950,-76.1356,130
34.8994,-120.4486,300
43.4133,-124.2436,160
42.5544,-92.4011,190
41.8706,-103.5931,300
25.7906,-80.3164,80
38.6572,-90.6558,200
30.8356,-85.1839,50
41.3103,-95.8992,170
24.5550,-81.7522,90
31.3214,-85.4497,40
45.5908,-122.6003,170
42.1928,-89.0931,180
35.2578,-93.0947,190
39.8344,-88.8656,170
61.5961,-149.0917,130
32.7667,-97.4500,170
40.1606,-113.3508,70
35.1442,-111.6664,220
41.0669,-73.7075,310
41.3119,-105.6747,240
35.1967,-81.1558,50
27.6833,-97.2833,120
40.3161,-78.8339,90
31.1500,-92.9667,110
45.6983,-110.4408,260
39.4494,-74.5672,140
34.6517,-112.4208,160
44.5169,-108.0822,270
40.0681,-118.5692,330
28.8208,-81.8097,160
20.8997,-156.4286,30
47.2856,-68.3133,330
39.2292,-106.3169,200
34.7336,-76.6606,20
34.0500,-94.4008,200
36.3333,-119.9500,340
39.1208,-94.5969,180
32.7817,-98.0603,170
30.7439,-95.5861,160
33.5872,-85.8556,60
