31.2022,-93.5725,66
40.7264,-122.7947,38
28.0372,-97.8725,76
43.8544,-116.4664,0
36.9969,-119.7072,64
37.1503,-104.5567,58
40.7142,-122.4161,89
37.9050,-93.3169,0
26.3769,-98.8117,64
33.6731,-111.1508,61
40.1100,-87.9567,0
29.4822,-95.6314,533
33.2564,-81.2422,48
39.7506,-92.5064,0
28.4675,-98.2525,84
26.5650,-98.1236,53
26.1781,-97.9708,64
32.7547,-104.3836,97
40.6117,-122.5281,33
31.6164,-94.6431,61
34.5822,-119.9817,79
35.3872,-76.7764,81
31.8769,-105.2369,0
40.5764,-105.0858,41
36.4622,-116.8669,102
34.5697,-93.1947,30
30.8408,-89.5453,0
35.1867,-102.0797,74
28.6575,-96.5553,58
37.5147,-122.0325,48
32.8964,-107.3078,91
33.7542,-99.1442,89
35.1131,-89.2122,66
33.6772,-93.9903,46
30.7931,-94.1819,43
38.4917,-122.1242,33
30.5467,-87.8808,30
33.7092,-93.5564,51
31.3625,-85.3397,163
32.6406,-96.9747,191
30.0689,-94.2928,46
18.2583,-65.9922,71
39.0744,-96.8983,18
35.8819,-83.9572,0
31.6003,-97.2169,272
35.3886,-106.5439,64
37.7967,-121.5828,84
31.8611,-97.3750,97
26.2656,-97.8714,79
36.2403,-106.4278,51
34.9881,-120.3211,76
31.0372,-97.5283,213
31.3706,-100.4942,84
33.0353,-96.4861,180
26.8400,-81.0872,48
33.4692,-88.7822,0
28.7156,-97.1742,53
34.1419,-80.8700,18
33.4258,-111.9217,38
38.7978,-99.7231,0
35.6414,-106.3322,58
31.0619,-94.1011,61
32.8242,-95.5275,86
32.2631,-96.6369,122
30.2003,-92.6642,53
38.5350,-121.7761,74
35.7047,-101.5492,79
34.6603,-82.8236,51
38.4931,-122.0047,58
38.0633,-102.9297,79
35.4072,-104.1906,66
32.8522,-95.8864,81
34.3961,-89.7903,25
35.1161,-93.6506,15
29.8608,-98.1958,56
32.2822,-106.7597,130
33.0642,-101.0489,76
41.4439,-86.9294,0
33.1481,-95.6269,107
36.5508,-114.4581,86
33.1461,-107.1842,51
31.9611,-96.6881,66
38.2597,-104.7169,71
31.9633,-98.4942,241
26.5581,-99.1372,76
30.7189,-97.3211,188
34.8219,-89.4347,757
32.9206,-86.6708,795
32.9506,-97.0553,20
25.8175,-80.2858,46
31.9497,-91.2336,0
34.0828,-106.8831,737
38.0047,-120.4864,58
30.7053,-104.0233,79
33.4594,-104.4042,267
32.4219,-93.6381,64
29.6211,-96.3661,53
30.6836,-97.7172,140
32.6475,-97.4439,58
33.3192,-95.6039,76
27.4272,-80.4053,0
32.2683,-101.4858,109
32.9203,-94.7225,71
30.3367,-96.5403,69
