32.5667,-117.1167,1206
30.0494,-90.0289,1919
43.9906,-70.9475,1051
45.6194,-121.1661,2233
34.2008,-119.2069,1554
64.7767,-141.1483,1108
35.0169,-80.6206,659
38.3000,-76.4167,825
41.3461,-82.1794,1417
37.7461,-97.2211,1457
34.9883,-117.8647,1729
42.5950,-87.9381,1414
41.6764,-70.9583,836
42.2333,-83.5333,1334
36.7414,-104.5022,1623
41.2531,-70.0608,1321
31.3558,-85.7511,1256
37.3278,-95.5042,1055
41.6264,-80.2150,1617
60.1283,-149.4167,39
61.2169,-149.8550,1121
64.5500,-149.0717,1448
36.9839,-77.0075,949
40.0681,-118.5692,1503
38.8761,-98.8092,1251
41.0089,-74.7367,1929
26.5361,-81.7550,1519
64.3267,-158.7417,1624
41.9097,-70.7294,850
42.6958,-73.1708,1813
42.6425,-77.0564,824
41.6686,-70.2800,1458
59.7494,-154.9089,220
37.0911,-95.5664,1502
39.9369,-91.1919,1454
41.4525,-87.0058,1440
40.8764,-74.2831,1419
42.5519,-71.7558,705
32.5428,-93.7450,242
41.2639,-72.8872,604
62.3200,-150.0950,1041
47.5303,-122.3008,1337
42.1094,-77.9919,1555
34.9869,-81.0575,1449
40.8436,-72.6322,651
41.0731,-71.9233,1340
36.3333,-119.9500,2337
33.4050,-118.4158,1203
44.5483,-95.0803,1551
40.8217,-72.8689,1640
42.4092,-83.0100,1234
35.6169,-106.0889,1641
42.7611,-87.8136,2131
41.5631,-83.4764,1501
30.7797,-86.5225,1022
38.6956,-121.5897,1634
27.9106,-82.6875,1321
40.1203,-76.2944,1618
32.7667,-97.4500,2359
38.4167,-113.0167,1556
46.4167,-86.6500,1055
47.9078,-122.2803,1507
45.8183,-88.1144,714
66.9161,-151.5089,1833
41.5333,-71.2833,810
28.4736,-82.4544,1239
17.7028,-64.8056,1140
48.5222,-123.0231,2339
40.6161,-83.0636,1505
42.4167,-87.8667,1433
70.6392,-159.9950,1407
31.9514,-85.1289,840
35.9333,-79.0642,1643
18.3331,-64.9667,1212
41.8678,-84.0794,1539
44.3675,-71.5450,634
43.7700,-88.4864,1211
46.0261,-91.4442,1237
41.5175,-81.6836,211
24.5833,-81.6833,744
41.5092,-74.2650,403
36.8167,-76.0333,949
18.2550,-65.6408,1402
31.4156,-87.0442,949
40.2383,-75.5572,1547
35.5144,-108.7939,1340
48.1203,-123.4983,2337
38.8983,-119.9947,1452
32.8167,-115.6833,1906
28.0622,-81.7542,1336
39.7556,-82.6572,1437
30.4000,-81.4167,2205
18.4325,-66.0108,1441
31.6072,-110.4281,1951
63.9944,-145.7214,141
46.5486,-90.9189,1658
55.5800,-133.0750,1057
47.4933,-122.2144,1442
35.1822,-103.6031,1029
59.4556,-135.3239,13
37.7064,-112.1456,1613
60.7850,-148.8389,1201
47.2675,-122.5761,2359
35.8550,-77.8931,821
35.0028,-105.6628,1339
39.9181,-76.8742,1610
67.7317,-164.5483,1359
30.6264,-88.0681,1447
38.3083,-75.1239,540
30.5069,-86.9597,1442
37.1319,-76.4930,647
41.7361,-72.6506,1624
22.0333,-159.7833,1320
39.5936,-84.2264,203
41.2003,-74.6231,1022
39.1033,-84.4189,1131
30.7044,-87.0231,1248
37.7081,-77.4344,1330
39.4900,-121.6183,2113
34.9000,-76.8833,902
42.8050,-72.0036,1124
41.3931,-70.6150,1449
39.3667,-75.0667,1341
31.3928,-92.2956,917
41.5097,-72.8278,2155
32.4833,-80.7167,1455
41.6875,-69.9933,1054
30.8458,-85.6014,938
34.7000,-77.3833,1438
7.3333,134.4833,957
35.9403,-89.8308,1025
46.1442,-115.5964,546
70.1917,-148.4772,1214
43.2781,-70.9222,321
59.4433,-151.7017,1407
30.3433,-89.8222,1405
40.6239,-74.6694,1509
31.8456,-86.6108,1308
30.8356,-85.1839,1131
55.3567,-131.7117,1302
59.2433,-135.5094,1535
41.0375,-81.4642,1721
39.3644,-84.5247,246
47.0339,-120.5303,2338
45.8258,-119.2611,2353
47.4667,-87.8833,49
30.7406,-98.2353,811
36.7436,-108.2292,1532
40.8500,-74.0614,2016
38.5000,-77.3000,1614
36.6950,-76.1356,856
31.1500,-92.9667,1138
43.7694,-87.8506,1012
41.7781,-80.6958,1529
41.7419,-72.1836,702
56.6000,-169.5650,554
38.7667,-104.3000,1617
42.6003,-123.3642,1837
48.7167,-94.6000,2122
47.3864,-92.8389,1145
45.8678,-95.3942,1609
42.2228,-83.7444,1258
39.2775,-120.7103,1126
43.9636,-69.7117,1033
35.1350,-90.2344,944
34.2097,-118.4892,1303
43.6264,-72.3047,821
34.6719,-82.8864,1618
41.3714,-73.4828,2034
58.3567,-134.5639,2358
41.9144,-88.2464,1236
41.8756,-71.0211,832
46.4047,-94.1308,1558
34.1167,-119.1167,1557
44.8322,-93.4706,1946
61.1689,-150.0278,1721
47.7472,-90.3444,344
42.6650,-83.4181,1209
43.2119,-90.1814,1000
29.5622,-91.5256,1447
47.1686,-88.4889,101
40.0819,-75.0111,1313
43.3497,-76.3847,1202
40.8731,-81.8867,1718
31.3500,-85.6667,1322
39.4203,-83.8217,257
34.7917,-79.3661,1116
7.4500,151.8333,1115
34.8461,-82.3461,1413
44.5761,-71.1786,1538
37.1681,-97.0369,1324
40.1606,-113.3508,2110
43.1644,-95.2017,1139
6.9667,158.2167,1702
62.9614,-141.9292,1224
57.0481,-135.3647,528
42.9333,-71.4383,928
39.9492,-74.8417,1339
42.5700,-72.2911,647
60.4889,-145.4511,1140
45.4622,-69.5953,1109
42.4933,-79.2722,351
40.0781,-83.0781,1447
62.1592,-145.4589,1634
30.3503,-81.8831,1333
60.5797,-151.2392,1719
39.4167,-118.7167,1910
42.4700,-71.2894,1410
31.3089,-86.3939,1321
35.6875,-117.6931,1655
42.1208,-87.9047,1425
38.9833,-76.4667,1439
47.4569,-115.6450,1227
41.7700,-88.4814,1323
38.9503,-95.6639,1547
36.9500,-76.2833,739
31.5883,-110.3442,2027
40.7342,-73.4169,1507
45.0619,-93.3508,1420
40.8206,-76.8642,1530
29.3331,-89.4075,1510
42.1594,-76.8919,1639
42.7172,-71.1239,805
40.0228,-82.4625,1516
42.1908,-71.1736,1013
66.0689,-162.7639,632
41.3275,-72.0494,2248
41.0669,-73.7075,1406
41.7872,-111.8533,139
47.2381,-123.1408,2352
44.9319,-93.0556,1159
61.5961,-149.0917,314
38.0653,-97.8606,1447
41.0467,-78.4117,1418
42.5708,-77.7133,1314
61.1781,-149.9664,1718
32.7000,-117.2000,1255
42.1578,-72.7161,1532
40.3547,-79.9217,1438
35.1967,-81.1558,1343
27.5000,-97.8167,1704
30.7167,-87.0167,1013
41.1961,-112.0114,304
40.3300,-75.1225,1445
30.2333,-81.6667,1710
41.3497,-71.7989,1445
41.7861,-87.7522,2344
40.2172,-76.8514,50
27.6833,-97.2833,1622
42.5842,-70.9175,811
44.0219,-82.7931,50
48.3500,-122.6667,2227
9.4833,138.0833,852
70.2117,-151.0017,2358
30.4000,-86.4717,1541
32.8667,-117.1333,1413
31.4000,-93.2833,954
43.2339,-75.4117,2112
39.6092,-110.7547,1614
30.4636,-88.5319,1157
39.2956,-80.2289,107
35.6542,-105.1419,1309
46.9006,-95.0678,1512
36.1336,-80.2222,1410
43.1072,-78.9453,120
38.1417,-76.4292,1417
34.2486,-82.1592,608
59.6419,-151.4908,142
41.0136,-83.6686,1533
36.0467,-79.4769,1414
