38.7386,-87.4878,72
44.5208,-101.6192,111
41.0267,-86.5867,44
42.7831,-71.4147,0
42.2947,-83.7108,44
37.1167,-84.6167,106
46.8706,-68.0172,-6
28.7156,-97.1742,194
41.1453,-85.4897,-6
33.2564,-81.2422,133
37.1244,-87.8672,61
38.3139,-81.7186,78
37.8194,-85.3847,128
37.0683,-88.7725,89
40.0739,-87.5067,50
32.2822,-106.7597,278
44.9847,-93.1772,33
32.5133,-92.3486,200
47.0575,-109.9514,94
37.1317,-86.1481,106
28.4575,-97.7061,228
64.1539,-145.8894,-22
35.6214,-88.8456,117
32.3500,-94.6500,200
27.7792,-97.5056,206
40.7928,-87.7556,33
33.7775,-81.8467,133
36.1306,-80.5481,94
40.4719,-74.4364,44
40.2539,-85.1483,33
46.3414,-86.9242,6
28.8608,-97.0181,222
37.9931,-100.8122,128
47.6811,-117.6267,61
38.4558,-86.6983,83
62.1925,-150.5033,-6
39.4700,-80.8572,83
35.6042,-91.2744,128
32.9206,-86.6708,183
40.8142,-85.1547,-17
34.1419,-80.8700,139
44.4933,-68.4583,6
42.1397,-87.7853,28
34.1944,-79.2472,89
42.3806,-96.9575,94
40.2233,-86.1086,72
34.7289,-80.0389,133
64.9156,-148.2711,17
43.9794,-117.0247,94
40.1100,-87.9567,28
36.5914,-101.6181,189
34.6603,-82.8236,139
36.7578,-90.4056,122
38.8894,-86.5519,72
37.9311,-98.0297,128
34.2183,-81.0731,156
39.4833,-83.8500,33
42.6006,-114.7453,133
33.0167,-81.3167,172
38.4661,-101.7758,144
33.8083,-79.8567,161
45.0853,-67.1203,0
41.4439,-86.9294,22
44.8831,-85.6753,11
38.5200,-89.8467,61
32.7547,-104.3836,128
38.7003,-82.4736,122
34.4719,-81.8839,128
40.4750,-86.9919,11
40.9361,-90.7197,39
