43.1167,-77.6767,1
71.2833,-156.7814,1
32.3206,-90.0778,1
32.4506,-93.8411,1
55.0389,-131.5786,1
44.7978,-68.8186,1
37.6242,-120.9506,1
33.3633,-84.5658,1
35.4319,-82.5375,1
47.2856,-68.3133,1
29.6222,-95.6564,1
46.8369,-92.2097,1
44.8664,-91.4878,1
32.3542,-95.4025,1
35.1297,-89.8036,1
44.3592,-89.8369,1
28.8614,-96.9303,1
32.8158,-117.1394,1
48.7939,-122.5372,1
40.4847,-80.2144,1
55.5800,-133.0750,1
35.8922,-78.7819,1
43.3500,-73.6167,1
35.5931,-88.9167,1
40.9781,-124.1086,1
41.1583,-73.1289,1
28.8208,-81.8097,1
35.5453,-82.6986,1
34.6344,-88.5622,1
36.4731,-82.4044,1
41.1389,-75.3794,1
34.8994,-120.4486,1
44.2033,-72.5794,1
41.2544,-80.6739,1
56.8056,-132.9372,1
30.3975,-84.3289,1
34.2167,-119.0833,1
30.2050,-91.9875,1
31.2819,-89.2531,1
38.2103,-122.2847,1
34.6525,-86.9453,1
31.2361,-94.7544,1
42.1997,-75.9850,1
29.5189,-95.2417,1
66.8667,-162.6333,1
37.1467,-94.5022,1
31.8456,-86.6108,1
47.4444,-122.3139,1
42.1244,-86.4267,1
33.1281,-117.2794,1
29.9933,-90.2511,1
58.1422,-133.7386,1
30.1250,-93.2158,1
43.9844,-88.5569,1
38.5911,-92.1558,1
30.3489,-85.7881,1
34.3347,-93.5503,1
33.5872,-85.8556,1
42.8914,-73.2469,1
44.1278,-123.2206,1
33.8719,-117.9789,1
34.0697,-118.4428,1
46.9728,-123.9303,1
45.1947,-123.1339,1
33.7792,-84.5214,1
30.4119,-89.0808,1
35.0714,-83.9683,1
35.2578,-93.0947,1
43.1711,-86.2367,1
40.5100,-79.5458,1
33.8750,-84.3022,1
40.1100,-87.9567,1
44.2667,-71.2994,1
44.9358,-74.8458,1
40.1764,-80.6472,1
32.5722,-116.9794,1
36.0097,-94.1694,1
35.9886,-92.7161,1
45.2486,-122.7686,1
46.1569,-123.8825,1
36.0956,-81.8311,1
29.7036,-98.0281,1
41.1783,-78.8989,1
35.2372,-120.6414,1
32.6847,-83.6528,1
64.5111,-165.4400,1
34.6439,-86.7861,1
34.7442,-87.5997,1
32.6808,-96.8681,1
46.8706,-68.0172,1
33.5656,-86.7450,1
19.7192,-155.0531,1
36.4811,-92.2442,1
43.1111,-76.1039,1
34.4978,-82.7097,1
35.7636,-86.9322,1
27.7411,-98.0247,1
32.5161,-84.9422,1
42.8939,-85.5447,1
30.3567,-95.4139,1
34.9914,-78.8803,1
36.3689,-92.4703,1
41.7803,-124.2367,1
34.2719,-83.8303,1
40.9167,-81.4333,1
26.1658,-97.3458,1
35.3883,-89.3717,1
44.3206,-69.7972,1
35.6567,-95.3614,1
57.7511,-152.4856,1
33.6300,-84.4417,1
32.7100,-96.2672,1
29.1097,-95.4619,1
30.6264,-89.0550,1
34.5467,-93.5781,1
31.8142,-93.0856,1
41.0669,-73.7075,1
38.5039,-122.8103,1
34.0511,-118.2353,1
36.1878,-81.8736,1
42.7431,-73.8092,1
35.4606,-81.3289,1
30.0675,-95.5561,1
34.4258,-119.8425,1
30.6794,-88.2397,1
41.7356,-77.6517,1
33.9481,-83.3275,1
36.7683,-96.0261,1
33.9381,-118.3889,1
33.2208,-92.8142,1
34.0500,-94.4008,1
45.7728,-122.8611,1
44.5344,-72.6144,1
31.3347,-92.5586,1
45.6208,-122.6572,1
60.7850,-161.8292,1
62.9575,-155.6103,1
44.9258,-89.6256,1
42.2706,-71.8731,1
45.5908,-122.6003,1
36.2606,-76.1750,1
32.3347,-88.7442,1
42.7803,-84.5789,1
36.2833,-94.3000,1
41.6267,-73.8842,1
33.1783,-86.7817,1
32.2997,-86.4075,1
37.7836,-81.1231,1
40.2964,-78.3203,1
30.5347,-94.4456,1
44.6500,-73.4667,1
59.5119,-139.6711,1
45.5406,-122.9486,1
30.0375,-91.8839,1
32.3367,-90.2214,1
47.9375,-124.5550,1
37.5658,-76.8000,1
41.8031,-78.6403,1
41.5886,-83.8014,1
30.2003,-92.6642,1
44.3853,-74.2067,1
30.5892,-96.3647,1
36.4583,-86.3239,1
30.6036,-92.7739,1
38.3794,-81.5900,1
28.4339,-81.3250,1
28.9844,-95.3808,1
34.8831,-82.2203,1
31.1828,-90.4708,1
34.3478,-85.1611,1
41.4131,-81.8600,1
21.3239,-157.9294,1
31.9514,-85.1289,1
33.6800,-117.8664,1
35.0311,-85.2014,1
45.5433,-94.0514,1
39.0725,-95.6261,1
29.6381,-95.2819,1
41.8678,-84.0794,1
33.2194,-117.3494,1
36.5881,-121.8453,1
35.2236,-80.9553,1
34.0158,-118.4514,1
40.3161,-78.8339,1
37.5908,-83.3131,1
34.3725,-89.5308,1
35.5500,-88.7169,1
38.8853,-79.8528,1
55.2208,-162.7325,1
34.8492,-89.1597,1
39.6428,-79.9164,1
33.9228,-118.3342,1
46.1236,-67.7928,1
34.1231,-84.8486,1
33.9753,-117.6361,1
31.8606,-86.0122,1
44.4983,-88.1111,1
37.5794,-81.3264,1
32.5156,-92.0406,1
37.2353,-93.4003,1
33.3644,-81.9633,1
42.9486,-78.7369,1
35.2983,-86.3631,1
39.1353,-96.6778,1
43.9922,-76.0217,1
36.1189,-86.6892,1
13.4836,144.7961,1
35.9508,-85.0814,1
37.2958,-81.2078,1
36.9647,-86.4239,1
29.9506,-94.0206,1
44.9050,-123.0011,1
40.6508,-75.4492,1
29.7286,-92.8181,1
45.6478,-68.6925,1
41.5631,-78.6014,1
33.2119,-87.6161,1
33.8117,-118.1464,1
30.5372,-91.1469,1
