39.5514,-97.6508,1
41.1783,-78.8989,1
33.6300,-84.4417,1
34.4258,-119.8425,1
44.3853,-74.2067,1
41.3336,-75.7269,1
34.6081,-79.0592,1
42.0800,-80.1825,1
35.8517,-97.4142,1
36.0167,-102.5500,1
33.9381,-118.3889,1
34.8994,-120.4486,1
29.1828,-81.0483,1
31.5356,-84.1944,1
34.0511,-118.2353,1
66.8667,-162.6333,1
31.2361,-94.7544,1
26.1658,-97.3458,1
33.9753,-117.6361,1
35.9461,-112.1547,1
43.9922,-76.0217,1
40.4719,-81.4236,1
43.1561,-90.6775,1
43.8339,-111.8045,1
34.8822,-95.7831,1
33.6800,-117.8664,1
32.6808,-96.8681,1
34.2167,-119.0833,1
39.6428,-79.9164,1
32.7100,-96.2672,1
33.8719,-117.9789,1
39.1353,-96.6778,1
39.0725,-95.6261,1
29.7333,-85.0333,1
40.4847,-80.2144,1
40.9781,-124.1086,1
34.0158,-118.4514,1
33.9228,-118.3342,1
43.6497,-70.3003,1
33.6228,-111.9106,1
36.2667,-93.1567,1
33.8117,-118.1464,1
40.1764,-80.6472,1
40.7833,-91.1253,1
42.7267,-114.4564,1
37.6242,-120.9506,1
33.1281,-117.2794,1
45.5406,-122.9486,1
43.3500,-73.6167,1
36.3189,-119.6289,1
62.9575,-155.6103,1
34.6439,-86.7861,1
42.9203,-112.5711,1
38.1811,-85.7392,1
43.9658,-107.9508,1
32.8192,-97.3614,1
32.5722,-116.9794,1
55.2208,-162.7325,1
33.1783,-86.7817,1
29.9933,-90.2511,1
32.8667,-117.1333,1
44.9050,-123.0011,1
33.2194,-117.3494,1
35.5342,-97.6469,1
26.5850,-81.8614,1
38.3306,-96.1897,1
32.8158,-117.1394,1
38.8483,-77.0342,1
