42.6922,-120.5403,0
-37.5720,145.5014,278
33.8997,-88.1325,384
18.4736,-67.0289,15
42.9453,-72.2369,97
39.9000,-98.0256,0
34.2531,-93.1486,185
36.3694,-92.5772,277
33.8936,-97.2692,15
-18.5872,146.2508,90
19.7842,-155.0936,10
36.1167,-97.6067,43
31.6144,-87.5503,132
46.3158,-113.3000,10
34.1922,-97.0858,5
36.7425,-98.1331,43
40.8619,-75.6428,38
38.7017,-91.4314,71
35.2358,-97.4647,15
46.1281,-85.5697,41
40.3692,-105.2353,66
46.7953,-93.3211,3
-16.9806,122.6667,90
46.0044,-102.6472,0
48.4583,-101.5697,28
38.0544,-85.6242,145
34.7986,-96.6692,69
18.0514,-66.4986,135
36.3558,-97.1531,43
32.3850,-90.8753,483
31.9747,-95.1381,284
39.5703,-107.2267,0
38.6644,-94.8900,64
19.5361,-155.5767,15
39.5039,-98.3150,0
21.3733,-157.7853,279
41.6444,-72.8167,58
18.3375,-67.2497,533
34.2281,-97.2014,18
39.1331,-94.0639,28
42.9967,-72.3128,97
43.6536,-110.7169,0
39.6203,-79.9697,51
35.8489,-90.6589,173
41.6317,-87.0881,43
36.3444,-88.8636,318
36.8825,-83.8819,23
33.7158,-108.7769,0
32.1003,-87.3983,97
43.5317,-75.9525,69
38.7056,-97.8461,30
42.0772,-74.9828,0
21.3389,-157.8581,117
47.1414,-121.9356,8
36.8047,-107.6214,0
35.4017,-99.0583,23
43.1592,-74.2042,51
-24.8503,152.3994,48
18.4653,-67.0525,150
18.3347,-64.7942,574
34.3608,-93.6817,229
35.5044,-82.5967,130
34.0356,-96.9433,13
38.5161,-85.2317,102
36.7542,-97.2544,23
34.9819,-97.5208,28
34.8083,-98.0233,13
41.5394,-75.9269,15
41.1183,-75.7278,58
39.3903,-94.5553,28
34.4764,-91.5381,208
-41.9933,145.5725,116
45.4136,-83.8142,5
36.8483,-121.4214,0
35.3872,-76.7764,0
39.5108,-87.1242,33
38.1436,-82.3828,241
47.9753,-122.1950,3
35.1489,-98.4658,20
39.4717,-76.1697,76
43.8564,-111.2769,0
38.3217,-83.6642,229
-27.4983,153.0337,38
41.6000,-122.8478,0
21.1328,-157.2133,165
46.0681,-93.6664,0
33.2250,-97.8317,91
33.7392,-88.1275,513
37.4389,-88.6678,211
34.9142,-98.2922,23
-29.6309,153.0286,242
41.5325,-70.6589,198
43.6028,-72.3622,56
44.7281,-75.4442,38
35.4842,-98.4814,36
18.3236,-64.8542,526
47.9189,-100.5447,10
-41.2514,146.3975,172
39.4031,-99.4192,0
43.9517,-111.6789,0
35.2722,-97.9553,20
42.6394,-72.2244,211
33.6247,-94.8075,147
42.8942,-71.9842,183
34.8494,-97.0031,36
41.2514,-122.1383,0
45.0228,-95.7897,3
39.1172,-95.4097,28
46.9589,-95.6472,8
35.5083,-98.7750,43
31.2975,-85.8997,102
43.1889,-71.7461,53
21.1900,-156.9828,216
47.1358,-122.2558,0
32.5158,-93.7447,318
35.0322,-97.9144,15
-41.6706,146.7278,106
47.2467,-94.2228,13
45.4247,-97.3269,8
43.2386,-76.1964,267
35.3647,-96.9481,28
41.5889,-75.3303,38
18.1511,-66.9889,124
42.3092,-88.2533,0
34.5658,-96.9503,48
43.7178,-123.0578,8
39.8789,-106.3333,8
21.3933,-157.9750,168
34.5519,-96.7178,76
17.9556,-66.2222,203
43.2097,-75.6453,51
39.5253,-91.6450,48
39.4506,-74.7469,127
21.5611,-158.2383,155
37.9050,-93.3169,38
39.5833,-120.3706,0
43.8000,-74.8667,53
40.3803,-76.0275,36
36.0717,-91.6169,191
20.7603,-156.2469,0
34.1678,-97.9883,99
38.4747,-100.9175,3
18.3906,-66.0542,391
34.5289,-97.7647,8
61.6311,-149.8019,0
34.9678,-97.9519,28
19.4917,-155.9117,0
38.1253,-82.6936,163
18.3964,-66.9244,417
21.3331,-157.8025,196
39.2494,-106.3714,43
43.5397,-109.6553,0
43.9000,-75.0367,43
39.7506,-92.5064,30
35.1714,-96.6311,66
35.8417,-98.5261,20
43.1003,-72.7836,36
37.1244,-82.6339,221
45.4350,-109.8081,102
46.6706,-100.2294,0
48.6236,-93.8992,13
18.0836,-66.6547,157
36.5761,-88.9356,310
36.5994,-89.9894,196
36.9861,-94.3553,193
34.6089,-96.3331,94
-38.4191,146.9656,590
36.4819,-121.1822,3
