26.5581,-99.1372,67
38.5350,-121.7761,228
38.6644,-94.8900,22
28.4675,-98.2525,189
30.2003,-92.6642,206
40.6117,-122.5281,139
43.5492,-71.4647,-178
36.5508,-114.4581,194
41.4439,-86.9294,-178
39.1172,-95.4097,6
40.7142,-122.4161,233
32.2822,-106.7597,228
25.8175,-80.2858,267
37.9050,-93.3169,33
37.7967,-121.5828,244
29.4608,-101.0286,139
36.4622,-116.8669,283
34.5822,-119.9817,228
38.4931,-122.0047,239
33.6731,-111.1508,233
39.0744,-96.8983,11
34.9881,-120.3211,217
33.7092,-93.5564,-178
35.7047,-101.5492,56
21.3153,-157.9992,339
26.8400,-81.0872,233
38.4917,-122.1242,178
