43.3488,-88.1598,0
42.9827,-95.9939,0
36.7746,-76.0422,277
40.6702,-76.2308,15
36.8302,-76.9892,279
39.5662,-104.7317,74
40.7707,-79.9385,25
45.1864,-85.1478,0
35.8381,-78.5597,152
35.9957,-80.6642,117
35.7953,-80.8347,132
39.4028,-81.4572,51
49.8599,-97.1128,0
37.9875,-91.6011,30
46.3526,-61.0776,48
39.4537,-105.4219,0
38.7575,-120.6046,0
43.2422,-88.2889,0
34.2835,-86.9144,0
40.5472,-105.0749,3
36.6027,-87.3793,76
39.0664,-89.7281,5
46.5704,-105.7049,0
39.9279,-105.1542,114
44.3552,-72.4554,0
39.7169,-86.2417,28
39.0432,-79.0496,74
36.8022,-86.1373,272
39.8612,-104.9382,33
40.1526,-84.4613,0
39.6762,-105.0361,51
36.0519,-85.7228,10
44.4991,-63.5264,0
43.1223,-77.8164,0
39.0187,-105.0549,25
38.5015,-87.2596,81
39.8959,-105.3508,58
36.1515,-79.1908,135
46.3118,-116.0553,0
39.6025,-104.9762,74
38.1842,-85.5314,112
38.6202,-77.0898,165
42.5973,-74.5931,0
40.7739,-84.0800,0
40.7683,-89.6672,0
44.8720,-69.4203,0
38.3401,-107.0943,20
42.9962,-82.4643,0
39.8394,-104.9101,109
44.2781,-103.8092,94
39.1607,-77.9885,71
37.3504,-94.8209,30
45.1715,-67.0816,0
37.7847,-79.9165,198
40.8123,-72.7718,46
39.5362,-76.5446,58
36.1502,-86.5738,254
36.0920,-82.1750,86
40.5538,-105.1289,0
41.5577,-87.6594,0
40.3038,-103.1114,0
41.3493,-75.7714,10
47.5857,-122.6092,0
37.4561,-77.3498,191
40.9763,-106.3942,18
46.4667,-63.9892,30
40.7915,-74.1398,18
39.4140,-74.7087,99
44.8353,-122.6836,0
46.4393,-95.5887,0
49.8922,-97.0283,0
40.2797,-105.3636,10
42.1070,-84.6260,0
51.1240,-104.9917,0
36.8409,-76.2195,307
42.4675,-71.4820,0
39.3983,-107.2194,5
37.8645,-91.5471,20
45.2315,-96.6442,3
41.9286,-74.0195,0
35.5813,-88.8306,264
35.3782,-88.5490,119
37.7892,-120.7518,0
39.8895,-82.7680,0
42.4000,-88.7424,0
35.6263,-82.6763,135
41.8026,-75.6972,3
42.0044,-87.8460,0
45.6325,-110.5836,5
45.4788,-122.7692,0
33.9837,-83.1378,0
37.8170,-105.0862,13
37.2850,-78.4044,264
39.5462,-104.9655,109
38.5943,-76.9145,155
40.1838,-74.2448,81
44.5309,-96.5227,8
39.3978,-77.0166,61
41.4088,-81.7448,0
42.5110,-76.9155,0
40.2970,-74.0015,76
46.7985,-96.1218,3
38.3052,-87.1259,64
43.9917,-79.6778,0
42.8370,-78.7433,0
45.4681,-122.6813,0
39.7013,-86.4079,13
38.5136,-75.9130,180
41.7788,-107.1169,0
44.0390,-122.8500,0
37.6333,-93.5525,38
39.6450,-106.3953,23
41.2008,-81.3389,0
46.2728,-106.6471,30
38.5070,-78.6240,10
39.7654,-105.1005,76
39.7261,-82.2045,38
44.5179,-103.6698,53
44.5987,-85.4843,3
40.0781,-88.2537,0
43.1563,-101.4929,28
45.8608,-84.7197,0
29.5111,-95.0919,0
43.8981,-72.1377,0
40.7228,-105.0680,3
39.7674,-105.2262,97
34.7857,-76.8633,0
42.1739,-88.2993,0
45.7139,-89.4215,3
43.8528,-101.5581,229
38.3299,-97.7787,0
36.2455,-79.7543,145
39.5482,-104.1273,15
36.3915,-80.4797,229
36.5245,-92.7520,0
40.8796,-74.2270,15
42.0478,-91.5743,0
38.0131,-75.3978,145
40.7990,-76.4322,3
39.9714,-105.3968,69
35.9727,-86.7521,147
38.2885,-107.5549,3
41.2949,-75.8682,8
38.6607,-86.7185,53
45.8002,-108.5553,13
39.3578,-76.5532,79
39.3960,-86.3956,30
45.4818,-91.1468,0
39.1297,-75.6125,119
41.4681,-87.9378,0
36.7207,-86.0349,216
45.8802,-123.2946,0
39.1051,-95.5490,15
46.4698,-63.4920,168
39.2669,-103.6952,28
47.2227,-93.4960,0
34.6614,-86.5575,0
36.1544,-80.4055,99
41.6336,-71.7895,23
34.7065,-103.8400,25
34.4204,-103.1884,10
39.6490,-104.7758,58
38.5456,-85.9891,66
38.7909,-104.8115,41
30.8176,-83.8965,0
42.5601,-87.9384,0
39.8142,-105.1510,64
34.6250,-86.5367,0
36.2500,-96.9270,0
40.7237,-74.2598,18
40.6262,-74.6535,23
38.6960,-85.4727,79
40.1499,-74.9333,46
39.5561,-105.3114,46
43.0521,-78.7643,0
38.3335,-81.6987,185
39.6292,-79.9282,38
40.0015,-105.8725,38
39.9226,-79.7140,20
43.0520,-77.2570,0
33.4414,-102.0177,13
42.7243,-73.7570,0
39.6397,-105.4068,33
35.2470,-83.4140,302
43.2115,-71.4143,0
44.5187,-72.3028,0
39.7140,-86.4090,13
40.2124,-105.0426,10
36.9695,-76.9865,302
34.9542,-86.4506,0
35.6072,-87.0592,203
39.9844,-104.8134,64
44.7029,-106.3261,38
39.1002,-78.1802,56
44.7195,-89.0223,0
38.2994,-104.6208,23
37.2528,-104.3743,46
39.7729,-86.2799,5
38.6280,-77.8080,89
35.5704,-105.1889,43
44.7825,-108.6879,0
39.4037,-76.9343,61
39.1746,-75.5132,104
37.5791,-106.1581,13
36.2885,-85.8619,297
38.2636,-85.5840,76
39.6537,-75.5182,56
40.9027,-74.0834,13
43.5375,-81.3964,0
40.4726,-74.5904,41
40.4407,-105.0619,10
38.7310,-90.6790,30
45.0350,-93.1862,5
37.2264,-80.4064,221
38.6645,-76.7385,168
44.6654,-94.8544,0
40.9658,-74.4878,15
39.0171,-95.6113,28
40.3666,-105.0992,18
38.8419,-102.3493,0
39.4852,-77.3352,51
38.3370,-80.6452,140
36.4843,-80.9996,201
45.2753,-62.7127,13
38.7820,-76.2115,155
45.5075,-66.0986,0
39.3723,-112.3339,0
39.7736,-105.0589,33
39.2422,-85.2536,28
38.4456,-84.1615,53
39.0693,-106.4365,36
45.3806,-91.7048,0
39.5483,-74.8671,71
39.8847,-82.6431,30
37.6605,-91.5535,99
45.8596,-91.5771,3
36.1468,-78.9782,127
41.2214,-74.6600,5
39.8009,-75.2387,58
39.4700,-76.8301,53
36.7538,-75.9911,163
35.7442,-78.8061,109
42.9409,-87.9823,0
39.0205,-105.4940,8
35.0886,-81.9874,185
35.5909,-82.5549,66
39.4582,-107.1839,0
42.4717,-79.3336,0
35.6041,-78.8189,178
39.5168,-101.9302,5
41.9351,-75.0784,0
38.6639,-77.9756,97
39.8205,-75.8782,46
46.5894,-107.7488,25
40.2001,-82.7732,0
42.7017,-108.6757,30
40.6713,-74.5175,20
32.9319,-105.7602,8
37.1682,-80.4443,221
41.2986,-104.8278,3
44.0800,-99.1300,3
35.2490,-81.0335,160
39.2325,-94.7805,3
38.9052,-104.8491,13
35.6345,-117.9782,0
40.7494,-96.5928,0
38.9384,-104.8426,20
36.0223,-91.2712,30
40.2469,-75.9981,18
42.8167,-106.4108,38
44.9100,-93.2890,0
48.6354,-112.3249,0
35.4308,-82.5242,234
35.2676,-89.8376,170
38.6008,-90.5548,10
38.3228,-85.8958,135
36.2176,-76.7095,203
38.5805,-90.2851,15
38.7835,-104.8293,64
36.0243,-86.7509,264
47.3714,-102.7606,0
39.9660,-105.5125,43
36.2965,-78.6299,147
38.6856,-88.0853,137
45.3240,-102.8768,0
43.5695,-116.3248,0
34.8734,-82.4855,292
39.6999,-74.9971,71
39.7647,-84.6338,38
36.0259,-78.4549,178
41.5832,-88.1911,0
38.7853,-76.9947,127
38.6451,-85.3552,61
34.7411,-86.7697,0
40.2778,-74.7926,46
52.2915,-104.5762,0
36.2467,-79.7572,147
44.6520,-103.8461,10
38.9265,-92.3018,0
35.0946,-77.7978,48
35.0207,-80.5343,150
39.6561,-75.3338,61
36.2120,-87.4058,170
40.3417,-80.1229,20
45.4000,-123.1830,0
40.4712,-88.6196,0
44.2899,-96.7871,0
35.2766,-83.0494,142
41.8644,-88.3232,0
40.5562,-105.0643,3
40.7481,-74.3908,23
47.7130,-118.9412,0
39.2619,-86.5936,36
40.2763,-75.3006,38
38.6704,-91.7726,0
40.8656,-74.3851,15
37.3538,-79.5238,211
35.5681,-87.6280,244
40.9364,-72.5778,46
39.7006,-85.8950,20
36.6172,-88.7143,221
41.6189,-87.0825,0
36.8010,-76.3270,130
39.4195,-77.2905,64
39.0704,-84.9758,58
40.4672,-87.0611,0
38.5735,-90.0660,8
43.1764,-78.6834,0
51.2522,-106.5403,0
36.3465,-82.2365,104
34.6286,-86.5561,0
42.8264,-106.3988,41
39.7041,-102.7080,0
40.5759,-105.0858,0
34.7842,-86.7544,0
36.1515,-79.7968,124
42.6038,-76.1637,0
43.6532,-107.3734,5
40.3018,-74.8729,51
36.2851,-80.3026,140
38.9858,-95.4350,23
40.2286,-74.6472,66
44.0375,-88.1697,0
44.6310,-72.2800,0
35.5583,-83.0344,0
37.5459,-106.1217,20
43.1923,-123.4387,0
41.1429,-104.7897,0
41.4644,-81.0652,0
41.4406,-73.3904,10
34.7345,-86.2100,0
45.9973,-110.6622,0
34.7058,-86.7503,0
39.3711,-76.7217,79
38.3883,-85.5874,114
40.0839,-105.3689,64
35.2890,-77.6665,97
40.7623,-74.9719,33
40.2104,-74.6204,53
35.6918,-78.7443,175
42.9919,-85.6944,5
36.0373,-91.5954,36
41.5264,-90.5858,0
40.3833,-105.1390,15
39.2052,-76.8390,86
45.3950,-93.0181,8
40.9733,-87.2905,0
41.1779,-89.6493,0
38.9438,-104.7816,13
34.5980,-94.2895,0
39.9420,-83.8051,0
40.5382,-74.5921,30
45.4505,-98.5086,3
53.5972,-105.7361,0
39.7054,-104.9754,533
41.5641,-89.1235,0
39.6249,-75.7861,58
38.0163,-84.5187,193
36.1520,-115.3396,0
42.4650,-92.3410,0
38.3339,-104.7898,10
42.6732,-85.6801,0
34.8057,-86.2483,0
40.3978,-80.0967,13
50.1475,-95.8902,5
36.8238,-90.5179,66
36.0969,-78.3445,142
39.7523,-104.8619,28
38.4526,-87.5336,25
37.3481,-76.7720,196
34.1649,-95.5431,0
44.8745,-123.0444,0
43.5868,-99.7114,3
47.4021,-79.6765,3
35.4418,-82.2543,178
39.8084,-105.1115,23
39.4514,-101.8931,18
39.4405,-98.6906,3
36.5160,-87.3270,109
39.4617,-104.8911,91
39.0295,-95.1391,5
39.8174,-105.1550,23
43.0420,-89.4682,5
39.0835,-104.8387,25
30.5083,-97.6972,3
35.9519,-80.6946,119
35.1537,-106.2848,0
38.4543,-75.5730,178
45.7942,-65.5907,0
42.7614,-75.5554,0
39.9734,-76.9178,203
44.4181,-106.5889,64
37.2595,-93.2523,10
38.8860,-104.7824,20
40.5161,-105.1026,8
42.1726,-87.8884,0
34.7829,-76.9040,0
37.7636,-106.0933,3
42.1880,-87.9590,0
44.8467,-93.5456,3
40.2843,-105.1608,30
37.4159,-105.1587,30
40.8173,-76.9097,5
46.0272,-66.6746,0
38.4777,-105.2363,0
40.2077,-75.3522,46
42.7688,-96.9067,3
46.5673,-87.6869,0
35.9425,-78.6812,180
43.1425,-80.0696,0
41.2084,-124.1027,0
48.8511,-97.7775,0
35.8562,-78.6360,145
38.4442,-78.8856,94
39.6879,-104.7063,56
39.6124,-105.0331,79
41.4996,-87.9603,0
43.2161,-77.9525,0
41.5067,-87.5248,0
40.5938,-91.1467,0
35.1555,-85.2669,0
43.1269,-86.2431,8
39.6244,-105.3068,46
46.8293,-97.2617,0
35.9126,-82.4230,64
40.2042,-75.3577,46
44.6987,-99.4139,0
46.1326,-91.4050,8
44.9846,-93.3744,3
40.5949,-98.4270,5
35.9831,-84.0442,292
34.7806,-86.8644,0
42.8972,-85.7791,5
44.7683,-94.1558,0
38.6066,-90.3406,0
35.5841,-89.2423,185
42.9900,-73.8000,0
36.2132,-81.3574,43
44.6053,-72.3094,0
46.7098,-94.1880,0
38.6391,-106.9408,0
38.8274,-75.4303,157
48.2619,-114.1556,0
41.5558,-104.9128,10
37.1663,-76.4401,231
45.4340,-122.5036,0
38.9939,-105.0483,28
43.6037,-70.9867,0
38.4082,-82.4443,180
29.7210,-98.1655,0
44.4677,-87.9735,0
37.2715,-76.7665,193
43.3502,-101.6018,51
38.2592,-84.9076,170
44.2321,-80.7061,0
39.8446,-75.6386,43
39.7144,-96.8729,18
39.5616,-104.9503,64
35.2454,-82.3493,269
40.8398,-74.5432,20
43.8737,-80.1343,0
42.8403,-84.4197,0
37.0580,-93.4054,5
55.4900,-107.9236,0
34.8567,-86.6850,0
39.2825,-82.9945,64
38.5966,-76.8710,155
43.6215,-110.6253,0
38.5524,-90.0805,5
40.2522,-80.0539,13
45.6208,-109.1040,5
42.8181,-106.3455,51
42.1938,-104.7265,3
39.5722,-105.1221,109
38.9049,-94.7569,0
36.6212,-81.1117,135
40.0136,-86.2901,0
32.2918,-85.1893,0
36.0532,-80.6028,102
38.6418,-77.7672,112
37.6491,-104.9336,46
44.9663,-93.8489,3
38.3759,-81.8093,157
39.1438,-77.0735,86
43.6293,-65.7999,15
40.9511,-74.1183,13
36.7847,-80.2825,152
39.8143,-105.3945,64
31.4318,-100.4853,20
36.5628,-81.5824,229
38.4595,-78.1136,109
37.5505,-94.5092,61
41.0233,-100.3669,0
34.6417,-86.3861,0
44.9720,-72.1478,0
47.7657,-122.3001,0
35.7799,-79.1244,112
38.9716,-86.5616,43
36.1912,-81.7682,124
41.8163,-88.3068,0
38.1617,-85.8566,127
40.5556,-105.1221,0
44.4750,-105.5962,41
41.3728,-88.8415,0
37.1306,-80.5720,135
43.0387,-99.2259,0
41.3940,-79.4131,3
39.8826,-105.1056,56
40.3740,-105.2889,20
41.9062,-87.7819,0
32.1154,-81.2509,0
35.1375,-77.9892,211
45.3147,-64.4289,0
37.1558,-79.0743,213
45.1702,-91.2361,0
34.5434,-112.3764,0
40.7912,-78.0118,13
39.5137,-75.1363,76
41.7814,-88.0674,0
44.3200,-90.8300,10
43.4394,-71.5373,0
34.8697,-82.3253,183
50.4826,-104.6385,0
39.6490,-80.7382,43
35.7871,-81.2516,124
46.7138,-93.2885,3
36.6047,-81.1555,0
40.3491,-105.5036,18
46.4779,-108.4165,13
40.7206,-105.4150,5
41.3315,-88.3141,0
40.8549,-74.9815,18
44.4136,-74.1521,0
38.9030,-77.2836,114
36.0512,-83.9862,0
38.4026,-106.4157,8
39.5854,-105.3672,46
43.7440,-70.4890,0
38.5580,-90.4243,8
38.3644,-86.8453,38
37.1763,-92.5286,0
38.0196,-78.6389,91
39.9588,-105.5026,46
40.3920,-76.8753,572
46.4274,-62.7087,8
38.6655,-96.8934,0
37.6702,-91.8739,18
42.1460,-71.3794,0
41.0483,-93.9496,0
46.8201,-109.7935,36
41.8777,-71.7513,0
38.6982,-76.0161,198
39.2725,-96.7383,5
36.1383,-79.1806,124
40.1623,-85.0162,0
38.1462,-85.9766,137
37.6460,-77.5048,178
39.4504,-104.7122,48
41.5177,-90.6072,0
37.9101,-86.1364,66
41.5007,-81.5526,0
42.6353,-85.7611,5
35.9114,-78.6058,160
39.6671,-104.9898,64
38.0143,-103.6286,20
37.4562,-77.6624,178
38.9846,-94.7633,0
35.9734,-80.4415,117
39.7556,-103.4986,0
49.1971,-100.1496,0
37.3831,-79.2314,277
35.9350,-87.2662,0
49.8996,-97.1875,0
41.2520,-104.7713,0
39.5186,-104.9492,81
39.0425,-74.8940,135
34.6014,-86.5397,0
39.9965,-76.7533,38
36.7535,-80.9206,246
39.0974,-77.0487,89
40.2831,-105.3547,15
44.7914,-93.2304,5
42.2406,-84.4669,0
40.1879,-85.4720,0
40.6114,-75.2259,15
36.3136,-78.4538,51
38.3515,-85.1555,79
39.2849,-85.9526,51
48.6770,-100.8026,0
40.6846,-73.9867,30
31.1200,-81.9300,0
37.1502,-80.4313,183
40.4079,-74.6199,43
39.9875,-104.6539,43
35.8200,-81.1881,130
39.9463,-84.4537,20
37.9084,-90.2010,8
32.7904,-105.8204,0
39.7082,-105.3565,56
40.9158,-74.4758,15
38.7417,-89.9282,13
39.4755,-75.2383,71
38.9811,-76.7811,119
42.5336,-75.6306,0
38.8319,-107.9670,0
42.2985,-83.2425,0
39.4202,-84.1493,51
40.2510,-74.2819,81
40.0663,-74.3570,117
39.7738,-105.3864,36
41.8262,-105.2054,0
46.5189,-66.2667,0
40.5140,-106.8240,5
45.6018,-94.1991,0
44.3579,-100.3721,8
39.2385,-77.2258,79
39.1949,-104.9333,79
41.2939,-111.9580,0
36.8198,-85.0107,201
44.9250,-102.7628,3
36.3663,-106.2177,23
40.6600,-75.0080,23
39.7249,-76.9998,36
39.2728,-82.2430,61
44.0135,-103.3008,23
40.0313,-105.2924,53
43.7434,-92.3065,3
33.8614,-84.0280,0
35.9372,-78.9973,135
39.7012,-76.4913,58
45.4060,-122.8780,0
36.1972,-92.2688,20
42.6536,-85.7597,5
40.1043,-105.1605,43
40.4099,-74.5730,38
37.6337,-105.5480,0
33.7476,-84.7452,0
41.4469,-74.0214,3
45.2943,-91.6247,0
36.6144,-93.8363,0
49.8631,-97.2622,0
38.2625,-86.2539,66
39.3032,-95.8141,5
46.2507,-119.3197,0
39.5936,-75.0692,71
36.0518,-92.8434,13
41.9692,-88.1873,0
44.3606,-72.8077,0
43.6312,-84.1943,0
38.2246,-90.5689,15
32.9881,-97.3932,0
38.0156,-87.6449,112
29.5139,-95.0919,0
41.3928,-75.6411,5
43.6465,-81.7074,0
39.0212,-84.2186,0
44.2832,-83.4992,0
49.7791,-124.3371,0
40.7780,-74.3992,10
36.2163,-81.5885,183
37.2760,-80.4503,305
35.2596,-92.4054,0
35.2116,-103.7730,25
44.7518,-63.7910,0
35.9768,-86.5989,25
44.3425,-92.9792,0
40.6398,-74.8297,25
35.8131,-92.1573,13
43.8567,-70.4664,0
40.5933,-111.7922,0
38.8776,-75.4399,155
37.2486,-80.3905,208
38.6336,-105.5550,53
41.2144,-85.1242,0
36.0451,-79.1015,147
36.5442,-85.1598,221
39.9231,-75.0649,53
48.5050,-121.4800,0
42.3223,-76.5899,0
37.1154,-93.3080,0
40.6564,-76.1394,20
38.6264,-106.1198,84
45.6063,-122.5104,0
33.4922,-102.1883,10
38.7244,-87.7129,23
40.0584,-79.2616,69
44.7579,-93.2567,5
34.7742,-83.5800,320
39.0877,-108.4665,0
37.1450,-76.3960,236
37.5033,-92.6603,13
46.6046,-90.6492,8
47.0880,-91.6241,0
40.0311,-105.2883,69
41.0521,-83.5773,0
35.3933,-82.8140,406
39.8378,-83.2321,30
36.1192,-83.2694,25
44.0917,-93.2138,3
36.1682,-91.5110,13
36.8532,-81.4745,178
42.5088,-72.6973,0
37.6934,-78.6641,211
41.0127,-74.5103,23
38.8579,-106.2085,15
34.7056,-76.9898,0
34.8923,-92.2439,13
36.3297,-95.7367,244
42.4516,-76.0437,3
35.1897,-89.8464,15
43.8367,-101.5078,36
37.3262,-93.1977,10
39.3200,-86.7300,30
41.4342,-87.1450,0
45.0043,-65.1169,0
39.5247,-104.5229,13
41.5072,-109.1554,0
34.7756,-86.7803,0
45.9290,-66.6283,0
33.7667,-101.8752,20
36.8525,-85.5488,325
38.7840,-76.5362,160
29.4854,-98.6561,0
34.8183,-86.5050,0
39.6176,-105.3440,5
40.3863,-105.1633,8
38.8394,-80.3963,112
39.1758,-76.7850,89
38.1479,-91.4468,8
39.0326,-75.5169,79
50.4158,-96.6091,18
40.2707,-74.7295,97
29.7409,-97.6802,0
35.6749,-92.5408,41
40.5035,-88.9682,0
42.0597,-88.2334,0
42.7766,-78.8444,0
39.9409,-74.1749,61
43.0789,-85.6282,3
46.0533,-83.6906,0
45.5416,-122.6401,0
45.7904,-66.1473,0
39.0419,-85.0363,48
52.1381,-106.5720,0
37.6627,-81.0903,117
39.5891,-105.1006,1905
39.8100,-74.9357,64
39.7444,-99.2155,0
36.2496,-106.4956,20
37.0475,-86.2033,102
46.9934,-65.5069,0
42.7096,-108.6793,25
45.2213,-109.2124,3
39.4441,-104.8723,51
37.9292,-91.7648,13
44.2659,-85.2553,0
37.2831,-76.7636,216
38.9315,-94.8865,3
45.9770,-66.8682,0
43.1551,-99.2584,0
40.8524,-74.8282,18
48.4535,-89.2239,0
37.5990,-101.2911,3
48.9536,-54.6186,0
43.6304,-96.9442,0
43.8172,-99.8307,3
44.7910,-75.3822,0
38.6049,-89.9685,33
43.9066,-100.9352,15
37.1014,-79.6663,185
39.4745,-83.8361,38
40.8173,-74.6049,18
35.4767,-83.0802,378
41.5324,-84.8853,0
36.4362,-77.2360,155
38.8423,-80.2723,15
37.1397,-79.7232,191
34.6444,-86.5056,0
38.3833,-81.8344,183
40.5091,-74.8549,28
34.4972,-87.2300,0
42.8095,-106.3315,53
42.2139,-104.5192,3
41.5417,-87.2715,0
41.8912,-88.0223,0
38.3017,-85.5674,127
39.5978,-105.0114,91
39.4289,-77.5152,61
38.6784,-92.1014,0
40.2835,-78.8901,20
44.0487,-103.2173,23
38.4669,-78.3167,104
37.9525,-104.7297,8
38.2129,-94.0507,18
38.0565,-94.2890,23
32.4066,-96.3347,0
39.5794,-85.5713,25
40.3895,-75.7541,28
35.7368,-106.0718,8
38.4844,-93.2556,15
37.7196,-97.3844,0
44.6826,-63.8602,5
39.0589,-92.4370,0
43.3818,-84.6586,3
37.4866,-86.8479,163
35.9914,-78.9310,124
39.0284,-88.5659,15
34.7981,-86.7047,0
40.3100,-74.7243,36
39.6999,-104.9512,69
42.7112,-87.8457,0
35.9519,-78.7189,142
36.6534,-87.1840,114
38.8875,-77.2041,104
36.5869,-93.2692,0
38.6521,-76.6395,170
38.6819,-95.5095,0
37.2003,-93.2740,0
44.1387,-103.0532,33
41.1977,-80.9721,0
36.7389,-105.5743,28
38.9163,-104.8604,15
45.1775,-89.8482,0
41.0589,-83.1127,0
41.3083,-105.5833,584
34.9842,-83.3917,0
38.1044,-103.5460,20
44.8622,-92.6312,5
38.7245,-103.6262,3
41.6293,-88.2991,0
38.8011,-76.5147,150
44.5125,-78.3606,0
35.4916,-80.5277,173
44.6532,-85.6640,3
35.6486,-79.3361,104
40.1152,-86.4551,0
43.4794,-80.5354,0
39.4930,-105.3495,30
38.2197,-76.4417,224
39.3343,-94.7642,0
39.0149,-95.5367,508
36.6796,-80.4477,142
40.1697,-105.0779,20
32.3772,-86.2575,0
37.9542,-87.3741,23
37.7059,-80.4232,142
48.7748,-104.5670,0
38.7850,-87.1553,58
38.9315,-104.7577,74
40.4069,-105.4063,3
39.7373,-84.3955,38
35.7892,-81.3455,132
38.4612,-75.0893,193
38.3455,-120.7719,0
41.2800,-85.4729,0
40.5913,-111.7903,0
38.2270,-77.5120,201
41.6326,-74.5604,5
41.2571,-77.0085,3
38.1309,-79.0559,107
41.4977,-87.0730,0
37.5643,-85.7362,196
38.5685,-91.0281,10
39.8183,-74.9956,58
37.9018,-88.9341,33
47.5640,-52.7134,0
38.6033,-92.2188,13
39.8964,-105.0276,71
39.0841,-75.4922,135
34.1550,-103.3849,5
37.1500,-79.7137,142
39.9223,-104.9554,56
38.6169,-77.9696,91
36.7586,-85.8992,330
45.1187,-95.0551,0
39.5385,-76.3788,8
38.9004,-104.7836,25
37.3480,-108.5596,0
32.3191,-90.0806,0
35.9597,-86.6575,0
38.7387,-84.8496,48
42.6509,-78.6106,0
45.4141,-93.6919,3
38.0805,-87.2758,56
40.5358,-94.8879,0
35.5258,-77.4605,208
37.4636,-76.2964,211
49.5196,-96.6794,3
39.4712,-118.7915,0
43.5141,-89.5691,3
40.4424,-105.1030,20
47.6720,-65.0911,41
38.8257,-76.9266,135
43.3439,-91.6443,0
43.8324,-70.1200,0
45.7393,-65.5222,0
38.8623,-75.9267,147
35.2551,-82.7351,356
37.6442,-105.5580,3
36.5875,-87.0060,38
36.1484,-81.6400,86
35.4310,-79.1122,23
34.8240,-92.2531,0
39.3428,-76.8939,61
36.0347,-78.9806,137
35.9113,-79.1144,135
33.4387,-88.8695,0
44.8116,-106.9705,107
39.9005,-75.6883,51
35.3621,-103.4708,15
37.0608,-76.4686,262
40.5342,-75.0559,25
40.0014,-77.1089,28
37.9663,-103.5443,0
40.1302,-74.2145,58
49.8917,-97.3055,5
45.0713,-64.4857,0
39.6391,-105.4128,41
33.5172,-101.9681,8
45.6001,-109.0899,8
37.4833,-103.0724,5
45.9220,-116.1260,0
45.0309,-92.8420,5
29.7305,-98.0938,0
39.9684,-74.8648,58
37.5770,-106.1004,20
41.0890,-74.5399,28
41.5929,-104.8339,0
39.2279,-86.3562,28
37.4795,-105.8548,10
37.9049,-93.3947,20
39.6693,-104.8220,43
38.1195,-105.5777,51
39.0410,-104.8241,8
40.0945,-88.1282,0
38.2872,-81.7874,175
38.1079,-81.6228,201
39.3387,-76.9468,84
39.8725,-86.1373,5
38.2210,-84.8175,175
37.7327,-85.5174,142
38.9314,-105.1307,36
41.0202,-74.3289,8
39.6724,-104.7609,28
38.9540,-104.6005,15
39.7220,-106.1370,18
37.7409,-93.5913,10
34.9968,-101.9307,10
45.1226,-93.4579,0
39.4909,-75.1803,76
40.2024,-105.1114,20
46.8153,-92.0637,0
44.8687,-93.3394,0
38.1766,-105.3141,8
40.8977,-86.6525,3
39.1570,-104.5034,36
37.8039,-96.8601,3
41.1575,-104.8840,3
35.8230,-106.2183,13
43.6287,-100.6948,38
38.6428,-77.5795,99
40.6872,-74.8575,36
44.0303,-71.1383,0
39.4692,-76.5310,61
44.8403,-92.6350,3
38.5452,-109.4878,0
45.5740,-88.8983,0
39.9389,-105.4749,61
39.4688,-106.0109,89
39.5404,-104.9123,56
36.1153,-85.5332,20
29.5120,-95.0994,0
37.6730,-75.7975,213
49.6725,-96.5814,8
37.2247,-80.5187,1905
34.0151,-81.1920,0
35.9713,-78.0134,150
39.4041,-79.3722,43
48.7094,-118.7214,0
38.4060,-82.3813,201
38.1703,-106.6569,23
43.8705,-93.3036,3
43.0961,-79.0281,18
27.9855,-81.7902,0
36.8636,-94.4408,8
46.2084,-119.1658,0
44.8767,-107.2631,56
38.8953,-84.6439,84
37.2492,-93.9439,58
42.2845,-83.0346,0
37.0561,-79.9143,76
42.9008,-88.5862,0
35.6365,-82.4141,71
42.0586,-104.1684,5
40.1706,-104.8858,508
39.3428,-82.0964,66
35.0286,-86.5975,0
41.6048,-75.2833,5
44.0385,-100.2656,5
39.6470,-104.7624,30
39.6404,-74.8261,71
38.3620,-85.4478,117
45.2575,-109.2264,0
39.6090,-104.9822,76
42.4927,-72.9454,0
43.5629,-79.7347,0
35.5253,-105.8872,10
36.4703,-77.6558,150
39.1781,-83.8644,89
41.1623,-81.5037,0
39.0271,-78.2765,99
38.7873,-82.9779,137
38.1968,-87.8222,53
39.4944,-85.9041,28
35.7208,-78.1108,152
38.6844,-77.4299,91
38.1963,-105.5980,28
36.9762,-85.8557,178
37.2596,-97.1112,0
38.6804,-77.4206,89
45.5971,-122.4186,0
39.4809,-76.3948,61
38.3824,-86.7842,46
42.4334,-122.9869,0
35.8840,-85.0450,325
40.6259,-105.0621,0
39.7517,-104.8543,36
38.9669,-95.2967,15
40.3385,-105.0895,30
53.6050,-105.8944,0
45.4899,-74.6457,0
45.3608,-63.2682,3
40.5192,-105.1593,23
35.9397,-87.1718,226
38.4908,-85.6677,132
39.1762,-74.7515,114
43.5073,-65.6096,20
41.9221,-111.8193,0
42.8339,-79.9298,0
41.4673,-90.1818,0
37.5258,-79.8832,201
37.1259,-79.8522,206
44.3075,-104.3170,76
39.9908,-105.2557,69
40.7447,-111.8677,0
36.3463,-76.5482,218
45.1613,-109.2911,5
45.0792,-64.2711,0
41.5193,-87.9193,0
44.3320,-70.2685,0
40.5665,-75.9862,15
41.2973,-105.5226,15
46.4025,-94.4631,5
39.3315,-104.9611,46
46.8131,-92.0556,3
46.4168,-98.7875,5
36.6368,-86.2125,226
41.6874,-87.7911,0
36.1470,-81.6258,119
36.8093,-92.7289,0
34.2024,-78.0948,0
61.6185,-149.1258,0
39.9338,-105.0916,74
35.6536,-82.5728,102
38.4975,-77.0185,102
29.6849,-95.2197,0
40.4552,-74.6361,36
39.8847,-74.1741,71
43.2082,-102.0292,13
39.2352,-85.8992,61
37.8128,-79.3028,99
39.4722,-105.3913,5
39.1448,-84.6078,64
44.7104,-63.7331,0
45.1395,-93.4207,0
37.6847,-75.7103,231
36.2184,-81.6720,99
34.6389,-86.5436,0
42.9632,-78.8669,0
44.3358,-72.9842,0
44.8382,-92.9359,5
40.9645,-79.1989,8
35.6373,-105.9259,25
36.2528,-81.9136,132
44.9769,-106.8475,20
41.2965,-105.5748,33
39.3876,-104.5869,41
46.5824,-90.8839,0
43.8885,-70.2944,0
35.5730,-82.7890,140
37.2168,-80.0228,124
34.5148,-86.9146,0
36.8805,-86.1717,137
44.8122,-106.9763,61
40.5083,-74.8152,33
38.5871,-96.8950,0
38.9786,-92.4232,0
44.7323,-92.4060,8
40.3503,-86.4867,0
42.5019,-92.4418,0
35.6246,-106.0116,3
40.7480,-74.1518,28
40.9519,-74.1577,5
40.9142,-91.4293,0
39.5753,-104.9746,79
44.1964,-88.3307,0
44.5654,-106.9281,97
41.9864,-91.6339,0
38.9433,-119.1916,0
44.7591,-123.2325,0
44.6115,-74.9719,0
38.2491,-94.3466,36
41.2098,-81.3548,0
42.8532,-90.7086,0
38.5432,-106.1924,104
38.5096,-89.9711,20
40.6418,-74.8827,23
44.2885,-94.0764,0
39.9837,-105.1492,124
37.4720,-106.2891,23
36.2393,-88.0800,130
35.8458,-105.3226,97
39.1993,-96.6329,5
38.6754,-87.1900,89
39.1692,-85.2361,53
43.8583,-71.2597,0
41.8991,-106.2002,0
40.0403,-82.7980,10
44.5014,-68.2208,0
48.0125,-123.1709,0
39.2142,-84.1716,64
38.7311,-77.0890,142
39.9839,-104.8081,58
45.6907,-109.7173,0
51.5202,-56.8369,94
38.4431,-105.0400,25
36.1648,-81.6055,198
44.8567,-93.6864,3
43.1951,-76.2883,0
45.7169,-92.9257,5
34.5360,-92.7651,0
39.5280,-104.9532,114
40.0815,-104.9459,13
44.7878,-105.2674,53
39.8171,-105.1774,20
40.9982,-96.9093,0
44.9247,-93.2494,3
39.8994,-86.1283,5
38.1935,-103.8540,8
39.9714,-104.8683,43
38.8379,-90.8803,8
39.5886,-105.1004,79
35.2315,-86.6060,0
53.3290,-106.1377,0
39.6526,-104.8237,28
38.4949,-89.9811,13
49.1916,-100.4942,79
35.2006,-103.6867,10
41.0413,-93.9805,0
36.9612,-91.7232,20
39.3818,-104.9487,48
39.7537,-75.7519,84
39.0566,-81.5503,81
34.7917,-86.7239,0
45.4400,-105.6100,56
36.2010,-81.8710,140
39.6613,-105.0547,13
45.9896,-66.5918,0
39.6919,-77.1171,41
32.9502,-105.7337,18
34.9653,-84.4695,0
37.3089,-76.7724,218
44.9305,-92.9249,3
33.9554,-86.5439,0
40.5462,-74.5287,30
40.7079,-105.0072,3
43.3367,-72.0606,0
36.0346,-88.2440,152
36.4671,-93.7370,0
37.3742,-76.3071,239
39.8572,-74.8170,64
41.9279,-88.4562,0
39.6871,-105.4066,33
39.1834,-96.5852,8
39.4058,-86.5045,33
39.0267,-104.7478,33
44.6698,-64.8526,112
41.5880,-73.8922,0
33.4958,-101.8935,15
51.5694,-107.2341,0
37.7529,-104.8389,18
39.6513,-75.8856,51
41.2812,-84.3454,0
40.9234,-73.3305,13
39.2900,-74.7556,102
38.7566,-98.8694,25
38.9717,-74.8398,137
41.6479,-70.6229,0
44.1511,-94.7852,0
38.4354,-97.0632,0
37.4200,-97.0497,0
40.4857,-106.8472,0
40.0586,-75.0770,56
33.9323,-80.3741,0
48.5544,-58.6185,8
40.5800,-105.2200,25
36.1387,-92.1254,3
37.0739,-76.6686,1273
41.3297,-86.3568,0
42.9042,-105.0635,13
42.1016,-87.7290,0
39.0382,-88.7500,2057
45.8812,-66.7623,0
41.5401,-90.4492,0
40.2421,-74.0298,89
38.6331,-109.4104,0
40.4697,-106.8139,8
39.1128,-104.8116,127
38.7525,-86.3890,74
41.6470,-73.8970,0
37.0508,-79.4822,206
38.4193,-107.9422,3
41.7346,-88.2391,0
38.4849,-92.4041,3
44.5103,-109.0994,0
43.6695,-116.2653,0
43.9873,-81.1033,0
49.8299,-99.9746,0
40.8451,-74.5969,18
45.5307,-87.6192,0
38.9902,-77.0081,97
42.0274,-93.4589,0
39.1327,-74.7102,94
31.8142,-93.0856,0
36.6725,-83.1678,203
36.5331,-86.3678,198
41.8183,-86.3423,0
39.6679,-104.9440,51
45.8359,-108.5221,15
35.1682,-81.9390,226
36.4941,-80.6896,178
39.8315,-74.8083,102
45.9631,-65.9694,0
48.8485,-117.6283,0
39.4915,-102.8229,0
42.0826,-75.9912,3
38.7182,-79.1428,97
36.0528,-80.3021,2794
43.0768,-98.9466,5
42.3337,-83.8751,2286
35.3620,-85.3797,0
45.6686,-122.6862,0
41.1523,-104.8052,3
35.9414,-80.4134,135
41.3677,-81.7018,3
39.7005,-105.0985,43
40.5460,-105.0731,0
39.7256,-75.6488,58
40.5903,-104.9274,5
40.0488,-76.6948,25
37.3685,-78.2274,251
39.2378,-74.8173,132
34.4054,-103.2830,8
40.6263,-105.3912,8
29.5110,-95.0898,0
41.6846,-73.7205,0
43.9930,-66.1468,8
44.8492,-88.3472,0
37.5370,-76.4437,193
38.6205,-87.1359,61
40.2779,-75.6306,36
40.8615,-74.2775,58
30.4144,-97.7664,0
42.9980,-88.0238,0
42.4093,-86.0481,5
40.4217,-104.7057,0
35.8438,-78.6531,152
40.0414,-105.0729,10
36.4003,-84.8954,251
39.6437,-86.1856,25
35.6463,-105.9754,51
39.5201,-104.7851,53
36.8617,-76.2923,127
35.2197,-82.2425,226
40.0905,-104.7986,43
39.6011,-105.9773,18
38.8592,-96.1058,3
36.8424,-80.2633,142
40.3889,-75.9396,28
39.4982,-104.8909,66
47.3638,-120.2284,0
46.4238,-94.3033,3
35.5724,-78.4154,175
41.5124,-72.9437,0
42.9542,-81.4349,0
39.1516,-77.2368,28
34.8050,-86.7619,0
40.1282,-82.5158,13
37.8871,-93.3466,23
39.5982,-80.2452,38
39.9873,-105.1703,97
40.4848,-106.8092,3
38.9090,-106.1750,23
44.8344,-93.0358,25
40.8675,-74.7536,8
40.3217,-105.0773,10
41.8554,-75.7111,0
37.1500,-93.2194,8
44.7150,-106.7180,28
37.1554,-79.6753,185
37.1453,-94.6031,5
38.4622,-105.0277,28
44.1386,-123.0658,0
40.5006,-74.4875,33
39.3470,-89.3455,5
48.1810,-117.1712,0
40.2329,-75.5423,41
35.5364,-105.8989,10
38.7271,-75.2870,160
39.7332,-75.1331,51
39.7739,-75.0925,53
39.0154,-84.8873,91
29.2650,-81.0472,0
46.8818,-64.1973,208
38.5324,-83.7547,193
34.8957,-76.9161,0
36.4011,-81.4279,124
44.5738,-106.9022,97
39.6221,-86.7790,23
39.5884,-105.0750,89
35.6892,-79.8010,122
35.8015,-82.5305,0
36.1446,-80.3243,114
35.9695,-84.3855,274
43.3085,-87.9848,0
39.3929,-74.6248,86
40.4754,-106.8085,8
34.1109,-109.9003,0
42.4970,-71.7750,0
35.4606,-81.3296,193
39.9707,-105.2505,66
40.6064,-74.8710,30
45.6357,-110.4331,8
42.4310,-83.3819,0
45.5519,-116.3028,0
38.1625,-79.0712,107
39.7849,-86.3939,20
39.8546,-84.2112,25
41.5904,-86.7343,0
39.9712,-74.9345,74
39.1405,-77.0667,81
34.8816,-82.3224,267
40.4262,-105.1162,18
49.5171,-96.7356,30
43.0597,-99.6129,5
46.9095,-104.0050,33
39.7866,-77.7253,254
38.9539,-92.3381,3
39.0916,-76.5112,127
36.3087,-87.7842,358
38.1208,-76.3651,251
39.7171,-84.1668,36
37.9215,-94.8177,10
38.3042,-104.7440,23
43.7281,-96.6377,0
39.8985,-104.9911,48
42.9880,-85.8103,5
37.3996,-119.7381,0
36.9710,-79.8447,10
36.0895,-81.8356,188
36.1264,-85.3139,8
36.3772,-85.8983,292
36.2012,-83.3891,251
39.6596,-104.8760,33
44.6658,-70.0272,0
39.6114,-104.9966,74
38.9294,-77.3608,99
44.7246,-63.8192,3
35.9755,-79.3095,165
35.6283,-108.7928,0
43.7051,-99.3773,3
40.0455,-75.2222,48
39.2016,-106.0412,71
36.5759,-82.2155,198
39.3677,-96.3883,5
39.3044,-85.2153,53
40.0591,-105.1717,43
35.0499,-81.0219,155
44.8126,-106.9580,58
33.6239,-117.6275,0
37.8325,-89.0957,48
40.6834,-74.5731,18
41.5997,-85.0895,0
39.5219,-104.9918,94
47.1556,-53.4722,5
44.8913,-93.3141,3
44.4347,-96.6537,3
47.1656,-91.6195,0
40.0718,-74.1257,30
38.2428,-91.9825,30
62.2272,-150.0731,0
35.2307,-81.0968,152
36.2124,-81.2544,142
40.4624,-90.7452,0
41.5090,-71.1590,0
47.0412,-91.7528,8
39.9261,-77.2479,13
39.0400,-108.5210,0
35.9890,-82.1280,1626
41.5828,-70.5803,0
41.9778,-88.1036,0
41.0653,-74.2571,10
40.1951,-105.1323,20
44.0866,-103.3701,41
39.6177,-105.1299,86
37.8888,-90.2521,23
46.6028,-95.7984,3
45.4174,-83.8106,0
44.7586,-72.1168,0
39.3859,-104.8529,51
42.8966,-76.6727,0
41.4089,-87.3899,0
38.9036,-76.7259,122
40.5674,-74.1327,33
38.4293,-85.3570,114
45.5891,-95.9265,0
38.4691,-75.4923,168
44.3882,-71.2695,0
47.5974,-110.0075,8
40.1800,-74.0520,76
40.9436,-74.1523,8
39.6920,-86.5299,30
38.8929,-75.3924,157
44.7584,-108.7769,0
35.6848,-87.3400,300
41.6235,-90.3514,0
45.4943,-110.2250,8
37.5308,-78.0233,213
40.6317,-75.1045,28
37.4842,-105.8738,10
36.8833,-85.8460,137
38.7822,-105.1472,58
37.1499,-93.3310,5
35.7632,-78.7998,147
37.2470,-92.5283,13
37.0603,-78.8955,208
39.1223,-77.8187,0
39.5768,-78.8498,46
43.3194,-88.1681,0
38.9981,-77.1551,97
43.8977,-78.8744,0
34.6114,-83.6398,91
47.5939,-52.7288,0
39.7196,-105.2108,64
37.9607,-87.4777,74
39.2800,-89.8608,3
39.8626,-74.1410,58
35.9268,-78.5717,155
40.3302,-105.5221,33
36.4730,-77.7290,112
34.8648,-103.2107,5
39.0894,-108.1042,0
42.3523,-74.5783,0
42.2998,-83.7392,8
36.7217,-82.5367,274
39.4486,-77.8905,41
45.7360,-107.6020,3
42.3778,-87.9674,0
37.5442,-79.4031,213
37.6907,-106.3084,10
40.9039,-75.3749,36
45.4232,-76.0453,0
47.7446,-122.5097,0
42.8230,-86.0678,13
36.3783,-103.0243,0
46.1661,-113.0853,0
42.8918,-88.1423,0
40.2647,-87.6656,0
39.7197,-105.2472,114
39.9892,-105.4450,48
38.6972,-75.4931,145
47.4669,-121.6806,0
46.4288,-102.4705,0
38.4466,-75.1340,175
38.9167,-77.1822,91
42.1874,-90.0219,0
31.8449,-102.4858,0
38.7338,-120.7110,0
39.5044,-76.5187,56
46.2508,-63.3342,33
42.0038,-89.9389,0
39.4905,-105.5239,10
41.2649,-73.7899,8
36.2247,-92.2874,33
35.5395,-82.6444,107
40.4237,-76.1305,20
46.7544,-117.0005,0
38.8647,-104.7887,30
44.0397,-92.4375,3
44.6427,-63.6043,0
42.9864,-78.8706,0
37.5059,-77.1753,183
38.1858,-78.2891,135
40.5045,-105.0514,5
36.5326,-81.0866,124
37.2564,-79.2604,287
44.5292,-109.0755,0
39.3311,-104.6708,23
37.4083,-78.9638,264
39.3544,-77.8552,61
43.2772,-97.0896,3
37.1840,-79.7264,208
40.0891,-97.1959,8
39.9513,-105.0329,28
37.1443,-76.4541,216
44.9324,-94.6955,0
38.8480,-104.8911,23
39.1125,-104.8590,33
35.0114,-86.8392,0
32.0063,-102.1463,0
45.9689,-94.3772,3
44.9047,-107.1687,211
45.0336,-123.4277,0
38.7964,-95.8056,13
40.3189,-79.3894,41
43.8028,-81.1838,0
41.1734,-104.7734,5
36.9189,-86.4796,112
34.2917,-83.3236,0
41.7010,-84.9867,0
42.8475,-95.7024,0
46.3147,-107.0794,48
39.2940,-82.0793,51
38.0614,-108.9101,0
44.6209,-106.8029,33
40.4562,-74.2413,43
39.5072,-107.3162,8
46.9386,-90.8349,0
45.8833,-92.0960,8
39.4136,-78.7386,53
38.8978,-76.5965,124
39.9752,-104.7909,46
38.7845,-76.0739,157
28.1669,-81.8219,0
39.4034,-107.1066,5
39.4819,-106.0325,41
50.1784,-100.4396,0
39.6783,-104.8583,48
42.4284,-87.8838,0
40.0124,-105.2307,64
39.9733,-105.4279,53
38.9831,-104.6904,61
43.6107,-73.0466,0
42.7630,-108.7933,25
42.5597,-87.8566,3
39.1448,-86.0467,51
41.9950,-75.9650,8
35.6489,-78.8171,147
35.7642,-81.3568,74
45.9176,-88.2390,0
38.9110,-75.4605,147
32.2529,-80.7350,0
47.0653,-91.6761,0
40.7230,-73.7110,48
35.8374,-78.9154,94
35.8628,-86.2398,18
42.2180,-112.6360,0
40.0027,-105.1410,69
