36.3200,-115.7000,311
36.7200,-106.2600,213
43.8000,-114.8500,0
43.7600,-116.1000,80
35.7700,-105.7800,312
36.5100,-106.3200,11
40.3000,-111.2600,228
43.7600,-115.2400,45
43.7300,-113.8300,96
39.1900,-120.2600,80
39.3600,-106.0600,193
36.2500,-115.6300,266
39.2900,-117.1100,8
36.8600,-106.2300,17
46.2400,-117.3900,328
44.2100,-110.6700,70
44.7900,-116.0900,272
38.4000,-119.5400,365
35.9200,-106.3900,276
48.7200,-116.4600,65
41.4000,-107.2600,64
36.1900,-105.5600,60
40.8300,-111.7600,91
36.0300,-106.8100,83
36.0700,-105.6300,247
36.9600,-106.6600,156
35.3400,-111.6500,305
36.7900,-105.2400,274
39.4300,-120.3100,50
36.0000,-106.8300,291
40.5300,-106.7800,55
36.3100,-115.6800,183
39.8000,-106.0300,229
36.9900,-105.2600,160
36.1300,-105.5300,160
44.3800,-116.3400,34
39.3100,-111.4300,151
35.7800,-105.5400,219
