35.3400,-111.6500,201
39.3100,-111.4300,293
39.1900,-120.2600,289
36.0300,-106.8100,118
40.3000,-111.2600,311
35.7800,-105.5400,91
36.2500,-115.6300,205
38.4000,-119.5400,172
35.7700,-105.7800,52
44.3800,-116.3400,205
46.2400,-117.3900,296
36.0000,-106.8300,334
44.7900,-116.0900,254
40.8300,-111.7600,331
36.7200,-106.2600,319
39.2900,-117.1100,211
36.9900,-105.2600,198
41.4000,-107.2600,190
35.9200,-106.3900,145
36.1900,-105.5600,68
36.3100,-115.6800,179
36.3200,-115.7000,266
43.7600,-116.1000,164
39.4300,-120.3100,218
43.8000,-114.8500,360
36.8600,-106.2300,8
36.1300,-105.5300,206
44.2100,-110.6700,28
36.9600,-106.6600,146
39.8000,-106.0300,226
43.7600,-115.2400,102
43.7300,-113.8300,163
36.0700,-105.6300,171
36.7900,-105.2400,2
36.5100,-106.3200,6
39.3600,-106.0600,18
40.5300,-106.7800,41
48.7200,-116.4600,305
