43.8544,-116.4664,-178
36.9969,-119.7072,-178
33.6731,-111.1508,89
33.7092,-93.5564,-178
34.5822,-119.9817,67
43.5492,-71.4647,-178
38.4917,-122.1242,50
34.9881,-120.3211,56
26.5581,-99.1372,56
40.6117,-122.5281,44
37.7967,-121.5828,61
29.4608,-101.0286,33
45.9228,-108.2444,-178
40.7264,-122.7947,100
28.4675,-98.2525,50
37.9050,-93.3169,28
26.8400,-81.0872,194
30.2003,-92.6642,28
38.5350,-121.7761,72
36.5508,-114.4581,39
38.4931,-122.0047,44
36.4622,-116.8669,100
38.6644,-94.8900,0
32.2822,-106.7597,39
38.0047,-120.4864,56
40.7142,-122.4161,61
25.8175,-80.2858,200
