38.8586,-99.3358,-28
38.9422,-92.3200,-28
45.5900,-95.8744,-117
40.4750,-86.9919,-100
30.5497,-84.5836,128
45.6750,-111.1550,-17
35.1131,-89.2122,17
40.4719,-74.4364,-6
42.0208,-93.7742,-89
38.4558,-86.6983,-17
35.1297,-89.8036,0
35.6214,-88.8456,-6
32.1411,-91.7089,39
44.2394,-95.3153,-22
44.0708,-93.5264,-139
35.6872,-90.0964,11
41.4439,-86.9294,-67
34.1647,-88.7239,44
40.2472,-93.7158,-17
38.8586,-99.3358,-28
38.9422,-92.3200,-28
45.5900,-95.8744,-117
40.4750,-86.9919,-100
30.5497,-84.5836,128
45.6750,-111.1550,-17
35.1131,-89.2122,17
40.4719,-74.4364,-6
42.0208,-93.7742,-89
38.4558,-86.6983,-17
35.1297,-89.8036,0
35.6214,-88.8456,-6
32.1411,-91.7089,39
44.2394,-95.3153,-22
44.0708,-93.5264,-139
35.6872,-90.0964,11
41.4439,-86.9294,-67
34.1647,-88.7239,44
40.2472,-93.7158,-17
