37.0875,-82.9925,1
60.7850,-161.8292,1
35.7044,-79.8378,1
37.0678,-78.9517,1
44.5647,-91.6719,1
37.3017,-76.7039,1
38.2553,-110.1800,1
36.1308,-81.2275,1
38.3794,-81.5900,1
37.8142,-78.2644,1
35.2150,-100.2503,1
37.9881,-76.7769,1
36.0969,-79.9433,1
37.5050,-77.3203,1
37.2472,-83.1817,1
42.9108,-71.2008,1
37.7433,-77.0400,1
39.1092,-104.5997,1
35.7192,-78.7878,1
35.8922,-78.7819,1
37.2958,-81.2078,1
36.9933,-82.9867,1
37.1025,-82.8047,1
36.1631,-81.1494,1
34.8172,-102.4003,1
32.7131,-102.6597,1
36.6214,-78.5506,1
37.1467,-94.5022,1
42.1106,-104.9492,1
46.4314,-95.5464,1
44.9800,-90.5545,1
37.2039,-80.4144,1
38.3833,-81.8344,1
35.7425,-78.8369,1
35.1072,-82.6256,1
36.7458,-84.1753,1
37.5658,-76.8000,1
36.7297,-76.6014,1
37.3261,-78.8275,1
33.2422,-103.3611,1
35.5544,-100.9736,1
34.5858,-102.3120,1
37.5908,-83.3131,1
33.6542,-101.8136,1
36.2528,-81.9136,1
37.0522,-78.6497,1
33.0642,-101.0489,1
42.7467,-71.0425,1
37.3169,-79.9742,1
38.6892,-75.3592,1
32.1664,-103.4250,1
35.6967,-80.6228,1
38.3406,-75.5103,1
30.3703,-103.7808,1
36.6953,-78.8808,1
37.7500,-77.4833,1
37.3875,-75.9744,1
37.5442,-79.4031,1
36.9742,-77.4042,1
35.0258,-99.1058,1
37.9406,-75.4631,1
37.0875,-82.9925,1
60.7850,-161.8292,1
35.7044,-79.8378,1
37.0678,-78.9517,1
44.5647,-91.6719,1
37.3017,-76.7039,1
38.2553,-110.1800,1
36.1308,-81.2275,1
38.3794,-81.5900,1
37.8142,-78.2644,1
35.2150,-100.2503,1
37.9881,-76.7769,1
36.0969,-79.9433,1
37.5050,-77.3203,1
37.2472,-83.1817,1
42.9108,-71.2008,1
37.7433,-77.0400,1
39.1092,-104.5997,1
35.7192,-78.7878,1
35.8922,-78.7819,1
37.2958,-81.2078,1
36.9933,-82.9867,1
37.1025,-82.8047,1
36.1631,-81.1494,1
34.8172,-102.4003,1
32.7131,-102.6597,1
36.6214,-78.5506,1
37.1467,-94.5022,1
42.1106,-104.9492,1
46.4314,-95.5464,1
44.9800,-90.5545,1
37.2039,-80.4144,1
38.3833,-81.8344,1
35.7425,-78.8369,1
35.1072,-82.6256,1
36.7458,-84.1753,1
37.5658,-76.8000,1
36.7297,-76.6014,1
37.3261,-78.8275,1
33.2422,-103.3611,1
35.5544,-100.9736,1
34.5858,-102.3120,1
37.5908,-83.3131,1
33.6542,-101.8136,1
36.2528,-81.9136,1
37.0522,-78.6497,1
33.0642,-101.0489,1
42.7467,-71.0425,1
37.3169,-79.9742,1
38.6892,-75.3592,1
32.1664,-103.4250,1
35.6967,-80.6228,1
38.3406,-75.5103,1
30.3703,-103.7808,1
36.6953,-78.8808,1
37.7500,-77.4833,1
37.3875,-75.9744,1
37.5442,-79.4031,1
36.9742,-77.4042,1
35.0258,-99.1058,1
37.9406,-75.4631,1
