40.2064,-100.5914,1
43.6497,-70.3003,1
45.2486,-122.7686,1
42.7803,-84.5789,1
32.3336,-104.2581,1
28.1011,-80.6439,1
48.6033,-112.3753,1
35.0678,-77.0481,1
33.4825,-90.9853,1
40.1936,-76.7633,1
41.8678,-84.0794,1
43.4075,-94.7461,1
42.2347,-85.5519,1
44.1278,-123.2206,1
40.7083,-84.0267,1
37.6197,-122.3647,1
44.9319,-93.0556,1
39.8250,-86.2958,1
41.6117,-90.5808,1
42.1928,-89.0931,1
39.5781,-85.8033,1
37.0872,-84.0769,1
38.1386,-78.4530,1
38.9408,-77.4636,1
45.6308,-89.4653,1
41.1783,-78.8989,1
40.9706,-85.2064,1
30.1831,-97.6800,1
28.7247,-96.2536,1
44.9258,-89.6256,1
44.8664,-91.4878,1
29.9933,-90.2511,1
36.0969,-79.9433,1
43.1953,-71.5011,1
38.5069,-121.4950,1
41.8833,-91.7167,1
41.1078,-92.4467,1
40.3161,-78.8339,1
39.0431,-84.6717,1
41.5339,-93.6531,1
42.5950,-87.9381,1
42.8939,-85.5447,1
44.8322,-93.4706,1
37.6928,-121.8144,1
31.8456,-86.6108,1
33.2119,-87.6161,1
45.5433,-94.0514,1
29.7333,-85.0333,1
39.7333,-77.4333,1
33.8117,-118.1464,1
39.4839,-119.7711,1
37.4058,-122.0481,1
33.3633,-84.5658,1
42.2667,-84.4667,1
35.6697,-120.6283,1
41.8031,-78.6403,1
39.4519,-87.3089,1
42.9667,-83.7494,1
33.8117,-78.7239,1
35.7425,-81.3819,1
30.6794,-88.2397,1
26.6847,-80.0994,1
44.6381,-90.1875,1
39.3756,-99.8297,1
35.4344,-119.0542,1
44.4983,-88.1111,1
39.0083,-95.2117,1
40.7781,-111.9694,1
36.9878,-120.1106,1
41.4131,-81.8600,1
44.3592,-89.8369,1
40.8203,-82.5178,1
37.3169,-79.9742,1
41.3375,-84.4289,1
33.9753,-117.6361,1
29.5442,-98.4839,1
32.9733,-97.3181,1
40.6675,-89.6839,1
43.9042,-92.4917,1
38.7667,-104.3000,1
46.6056,-111.9636,1
42.3075,-85.2511,1
39.7075,-86.2803,1
38.8317,-94.8897,1
41.5272,-85.7922,1
43.3500,-73.6167,1
38.0408,-84.6058,1
37.7214,-122.2208,1
36.9647,-86.4239,1
36.9261,-111.4478,1
38.3775,-121.9575,1
35.2578,-93.0947,1
43.1711,-86.2367,1
42.1244,-86.4267,1
39.1019,-121.5678,1
43.5331,-84.0797,1
21.1544,-157.0961,1
44.9047,-97.1494,1
46.8369,-92.2097,1
30.3208,-97.7603,1
41.3325,-122.3328,1
38.7642,-87.6056,1
33.9486,-81.1186,1
33.9706,-80.9958,1
33.6300,-84.4417,1
43.5164,-112.0672,1
29.3783,-100.9269,1
33.9228,-118.3342,1
41.7072,-86.3164,1
39.3450,-81.4392,1
29.7036,-98.0281,1
38.6956,-121.5897,1
39.2972,-94.7306,1
40.5100,-101.6200,1
36.3189,-119.6289,1
42.2314,-83.3308,1
36.7800,-119.7194,1
27.7411,-98.0247,1
25.6475,-80.4331,1
39.7078,-77.7297,1
44.9358,-74.8458,1
34.2719,-83.8303,1
37.2847,-120.5128,1
45.6478,-68.6925,1
43.9658,-107.9508,1
27.6531,-80.2428,1
42.4819,-114.4869,1
46.8706,-68.0172,1
44.3206,-69.7972,1
39.4781,-88.2803,1
34.1231,-84.8486,1
43.1561,-90.6775,1
36.6636,-121.6081,1
32.8192,-97.3614,1
27.7839,-97.5108,1
42.9550,-87.9044,1
43.3436,-72.5178,1
33.1783,-86.7817,1
47.5303,-122.3008,1
41.4914,-120.5644,1
42.4272,-73.2892,1
42.8153,-108.7261,1
39.9061,-84.2186,1
35.0311,-85.2014,1
45.0619,-93.3508,1
26.2281,-97.6542,1
47.9428,-97.1839,1
41.9381,-72.6825,1
33.4617,-80.8581,1
44.8889,-116.1017,1
42.7972,-105.3856,1
37.6542,-122.1150,1
39.4019,-77.9844,1
28.0836,-97.0464,1
42.5544,-92.4011,1
38.5039,-122.8103,1
40.2342,-85.3936,1
45.7881,-111.1608,1
44.2033,-72.5794,1
40.5175,-122.2986,1
19.7356,-156.0489,1
46.0947,-118.2869,1
39.1258,-123.2008,1
33.9481,-83.3275,1
33.3075,-104.5083,1
40.1764,-80.6472,1
39.9914,-82.8808,1
28.8614,-96.9303,1
31.7800,-103.2017,1
32.5722,-116.9794,1
40.9167,-81.4333,1
41.5886,-83.8014,1
33.6542,-101.8136,1
40.0397,-88.2778,1
61.1689,-150.0278,1
48.5614,-93.3981,1
44.7978,-68.8186,1
44.8831,-93.2289,1
29.3389,-98.4719,1
39.2447,-102.2842,1
34.6517,-112.4208,1
38.2103,-122.2847,1
42.7461,-86.0967,1
39.6428,-79.9164,1
44.5344,-72.6144,1
46.9253,-96.8111,1
33.8750,-84.3022,1
37.9917,-122.0550,1
35.6567,-95.3614,1
