41.8453,-123.9647,3
44.8667,-111.3392,19
33.0367,-80.2325,4
39.0878,-77.6928,10
19.6711,-155.8764,30
-26.7528,152.8519,11
28.7503,-81.5308,12
44.9153,-69.0539,6
43.0603,-92.0489,5
-42.7283,146.6656,12
-42.7428,145.9811,2
45.1111,-87.6117,3
19.4022,-155.2803,30
35.9647,-87.9639,3
40.5517,-82.2014,13
-43.1017,146.7311,30
19.6347,-155.9078,30
37.5442,-77.2758,2
-43.1456,146.7900,30
42.4467,-72.5300,2
37.5339,-83.3492,2
40.1167,-76.4333,2
19.0653,-155.6781,30
21.5108,-157.8622,3
-41.2994,147.4950,20
34.2169,-80.2392,4
47.6000,-103.2597,2
-35.4424,148.8296,10
46.1281,-85.5697,2
19.1617,-155.6694,30
-33.8025,123.0331,3
44.8611,-71.5400,2
46.7461,-87.8817,2
33.8997,-88.1325,6
47.8611,-123.9319,3
-35.0367,116.9247,3
