33.6731,-111.1508,71
31.9633,-98.4942,48
33.6772,-93.9903,33
34.6603,-82.8236,25
32.8964,-107.3078,104
35.6872,-90.0964,33
28.7156,-97.1742,43
34.1381,-88.9983,38
35.1297,-89.8036,79
43.4033,-103.2683,43
34.8219,-89.4347,640
30.5467,-87.8808,30
33.1461,-107.1842,150
40.1550,-103.1417,58
29.8608,-98.1958,56
38.8586,-99.3358,86
37.9050,-93.3169,48
44.6342,-123.1900,33
35.2006,-103.6867,89
31.9611,-96.6881,102
48.1375,-103.7372,74
42.3806,-96.9575,66
40.8250,-92.8925,69
26.2656,-97.8714,97
45.7206,-118.6264,97
36.8047,-107.6214,53
30.7189,-97.3211,76
36.2403,-106.4278,84
39.0303,-76.9314,48
38.6644,-94.8900,58
30.0689,-94.2928,58
39.1172,-95.4097,69
38.4661,-101.7758,81
30.6836,-97.7172,41
26.1781,-97.9708,61
35.4072,-104.1906,48
47.0575,-109.9514,66
40.4750,-86.9919,53
31.0372,-97.5283,0
39.2475,-96.5994,64
40.1739,-101.0611,58
34.7675,-106.7611,64
37.0683,-88.7725,64
38.7978,-99.7231,56
40.3708,-81.7908,33
28.6575,-96.5553,61
38.4931,-122.0047,71
40.4719,-74.4364,53
36.5508,-114.4581,107
18.0258,-66.5253,74
48.4983,-109.8014,3767
33.7542,-99.1442,61
32.9506,-97.0553,58
44.0708,-93.5264,168
29.6211,-96.3661,64
33.2564,-81.2422,23
32.2683,-101.4858,74
39.5039,-98.3150,51
33.1481,-95.6269,51
34.5822,-119.9817,76
38.7403,-104.3994,89
33.0353,-96.4861,91
33.3192,-95.6039,48
34.3961,-89.7903,61
34.0828,-106.8831,823
30.2003,-92.6642,53
35.1131,-89.2122,56
29.4608,-101.0286,51
33.0642,-101.0489,79
26.3769,-98.8117,38
34.1981,-101.7461,61
45.4825,-120.7236,76
34.1419,-80.8700,5
37.5147,-122.0325,56
39.4031,-99.4192,56
37.2792,-86.2492,51
36.0147,-85.1314,33
39.0172,-92.7558,41
28.0372,-97.8725,76
39.3925,-101.0689,71
33.7092,-93.5564,51
35.8819,-83.9572,38
28.4675,-98.2525,66
32.2822,-106.7597,56
35.6214,-88.8456,51
32.9203,-94.7225,51
37.7967,-121.5828,91
32.8242,-95.5275,28
37.6967,-93.7722,53
35.3886,-106.5439,81
28.4575,-97.7061,28
32.9206,-86.6708,620
35.1161,-93.6506,18
33.6897,-101.8219,51
39.6619,-99.1228,79
31.6164,-94.6431,30
42.9592,-120.7897,53
34.9881,-120.3211,79
31.3625,-85.3397,28
31.6003,-97.2169,53
35.1108,-81.9675,28
38.5039,-95.7036,66
35.9328,-88.7267,56
36.9969,-119.7072,64
36.4711,-86.8414,28
35.1867,-102.0797,71
45.9228,-108.2444,38
35.3872,-76.7764,46
44.9847,-93.1772,46
38.2597,-104.7169,107
35.6414,-106.3322,51
31.2022,-93.5725,46
39.0744,-96.8983,71
40.6117,-122.5281,43
33.4258,-111.9217,74
33.9544,-102.7783,66
41.0267,-86.5867,48
30.8408,-89.5453,36
32.2631,-96.6369,23
40.1167,-76.4333,94
34.7281,-90.3683,53
34.6033,-104.3811,89
18.0331,-67.0722,58
31.0619,-94.1011,53
41.9342,-88.7756,46
37.7617,-117.5658,76
33.4594,-104.4042,122
36.4622,-116.8669,140
36.1056,-82.8436,25
37.1503,-104.5567,69
30.7931,-94.1819,43
38.0633,-102.9297,89
61.5664,-149.2542,28
18.2583,-65.9922,71
40.0892,-99.2133,61
30.7053,-104.0233,56
26.5581,-99.1372,66
40.7264,-122.7947,33
41.4439,-86.9294,61
36.6897,-108.3086,76
39.9000,-98.0256,64
32.8522,-95.8864,43
43.8544,-116.4664,61
32.6406,-96.9747,48
39.7506,-92.5064,0
38.4917,-122.1242,46
38.6450,-95.5661,58
34.5989,-103.2161,107
35.0489,-97.9158,46
40.2539,-85.1483,66
34.1647,-88.7239,51
26.8400,-81.0872,86
43.5492,-71.4647,0
32.4219,-93.6381,56
25.8175,-80.2858,218
40.5764,-105.0858,56
39.0422,-108.4664,84
45.6911,-118.8522,30
44.1183,-121.2103,36
39.8114,-99.9386,193
40.7142,-122.4161,76
37.9931,-100.8122,76
42.0208,-93.7742,61
36.5928,-106.7300,74
37.3822,-102.2986,84
35.4139,-86.8086,61
31.3706,-100.4942,64
46.6722,-120.4994,38
32.6475,-97.4439,86
34.5697,-93.1947,41
40.2233,-86.1086,41
38.5350,-121.7761,102
40.1100,-87.9567,30
38.0047,-120.4864,84
32.7547,-104.3836,66
38.9408,-95.3397,58
34.8847,-99.2964,81
38.6078,-97.9597,104
