34.1583,-89.6311,0
40.5517,-82.2014,241
37.5339,-83.3492,0
-41.2994,147.4950,288
-35.4424,148.8296,222
19.4022,-155.2803,871
-43.1456,146.7900,412
46.1281,-85.5697,0
44.8667,-111.3392,130
33.8997,-88.1325,457
45.1111,-87.6117,0
19.1617,-155.6694,686
47.6000,-103.2597,0
37.5442,-77.2758,64
-43.1017,146.7311,525
-42.7428,145.9811,22
19.6711,-155.8764,300
28.7503,-81.5308,241
35.9647,-87.9639,0
-35.0367,116.9247,56
47.8611,-123.9319,91
19.0653,-155.6781,612
44.8611,-71.5400,0
21.5108,-157.8622,104
-42.7283,146.6656,112
42.4467,-72.5300,0
43.0603,-92.0489,76
34.2169,-80.2392,18
41.8453,-123.9647,0
19.6347,-155.9078,295
-33.8025,123.0331,36
40.1167,-76.4333,0
-26.7528,152.8519,320
46.7461,-87.8817,0
33.0367,-80.2325,229
44.9153,-69.0539,69
39.0878,-77.6928,124
34.8878,-83.3967,56
