35.8417,-98.5261,222
38.4931,-88.9703,194
34.3086,-95.9969,261
34.7675,-106.7611,267
31.8769,-105.2369,261
34.5289,-97.7647,250
34.4744,-91.4172,200
29.6211,-96.3661,289
36.4119,-97.6939,228
31.3625,-85.3397,244
40.9361,-90.7197,189
33.8103,-91.2778,200
33.8936,-97.2692,250
35.4842,-98.4814,256
34.9897,-99.0528,206
36.9869,-99.0108,211
33.7092,-93.5564,250
34.4397,-99.1375,250
34.1925,-86.7972,211
36.3444,-88.8636,167
36.3925,-89.0317,228
31.0383,-85.8708,272
31.2353,-88.9186,233
36.4231,-99.4167,233
35.6528,-96.8042,228
38.9422,-92.3200,206
40.2539,-85.1483,211
39.4833,-83.8500,167
44.9847,-93.1772,206
36.6897,-108.3086,239
45.5900,-95.8744,239
36.2872,-88.2958,239
38.5200,-89.8467,194
35.5461,-99.7278,228
35.6872,-90.0964,222
34.7156,-97.2292,239
40.7928,-87.7556,139
34.8219,-89.4347,156
41.1453,-85.4897,139
40.4750,-86.9919,189
40.0739,-87.5067,189
34.1678,-97.9883,267
35.1297,-89.8036,233
34.5519,-96.7178,222
36.0908,-106.0567,161
63.9647,-145.1050,0
34.7281,-90.3683,239
35.4017,-99.0583,222
34.5872,-99.3381,233
35.5914,-99.2706,228
34.6856,-99.8333,206
30.7342,-85.0306,239
36.0147,-85.1314,139
35.8489,-97.4797,228
34.9819,-97.5208,228
35.9986,-97.0481,261
30.5497,-84.5836,244
34.7292,-98.5694,244
30.5467,-87.8808,222
31.4269,-94.8942,167
35.0708,-96.3561,217
34.1864,-90.5572,233
35.1714,-96.6311,244
35.9328,-88.7267,228
35.1228,-99.3600,244
34.9142,-98.2922,233
40.7833,-81.9167,144
36.0286,-99.3464,239
34.6892,-86.8819,189
36.7481,-98.3628,256
41.6661,-111.8914,156
63.9033,-152.2817,6
36.1056,-82.8436,167
36.7925,-97.7458,233
35.1489,-98.4658,228
35.2050,-99.8033,256
35.3736,-83.7006,128
34.8494,-97.0031,244
36.8981,-96.9103,228
32.8986,-80.0403,200
39.3925,-101.0689,178
39.3669,-101.7000,161
36.5994,-89.9894,183
34.1922,-97.0858,233
34.6089,-96.3331,239
35.0322,-97.9144,250
33.2422,-103.3611,183
34.9678,-97.9519,256
44.0708,-93.5264,189
34.1936,-97.5881,244
35.2358,-97.4647,228
31.1414,-87.0486,211
34.5989,-103.2161,217
34.2392,-98.7444,233
36.1208,-97.0953,239
34.8083,-98.0233,228
35.5483,-98.0364,211
34.3325,-96.6789,233
41.4439,-86.9294,167
35.6214,-88.8456,200
34.0356,-96.9433,250
40.8142,-85.1547,167
38.7386,-87.4878,167
35.4139,-86.8086,156
35.2722,-97.9553,228
35.8542,-97.9544,256
34.7392,-90.7664,211
36.0642,-97.2128,222
39.4708,-87.4081,194
35.8989,-98.9603,211
34.7986,-96.6692,228
39.8058,-90.8236,161
36.4711,-86.8414,211
34.5658,-96.9503,244
35.3647,-96.9481,211
36.8314,-99.6411,239
32.4219,-93.6381,228
45.4825,-120.7236,189
42.0208,-93.7742,128
32.8472,-97.4761,217
34.1381,-88.9983,211
35.2006,-103.6867,211
41.8161,-80.4250,128
35.1131,-89.2122,233
36.1903,-99.0403,222
36.1167,-97.6067,239
44.8831,-85.6753,144
44.6342,-123.1900,183
40.1100,-87.9567,156
36.1472,-97.2858,239
37.3822,-102.2986,111
42.1397,-87.7853,161
34.2281,-97.2014,250
47.0575,-109.9514,178
41.0267,-86.5867,178
35.8819,-83.9572,228
40.4719,-74.4364,211
36.2633,-98.4975,244
36.3842,-98.1114,222
34.1647,-88.7239,178
35.1867,-102.0797,194
36.0719,-99.9031,250
38.5350,-121.7761,294
33.9208,-96.3203,250
35.5083,-98.7750,228
34.8358,-99.4239,278
43.2828,-123.3536,144
36.7081,-98.7094,217
39.7194,-76.8028,217
36.7256,-99.1422,211
34.3997,-98.3458,267
32.4714,-87.2314,211
31.3706,-100.4942,211
35.5419,-97.3414,239
44.2394,-95.3153,161
45.6750,-111.1550,139
36.3558,-97.1531,233
