18.1747,-66.7978,64
31.2022,-93.5725,41
40.7264,-122.7947,5
28.0372,-97.8725,28
43.8544,-116.4664,0
36.9969,-119.7072,13
37.1503,-104.5567,20
40.7142,-122.4161,10
26.3769,-98.8117,69
40.1100,-87.9567,0
33.2564,-81.2422,97
39.7506,-92.5064,0
28.4675,-98.2525,33
26.5650,-98.1236,33
32.7547,-104.3836,38
40.6117,-122.5281,3
31.6164,-94.6431,43
34.5822,-119.9817,38
35.3872,-76.7764,41
31.8769,-105.2369,0
36.4622,-116.8669,25
28.4575,-97.7061,38
34.5697,-93.1947,23
30.8408,-89.5453,30
28.6575,-96.5553,25
37.5147,-122.0325,13
32.8964,-107.3078,30
33.6772,-93.9903,43
30.7931,-94.1819,18
38.4917,-122.1242,8
30.5467,-87.8808,28
33.7092,-93.5564,0
45.9228,-108.2444,0
31.3625,-85.3397,25
39.1172,-95.4097,0
32.6406,-96.9747,33
30.0689,-94.2928,33
18.0331,-67.0722,25
18.3906,-66.0542,38
18.2583,-65.9922,25
39.0744,-96.8983,10
35.8819,-83.9572,0
31.6003,-97.2169,51
35.3886,-106.5439,25
37.7967,-121.5828,38
31.8611,-97.3750,48
26.2656,-97.8714,66
36.2403,-106.4278,20
34.9881,-120.3211,13
31.0372,-97.5283,53
31.3706,-100.4942,91
33.0353,-96.4861,46
26.8400,-81.0872,36
28.7156,-97.1742,25
34.1419,-80.8700,18
33.4258,-111.9217,23
38.7978,-99.7231,0
35.6414,-106.3322,23
37.7617,-117.5658,0
31.0619,-94.1011,43
32.8242,-95.5275,43
43.5492,-71.4647,0
32.2631,-96.6369,56
30.2003,-92.6642,38
38.5350,-121.7761,15
35.7047,-101.5492,58
34.6603,-82.8236,15
38.4931,-122.0047,13
38.0633,-102.9297,20
35.4072,-104.1906,25
32.8522,-95.8864,53
35.1161,-93.6506,0
29.8608,-98.1958,43
32.2822,-106.7597,0
33.0642,-101.0489,53
33.1481,-95.6269,51
18.0258,-66.5253,28
34.1647,-88.7239,0
36.5508,-114.4581,20
33.1461,-107.1842,10
31.9611,-96.6881,61
29.4608,-101.0286,53
31.9633,-98.4942,58
30.7189,-97.3211,61
32.9506,-97.0553,66
25.8175,-80.2858,30
38.0047,-120.4864,13
30.7053,-104.0233,23
32.4219,-93.6381,43
29.6211,-96.3661,38
30.6836,-97.7172,30
32.6475,-97.4439,23
33.3192,-95.6039,46
27.4272,-80.4053,0
32.2683,-101.4858,86
32.9203,-94.7225,53
30.3367,-96.5403,43
