41.8161,-80.4250,6
34.8358,-99.4239,111
32.0997,-91.7022,139
36.0719,-99.9031,78
34.1864,-90.5572,117
34.7986,-96.6692,111
42.0208,-93.7742,0
41.6661,-111.8914,-17
36.4231,-99.4167,83
34.1925,-86.7972,89
34.6856,-99.8333,94
36.9869,-99.0108,78
36.0908,-106.0567,17
34.9678,-97.9519,94
36.1167,-97.6067,89
40.4750,-86.9919,-11
32.8986,-80.0403,100
33.8103,-91.2778,117
34.3997,-98.3458,117
35.3736,-83.7006,28
47.0575,-109.9514,22
36.7925,-97.7458,72
40.7928,-87.7556,-28
39.3925,-101.0689,17
34.5658,-96.9503,111
38.5350,-121.7761,150
39.7194,-76.8028,0
33.3867,-97.7164,94
37.3822,-102.2986,39
34.7156,-97.2292,106
34.9897,-99.0528,94
33.8936,-97.2692,117
34.2392,-98.7444,94
36.3925,-89.0317,83
36.1208,-97.0953,89
34.4397,-99.1375,100
31.9461,-90.3775,156
36.3558,-97.1531,83
30.7342,-85.0306,128
36.3842,-98.1114,83
34.7675,-106.7611,94
29.6211,-96.3661,206
36.3444,-88.8636,72
36.2872,-88.2958,72
44.2394,-95.3153,0
36.7542,-97.2544,78
31.2353,-88.9186,172
34.9819,-97.5208,100
41.1453,-85.4897,-11
40.0739,-87.5067,11
40.7833,-81.9167,-11
31.0383,-85.8708,172
36.1472,-97.2858,89
31.3625,-85.3397,156
40.8142,-85.1547,-6
34.3325,-96.6789,111
35.3647,-96.9481,78
31.1414,-87.0486,156
36.1056,-82.8436,39
35.8542,-97.9544,83
40.9361,-90.7197,17
36.8981,-96.9103,78
35.8989,-98.9603,78
35.1297,-89.8036,100
33.7092,-93.5564,111
34.7392,-90.7664,128
35.2722,-97.9553,89
45.4825,-120.7236,61
34.8219,-89.4347,156
32.4219,-93.6381,117
36.6897,-108.3086,56
34.1678,-97.9883,117
36.7256,-99.1422,83
34.5872,-99.3381,94
34.5289,-97.7647,106
35.4017,-99.0583,100
34.8494,-97.0031,100
35.0708,-96.3561,89
34.2281,-97.2014,111
39.3669,-101.7000,33
35.6528,-96.8042,89
34.5519,-96.7178,106
33.2422,-103.3611,78
35.4139,-86.8086,50
63.9033,-152.2817,-50
36.1903,-99.0403,72
34.1647,-88.7239,89
36.4119,-97.6939,83
35.6214,-88.8456,106
30.5497,-84.5836,122
35.1489,-98.4658,83
36.7481,-98.3628,83
32.8472,-97.4761,128
34.1922,-97.0858,111
34.7292,-98.5694,122
35.2006,-103.6867,72
35.9986,-97.0481,94
36.5994,-89.9894,33
40.1100,-87.9567,-22
36.0286,-99.3464,83
35.9328,-88.7267,89
46.7281,-116.9558,50
39.8058,-90.8236,0
31.4269,-94.8942,117
35.1131,-89.2122,117
36.8314,-99.6411,78
36.4711,-86.8414,106
36.2633,-98.4975,83
35.5461,-99.7278,83
36.0147,-85.1314,22
30.5467,-87.8808,133
35.1714,-96.6311,106
42.1397,-87.7853,0
34.1936,-97.5881,111
45.5900,-95.8744,-11
34.7281,-90.3683,111
35.2050,-99.8033,89
35.4842,-98.4814,78
36.7081,-98.7094,78
34.6089,-96.3331,111
38.9422,-92.3200,39
33.9208,-96.3203,117
34.4744,-91.4172,100
38.7386,-87.4878,6
35.5419,-97.3414,83
35.1867,-102.0797,72
34.3086,-95.9969,144
35.5483,-98.0364,78
34.6892,-86.8819,72
43.2828,-123.3536,61
63.9647,-145.1050,-111
41.4439,-86.9294,-6
38.4931,-88.9703,28
35.8819,-83.9572,67
35.7197,-86.9653,78
36.0642,-97.2128,89
34.9142,-98.2922,94
34.0356,-96.9433,117
44.0708,-93.5264,-6
44.9847,-93.1772,0
35.2358,-97.4647,89
35.0322,-97.9144,100
44.8831,-85.6753,-22
40.2539,-85.1483,39
31.8769,-105.2369,106
35.6872,-90.0964,83
40.4719,-74.4364,-6
34.5989,-103.2161,50
35.8489,-97.4797,89
41.0267,-86.5867,22
34.8083,-98.0233,89
35.5914,-99.2706,83
35.5083,-98.7750,83
38.5200,-89.8467,39
39.4833,-83.8500,0
35.8417,-98.5261,89
32.4714,-87.2314,172
31.3706,-100.4942,128
35.1228,-99.3600,94
