56.0000,-132.8333,1
35.2333,-101.7089,1
30.0747,-99.1081,1
37.1431,-107.7597,1
37.4389,-105.8614,1
45.2486,-122.7686,1
46.7708,-100.7603,1
28.0372,-97.8725,1
44.5733,-116.6753,1
39.4206,-79.0050,1
27.4981,-80.3767,1
55.4772,-133.1408,1
40.9781,-124.1086,1
46.7994,-102.7972,1
41.7806,-122.4717,1
33.0375,-116.9158,1
47.2856,-68.3133,1
44.4683,-73.1500,1
39.2764,-114.9911,1
38.2553,-110.1800,1
38.4503,-83.7355,1
39.9367,-120.9475,1
34.4258,-119.8425,1
43.9922,-76.0217,1
44.1278,-123.2206,1
38.3794,-81.5900,1
46.9208,-114.0925,1
44.2558,-121.1392,1
41.5272,-85.7922,1
31.3558,-85.7511,1
40.1100,-87.9567,1
47.3767,-121.9614,1
43.9658,-107.9508,1
35.1442,-111.6664,1
48.4608,-119.5167,1
37.9272,-100.7247,1
40.4847,-80.2144,1
40.7789,-73.9692,1
34.3592,-116.5378,1
35.4344,-119.0542,1
40.0750,-76.0717,1
36.3189,-119.6289,1
40.6825,-74.1694,1
27.7839,-97.5108,1
46.7439,-117.1086,1
42.9486,-78.7369,1
42.7431,-73.8092,1
40.7908,-111.4078,1
35.5247,-111.3703,1
44.3853,-74.2067,1
33.6267,-116.1594,1
37.6542,-122.1150,1
40.4422,-109.5144,1
34.0500,-94.4008,1
38.3650,-82.5550,1
33.6228,-111.9106,1
41.1583,-73.1289,1
36.7800,-119.7194,1
43.2278,-110.4358,1
30.0375,-91.8839,1
40.8839,-73.3722,1
37.7214,-122.2208,1
45.7728,-122.8611,1
34.6517,-112.4208,1
34.2006,-118.3575,1
47.5303,-122.3008,1
45.4558,-98.4131,1
46.0436,-118.4628,1
46.1569,-123.8825,1
26.2422,-98.3992,1
39.9444,-81.8922,1
31.4208,-110.8458,1
37.3031,-108.6275,1
58.4003,-134.5694,1
41.1042,-97.3094,1
39.2292,-106.3169,1
64.8553,-147.7217,1
32.2622,-107.7206,1
40.8203,-82.5178,1
44.2667,-71.2994,1
40.0489,-107.8853,1
41.5944,-109.0528,1
45.7206,-118.6264,1
47.4444,-122.3139,1
46.0947,-118.2869,1
39.3450,-81.4392,1
38.6956,-121.5897,1
48.0944,-105.5744,1
48.2553,-101.2733,1
45.9981,-120.3006,1
32.3492,-93.2014,1
39.7194,-76.8028,1
40.2042,-95.7064,1
38.8000,-97.6500,1
71.2833,-156.7814,1
58.1422,-133.7386,1
29.1097,-95.4619,1
40.7794,-73.8803,1
46.5022,-116.3217,1
37.7086,-113.0944,1
36.0167,-102.5500,1
38.8853,-79.8528,1
44.4933,-68.4583,1
37.2958,-81.2078,1
32.3336,-104.2581,1
26.9172,-81.9914,1
48.7167,-111.4747,1
32.8342,-115.5786,1
45.1947,-123.1339,1
41.8678,-84.0794,1
28.6836,-95.9733,1
47.9375,-124.5550,1
42.2342,-113.8981,1
40.4719,-81.4236,1
40.6508,-75.4492,1
43.9336,-92.4728,1
41.2433,-76.9217,1
36.9878,-120.1106,1
41.1389,-75.3794,1
38.7550,-109.7542,1
34.2167,-119.0833,1
48.2138,-106.6213,1
33.4625,-111.4814,1
44.5169,-108.0822,1
47.9742,-117.4283,1
39.3756,-99.8297,1
44.8428,-117.8086,1
18.4325,-66.0108,1
31.6072,-110.4281,1
37.2622,-104.3378,1
40.2769,-74.8158,1
42.0800,-80.1825,1
46.8706,-68.0172,1
32.8117,-111.6314,1
43.3500,-73.6167,1
30.9119,-102.9167,1
39.1258,-123.2008,1
44.9047,-97.1494,1
31.8311,-104.8089,1
47.6831,-117.3214,1
47.3078,-119.5153,1
39.6428,-79.9164,1
44.4908,-108.0411,1
28.7247,-96.2536,1
37.2858,-120.5117,1
42.8914,-73.2469,1
48.9978,-107.8331,1
39.7075,-86.2803,1
25.5011,-80.5500,1
26.1839,-98.2539,1
38.3306,-96.1897,1
42.2642,-118.6758,1
48.6033,-112.3753,1
42.6519,-112.1931,1
42.2706,-71.8731,1
41.1311,-77.4336,1
37.1467,-94.5022,1
40.4178,-110.0511,1
40.1764,-80.6472,1
42.1106,-104.9492,1
46.9258,-98.6692,1
41.7219,-71.4325,1
36.6636,-121.6081,1
42.1608,-71.2461,1
37.6242,-120.9506,1
46.7603,-117.1861,1
26.2281,-97.6542,1
46.5044,-122.5939,1
42.4819,-114.4869,1
33.2367,-107.2681,1
37.7608,-99.9683,1
32.9539,-105.8225,1
38.0494,-103.5122,1
36.9358,-121.7886,1
31.4583,-109.6061,1
48.7939,-122.5372,1
39.5514,-97.6508,1
39.2231,-106.8683,1
47.2078,-119.3192,1
41.6236,-98.9517,1
44.7592,-96.6872,1
46.1236,-67.7928,1
40.8500,-74.0614,1
39.1894,-103.7158,1
42.9203,-112.5711,1
43.6497,-70.3003,1
36.5881,-121.8453,1
41.6267,-71.2092,1
37.6703,-95.4842,1
35.2578,-113.9331,1
45.6478,-68.6925,1
65.1744,-152.1069,1
43.1111,-76.1039,1
34.7436,-118.7242,1
33.3075,-104.5083,1
34.8994,-120.4486,1
38.5778,-110.7078,1
32.5564,-108.3667,1
42.3811,-122.8722,1
40.4953,-107.5211,1
37.5658,-76.8000,1
58.4111,-135.7089,1
46.9733,-122.9033,1
42.1244,-86.4267,1
46.5683,-120.5428,1
43.5697,-76.1164,1
35.6575,-109.0614,1
39.0083,-95.2117,1
44.6500,-73.4667,1
41.4914,-120.5644,1
38.8317,-94.8897,1
40.8836,-97.7492,1
26.1658,-97.3458,1
39.5264,-107.7264,1
44.0303,-71.1383,1
27.4014,-82.5586,1
37.5908,-83.3131,1
61.1689,-150.0278,1
36.0597,-112.1097,1
39.1342,-108.5400,1
35.5453,-82.6986,1
41.8056,-107.1997,1
43.1167,-77.6767,1
48.5614,-93.3981,1
32.1314,-110.9553,1
37.9806,-105.6897,1
36.6817,-101.5053,1
45.2325,-120.1817,1
44.9714,-116.2933,1
40.1606,-113.3508,1
43.1953,-71.5011,1
31.9353,-109.2186,1
39.7808,-79.0411,1
35.0281,-110.7208,1
40.5033,-97.9372,1
40.1936,-76.7633,1
57.7511,-152.4856,1
42.5844,-110.1075,1
46.2667,-119.1167,1
34.6108,-111.1922,1
38.2103,-122.2847,1
39.3758,-112.3342,1
37.4058,-122.0481,1
40.6386,-73.7622,1
39.1353,-96.6778,1
62.9575,-155.6103,1
41.6267,-73.8842,1
36.3278,-119.2994,1
34.5183,-109.3792,1
41.1783,-78.8989,1
36.1878,-81.8736,1
45.5406,-122.9486,1
25.9156,-97.4186,1
40.7514,-74.1567,1
36.2606,-76.1750,1
32.8547,-109.6353,1
27.9619,-82.5403,1
44.6831,-113.3622,1
40.6092,-96.8719,1
31.5883,-110.3442,1
37.8892,-121.2258,1
41.9381,-72.6825,1
43.5950,-118.9564,1
59.5119,-139.6711,1
39.7736,-94.9233,1
33.4278,-112.0039,1
39.8361,-89.6250,1
39.2447,-102.2842,1
43.2389,-123.3547,1
35.6950,-101.3950,1
44.8889,-116.1017,1
42.8917,-112.4086,1
39.1019,-121.5678,1
41.3325,-122.3328,1
39.5092,-123.7567,1
44.2033,-72.5794,1
39.2453,-112.1067,1
41.2731,-111.0306,1
39.7078,-77.7297,1
33.7275,-111.8606,1
40.9167,-81.4333,1
35.9461,-112.1547,1
47.6217,-117.5281,1
31.8111,-106.3758,1
41.0669,-73.7075,1
37.3592,-121.9239,1
45.5114,-118.4247,1
40.6558,-97.2208,1
42.4272,-73.2892,1
38.0700,-102.6881,1
33.2194,-117.3494,1
36.0100,-114.7964,1
40.3161,-78.8339,1
39.4136,-114.7733,1
35.6697,-120.6283,1
41.2544,-80.6739,1
43.5667,-116.2406,1
35.0419,-106.6156,1
41.7681,-74.1550,1
41.3336,-75.7269,1
37.7836,-81.1231,1
42.1997,-75.9850,1
38.0264,-107.6725,1
44.2206,-114.9342,1
39.9914,-82.8808,1
33.6186,-114.7142,1
40.3667,-75.9667,1
27.7411,-98.0247,1
64.8039,-147.8761,1
56.8056,-132.9372,1
36.4486,-103.1539,1
44.7978,-68.8186,1
48.3042,-114.2636,1
43.3436,-72.5178,1
44.3206,-69.7972,1
40.2964,-78.3203,1
37.6197,-122.3647,1
38.3775,-121.9575,1
33.6883,-112.0817,1
40.8508,-96.7475,1
37.2847,-120.5128,1
38.5039,-122.8103,1
40.9611,-98.3136,1
45.6906,-118.8528,1
45.6208,-122.6572,1
48.1739,-103.6367,1
42.3606,-71.0106,1
37.7333,-105.5119,1
28.0836,-97.0464,1
45.5908,-122.6003,1
40.7781,-111.9694,1
38.5069,-121.4950,1
36.3158,-119.6369,1
39.2953,-114.8467,1
42.7267,-114.4564,1
46.3747,-117.0156,1
40.7939,-73.1017,1
41.8031,-78.6403,1
46.9728,-123.9303,1
44.9358,-74.8458,1
