39.0981,-79.4322,1
45.0333,-84.7114,1
39.3389,-78.7728,1
39.4833,-83.8500,1
43.1167,-77.6767,1
43.1953,-71.5011,1
40.3814,-78.0753,1
38.9000,-77.2664,1
43.1994,-85.7717,1
31.8311,-104.8089,1
41.7003,-77.3872,1
44.2667,-71.2994,1
38.3064,-79.7197,1
41.8158,-78.2872,1
46.4314,-95.5464,1
41.1644,-84.8483,1
43.5753,-75.5208,1
39.0800,-82.7078,1
43.1003,-78.9436,1
44.4933,-68.4583,1
38.8050,-83.4356,1
41.1314,-81.4492,1
58.2944,-134.6753,1
37.7836,-81.1231,1
42.8783,-82.7958,1
40.8203,-82.5178,1
43.2683,-79.0103,1
43.2025,-85.2422,1
41.2544,-80.6739,1
43.6750,-90.8078,1
