40.1100,-87.9567,200
41.1453,-85.4897,194
47.0575,-109.9514,183
33.2564,-81.2422,244
34.1944,-79.2472,239
41.8161,-80.4250,211
40.4750,-86.9919,211
32.7547,-104.3836,256
34.2183,-81.0731,283
42.7831,-71.4147,228
37.1317,-86.1481,239
37.8194,-85.3847,267
42.1397,-87.7853,244
28.4575,-97.7061,333
33.8103,-91.2778,261
44.4933,-68.4583,206
40.4719,-74.4364,261
62.1925,-150.5033,150
37.0683,-88.7725,261
46.8706,-68.0172,222
38.4558,-86.6983,233
40.2233,-86.1086,267
44.9847,-93.1772,211
34.4719,-81.8839,272
35.6214,-88.8456,261
32.3500,-94.6500,322
37.9311,-98.0297,233
40.0739,-87.5067,244
39.4833,-83.8500,228
42.2947,-83.7108,206
34.7289,-80.0389,272
37.1244,-87.8672,250
38.4661,-101.7758,239
39.4708,-87.4081,261
27.7792,-97.5056,272
38.7003,-82.4736,289
39.4700,-80.8572,222
38.7386,-87.4878,244
28.7156,-97.1742,294
41.0267,-86.5867,222
34.1419,-80.8700,272
35.6042,-91.2744,272
45.0853,-67.1203,228
38.5200,-89.8467,261
34.6603,-82.8236,278
38.8894,-86.5519,233
64.9156,-148.2711,83
42.3806,-96.9575,189
32.2822,-106.7597,311
41.4439,-86.9294,228
40.7928,-87.7556,211
33.7775,-81.8467,294
40.9361,-90.7197,239
32.5133,-92.3486,272
44.8831,-85.6753,256
40.2539,-85.1483,239
32.9206,-86.6708,261
46.3414,-86.9242,194
38.3139,-81.7186,228
36.7578,-90.4056,261
28.8608,-97.0181,317
40.8142,-85.1547,206
37.9931,-100.8122,217
37.1167,-84.6167,233
36.5914,-101.6181,211
20.7583,-156.3211,211
