38.0047,-120.4864,37
40.1739,-101.0611,92
36.3444,-88.8636,24
31.3706,-100.4942,145
43.5492,-71.4647,127
33.0642,-101.0489,153
35.1297,-89.8036,24
43.8544,-116.4664,55
30.7931,-94.1819,2
42.9536,-112.8253,142
36.9969,-119.7072,60
32.9203,-94.7225,19
34.5989,-103.2161,240
39.3925,-101.0689,179
39.0172,-92.7558,21
33.8300,-88.5214,39
44.8831,-85.6753,16
45.9228,-108.2444,60
30.7053,-104.0233,68
29.6211,-96.3661,31
33.4692,-88.7822,63
32.4219,-93.6381,53
38.4661,-101.7758,190
46.0436,-118.4628,58
33.7542,-99.1442,201
30.2003,-92.6642,42
35.7197,-86.9653,32
36.6897,-108.3086,89
40.2842,-109.8611,82
34.0828,-106.8831,34
33.1481,-95.6269,0
41.0267,-86.5867,50
36.1056,-82.8436,80
33.7092,-93.5564,0
40.1550,-103.1417,121
44.3253,-96.7686,233
35.6214,-88.8456,26
40.2539,-85.1483,84
40.7833,-81.9167,92
35.1131,-89.2122,21
34.1647,-88.7239,48
34.6033,-104.3811,130
32.8964,-107.3078,106
44.0622,-103.4819,27
33.1461,-107.1842,142
41.9342,-88.7756,63
35.8819,-83.9572,26
44.3089,-85.2050,85
34.5697,-93.1947,43
41.4439,-86.9294,137
34.7281,-90.3683,19
61.5664,-149.2542,60
32.3378,-89.0817,32
35.7047,-101.5492,283
39.2475,-96.5994,134
31.6164,-94.6431,26
35.6872,-90.0964,26
43.4033,-103.2683,45
36.4711,-86.8414,27
38.8586,-99.3358,312
40.0892,-99.2133,161
18.0331,-67.0722,8
36.0147,-85.1314,80
37.3806,-107.5811,32
40.7142,-122.4161,56
37.9931,-100.8122,150
40.7264,-122.7947,45
34.1864,-90.5572,29
38.4917,-122.1242,58
26.8400,-81.0872,97
39.0303,-76.9314,106
43.8083,-111.7892,68
31.9497,-91.2336,3
35.4139,-86.8086,48
18.2583,-65.9922,10
45.4825,-120.7236,159
47.6811,-117.6267,47
32.8522,-95.8864,47
37.7617,-117.5658,208
46.8706,-68.0172,84
36.5508,-114.4581,119
38.9408,-95.3397,58
44.1183,-121.2103,39
42.3806,-96.9575,2
25.8175,-80.2858,50
40.6117,-122.5281,26
64.8569,-147.8611,43
37.3822,-102.2986,200
31.8769,-105.2369,105
42.1231,-111.3133,82
40.5764,-105.0858,27
34.5822,-119.9817,63
34.1381,-88.9983,26
32.8242,-95.5275,40
37.5147,-122.0325,192
26.5581,-99.1372,0
34.9881,-120.3211,101
30.0689,-94.2928,72
42.9592,-120.7897,42
46.7281,-116.9558,32
46.7047,-92.5253,185
40.2233,-86.1086,50
42.1397,-87.7853,19
42.7467,-71.0425,19
47.7283,-104.1467,45
38.4931,-122.0047,64
35.0489,-97.9158,188
35.2006,-103.6867,126
39.9614,-86.0586,14
32.2822,-106.7597,66
