38.8586,-99.3358,262
30.8408,-89.5453,14
34.1647,-88.7239,51
47.6811,-117.6267,42
32.8522,-95.8864,134
36.6897,-108.3086,106
44.0622,-103.4819,43
35.6214,-88.8456,69
43.8544,-116.4664,39
32.8242,-95.5275,183
43.8083,-111.7892,146
34.1864,-90.5572,92
44.8831,-85.6753,130
26.8400,-81.0872,113
39.2475,-96.5994,40
33.7542,-99.1442,143
37.7617,-117.5658,166
40.2539,-85.1483,80
41.0267,-86.5867,42
46.0436,-118.4628,47
40.7833,-81.9167,51
44.3089,-85.2050,85
34.1381,-88.9983,61
38.4661,-101.7758,206
44.1183,-121.2103,68
30.7053,-104.0233,135
33.4692,-88.7822,48
46.8706,-68.0172,159
32.8964,-107.3078,200
34.5822,-119.9817,53
38.6450,-95.5661,11
25.8175,-80.2858,79
33.0642,-101.0489,182
35.6872,-90.0964,177
29.6211,-96.3661,154
42.3806,-96.9575,13
33.8300,-88.5214,58
34.7281,-90.3683,103
61.5664,-149.2542,138
46.6722,-120.4994,47
45.9228,-108.2444,122
35.0489,-97.9158,142
37.9931,-100.8122,246
38.0047,-120.4864,43
35.1297,-89.8036,34
38.9408,-95.3397,47
36.1056,-82.8436,58
34.0828,-106.8831,82
35.4139,-86.8086,48
39.9000,-98.0256,183
40.2233,-86.1086,66
42.1397,-87.7853,42
31.9497,-91.2336,10
31.8769,-105.2369,92
33.1481,-95.6269,0
47.7283,-104.1467,95
31.6164,-94.6431,39
26.5581,-99.1372,48
30.0689,-94.2928,235
37.3822,-102.2986,256
36.5508,-114.4581,146
39.0172,-92.7558,10
43.5492,-71.4647,143
40.1739,-101.0611,138
35.7197,-86.9653,40
34.5989,-103.2161,248
41.9342,-88.7756,47
38.4931,-122.0047,50
38.4917,-122.1242,60
18.0331,-67.0722,106
39.3925,-101.0689,200
41.4439,-86.9294,109
40.7264,-122.7947,40
33.1461,-107.1842,216
32.3378,-89.0817,53
34.9881,-120.3211,108
40.0892,-99.2133,146
40.5764,-105.0858,34
44.3253,-96.7686,177
34.5697,-93.1947,23
33.7092,-93.5564,0
46.7281,-116.9558,82
39.9614,-86.0586,32
32.2822,-106.7597,113
18.2583,-65.9922,10
42.9592,-120.7897,53
35.8819,-83.9572,31
37.5147,-122.0325,229
36.4711,-86.8414,72
45.6911,-118.8522,97
39.0303,-76.9314,45
31.3706,-100.4942,275
32.9203,-94.7225,122
35.2006,-103.6867,55
40.1550,-103.1417,180
36.0147,-85.1314,37
42.7467,-71.0425,23
32.4219,-93.6381,138
43.4033,-103.2683,80
40.7142,-122.4161,66
30.2003,-92.6642,79
42.1231,-111.3133,101
39.1172,-95.4097,135
34.6033,-104.3811,158
35.1131,-89.2122,34
