41.5339,-93.6531,63
43.3436,-72.5178,76
40.8217,-72.8689,45
47.4667,-87.8833,58
41.5175,-81.6836,107
40.2769,-74.8158,45
34.5583,-98.4172,125
40.0397,-88.2778,58
37.1681,-97.0369,94
58.6794,-156.6294,89
33.1783,-86.7817,36
48.5428,-109.7633,58
30.3567,-95.4139,130
36.6239,-87.4194,81
60.5797,-151.2392,112
33.8281,-116.5053,107
30.2050,-91.9875,76
18.2550,-65.6408,89
34.4978,-82.7097,72
61.1781,-149.9664,98
46.0261,-91.4442,94
36.1994,-95.8872,157
36.7414,-104.5022,206
64.3267,-158.7417,63
33.5656,-86.7450,45
29.5442,-98.4839,112
29.3389,-98.4719,94
64.8039,-147.8761,63
42.1469,-121.7242,67
36.9500,-76.2833,89
45.5908,-122.6003,58
39.1258,-123.2008,58
28.7247,-96.2536,130
41.0375,-81.4642,76
32.0311,-96.3989,112
36.7367,-97.1019,157
42.8375,-103.0953,125
45.6194,-121.1661,58
32.3500,-91.0278,81
38.8317,-94.8897,81
42.1244,-86.4267,58
35.0678,-77.0481,112
40.8764,-74.2831,45
60.4889,-145.4511,107
28.4339,-81.3250,54
42.1094,-77.9919,76
28.1011,-80.6439,72
42.9486,-78.7369,94
35.6575,-109.0614,112
37.3278,-95.5042,89
33.8719,-117.9789,54
34.1231,-84.8486,54
32.8667,-117.1333,67
40.0819,-75.0111,54
37.3592,-121.9239,76
38.5714,-90.1572,45
33.6300,-84.4417,63
34.8994,-120.4486,103
26.0719,-80.1536,89
38.5069,-121.4950,63
40.6508,-75.4492,58
39.7075,-86.2803,107
32.8342,-115.5786,58
34.2167,-119.0833,67
45.6983,-110.4408,107
43.0206,-102.5183,125
30.8356,-85.1839,54
35.2372,-120.6414,103
35.9403,-89.8308,94
31.7800,-103.2017,116
40.3547,-79.9217,67
62.9614,-141.9292,72
37.6928,-121.8144,81
36.5881,-121.8453,54
44.2033,-72.5794,76
39.8447,-89.6839,45
57.7511,-152.4856,116
41.0089,-74.7367,45
41.3931,-70.6150,67
39.2292,-106.3169,94
35.2578,-113.9331,76
44.0219,-82.7931,45
39.1033,-84.4189,72
42.9550,-87.9044,116
40.3667,-75.9667,54
41.3497,-71.7989,54
38.9286,-90.4281,72
29.3600,-99.1742,130
33.9486,-81.1186,98
36.5728,-79.3361,58
38.8100,-104.6883,170
41.0669,-73.7075,54
41.6328,-91.5431,63
44.5228,-114.2150,98
32.5428,-93.7450,103
33.6800,-117.8664,45
40.4953,-107.5211,165
41.2531,-70.0608,58
34.0511,-118.2353,40
39.5703,-104.8489,134
42.7461,-86.0967,40
41.3336,-75.7269,67
30.3489,-85.7881,72
38.7042,-93.1833,72
38.7550,-109.7542,98
64.7767,-141.1483,58
40.0681,-118.5692,94
47.1686,-88.4889,72
41.6117,-90.5808,76
34.7411,-118.2117,116
40.6161,-83.0636,98
31.8311,-104.8089,233
33.6542,-101.8136,134
38.3000,-76.4167,63
30.4844,-81.7019,54
39.8233,-93.5792,63
42.7267,-114.4564,89
36.7800,-119.7194,63
38.3775,-121.9575,67
44.3853,-74.2067,94
62.1592,-145.4589,81
48.1739,-103.6367,72
36.1625,-97.0894,139
39.8250,-86.2958,103
44.9050,-123.0011,72
40.7781,-111.9694,54
41.5944,-109.0528,161
27.9619,-82.5403,67
34.2675,-77.8997,130
36.1189,-86.6892,81
43.9042,-92.4917,67
26.1658,-97.3458,165
38.8853,-79.8528,58
27.6531,-80.2428,76
38.8983,-119.9947,58
60.1283,-149.4167,107
43.1072,-78.9453,94
44.8664,-91.4878,76
45.6208,-122.6572,45
41.5333,-71.2833,63
39.1019,-121.5678,63
48.7167,-94.6000,76
39.7333,-77.4333,45
32.8547,-109.6353,112
37.1319,-76.4930,76
35.8517,-97.4142,107
37.2622,-104.3378,201
44.1278,-123.2206,58
34.8822,-95.7831,112
39.2953,-114.8467,125
34.6081,-79.0592,98
43.1111,-76.1039,76
26.2281,-97.6542,148
40.2383,-75.5572,36
40.9167,-81.4333,76
42.5906,-117.8644,98
34.8831,-82.2203,72
61.1689,-150.0278,112
41.9950,-87.9336,76
39.3669,-101.7000,148
46.9006,-95.0678,76
35.4344,-119.0542,63
59.7494,-154.9089,63
30.7797,-86.5225,54
45.2575,-112.5545,134
25.7906,-80.3164,76
32.8986,-80.0403,103
34.8536,-116.7858,116
46.8706,-68.0172,89
31.1522,-81.3908,63
38.8761,-98.8092,148
48.5222,-123.0231,40
43.7700,-88.4864,76
35.6697,-120.6283,76
30.4000,-86.4717,58
37.6197,-122.3647,107
27.4981,-80.3767,81
18.4325,-66.0108,112
41.1014,-102.9847,143
55.0389,-131.5786,40
35.1350,-90.2344,76
42.0800,-80.1825,89
48.2553,-101.2733,81
29.1828,-81.0483,67
30.5108,-99.7664,103
42.1578,-72.7161,94
29.3331,-89.4075,58
44.0511,-101.6011,98
59.6419,-151.4908,94
33.2119,-87.6161,36
28.4567,-99.2183,112
29.3783,-100.9269,98
42.1908,-71.1736,94
43.3497,-76.3847,67
39.4781,-88.2803,63
36.7683,-96.0261,98
37.7797,-89.2497,94
40.8436,-72.6322,58
30.1250,-93.2158,98
33.9381,-118.3889,76
45.6906,-118.8528,72
32.7667,-97.4500,134
47.3258,-106.9475,67
31.9206,-102.3867,103
38.8483,-77.0342,63
62.9575,-155.6103,72
39.3756,-99.8297,165
43.1167,-77.6767,103
46.4794,-84.3572,76
32.3367,-90.2214,81
29.7036,-98.0281,116
38.1847,-84.9033,67
30.6264,-88.0681,58
70.1917,-148.4772,58
43.7667,-98.0333,125
18.3331,-64.9667,94
32.7000,-117.2000,76
33.3075,-104.5083,134
39.9061,-84.2186,89
44.6500,-73.4667,81
41.1078,-92.4467,58
45.7881,-111.1608,103
41.6686,-70.2800,54
34.2006,-118.3575,63
33.4617,-80.8581,103
36.3689,-92.4703,63
45.8069,-108.5422,81
29.6222,-95.6564,116
41.8756,-71.0211,63
39.0431,-84.6717,98
44.3814,-106.7211,134
43.1711,-86.2367,54
41.7861,-87.7522,94
46.4047,-94.1308,72
43.5878,-96.7289,98
28.0836,-97.0464,116
41.5272,-85.7922,67
30.5892,-96.3647,134
42.2667,-84.4667,81
48.7939,-122.5372,36
38.5039,-122.8103,67
34.2097,-118.4892,72
38.6572,-90.6558,58
7.0833,171.3833,72
38.0442,-87.5206,81
42.6003,-123.3642,67
40.8731,-81.8867,81
42.5544,-92.4011,72
40.9781,-124.1086,58
39.1333,-86.6167,130
45.0133,-84.7014,40
27.7628,-82.6261,67
47.9742,-117.4283,72
45.0717,-83.5644,67
41.0467,-78.4117,67
32.6500,-114.6167,58
37.8892,-121.2258,63
33.3633,-84.5658,54
40.7794,-73.8803,67
33.9786,-98.4928,139
35.3889,-97.6006,107
42.0572,-102.8000,143
32.8978,-97.0189,116
40.7789,-73.9692,40
38.3794,-81.5900,45
31.8111,-106.3758,125
9.4833,138.0833,52
32.8519,-96.8556,112
31.3347,-92.5586,89
31.3711,-100.4922,94
31.1828,-90.4708,67
41.2639,-72.8872,63
44.7978,-68.8186,81
42.4819,-114.4869,89
43.2389,-123.3547,63
41.7803,-124.2367,81
42.8783,-100.5500,134
41.8833,-91.7167,81
35.6542,-105.1419,174
44.8428,-117.8086,134
26.5361,-81.7550,72
40.7833,-91.1253,63
39.5514,-97.6508,98
35.1967,-81.1558,94
46.1569,-123.8825,58
39.9181,-76.8742,58
34.2622,-88.7714,72
43.4133,-124.2436,67
45.8183,-88.1144,67
41.2003,-74.6231,58
38.9408,-77.4636,58
35.9333,-79.0642,76
31.9514,-85.1289,31
44.8831,-93.2289,89
37.7086,-113.0944,63
36.4486,-103.1539,183
41.9922,-93.6217,63
64.5111,-165.4400,54
40.0228,-82.4625,76
33.8117,-118.1464,54
41.2731,-111.0306,98
46.9728,-123.9303,72
33.8117,-78.7239,170
41.7636,-96.1778,72
39.4519,-87.3089,94
47.2675,-122.5761,40
32.2622,-107.7206,116
34.1853,-79.7239,130
42.3606,-71.0106,81
44.8889,-116.1017,81
38.0511,-117.0903,143
30.2333,-81.6667,63
41.7700,-88.4814,72
41.1214,-100.6694,170
44.7694,-106.9689,54
44.3814,-100.2856,116
34.6719,-82.8864,63
40.4719,-81.4236,54
41.6236,-98.9517,94
46.2667,-119.1167,67
37.1431,-107.7597,125
44.9319,-93.0556,81
44.9047,-97.1494,103
41.8031,-78.6403,72
35.1442,-111.6664,94
38.1417,-76.4292,58
37.2833,-102.6139,174
24.5833,-81.6833,63
61.5961,-149.0917,116
41.0136,-83.6686,112
35.8311,-90.6464,103
41.4525,-87.0058,58
45.4558,-98.4131,103
37.2253,-89.5706,94
45.8258,-119.2611,58
38.3650,-82.5550,45
36.2967,-99.7689,116
43.1406,-89.3453,76
43.8339,-111.8045,103
33.9519,-117.4386,67
37.9406,-75.4631,54
40.3161,-78.8339,72
62.3200,-150.0950,58
47.4733,-111.3822,76
45.2486,-122.7686,40
38.1386,-78.4530,45
29.9933,-90.2511,72
38.3306,-96.1897,98
40.5100,-101.6200,174
44.0433,-103.0536,107
31.0425,-86.3117,36
43.9844,-88.5569,76
39.1342,-108.5400,107
31.2819,-89.2531,94
28.7797,-81.2436,72
47.6458,-101.4394,72
37.5050,-77.3203,72
15.1167,145.7167,130
41.5886,-83.8014,98
48.3042,-114.2636,67
19.7192,-155.0531,98
24.5550,-81.7522,67
35.9508,-85.0814,54
30.3975,-84.3289,63
45.6044,-103.5464,98
35.6875,-117.6931,143
29.7333,-85.0333,58
34.9914,-78.8803,130
44.3394,-105.5419,94
33.2194,-117.3494,67
39.7556,-82.6572,67
41.9381,-72.6825,76
35.3331,-94.3625,98
29.5189,-95.2417,103
35.0419,-106.6156,174
40.5175,-122.2986,45
55.5800,-133.0750,49
36.9033,-76.1922,67
59.5119,-139.6711,76
32.3336,-104.2581,143
34.4272,-100.2831,139
40.1203,-76.2944,63
66.0689,-162.7639,54
43.9636,-69.7117,54
43.4075,-94.7461,94
33.0375,-116.9158,89
47.7472,-90.3444,63
48.6033,-112.3753,63
43.9658,-107.9508,112
36.0097,-94.1694,125
32.3206,-90.0778,81
37.2847,-120.5128,58
34.6294,-118.0836,89
30.7439,-95.5861,107
45.5464,-100.4078,89
41.8678,-84.0794,72
35.2236,-80.9553,94
39.3644,-84.5247,67
43.0661,-108.4767,125
33.2367,-107.2681,116
34.7436,-118.7242,143
44.3592,-84.6739,58
42.4167,-87.8667,94
36.6636,-121.6081,67
37.7064,-112.1456,103
41.6267,-73.8842,67
40.7939,-73.1017,63
21.4500,-157.7833,76
59.4433,-151.7017,54
31.8606,-86.0122,36
46.0947,-118.2869,76
45.5406,-122.9486,67
41.3103,-95.8992,81
44.5444,-110.4211,54
36.2606,-76.1750,81
29.1097,-95.4619,125
47.2078,-119.3192,63
35.8181,-83.9858,58
38.4167,-113.0167,67
40.6825,-74.1694,40
39.3667,-75.0667,54
31.3928,-92.2956,81
-14.3306,-170.7136,57
39.4167,-118.7167,89
36.6817,-101.5053,170
35.2333,-101.7089,161
42.5700,-72.2911,89
33.3644,-81.9633,94
42.4272,-73.2892,76
32.3847,-94.7117,103
45.5644,-84.7928,67
42.7611,-87.8136,116
32.6636,-97.0939,107
40.9611,-98.3136,94
41.1389,-75.3794,76
39.6428,-79.9164,58
30.0481,-102.2131,94
40.3300,-75.1225,40
42.8975,-106.4636,130
38.7667,-104.3000,174
37.7608,-99.9683,179
30.8458,-85.6014,31
60.7850,-148.8389,179
44.5344,-72.6144,63
32.8158,-117.1394,72
36.1336,-80.2222,63
35.5342,-97.6469,107
42.0647,-104.1528,148
28.8208,-81.8097,45
32.7800,-79.9319,81
25.9069,-80.2803,81
39.5936,-84.2264,81
34.5467,-93.5781,112
39.4839,-119.7711,72
39.8683,-75.2311,58
27.5000,-97.8167,139
21.1544,-157.0961,125
36.0969,-79.9433,81
33.9481,-83.3275,45
37.0872,-84.0769,54
45.6478,-68.6925,72
43.2781,-70.9222,58
39.2775,-120.7103,72
31.2361,-94.7544,103
42.9667,-83.7494,72
45.9647,-112.5006,107
33.4964,-90.0867,76
36.2117,-115.1958,116
37.0683,-88.7719,76
40.6331,-93.9019,63
40.6239,-74.6694,36
39.4203,-83.8217,81
60.7850,-161.8292,76
47.3864,-92.8389,67
38.9833,-76.4667,67
35.0169,-80.6206,103
20.8997,-156.4286,134
40.0803,-95.5919,103
46.7439,-117.1086,63
41.7872,-111.8533,67
32.5156,-92.0406,76
32.4506,-93.8411,107
39.9492,-74.8417,36
33.1803,-96.5903,94
34.3478,-85.1611,40
34.7272,-92.2389,89
30.3503,-81.8831,54
35.8922,-78.7819,94
40.0489,-107.8853,94
34.7336,-76.6606,103
31.3214,-85.4497,58
34.2008,-119.2069,81
42.1997,-75.9850,72
26.1969,-80.1708,76
32.8167,-115.6833,67
31.4583,-109.6061,103
30.4636,-88.5319,58
41.2544,-80.6739,89
38.1811,-85.7392,76
41.5092,-74.2650,67
33.4825,-90.9853,76
42.3978,-90.7036,67
38.5911,-92.1558,63
40.6386,-73.7622,63
47.3978,-120.2014,58
39.9914,-82.8808,107
28.0622,-81.7542,67
25.9989,-80.2411,81
35.8550,-77.8931,81
6.9667,158.2167,36
42.3914,-96.3792,76
59.2433,-135.5094,81
46.9208,-114.0925,89
38.7525,-90.3736,58
21.3239,-157.9294,112
24.7258,-81.0517,45
33.6267,-116.1594,94
41.3714,-73.4828,67
41.9856,-97.4353,81
38.5050,-107.8975,81
30.7825,-83.2767,63
36.2667,-93.1567,76
44.2558,-121.1392,81
19.7356,-156.0489,72
35.9461,-112.1547,76
40.4422,-109.5144,94
43.7331,-103.6114,103
40.0781,-83.0781,76
40.9706,-85.2064,148
27.9106,-82.6875,72
40.1667,-103.2167,165
21.9839,-159.3405,103
34.6525,-86.9453,54
39.3792,-74.4242,45
36.9261,-111.4478,45
39.9444,-81.8922,67
36.3333,-119.9500,72
39.2972,-94.7306,98
40.8500,-74.0614,54
37.0911,-95.5664,148
43.3906,-99.8422,112
35.6950,-101.3950,143
34.9000,-76.8833,125
32.1300,-81.2100,98
36.0394,-95.9844,130
40.1519,-122.2536,54
42.4933,-79.2722,98
30.3361,-81.5147,58
46.7994,-102.7972,72
36.9839,-77.0075,58
48.0944,-105.5744,58
46.3583,-104.2500,67
55.3567,-131.7117,72
58.3567,-134.5639,81
27.5333,-99.4667,94
46.3747,-117.0156,72
40.2172,-76.8514,72
41.9097,-70.7294,72
41.3275,-72.0494,45
45.7728,-122.8611,58
27.6833,-97.2833,134
43.5164,-112.0672,116
30.9119,-102.9167,98
42.1208,-87.9047,72
37.6242,-120.9506,67
42.5950,-87.9381,81
31.5358,-82.5067,40
41.7072,-86.3164,58
31.5883,-110.3442,98
35.6169,-106.0889,134
40.6675,-89.6839,76
33.2061,-97.1989,206
30.1831,-97.6800,130
7.4500,151.8333,57
34.0561,-117.6003,67
36.0167,-102.5500,170
33.1281,-117.2794,58
39.6728,-75.6008,76
44.9358,-74.8458,89
30.0494,-90.0289,72
43.1953,-71.5011,67
36.9358,-121.7886,63
41.6875,-69.9933,45
42.2347,-85.5519,63
22.0333,-159.7833,76
43.5331,-84.0797,67
44.3675,-71.5450,63
39.6092,-110.7547,103
42.2314,-83.3308,94
47.0492,-109.4578,63
35.6567,-95.3614,139
37.7214,-122.2208,94
46.6056,-111.9636,94
39.7078,-77.7297,76
43.8789,-91.2528,45
37.6544,-97.4425,107
42.1928,-89.0931,72
21.3167,-158.0667,76
44.7408,-85.5825,45
45.6308,-89.4653,58
48.4608,-119.5167,45
31.1500,-92.9667,58
31.6072,-110.4281,103
31.3558,-85.7511,40
43.5950,-118.9564,98
36.9878,-120.1106,58
43.5667,-116.2406,112
43.6497,-70.3003,72
30.0375,-91.8839,54
34.8461,-82.3461,76
41.7219,-71.4325,94
46.5683,-120.5428,54
26.5850,-81.8614,67
43.1561,-90.6775,54
37.9917,-122.0550,81
34.9869,-81.0575,72
47.9078,-122.2803,40
34.7442,-87.5997,63
44.3592,-89.8369,76
38.6892,-75.3592,98
32.7817,-98.0603,107
39.1667,-76.6833,58
30.3433,-89.8222,67
41.3119,-105.6747,98
38.8169,-92.2183,72
42.7972,-105.3856,125
41.4914,-120.5644,76
39.8344,-88.8656,58
41.3375,-84.4289,81
41.1583,-73.1289,72
32.5500,-88.5667,58
41.7781,-80.6958,72
39.6014,-116.0056,112
47.0339,-120.5303,58
41.6764,-70.9583,72
45.4622,-69.5953,54
36.9647,-86.4239,94
43.9906,-70.9475,58
31.8456,-86.6108,36
47.9375,-124.5550,58
67.7317,-164.5483,72
31.4156,-87.0442,45
39.8328,-104.6575,143
33.6228,-111.9106,58
37.1467,-94.5022,94
61.2169,-149.8550,58
43.7694,-87.8506,116
38.3083,-75.1239,40
71.2833,-156.7814,67
29.9800,-95.3600,139
39.2956,-80.2289,94
44.0206,-117.0128,103
48.3500,-122.6667,54
36.3189,-119.6289,45
26.1522,-81.7753,58
46.9258,-98.6692,94
32.2997,-86.4075,36
59.4556,-135.3239,107
38.9503,-95.6639,107
46.1236,-67.7928,89
36.6950,-76.1356,72
43.2119,-90.1814,81
40.8206,-76.8642,72
34.6517,-112.4208,72
35.7425,-81.3819,58
33.9753,-117.6361,72
42.2706,-71.8731,89
70.6392,-159.9950,58
30.4781,-87.1869,58
42.7803,-84.5789,67
36.0719,-115.1633,103
39.0083,-95.2117,94
66.9161,-151.5089,45
41.1519,-104.8061,143
46.4267,-105.8825,67
34.2719,-83.8303,63
40.2064,-100.5914,183
44.8322,-93.4706,76
39.1894,-103.7158,157
42.2333,-83.5333,94
39.1353,-96.6778,81
43.2339,-75.4117,67
41.1961,-112.0114,58
42.8050,-72.0036,76
38.8000,-97.6500,98
26.6847,-80.0994,98
34.2486,-82.1592,63
35.5931,-88.9167,67
38.0653,-97.8606,89
28.4736,-82.4544,76
47.9428,-97.1839,81
33.5872,-85.8556,36
57.0481,-135.3647,98
31.3500,-85.6667,40
44.3981,-98.2231,125
32.6261,-116.4681,76
46.5486,-90.9189,89
41.1783,-78.8989,67
42.8153,-108.7261,89
32.3542,-95.4025,107
32.4106,-99.6822,116
33.6883,-112.0817,72
40.0972,-92.5433,76
39.9369,-91.1919,54
47.4933,-122.2144,40
44.4683,-73.1500,116
47.3078,-119.5153,58
29.9506,-94.0206,103
47.4569,-115.6450,45
37.7461,-97.2211,94
41.4131,-81.8600,98
42.1594,-76.8919,81
32.5722,-116.9794,67
38.1311,-91.7683,67
25.9156,-97.4186,148
25.6475,-80.4331,72
43.6264,-72.3047,76
40.2342,-85.3936,116
43.1544,-93.3269,72
17.7028,-64.8056,103
42.3811,-122.8722,45
27.7839,-97.5108,165
40.4122,-86.9369,81
48.2138,-106.6213,72
37.9272,-100.7247,228
13.4836,144.7961,81
40.8289,-115.7886,89
44.6381,-90.1875,76
35.2100,-99.1200,161
34.0158,-118.4514,67
35.0564,-89.9864,81
42.6425,-77.0564,81
33.4669,-82.0386,107
42.6650,-83.4181,76
29.6333,-83.1053,72
63.9944,-145.7214,98
30.4000,-81.4167,63
32.5161,-84.9422,54
37.3711,-118.3581,94
33.4050,-118.4158,72
45.5433,-94.0514,72
40.9017,-117.8081,112
29.5622,-91.5256,63
41.7806,-122.4717,72
36.8781,-91.9025,72
39.5264,-107.7264,107
34.4258,-119.8425,63
32.7336,-117.1831,72
42.5708,-77.7133,81
37.2353,-93.4003,103
39.2447,-102.2842,161
43.3500,-73.6167,81
44.5169,-108.0822,116
45.0319,-102.0192,103
40.8097,-124.1603,40
42.4092,-83.0100,94
40.6044,-98.4272,94
37.4389,-105.8614,157
36.7725,-90.3247,98
48.5614,-93.3981,58
45.5114,-118.4247,58
36.0236,-84.2375,31
34.0500,-94.4008,98
45.6689,-96.9914,89
39.0725,-95.6261,103
38.7642,-87.6056,89
35.0311,-85.2014,45
40.2964,-78.3203,81
35.0281,-110.7208,112
36.6206,-116.0278,94
29.2733,-94.8592,157
37.7081,-77.4344,45
56.6000,-169.5650,148
26.2500,-80.1083,81
34.1750,-91.9347,103
41.4333,-99.6333,125
37.3031,-108.6275,89
48.1203,-123.4983,76
47.2381,-123.1408,72
33.7792,-84.5214,40
47.4444,-122.3139,54
46.4167,-86.6500,94
37.3169,-79.9742,67
34.2900,-93.0600,98
8.7333,167.7333,157
42.7431,-73.8092,103
38.2103,-122.2847,81
45.8678,-95.3942,81
39.4494,-74.5672,63
42.8914,-73.2469,72
33.9228,-118.3342,72
57.1553,-170.2222,112
37.6703,-95.4842,81
45.5511,-122.4089,40
30.3208,-97.7603,76
64.5500,-149.0717,63
7.3333,134.4833,31
47.2856,-68.3133,89
32.6808,-96.8681,94
35.5144,-108.7939,116
44.9258,-89.6256,72
41.5097,-72.8278,67
38.2281,-85.6636,63
38.0494,-103.5122,170
30.5069,-86.9597,67
39.4019,-77.9844,67
38.9597,-94.3714,89
46.0139,-102.6547,76
32.9733,-97.3181,161
41.3461,-82.1794,103
31.5356,-84.1944,58
40.7083,-84.0267,94
37.2958,-81.2078,58
34.7000,-77.3833,130
31.9433,-102.1889,98
34.3622,-98.9761,139
30.5372,-91.1469,72
34.6439,-86.7861,58
33.8750,-84.3022,45
46.1442,-115.5964,45
46.9733,-122.9033,54
42.5519,-71.7558,72
44.3206,-69.7972,67
42.1128,-92.9175,76
41.5631,-83.4764,161
39.7736,-94.9233,94
70.2117,-151.0017,54
36.7436,-108.2292,116
42.5842,-70.9175,63
44.1708,-114.9272,72
35.1822,-103.6031,170
46.8369,-92.2097,72
66.8667,-162.6333,45
37.5908,-83.3131,40
41.0731,-71.9233,54
39.5781,-85.8033,112
32.8192,-97.3614,125
33.4536,-94.0075,98
38.0700,-102.6881,161
45.1947,-123.1339,54
46.9253,-96.8111,103
32.6847,-83.6528,45
42.9203,-112.5711,125
39.4900,-121.6183,45
37.7836,-81.1231,72
38.6956,-121.5897,72
39.3450,-81.4392,45
42.5844,-110.1075,94
36.2833,-94.3000,130
30.7406,-98.2353,116
32.4833,-80.7167,89
33.4278,-112.0039,63
30.7167,-87.0167,72
29.6919,-82.2756,40
55.2208,-162.7325,157
27.4014,-82.5586,67
39.2231,-106.8683,72
42.6958,-73.1708,63
32.3347,-88.7442,67
28.5453,-81.3331,72
30.6794,-88.2397,67
41.7361,-72.6506,72
31.4208,-110.8458,72
30.4119,-89.0808,63
32.1314,-110.9553,67
42.5417,-113.7661,63
42.2228,-83.7444,81
38.2900,-104.4983,179
40.1936,-76.7633,58
33.6186,-114.7142,76
36.8167,-76.0333,63
33.9706,-80.9958,58
47.5303,-122.3008,40
41.2433,-76.9217,89
45.0619,-93.3508,81
40.4847,-80.2144,63
37.6542,-122.1150,76
38.8500,-94.7392,81
35.0028,-105.6628,174
43.9922,-76.0217,98
47.6217,-117.5281,76
41.8056,-107.1997,130
37.2839,-98.5528,94
35.2578,-93.0947,81
41.4653,-90.5233,94
38.3406,-75.5103,67
42.7172,-71.1239,76
37.3208,-79.2067,45
41.9144,-88.2464,67
42.9333,-71.4383,67
46.7708,-100.7603,76
40.8203,-82.5178,107
39.1208,-94.5969,94
31.6189,-97.2283,107
41.6264,-80.2150,94
44.5483,-95.0803,81
44.4983,-88.1111,103
41.7419,-72.1836,76
41.8706,-103.5931,139
29.6381,-95.2819,98
44.5761,-71.1786,72
41.3325,-122.3328,54
36.4731,-82.4044,45
40.8508,-96.7475,81
34.7917,-79.3661,143
40.7342,-73.4169,58
43.1644,-95.2017,89
26.1839,-98.2539,130
33.6361,-91.7556,63
27.7411,-98.0247,130
34.7675,-114.6189,76
37.4058,-122.0481,89
42.4700,-71.2894,81
32.7100,-96.2672,103
28.8614,-96.9303,143
42.3075,-85.2511,72
35.4319,-82.5375,54
26.9172,-81.9914,81
30.0675,-95.5561,103
35.2325,-75.6219,107
34.9883,-117.8647,112
34.5183,-109.3792,134
42.8939,-85.5447,58
30.7044,-87.0231,67
33.2208,-92.8142,72
38.0408,-84.6058,72
47.6831,-117.3214,63
