37.1431,-107.7597,1
38.8169,-92.2183,1
38.9286,-90.4281,1
42.8153,-108.7261,1
43.0206,-102.5183,1
39.8447,-89.6839,1
39.5703,-104.8489,1
34.9894,-99.0525,1
40.6825,-74.1694,1
42.0647,-104.1528,1
41.1519,-104.8061,1
34.0500,-94.4008,1
41.1583,-73.1289,1
46.1569,-123.8825,1
34.4272,-100.2831,1
39.2292,-106.3169,1
41.5944,-109.0528,1
71.2833,-156.7814,1
40.7794,-73.8803,1
38.8100,-104.6883,1
38.6572,-90.6558,1
42.8375,-103.0953,1
39.6728,-75.6008,1
36.2967,-99.7689,1
39.8344,-88.8656,1
39.8328,-104.6575,1
42.2706,-71.8731,1
44.0433,-103.0536,1
57.1553,-170.2222,1
41.7219,-71.4325,1
38.1386,-78.4530,1
41.9950,-87.9336,1
38.5911,-92.1558,1
34.3622,-98.9761,1
41.1014,-102.9847,1
37.6703,-95.4842,1
38.7667,-104.3000,1
34.7436,-118.7242,1
37.3208,-79.2067,1
35.4319,-82.5375,1
35.2100,-99.1200,1
40.9017,-117.8081,1
33.6542,-101.8136,1
40.6386,-73.7622,1
42.0572,-102.8000,1
38.6892,-75.3592,1
36.2606,-76.1750,1
44.3814,-106.7211,1
42.7972,-105.3856,1
41.2731,-111.0306,1
38.3406,-75.5103,1
41.0669,-73.7075,1
38.1311,-91.7683,1
36.9033,-76.1922,1
36.4486,-103.1539,1
43.7331,-103.6114,1
38.7042,-93.1833,1
37.7797,-89.2497,1
37.9406,-75.4631,1
36.3689,-92.4703,1
39.4494,-74.5672,1
40.7939,-73.1017,1
46.9728,-123.9303,1
