39.5253,-91.6450,0
-35.3790,139.5617,8
-35.2705,138.5591,32
-37.7869,145.2847,100
-37.8587,145.1847,64
37.1503,-104.5567,76
-36.3098,140.7400,22
48.6236,-93.8992,5
45.0228,-95.7897,439
-37.1847,142.8553,30
-43.1547,147.0539,152
-34.3412,138.9155,42
35.4117,-80.4308,5
43.7822,-122.9631,0
19.6328,-155.0339,1161
-37.0525,146.0872,8
19.4183,-155.9111,89
35.0781,-89.6653,0
-27.6023,153.2952,10
41.5394,-75.9269,20
38.5933,-86.6114,0
44.9356,-91.8886,13
36.3661,-85.6553,203
-34.4878,117.6278,0
33.7392,-88.1275,665
-33.3600,116.1467,52
26.8639,-80.6256,953
36.5408,-85.4597,0
47.8092,-122.9136,135
18.1731,-66.4928,401
-33.9592,115.0642,76
-37.5267,142.0414,30
41.6725,-75.0642,3
44.3931,-73.8589,107
37.5339,-83.3492,0
44.0425,-111.2739,81
30.7394,-94.9256,389
-31.8140,116.3410,66
19.5361,-155.5767,330
43.8000,-74.8667,89
19.7842,-155.0936,117
-38.0651,145.1294,30
35.2458,-82.3892,132
-37.2618,147.7229,20
45.5556,-90.9592,58
-36.7416,141.9429,22
-33.3347,116.7425,40
-31.8622,116.2658,66
20.7939,-156.0414,206
-36.2161,147.1764,10
19.5336,-155.9258,389
31.8075,-85.9722,0
20.0131,-155.6686,8
40.2842,-109.8611,0
-34.9617,117.3567,2
21.5783,-158.2236,8
46.1281,-85.5697,89
39.9000,-98.0256,18
-29.8819,116.0233,58
-34.0260,138.6846,14
-35.6569,137.6364,80
30.5669,-91.1633,292
-34.0050,138.8142,12
38.1350,-94.8161,0
-38.1059,142.3216,70
-35.3497,138.6223,22
-32.0486,115.9839,88
45.1111,-87.6117,0
-34.1806,136.0490,10
31.5536,-99.8500,249
-37.0936,142.4344,56
35.3872,-76.7764,0
-33.0269,116.8792,26
21.5611,-158.2383,18
17.9556,-66.2222,221
-37.9445,145.1764,69
-34.9769,116.7286,20
-27.7347,153.3275,4
43.6253,-84.0189,582
28.4575,-97.7061,102
-36.9731,140.3664,22
18.3964,-66.9244,747
43.2761,-75.1567,107
37.7083,-113.1439,216
-34.8321,138.6124,16
41.6444,-72.8167,25
-38.3427,143.5848,54
-37.0364,141.2967,34
40.3803,-76.0275,0
20.2039,-155.7350,312
35.5044,-82.5967,81
-38.6520,146.1997,84
-37.2472,141.8415,52
31.2975,-85.8997,206
-36.1160,143.7229,10
39.2494,-106.3714,13
-38.3687,144.0843,24
-35.5355,138.9010,20
19.9189,-155.7981,36
45.2236,-91.1269,107
47.1414,-121.9356,173
44.3078,-90.1314,5
-32.4947,118.2675,40
48.5119,-122.6136,0
-34.5169,138.9598,16
-35.0216,138.6097,2
42.9694,-71.9528,38
35.9647,-87.9639,348
31.6144,-87.5503,132
43.9708,-97.3489,140
-37.7073,147.8314,14
-33.7039,115.8903,62
18.3906,-66.0542,597
47.1358,-122.2558,94
-38.3898,145.0863,100
-36.6287,142.6321,8
37.1244,-82.6339,0
41.3997,-84.1119,0
58.2989,-134.4111,119
-30.5006,115.0664,34
47.0731,-109.4017,30
38.5253,-106.9672,28
-33.3211,149.0828,2
-33.9797,115.7656,42
-35.2546,139.4542,5
-38.2358,145.0667,74
-36.8756,147.2886,78
-34.9423,138.7270,14
-17.2639,145.8536,50
37.5108,-86.2892,69
21.6031,-157.9022,191
-34.9482,138.8071,4
18.1725,-66.9872,348
31.1681,-84.7664,0
39.5703,-107.2267,8
47.2142,-113.5203,94
-38.3291,143.0779,72
-34.2971,138.0014,8
43.9000,-75.0367,20
43.6842,-114.3603,13
-38.1954,143.6399,20
21.5108,-157.8622,112
-37.8361,145.0294,36
21.1328,-157.2133,0
36.8047,-107.6214,30
-35.2276,138.5366,42
43.7464,-124.1217,10
-34.1424,138.4225,8
-29.8183,115.2722,64
19.5106,-155.9217,292
-27.5300,153.4194,20
-27.4973,153.4078,74
-36.9681,141.0834,60
-38.0339,141.9998,80
-31.8689,116.0167,74
40.3692,-105.2353,41
-35.0266,138.7133,20
45.4350,-109.8081,13
-33.7324,151.0767,0
-34.4417,116.9944,2
36.5342,-87.2194,0
45.5247,-123.1025,28
-32.0533,115.7647,68
34.5225,-119.6822,0
29.7853,-90.1158,361
-33.5879,134.8859,4
40.4506,-107.5894,86
-41.3994,147.1347,22
39.0422,-108.4664,0
19.5833,-155.4550,544
18.1511,-66.9889,259
-34.4550,138.8101,20
45.1278,-94.5347,36
46.6539,-68.0089,0
-37.5720,145.5014,75
44.5833,-104.7147,33
36.5994,-89.9894,0
-41.2500,147.2169,66
-32.3322,151.4595,20
40.8619,-75.6428,0
41.1183,-75.7278,0
32.7336,-96.3225,0
-38.6131,145.7039,154
-43.0433,147.8667,44
-41.2039,146.2650,78
-31.7317,115.7931,290
-33.4660,138.5412,4
40.5447,-84.4375,117
-34.0647,139.6605,6
27.5947,-81.5267,699
-37.6044,141.6853,62
20.2250,-155.7933,94
39.5039,-98.3150,0
26.3283,-80.9958,64
-37.9535,145.1655,58
-37.5483,142.7393,52
41.1086,-74.4817,25
39.0936,-106.3514,69
-33.2025,138.6024,4
46.2858,-105.2919,51
42.2906,-104.7625,0
-31.6358,116.7961,90
-33.6611,115.3456,190
-41.6706,146.7278,94
33.2097,-87.5936,13
-36.1821,147.5515,28
33.1139,-83.7881,28
45.3047,-93.5842,84
-28.6225,153.0036,22
21.5300,-157.8503,89
40.0567,-80.7283,0
-33.7864,115.9814,53
-17.2700,145.8997,40
33.7158,-108.7769,28
38.1253,-82.6936,0
19.2036,-155.4858,345
37.3169,-104.9503,79
40.7928,-87.7556,0
-28.7769,114.6050,4
18.0258,-66.5253,99
41.7003,-71.5925,0
42.6469,-95.1933,508
39.1331,-94.0639,0
36.6139,-83.7897,28
21.5739,-158.0378,51
-38.5198,143.7150,100
39.5228,-79.4131,0
-36.4600,142.5858,30
42.0772,-74.9828,8
-35.1890,138.8262,6
-34.7735,139.0501,8
46.4908,-87.3550,23
44.7178,-93.0975,152
21.1900,-156.9828,18
31.1414,-87.0486,84
-34.9167,138.5956,12
41.1381,-87.8856,69
-37.5872,140.3426,26
39.3667,-94.3294,0
-37.8958,144.4387,30
34.8219,-89.4347,64
-33.9118,136.5697,30
45.4428,-91.0897,84
44.5564,-94.2208,178
-34.9044,138.8742,2
-37.3432,144.1575,60
21.3733,-157.7853,246
-43.4086,146.9567,328
46.3675,-124.0378,0
39.6619,-99.1228,36
56.3831,-134.6497,157
-34.9122,137.7977,42
-31.3461,115.9031,55
42.6531,-96.8775,109
-38.3372,143.7844,70
39.4031,-99.4192,56
39.2219,-105.9936,89
-37.3803,140.8379,22
-35.0369,138.9130,4
-33.3142,117.7400,4
20.6486,-156.3983,71
-35.4580,138.3500,40
21.3389,-157.8581,28
-42.0056,145.5419,620
-31.1842,118.1006,24
41.5889,-75.3303,8
19.6158,-155.0839,46
-42.3961,146.4897,312
-37.2177,145.4211,20
-33.8771,151.0577,4
27.4272,-80.4053,686
-41.4136,148.2744,10
21.4706,-157.8836,363
-35.0203,137.6064,62
33.1869,-102.8281,48
-42.9078,147.2931,86
30.2506,-88.0775,102
21.5214,-157.8375,122
-37.3894,144.3232,40
