45.8981,-86.5483,225
46.2314,-112.1136,18
39.4206,-79.0050,190
47.2753,-88.4169,255
40.1100,-87.9567,225
30.5347,-94.4456,90
41.8161,-80.4250,330
41.0103,-103.8769,270
39.8814,-77.3506,360
39.7750,-105.1169,340
40.5764,-105.0858,85
39.7194,-76.8028,70
45.6656,-97.0392,45
44.4933,-68.4583,150
34.6242,-106.3103,45
38.5039,-95.7036,180
34.2183,-116.4072,240
34.1206,-115.8500,180
45.4525,-99.3358,20
47.0083,-88.4317,270
41.7392,-77.9711,230
39.0733,-93.7075,225
39.6442,-74.8072,16
40.9656,-105.2186,320
61.2967,-149.4400,270
39.1439,-103.4897,290
40.8600,-102.8031,15
48.0750,-111.2597,90
48.9981,-110.2158,180
40.6558,-97.2208,160
43.0167,-70.8333,214
35.0761,-89.7430,90
41.2847,-105.5319,45
