38.8761,-98.8092,1400
41.7872,-111.8533,1842
30.2333,-81.6667,1657
34.9869,-81.0575,1535
42.6003,-123.3642,1953
31.3558,-85.7511,1753
41.5631,-83.4764,1014
18.3331,-64.9667,443
31.3500,-85.6667,1755
41.5333,-71.2833,1816
35.1822,-103.6031,1430
36.3333,-119.9500,1942
39.2775,-120.7103,2150
42.5700,-72.2911,1711
41.6875,-69.9933,1315
59.4433,-151.7017,1625
41.7781,-80.6958,1024
41.3275,-72.0494,1750
35.5144,-108.7939,1158
6.9667,158.2167,1046
27.9106,-82.6875,1819
30.3503,-81.8831,1550
47.2381,-123.1408,1400
38.3083,-75.1239,1001
40.8217,-72.8689,1051
41.9144,-88.2464,1156
31.5883,-110.3442,1418
32.5500,-88.5667,957
45.8183,-88.1144,1037
37.7081,-77.4344,1255
35.0169,-80.6206,1643
42.1578,-72.7161,1549
41.9097,-70.7294,1343
40.2172,-76.8514,1353
48.5222,-123.0231,1306
30.7044,-87.0231,2202
48.7167,-94.6000,924
37.7064,-112.1456,1531
42.6958,-73.1708,1713
34.7000,-77.3833,749
40.8500,-74.0614,1112
41.2003,-74.6231,1526
39.7556,-82.6572,1450
42.1094,-77.9919,1308
62.1592,-145.4589,1458
34.2486,-82.1592,1509
70.6392,-159.9950,241
31.0425,-86.3117,711
42.7172,-71.1239,46
39.3667,-75.0667,924
39.7333,-77.4333,1028
38.0653,-97.8606,2315
32.7000,-117.2000,1347
40.6239,-74.6694,1035
43.9906,-70.9475,1119
40.0681,-118.5692,1541
42.9333,-71.4383,1219
39.5936,-84.2264,1323
38.8983,-119.9947,1613
39.2956,-80.2289,1413
41.0669,-73.7075,3
55.5800,-133.0750,209
35.6542,-105.1419,1921
31.3089,-86.3939,1829
70.2117,-151.0017,451
40.3547,-79.9217,830
38.9503,-95.6639,1530
31.3928,-92.2956,1435
36.8167,-76.0333,1328
41.0136,-83.6686,1023
29.5622,-91.5256,854
38.9833,-76.4667,950
40.8206,-76.8642,1537
35.6875,-117.6931,1606
41.3461,-82.1794,827
40.0228,-82.4625,1018
34.6719,-82.8864,1511
32.4833,-80.7167,1257
31.6072,-110.4281,1336
41.5175,-81.6836,923
41.5092,-74.2650,1237
46.4047,-94.1308,1444
47.4569,-115.6450,1613
42.8050,-72.0036,1531
41.3497,-71.7989,1730
40.1203,-76.2944,919
62.9614,-141.9292,1502
34.9000,-76.8833,1557
41.7700,-88.4814,1418
29.3331,-89.4075,1631
36.7436,-108.2292,1821
41.7361,-72.6506,1832
35.9333,-79.0642,1145
47.7472,-90.3444,1257
61.5961,-149.0917,2009
17.7028,-64.8056,946
46.4167,-86.6500,50
38.5000,-77.3000,1029
46.1442,-115.5964,1312
43.6264,-72.3047,1632
42.5708,-77.7133,1227
41.6686,-70.2800,1344
31.8456,-86.6108,1535
30.6264,-88.0681,2209
44.3675,-71.5450,1628
30.4636,-88.5319,1506
35.1967,-81.1558,1339
66.0689,-162.7639,24
62.3200,-150.0950,1839
59.4556,-135.3239,1256
47.9078,-122.2803,1012
30.4000,-86.4717,1305
59.6419,-151.4908,2056
60.5797,-151.2392,1547
42.5842,-70.9175,49
41.8756,-71.0211,1245
30.0494,-90.0289,1405
64.5500,-149.0717,1241
39.9369,-91.1919,1344
36.9839,-77.0075,1601
42.2228,-83.7444,942
36.1336,-80.2222,1158
46.0261,-91.4442,1439
42.5519,-71.7558,1359
41.3714,-73.4828,1630
42.1908,-71.1736,18
39.9492,-74.8417,1326
38.7667,-104.3000,1738
42.4167,-87.8667,943
44.5761,-71.1786,932
61.2169,-149.8550,1549
43.9636,-69.7117,349
34.7917,-79.3661,859
38.4167,-113.0167,1555
47.0339,-120.5303,2141
47.4667,-87.8833,1251
59.7494,-154.9089,1525
64.3267,-158.7417,1403
40.8764,-74.2831,1458
45.8258,-119.2611,846
27.5000,-97.8167,1546
41.1961,-112.0114,1956
34.9883,-117.8647,1636
33.3000,-117.3500,1417
31.1500,-92.9667,1000
30.5069,-86.9597,1516
40.7342,-73.4169,48
41.5097,-72.8278,1624
32.5428,-93.7450,1442
30.3433,-89.8222,1334
43.2781,-70.9222,121
31.4156,-87.0442,1610
48.3500,-122.6667,1319
35.6169,-106.0889,1508
41.6264,-80.2150,1633
48.1203,-123.4983,1622
32.8167,-115.6833,1820
41.4525,-87.0058,900
40.0781,-83.0781,1139
55.3567,-131.7117,1018
45.4622,-69.5953,319
60.7850,-148.8389,2355
40.6161,-83.0636,1137
30.4000,-81.4167,1526
60.4889,-145.4511,1530
43.2339,-75.4117,1008
35.8550,-77.8931,1234
34.8461,-82.3461,1508
47.5303,-122.3008,314
37.7461,-97.2211,2122
60.1283,-149.4167,531
42.2333,-83.5333,928
37.0911,-95.5664,1350
41.0467,-78.4117,1646
39.9181,-76.8742,749
35.9403,-89.8308,926
9.4833,138.0833,1105
18.2550,-65.6408,1336
36.7414,-104.5022,1653
40.8436,-72.6322,1148
26.5361,-81.7550,1413
43.1644,-95.2017,1730
39.4203,-83.8217,1547
43.1072,-78.9453,1040
35.0028,-105.6628,1855
46.5486,-90.9189,1357
33.4050,-118.4158,1712
27.6833,-97.2833,1318
66.9161,-151.5089,2348
31.4000,-93.2833,2033
40.3300,-75.1225,1502
40.1606,-113.3508,447
59.2433,-135.5094,111
57.0481,-135.3647,28
24.5833,-81.6833,1051
32.7667,-97.4500,231
64.7767,-141.1483,1811
67.7317,-164.5483,909
44.0219,-82.7931,204
38.6956,-121.5897,1803
47.4933,-122.2144,1833
39.4900,-121.6183,1937
30.7167,-87.0167,1737
39.4167,-118.7167,1917
30.7797,-86.5225,1635
56.6000,-169.5650,1502
41.7419,-72.1836,1649
47.2675,-122.5761,1756
41.2531,-70.0608,1329
36.9500,-76.2833,239
58.3567,-134.5639,1221
28.0622,-81.7542,748
42.6650,-83.4181,1236
45.6194,-121.1661,1739
41.0089,-74.7367,1449
39.3644,-84.5247,1556
41.8678,-84.0794,859
18.4325,-66.0108,1453
42.4092,-83.0100,1031
41.6764,-70.9583,1842
41.0731,-71.9233,1355
31.9514,-85.1289,1414
42.1208,-87.9047,1101
41.7861,-87.7522,1447
36.6950,-76.1356,1438
43.3497,-76.3847,1518
7.4500,151.8333,2135
63.9944,-145.7214,1613
42.1594,-76.8919,1059
32.8667,-117.1333,1335
46.9006,-95.0678,1142
35.1350,-90.2344,712
61.1689,-150.0278,2254
39.1033,-84.4189,1422
41.2639,-72.8872,1505
42.6425,-77.0564,1324
38.1417,-76.4292,947
40.8731,-81.8867,1358
37.3278,-95.5042,936
40.0819,-75.0111,1504
70.1917,-148.4772,728
7.3333,134.4833,1243
38.3000,-76.4167,944
22.0333,-159.7833,952
34.2097,-118.4892,1332
28.4736,-82.4544,1636
47.3864,-92.8389,911
47.1686,-88.4889,1252
39.6092,-110.7547,1224
42.4700,-71.2894,22
37.1681,-97.0369,1630
40.2383,-75.5572,1449
37.1319,-76.4930,1056
41.3931,-70.6150,1251
34.2008,-119.2069,1621
61.1781,-149.9664,1119
42.4933,-79.2722,1412
41.0375,-81.4642,831
