34.5519,-96.7178,172
31.1414,-87.0486,283
33.3867,-97.7164,206
36.0642,-97.2128,189
38.5200,-89.8467,183
34.1381,-88.9983,206
40.2539,-85.1483,117
34.5989,-103.2161,228
36.4711,-86.8414,200
39.3669,-101.7000,122
34.9142,-98.2922,172
35.4017,-99.0583,178
35.8542,-97.9544,200
43.2828,-123.3536,150
36.4119,-97.6939,183
39.3925,-101.0689,150
34.1925,-86.7972,211
39.8058,-90.8236,122
34.8219,-89.4347,156
36.8314,-99.6411,206
34.3997,-98.3458,194
30.5497,-84.5836,261
39.7194,-76.8028,111
39.4708,-87.4081,150
42.1397,-87.7853,78
35.2050,-99.8033,189
35.8989,-98.9603,189
29.6211,-96.3661,261
38.5350,-121.7761,267
36.9869,-99.0108,211
36.2633,-98.4975,211
41.8161,-80.4250,94
34.4744,-91.4172,194
36.3842,-98.1114,183
45.5900,-95.8744,111
35.5083,-98.7750,183
36.0147,-85.1314,133
31.8769,-105.2369,283
33.8936,-97.2692,189
41.4439,-86.9294,78
35.5483,-98.0364,178
36.0286,-99.3464,189
31.2353,-88.9186,272
36.7081,-98.7094,194
31.0383,-85.8708,311
34.8494,-97.0031,183
35.8819,-83.9572,222
35.6214,-88.8456,200
34.5658,-96.9503,189
31.3625,-85.3397,322
34.4397,-99.1375,206
33.2422,-103.3611,206
40.9361,-90.7197,150
35.8489,-97.4797,183
39.4833,-83.8500,128
34.8358,-99.4239,189
35.1489,-98.4658,178
34.6892,-86.8819,194
36.2872,-88.2958,194
36.7925,-97.7458,189
38.7386,-87.4878,156
33.9208,-96.3203,200
31.3706,-100.4942,228
35.8417,-98.5261,189
38.4931,-88.9703,161
35.2358,-97.4647,172
36.3558,-97.1531,172
34.1647,-88.7239,183
34.8083,-98.0233,172
34.2281,-97.2014,178
40.1100,-87.9567,83
42.0208,-93.7742,83
33.7092,-93.5564,222
44.8831,-85.6753,56
36.1056,-82.8436,167
36.1167,-97.6067,194
36.3925,-89.0317,200
40.7833,-81.9167,78
34.7986,-96.6692,178
33.8103,-91.2778,200
34.0356,-96.9433,189
45.4825,-120.7236,183
47.0575,-109.9514,172
32.4714,-87.2314,233
34.7292,-98.5694,178
34.7392,-90.7664,156
36.8981,-96.9103,183
34.7675,-106.7611,261
36.0719,-99.9031,189
30.5467,-87.8808,256
35.2006,-103.6867,233
34.1922,-97.0858,183
35.5461,-99.7278,172
36.6897,-108.3086,211
38.9422,-92.3200,178
40.0739,-87.5067,133
40.4750,-86.9919,56
45.6750,-111.1550,122
35.3647,-96.9481,172
36.1903,-99.0403,194
36.1208,-97.0953,178
34.2392,-98.7444,206
36.5994,-89.9894,133
34.1864,-90.5572,233
34.7281,-90.3683,211
40.8142,-85.1547,72
34.3325,-96.6789,178
34.9678,-97.9519,178
34.1678,-97.9883,206
35.2722,-97.9553,172
35.1228,-99.3600,183
36.1472,-97.2858,206
44.0708,-93.5264,111
35.6872,-90.0964,206
34.5872,-99.3381,206
32.8472,-97.4761,261
35.1131,-89.2122,228
41.6661,-111.8914,156
63.9647,-145.1050,-11
35.1714,-96.6311,183
40.4719,-74.4364,167
35.0708,-96.3561,172
35.9986,-97.0481,189
35.5419,-97.3414,189
44.2394,-95.3153,106
63.9033,-152.2817,0
44.9847,-93.1772,106
34.3086,-95.9969,200
34.9819,-97.5208,172
36.7256,-99.1422,178
35.4139,-86.8086,156
34.7156,-97.2292,178
35.0322,-97.9144,183
36.3444,-88.8636,194
35.1867,-102.0797,211
36.0908,-106.0567,139
40.7928,-87.7556,78
35.6528,-96.8042,167
37.3822,-102.2986,122
34.1936,-97.5881,183
35.1297,-89.8036,217
34.6089,-96.3331,183
36.7481,-98.3628,233
35.4842,-98.4814,189
35.9328,-88.7267,206
34.5289,-97.7647,189
36.4231,-99.4167,200
32.4219,-93.6381,222
32.8986,-80.0403,239
34.9897,-99.0528,178
30.7342,-85.0306,250
34.6856,-99.8333,194
44.6342,-123.1900,178
41.1453,-85.4897,100
41.0267,-86.5867,111
35.5914,-99.2706,183
