42.3997,-89.9903,116
34.1206,-115.8500,98
35.0761,-89.7430,80
41.7392,-77.9711,107
38.6644,-94.8900,85
41.0103,-103.8769,148
61.5889,-149.0992,22
40.8600,-102.8031,156
40.8250,-92.8925,36
35.1375,-77.9892,130
48.9981,-110.2158,80
47.8306,-110.6608,80
40.1100,-87.9567,170
46.2314,-112.1136,85
47.0111,-109.2261,36
34.2183,-116.4072,103
42.2947,-83.7108,143
45.0961,-112.0856,134
44.4933,-68.4583,130
30.5347,-94.4456,36
35.5953,-82.5567,152
45.6656,-97.0392,80
48.4628,-108.7792,18
40.5764,-105.0858,76
34.7994,-109.8850,152
39.8814,-77.3506,192
61.2967,-149.4400,58
37.1317,-86.1481,107
38.5039,-95.7036,67
47.0083,-88.4317,112
40.9656,-105.2186,107
61.1025,-149.7169,58
39.7750,-105.1169,165
39.0733,-93.7075,98
41.8161,-80.4250,112
47.2753,-88.4169,63
48.0750,-111.2597,36
39.4206,-79.0050,206
39.7194,-76.8028,148
34.6242,-106.3103,125
45.4525,-99.3358,89
40.6558,-97.2208,85
