34.6736,-86.0536,1
40.8289,-115.7886,1
45.5464,-100.4078,1
42.8975,-106.4636,1
39.1342,-108.5400,1
37.3711,-118.3581,1
33.2208,-92.8142,1
32.8342,-115.5786,1
26.2281,-97.6542,1
28.6078,-96.6417,1
36.7386,-103.9936,1
42.0647,-104.1528,1
32.8978,-97.0189,1
38.7956,-105.2003,1
35.2983,-86.3631,1
34.6522,-101.4969,1
33.6267,-100.3369,1
27.6531,-80.2428,1
36.0606,-102.5211,1
27.4014,-82.5586,1
33.8203,-93.3878,1
39.9367,-120.9475,1
30.5372,-91.1469,1
39.5683,-119.7956,1
34.5011,-97.9592,1
25.9989,-80.2411,1
42.0933,-111.8825,1
32.1808,-94.7964,1
33.8083,-100.2981,1
39.7750,-105.1169,1
39.1019,-121.5678,1
34.7272,-92.2389,1
30.4603,-90.4497,1
26.9172,-81.9914,1
42.7392,-78.5878,1
33.8094,-100.5169,1
38.2119,-119.0142,1
37.5442,-79.4031,1
40.1581,-75.8861,1
43.9658,-107.9508,1
34.0067,-100.2989,1
26.2500,-80.1083,1
34.5475,-101.7614,1
34.0044,-100.8250,1
39.8958,-105.3847,1
41.9064,-111.8100,1
36.2994,-103.7408,1
26.1839,-98.2539,1
34.1892,-101.7022,1
39.5703,-104.8489,1
29.6919,-82.2756,1
37.0347,-96.4631,1
39.0981,-79.4322,1
38.6956,-121.5897,1
29.7333,-85.0333,1
33.4825,-90.9853,1
40.5711,-75.2781,1
39.3983,-77.7211,1
33.4536,-94.0075,1
32.8519,-96.8556,1
41.1519,-104.8061,1
33.9850,-101.3339,1
34.4722,-101.3006,1
26.1658,-97.3458,1
32.7100,-96.2672,1
32.8192,-97.3614,1
34.1981,-101.7461,1
34.1469,-93.8936,1
32.7056,-94.7889,1
32.7817,-98.0603,1
37.6694,-79.2775,1
41.2731,-111.0306,1
40.5100,-101.6200,1
43.4117,-104.9614,1
34.2319,-100.9561,1
32.2622,-107.7206,1
34.3956,-100.8972,1
44.0511,-101.6011,1
34.7844,-93.9786,1
45.7881,-111.1608,1
31.4583,-109.6061,1
32.8339,-97.2975,1
37.5811,-106.1869,1
39.1894,-103.7158,1
39.9919,-105.2667,1
26.6847,-80.0994,1
33.6361,-91.7556,1
28.1011,-80.6439,1
34.6886,-92.4500,1
42.8153,-108.7261,1
37.9483,-83.4825,1
38.0494,-103.5122,1
43.0308,-108.3742,1
43.2278,-110.4358,1
24.5550,-81.7522,1
39.7633,-104.8694,1
46.3253,-108.7403,1
45.4558,-98.4131,1
41.1014,-102.9847,1
40.1667,-103.2167,1
38.6867,-105.3925,1
38.0583,-83.9333,1
44.0433,-103.0536,1
40.0503,-101.5325,1
27.7628,-82.6261,1
38.7667,-104.3000,1
39.3831,-74.8289,1
28.8208,-81.8097,1
34.8892,-98.3592,1
27.9619,-82.5403,1
33.2061,-97.1989,1
41.5944,-109.0528,1
43.0661,-108.4767,1
34.9883,-117.8647,1
34.6100,-97.4222,1
41.1214,-100.6694,1
32.5400,-95.3761,1
35.3500,-98.6742,1
34.8536,-116.7858,1
35.3553,-96.9203,1
33.6186,-114.7142,1
42.7972,-105.3856,1
41.0103,-103.8769,1
41.4581,-100.5986,1
25.9069,-80.2803,1
38.2900,-104.4983,1
42.6325,-72.1233,1
28.4339,-81.3250,1
35.1639,-97.8847,1
30.7406,-98.2353,1
40.9386,-117.7514,1
33.3064,-92.4833,1
35.5050,-96.9772,1
32.9733,-97.3181,1
40.2064,-100.5914,1
35.1808,-97.4378,1
33.0597,-92.1236,1
34.7261,-100.5372,1
33.4964,-90.0867,1
47.9361,-110.5022,1
25.9156,-97.4186,1
38.0700,-102.6881,1
37.6183,-79.4358,1
42.5844,-110.1075,1
41.8250,-111.3208,1
28.5453,-81.3331,1
40.5756,-105.0236,1
42.8375,-103.0953,1
40.4422,-109.5144,1
34.6008,-93.7667,1
33.1803,-96.5903,1
43.0206,-102.5183,1
44.0728,-103.2108,1
41.1522,-104.8056,1
32.5156,-92.0406,1
39.0200,-119.7089,1
36.5764,-92.6767,1
29.8833,-97.9494,1
32.7275,-95.1925,1
