32.6500,-114.6167,1
35.2372,-120.6414,1
40.9781,-124.1086,1
36.0394,-95.9844,1
44.1278,-123.2206,1
30.0675,-95.5561,1
34.0511,-118.2353,1
35.3889,-97.6006,1
36.3189,-119.6289,1
42.9486,-78.7369,1
37.9917,-122.0550,1
44.3853,-74.2067,1
47.5303,-122.3008,1
38.5050,-107.8975,1
46.1569,-123.8825,1
44.5483,-95.0803,1
29.7036,-98.0281,1
40.0489,-107.8853,1
41.5944,-109.0528,1
32.9733,-97.3181,1
27.5333,-99.4667,1
38.6956,-121.5897,1
48.0944,-105.5744,1
33.9519,-117.4386,1
41.4333,-99.6333,1
42.1128,-92.9175,1
32.8519,-96.8556,1
31.9433,-102.1889,1
40.8289,-115.7886,1
21.3167,-158.0667,1
30.9119,-102.9167,1
40.7833,-91.1253,1
45.9647,-112.5006,1
26.1839,-98.2539,1
38.3306,-96.1897,1
36.6636,-121.6081,1
43.1544,-93.3269,1
26.2281,-97.6542,1
29.3783,-100.9269,1
32.6808,-96.8681,1
32.7100,-96.2672,1
38.0494,-103.5122,1
36.9358,-121.7886,1
30.7406,-98.2353,1
15.1167,145.7167,1
36.5881,-121.8453,1
43.1561,-90.6775,1
43.1111,-76.1039,1
34.7436,-118.7242,1
34.8994,-120.4486,1
43.3906,-99.8422,1
39.0083,-95.2117,1
38.8317,-94.8897,1
44.9050,-123.0011,1
29.6919,-82.2756,1
26.1658,-97.3458,1
39.1342,-108.5400,1
32.1314,-110.9553,1
26.1969,-80.1708,1
30.2050,-91.9875,1
42.3914,-96.3792,1
45.8069,-108.5422,1
41.7803,-124.2367,1
31.2361,-94.7544,1
38.2103,-122.2847,1
33.9753,-117.6361,1
32.0311,-96.3989,1
41.1783,-78.8989,1
28.4567,-99.2183,1
34.6081,-79.0592,1
25.9156,-97.4186,1
29.5442,-98.4839,1
32.4506,-93.8411,1
41.9381,-72.6825,1
43.9042,-92.4917,1
44.2033,-72.5794,1
32.8192,-97.3614,1
21.9839,-159.3405,1
31.9206,-102.3867,1
25.6475,-80.4331,1
42.1997,-75.9850,1
27.7411,-98.0247,1
35.8517,-97.4142,1
29.3600,-99.1742,1
33.2061,-97.1989,1
33.9481,-83.3275,1
32.8667,-117.1333,1
28.0836,-97.0464,1
39.2972,-94.7306,1
38.5069,-121.4950,1
45.2575,-112.5545,1
41.8031,-78.6403,1
