36.3200,-115.7000,300
36.7200,-106.2600,225
43.8000,-114.8500,360
43.7600,-116.1000,79
35.7700,-105.7800,341
36.5100,-106.3200,8
40.3000,-111.2600,262
43.7600,-115.2400,153
39.1900,-120.2600,257
39.3600,-106.0600,13
36.2500,-115.6300,205
39.2900,-117.1100,229
36.8600,-106.2300,16
46.2400,-117.3900,181
44.2100,-110.6700,270
44.7900,-116.0900,194
38.4000,-119.5400,189
35.9200,-106.3900,299
48.7200,-116.4600,274
41.4000,-107.2600,172
36.1900,-105.5600,57
40.8300,-111.7600,101
36.0300,-106.8100,48
36.0700,-105.6300,246
36.9600,-106.6600,161
35.3400,-111.6500,291
36.7900,-105.2400,267
39.4300,-120.3100,282
36.0000,-106.8300,282
40.5300,-106.7800,62
36.3100,-115.6800,180
39.8000,-106.0300,293
36.9900,-105.2600,149
44.3800,-116.3400,176
39.3100,-111.4300,276
35.7800,-105.5400,227
