32.5667,-117.1167,270
40.2342,-85.3936,110
30.0494,-90.0289,80
43.9906,-70.9475,120
45.6194,-121.1661,290
35.2333,-101.7089,220
34.2622,-88.7714,110
32.3367,-90.2214,110
32.6500,-114.6167,220
37.1431,-107.7597,280
37.4389,-105.8614,360
30.0481,-102.2131,80
34.2675,-77.8997,40
45.2486,-122.7686,230
46.7708,-100.7603,320
34.2008,-119.2069,260
28.8208,-81.8097,50
43.0661,-108.4767,320
60.7850,-161.8292,330
64.7767,-141.1483,50
41.6117,-90.5808,190
37.2253,-89.5706,90
38.8169,-92.2183,210
27.4981,-80.3767,40
40.4122,-86.9369,170
38.9286,-90.4281,180
34.8822,-95.7831,210
35.0169,-80.6206,30
38.3000,-76.4167,40
36.2117,-115.1958,140
41.3461,-82.1794,240
40.9781,-124.1086,320
46.7994,-102.7972,260
37.7461,-97.2211,190
41.7806,-122.4717,10
33.0375,-116.9158,260
42.8153,-108.7261,260
34.9883,-117.8647,240
32.5722,-116.9794,280
36.0097,-94.1694,180
42.5950,-87.9381,210
39.6014,-116.0056,350
47.2856,-68.3133,250
34.1750,-91.9347,80
43.0206,-102.5183,20
39.7333,-77.4333,350
44.4683,-73.1500,200
41.8833,-91.7167,300
39.8233,-93.5792,200
43.5164,-112.0672,210
36.0394,-95.9844,140
29.7333,-85.0333,90
43.9922,-76.0217,270
41.6764,-70.9583,200
44.1278,-123.2206,350
42.2333,-83.5333,220
31.3214,-85.4497,100
38.3794,-81.5900,150
46.9208,-114.0925,280
36.7414,-104.5022,190
41.2531,-70.0608,210
44.2558,-121.1392,290
41.5272,-85.7922,160
31.3558,-85.7511,60
44.3592,-89.8369,320
37.3278,-95.5042,160
41.6264,-80.2150,210
60.1283,-149.4167,170
43.9658,-107.9508,40
42.2667,-84.4667,220
35.1442,-111.6664,220
61.2169,-149.8550,10
40.0397,-88.2778,180
64.5500,-149.0717,320
26.2500,-80.1083,80
36.9839,-77.0075,20
48.4608,-119.5167,160
40.0681,-118.5692,40
38.8761,-98.8092,200
30.0675,-95.5561,220
44.3394,-105.5419,220
41.0089,-74.7367,210
34.0511,-118.2353,270
37.9272,-100.7247,260
39.3792,-74.4242,110
26.5361,-81.7550,120
39.8447,-89.6839,210
37.2839,-98.5528,200
39.5703,-104.8489,100
64.3267,-158.7417,40
40.4847,-80.2144,210
30.5892,-96.3647,160
44.7694,-106.9689,30
44.0511,-101.6011,310
40.7789,-73.9692,180
44.5344,-72.6144,310
34.9894,-99.0525,230
35.3889,-97.6006,150
35.4344,-119.0542,290
33.9786,-98.4928,220
39.0725,-95.6261,160
36.3189,-119.6289,320
40.6825,-74.1694,140
40.0803,-95.5919,170
27.7839,-97.5108,130
41.9097,-70.7294,210
46.7439,-117.1086,240
42.9486,-78.7369,240
37.9917,-122.0550,330
42.6958,-73.1708,20
29.3389,-98.4719,130
42.6425,-77.0564,210
42.7431,-73.8092,170
42.0647,-104.1528,160
28.4339,-81.3250,20
44.3814,-100.2856,320
41.1519,-104.8061,270
44.3853,-74.2067,210
33.6267,-116.1594,130
37.6542,-122.1150,300
40.4422,-109.5144,210
34.0500,-94.4008,200
41.6686,-70.2800,200
38.3650,-82.5550,220
33.6228,-111.9106,250
41.1583,-73.1289,200
33.6361,-91.7556,280
59.7494,-154.9089,170
39.4519,-87.3089,240
36.7800,-119.7194,290
37.0911,-95.5664,150
30.0375,-91.8839,80
42.9550,-87.9044,200
42.1469,-121.7242,340
32.3542,-95.4025,140
39.9369,-91.1919,220
41.4525,-87.0058,200
37.7214,-122.2208,290
42.9667,-83.7494,230
37.2833,-102.6139,310
45.7728,-122.8611,140
40.8764,-74.2831,170
34.6517,-112.4208,310
36.0969,-79.9433,100
33.8117,-78.7239,100
33.1783,-86.7817,50
37.5050,-77.3203,70
45.0717,-83.5644,190
45.6689,-96.9914,330
38.9408,-77.4636,120
42.8939,-85.5447,120
42.5519,-71.7558,230
32.5428,-93.7450,150
41.2639,-72.8872,180
34.2006,-118.3575,150
58.6794,-156.6294,290
62.3200,-150.0950,190
47.5303,-122.3008,150
38.5050,-107.8975,290
45.4558,-98.4131,320
45.5511,-122.4089,90
42.1094,-77.9919,320
41.6328,-91.5431,170
33.2119,-87.6161,30
46.9253,-96.8111,330
46.1569,-123.8825,80
34.9869,-81.0575,20
40.8436,-72.6322,170
41.0731,-71.9233,160
41.3375,-84.4289,230
39.3669,-101.7000,30
36.3333,-119.9500,340
39.9444,-81.8922,200
33.4050,-118.4158,240
34.6294,-118.0836,270
34.4272,-100.2831,180
31.4208,-110.8458,160
37.3031,-108.6275,280
39.2292,-106.3169,360
44.5483,-95.0803,280
29.7036,-98.0281,150
33.8750,-84.3022,100
40.8217,-72.8689,220
42.5544,-92.4011,160
36.1189,-86.6892,180
32.6847,-83.6528,60
42.4092,-83.0100,210
36.6239,-87.4194,70
48.5428,-109.7633,280
32.2622,-107.7206,290
40.8203,-82.5178,130
31.3711,-100.4922,140
35.6169,-106.0889,240
30.3208,-97.7603,150
40.0489,-107.8853,220
41.5944,-109.0528,280
35.5931,-88.9167,160
42.7611,-87.8136,250
41.5631,-83.4764,230
47.4444,-122.3139,130
46.0947,-118.2869,310
39.3450,-81.4392,170
32.3500,-91.0278,100
32.9733,-97.3181,110
27.5333,-99.4667,160
30.7797,-86.5225,30
38.6956,-121.5897,290
48.0944,-105.5744,240
33.9519,-117.4386,280
48.2553,-101.2733,200
41.4333,-99.6333,350
38.8000,-97.6500,200
71.2833,-156.7814,70
31.3347,-92.5586,20
29.6381,-95.2819,170
45.0133,-84.7014,230
42.7461,-86.0967,200
40.1519,-122.2536,360
33.5656,-86.7450,70
27.9106,-82.6875,30
42.1128,-92.9175,310
37.3711,-118.3581,150
30.4781,-87.1869,150
29.1097,-95.4619,180
40.1203,-76.2944,130
43.4075,-94.7461,220
44.6381,-90.1875,300
30.6794,-88.2397,110
32.7667,-97.4500,150
38.4167,-113.0167,200
46.4167,-86.6500,190
33.9381,-118.3889,260
47.9078,-122.2803,130
40.7794,-73.8803,150
32.7336,-117.1831,320
38.7642,-87.6056,240
45.8183,-88.1144,190
66.9161,-151.5089,340
37.7086,-113.0944,200
40.2064,-100.5914,340
46.4267,-105.8825,260
35.8922,-78.7819,80
36.0167,-102.5500,190
38.1811,-85.7392,150
26.0719,-80.1536,90
40.6331,-93.9019,190
33.6800,-117.8664,220
41.5333,-71.2833,170
28.4736,-82.4544,100
17.7028,-64.8056,100
48.5222,-123.0231,10
40.6161,-83.0636,200
38.8853,-79.8528,20
39.4019,-77.9844,140
42.4167,-87.8667,210
70.6392,-159.9950,340
29.1828,-81.0483,60
43.1406,-89.3453,180
37.2958,-81.2078,160
32.3336,-104.2581,230
25.7906,-80.3164,140
26.9172,-81.9914,170
32.8342,-115.5786,120
31.9514,-85.1289,70
34.7442,-87.5997,120
33.4669,-82.0386,60
39.1667,-76.6833,110
35.9333,-79.0642,40
45.1947,-123.1339,310
18.3331,-64.9667,140
41.8678,-84.0794,220
44.3675,-71.5450,280
41.1078,-92.4467,180
36.1625,-97.0894,170
47.9375,-124.5550,30
41.1214,-100.6694,350
24.5550,-81.7522,130
43.7700,-88.4864,210
46.0261,-91.4442,200
28.8614,-96.9303,150
45.5433,-94.0514,180
41.5175,-81.6836,150
40.4719,-81.4236,270
24.5833,-81.6833,200
40.6508,-75.4492,140
41.5092,-74.2650,180
32.8519,-96.8556,180
36.8167,-76.0333,50
18.2550,-65.6408,100
38.8100,-104.6883,140
34.1853,-79.7239,50
41.2433,-76.9217,190
25.9069,-80.2803,10
47.0492,-109.4578,270
36.7683,-96.0261,150
31.4156,-87.0442,100
42.3075,-85.2511,190
43.5331,-84.0797,230
36.9878,-120.1106,330
41.1389,-75.3794,300
38.7550,-109.7542,210
40.2383,-75.5572,150
35.5144,-108.7939,280
33.9706,-80.9958,130
34.2167,-119.0833,250
48.2138,-106.6213,240
48.1203,-123.4983,100
35.2236,-80.9553,60
26.1522,-81.7753,260
44.5169,-108.0822,300
38.6572,-90.6558,230
47.9742,-117.4283,200
39.3756,-99.8297,360
38.8983,-119.9947,20
31.9433,-102.1889,180
34.2900,-93.0600,140
32.8167,-115.6833,160
28.0622,-81.7542,30
44.8428,-117.8086,310
39.7556,-82.6572,180
30.4000,-81.4167,360
35.2578,-93.0947,100
18.4325,-66.0108,60
34.6439,-86.7861,100
31.6072,-110.4281,110
37.2622,-104.3378,280
40.2769,-74.8158,180
42.0800,-80.1825,180
63.9944,-145.7214,90
47.3258,-106.9475,310
46.5486,-90.9189,300
55.5800,-133.0750,170
46.8706,-68.0172,240
32.8158,-117.1394,300
47.4933,-122.2144,120
30.1831,-97.6800,190
35.1822,-103.6031,160
40.8289,-115.7886,280
33.3644,-81.9633,50
39.4781,-88.2803,140
21.3167,-158.0667,150
43.3500,-73.6167,150
59.4556,-135.3239,200
30.9119,-102.9167,130
39.1258,-123.2008,310
37.7064,-112.1456,210
44.9047,-97.1494,320
45.5464,-100.4078,330
40.1667,-103.2167,340
43.1711,-86.2367,190
33.7792,-84.5214,70
60.7850,-148.8389,80
31.8606,-86.0122,20
45.0319,-102.0192,290
31.6189,-97.2283,180
35.5342,-97.6469,160
43.8789,-91.2528,170
13.4836,144.7961,210
47.2675,-122.5761,170
34.8831,-82.2203,50
44.3981,-98.2231,320
31.8311,-104.8089,100
47.6831,-117.3214,230
47.3078,-119.5153,200
39.1333,-86.6167,180
35.8550,-77.8931,360
40.7833,-91.1253,190
35.0028,-105.6628,300
39.9181,-76.8742,150
67.7317,-164.5483,10
39.6428,-79.9164,150
30.6264,-88.0681,140
40.5175,-122.2986,360
36.6206,-116.0278,200
30.3975,-84.3289,80
42.8375,-103.0953,300
28.7247,-96.2536,170
46.0139,-102.6547,270
45.9647,-112.5006,230
38.3083,-75.1239,80
42.8914,-73.2469,320
38.0442,-87.5206,210
19.7192,-155.0531,30
30.5069,-86.9597,190
39.7075,-86.2803,180
37.1319,-76.4930,80
39.6728,-75.6008,160
26.1839,-98.2539,130
44.7408,-85.5825,210
41.7361,-72.6506,160
38.3306,-96.1897,210
22.0333,-159.7833,160
48.6033,-112.3753,240
43.4133,-124.2436,360
36.2967,-99.7689,180
34.2719,-83.8303,70
41.8706,-103.5931,280
43.8339,-111.8045,220
39.8344,-88.8656,110
39.8328,-104.6575,140
42.2706,-71.8731,270
37.6928,-121.8144,250
42.1928,-89.0931,220
37.0683,-88.7719,120
39.5936,-84.2264,190
44.0433,-103.0536,330
41.2003,-74.6231,210
33.4964,-90.0867,70
41.4131,-81.8600,340
37.1467,-94.5022,170
32.6261,-116.4681,220
36.1994,-95.8872,140
39.1033,-84.4189,140
57.1553,-170.2222,140
40.6675,-89.6839,220
46.8369,-92.2097,220
40.1764,-80.6472,210
30.7044,-87.0231,130
37.6544,-97.4425,180
37.7081,-77.4344,70
32.7817,-98.0603,90
39.4900,-121.6183,180
46.9258,-98.6692,310
31.5358,-82.5067,100
34.9000,-76.8833,60
42.8050,-72.0036,270
41.7219,-71.4325,160
35.0564,-89.9864,120
35.3331,-94.3625,180
41.3931,-70.6150,210
44.4983,-88.1111,300
36.6636,-121.6081,260
39.3667,-75.0667,210
55.0389,-131.5786,130
37.0872,-84.0769,110
34.0158,-118.4514,220
29.9506,-94.0206,190
31.3928,-92.2956,130
41.5097,-72.8278,180
42.5906,-117.8644,250
32.4833,-80.7167,20
41.6875,-69.9933,210
27.6531,-80.2428,130
43.1544,-93.3269,270
37.6242,-120.9506,310
34.7000,-77.3833,10
38.1386,-78.4530,50
41.9950,-87.9336,190
26.2281,-97.6542,160
29.3783,-100.9269,150
35.9403,-89.8308,140
33.8117,-118.1464,320
34.4978,-82.7097,60
39.5781,-85.8033,290
46.1442,-115.5964,340
40.5100,-101.6200,340
70.1917,-148.4772,20
44.1708,-114.9272,250
41.3119,-105.6747,250
43.2781,-70.9222,170
42.4819,-114.4869,180
30.3489,-85.7881,30
59.4433,-151.7017,30
32.5156,-92.0406,160
33.2367,-107.2681,320
32.6808,-96.8681,80
30.3433,-89.8222,80
37.7608,-99.9683,200
42.7803,-84.5789,230
40.6239,-74.6694,80
31.8456,-86.6108,120
32.7100,-96.2672,130
42.5417,-113.7661,220
35.0678,-77.0481,10
38.0494,-103.5122,280
30.8356,-85.1839,10
44.0206,-117.0128,100
38.2900,-104.4983,280
55.3567,-131.7117,120
59.2433,-135.5094,270
41.0375,-81.4642,240
29.9933,-90.2511,80
36.9358,-121.7886,260
39.3644,-84.5247,100
38.5911,-92.1558,210
47.0339,-120.5303,300
45.8258,-119.2611,280
47.4667,-87.8833,230
30.7406,-98.2353,160
31.4583,-109.6061,140
36.7436,-108.2292,200
48.7939,-122.5372,190
38.9597,-94.3714,230
39.5514,-97.6508,180
34.3622,-98.9761,150
39.2231,-106.8683,310
15.1167,145.7167,170
47.2078,-119.3192,20
40.8097,-124.1603,10
41.6236,-98.9517,340
39.8683,-75.2311,220
38.2281,-85.6636,120
41.1014,-102.9847,360
46.1236,-67.7928,240
40.7083,-84.0267,250
40.8500,-74.0614,120
38.5000,-77.3000,70
34.8536,-116.7858,270
32.8978,-97.0189,130
39.1894,-103.7158,140
36.6950,-76.1356,320
33.1281,-117.2794,250
31.1500,-92.9667,340
29.6333,-83.1053,110
42.9203,-112.5711,210
43.7694,-87.8506,210
43.6497,-70.3003,170
36.5881,-121.8453,320
30.5108,-99.7664,190
31.1828,-90.4708,160
41.7781,-80.6958,340
32.5500,-88.5667,100
34.5467,-93.5781,290
37.6703,-95.4842,190
35.9508,-85.0814,360
35.2578,-113.9331,240
45.6478,-68.6925,300
34.7336,-76.6606,70
28.5453,-81.3331,10
43.1561,-90.6775,230
26.5850,-81.8614,90
41.7419,-72.1836,180
56.6000,-169.5650,150
38.7667,-104.3000,180
41.9922,-93.6217,320
43.1111,-76.1039,200
35.7425,-81.3819,20
34.7436,-118.7242,210
33.3075,-104.5083,280
34.8994,-120.4486,310
42.6003,-123.3642,340
33.8281,-116.5053,320
48.7167,-94.6000,260
41.5339,-93.6531,360
42.3811,-122.8722,360
40.4953,-107.5211,270
47.4733,-111.3822,240
39.4839,-119.7711,20
46.9733,-122.9033,220
38.5714,-90.1572,190
47.3864,-92.8389,310
45.8678,-95.3942,330
42.2228,-83.7444,250
42.1244,-86.4267,250
37.3208,-79.2067,80
41.9856,-97.4353,180
39.2775,-120.7103,290
46.5683,-120.5428,150
43.9636,-69.7117,210
35.6575,-109.0614,170
43.3906,-99.8422,300
35.1350,-90.2344,150
35.4319,-82.5375,120
30.7439,-95.5861,180
39.0083,-95.2117,150
34.7675,-114.6189,200
39.8250,-86.2958,220
44.6500,-73.4667,140
55.2208,-162.7325,280
34.2097,-118.4892,170
41.4914,-120.5644,360
30.3567,-95.4139,210
33.4617,-80.8581,40
44.8831,-93.2289,150
47.9428,-97.1839,300
38.8317,-94.8897,150
38.8483,-77.0342,100
31.2819,-89.2531,20
43.6264,-72.3047,200
34.6719,-82.8864,80
44.9050,-123.0011,170
32.5161,-84.9422,90
41.3714,-73.4828,160
36.9647,-86.4239,270
58.3567,-134.5639,110
29.6919,-82.2756,130
39.1208,-94.5969,170
26.1658,-97.3458,140
38.0408,-84.6058,50
36.9261,-111.4478,170
29.2733,-94.8592,180
39.5264,-107.7264,270
35.8311,-90.6464,110
41.9144,-88.2464,250
41.8756,-71.0211,200
46.4047,-94.1308,270
42.3978,-90.7036,200
27.4014,-82.5586,20
37.5908,-83.3131,290
35.2100,-99.1200,200
33.4825,-90.9853,110
35.6567,-95.3614,140
44.8322,-93.4706,190
34.9914,-78.8803,120
35.2325,-75.6219,120
45.5644,-84.7928,210
61.1689,-150.0278,110
47.7472,-90.3444,350
29.9800,-95.3600,170
34.7272,-92.2389,100
42.6650,-83.4181,220
36.2833,-94.3000,180
39.1342,-108.5400,240
33.5872,-85.8556,70
30.4844,-81.7019,50
38.1847,-84.9033,150
43.2119,-90.1814,190
40.9017,-117.8081,270
33.8719,-117.9789,220
47.1686,-88.4889,260
40.0819,-75.0111,140
41.5886,-83.8014,270
43.3497,-76.3847,210
40.8731,-81.8867,230
39.0431,-84.6717,150
25.9989,-80.2411,350
36.7367,-97.1019,150
39.4203,-83.8217,180
41.8056,-107.1997,230
38.0511,-117.0903,210
43.1167,-77.6767,210
34.7917,-79.3661,90
42.8975,-106.4636,220
48.5614,-93.3981,270
32.1314,-110.9553,200
26.1969,-80.1708,100
36.6817,-101.5053,200
34.8461,-82.3461,40
45.6983,-110.4408,220
36.0236,-84.2375,130
41.7072,-86.3164,200
44.5761,-71.1786,240
30.7825,-83.2767,40
27.7628,-82.6261,20
33.6542,-101.8136,180
37.1681,-97.0369,170
43.1953,-71.5011,320
30.2050,-91.9875,110
26.6847,-80.0994,100
30.5372,-91.1469,60
43.1644,-95.2017,210
62.9614,-141.9292,170
42.3914,-96.3792,350
57.0481,-135.3647,180
42.9333,-71.4383,200
46.3583,-104.2500,270
45.8069,-108.5422,270
39.9492,-74.8417,180
41.7803,-124.2367,340
33.4536,-94.0075,150
47.6458,-101.4394,280
45.6044,-103.5464,320
42.5700,-72.2911,190
60.4889,-145.4511,220
35.0281,-110.7208,300
20.8997,-156.4286,40
45.4622,-69.5953,350
40.9706,-85.2064,220
32.6636,-97.0939,110
33.9486,-81.1186,80
31.2361,-94.7544,110
42.4933,-79.2722,190
40.0781,-83.0781,160
40.1936,-76.7633,140
44.3592,-84.6739,230
62.1592,-145.4589,40
66.8667,-162.6333,240
36.2667,-93.1567,150
57.7511,-152.4856,220
32.3347,-88.7442,60
42.5844,-110.1075,280
60.5797,-151.2392,210
46.2667,-119.1167,240
39.4167,-118.7167,360
42.4700,-71.2894,190
38.2103,-122.2847,200
33.9753,-117.6361,240
44.5228,-114.2150,270
37.4058,-122.0481,350
32.0311,-96.3989,210
40.6386,-73.7622,170
39.1353,-96.6778,210
62.9575,-155.6103,300
33.3633,-84.5658,50
41.6267,-73.8842,240
31.3089,-86.3939,100
35.6875,-117.6931,160
34.5183,-109.3792,40
41.1783,-78.8989,280
46.6056,-111.9636,270
37.3169,-79.9742,120
42.0572,-102.8000,350
45.5406,-122.9486,60
38.6892,-75.3592,30
32.4106,-99.6822,120
46.5311,-87.5483,270
28.4567,-99.2183,130
40.0972,-92.5433,170
41.3103,-95.8992,190
42.1208,-87.9047,190
38.9833,-76.4667,50
47.4569,-115.6450,270
34.6081,-79.0592,40
25.9156,-97.4186,150
42.8783,-100.5500,310
41.7700,-88.4814,180
38.9503,-95.6639,200
36.2606,-76.1750,80
32.8547,-109.6353,240
27.9619,-82.5403,340
36.9500,-76.2833,50
29.5442,-98.4839,130
32.4506,-93.8411,360
31.5883,-110.3442,100
37.8892,-121.2258,150
41.4653,-90.5233,190
40.7342,-73.4169,190
41.9381,-72.6825,170
36.7725,-90.3247,200
33.1803,-96.5903,160
43.5950,-118.9564,190
59.5119,-139.6711,310
39.7736,-94.9233,190
33.4278,-112.0039,330
45.0619,-93.3508,180
34.7411,-118.2117,240
33.2208,-92.8142,100
32.3206,-90.0778,40
40.8206,-76.8642,100
33.9228,-118.3342,260
36.8781,-91.9025,160
30.1250,-93.2158,160
39.2447,-102.2842,10
34.0561,-117.6003,280
19.7356,-156.0489,130
43.2389,-123.3547,10
29.3331,-89.4075,80
35.6950,-101.3950,320
44.8889,-116.1017,230
42.1594,-76.8919,220
39.1019,-121.5678,180
41.3325,-122.3328,270
31.5356,-84.1944,50
42.7172,-71.1239,190
40.0228,-82.4625,150
44.3814,-106.7211,10
43.9042,-92.4917,240
42.1908,-71.1736,170
44.2033,-72.5794,230
42.7972,-105.3856,250
66.0689,-162.7639,260
41.2731,-111.0306,210
29.5189,-95.2417,170
39.7078,-77.7297,160
45.6308,-89.4653,220
40.9167,-81.4333,270
35.9461,-112.1547,180
38.3406,-75.5103,80
47.6217,-117.5281,210
31.8111,-106.3758,330
41.3275,-72.0494,180
41.0669,-73.7075,220
41.7872,-111.8533,50
21.1544,-157.0961,140
47.2381,-123.1408,210
37.3592,-121.9239,300
38.7525,-90.3736,150
45.5114,-118.4247,320
42.4272,-73.2892,320
38.0700,-102.6881,280
43.9844,-88.5569,310
34.6525,-86.9453,140
32.8192,-97.3614,150
33.2194,-117.3494,250
44.9319,-93.0556,230
40.3161,-78.8339,160
42.2314,-83.3308,210
35.6697,-120.6283,140
41.2544,-80.6739,210
38.1311,-91.7683,200
61.5961,-149.0917,170
38.0653,-97.8606,170
43.5667,-116.2406,140
64.5111,-165.4400,250
30.3361,-81.5147,360
35.0419,-106.6156,230
21.9839,-159.3405,140
41.0467,-78.4117,190
40.6044,-98.4272,180
41.3336,-75.7269,190
42.5708,-77.7133,320
61.1781,-149.9664,40
32.7000,-117.2000,300
37.7836,-81.1231,80
28.1011,-80.6439,60
31.7800,-103.2017,130
31.9206,-102.3867,110
25.6475,-80.4331,350
42.1997,-75.9850,260
39.9914,-82.8808,170
42.1578,-72.7161,180
32.3847,-94.7117,110
36.9033,-76.1922,80
33.6186,-114.7142,180
40.3667,-75.9667,140
47.3978,-120.2014,330
45.7881,-111.1608,280
27.7411,-98.0247,130
35.8517,-97.4142,200
32.1300,-81.2100,30
64.8039,-147.8761,40
40.3547,-79.9217,210
35.1967,-81.1558,30
29.3600,-99.1742,150
36.4486,-103.1539,140
27.5000,-97.8167,120
33.2061,-97.1989,140
43.7331,-103.6114,200
30.7167,-87.0167,120
38.8500,-94.7392,210
41.1961,-112.0114,320
40.3300,-75.1225,160
30.2333,-81.6667,20
41.3497,-71.7989,200
41.7861,-87.7522,170
44.7978,-68.8186,180
40.2172,-76.8514,120
27.6833,-97.2833,130
48.3042,-114.2636,230
33.6300,-84.4417,80
42.5842,-70.9175,170
30.4119,-89.0808,110
43.3436,-72.5178,150
44.0219,-82.7931,260
44.3206,-69.7972,170
36.4731,-82.4044,100
48.3500,-122.6667,100
40.2964,-78.3203,180
38.7042,-93.1833,190
33.9481,-83.3275,80
37.6197,-122.3647,290
70.2117,-151.0017,70
38.3775,-121.9575,210
33.6883,-112.0817,190
30.4000,-86.4717,110
34.5583,-98.4172,130
32.8667,-117.1333,300
36.5728,-79.3361,30
40.8508,-96.7475,120
37.2847,-120.5128,330
38.5039,-122.8103,200
40.9611,-98.3136,170
43.7667,-98.0333,320
31.4000,-93.2833,70
45.6906,-118.8528,350
45.6208,-122.6572,120
37.7797,-89.2497,180
34.3478,-85.1611,130
48.1739,-103.6367,270
43.2339,-75.4117,190
37.9406,-75.4631,40
44.9258,-89.6256,280
39.6092,-110.7547,290
32.8986,-80.0403,110
30.4636,-88.5319,140
42.3606,-71.0106,260
46.4794,-84.3572,260
29.6222,-95.6564,200
39.2956,-80.2289,280
28.0836,-97.0464,140
42.2347,-85.5519,240
35.6542,-105.1419,220
39.2972,-94.7306,210
36.0719,-115.1633,50
45.5908,-122.6003,110
46.9006,-95.0678,340
36.1336,-80.2222,60
28.7797,-81.2436,120
43.1072,-78.9453,220
40.7781,-111.9694,330
41.7636,-96.1778,200
34.1231,-84.8486,40
36.3689,-92.4703,60
38.5069,-121.4950,280
44.8664,-91.4878,200
43.5878,-96.7289,320
24.7258,-81.0517,40
39.2953,-114.8467,210
42.7267,-114.4564,320
39.4494,-74.5672,120
45.2575,-112.5545,200
46.3747,-117.0156,310
39.9061,-84.2186,210
38.1417,-76.4292,40
44.5444,-110.4211,260
34.2486,-82.1592,30
40.7939,-73.1017,160
35.0311,-85.2014,40
41.8031,-78.6403,220
59.6419,-151.4908,200
41.0136,-83.6686,220
46.9728,-123.9303,170
44.9358,-74.8458,240
35.8181,-83.9858,170
31.1522,-81.3908,40
36.0467,-79.4769,80
