36.3200,-115.7000,51
36.7200,-106.2600,43
43.8000,-114.8500,51
43.7600,-116.1000,54
35.7700,-105.7800,20
36.5100,-106.3200,7
40.3000,-111.2600,69
43.7600,-115.2400,39
39.1900,-120.2600,96
39.3600,-106.0600,34
36.2500,-115.6300,68
39.2900,-117.1100,31
36.8600,-106.2300,17
46.2400,-117.3900,69
44.2100,-110.6700,78
44.7900,-116.0900,80
38.4000,-119.5400,55
35.9200,-106.3900,22
48.7200,-116.4600,78
41.4000,-107.2600,44
36.1900,-105.5600,23
40.8300,-111.7600,51
36.0300,-106.8100,27
36.0700,-105.6300,28
36.9600,-106.6600,40
35.3400,-111.6500,37
36.7900,-105.2400,83
41.2300,-105.3800,10
39.4300,-120.3100,26
36.0000,-106.8300,18
40.5300,-106.7800,37
36.3100,-115.6800,42
39.8000,-106.0300,58
36.9900,-105.2600,54
44.3800,-116.3400,53
39.3100,-111.4300,106
35.7800,-105.5400,18
