37.9272,-100.7247,34
38.8761,-98.8092,34
33.6267,-116.1594,18
46.9006,-95.0678,40
55.5800,-133.0750,6
37.2833,-102.6139,42
35.2100,-99.1200,33
37.5050,-77.3203,46
41.8833,-91.7167,44
42.6425,-77.0564,35
38.8100,-104.6883,18
38.9408,-77.4636,41
47.4733,-111.3822,27
32.5156,-92.0406,44
39.1333,-86.6167,44
45.5644,-84.7928,29
36.0097,-94.1694,13
43.6497,-70.3003,51
39.4019,-77.9844,35
36.6239,-87.4194,42
39.3792,-74.4242,46
34.0511,-118.2353,4
29.6919,-82.2756,22
39.9369,-91.1919,48
36.9033,-76.1922,39
27.4981,-80.3767,24
29.3389,-98.4719,19
41.6875,-69.9933,50
39.0083,-95.2117,31
37.2353,-93.4003,40
17.7028,-64.8056,21
30.3208,-97.7603,10
37.6703,-95.4842,39
45.0619,-93.3508,16
45.8678,-95.3942,47
42.8939,-85.5447,53
30.4844,-81.7019,14
60.4889,-145.4511,28
44.0206,-117.0128,8
33.9786,-98.4928,31
44.9258,-89.6256,29
39.3903,-94.5553,63
47.3000,-121.6000,8
59.6419,-151.4908,27
47.3978,-120.2014,23
31.3089,-86.3939,23
35.7425,-81.3819,18
32.3542,-95.4025,26
34.1853,-79.7239,13
26.5361,-81.7550,21
39.7078,-77.7297,47
34.9894,-99.0525,33
47.4444,-122.3139,13
36.8167,-76.0333,34
28.4567,-99.2183,20
22.0333,-159.7833,26
27.5333,-99.4667,21
37.1431,-107.7597,12
39.2231,-106.8683,24
34.7436,-118.7242,52
41.6686,-70.2800,66
46.0947,-118.2869,22
35.0281,-110.7208,26
31.6189,-97.2283,28
43.2339,-75.4117,32
34.3478,-85.1611,25
41.6117,-90.5808,48
42.5844,-110.1075,26
43.5878,-96.7289,41
48.5614,-93.3981,23
34.4272,-100.2831,27
44.3206,-69.7972,68
32.2997,-86.4075,22
41.5097,-72.8278,40
33.4536,-94.0075,23
41.3931,-70.6150,76
38.9833,-76.4667,35
35.3889,-97.6006,40
45.5433,-94.0514,22
33.6800,-117.8664,15
43.1167,-77.6767,70
48.2553,-101.2733,47
48.7167,-94.6000,37
44.0219,-82.7931,111
39.3644,-84.5247,40
42.5842,-70.9175,51
32.5428,-93.7450,20
36.5881,-121.8453,12
39.1258,-123.2008,9
40.4953,-107.5211,21
39.1208,-94.5969,37
33.6883,-112.0817,16
41.4000,-107.2600,8
35.0169,-80.6206,18
33.2208,-92.8142,33
46.9733,-122.9033,6
38.3794,-81.5900,29
44.3592,-84.6739,39
32.6636,-97.0939,26
42.2706,-71.8731,51
35.6950,-101.3950,34
36.0236,-84.2375,5
38.0700,-102.6881,45
40.0781,-83.0781,51
60.1283,-149.4167,64
30.4000,-81.4167,23
47.3078,-119.5153,19
57.0481,-135.3647,36
31.7800,-103.2017,28
41.1583,-73.1289,56
41.2639,-72.8872,49
41.6236,-98.9517,32
44.6381,-90.1875,30
39.1894,-103.7158,30
48.3042,-114.2636,7
32.8158,-117.1394,15
32.8342,-115.5786,21
36.3689,-92.4703,12
41.0669,-73.7075,57
40.4719,-81.4236,36
28.8614,-96.9303,27
38.8169,-92.2183,43
27.7839,-97.5108,33
37.6197,-122.3647,20
28.5453,-81.3331,38
42.2333,-83.5333,64
47.9375,-124.5550,15
43.1561,-90.6775,15
64.5500,-149.0717,38
43.4133,-124.2436,20
41.4914,-120.5644,10
39.9492,-74.8417,34
41.5944,-109.0528,30
41.7636,-96.1778,23
46.8369,-92.2097,26
30.4781,-87.1869,36
38.3083,-75.1239,38
30.1250,-93.2158,35
40.0228,-82.4625,34
30.7406,-98.2353,27
38.8317,-94.8897,36
31.8111,-106.3758,24
33.3075,-104.5083,40
28.0836,-97.0464,29
39.4494,-74.5672,45
44.3814,-100.2856,70
36.0969,-79.9433,34
42.5544,-92.4011,31
41.0089,-74.7367,26
41.9856,-97.4353,37
25.9156,-97.4186,32
33.7792,-84.5214,23
33.9753,-117.6361,14
34.2675,-77.8997,17
40.7794,-73.8803,67
40.8300,-111.7600,9
43.5331,-84.0797,71
47.5303,-122.3008,10
41.7700,-88.4814,51
44.2100,-110.6700,14
32.1300,-81.2100,9
42.8975,-106.4636,38
30.6794,-88.2397,30
33.6300,-84.4417,32
35.9403,-89.8308,53
35.1350,-90.2344,47
40.8508,-96.7475,28
30.4636,-88.5319,25
30.4119,-89.0808,35
28.7247,-96.2536,28
41.7872,-111.8533,10
36.9647,-86.4239,27
35.1967,-81.1558,15
36.0300,-106.8100,6
45.6983,-110.4408,34
40.6161,-83.0636,61
31.3711,-100.4922,22
39.5514,-97.6508,29
46.1442,-115.5964,7
41.7781,-80.6958,32
36.0000,-106.8300,4
40.8500,-74.0614,57
33.8750,-84.3022,23
42.2347,-85.5519,43
27.7411,-98.0247,31
40.9781,-124.1086,24
48.7939,-122.5372,8
26.2281,-97.6542,35
44.3592,-89.8369,26
46.7439,-117.1086,11
42.9333,-71.4383,53
30.7044,-87.0231,31
35.6875,-117.6931,27
39.8250,-86.2958,43
33.9486,-81.1186,11
32.6261,-116.4681,31
40.1203,-76.2944,48
45.4622,-69.5953,57
38.6572,-90.6558,40
38.1847,-84.9033,36
37.9406,-75.4631,36
42.7900,-121.9800,0
30.7825,-83.2767,3
41.8031,-78.6403,41
44.3800,-116.3400,12
35.5931,-88.9167,38
39.2956,-80.2289,38
48.0944,-105.5744,16
45.0133,-84.7014,29
31.9514,-85.1289,6
33.1803,-96.5903,30
39.1019,-121.5678,15
39.7333,-77.4333,18
44.9358,-74.8458,51
39.8344,-88.8656,67
31.4583,-109.6061,24
32.8986,-80.0403,10
42.0800,-80.1825,69
38.6956,-121.5897,20
60.7850,-161.8292,51
42.7431,-73.8092,56
31.8606,-86.0122,26
36.8781,-91.9025,31
38.5911,-92.1558,30
40.5175,-122.2986,12
32.7336,-117.1831,19
57.7511,-152.4856,97
36.0394,-95.9844,34
39.7736,-94.9233,35
40.8436,-72.6322,55
39.9444,-81.8922,39
38.8483,-77.0342,51
39.9181,-76.8742,37
40.1667,-103.2167,51
38.5069,-121.4950,17
47.6831,-117.3214,10
44.5169,-108.0822,18
42.0572,-102.8000,51
39.5936,-84.2264,57
43.1711,-86.2367,46
37.5908,-83.3131,1
36.2833,-94.3000,35
39.5703,-104.8489,26
36.5100,-106.3200,281
44.8428,-117.8086,12
34.2622,-88.7714,47
30.7797,-86.5225,19
47.2856,-68.3133,53
36.0700,-105.6300,5
41.1214,-100.6694,39
34.2167,-119.0833,17
46.3583,-104.2500,16
30.5892,-96.3647,29
26.9172,-81.9914,30
29.1097,-95.4619,18
43.1406,-89.3453,44
48.1739,-103.6367,19
43.8789,-91.2528,21
43.7694,-87.8506,60
47.2675,-122.5761,11
41.6267,-73.8842,48
37.2622,-104.3378,38
36.3189,-119.6289,28
34.1167,-119.1167,29
33.6186,-114.7142,25
35.4344,-119.0542,25
36.2606,-76.1750,26
39.4519,-87.3089,49
34.1750,-91.9347,47
42.1094,-77.9919,43
31.3558,-85.7511,17
46.9253,-96.8111,71
38.4000,-119.5400,19
55.0389,-131.5786,0
43.5164,-112.0672,23
42.9667,-83.7494,59
71.2833,-156.7814,66
70.1917,-148.4772,76
40.6044,-98.4272,36
42.1578,-72.7161,48
44.5761,-71.1786,33
41.8056,-107.1997,32
40.0803,-95.5919,26
62.3200,-150.0950,5
34.8536,-116.7858,38
45.0800,-117.5500,4
44.8664,-91.4878,17
39.4781,-88.2803,64
70.2117,-151.0017,60
30.6264,-88.0681,35
35.8311,-90.6464,34
45.5114,-118.4247,1
32.7817,-98.0603,21
31.5358,-82.5067,1
64.3267,-158.7417,17
33.8117,-78.7239,13
42.3978,-90.7036,51
35.6567,-95.3614,38
43.0661,-108.4767,25
39.8328,-104.6575,26
45.6689,-96.9914,52
38.8853,-79.8528,26
40.6239,-74.6694,34
30.7439,-95.5861,10
41.7803,-124.2367,19
40.6386,-73.7622,73
47.9078,-122.2803,12
39.9061,-84.2186,67
45.0717,-83.5644,47
40.9611,-98.3136,36
36.7436,-108.2292,28
37.0911,-95.5664,36
40.2342,-85.3936,55
36.1625,-97.0894,32
24.7258,-81.0517,35
42.2228,-83.7444,54
35.9508,-85.0814,27
30.5069,-86.9597,26
45.8183,-88.1144,16
44.7694,-106.9689,19
27.9106,-82.6875,34
44.5228,-114.2150,21
45.4558,-98.4131,64
33.4825,-90.9853,55
44.6500,-73.4667,72
41.3336,-75.7269,45
39.7556,-82.6572,47
32.8192,-97.3614,31
42.6003,-123.3642,22
40.6825,-74.1694,69
38.7550,-109.7542,20
31.5356,-84.1944,15
61.1689,-150.0278,23
38.5050,-107.8975,32
43.1544,-93.3269,29
39.4839,-119.7711,26
36.9500,-76.2833,32
45.5908,-122.6003,16
43.5667,-116.2406,24
34.9869,-81.0575,13
41.9381,-72.6825,55
30.3433,-89.8222,25
42.3914,-96.3792,31
45.6308,-89.4653,16
32.4833,-80.7167,4
42.4819,-114.4869,30
37.4058,-122.0481,9
39.2447,-102.2842,51
30.9119,-102.9167,32
46.4047,-94.1308,18
40.0972,-92.5433,43
29.6333,-83.1053,20
37.9050,-93.3169,27
45.8258,-119.2611,16
42.1469,-121.7242,13
35.8517,-97.4142,27
47.2381,-123.1408,26
43.4075,-94.7461,28
26.5850,-81.8614,28
19.7356,-156.0489,30
43.0206,-102.5183,56
34.9914,-78.8803,22
41.0467,-78.4117,44
48.5222,-123.0231,6
43.9658,-107.9508,19
21.3239,-157.9294,56
40.9706,-85.2064,51
30.3489,-85.7881,21
33.9481,-83.3275,7
42.7172,-71.1239,38
43.9906,-70.9475,29
40.8217,-72.8689,55
26.0719,-80.1536,29
40.3161,-78.8339,49
37.3592,-121.9239,11
34.6294,-118.0836,27
45.5511,-122.4089,8
35.1442,-111.6664,22
39.3450,-81.4392,35
26.1522,-81.7753,35
38.1417,-76.4292,31
46.6056,-111.9636,13
46.7708,-100.7603,65
33.9519,-117.4386,15
41.9922,-93.6217,23
34.8822,-95.7831,28
40.6331,-93.9019,38
40.3000,-111.2600,9
36.9261,-111.4478,14
38.5000,-77.3000,42
42.8050,-72.0036,17
31.6072,-110.4281,34
32.3367,-90.2214,28
40.8206,-76.8642,41
40.7939,-73.1017,64
45.2486,-122.7686,6
43.9042,-92.4917,36
35.3331,-94.3625,20
33.3644,-81.9633,13
28.7797,-81.2436,32
32.8978,-97.0189,36
32.2622,-107.7206,31
31.1500,-92.9667,14
41.0375,-81.4642,48
46.4167,-86.6500,36
40.8731,-81.8867,48
40.0819,-75.0111,51
40.2964,-78.3203,38
37.0683,-88.7719,47
38.0408,-84.6058,59
39.3100,-111.4300,17
70.6392,-159.9950,62
36.7900,-105.2400,2
38.2103,-122.2847,21
39.3667,-75.0667,34
42.5417,-113.7661,21
40.2064,-100.5914,38
45.5464,-100.4078,86
44.2033,-72.5794,37
35.9200,-106.3900,4
28.4736,-82.4544,27
42.1908,-71.1736,40
29.9506,-94.0206,41
30.0494,-90.0289,54
37.4389,-105.8614,29
41.1078,-92.4467,38
42.5700,-72.2911,38
41.1961,-112.0114,22
63.9944,-145.7214,38
34.2097,-118.4892,13
31.1828,-90.4708,38
39.2972,-94.7306,41
44.8322,-93.4706,26
15.1167,145.7167,19
29.2733,-94.8592,41
32.8667,-117.1333,22
36.6950,-76.1356,22
25.9069,-80.2803,34
43.8339,-111.8045,18
35.5144,-108.7939,23
39.1033,-84.4189,47
34.2006,-118.3575,18
40.7083,-84.0267,55
36.9900,-105.2600,4
39.8000,-106.0300,6
31.2361,-94.7544,17
44.3744,-70.3164,36
42.1244,-86.4267,31
41.3119,-105.6747,37
43.9922,-76.0217,61
39.1667,-76.6833,34
46.9258,-98.6692,73
35.0311,-85.2014,27
35.1822,-103.6031,38
41.5272,-85.7922,54
36.4731,-82.4044,15
29.9933,-90.2511,46
47.9742,-117.4283,19
47.6800,-121.6100,4
45.6194,-121.1661,26
33.1783,-86.7817,26
66.9161,-151.5089,24
37.1467,-94.5022,31
38.8500,-94.7392,38
37.3031,-108.6275,22
35.4111,-80.5833,0
36.7800,-119.7194,26
56.6000,-169.5650,77
42.5708,-77.7133,50
43.9636,-69.7117,20
46.2667,-119.1167,12
29.7333,-85.0333,18
36.6636,-121.6081,16
41.2003,-74.6231,34
36.6817,-101.5053,34
33.9228,-118.3342,14
32.3500,-91.0278,34
36.1994,-95.8872,36
38.2281,-85.6636,31
28.8208,-81.8097,32
39.2775,-120.7103,25
41.3275,-72.0494,68
35.6542,-105.1419,55
39.8447,-89.6839,54
29.1828,-81.0483,32
41.7806,-122.4717,22
42.2314,-83.3308,58
34.7500,-111.4100,260
40.8097,-124.1603,14
30.0375,-91.8839,40
41.8756,-71.0211,46
45.0319,-102.0192,76
39.2953,-114.8467,37
33.4669,-82.0386,11
40.0489,-107.8853,17
36.9878,-120.1106,25
36.2117,-115.1958,31
35.2372,-120.6414,63
64.7767,-141.1483,6
41.1783,-78.8989,55
67.7317,-164.5483,66
46.8706,-68.0172,53
55.2208,-162.7325,82
36.6206,-116.0278,30
61.2169,-149.8550,17
34.7917,-79.3661,13
36.1300,-105.5300,3
38.3000,-76.4167,47
45.2575,-112.5545,29
30.5372,-91.1469,22
26.1969,-80.1708,26
33.4964,-90.0867,35
35.9333,-79.0642,13
37.7608,-99.9683,27
37.7214,-122.2208,13
42.6958,-73.1708,26
37.0872,-84.0769,38
45.6208,-122.6572,16
38.1811,-85.7392,46
36.3100,-115.6800,2
21.3167,-158.0667,28
21.4500,-157.7833,59
32.1314,-110.9553,34
38.3406,-75.5103,36
44.3853,-74.2067,45
20.8997,-156.4286,68
39.4203,-83.8217,62
39.6014,-116.0056,27
37.3208,-79.2067,29
42.5519,-71.7558,35
38.8983,-119.9947,13
41.6264,-80.2150,57
32.3847,-94.7117,20
60.7850,-148.8389,36
40.9017,-117.8081,22
33.6361,-91.7556,23
47.0492,-109.4578,29
41.5886,-83.8014,54
35.7700,-105.7800,2
66.0689,-162.7639,61
38.7667,-104.3000,20
18.2550,-65.6408,31
38.6644,-94.8900,31
38.3775,-121.9575,12
43.2119,-90.1814,26
44.0433,-103.0536,30
40.5300,-106.7800,6
35.2578,-93.0947,17
30.5844,-97.4156,13
32.6500,-114.6167,21
42.1997,-75.9850,58
46.1569,-123.8825,23
42.0647,-104.1528,31
39.7075,-86.2803,59
34.0500,-94.4008,16
43.1953,-71.5011,34
42.4933,-79.2722,52
61.1781,-149.9664,20
36.9600,-106.6600,7
41.4525,-87.0058,42
47.3258,-106.9475,26
41.3461,-82.1794,48
46.1236,-67.7928,56
13.4836,144.7961,12
29.5189,-95.2417,26
43.1644,-95.2017,25
32.8167,-115.6833,24
34.0158,-118.4514,11
35.0419,-106.6156,37
42.3606,-71.0106,58
34.5467,-93.5781,6
21.9839,-159.3405,79
45.6906,-118.8528,24
34.8831,-82.2203,18
32.7100,-96.2672,33
21.1544,-157.0961,55
41.3375,-84.4289,55
40.1519,-122.2536,21
30.3975,-84.3289,17
30.7167,-87.0167,24
36.4486,-103.1539,52
29.3331,-89.4075,19
35.2236,-80.9553,16
42.7461,-86.0967,34
38.0511,-117.0903,32
36.0719,-115.1633,30
46.3747,-117.0156,14
47.4667,-87.8833,26
36.7725,-90.3247,41
39.2292,-106.3169,22
40.4847,-80.2144,53
33.2119,-87.6161,39
33.9381,-118.3889,21
42.1928,-89.0931,63
36.7683,-96.0261,23
31.3214,-85.4497,21
35.7800,-105.5400,3
37.6242,-120.9506,30
42.9486,-78.7369,55
44.5344,-72.6144,32
47.6217,-117.5281,20
40.2383,-75.5572,34
29.9800,-95.3600,25
40.1764,-80.6472,42
40.7342,-73.4169,67
48.1203,-123.4983,23
30.0675,-95.5561,18
40.8289,-115.7886,21
46.5683,-120.5428,23
41.2433,-76.9217,35
37.2847,-120.5128,34
42.9203,-112.5711,20
46.7994,-102.7972,47
26.1839,-98.2539,26
34.2486,-82.1592,12
44.3675,-71.5450,32
42.9550,-87.9044,74
42.8153,-108.7261,21
40.6675,-89.6839,44
39.3669,-101.7000,45
42.5906,-117.8644,26
38.7042,-93.1833,41
34.1231,-84.8486,13
39.8683,-75.2311,57
42.7267,-114.4564,31
44.5444,-110.4211,9
44.7900,-116.0900,6
30.8458,-85.6014,8
47.2767,-121.3372,22
37.3711,-118.3581,23
35.2333,-101.7089,47
42.7972,-105.3856,27
35.2325,-75.6219,26
44.3981,-98.2231,56
27.5000,-97.8167,27
38.4167,-113.0167,44
43.1072,-78.9453,60
44.2558,-121.1392,20
48.2138,-106.6213,25
33.4050,-118.4158,24
42.6650,-83.4181,55
41.1389,-75.3794,46
41.4131,-81.8600,68
46.9208,-114.0925,15
39.0725,-95.6261,32
31.8456,-86.6108,21
43.7600,-115.2400,10
37.3169,-79.9742,31
44.8831,-93.2289,33
19.7192,-155.0531,30
41.3497,-71.7989,53
34.6719,-82.8864,14
38.3650,-82.5550,34
44.0511,-101.6011,38
44.1278,-123.2206,16
35.0028,-105.6628,49
41.5631,-83.4764,52
64.5111,-165.4400,26
42.7803,-84.5789,55
39.6728,-75.6008,52
37.2839,-98.5528,27
26.2500,-80.1083,35
27.6833,-97.2833,35
41.0731,-71.9233,44
36.9839,-77.0075,22
28.4339,-81.3250,37
43.8000,-114.8500,6
64.8039,-147.8761,38
44.3394,-105.5419,17
35.9461,-112.1547,16
37.9917,-122.0550,19
38.5714,-90.1572,51
62.9614,-141.9292,37
34.6081,-79.0592,11
35.4319,-82.5375,32
30.2050,-91.9875,43
40.9167,-81.4333,63
47.2078,-119.3192,26
47.3600,-121.5700,3
28.0622,-81.7542,36
38.8000,-97.6500,35
40.2769,-74.8158,47
44.4683,-73.1500,60
30.3361,-81.5147,17
40.3667,-75.9667,49
34.2008,-119.2069,22
35.8181,-83.9858,23
45.6044,-103.5464,46
38.0494,-103.5122,28
48.7200,-116.4600,12
37.8892,-121.2258,18
34.0561,-117.6003,16
41.9144,-88.2464,57
47.1686,-88.4889,25
40.3300,-75.1225,42
32.9733,-97.3181,20
42.8914,-73.2469,30
66.8667,-162.6333,69
34.7411,-118.2117,41
42.2667,-84.4667,47
48.6033,-112.3753,20
33.6228,-111.9106,9
26.1658,-97.3458,42
26.6847,-80.0994,31
34.5183,-109.3792,33
39.6092,-110.7547,22
37.7064,-112.1456,31
43.2781,-70.9222,41
42.4272,-73.2892,34
59.2433,-135.5094,55
32.3206,-90.0778,41
40.1936,-76.7633,41
38.6892,-75.3592,39
43.7700,-88.4864,50
31.3928,-92.2956,21
41.8161,-80.4250,31
41.5175,-81.6836,73
32.4106,-99.6822,22
38.1386,-78.4530,22
40.8203,-82.5178,53
36.2667,-93.1567,21
40.4422,-109.5144,17
31.3500,-85.6667,17
47.4933,-122.2144,13
60.5797,-151.2392,22
62.9575,-155.6103,25
38.2900,-104.4983,16
44.7978,-68.8186,73
42.1208,-87.9047,54
41.0136,-83.6686,66
43.5950,-118.9564,16
47.6458,-101.4394,55
32.7667,-97.4500,30
30.5108,-99.7664,18
31.2819,-89.2531,26
33.8281,-116.5053,16
24.5833,-81.6833,43
37.3278,-95.5042,17
35.6697,-120.6283,30
44.5483,-95.0803,30
18.3331,-64.9667,29
43.3497,-76.3847,55
36.3333,-119.9500,36
41.3325,-122.3328,0
33.4617,-80.8581,10
40.2172,-76.8514,39
32.3336,-104.2581,39
46.4794,-84.3572,24
41.9097,-70.7294,50
32.5722,-116.9794,17
30.1831,-97.6800,20
31.9206,-102.3867,34
35.8550,-77.8931,26
32.8547,-109.6353,27
33.5872,-85.8556,22
38.9503,-95.6639,30
41.5333,-71.2833,63
34.6517,-112.4208,24
41.6764,-70.9583,60
38.3306,-96.1897,36
36.1336,-80.2222,26
41.1519,-104.8061,30
30.3567,-95.4139,17
43.6264,-72.3047,38
44.4983,-88.1111,48
39.1353,-96.6778,27
46.0139,-102.6547,38
42.3811,-122.8722,9
44.1708,-114.9272,15
38.1311,-91.7683,43
39.7506,-92.5064,13
44.7408,-85.5825,31
35.0564,-89.9864,46
62.1592,-145.4589,26
33.3633,-84.5658,21
39.3756,-99.8297,22
24.5550,-81.7522,39
38.0442,-87.5206,45
42.5950,-87.9381,54
40.0681,-118.5692,35
43.7667,-98.0333,51
41.8706,-103.5931,34
44.9047,-97.1494,50
34.7442,-87.5997,28
42.4167,-87.8667,55
41.7419,-72.1836,39
30.2333,-81.6667,19
32.3347,-88.7442,38
41.2544,-80.6739,60
40.4122,-86.9369,48
33.9706,-80.9958,9
59.4556,-135.3239,101
34.8461,-82.3461,21
37.1681,-97.0369,32
40.0397,-88.2778,60
44.8889,-116.1017,11
34.7272,-92.2389,40
43.3906,-99.8422,67
36.9358,-121.7886,13
42.1128,-92.9175,37
27.7628,-82.6261,29
34.5583,-98.4172,34
42.3075,-85.2511,56
33.0375,-116.9158,16
47.7472,-90.3444,27
33.5656,-86.7450,39
42.8783,-100.5500,59
29.7036,-98.0281,31
39.9508,-119.5986,13
36.1900,-105.5600,7
40.7789,-73.9692,37
39.2900,-117.1100,7
39.3600,-106.0600,6
35.6169,-106.0889,38
25.7906,-80.3164,27
31.1522,-81.3908,16
31.4208,-110.8458,22
36.1306,-80.5481,0
36.3200,-115.7000,7
59.5119,-139.6711,42
30.0481,-102.2131,34
31.9433,-102.1889,25
45.7728,-122.8611,9
42.8375,-103.0953,42
37.1319,-76.4930,30
57.1553,-170.2222,79
36.7200,-106.2600,5
25.9989,-80.2411,32
40.5100,-101.6200,51
33.8719,-117.9789,11
47.9428,-97.1839,70
39.5264,-107.7264,17
39.1342,-108.5400,34
33.2061,-97.1989,35
41.3103,-95.8992,22
29.3783,-100.9269,13
36.5728,-79.3361,30
43.2389,-123.3547,9
34.3622,-98.9761,36
33.2194,-117.3494,20
41.5339,-93.6531,35
41.7072,-86.3164,51
61.5961,-149.0917,14
37.2958,-81.2078,24
25.6475,-80.4331,33
40.8764,-74.2831,39
55.3567,-131.7117,36
41.3714,-73.4828,41
38.9286,-90.4281,51
40.7833,-91.1253,54
31.8311,-104.8089,54
41.7361,-72.6506,49
39.5781,-85.8033,42
37.7461,-97.2211,36
38.7642,-87.6056,50
46.4267,-105.8825,32
43.0303,-78.1692,45
43.1111,-76.1039,40
27.4014,-82.5586,41
36.2500,-115.6300,13
42.3200,-120.8300,12
41.4653,-90.5233,45
34.7000,-77.3833,13
40.3547,-79.9217,38
43.9844,-88.5569,52
37.7797,-89.2497,42
44.9050,-123.0011,14
29.5442,-98.4839,22
39.4167,-118.7167,22
39.4900,-121.6183,8
33.2367,-107.2681,32
47.4569,-115.6450,18
42.9600,-121.1800,1
45.7881,-111.1608,16
46.0261,-91.4442,20
18.4325,-66.0108,20
31.3347,-92.5586,34
32.4506,-93.8411,40
59.4433,-151.7017,34
36.7414,-104.5022,19
48.5428,-109.7633,27
37.6542,-122.1150,11
35.8922,-78.7819,21
37.7086,-113.0944,30
34.9000,-76.8833,9
36.0167,-102.5500,33
27.6531,-80.2428,33
42.4700,-71.2894,51
33.4278,-112.0039,23
43.3500,-73.6167,57
43.7331,-103.6114,20
45.8069,-108.5422,45
39.8233,-93.5792,25
33.1281,-117.2794,13
41.7219,-71.4325,64
36.2967,-99.7689,30
31.4156,-87.0442,19
33.8117,-118.1464,17
33.6542,-101.8136,32
45.1947,-123.1339,11
35.6575,-109.0614,19
40.6508,-75.4492,43
34.7336,-76.6606,17
39.4300,-120.3100,9
37.7836,-81.1231,38
35.5342,-97.6469,38
32.6808,-96.8681,25
40.7781,-111.9694,25
41.7861,-87.7522,76
45.9647,-112.5006,12
29.3600,-99.1742,30
45.6478,-68.6925,53
35.2578,-113.9331,43
46.9728,-123.9303,20
30.8356,-85.1839,17
39.9914,-82.8808,56
38.9597,-94.3714,41
29.6381,-95.2819,26
29.6222,-95.6564,22
48.4608,-119.5167,43
34.7675,-114.6189,34
41.6328,-91.5431,40
47.0339,-120.5303,13
41.4333,-99.6333,45
36.8600,-106.2300,418
35.0678,-77.0481,13
42.4092,-83.0100,59
37.7081,-77.4344,28
39.6428,-79.9164,38
44.9319,-93.0556,19
41.9950,-87.9336,69
32.6847,-83.6528,8
38.5039,-122.8103,8
46.5486,-90.9189,19
58.3567,-134.5639,30
44.3814,-106.7211,42
32.0311,-96.3989,29
34.4978,-82.7097,16
32.5500,-88.5667,37
27.9619,-82.5403,30
30.4000,-86.4717,19
45.5406,-122.9486,10
34.2900,-93.0600,28
42.1594,-76.8919,45
31.5883,-110.3442,36
41.2731,-111.0306,39
38.0653,-97.8606,31
32.5161,-84.9422,21
42.7611,-87.8136,71
34.4258,-119.8425,24
34.2719,-83.8303,21
37.2253,-89.5706,47
34.6525,-86.9453,41
32.8519,-96.8556,24
37.6544,-97.4425,44
41.5092,-74.2650,46
38.7525,-90.3736,45
43.3436,-72.5178,38
34.6439,-86.7861,31
39.0431,-84.6717,63
59.7494,-154.9089,60
36.1189,-86.6892,47
37.6928,-121.8144,16
41.2531,-70.0608,90
39.1900,-120.2600,29
58.6794,-156.6294,26
41.1014,-102.9847,55
34.8994,-120.4486,35
28.1011,-80.6439,38
47.3864,-92.8389,16
36.7367,-97.1019,32
