40.4750,-86.9919,206
35.3736,-83.7006,194
31.4269,-94.8942,217
32.8986,-80.0403,267
39.3669,-101.7000,250
43.2828,-123.3536,189
40.0739,-87.5067,228
40.4719,-74.4364,261
63.9647,-145.1050,44
41.8161,-80.4250,189
38.5200,-89.8467,239
36.0147,-85.1314,194
39.4708,-87.4081,233
34.4744,-91.4172,283
40.2539,-85.1483,228
63.9033,-152.2817,44
34.6892,-86.8819,239
39.3925,-101.0689,200
40.9361,-90.7197,222
36.0908,-106.0567,194
44.6342,-123.1900,200
41.6661,-111.8914,200
32.4714,-87.2314,261
33.2422,-103.3611,244
