40.6825,-74.1694,10
39.9181,-76.8742,360
39.8250,-86.2958,360
33.3075,-104.5083,160
38.7642,-87.6056,30
40.2064,-100.5914,150
33.8719,-117.9789,180
62.9614,-141.9292,320
48.3042,-114.2636,210
41.0669,-73.7075,350
61.5961,-149.0917,170
40.8203,-82.5178,360
35.8517,-97.4142,90
41.1014,-102.9847,180
43.3436,-72.5178,10
34.2622,-88.7714,20
46.5486,-90.9189,20
40.5100,-101.6200,150
47.4733,-111.3822,60
35.0169,-80.6206,50
30.3433,-89.8222,10
45.5644,-84.7928,60
36.6239,-87.4194,10
46.4167,-86.6500,40
33.2061,-97.1989,20
30.7406,-98.2353,30
48.5614,-93.3981,140
32.0311,-96.3989,10
34.0561,-117.6003,270
39.8328,-104.6575,30
42.7611,-87.8136,30
36.0394,-95.9844,20
39.5264,-107.7264,50
42.7267,-114.4564,60
36.6636,-121.6081,260
39.3756,-99.8297,140
29.1828,-81.0483,20
35.9333,-79.0642,20
41.5339,-93.6531,50
30.7797,-86.5225,320
46.2667,-119.1167,160
35.6542,-105.1419,180
19.7192,-155.0531,70
45.6906,-118.8528,310
43.3500,-73.6167,10
41.7700,-88.4814,20
31.4583,-109.6061,210
46.9006,-95.0678,150
41.7072,-86.3164,30
37.3208,-79.2067,50
40.6386,-73.7622,130
70.6392,-159.9950,290
40.6331,-93.9019,60
39.5781,-85.8033,30
40.8508,-96.7475,110
33.6300,-84.4417,340
41.7636,-96.1778,130
43.9636,-69.7117,40
37.3278,-95.5042,70
42.5708,-77.7133,320
43.2781,-70.9222,320
55.3567,-131.7117,140
28.4339,-81.3250,320
42.0572,-102.8000,180
35.2372,-120.6414,310
45.6194,-121.1661,320
34.6517,-112.4208,150
41.1961,-112.0114,200
39.2231,-106.8683,190
18.2550,-65.6408,160
42.0647,-104.1528,100
46.6056,-111.9636,260
36.2967,-99.7689,50
45.0619,-93.3508,90
59.5119,-139.6711,160
41.3275,-72.0494,150
39.2972,-94.7306,60
44.7978,-68.8186,360
39.3792,-74.4242,170
26.5361,-81.7550,320
32.9733,-97.3181,40
43.7700,-88.4864,50
34.2486,-82.1592,10
45.5908,-122.6003,160
43.3497,-76.3847,10
60.7850,-148.8389,270
39.1258,-123.2008,120
44.9319,-93.0556,120
38.3083,-75.1239,30
41.2433,-76.9217,330
43.5164,-112.0672,210
59.7494,-154.9089,310
40.8217,-72.8689,190
35.0564,-89.9864,30
36.9358,-121.7886,210
42.7461,-86.0967,70
40.4122,-86.9369,360
37.2958,-81.2078,10
44.9050,-123.0011,320
37.7608,-99.9683,90
28.5453,-81.3331,300
44.3814,-106.7211,310
32.8986,-80.0403,360
38.8100,-104.6883,230
28.8614,-96.9303,40
42.2667,-84.4667,30
35.0419,-106.6156,250
70.2117,-151.0017,250
64.3267,-158.7417,240
33.6228,-111.9106,220
21.1544,-157.0961,50
35.6950,-101.3950,170
37.9917,-122.0550,200
41.3931,-70.6150,150
32.6808,-96.8681,60
47.2675,-122.5761,160
35.6697,-120.6283,320
34.2675,-77.8997,280
31.3214,-85.4497,330
42.8783,-100.5500,170
41.7781,-80.6958,20
28.7247,-96.2536,350
33.5872,-85.8556,360
40.0228,-82.4625,40
39.9061,-84.2186,20
46.9253,-96.8111,170
33.1803,-96.5903,350
36.7367,-97.1019,40
48.7939,-122.5372,170
42.8914,-73.2469,330
44.3394,-105.5419,250
41.6264,-80.2150,40
44.5169,-108.0822,150
32.1300,-81.2100,330
24.7258,-81.0517,310
43.8789,-91.2528,60
24.5833,-81.6833,300
40.6161,-83.0636,30
40.9706,-85.2064,50
42.6958,-73.1708,280
34.7675,-114.6189,200
36.4731,-82.4044,350
39.6428,-79.9164,10
34.8994,-120.4486,310
38.2281,-85.6636,10
39.9444,-81.8922,20
38.8000,-97.6500,80
28.4567,-99.2183,60
39.3667,-75.0667,40
42.5844,-110.1075,330
40.0972,-92.5433,50
22.0333,-159.7833,20
39.2953,-114.8467,210
40.7342,-73.4169,160
40.3547,-79.9217,340
42.1594,-76.8919,20
29.7333,-85.0333,260
44.6500,-73.4667,360
47.5303,-122.3008,140
32.4106,-99.6822,80
43.1406,-89.3453,50
30.4781,-87.1869,320
30.9119,-102.9167,120
44.3592,-84.6739,40
43.5667,-116.2406,90
40.8289,-115.7886,210
41.0136,-83.6686,30
33.9706,-80.9958,290
40.3667,-75.9667,110
39.8683,-75.2311,10
26.0719,-80.1536,310
28.1011,-80.6439,290
41.4525,-87.0058,30
31.5883,-110.3442,130
46.9258,-98.6692,180
45.6689,-96.9914,180
47.3258,-106.9475,310
33.2119,-87.6161,350
33.8117,-118.1464,300
40.2383,-75.5572,10
32.7100,-96.2672,30
48.1203,-123.4983,300
39.2447,-102.2842,160
17.7028,-64.8056,150
44.5761,-71.1786,360
21.3167,-158.0667,70
40.2172,-76.8514,340
59.2433,-135.5094,110
59.6419,-151.4908,340
34.0500,-94.4008,30
41.6328,-91.5431,40
41.3325,-122.3328,60
40.9017,-117.8081,290
46.9733,-122.9033,210
42.9667,-83.7494,30
36.8167,-76.0333,340
37.8892,-121.2258,310
41.7806,-122.4717,170
46.4794,-84.3572,10
30.1250,-93.2158,340
35.5342,-97.6469,80
42.8153,-108.7261,30
25.9069,-80.2803,350
36.4486,-103.1539,200
46.3583,-104.2500,140
34.2008,-119.2069,250
43.0206,-102.5183,180
38.0408,-84.6058,30
39.0083,-95.2117,80
40.3300,-75.1225,10
38.8317,-94.8897,50
41.2544,-80.6739,30
31.1828,-90.4708,350
42.5950,-87.9381,60
40.8206,-76.8642,340
39.1894,-103.7158,20
42.9333,-71.4383,330
38.5714,-90.1572,350
37.7214,-122.2208,290
44.5344,-72.6144,330
40.2769,-74.8158,40
38.1847,-84.9033,10
47.9375,-124.5550,230
44.8831,-93.2289,100
34.7917,-79.3661,230
42.7803,-84.5789,30
38.1811,-85.7392,20
45.6983,-110.4408,320
34.5183,-109.3792,250
55.5800,-133.0750,150
44.0206,-117.0128,210
27.4981,-80.3767,310
36.7414,-104.5022,10
29.9933,-90.2511,10
40.6239,-74.6694,350
40.0803,-95.5919,80
39.4019,-77.9844,360
38.0442,-87.5206,360
47.3978,-120.2014,290
37.0683,-88.7719,360
31.3711,-100.4922,350
36.0097,-94.1694,50
36.2833,-94.3000,20
45.8258,-119.2611,170
42.2706,-71.8731,220
47.3864,-92.8389,130
35.6169,-106.0889,250
40.8097,-124.1603,360
41.7219,-71.4325,190
38.9286,-90.4281,40
40.7789,-73.9692,10
37.2847,-120.5128,330
47.0339,-120.5303,60
34.9894,-99.0525,100
29.9800,-95.3600,360
45.2486,-122.7686,250
45.9647,-112.5006,120
36.6950,-76.1356,350
34.9000,-76.8833,330
35.2333,-101.7089,190
38.9833,-76.4667,330
33.4278,-112.0039,100
43.4075,-94.7461,120
32.8192,-97.3614,40
45.5511,-122.4089,330
30.3489,-85.7881,300
39.4900,-121.6183,180
39.1208,-94.5969,20
24.5550,-81.7522,300
31.1500,-92.9667,20
33.4050,-118.4158,290
42.4819,-114.4869,310
36.3333,-119.9500,320
30.7167,-87.0167,320
29.3389,-98.4719,30
39.4781,-88.2803,10
38.0494,-103.5122,70
67.7317,-164.5483,280
42.5417,-113.7661,240
31.2819,-89.2531,350
48.2138,-106.6213,40
36.2667,-93.1567,20
34.7442,-87.5997,10
39.2956,-80.2289,10
26.5850,-81.8614,300
31.3500,-85.6667,340
34.2900,-93.0600,50
46.5683,-120.5428,260
44.0433,-103.0536,130
35.6567,-95.3614,340
34.2167,-119.0833,220
40.6675,-89.6839,70
41.4653,-90.5233,60
30.4844,-81.7019,80
31.3347,-92.5586,30
33.9481,-83.3275,40
28.8208,-81.8097,270
40.5175,-122.2986,170
42.3606,-71.0106,190
36.5728,-79.3361,50
43.7331,-103.6114,80
41.6686,-70.2800,360
33.6542,-101.8136,140
36.9839,-77.0075,340
36.3689,-92.4703,30
36.9033,-76.1922,360
39.7736,-94.9233,20
46.0261,-91.4442,60
60.1283,-149.4167,330
41.3461,-82.1794,50
41.5944,-109.0528,230
37.1319,-76.4930,20
45.7728,-122.8611,80
36.9500,-76.2833,20
35.5144,-108.7939,260
46.4047,-94.1308,190
43.1953,-71.5011,40
42.2314,-83.3308,350
32.5161,-84.9422,340
41.5175,-81.6836,20
33.3644,-81.9633,140
32.5428,-93.7450,20
40.7794,-73.8803,360
60.5797,-151.2392,60
40.9781,-124.1086,320
36.5881,-121.8453,260
42.2228,-83.7444,20
46.8706,-68.0172,10
42.5906,-117.8644,200
32.8547,-109.6353,130
30.0375,-91.8839,20
42.3914,-96.3792,100
41.1783,-78.8989,30
41.9922,-93.6217,70
37.6703,-95.4842,60
43.4133,-124.2436,300
41.6267,-73.8842,20
44.7408,-85.5825,40
33.6267,-116.1594,150
30.0494,-90.0289,10
42.6425,-77.0564,340
32.7336,-117.1831,280
40.9167,-81.4333,20
34.7000,-77.3833,340
46.8369,-92.2097,110
38.6572,-90.6558,40
31.9514,-85.1289,310
44.3592,-89.8369,40
13.4836,144.7961,290
43.1167,-77.6767,30
41.1389,-75.3794,350
61.1689,-150.0278,360
46.7994,-102.7972,150
43.5950,-118.9564,190
37.3592,-121.9239,270
32.6500,-114.6167,210
26.1522,-81.7753,300
37.0911,-95.5664,40
38.5050,-107.8975,140
42.6650,-83.4181,360
41.8678,-84.0794,50
45.8183,-88.1144,340
31.9206,-102.3867,160
45.5464,-100.4078,170
39.1342,-108.5400,130
45.6308,-89.4653,70
31.7800,-103.2017,170
43.0661,-108.4767,310
39.4494,-74.5672,150
33.4617,-80.8581,50
41.3103,-95.8992,80
42.8375,-103.0953,170
30.1831,-97.6800,30
31.4156,-87.0442,350
41.8833,-91.7167,60
33.1281,-117.2794,260
37.3711,-118.3581,170
45.2575,-112.5545,190
32.3847,-94.7117,330
34.3622,-98.9761,100
36.9878,-120.1106,330
27.5000,-97.8167,20
41.2003,-74.6231,50
40.0681,-118.5692,320
34.7336,-76.6606,210
29.5189,-95.2417,10
42.1997,-75.9850,10
45.7881,-111.1608,180
41.6875,-69.9933,160
27.6531,-80.2428,280
33.6186,-114.7142,190
39.8344,-88.8656,40
46.4267,-105.8825,270
39.7556,-82.6572,20
36.9647,-86.4239,30
45.4558,-98.4131,160
41.5631,-83.4764,20
40.1936,-76.7633,330
43.5331,-84.0797,40
41.3336,-75.7269,10
40.4953,-107.5211,220
41.3375,-84.4289,30
43.5878,-96.7289,160
44.7694,-106.9689,20
26.6847,-80.0994,320
66.0689,-162.7639,250
30.2050,-91.9875,10
32.3336,-104.2581,140
39.7075,-86.2803,40
42.1094,-77.9919,30
44.3814,-100.2856,140
44.3981,-98.2231,150
70.1917,-148.4772,270
42.4272,-73.2892,310
31.4208,-110.8458,230
40.3161,-78.8339,40
42.5700,-72.2911,310
40.6044,-98.4272,110
40.4847,-80.2144,330
45.5114,-118.4247,10
36.7436,-108.2292,280
41.5886,-83.8014,40
34.6294,-118.0836,280
33.6800,-117.8664,190
35.0311,-85.2014,350
36.1336,-80.2222,50
61.1781,-149.9664,30
35.0028,-105.6628,250
57.7511,-152.4856,270
33.9381,-118.3889,270
48.2553,-101.2733,170
44.8428,-117.8086,110
44.3206,-69.7972,340
39.3669,-101.7000,170
34.7411,-118.2117,280
34.0158,-118.4514,230
45.1947,-123.1339,210
30.8356,-85.1839,300
37.7064,-112.1456,170
32.8519,-96.8556,50
30.7439,-95.5861,340
35.9461,-112.1547,240
35.1350,-90.2344,10
45.0133,-84.7014,40
33.9753,-117.6361,240
39.2292,-106.3169,350
47.0492,-109.4578,300
45.8069,-108.5422,230
33.7792,-84.5214,280
38.8500,-94.7392,60
47.6458,-101.4394,170
38.7042,-93.1833,40
38.5000,-77.3000,10
38.5911,-92.1558,360
57.0481,-135.3647,230
37.3031,-108.6275,290
33.6883,-112.0817,260
41.8056,-107.1997,230
40.1519,-122.2536,160
35.8922,-78.7819,40
31.3928,-92.2956,350
31.5358,-82.5067,330
42.4933,-79.2722,30
41.7419,-72.1836,180
41.0467,-78.4117,360
44.1278,-123.2206,40
40.0819,-75.0111,30
33.4964,-90.0867,360
38.3775,-121.9575,230
25.6475,-80.4331,290
41.5092,-74.2650,30
62.3200,-150.0950,20
43.6497,-70.3003,30
30.6264,-88.0681,320
26.9172,-81.9914,260
20.8997,-156.4286,40
45.6208,-122.6572,320
42.7431,-73.8092,20
41.8031,-78.6403,50
71.2833,-156.7814,290
40.4719,-81.4236,20
21.3239,-157.9294,70
38.3794,-81.5900,40
32.2997,-86.4075,340
41.5272,-85.7922,40
36.1625,-97.0894,90
47.4667,-87.8833,110
59.4556,-135.3239,210
41.0731,-71.9233,200
36.6206,-116.0278,230
37.2353,-93.4003,20
43.9042,-92.4917,80
28.0622,-81.7542,290
35.8550,-77.8931,10
46.7708,-100.7603,160
34.1853,-79.7239,120
39.9369,-91.1919,50
38.6956,-121.5897,300
35.4319,-82.5375,330
40.6508,-75.4492,20
30.8458,-85.6014,340
33.8750,-84.3022,330
36.8781,-91.9025,30
30.5069,-86.9597,330
32.8158,-117.1394,290
43.8339,-111.8045,180
41.8706,-103.5931,120
41.1583,-73.1289,190
41.4131,-81.8600,20
32.3347,-88.7442,360
32.1314,-110.9553,140
42.1908,-71.1736,180
39.4839,-119.7711,300
35.1967,-81.1558,30
37.6928,-121.8144,280
32.4506,-93.8411,360
37.5908,-83.3131,40
30.2333,-81.6667,70
32.3367,-90.2214,360
31.3558,-85.7511,340
42.3978,-90.7036,60
36.1994,-95.8872,20
29.1097,-95.4619,10
38.6892,-75.3592,30
30.4000,-81.4167,30
28.4736,-82.4544,290
42.2333,-83.5333,10
44.6381,-90.1875,70
57.1553,-170.2222,160
38.2900,-104.4983,100
44.4983,-88.1111,40
46.7439,-117.1086,280
55.0389,-131.5786,150
30.3975,-84.3289,330
47.2856,-68.3133,340
40.1203,-76.2944,150
41.1078,-92.4467,30
32.3542,-95.4025,320
37.0872,-84.0769,40
45.6478,-68.6925,360
37.7081,-77.4344,330
32.8342,-115.5786,110
35.9508,-85.0814,340
41.1214,-100.6694,170
29.7036,-98.0281,50
30.3208,-97.7603,360
37.2253,-89.5706,20
27.7628,-82.6261,350
40.8436,-72.6322,360
46.3747,-117.0156,250
34.6081,-79.0592,30
42.1208,-87.9047,30
41.8756,-71.0211,130
36.2606,-76.1750,340
31.8606,-86.0122,330
39.8447,-89.6839,40
38.7550,-109.7542,60
40.2342,-85.3936,50
33.9228,-118.3342,260
42.1128,-92.9175,80
43.1644,-95.2017,110
40.9611,-98.3136,130
42.2347,-85.5519,20
60.7850,-161.8292,270
39.5703,-104.8489,250
30.6794,-88.2397,330
37.2622,-104.3378,250
27.5333,-99.4667,40
36.2117,-115.1958,140
38.8853,-79.8528,290
41.6764,-70.9583,190
41.9950,-87.9336,20
27.4014,-82.5586,320
42.4167,-87.8667,20
28.7797,-81.2436,310
62.9575,-155.6103,290
29.3783,-100.9269,130
41.4914,-120.5644,230
37.6542,-122.1150,220
44.3853,-74.2067,50
32.3500,-91.0278,10
42.8050,-72.0036,20
28.0836,-97.0464,330
37.3169,-79.9742,50
39.1019,-121.5678,120
58.6794,-156.6294,290
36.0719,-115.1633,80
46.0947,-118.2869,80
39.1333,-86.6167,30
37.7461,-97.2211,70
31.8111,-106.3758,150
25.7906,-80.3164,290
29.2733,-94.8592,350
37.2839,-98.5528,50
46.1569,-123.8825,350
42.5842,-70.9175,320
37.1681,-97.0369,40
30.4119,-89.0808,10
37.1467,-94.5022,20
40.8500,-74.0614,10
47.4569,-115.6450,110
29.6381,-95.2819,30
38.3650,-82.5550,30
30.0675,-95.5561,360
40.7781,-111.9694,160
30.4636,-88.5319,350
38.3306,-96.1897,50
34.5583,-98.4172,20
41.7361,-72.6506,20
25.9156,-97.4186,60
44.2033,-72.5794,360
37.2833,-102.6139,110
35.0678,-77.0481,30
30.7044,-87.0231,340
43.1711,-86.2367,40
45.8678,-95.3942,160
43.2389,-123.3547,10
46.0139,-102.6547,130
58.3567,-134.5639,120
41.9144,-88.2464,40
39.6014,-116.0056,170
33.9519,-117.4386,260
47.3078,-119.5153,310
35.8181,-83.9858,350
30.3361,-81.5147,50
39.7333,-77.4333,20
32.5722,-116.9794,260
36.7800,-119.7194,310
42.3811,-122.8722,290
43.9922,-76.0217,50
29.5442,-98.4839,50
41.2531,-70.0608,10
39.9492,-74.8417,30
41.9381,-72.6825,10
44.3675,-71.5450,350
41.7872,-111.8533,350
43.9658,-107.9508,180
40.0397,-88.2778,40
33.8117,-78.7239,150
44.8664,-91.4878,60
35.2236,-80.9553,130
46.1442,-115.5964,350
35.1442,-111.6664,210
55.2208,-162.7325,280
44.0219,-82.7931,30
46.1236,-67.7928,10
48.5222,-123.0231,230
32.5500,-88.5667,360
35.1822,-103.6031,20
34.1750,-91.9347,20
34.6719,-82.8864,310
43.1111,-76.1039,330
32.8978,-97.0189,30
39.4519,-87.3089,30
41.3497,-71.7989,180
48.1739,-103.6367,190
47.4933,-122.2144,170
47.9078,-122.2803,200
47.9428,-97.1839,180
42.1578,-72.7161,350
29.6333,-83.1053,280
38.2103,-122.2847,260
43.2339,-75.4117,30
40.4422,-109.5144,160
29.3331,-89.4075,340
41.6117,-90.5808,40
41.0375,-81.4642,40
34.2719,-83.8303,240
34.2097,-118.4892,160
43.1072,-78.9453,30
34.1231,-84.8486,360
48.0944,-105.5744,20
36.1189,-86.6892,20
61.2169,-149.8550,360
40.7939,-73.1017,170
56.6000,-169.5650,150
35.2578,-113.9331,230
37.4389,-105.8614,310
29.3600,-99.1742,10
18.4325,-66.0108,20
32.5156,-92.0406,30
35.0281,-110.7208,220
38.5039,-122.8103,240
36.0167,-102.5500,240
27.7839,-97.5108,360
47.9742,-117.4283,10
40.8731,-81.8867,40
35.2578,-93.0947,30
66.9161,-151.5089,240
43.6264,-72.3047,340
44.9258,-89.6256,90
45.5406,-122.9486,310
48.4608,-119.5167,350
60.4889,-145.4511,300
36.7683,-96.0261,20
32.4833,-80.7167,310
43.3906,-99.8422,170
42.6003,-123.3642,340
64.7767,-141.1483,280
48.6033,-112.3753,40
33.6361,-91.7556,40
37.6242,-120.9506,330
30.5108,-99.7664,70
40.7833,-91.1253,20
42.1928,-89.0931,40
44.1708,-114.9272,290
31.3089,-86.3939,360
33.0375,-116.9158,280
34.4978,-82.7097,330
41.0089,-74.7367,50
34.9869,-81.0575,20
39.8233,-93.5792,40
47.2078,-119.3192,260
32.8667,-117.1333,290
39.5936,-84.2264,40
41.1519,-104.8061,280
47.6831,-117.3214,340
30.0481,-102.2131,210
21.4500,-157.7833,40
25.9989,-80.2411,330
31.6072,-110.4281,80
27.7411,-98.0247,30
34.8822,-95.7831,360
44.5444,-110.4211,80
37.9272,-100.7247,90
38.9503,-95.6639,40
34.8831,-82.2203,270
21.9839,-159.3405,70
30.5892,-96.3647,30
39.3644,-84.5247,60
40.2964,-78.3203,30
26.1658,-97.3458,40
37.5050,-77.3203,340
36.7725,-90.3247,360
32.6261,-116.4681,220
32.6636,-97.0939,340
41.5097,-72.8278,10
34.6439,-86.7861,10
39.4203,-83.8217,40
30.4000,-86.4717,340
34.0511,-118.2353,280
34.8461,-82.3461,270
45.0319,-102.0192,160
42.5519,-71.7558,340
63.9944,-145.7214,310
38.0700,-102.6881,70
40.1667,-103.2167,160
38.0511,-117.0903,200
35.3331,-94.3625,360
38.7525,-90.3736,10
43.9844,-88.5569,40
36.9261,-111.4478,10
48.5428,-109.7633,70
44.9047,-97.1494,160
47.7472,-90.3444,80
34.8536,-116.7858,310
32.7817,-98.0603,20
40.0781,-83.0781,30
36.0236,-84.2375,350
38.1386,-78.4530,30
32.7667,-97.4500,60
39.1667,-76.6833,10
33.4825,-90.9853,20
37.7086,-113.0944,210
43.9906,-70.9475,350
37.6544,-97.4425,50
33.9486,-81.1186,310
35.3889,-97.6006,80
42.4700,-71.2894,330
37.7797,-89.2497,340
31.2361,-94.7544,10
35.4344,-119.0542,320
48.7167,-94.6000,180
39.7078,-77.7297,10
39.5514,-97.6508,80
36.3189,-119.6289,320
38.7667,-104.3000,90
44.0511,-101.6011,150
38.1311,-91.7683,30
41.9856,-97.4353,140
29.9506,-94.0206,20
27.6833,-97.2833,120
42.4092,-83.0100,20
33.5656,-86.7450,10
46.9728,-123.9303,180
42.9550,-87.9044,20
26.1839,-98.2539,80
38.5069,-121.4950,260
31.1522,-81.3908,90
44.5228,-114.2150,210
41.9097,-70.7294,10
31.5356,-84.1944,330
38.4167,-113.0167,200
34.7272,-92.2389,30
34.4272,-100.2831,150
18.3331,-64.9667,160
43.2119,-90.1814,70
33.2194,-117.3494,250
38.9597,-94.3714,70
38.0653,-97.8606,80
41.3119,-105.6747,260
40.8764,-74.2831,140
39.2775,-120.7103,170
35.9403,-89.8308,20
32.8167,-115.6833,200
36.0969,-79.9433,60
42.8975,-106.4636,220
32.6847,-83.6528,320
34.9914,-78.8803,30
33.4669,-82.0386,150
31.9433,-102.1889,150
38.8983,-119.9947,190
34.7436,-118.7242,340
64.5111,-165.4400,250
39.1353,-96.6778,60
59.4433,-151.7017,20
41.2731,-111.0306,220
37.7836,-81.1231,360
47.6217,-117.5281,30
41.4333,-99.6333,160
35.7425,-81.3819,20
45.0717,-83.5644,30
45.6044,-103.5464,160
47.2381,-123.1408,230
30.5372,-91.1469,310
41.2639,-72.8872,190
47.4444,-122.3139,210
42.0800,-80.1825,30
37.6197,-122.3647,290
38.1417,-76.4292,20
41.3714,-73.4828,220
37.4058,-122.0481,110
27.9106,-82.6875,300
39.6092,-110.7547,30
44.2558,-121.1392,290
41.5333,-71.2833,160
38.8169,-92.2183,20
38.8761,-98.8092,120
43.7667,-98.0333,140
37.1431,-107.7597,260
34.3478,-85.1611,10
45.4622,-69.5953,360
33.8281,-116.5053,100
34.4258,-119.8425,140
42.9486,-78.7369,30
33.3633,-84.5658,330
35.2325,-75.6219,150
47.1686,-88.4889,70
29.6919,-82.2756,290
62.1592,-145.4589,190
34.1167,-119.1167,260
44.5483,-95.0803,140
31.8311,-104.8089,50
39.4167,-118.7167,290
42.9203,-112.5711,230
41.7803,-124.2367,310
42.1244,-86.4267,70
38.9408,-77.4636,360
32.2622,-107.7206,100
19.7356,-156.0489,230
39.1033,-84.4189,350
39.3450,-81.4392,40
44.8889,-116.1017,170
36.6817,-101.5053,70
42.1469,-121.7242,160
33.2208,-92.8142,340
64.5500,-149.0717,240
30.3567,-95.4139,30
40.1764,-80.6472,350
35.2100,-99.1200,110
15.1167,145.7167,100
38.8483,-77.0342,360
66.8667,-162.6333,300
26.2500,-80.1083,330
40.7083,-84.0267,30
33.4536,-94.0075,20
46.9208,-114.0925,20
47.2767,-121.3372,230
34.5467,-93.5781,50
33.2367,-107.2681,210
41.7861,-87.7522,30
35.5931,-88.9167,10
43.1544,-93.3269,110
42.7172,-71.1239,340
26.1969,-80.1708,290
31.8456,-86.6108,350
43.1561,-90.6775,70
29.6222,-95.6564,30
33.1783,-86.7817,300
35.6575,-109.0614,230
32.3206,-90.0778,10
45.5433,-94.0514,150
35.8311,-90.6464,20
27.9619,-82.5403,290
34.6525,-86.9453,360
39.6728,-75.6008,160
64.8039,-147.8761,250
31.6189,-97.2283,40
30.7825,-83.2767,360
39.0431,-84.6717,40
39.0725,-95.6261,30
44.9358,-74.8458,40
40.0489,-107.8853,60
44.4683,-73.1500,340
42.7972,-105.3856,130
33.9786,-98.4928,90
42.3075,-85.2511,40
38.3000,-76.4167,10
44.8322,-93.4706,110
43.7694,-87.8506,30
35.6875,-117.6931,150
42.8939,-85.5447,50
34.2006,-118.3575,180
38.3406,-75.5103,330
37.9406,-75.4631,40
41.6236,-98.9517,170
39.9914,-82.8808,40
42.5544,-92.4011,70
26.2281,-97.6542,60
