40.7264,-122.7947,37
38.8586,-99.3358,143
42.9592,-120.7897,32
34.5822,-119.9817,53
40.1739,-101.0611,111
45.7206,-118.6264,40
34.5697,-93.1947,6
39.0172,-92.7558,64
40.2233,-86.1086,89
18.0331,-67.0722,109
34.6033,-104.3811,127
34.9881,-120.3211,111
31.3706,-100.4942,60
38.7978,-99.7231,124
37.7617,-117.5658,43
39.0422,-108.4664,43
32.8242,-95.5275,48
36.0147,-85.1314,18
39.9614,-86.0586,14
38.5200,-89.8467,116
45.6911,-118.8522,82
33.1481,-95.6269,34
36.5508,-114.4581,24
39.3925,-101.0689,90
40.2539,-85.1483,66
26.5581,-99.1372,0
30.7053,-104.0233,56
37.9931,-100.8122,192
46.7047,-92.5253,13
45.4825,-120.7236,100
32.9203,-94.7225,53
