36.8600,-106.2300,34
36.0300,-106.8100,241
43.7300,-113.8300,321
36.3100,-115.6800,161
39.8000,-106.0300,230
35.7700,-105.7800,167
36.7200,-106.2600,210
36.9900,-105.2600,157
44.2100,-110.6700,14
39.1900,-120.2600,278
40.3000,-111.2600,253
38.4000,-119.5400,6
35.3400,-111.6500,293
36.0700,-105.6300,265
43.7600,-115.2400,7
39.2900,-117.1100,21
46.2400,-117.3900,284
36.7900,-105.2400,271
36.1900,-105.5600,52
40.8300,-111.7600,228
35.9200,-106.3900,220
41.4000,-107.2600,179
43.8000,-114.8500,0
43.7600,-116.1000,316
36.5100,-106.3200,14
36.2500,-115.6300,161
44.3800,-116.3400,27
36.9600,-106.6600,128
39.4300,-120.3100,351
39.3100,-111.4300,274
40.5300,-106.7800,214
44.7900,-116.0900,274
36.0000,-106.8300,305
48.7200,-116.4600,15
39.3600,-106.0600,203
36.1300,-105.5300,258
