35.7783,-106.6872,0
-34.1897,140.0043,90
38.1350,-94.8161,30
-33.3956,117.0944,18
-34.2258,115.7622,56
-36.3717,145.7048,74
-34.1567,148.6857,400
42.2864,-94.1664,41
-40.9733,145.3742,48
45.9997,-121.5403,28
-37.8333,147.6206,990
46.4925,-69.2864,229
35.2656,-81.1433,165
34.6747,-82.2267,81
-38.5058,145.1503,100
47.9189,-100.5447,15
-37.6563,145.4762,82
39.6250,-100.4233,0
-29.7370,152.7852,674
36.8583,-83.3303,241
-35.1351,138.5274,110
-33.7324,151.0767,230
42.2667,-84.9667,10
-42.8514,147.6211,22
41.8453,-123.9647,531
-42.7572,147.3817,6
-38.1660,144.5870,56
38.2133,-89.0850,358
39.8189,-100.5339,130
-34.6250,117.6361,32
44.3022,-120.8081,30
-35.2680,140.9075,165
42.7989,-86.2050,23
-41.4136,148.2744,4
37.4000,-82.2333,173
-12.7121,130.9889,220
-32.8148,149.0408,204
35.5119,-81.6189,94
36.4739,-81.8033,513
18.3236,-64.8542,18
-34.2336,146.8453,450
38.6644,-94.8900,28
42.9228,-84.8856,102
-38.4191,146.9656,372
34.4581,-78.1094,5
37.1025,-82.8047,191
35.4206,-82.1878,406
-37.4964,144.5028,316
-41.2039,146.2650,4
44.8611,-71.5400,124
-36.8756,147.2886,152
35.3339,-80.9867,130
-35.0266,138.7133,560
45.7883,-92.2325,41
33.8997,-88.1325,135
-42.8667,147.3322,12
-30.0242,119.2800,6
-38.1833,142.4682,114
42.6611,-92.9083,61
