32.5667,-117.1167,1653
30.0494,-90.0289,1621
43.9906,-70.9475,1713
45.6194,-121.1661,1712
34.2008,-119.2069,1529
64.7767,-141.1483,1246
35.0169,-80.6206,1510
38.3000,-76.4167,1946
41.3461,-82.1794,1458
37.7461,-97.2211,1658
34.9883,-117.8647,954
39.7333,-77.4333,2354
41.6764,-70.9583,1135
42.2333,-83.5333,631
36.7414,-104.5022,1308
41.2531,-70.0608,1229
31.3558,-85.7511,1500
37.3278,-95.5042,1424
41.6264,-80.2150,250
60.1283,-149.4167,2152
61.2169,-149.8550,2308
64.5500,-149.0717,2049
36.9839,-77.0075,1840
40.0681,-118.5692,741
38.8761,-98.8092,101
41.0089,-74.7367,1046
26.5361,-81.7550,1211
64.3267,-158.7417,346
41.9097,-70.7294,2354
42.6958,-73.1708,1711
42.6425,-77.0564,1209
41.6686,-70.2800,2344
59.7494,-154.9089,2347
37.0911,-95.5664,1552
39.9369,-91.1919,2126
41.4525,-87.0058,544
40.8764,-74.2831,1812
42.5519,-71.7558,953
32.5428,-93.7450,1124
41.2639,-72.8872,1417
62.3200,-150.0950,1329
47.5303,-122.3008,1136
42.1094,-77.9919,1158
34.9869,-81.0575,1336
40.8436,-72.6322,1043
41.0731,-71.9233,2123
36.3333,-119.9500,1416
33.4050,-118.4158,1237
40.8217,-72.8689,1243
42.4092,-83.0100,612
35.6169,-106.0889,1551
41.5631,-83.4764,116
30.7797,-86.5225,1419
38.6956,-121.5897,1344
27.9106,-82.6875,1549
40.1203,-76.2944,14
32.7667,-97.4500,1714
38.4167,-113.0167,323
46.4167,-86.6500,1312
47.9078,-122.2803,1243
45.8183,-88.1144,1214
66.9161,-151.5089,1757
41.5333,-71.2833,802
28.4736,-82.4544,1300
17.7028,-64.8056,1233
48.5222,-123.0231,1607
40.6161,-83.0636,1234
42.4167,-87.8667,2326
70.6392,-159.9950,219
31.9514,-85.1289,1606
35.9333,-79.0642,1931
18.3331,-64.9667,1140
41.8678,-84.0794,522
44.3675,-71.5450,1801
46.0261,-91.4442,1847
41.5175,-81.6836,138
24.5833,-81.6833,343
41.5092,-74.2650,616
36.8167,-76.0333,1958
18.2550,-65.6408,1529
31.4156,-87.0442,1157
40.2383,-75.5572,1143
35.5144,-108.7939,1451
48.1203,-123.4983,1921
38.8983,-119.9947,123
32.8167,-115.6833,13
28.0622,-81.7542,1900
39.7556,-82.6572,1126
30.4000,-81.4167,1602
18.4325,-66.0108,1033
31.6072,-110.4281,1318
63.9944,-145.7214,2200
46.5486,-90.9189,1802
55.5800,-133.0750,1136
47.4933,-122.2144,1556
35.1822,-103.6031,1212
59.4556,-135.3239,1633
37.7064,-112.1456,531
60.7850,-148.8389,2326
47.2675,-122.5761,1512
35.8550,-77.8931,2027
35.0028,-105.6628,1507
39.9181,-76.8742,16
67.7317,-164.5483,749
30.6264,-88.0681,1209
38.3083,-75.1239,1701
30.5069,-86.9597,1222
37.1319,-76.4930,755
41.7361,-72.6506,1420
22.0333,-159.7833,1434
39.5936,-84.2264,944
41.2003,-74.6231,1312
39.1033,-84.4189,955
30.7044,-87.0231,1156
37.7081,-77.4344,1901
39.4900,-121.6183,1459
34.9000,-76.8833,1313
42.8050,-72.0036,1243
41.3931,-70.6150,2354
39.3667,-75.0667,1221
31.3928,-92.2956,1229
41.5097,-72.8278,823
32.4833,-80.7167,1530
41.6875,-69.9933,2342
34.7000,-77.3833,2306
7.3333,134.4833,1740
35.9403,-89.8308,1406
46.1442,-115.5964,1313
70.1917,-148.4772,52
43.2781,-70.9222,1251
59.4433,-151.7017,1455
30.3433,-89.8222,1505
40.6239,-74.6694,1148
31.8456,-86.6108,1218
55.3567,-131.7117,1200
59.2433,-135.5094,457
41.0375,-81.4642,1317
39.3644,-84.5247,936
47.0339,-120.5303,1320
45.8258,-119.2611,1552
47.4667,-87.8833,1416
36.7436,-108.2292,1509
40.8500,-74.0614,935
38.5000,-77.3000,39
36.6950,-76.1356,1430
31.1500,-92.9667,1648
41.7781,-80.6958,1154
41.7419,-72.1836,1412
56.6000,-169.5650,2344
38.7667,-104.3000,1401
42.6003,-123.3642,856
48.7167,-94.6000,32
47.3864,-92.8389,2123
42.2228,-83.7444,333
39.2775,-120.7103,2104
43.9636,-69.7117,658
35.1350,-90.2344,1607
34.2097,-118.4892,850
43.6264,-72.3047,1500
34.6719,-82.8864,1320
41.3714,-73.4828,754
58.3567,-134.5639,1007
41.9144,-88.2464,1624
41.8756,-71.0211,940
46.4047,-94.1308,1911
34.1167,-119.1167,1636
61.1689,-150.0278,2355
47.7472,-90.3444,941
42.6650,-83.4181,423
29.5622,-91.5256,1344
47.1686,-88.4889,400
40.0819,-75.0111,1206
43.3497,-76.3847,1556
40.8731,-81.8867,1310
31.3500,-85.6667,1401
39.4203,-83.8217,1012
34.7917,-79.3661,2324
7.4500,151.8333,1230
34.8461,-82.3461,1718
44.5761,-71.1786,1904
37.1681,-97.0369,2210
40.1606,-113.3508,352
43.1644,-95.2017,1225
6.9667,158.2167,1433
62.9614,-141.9292,1707
57.0481,-135.3647,2054
42.9333,-71.4383,1027
39.9492,-74.8417,1015
42.5700,-72.2911,721
60.4889,-145.4511,1840
45.4622,-69.5953,2236
42.4933,-79.2722,1232
40.0781,-83.0781,1114
62.1592,-145.4589,1754
30.3503,-81.8831,1636
60.5797,-151.2392,1346
39.4167,-118.7167,859
42.4700,-71.2894,1118
31.3089,-86.3939,1933
35.6875,-117.6931,357
42.1208,-87.9047,2237
38.9833,-76.4667,1920
47.4569,-115.6450,1147
41.7700,-88.4814,1647
38.9503,-95.6639,2115
36.9500,-76.2833,1351
31.5883,-110.3442,1604
40.7342,-73.4169,1222
40.8206,-76.8642,1145
29.3331,-89.4075,1158
42.1594,-76.8919,1503
42.7172,-71.1239,1033
40.0228,-82.4625,1151
42.1908,-71.1736,817
66.0689,-162.7639,229
41.3275,-72.0494,1350
41.0669,-73.7075,1252
41.7872,-111.8533,721
47.2381,-123.1408,1436
61.5961,-149.0917,1648
38.0653,-97.8606,2007
41.0467,-78.4117,1006
42.5708,-77.7133,1322
61.1781,-149.9664,43
32.7000,-117.2000,1457
42.1578,-72.7161,1709
40.3547,-79.9217,1354
35.1967,-81.1558,1542
27.5000,-97.8167,1453
30.7167,-87.0167,1200
41.1961,-112.0114,405
40.3300,-75.1225,1225
30.2333,-81.6667,1803
41.3497,-71.7989,1324
41.7861,-87.7522,449
40.2172,-76.8514,1905
27.6833,-97.2833,1247
42.5842,-70.9175,838
44.0219,-82.7931,1305
48.3500,-122.6667,2246
9.4833,138.0833,1425
70.2117,-151.0017,8
30.4000,-86.4717,1501
32.8667,-117.1333,1512
43.2339,-75.4117,1602
39.6092,-110.7547,1426
30.4636,-88.5319,1401
39.2956,-80.2289,1507
35.6542,-105.1419,1427
46.9006,-95.0678,1638
36.1336,-80.2222,1501
43.1072,-78.9453,947
38.1417,-76.4292,1943
34.2486,-82.1592,1156
59.6419,-151.4908,1733
41.0136,-83.6686,1342
36.0467,-79.4769,1915
