39.5592,-97.6697,1
41.7525,-81.2956,1
40.2342,-85.3936,1
34.2622,-88.7714,1
32.3367,-90.2214,1
38.8586,-99.3358,1
39.9678,-87.8228,1
41.2789,-98.9697,1
34.2675,-77.8997,1
37.0875,-82.9925,1
45.2486,-122.7686,1
41.5514,-88.9147,1
43.0661,-108.4767,1
60.7850,-161.8292,1
34.8492,-89.1597,1
38.5636,-99.2350,1
41.6117,-90.5808,1
37.2253,-89.5706,1
39.4206,-79.0050,1
38.8169,-92.2183,1
42.4594,-98.6564,1
40.4122,-86.9369,1
38.9286,-90.4281,1
37.2008,-80.5864,1
42.7392,-78.5878,1
39.6553,-102.6803,1
44.6825,-91.1358,1
35.4606,-81.3289,1
40.9781,-124.1086,1
29.9100,-90.0342,1
46.7994,-102.7972,1
41.7806,-122.4717,1
42.0500,-91.5881,1
33.0375,-116.9158,1
42.8153,-108.7261,1
44.5647,-91.6719,1
37.8264,-99.6542,1
37.5433,-99.6383,1
36.4992,-80.6508,1
42.5950,-87.9381,1
43.0206,-102.5183,1
39.7333,-77.4333,1
44.4683,-73.1500,1
41.8833,-91.7167,1
43.5164,-112.0672,1
38.4503,-83.7355,1
39.9367,-120.9475,1
29.7333,-85.0333,1
43.9922,-76.0217,1
36.1308,-81.2275,1
39.6600,-78.9358,1
42.5522,-99.8556,1
44.1278,-123.2206,1
40.7367,-122.9403,1
42.9461,-78.8367,1
38.3794,-81.5900,1
40.6142,-79.7192,1
41.2211,-96.7775,1
41.5272,-85.7922,1
31.3558,-85.7511,1
44.3592,-89.8369,1
42.6858,-103.8842,1
41.0211,-91.9553,1
40.5233,-101.0344,1
40.1100,-87.9567,1
42.2667,-84.4667,1
35.6764,-84.8547,1
40.0397,-88.2778,1
42.1153,-88.1639,1
35.5953,-82.5567,1
40.0739,-97.1669,1
44.3394,-105.5419,1
37.9272,-100.7247,1
37.5339,-83.3492,1
39.8447,-89.6839,1
39.9422,-83.8053,1
39.5703,-104.8489,1
40.4847,-80.2144,1
30.5347,-94.4456,1
30.5892,-96.3647,1
44.7694,-106.9689,1
36.6228,-99.8953,1
44.0511,-101.6011,1
40.7789,-73.9692,1
44.5344,-72.6144,1
34.9894,-99.0525,1
41.6397,-84.9897,1
40.0083,-88.7267,1
33.9786,-98.4928,1
40.0333,-77.3000,1
39.0725,-95.6261,1
36.3189,-119.6289,1
43.1025,-94.6833,1
42.2417,-83.6933,1
41.8161,-80.4250,1
40.6825,-74.1694,1
41.7003,-77.3872,1
41.3894,-95.6811,1
41.3044,-95.3844,1
40.0803,-95.5919,1
42.2553,-88.0769,1
27.7839,-97.5108,1
42.9486,-78.7369,1
40.4397,-82.3039,1
30.3644,-91.1672,1
42.7431,-73.8092,1
35.8317,-87.4219,1
42.0647,-104.1528,1
41.0103,-103.8769,1
44.3814,-100.2856,1
39.3033,-95.4861,1
39.8133,-100.2411,1
41.1519,-104.8061,1
44.3853,-74.2067,1
40.4961,-88.9994,1
40.4422,-109.5144,1
34.0500,-94.4008,1
43.6125,-91.6222,1
38.3650,-82.5550,1
41.1583,-73.1289,1
33.6361,-91.7556,1
35.8444,-92.0978,1
39.4519,-87.3089,1
40.1000,-84.6500,1
47.3714,-102.7606,1
40.2394,-94.6833,1
30.0375,-91.8839,1
42.9550,-87.9044,1
42.1469,-121.7242,1
40.8344,-76.1353,1
42.9667,-83.7494,1
45.7728,-122.8611,1
36.0969,-79.9433,1
33.8117,-78.7239,1
39.0542,-96.2367,1
33.1783,-86.7817,1
37.5050,-77.3203,1
45.0717,-83.5644,1
38.9408,-77.4636,1
42.8939,-85.5447,1
38.4617,-76.6992,1
37.5983,-101.2908,1
58.6794,-156.6294,1
43.0431,-96.9033,1
42.3653,-93.0972,1
45.4558,-98.4131,1
41.6328,-91.5431,1
41.0908,-89.8614,1
41.4086,-102.9661,1
33.2119,-87.6161,1
42.4264,-78.1919,1
38.6661,-78.3728,1
41.3375,-84.4289,1
39.3669,-101.7000,1
38.9989,-79.1361,1
39.9444,-81.8922,1
39.8814,-77.3506,1
40.1739,-101.0611,1
31.9694,-89.2889,1
41.1042,-97.3094,1
39.2292,-106.3169,1
44.5483,-95.0803,1
29.7036,-98.0281,1
33.8750,-84.3022,1
42.5544,-92.4011,1
36.1189,-86.6892,1
32.6847,-83.6528,1
42.1397,-87.7853,1
37.6694,-79.2775,1
36.6239,-87.4194,1
39.2317,-95.6653,1
48.6147,-100.7264,1
39.7750,-105.1169,1
40.8203,-82.5178,1
41.2825,-91.7078,1
44.2667,-71.2994,1
40.0489,-107.8853,1
41.5944,-109.0528,1
42.7611,-87.8136,1
47.8214,-101.2922,1
41.5461,-98.5331,1
39.3450,-81.4392,1
32.3500,-91.0278,1
32.9733,-97.3181,1
38.6956,-121.5897,1
39.1092,-104.5997,1
48.0944,-105.5744,1
48.2553,-101.2733,1
44.2769,-88.4378,1
39.0172,-92.7558,1
41.7372,-87.7775,1
41.4333,-99.6333,1
39.7194,-76.8028,1
40.2042,-95.7064,1
38.8000,-97.6500,1
41.1531,-102.6400,1
31.3347,-92.5586,1
42.7461,-86.0967,1
38.3650,-98.5844,1
33.5656,-86.7450,1
42.6853,-91.5325,1
40.1519,-89.3386,1
42.1128,-92.9175,1
30.4781,-87.1869,1
43.4075,-94.7461,1
44.6381,-90.1875,1
30.6794,-88.2397,1
42.3161,-90.2269,1
40.5453,-102.3411,1
40.7794,-73.8803,1
39.8586,-97.2936,1
45.5100,-100.0356,1
38.7642,-87.6056,1
37.0058,-101.8867,1
37.7086,-113.0944,1
40.2064,-100.5914,1
35.8922,-78.7819,1
38.1811,-85.7392,1
40.6331,-93.9019,1
39.8183,-97.6375,1
35.5044,-82.5967,1
39.1569,-93.8906,1
39.5719,-103.2922,1
43.5458,-92.0122,1
37.7272,-80.6592,1
42.0494,-90.7489,1
38.8853,-79.8528,1
30.4603,-90.4497,1
39.4019,-77.9844,1
29.1828,-81.0483,1
47.0239,-92.0700,1
43.1406,-89.3453,1
30.6433,-89.9239,1
26.9172,-81.9914,1
31.9514,-85.1289,1
34.7442,-87.5997,1
33.4669,-82.0386,1
41.1522,-104.8056,1
39.1667,-76.6833,1
45.1947,-123.1339,1
41.1078,-92.4467,1
40.3619,-97.7331,1
47.9375,-124.5550,1
29.6833,-91.1761,1
41.1214,-100.6694,1
41.8267,-88.0581,1
43.7700,-88.4864,1
41.1944,-104.7125,1
40.6006,-89.4653,1
28.8614,-96.9303,1
41.0233,-100.3669,1
45.3206,-97.8347,1
40.4719,-81.4236,1
34.6344,-88.5622,1
40.6508,-75.4492,1
35.1075,-75.9872,1
43.9336,-92.4728,1
34.1853,-79.7239,1
41.2433,-76.9217,1
36.7683,-96.0261,1
42.3075,-85.2511,1
43.5331,-84.0797,1
41.1389,-75.3794,1
33.9706,-80.9958,1
40.9300,-77.0669,1
34.7544,-83.0750,1
44.8797,-87.3356,1
43.2419,-77.3883,1
35.2236,-80.9553,1
26.1522,-81.7753,1
38.6572,-90.6558,1
39.3756,-99.8297,1
31.9433,-102.1889,1
42.4050,-88.9794,1
18.4325,-66.0108,1
34.6439,-86.7861,1
40.2769,-74.8158,1
42.0800,-80.1825,1
40.5756,-105.0236,1
39.2203,-105.2783,1
30.1831,-97.6800,1
42.0628,-88.2861,1
40.8289,-115.7886,1
33.3644,-81.9633,1
39.4781,-88.2803,1
43.3500,-73.6167,1
41.3197,-96.3672,1
30.9119,-102.9167,1
45.4525,-99.3358,1
44.9047,-97.1494,1
45.5464,-100.4078,1
40.2233,-86.1086,1
40.1667,-103.2167,1
43.1711,-86.2367,1
35.2203,-84.7981,1
33.7792,-84.5214,1
43.6933,-92.3925,1
39.7203,-79.8561,1
31.8606,-86.0122,1
30.4803,-90.9614,1
31.6189,-97.2283,1
43.8789,-91.2528,1
13.4836,144.7961,1
48.9514,-115.6267,1
34.8831,-82.2203,1
44.3981,-98.2231,1
35.5406,-82.6531,1
35.3253,-81.5325,1
43.9317,-69.8564,1
39.1333,-86.6167,1
40.7833,-91.1253,1
41.7375,-77.1158,1
39.6428,-79.9164,1
41.1644,-84.8483,1
30.3975,-84.3289,1
38.0211,-96.6036,1
42.8375,-103.0953,1
28.7247,-96.2536,1
46.0139,-102.6547,1
43.1750,-102.7458,1
38.5872,-99.5731,1
38.5311,-79.7714,1
42.8914,-73.2469,1
38.0442,-87.5206,1
43.1114,-100.6083,1
19.7192,-155.0531,1
37.1244,-82.6339,1
39.7075,-86.2803,1
40.7122,-89.2611,1
39.1117,-100.4622,1
39.6728,-75.6008,1
26.1839,-98.2539,1
44.7408,-85.5825,1
38.3306,-96.1897,1
32.1103,-103.1872,1
34.2719,-83.8303,1
40.5156,-98.9514,1
41.8706,-103.5931,1
40.5711,-75.2781,1
38.0328,-78.5225,1
39.8344,-88.8656,1
39.8328,-104.6575,1
42.2706,-71.8731,1
39.2728,-79.3683,1
42.1928,-89.0931,1
41.1311,-77.4336,1
44.0433,-103.0536,1
39.7197,-105.2472,1
33.4964,-90.0867,1
41.4131,-81.8600,1
40.0739,-87.5067,1
37.8131,-100.3456,1
42.0025,-76.6383,1
57.1553,-170.2222,1
34.4047,-82.2489,1
40.0506,-86.5744,1
41.0569,-100.7494,1
35.8036,-82.6658,1
40.6675,-89.6839,1
46.8369,-92.2097,1
45.4247,-97.3269,1
40.1764,-80.6472,1
42.2947,-83.7108,1
32.7817,-98.0603,1
46.9258,-98.6692,1
31.5358,-82.5067,1
39.8311,-96.1833,1
39.8372,-75.0442,1
37.5333,-82.5833,1
42.4194,-94.9761,1
41.7219,-71.4325,1
41.8553,-90.9200,1
39.7833,-79.9167,1
44.4983,-88.1111,1
37.0872,-84.0769,1
29.9506,-94.0206,1
41.1758,-91.8183,1
42.1608,-71.2461,1
43.1544,-93.3269,1
38.1386,-78.4530,1
41.9950,-87.9336,1
29.3783,-100.9269,1
41.2078,-98.4608,1
34.4978,-82.7097,1
39.5781,-85.8033,1
40.5100,-101.6200,1
40.2847,-100.1433,1
35.5231,-81.4439,1
41.3119,-105.6747,1
42.4819,-114.4869,1
30.3489,-85.7881,1
37.2039,-80.4144,1
45.3036,-97.0625,1
32.5156,-92.0406,1
26.8400,-81.0872,1
32.6808,-96.8681,1
37.7608,-99.9683,1
42.7803,-84.5789,1
41.9342,-88.7756,1
31.8456,-86.6108,1
38.3833,-81.8344,1
32.7100,-96.2672,1
42.5417,-113.7661,1
35.9150,-81.5378,1
35.0678,-77.0481,1
38.0494,-103.5122,1
38.8669,-99.3169,1
29.9933,-90.2511,1
38.5911,-92.1558,1
39.8775,-98.3036,1
48.7939,-122.5372,1
38.9597,-94.3714,1
39.5514,-97.6508,1
41.3933,-87.7650,1
34.3622,-98.9761,1
61.1000,-149.6936,1
39.2231,-106.8683,1
41.6236,-98.9517,1
39.8683,-75.2311,1
40.1983,-98.0733,1
38.2281,-85.6636,1
41.1014,-102.9847,1
43.0514,-91.1350,1
40.7083,-84.0267,1
40.8500,-74.0614,1
37.3822,-102.2986,1
39.5333,-89.3069,1
39.1894,-103.7158,1
35.0097,-85.3444,1
35.0714,-83.9683,1
39.7756,-96.3503,1
42.9919,-97.8703,1
40.1394,-83.9289,1
41.0756,-97.7872,1
37.8792,-121.9303,1
43.7694,-87.8506,1
42.0364,-95.3289,1
43.6497,-70.3003,1
36.5881,-121.8453,1
41.0844,-105.2483,1
31.1828,-90.4708,1
46.5414,-102.8692,1
41.8136,-89.0239,1
37.6703,-95.4842,1
38.7978,-99.7231,1
35.9508,-85.0814,1
34.7336,-76.6606,1
30.6264,-89.0550,1
48.8411,-99.7508,1
43.1561,-90.6775,1
38.7667,-104.3000,1
41.2486,-76.9833,1
44.4122,-104.3567,1
40.5261,-80.6275,1
41.9922,-93.6217,1
43.1111,-76.1039,1
35.7425,-81.3819,1
34.7436,-118.7242,1
34.8994,-120.4486,1
41.1839,-97.5500,1
41.5339,-93.6531,1
40.4953,-107.5211,1
41.9117,-89.0708,1
41.4581,-100.5986,1
37.5658,-76.8000,1
46.9733,-122.9033,1
38.5714,-90.1572,1
39.2333,-83.6092,1
41.1733,-86.7572,1
42.1244,-86.4267,1
37.3208,-79.2067,1
41.9856,-97.4353,1
43.5697,-76.1164,1
43.3906,-99.8422,1
37.3436,-121.6425,1
35.4319,-82.5375,1
40.4350,-105.0850,1
30.7439,-95.5861,1
39.0083,-95.2117,1
39.8250,-86.2958,1
44.6500,-73.4667,1
55.2208,-162.7325,1
33.2422,-103.3611,1
41.4914,-120.5644,1
30.3567,-95.4139,1
33.4617,-80.8581,1
44.8831,-93.2289,1
38.8317,-94.8897,1
40.8836,-97.7492,1
38.8483,-77.0342,1
31.2819,-89.2531,1
39.6667,-80.8667,1
36.9647,-86.4239,1
30.3961,-84.3556,1
29.6919,-82.2756,1
39.1208,-94.5969,1
26.1658,-97.3458,1
38.0408,-84.6058,1
37.6336,-83.7161,1
29.2733,-94.8592,1
41.7356,-77.6517,1
42.3978,-90.7036,1
41.1500,-105.1667,1
40.7244,-95.0192,1
37.5908,-83.3131,1
35.2100,-99.1200,1
33.4825,-90.9853,1
44.8322,-93.4706,1
34.9914,-78.8803,1
61.1689,-150.0278,1
40.6458,-91.5639,1
48.4564,-102.5947,1
32.2997,-86.4075,1
37.9825,-103.5439,1
33.5872,-85.8556,1
35.5453,-82.6986,1
30.4844,-81.7019,1
38.1847,-84.9033,1
43.2119,-90.1814,1
42.9131,-98.8511,1
29.9342,-91.0164,1
40.3706,-95.7469,1
41.5886,-83.8014,1
39.0431,-84.6717,1
42.8733,-110.9075,1
36.7367,-97.1019,1
43.8225,-91.1914,1
41.8056,-107.1997,1
38.6550,-101.6961,1
43.1167,-77.6767,1
41.8264,-96.0506,1
40.7258,-99.0133,1
42.8975,-106.4636,1
48.5614,-93.3981,1
35.7636,-86.9322,1
40.8483,-84.9300,1
39.9356,-77.2578,1
40.4767,-99.8861,1
36.0236,-84.2375,1
44.6633,-97.2267,1
41.7072,-86.3164,1
44.5761,-71.1786,1
40.3544,-96.1939,1
30.7825,-83.2767,1
33.6542,-101.8136,1
40.1306,-99.8278,1
43.1953,-71.5011,1
30.2050,-91.9875,1
40.3444,-91.1125,1
36.2528,-81.9136,1
41.4233,-76.4933,1
30.5372,-91.1469,1
41.1203,-90.1642,1
38.0583,-83.9333,1
42.3914,-96.3792,1
46.3583,-104.2500,1
41.7803,-124.2367,1
36.4650,-83.5603,1
34.6111,-82.7269,1
36.2469,-86.5631,1
43.7022,-95.1519,1
35.2244,-85.8417,1
41.3536,-96.2094,1
40.9706,-85.2064,1
38.0969,-83.1189,1
30.0206,-92.7681,1
46.9878,-104.1567,1
33.9486,-81.1186,1
31.2361,-94.7544,1
39.2400,-86.2294,1
40.5033,-97.9372,1
40.1936,-76.7633,1
44.3592,-84.6739,1
66.8667,-162.6333,1
57.7511,-152.4856,1
34.6350,-81.5206,1
40.9656,-105.2186,1
32.3347,-88.7442,1
42.5844,-110.1075,1
38.6078,-97.9597,1
41.0469,-102.1467,1
30.6036,-92.7739,1
38.2103,-122.2847,1
33.9753,-117.6361,1
43.7667,-88.4669,1
39.9964,-79.0833,1
40.6386,-73.7622,1
39.1353,-96.6778,1
41.9903,-77.1567,1
33.3633,-84.5658,1
41.6267,-73.8842,1
39.1439,-103.4897,1
31.3089,-86.3939,1
35.8100,-80.8808,1
43.8894,-100.7078,1
40.3283,-99.6522,1
41.1783,-78.8989,1
38.7583,-120.5031,1
35.4467,-83.4622,1
42.0572,-102.8000,1
45.5406,-122.9486,1
38.6892,-75.3592,1
36.5194,-82.5275,1
28.4567,-99.2183,1
30.4714,-90.0436,1
41.3103,-95.8992,1
41.0461,-83.6622,1
40.9361,-90.7197,1
34.6081,-79.0592,1
25.9156,-97.4186,1
42.8783,-100.5500,1
45.7250,-98.3000,1
40.4517,-99.3803,1
37.0222,-100.9294,1
36.2606,-76.1750,1
38.7983,-94.4436,1
39.0800,-82.7078,1
38.9111,-101.5853,1
40.6092,-96.8719,1
31.8142,-93.0856,1
36.1306,-80.5481,1
32.4506,-93.8411,1
43.7203,-91.9717,1
41.4653,-90.5233,1
47.4500,-91.2167,1
42.1717,-100.0106,1
36.8708,-76.2289,1
41.9381,-72.6825,1
33.1803,-96.5903,1
59.5119,-139.6711,1
39.7736,-94.9233,1
39.6250,-100.4233,1
45.0619,-93.3508,1
33.2208,-92.8142,1
32.3206,-90.0778,1
42.5136,-99.0303,1
30.1250,-93.2158,1
39.2447,-102.2842,1
34.0561,-117.6003,1
39.6419,-78.7561,1
45.6528,-89.3075,1
44.0908,-92.6400,1
37.8183,-96.8444,1
39.3061,-102.2608,1
39.1019,-121.5678,1
41.3325,-122.3328,1
31.5356,-84.1944,1
39.8800,-86.0514,1
43.6750,-90.8078,1
44.3814,-106.7211,1
43.9042,-92.4917,1
44.2033,-72.5794,1
42.7972,-105.3856,1
37.5794,-81.3264,1
40.5492,-88.9500,1
40.0111,-81.5794,1
39.7078,-77.7297,1
38.9581,-100.5533,1
38.8711,-98.7053,1
45.6308,-89.4653,1
41.1314,-81.4492,1
42.2611,-88.3953,1
40.9167,-81.4333,1
43.4231,-95.1394,1
38.3406,-75.5103,1
30.0719,-91.0278,1
41.0669,-73.7075,1
38.7525,-90.3736,1
45.5114,-118.4247,1
40.6558,-97.2208,1
42.4272,-73.2892,1
34.7636,-82.1061,1
38.0700,-102.6881,1
43.9844,-88.5569,1
34.6736,-86.0536,1
34.6525,-86.9453,1
32.8192,-97.3614,1
46.8925,-101.4897,1
41.4639,-97.3278,1
44.9319,-93.0556,1
40.3161,-78.8339,1
41.2519,-100.0750,1
42.2122,-71.1136,1
42.2314,-83.3308,1
38.4683,-102.2169,1
42.0744,-88.7075,1
41.4175,-95.0042,1
38.2144,-98.2078,1
41.2544,-80.6739,1
42.0772,-91.3028,1
36.3211,-87.2217,1
40.6864,-100.0536,1
47.8967,-102.9208,1
43.5667,-116.2406,1
37.8300,-84.0347,1
64.5111,-165.4400,1
30.3361,-81.5147,1
41.7681,-74.1550,1
40.6044,-98.4272,1
37.8244,-99.5506,1
61.1781,-149.9664,1
37.7836,-81.1231,1
31.7800,-103.2017,1
40.0267,-98.0692,1
31.9206,-102.3867,1
25.6475,-80.4331,1
42.1997,-75.9850,1
39.9914,-82.8808,1
39.0642,-77.8883,1
42.6531,-96.8775,1
34.9281,-82.4781,1
36.9033,-76.1922,1
41.5833,-81.1833,1
40.3667,-75.9667,1
32.1300,-81.2100,1
42.5836,-94.2006,1
40.0225,-95.7883,1
29.3600,-99.1742,1
43.7331,-103.6114,1
47.4550,-101.1461,1
38.8500,-94.7392,1
35.0197,-82.6925,1
56.3511,-133.6264,1
44.7978,-68.8186,1
32.4219,-93.6381,1
40.8142,-85.1547,1
30.4119,-89.0808,1
43.3436,-72.5178,1
44.3206,-69.7972,1
40.5208,-101.6550,1
36.4731,-82.4044,1
39.0294,-98.1300,1
37.9931,-100.8122,1
40.2964,-78.3203,1
38.7042,-93.1833,1
33.9481,-83.3275,1
37.6197,-122.3647,1
29.8100,-99.2497,1
37.0092,-92.7561,1
34.5583,-98.4172,1
43.2358,-97.5714,1
36.5728,-79.3361,1
41.7947,-90.2639,1
40.8508,-96.7475,1
41.3661,-89.4519,1
38.5039,-122.8103,1
40.9611,-98.3136,1
43.7667,-98.0333,1
44.5178,-98.9814,1
38.5278,-81.9153,1
40.2914,-82.6547,1
34.5786,-83.3319,1
30.7531,-90.9939,1
34.3478,-85.1611,1
48.1739,-103.6367,1
42.2614,-103.5189,1
37.9406,-75.4631,1
44.9258,-89.6256,1
42.3606,-71.0106,1
40.3708,-81.7908,1
29.6222,-95.6564,1
35.2983,-86.3631,1
28.0836,-97.0464,1
42.2347,-85.5519,1
34.1925,-86.7972,1
39.2972,-94.7306,1
37.8175,-82.7883,1
40.4803,-83.8131,1
28.7797,-81.2436,1
40.7781,-111.9694,1
41.7636,-96.1778,1
37.6411,-80.8831,1
34.1231,-84.8486,1
38.5069,-121.4950,1
44.8664,-91.4878,1
43.0303,-78.1692,1
43.5878,-96.7289,1
39.2953,-114.8467,1
42.7267,-114.4564,1
39.4494,-74.5672,1
39.9061,-84.2186,1
39.8569,-93.1497,1
40.7939,-73.1017,1
35.0311,-85.2014,1
41.8031,-78.6403,1
46.9728,-123.9303,1
44.9358,-74.8458,1
35.8181,-83.9858,1
31.1522,-81.3908,1
