40.3161,-78.8339,1
40.9611,-98.3136,1
32.3206,-90.0778,1
30.6794,-88.2397,1
39.5514,-97.6508,1
33.9481,-83.3275,1
33.4669,-82.0386,1
46.8369,-92.2097,1
41.8678,-84.0794,1
38.7667,-104.3000,1
34.7436,-118.7242,1
33.2119,-87.6161,1
38.1847,-84.9033,1
44.3853,-74.2067,1
42.2314,-83.3308,1
43.1544,-93.3269,1
42.1997,-75.9850,1
31.2819,-89.2531,1
32.3347,-88.7442,1
34.6439,-86.7861,1
44.2033,-72.5794,1
30.3489,-85.7881,1
36.9033,-76.1922,1
41.1783,-78.8989,1
38.7042,-93.1833,1
34.8831,-82.2203,1
30.1250,-93.2158,1
40.7083,-84.0267,1
38.8500,-94.7392,1
42.2706,-71.8731,1
39.2972,-94.7306,1
44.3814,-106.7211,1
31.7800,-103.2017,1
40.7833,-91.1253,1
40.6044,-98.4272,1
35.8181,-83.9858,1
34.3478,-85.1611,1
30.2050,-91.9875,1
41.6117,-90.5808,1
35.4319,-82.5375,1
42.8153,-108.7261,1
34.6525,-86.9453,1
43.3906,-99.8422,1
41.1519,-104.8061,1
33.1783,-86.7817,1
32.3500,-91.0278,1
38.9286,-90.4281,1
37.5908,-83.3131,1
37.7608,-99.9683,1
41.5886,-83.8014,1
38.8317,-94.8897,1
35.7425,-81.3819,1
31.5358,-82.5067,1
29.7333,-85.0333,1
37.0872,-84.0769,1
39.5781,-85.8033,1
36.0236,-84.2375,1
42.0800,-80.1825,1
44.3206,-69.7972,1
61.1689,-150.0278,1
32.2997,-86.4075,1
41.7806,-122.4717,1
46.7994,-102.7972,1
41.9950,-87.9336,1
41.1389,-75.3794,1
30.3975,-84.3289,1
35.9508,-85.0814,1
30.0375,-91.8839,1
36.2606,-76.1750,1
42.3978,-90.7036,1
46.3583,-104.2500,1
40.1667,-103.2167,1
43.9042,-92.4917,1
39.3669,-101.7000,1
42.7611,-87.8136,1
61.1781,-149.9664,1
42.5950,-87.9381,1
37.9406,-75.4631,1
41.1014,-102.9847,1
33.8117,-78.7239,1
40.6331,-93.9019,1
41.8833,-91.7167,1
40.8203,-82.5178,1
40.9706,-85.2064,1
39.9061,-84.2186,1
33.3644,-81.9633,1
39.4519,-87.3089,1
39.2447,-102.2842,1
37.9272,-100.7247,1
31.1828,-90.4708,1
43.7331,-103.6114,1
34.0500,-94.4008,1
46.0139,-102.6547,1
38.9597,-94.3714,1
41.4653,-90.5233,1
41.3375,-84.4289,1
44.3814,-100.2856,1
38.0494,-103.5122,1
40.4953,-107.5211,1
41.3325,-122.3328,1
36.4731,-82.4044,1
39.1353,-96.6778,1
44.0433,-103.0536,1
38.5039,-122.8103,1
