29.43856519,-99.28337380,207.10
29.49527778,-98.59555560,176.99
29.54777778,-98.63555560,189.15
29.56364765,-95.11915340,131.81
29.58777778,-98.54861110,231.85
29.86779720,-99.56718890,248.17
30.21033889,-97.78158330,138.35
31.17452778,-81.48327780,3.24
31.68527778,-88.65750000,26.50
32.55364444,-117.06160280,45.56
32.55364444,-117.06160280,45.60
32.55364444,-117.06160280,45.62
32.55364444,-117.06160280,16.79
32.55364444,-117.06160280,15.59
32.59100556,-117.08347500,47.86
32.59100556,-117.08347500,44.60
32.59100556,-117.08347500,27.40
32.59100556,-117.08347500,24.70
32.59100556,-117.08347500,13.52
32.59123610,-117.05389170,-17.62
32.59123610,-117.05389170,-19.76
32.59123610,-117.05389170,9.79
32.59123610,-117.05389170,24.12
32.59123610,-117.05389170,27.60
32.61659720,-117.05941100,64.04
32.61659720,-117.05941100,63.38
32.61659720,-117.05941100,93.12
32.61659720,-117.05941100,117.50
32.61659720,-117.05941100,116.32
32.61659720,-117.05941100,119.02
32.62634167,-107.01901110,10.22
32.65441389,-117.09824440,55.74
32.65441389,-117.09824440,48.89
32.65441389,-117.09824440,42.44
32.65441389,-117.09824440,23.67
32.65441389,-117.09824440,20.84
32.65903610,-117.08557780,-69.13
32.65903610,-117.08557780,42.42
32.65903610,-117.08557780,59.07
32.65903610,-117.08557780,123.61
32.65903610,-117.08557780,25.02
32.65903610,-117.08557780,17.65
32.66863889,-107.16533330,13.04
32.68208056,-117.11238060,34.09
32.68208056,-117.11238060,12.00
32.68208056,-117.11238060,12.47
32.68208056,-117.11238060,11.81
32.68208056,-117.11238060,9.17
32.68779444,-117.08559720,109.97
32.68779444,-117.08559720,133.12
32.68779444,-117.08559720,133.29
32.68779444,-117.08559720,124.95
32.68779444,-117.08559720,97.97
32.71893333,-117.10994720,-15.09
32.71893333,-117.10994720,-13.47
32.71893333,-117.10994720,-10.64
32.71893333,-117.10994720,86.87
32.71893333,-117.10994720,87.02
32.71893333,-117.10994720,87.25
32.73776110,-117.07223890,233.96
32.73776110,-117.07223890,234.03
32.73776110,-117.07223890,223.61
32.73776110,-117.07223890,217.56
32.73776110,-117.07223890,155.83
32.73776110,-117.07223890,37.34
32.77809167,-117.12085560,-14.77
32.77809167,-117.12085560,-14.88
32.77809167,-117.12085560,-15.13
32.77809167,-117.12085560,-11.82
32.77809167,-117.12085560,18.87
32.83169444,-107.30338890,12.69
33.05567220,-117.04639720,23.65
33.05567220,-117.04639720,16.79
33.05567220,-117.04639720,16.78
33.08734444,-116.97475560,65.01
33.08734444,-116.97475560,65.06
33.08734444,-116.97475560,64.82
33.09875000,-117.01713890,19.33
33.09875000,-117.01713890,19.27
33.09875000,-117.01713890,18.67
33.10688889,-91.92457220,85.02
33.18438333,-92.63392220,320.51
33.21568595,-92.81043890,312.51
33.23176944,-92.54004720,272.90
33.24415556,-92.69144720,276.83
33.26904167,-93.24683610,267.28
33.36830278,-92.72461110,149.30
33.46320278,-117.10432780,93.84
33.46320278,-117.10432780,72.29
33.47213056,-117.11857220,40.18
33.47213056,-117.11857220,45.06
33.47213056,-117.11857220,47.31
33.47213056,-117.11857220,42.85
33.47213056,-117.11857220,27.96
33.47213056,-117.11857220,24.69
33.48272220,-117.07588890,304.03
33.48272220,-117.07588890,327.07
33.48272220,-117.07588890,344.92
33.48272220,-117.07588890,97.36
33.48272220,-117.07588890,49.21
33.50047220,-117.01605560,320.14
33.50047220,-117.01605560,330.49
33.50047220,-117.01605560,322.96
33.50047220,-117.01605560,84.51
33.54750000,-90.54388890,29.78
33.70583330,-89.74083330,9.99
33.85925830,-117.23456940,67.07
33.88238056,-91.25823330,37.43
33.90231110,-117.26227780,12.51
33.94194444,-78.00972220,61.96
33.94194444,-78.00972220,24.65
33.94194444,-78.00972220,1.99
33.98027778,-78.09527780,41.63
34.01291667,-117.03639170,356.24
34.01291667,-117.03639170,358.70
34.01291667,-117.03639170,357.14
34.01291667,-117.03639170,354.39
34.02497778,-117.09709170,334.47
34.02497778,-117.09709170,335.71
34.02497778,-117.09709170,340.53
34.02497778,-117.09709170,133.28
34.02676944,-117.06087780,315.41
34.02676944,-117.06087780,317.05
34.02676944,-117.06087780,284.55
34.02676944,-117.06087780,260.22
34.02676944,-117.06087780,260.11
34.04682500,-117.03587780,315.31
34.04682500,-117.03587780,314.89
34.04682500,-117.03587780,314.52
34.04682500,-117.03587780,314.34
34.06948056,-117.28391100,142.27
34.06948056,-117.28391100,152.17
34.06948056,-117.28391100,132.64
34.07741110,-117.29515000,113.46
34.07741110,-117.29515000,116.94
34.08432220,-117.17720830,236.85
34.08432220,-117.17720830,236.85
34.08432220,-117.17720830,236.79
34.08432220,-117.17720830,236.81
34.08936110,-117.35566940,264.87
34.08936110,-117.35566940,270.62
34.08936110,-117.35566940,282.78
34.08936110,-117.35566940,281.70
34.08936110,-117.35566940,274.34
34.09471667,-117.12882220,356.98
34.09471667,-117.12882220,357.02
34.10414167,-117.28645000,160.89
34.10414167,-117.28645000,127.34
34.10414167,-117.28645000,63.15
34.11511389,-117.31174440,229.84
34.11849167,-117.27437220,212.55
34.11849167,-117.27437220,210.15
34.11849167,-117.27437220,166.99
34.44196944,-119.74028060,395.39
34.12113889,-117.38506100,395.30
34.12113889,-117.38506100,395.07
34.12113889,-117.38506100,394.86
34.12113889,-117.38506100,394.88
34.13428889,-117.38403330,498.38
34.13428889,-117.40070000,498.06
34.13428889,-117.40070000,498.14
34.13451110,-117.37268060,332.24
34.13451110,-117.37268060,332.22
34.13451110,-117.37268060,317.91
34.13451110,-117.37268060,318.74
34.24786667,-91.91116670,273.48
34.44197220,-119.74028060,138.46
34.46473330,-91.42093610,101.16
34.51337500,-93.05114170,115.69
34.51943330,-90.77263330,18.79
34.58259000,-96.67945220,104.27
34.62398896,-93.80519790,46.77
34.75500000,-79.46722220,8.69
34.76222220,-79.44361110,20.43
34.77775885,-120.46321970,74.31
34.77775885,-120.46321970,76.27
34.77775885,-120.46321970,65.36
34.78083330,-91.59750000,135.59
34.78133330,-91.64094440,114.91
34.79694444,-98.58416670,7.88
34.84947500,-91.88111670,124.52
34.93418918,-110.75152420,267.53
35.00057760,-110.59929800,37.41
35.16640267,-110.94041790,227.36
35.17279000,-111.10569940,614.46
35.19055556,-79.50388889,90.31
35.19200000,-79.46475000,53.97
35.20390096,-111.03986460,329.04
35.23175000,-92.38986110,7.18
35.39478330,-90.35851390,26.61
35.45716667,-90.87536110,108.51
35.60152778,-90.85194440,121.72
35.82102778,-90.85680560,86.41
35.99013056,-92.20633060,65.93
36.01416800,-110.51208000,423.62
36.16977778,-79.99827780,22.18
36.20777575,-110.41069030,839.53
36.49083360,-109.94817270,374.52
36.50502500,-76.49809440,0.69
36.52805329,-110.59903000,216.87
36.54814167,-76.43200278,0.89
36.55267220,-114.92454440,833.84
36.55538610,-76.42594720,0.98
36.56038889,-75.99724170,12.82
36.56034720,-75.99720000,3.98
36.58416389,-115.64910000,327.91
36.60709610,-76.87357080,97.98
36.60709610,-76.87357080,176.51
36.60709610,-76.87357080,177.33
36.60904034,-76.96662840,115.47
36.64722180,-110.17068350,211.68
36.65792848,-76.55772770,8.71
36.67441389,-76.45040000,0.25
36.67598408,-76.94023890,123.25
36.67598408,-76.94023890,129.48
36.68320624,-76.91329390,135.87
36.69104276,-76.00948530,1.93
36.70491667,-78.03240560,18.51
36.70764998,-76.12937859,77.21
36.70764998,-76.12937859,73.27
36.71645000,-76.43981940,0.54
36.71626944,-76.44048060,0.07
36.72149167,-76.49578060,0.19
36.72371439,-76.02054720,9.02
36.72722130,-110.26318800,169.29
36.76620460,-76.12862069,8.54
36.76618518,-76.12868740,11.59
36.76889444,-76.89615000,113.40
36.77885275,-77.07101120,110.54
36.77886940,-77.07103620,97.71
36.77886664,-77.07106678,22.37
36.77888050,-77.07116120,12.35
36.78073330,-114.72273890,395.68
36.78431615,-76.64328700,160.93
36.78431615,-76.64328700,162.28
36.78738538,-76.05153760,13.08
36.78737704,-76.05153760,9.34
36.79566667,-114.89280560,356.12
36.79631667,-76.01160830,7.49
36.79645278,-76.01197500,6.46
36.80403855,-76.73495750,0.29
36.80403855,-76.73495750,148.60
36.80403855,-76.73495750,146.98
36.85931567,-76.58634110,136.23
36.85931567,-76.58634110,136.94
36.86400000,-76.08631670,22.73
36.86950094,-88.65366060,9.61
36.87665209,-112.74103680,87.93
36.90081850,-112.75853800,88.74
36.90299444,-76.12118889,8.88
36.90299720,-76.12121940,7.35
36.92515020,-77.17746768,82.62
36.92515020,-77.17746768,68.94
36.92515020,-77.17746768,61.56
36.93387380,-112.76798390,72.38
36.96431588,-76.72606929,145.85
36.96431588,-76.72606929,146.04
36.96431588,-76.72606929,5.11
36.96557828,-76.41970528,105.43
37.01478626,-76.89387410,132.78
37.01478070,-76.89382410,132.75
37.01477237,-76.89375750,132.71
37.04292235,-77.19465300,101.15
37.04296400,-77.19465580,99.80
37.04300290,-77.19465300,91.33
37.04286680,-77.19465300,25.86
37.10110278,-82.67724170,37.23
37.12014784,-76.69190130,7.92
37.13679555,-80.43838460,2.76
37.14486747,-76.46411579,6.90
37.18939444,-78.19555830,16.03
37.20236790,-76.56939720,151.60
37.20236790,-76.56939720,150.71
37.20236790,-76.56939720,71.89
37.20236790,-76.56939720,23.58
37.20236790,-76.56939720,26.15
37.26208280,-76.00909990,10.91
37.27903868,-77.41248300,15.81
37.28152597,-79.92226000,18.53
37.31149720,-81.97808330,21.32
37.34813056,-78.82715000,1.12
37.36264660,-76.82523930,190.93
37.36383889,-79.70635830,39.15
37.36562074,-76.72090800,128.44
37.36570408,-76.72092200,128.31
37.37315000,-80.39666389,38.92
37.37344444,-79.70996389,8.52
37.42658530,-76.96984690,118.51
37.42663530,-76.96987190,114.72
37.42666030,-76.96989130,114.63
37.42670750,-76.96992740,113.35
37.42660754,-76.96985799,32.44
37.42667976,-76.96990799,11.94
37.42857220,-79.49836389,14.38
37.42857220,-79.49836389,7.70
37.43570094,-78.67917510,29.22
37.44412980,-114.87000680,863.07
37.45152370,-75.93271030,7.28
37.51504720,-76.97880830,95.19
37.52943056,-78.27006110,35.21
37.55463685,-77.21441380,211.22
37.55463960,-77.21436100,209.95
37.62708827,-77.14191740,19.54
37.63291260,-79.45420270,22.33
37.64416667,-81.43111110,25.59
37.65675250,-77.37456400,178.01
37.65676080,-77.37454738,178.04
37.65676917,-77.37452520,12.90
37.70413030,-114.75944850,393.47
37.74040694,-75.66631808,50.93
37.74040694,-75.66631808,82.10
37.74096248,-75.66631809,104.54
37.74491690,-77.20492580,185.32
37.74494470,-77.20491740,193.80
37.74497248,-77.20490909,184.50
37.74500025,-77.20490350,59.27
37.74819444,-88.43805560,7.73
37.83489167,-76.30873610,60.97
37.87034970,-76.31715100,146.21
37.87034970,-76.31715380,157.51
37.87034970,-76.31715660,158.51
37.87029414,-76.31722049,158.68
37.87027748,-76.31725100,107.65
37.87024970,-76.31729270,105.40
37.87021080,-76.31734550,96.78
37.87018026,-76.31737880,70.86
37.87015526,-76.31741220,57.48
37.94317890,-75.45381180,8.61
37.94317890,-75.45381180,11.41
37.94317890,-75.45381180,29.13
37.94317890,-75.45381180,25.92
37.94219559,-75.45474240,21.2
37.95651260,-75.57853770,8.96
38.04785830,-79.79101670,6.91
38.09190245,-114.89584270,844.20
38.11484119,-80.26451729,69.27
38.13745090,-115.33974820,795.56
38.16735704,-78.16139130,24.70
38.16957560,-77.03830640,208.53
38.18624179,-76.91774750,74.45
38.19235278,-76.91913650,9.64
38.24633330,-81.65855560,18.63
38.33566710,-80.49091810,24.33
38.36401590,-78.71085470,69.39
38.36794444,-82.51247220,35.52
38.13040997,-79.06836218,19.88
38.57317638,-77.41609530,7.82
38.77706667,-75.25886670,10.95
38.80581944,-78.78963889,13.83
38.83263330,-77.80481110,19.59
38.84522220,-75.66569440,15.29
38.92244420,-114.84417930,432.72
38.93538880,-77.63610360,8.24
38.94955500,-77.36665240,15.61
38.98069444,-79.94394440,46.04
39.03233520,-74.89239330,12.46
39.05918330,-78.61878060,16.28
39.06344010,-78.06499810,38.47
39.10649516,-77.52804540,24.94
39.12851944,-77.84576940,28.80
39.17150000,-80.41208330,44.09
39.21902778,-81.11166670,27.88
39.27421786,-85.89554660,17.62
39.35121160,-77.92971910,23.05
39.36663889,-78.88886110,26.16
39.45672220,-77.97252780,48.90
39.45900397,-75.15768338,5.48
39.45900397,-75.15768338,5.57
39.45900397,-75.15768338,169.63
39.46591667,-77.83608330,50.20
39.55271470,-114.79807530,11.50
39.55928348,-74.74016220,37.72
39.63716457,-113.87471490,11.14
39.67718056,-116.31130000,37.36
39.71058586,-75.45669539,13.42
39.73178139,-75.04933690,15.72
39.83115300,-86.18582160,19.13
39.86456196,-74.47959550,23.40
39.87310830,-86.36168060,6.24
39.87311389,-86.36168889,5.85
39.87319167,-86.36149170,5.52
39.87320278,-86.36148610,5.13
39.99122320,-74.84044200,6.23
40.02860270,-101.87156760,20.83
40.04147220,-75.17933330,16.11
40.04372666,-74.35737020,28.13
40.20472220,-80.60777780,36.95
40.30121878,-74.72349360,31.81
40.36205290,-74.31320280,5.06
40.36427285,-74.88099860,2.18
40.43205038,-74.45487420,17.70
40.43319444,-87.59069440,22.30
40.54471810,-101.66683690,111.44
40.57732477,-74.86044348,10.46
40.58815820,-74.75655140,26.24
40.62204480,-75.15461890,7.93
40.66500000,-99.25583330,9.57
40.68510200,-74.28820318,6.96
40.72861110,-99.45805560,21.78
40.75362358,-98.30367120,66.24
40.75362358,-98.30367120,66.08
40.77168040,-98.84591220,21.50
40.78806200,-99.76844980,8.32
40.81787740,-74.68099480,13.21
40.83028447,-99.74983760,13.50
40.83722220,-99.98611110,8.75
40.85806670,-99.15314630,135.46
40.85833330,-99.15305560,135.54
40.87416667,-98.28222220,7.68
40.88890160,-98.50951220,21.79
40.91222220,-100.12838890,4.92
40.94202778,-98.62683330,33.88
41.01582480,-95.13082170,12.25
41.03167450,-99.66344370,48.03
41.03232778,-98.74045560,7.38
41.03537519,-74.44959940,4.58
41.04675000,-99.27972220,109.42
41.08037446,-74.80988930,26.36
41.10436110,-98.19297220,12.14
41.15398430,-74.88405820,20.82
41.16168124,-97.96366890,5.84
41.16972247,-96.46974240,42.47
41.19041667,-99.70697220,1.83
41.29322220,-96.28375000,12.85
41.29377778,-97.44516670,17.94
41.36509999,-71.77423360,13.41
41.42277778,-100.20337780,2.73
41.48843449,-71.53561590,13.43
41.52508330,-100.88836110,102.92
41.53223249,-98.98703320,37.00
41.63379720,-70.54067590,7.50
41.64898610,-103.88999440,29.79
41.68524899,-103.39438180,165.02
41.69013249,-70.52012820,17.02
41.69436570,-70.52044210,30.20
41.69998230,-70.51774760,97.07
41.70542100,-70.52600060,100.32
41.72112840,-91.42238910,16.42
41.77693330,-99.37970280,7.54
41.77858610,-100.52516110,14.73
41.83110278,-100.10086670,4.01
41.83958330,-96.72850000,9.67
41.85496960,-103.03631780,11.70
41.88845556,-85.40933610,0.31
41.93306390,-98.01478620,97.15
41.94173889,-99.86010280,4.20
42.03443974,-101.33516830,4.29
42.05027500,-103.93023330,80.89
42.05727810,-79.49921640,0.74
42.09172945,-78.74753220,7.64
42.14111110,-76.81277778,23.95
42.17676389,-88.09581670,151.64
42.18222220,-88.63555560,9.21
42.18887220,-88.47170560,29.81
42.18944444,-88.37416670,16.75
42.18944444,-88.37444440,21.97
42.19227778,-88.14991670,66.39
42.19275278,-110.16299440,5.30
42.19396475,-75.85325000,28.38
42.19583330,-88.33000000,2.29
42.19583330,-88.33000000,89.36
42.19924216,-75.89797408,68.53
42.20278308,-98.67258670,6.20
42.20352778,-76.52594440,21.97
42.20478020,-79.30976880,1.26
42.21133056,-88.17170560,22.74
42.22251667,-88.56976940,73.23
42.22805556,-88.47694440,10.12
42.22805556,-88.47694440,10.36
42.22805556,-88.47694440,10.13
42.25333330,-77.79111110,4.71
42.25916667,-88.70500000,5.99
42.26222220,-78.03694440,-0.90
42.26316667,-88.23975000,93.99
42.26563617,-75.47073640,6.74
42.27388889,-88.52055560,4.28
42.27388889,-88.52055560,5.25
42.27608330,-88.21633330,12.42
42.28137778,-88.61924720,20.03
42.28137778,-88.61924720,28.88
42.28137778,-88.61924720,20.32
42.30555556,-88.26250000,47.02
42.30555556,-88.26250000,46.95
42.31454035,-71.36755950,16.68
42.32064720,-88.21475830,22.00
42.34233610,-88.37235280,34.69
42.35556110,-88.55236670,34.16
42.36166667,-88.50861110,37.42
42.36166667,-88.50861110,37.67
42.36166667,-88.50861110,38.08
42.36389265,-97.67367400,29.36
42.38555556,-88.33222220,11.55
42.38555556,-88.33222220,53.05
42.38555556,-88.38611110,6.34
42.38555556,-88.38611110,17.38
42.38546389,-88.44490830,11.88
42.38966667,-76.31750000,19.69
42.39954444,-88.60061940,33.00
42.40913330,-88.23501670,31.90
42.41257085,-77.34220320,8.97
42.45044444,-79.01427780,27.92
42.45111110,-88.64805560,7.99
42.45111110,-88.64805560,7.66
42.45285010,-76.77439779,7.91
42.46747220,-97.05468890,2.38
42.47912220,-88.48162500,26.42
42.48000000,-88.31944440,8.61
42.48000000,-88.31944440,13.39
42.48000000,-88.31944440,11.95
42.48288056,-88.39884440,28.72
42.48383330,-76.79933330,36.67
42.48888889,-76.46472220,4.96
42.49027778,-88.43166670,-11.95
42.49027778,-88.43166670,-11.90
42.53000197,-98.50202770,50.99
42.56722220,-109.93022220,5.63
42.62500190,-98.93370560,38.46
42.62867339,-78.11862010,12.76
42.64083330,-76.06638889,6.33
42.69340779,-75.04710349,5.51
42.69951470,-76.42160260,19.70
42.72972220,-76.88388889,0.07
42.74777778,-76.13861110,5.26
42.81163330,-71.01159720,14.34
42.91333330,-76.58333330,11.07
42.94750000,-70.96027778,52.98
42.95111110,-78.60166670,12.19
42.96750000,-77.25333330,2.52
42.97250000,-76.77033330,3.35
42.97580556,-77.84408330,11.64
42.97784110,-77.22720290,3.45
42.97938889,-75.84575000,131.84
42.98694444,-78.14861110,35.33
43.01562410,-75.59434610,9.63
43.02944444,-78.17027780,10.50
43.03138889,-100.88611110,21.06
43.04534410,-76.30076300,12.81
43.04534410,-76.30076300,13.96
43.04728539,-77.47610580,8.34
43.05311110,-77.08750000,12.79
43.05388889,-100.62222220,45.91
43.06027778,-100.40888890,31.26
43.07083330,-100.75416670,19.04
43.12388889,-101.05972220,27.91
43.12755657,-78.84059259,1.80
43.14277778,-108.70888890,12.27
43.15677778,-78.40363889,41.48
43.17916667,-78.26802780,22.23
43.19944444,-100.76944440,84.58
43.21894450,-78.91226320,4.53
43.24111110,-100.33250000,22.26
43.36333330,-76.38083330,23.04
43.36333330,-76.38083330,23.03
43.45836110,-110.79702780,18.58
43.61794490,-116.18595000,-15.44
43.62388889,-96.74583330,11.55
43.63108570,-96.72449470,8.38
43.68307240,-83.21772780,33.96
43.72472220,-96.87000000,6.10
43.73344537,-121.46710590,28.18
45.26801720,-97.12174580,78.15
45.35412738,-97.18619330,14.09
45.38444440,-97.14416670,16.43
45.47761740,-122.50790470,27.04
45.47762575,-122.50791860,11.53
45.52653770,-112.70138460,5.87
45.56611110,-98.43361110,8.95
45.58750000,-97.14388890,7.78
45.63857110,-96.95730110,57.80
45.74084520,-84.71115950,4.68
46.31120000,-97.92656390,6.01
46.32620556,-118.13855830,38.65
46.39888056,-97.92406110,20.32
46.44155556,-97.27466670,6.11
46.57286110,-99.45504720,18.79
46.57255556,-97.19861110,6.43
46.81008610,-99.74377780,15.97
46.84241389,-122.96003890,32.83
46.87808056,-98.48146940,34.29
46.96145830,-102.68558610,17.75
47.94673330,-97.62269170,23.11
61.29000970,-149.59637560,110.19
64.75777778,-147.22361100,8.54
