29.43856519,-99.28337380,206.84
29.49527778,-98.59555560,176.71
29.54777778,-98.63555560,188.84
29.56364765,-95.11915340,131.74
29.58777778,-98.54861110,233.11
29.86779720,-99.56718890,247.89
30.21033889,-97.78158330,137.45
31.17452778,-81.48327780,2.13
31.68527778,-88.65750000,26.12
32.55364444,-117.06160280,45.60
32.55364444,-117.06160280,45.65
32.55364444,-117.06160280,45.66
32.55364444,-117.06160280,16.82
32.55364444,-117.06160280,15.63
32.59100556,-117.08347500,47.99
32.59100556,-117.08347500,44.67
32.59100556,-117.08347500,26.79
32.59100556,-117.08347500,24.58
32.59100556,-117.08347500,13.38
32.59123610,-117.05389170,-17.56
32.59123610,-117.05389170,-19.72
32.59123610,-117.05389170,9.83
32.59123610,-117.05389170,24.11
32.59123610,-117.05389170,27.56
32.61659720,-117.05941100,64.10
32.61659720,-117.05941100,63.46
32.61659720,-117.05941100,93.19
32.61659720,-117.05941100,117.56
32.61659720,-117.05941100,116.43
32.61659720,-117.05941100,119.02
32.62634167,-107.01901110,10.14
32.65441389,-117.09824440,56.06
32.65441389,-117.09824440,49.17
32.65441389,-117.09824440,42.74
32.65441389,-117.09824440,23.84
32.65441389,-117.09824440,20.88
32.65903610,-117.08557780,-68.98
32.65903610,-117.08557780,42.58
32.65903610,-117.08557780,59.25
32.65903610,-117.08557780,123.80
32.65903610,-117.08557780,25.34
32.65903610,-117.08557780,17.79
32.66863889,-107.16533330,13.05
32.68208056,-117.11238060,34.24
32.68208056,-117.11238060,12.28
32.68208056,-117.11238060,12.56
32.68208056,-117.11238060,11.87
32.68208056,-117.11238060,9.30
32.68779444,-117.08559720,110.06
32.68779444,-117.08559720,133.11
32.68779444,-117.08559720,133.29
32.68779444,-117.08559720,125.07
32.68779444,-117.08559720,97.97
32.71893333,-117.10994720,-15.02
32.71893333,-117.10994720,-13.38
32.71893333,-117.10994720,-10.58
32.71893333,-117.10994720,86.93
32.71893333,-117.10994720,87.02
32.71893333,-117.10994720,87.26
32.73776110,-117.07223890,234.06
32.73776110,-117.07223890,234.11
32.73776110,-117.07223890,223.68
32.73776110,-117.07223890,217.61
32.73776110,-117.07223890,156.32
32.73776110,-117.07223890,37.36
32.77809167,-117.12085560,-14.59
32.77809167,-117.12085560,-14.84
32.77809167,-117.12085560,-15.10
32.77809167,-117.12085560,-11.80
32.77809167,-117.12085560,18.97
32.83169444,-107.30338890,12.71
33.05567220,-117.04639720,22.27
33.05567220,-117.04639720,16.71
33.05567220,-117.04639720,16.81
33.08734444,-116.97475560,65.12
33.08734444,-116.97475560,65.15
33.08734444,-116.97475560,64.92
33.09875000,-117.01713890,19.31
33.09875000,-117.01713890,19.25
33.09875000,-117.01713890,18.63
33.10688889,-91.92457220,84.60
33.18438333,-92.63392220,320.06
33.21568595,-92.81043890,311.99
33.23176944,-92.54004720,272.52
33.24415556,-92.69144720,276.36
33.26904167,-93.24683610,266.80
33.36830278,-92.72461110,148.87
33.46320278,-117.10432780,94.03
33.46320278,-117.10432780,72.29
33.47213056,-117.11857220,40.26
33.47213056,-117.11857220,45.10
33.47213056,-117.11857220,47.16
33.47213056,-117.11857220,42.75
33.47213056,-117.11857220,27.69
33.47213056,-117.11857220,24.60
33.48272220,-117.07588890,304.20
33.48272220,-117.07588890,327.58
33.48272220,-117.07588890,339.63
33.48272220,-117.07588890,97.53
33.48272220,-117.07588890,49.23
33.50047220,-117.01605560,320.10
33.50047220,-117.01605560,330.42
33.50047220,-117.01605560,323.04
33.50047220,-117.01605560,83.64
33.54750000,-90.54388890,29.78
33.70583330,-89.74083330,9.75
33.85925830,-117.23456940,67.10
33.88238056,-91.25823330,37.41
33.90231110,-117.26227780,12.61
33.94194444,-78.00972220,62.26
33.94194444,-78.00972220,24.68
33.94194444,-78.00972220,2.32
33.98027778,-78.09527780,41.48
34.01291667,-117.03639170,356.35
34.01291667,-117.03639170,358.82
34.01291667,-117.03639170,357.29
34.01291667,-117.03639170,354.51
34.02497778,-117.09709170,319.87
34.02497778,-117.09709170,319.21
34.02497778,-117.09709170,320.39
34.02497778,-117.09709170,137.48
34.02676944,-117.06087780,315.54
34.02676944,-117.06087780,317.16
34.02676944,-117.06087780,284.71
34.02676944,-117.06087780,260.24
34.02676944,-117.06087780,260.14
34.04682500,-117.03587780,315.12
34.04682500,-117.03587780,314.76
34.04682500,-117.03587780,314.35
34.04682500,-117.03587780,314.16
34.06948056,-117.28391100,142.39
34.06948056,-117.28391100,152.02
34.06948056,-117.28391100,132.66
34.07741110,-117.29515000,113.24
34.07741110,-117.29515000,116.91
34.08432220,-117.17720830,237.61
34.08432220,-117.17720830,237.47
34.08432220,-117.17720830,237.22
34.08432220,-117.17720830,237.18
34.08936110,-117.35566940,264.92
34.08936110,-117.35566940,270.77
34.08936110,-117.35566940,282.89
34.08936110,-117.35566940,281.73
34.08936110,-117.35566940,274.39
34.09471667,-117.12882220,356.26
34.09471667,-117.12882220,356.38
34.10414167,-117.28645000,161.09
34.10414167,-117.28645000,127.54
34.10414167,-117.28645000,63.16
34.11511389,-117.31174440,229.96
34.11849167,-117.27437220,212.48
34.11849167,-117.27437220,210.25
34.11849167,-117.27437220,167.10
34.44196944,-119.74028060,395.39
34.12113889,-117.38506100,395.33
34.12113889,-117.38506100,395.13
34.12113889,-117.38506100,394.93
34.12113889,-117.38506100,394.95
34.13428889,-117.38403330,498.20
34.13428889,-117.40070000,498.09
34.13428889,-117.40070000,498.17
34.13451110,-117.37268060,332.40
34.13451110,-117.37268060,332.38
34.13451110,-117.37268060,318.02
34.13451110,-117.37268060,318.75
34.24786667,-91.91116670,272.79
34.44197220,-119.74028060,137.75
34.46473330,-91.42093610,101.83
34.51337500,-93.05114170,115.13
34.51943330,-90.77263330,18.64
34.58259000,-96.67945220,103.98
34.62398896,-93.80519790,45.71
34.75500000,-79.46722220,9.72
34.76222220,-79.44361110,20.02
34.77775885,-120.46321970,74.29
34.77775885,-120.46321970,75.46
34.77775885,-120.46321970,64.96
34.78083330,-91.59750000,134.10
34.78133330,-91.64094440,114.11
34.79694444,-98.58416670,7.09
34.84947500,-91.88111670,123.35
34.93418918,-110.75152420,267.50
35.00057760,-110.59929800,37.41
35.16640267,-110.94041790,227.29
35.17279000,-111.10569940,614.44
35.19055556,-79.50388889,80.52
35.19200000,-79.46475000,41.22
35.20390096,-111.03986460,328.99
35.39478330,-90.35851390,26.22
35.45716667,-90.87536110,107.98
35.60152778,-90.85194440,120.88
35.82102778,-90.85680560,85.87
35.99013056,-92.20633060,64.61
36.01416800,-110.51208000,423.54
36.16977778,-79.99827780,22.04
36.20777575,-110.41069030,839.43
36.49083360,-109.94817270,374.34
36.50502500,-76.49809440,0.68
36.52805329,-110.59903000,216.75
36.54814167,-76.43200278,0.93
36.54915556,-76.45611110,1.21
36.55267220,-114.92454440,833.84
36.55538610,-76.42594720,1.03
36.56038889,-75.99724170,12.86
36.56034720,-75.99720000,4.30
36.58416389,-115.64910000,327.91
36.60709610,-76.87357080,98.04
36.60709610,-76.87357080,176.58
36.60709610,-76.87357080,177.32
36.60904034,-76.96662840,115.52
36.64722180,-110.17068350,211.58
36.65792848,-76.55772770,8.69
36.67441389,-76.45040000,0.30
36.67598408,-76.94023890,123.26
36.67598408,-76.94023890,129.46
36.68320624,-76.91329390,135.86
36.69104276,-76.00948530,1.99
36.70491667,-78.03240560,18.61
36.71645000,-76.43981940,0.68
36.71626944,-76.44048060,0.09
36.72149167,-76.49578060,0.24
36.72371439,-76.02054720,8.84
36.72722130,-110.26318800,169.61
36.76620460,-76.12862069,8.29
36.76618518,-76.12868740,11.39
36.76889444,-76.89615000,113.47
36.77885275,-77.07101120,110.56
36.77886940,-77.07103620,97.74
36.77886664,-77.07106678,22.39
36.77888050,-77.07116120,12.38
36.78073330,-114.72273890,395.71
36.78431615,-76.64328700,161.07
36.78431615,-76.64328700,162.41
36.78738538,-76.05153760,13.09
36.78737704,-76.05153760,9.45
36.79566667,-114.89280560,356.19
36.79631667,-76.01160830,7.55
36.79645278,-76.01197500,6.51
36.80403855,-76.73495750,0.56
36.80403855,-76.73495750,148.52
36.80403855,-76.73495750,147.01
36.85931567,-76.58634110,135.68
36.85931567,-76.58634110,136.53
36.86400000,-76.08631670,23.00
36.86950094,-88.65366060,8.52
36.87665209,-112.74103680,87.92
36.90081850,-112.75853800,88.73
36.90299444,-76.12118889,8.80
36.90299720,-76.12121940,7.45
36.92515020,-77.17746768,82.72
36.92515020,-77.17746768,68.62
36.92515020,-77.17746768,61.48
36.93387380,-112.76798390,72.37
36.96431588,-76.72606929,145.89
36.96431588,-76.72606929,146.09
36.96431588,-76.72606929,5.53
36.96557828,-76.41970528,100.21
37.01478626,-76.89387410,132.84
37.01478070,-76.89382410,132.77
37.01477237,-76.89375750,132.73
37.04292235,-77.19465300,101.10
37.04296400,-77.19465580,99.78
37.04300290,-77.19465300,91.30
37.04286680,-77.19465300,25.85
37.10110278,-82.67724170,37.68
37.12014784,-76.69190130,7.88
37.13679555,-80.43838460,2.97
37.14486747,-76.46411579,7.69
37.18939444,-78.19555830,16.05
37.20236790,-76.56939720,150.58
37.20236790,-76.56939720,150.18
37.20236790,-76.56939720,71.97
37.20236790,-76.56939720,23.65
37.20236790,-76.56939720,26.21
37.26208280,-76.00909990,10.93
37.28152597,-79.92226000,18.63
37.31149720,-81.97808330,21.43
37.34813056,-78.82715000,1.34
37.36264660,-76.82523930,191.03
37.36383889,-79.70635830,39.12
37.36562074,-76.72090800,128.54
37.36570408,-76.72092200,128.49
37.37315000,-80.39666389,39.51
37.37344444,-79.70996389,8.69
37.42658530,-76.96984690,118.58
37.42663530,-76.96987190,114.79
37.42666030,-76.96989130,114.68
37.42670750,-76.96992740,113.38
37.42660754,-76.96985799,32.28
37.42667976,-76.96990799,12.00
37.42857220,-79.49836389,14.46
37.42857220,-79.49836389,8.16
37.43570094,-78.67917510,29.22
37.44412980,-114.87000680,863.04
37.45152370,-75.93271030,7.26
37.51504720,-76.97880830,95.17
37.52943056,-78.27006110,35.12
37.55463685,-77.21441380,211.25
37.55463960,-77.21436100,210.00
37.62708827,-77.14191740,19.45
37.63291260,-79.45420270,22.64
37.64416667,-81.43111110,25.40
37.65675250,-77.37456400,178.31
37.65676080,-77.37454738,178.26
37.65676917,-77.37452520,12.94
37.70413030,-114.75944850,393.54
37.74040694,-75.66631808,50.54
37.74040694,-75.66631808,79.16
37.74096248,-75.66631809,100.85
37.74491690,-77.20492580,185.37
37.74494470,-77.20491740,193.83
37.74497248,-77.20490909,184.55
37.74500025,-77.20490350,59.31
37.74819444,-88.43805560,7.15
37.83489167,-76.30873610,60.30
37.87034970,-76.31715100,146.36
37.87034970,-76.31715380,157.72
37.87034970,-76.31715660,158.60
37.87029414,-76.31722049,158.70
37.87027748,-76.31725100,107.70
37.87024970,-76.31729270,105.43
37.87021080,-76.31734550,96.83
37.87018026,-76.31737880,70.89
37.87015526,-76.31741220,57.46
37.94317890,-75.45381180,8.77
37.94317890,-75.45381180,11.47
37.94317890,-75.45381180,20.78
37.94317890,-75.45381180,22.75
37.94219559,-75.45474240,21.3
37.95651260,-75.57853770,8.94
38.04785830,-79.79101670,7.22
38.09190245,-114.89584270,844.21
38.11484119,-80.26451729,69.38
38.13745090,-115.33974820,795.59
38.16735704,-78.16139130,24.87
38.16957560,-77.03830640,208.63
38.18624179,-76.91774750,73.87
38.19235278,-76.91913650,9.65
38.24633330,-81.65855560,18.53
38.33566710,-80.49091810,23.96
38.36401590,-78.71085470,69.44
38.36794444,-82.51247220,35.45
38.13040997,-79.06836218,19.99
38.57317638,-77.41609530,7.68
38.77706667,-75.25886670,9.06
38.80581944,-78.78963889,14.32
38.83263330,-77.80481110,21.32
38.84522220,-75.66569440,15.28
38.92244420,-114.84417930,432.81
38.93538880,-77.63610360,8.64
38.94955500,-77.36665240,15.66
38.98069444,-79.94394440,46.07
39.03233520,-74.89239330,12.35
39.05918330,-78.61878060,16.29
39.06344010,-78.06499810,38.49
39.10649516,-77.52804540,25.23
39.12851944,-77.84576940,28.75
39.17150000,-80.41208330,44.02
39.21902778,-81.11166670,27.65
39.26176825,-77.71026990,60.56
39.27421786,-85.89554660,17.64
39.35121160,-77.92971910,23.15
39.36663889,-78.88886110,26.15
39.45672220,-77.97252780,50.02
39.45900397,-75.15768338,5.54
39.45900397,-75.15768338,5.64
39.45900397,-75.15768338,169.77
39.46591667,-77.83608330,50.24
39.55271470,-114.79807530,11.48
39.55928348,-74.74016220,37.78
39.63716457,-113.87471490,11.11
39.67718056,-116.31130000,37.37
39.71058586,-75.45669539,13.48
39.73178139,-75.04933690,15.79
39.83115300,-86.18582160,19.08
39.86456196,-74.47959550,23.49
39.87310830,-86.36168060,6.02
39.87311389,-86.36168889,5.77
39.87319167,-86.36149170,5.48
39.87320278,-86.36148610,5.03
39.99122320,-74.84044200,6.28
40.02860270,-101.87156760,20.70
40.04147220,-75.17933330,16.13
40.04372666,-74.35737020,28.13
40.20472220,-80.60777780,37.55
40.30121878,-74.72349360,31.81
40.36205290,-74.31320280,4.95
40.36427285,-74.88099860,2.48
40.43205038,-74.45487420,17.73
40.43319444,-87.59069440,22.14
40.54471810,-101.66683690,111.17
40.57732477,-74.86044348,10.53
40.58815820,-74.75655140,26.58
40.62204480,-75.15461890,8.02
40.66500000,-99.25583330,9.39
40.68510200,-74.28820318,7.00
40.72861110,-99.45805560,21.74
40.75362358,-98.30367120,66.01
40.75362358,-98.30367120,65.89
40.77168040,-98.84591220,21.38
40.78806200,-99.76844980,8.14
40.81787740,-74.68099480,13.36
40.83028447,-99.74983760,13.43
40.83722220,-99.98611110,8.80
40.85806670,-99.15314630,135.12
40.85833330,-99.15305560,135.19
40.87416667,-98.28222220,7.35
40.88890160,-98.50951220,21.71
40.91222220,-100.12838890,4.07
40.94202778,-98.62683330,33.83
41.01582480,-95.13082170,12.47
41.03167450,-99.66344370,47.86
41.03232778,-98.74045560,7.17
41.03537519,-74.44959940,4.66
41.08037446,-74.80988930,26.36
41.10436110,-98.19297220,11.81
41.15398430,-74.88405820,20.86
41.16168124,-97.96366890,5.71
41.16972247,-96.46974240,42.36
41.19041667,-99.70697220,1.55
41.29322220,-96.28375000,12.64
41.29377778,-97.44516670,17.84
41.36509999,-71.77423360,13.48
41.42277778,-100.20337780,2.65
41.48843449,-71.53561590,13.44
41.52508330,-100.88836110,102.67
41.53223249,-98.98703320,36.65
41.63379720,-70.54067590,7.60
41.64898610,-103.88999440,29.56
41.69013249,-70.52012820,17.06
41.69436570,-70.52044210,30.24
41.69998230,-70.51774760,97.13
41.70542100,-70.52600060,100.39
41.72112840,-91.42238910,15.42
41.77693330,-99.37970280,7.31
41.77858610,-100.52516110,14.62
41.83110278,-100.10086670,3.88
41.83958330,-96.72850000,9.36
41.85496960,-103.03631780,11.52
41.88845556,-85.40933610,0.35
41.93306390,-98.01478620,96.70
41.94173889,-99.86010280,4.08
42.03443974,-101.33516830,4.17
42.05027500,-103.93023330,80.97
42.05727810,-79.49921640,1.52
42.09172945,-78.74753220,7.20
42.14111110,-76.81277778,24.15
42.17676389,-88.09581670,150.70
42.18222220,-88.63555560,9.12
42.18887220,-88.47170560,29.33
42.18944444,-88.37416670,16.08
42.18944444,-88.37444440,21.78
42.19227778,-88.14991670,65.58
42.19275278,-110.16299440,5.59
42.19396475,-75.85325000,28.33
42.19583330,-88.33000000,0.59
42.19583330,-88.33000000,88.90
42.19924216,-75.89797408,68.62
42.20278308,-98.67258670,5.75
42.20352778,-76.52594440,21.16
42.20478020,-79.30976880,1.53
42.21133056,-88.17170560,22.55
42.22251667,-88.56976940,72.96
42.22805556,-88.47694440,9.49
42.22805556,-88.47694440,9.72
42.22805556,-88.47694440,9.49
42.25333330,-77.79111110,5.21
42.25916667,-88.70500000,5.76
42.26222220,-78.03694440,-0.85
42.26316667,-88.23975000,93.32
42.26563617,-75.47073640,7.44
42.27388889,-88.52055560,3.79
42.27388889,-88.52055560,4.64
42.27608330,-88.21633330,12.27
42.28137778,-88.61924720,19.80
42.28137778,-88.61924720,28.56
42.28137778,-88.61924720,20.11
42.30555556,-88.26250000,46.68
42.30555556,-88.26250000,46.59
42.31454035,-71.36755950,16.70
42.32064720,-88.21475830,22.21
42.34233610,-88.37235280,34.61
42.35556110,-88.55236670,34.01
42.36166667,-88.50861110,37.03
42.36166667,-88.50861110,37.30
42.36166667,-88.50861110,37.71
42.36389265,-97.67367400,29.19
42.38555556,-88.38611110,6.12
42.38555556,-88.38611110,17.24
42.38546389,-88.44490830,11.51
42.38966667,-76.31750000,19.73
42.39954444,-88.60061940,32.78
42.40913330,-88.23501670,31.50
42.41257085,-77.34220320,9.02
42.45044444,-79.01427780,27.80
42.45111110,-88.64805560,6.97
42.45111110,-88.64805560,6.69
42.45285010,-76.77439779,7.92
42.46747220,-97.05468890,1.10
42.47912220,-88.48162500,26.09
42.48000000,-88.31944440,7.24
42.48000000,-88.31944440,13.29
42.48000000,-88.31944440,12.07
42.48288056,-88.39884440,28.42
42.48383330,-76.79933330,36.39
42.48888889,-76.46472220,5.24
42.49027778,-88.43166670,-12.21
42.49027778,-88.43166670,-12.14
42.53000197,-98.50202770,50.92
42.56722220,-109.93022220,5.64
42.62500190,-98.93370560,38.35
42.62867339,-78.11862010,12.51
42.64083330,-76.06638889,6.15
42.69340779,-75.04710349,5.76
42.69951470,-76.42160260,19.66
42.72972220,-76.88388889,0.36
42.74777778,-76.13861110,5.32
42.81163330,-71.01159720,14.38
42.91333330,-76.58333330,11.04
42.94750000,-70.96027778,46.94
42.95111110,-78.60166670,12.21
42.96750000,-77.25333330,2.53
42.97250000,-76.77033330,3.28
42.97580556,-77.84408330,11.71
42.97784110,-77.22720290,3.54
42.97938889,-75.84575000,133.18
42.98694444,-78.14861110,35.46
43.01562410,-75.59434610,9.66
43.02944444,-78.17027780,10.70
43.03138889,-100.88611110,20.99
43.04534410,-76.30076300,12.89
43.04534410,-76.30076300,14.04
43.04728539,-77.47610580,8.37
43.05311110,-77.08750000,12.56
43.05388889,-100.62222220,45.77
43.06027778,-100.40888890,31.08
43.07083330,-100.75416670,18.98
43.12388889,-101.05972220,27.90
43.12755657,-78.84059259,1.86
43.14277778,-108.70888890,12.28
43.15677778,-78.40363889,41.49
43.17916667,-78.26802780,22.21
43.19944444,-100.76944440,84.33
43.21894450,-78.91226320,4.69
43.24111110,-100.33250000,22.12
43.36333330,-76.38083330,23.03
43.36333330,-76.38083330,23.18
43.45836110,-110.79702780,18.81
43.61794490,-116.18595000,-14.65
43.62388889,-96.74583330,11.49
43.63108570,-96.72449470,8.11
43.68307240,-83.21772780,33.89
43.72472220,-96.87000000,5.96
43.73344537,-121.46710590,28.30
45.26801720,-97.12174580,77.77
45.35412738,-97.18619330,14.05
45.38444440,-97.14416670,16.43
45.47761740,-122.50790470,27.31
45.47762575,-122.50791860,8.90
45.52653770,-112.70138460,6.03
45.56611110,-98.43361110,8.87
45.58750000,-97.14388890,7.65
45.63857110,-96.95730110,57.69
45.74084520,-84.71115950,4.58
46.31120000,-97.92656390,5.92
46.32620556,-118.13855830,38.93
46.39888056,-97.92406110,20.27
46.44155556,-97.27466670,5.90
46.57286110,-99.45504720,18.70
46.57255556,-97.19861110,6.41
46.81008610,-99.74377780,15.86
46.84241389,-122.96003890,25.91
46.87808056,-98.48146940,34.37
46.96145830,-102.68558610,17.56
47.94673330,-97.62269170,23.07
61.29000970,-149.59637560,110.15
64.75777778,-147.22361100,8.65
