17.95780016,-66.39216119,15.02
17.98079943,-66.16683318,65.05
17.99091100,-66.61317270,9.52
17.99413195,-66.21600050,28.80
18.01288173,-66.78609190,8.61
18.02032529,-66.93350980,5.28
18.09824228,-65.46749210,11.32
18.20273623,-65.75793978,5.34
18.21468480,-67.13829900,6.02
18.35767184,-66.57392260,126.65
18.41883659,-66.32739149,67.68
18.42808602,-66.51144948,23.15
18.44169643,-66.79867590,311.64
18.44200170,-66.64778550,101.40
18.44427988,-66.33816939,27.35
29.13388889,-98.39138890,138.04
29.43856519,-99.28337380,207.04
29.49527778,-98.59555560,177.93
29.54777778,-98.63555560,189.05
29.58777778,-98.54861110,230.99
29.72722950,-95.45099630,227.77
29.72745173,-95.45132960,255.17
29.79078369,-95.58661080,10.94
29.79092257,-95.58636080,348.45
29.79078369,-95.58661080,156.39
29.79133809,-95.33382590,171.75
29.86779720,-99.56718890,248.20
29.91383326,-95.14493100,68.00
30.13997220,-95.46313890,142.55
30.14694444,-95.24250000,141.05
30.20790278,-95.45741670,366.06
30.21033889,-97.78158330,138.46
30.21666667,-92.98000000,60.38
30.25144444,-95.57697220,44.49
30.33020927,-95.48355200,91.24
30.33020927,-95.48355200,56.18
30.43741316,-91.14177280,162.05
30.44333333,-91.14388890,129.14
30.44369444,-95.70813890,16.53
30.44369444,-95.70813890,16.80
30.44519075,-91.14288400,105.83
30.52836750,-95.56413860,78.40
30.73523613,-81.55120760,-10.18
30.73523613,-81.55120760,2.95
30.73500000,-81.55138889,-25.54
30.73500000,-81.55138889,-35.64
30.83103540,-83.28265190,130.20
30.96185375,-84.59602620,48.24
31.08546255,-84.43935489,56.42
31.11435034,-84.67880660,23.42
31.13634196,-81.49093360,-8.70
31.13634196,-81.49093360,-10.20
31.15861110,-81.48611110,-1.09
31.17277778,-81.51277780,4.38
31.17277778,-81.51277780,16.67
31.17452778,-81.48327780,2.66
31.30073555,-84.32296430,43.01
31.43825000,-84.18502780,43.18
31.48730556,-84.25833330,26.84
31.54656490,-84.01379360,54.24
31.63572859,-84.15990810,26.55
31.66461310,-84.60436190,201.63
31.68527778,-88.65750000,26.46
31.95371338,-106.60582500,14.93
31.95371338,-106.60582500,25.06
31.95371338,-106.60582500,80.08
31.95371338,-106.60582500,74.36
32.02438054,-80.85316600,8.11
32.02438054,-80.85344380,29.71
32.03000000,-83.85222220,66.83
32.21740776,-82.40985010,186.70
32.22737819,-92.58292610,237.63
32.26770186,-80.72260780,10.94
32.29453824,-106.80333790,43.97
32.29453824,-106.80333790,43.54
32.29481600,-106.80333790,44.31
32.29592690,-106.82306080,33.06
32.34209170,-84.98604160,49.57
32.34652780,-86.36191490,25.89
32.38972220,-106.53027780,66.47
32.41691667,-85.91991670,15.58
32.45183510,-83.05764860,37.66
32.55364444,-117.06160280,45.62
32.55364444,-117.06160280,45.67
32.55364444,-117.06160280,45.68
32.55364444,-117.06160280,16.83
32.55364444,-117.06160280,15.58
32.59100556,-117.08347500,47.94
32.59100556,-117.08347500,44.69
32.59100556,-117.08347500,27.68
32.59100556,-117.08347500,24.75
32.59100556,-117.08347500,13.62
32.59123610,-117.05389170,-17.59
32.59123610,-117.05389170,-19.74
32.59123610,-117.05389170,9.84
32.59123610,-117.05389170,24.14
32.59123610,-117.05389170,27.60
32.61659720,-117.05941100,64.06
32.61659720,-117.05941100,63.41
32.61659720,-117.05941100,93.15
32.61659720,-117.05941100,117.50
32.61659720,-117.05941100,116.34
32.61659720,-117.05941100,119.02
32.62634167,-107.01901110,10.25
32.65441389,-117.09824440,55.98
32.65441389,-117.09824440,49.07
32.65441389,-117.09824440,42.62
32.65441389,-117.09824440,23.78
32.65441389,-117.09824440,20.86
32.65903610,-117.08557780,-68.94
32.65903610,-117.08557780,42.56
32.65903610,-117.08557780,59.24
32.65903610,-117.08557780,122.96
32.65903610,-117.08557780,25.29
32.65903610,-117.08557780,17.74
32.66863889,-107.16533330,13.05
32.68208056,-117.11238060,34.23
32.68208056,-117.11238060,12.08
32.68208056,-117.11238060,12.54
32.68208056,-117.11238060,11.88
32.68208056,-117.11238060,9.27
32.68779444,-117.08559720,109.97
32.68779444,-117.08559720,133.15
32.68779444,-117.08559720,133.33
32.68779444,-117.08559720,124.88
32.68779444,-117.08559720,97.92
32.69486847,-92.65153900,192.30
32.71893333,-117.10994720,-15.05
32.71893333,-117.10994720,-13.42
32.71893333,-117.10994720,-10.63
32.71893333,-117.10994720,86.83
32.71893333,-117.10994720,86.97
32.71893333,-117.10994720,87.22
32.73776110,-117.07223890,234.01
32.73776110,-117.07223890,234.06
32.73776110,-117.07223890,223.64
32.73776110,-117.07223890,217.59
32.73776110,-117.07223890,156.91
32.73776110,-117.07223890,37.36
32.77809167,-117.12085560,-14.68
32.77809167,-117.12085560,-14.84
32.77809167,-117.12085560,-15.10
32.77809167,-117.12085560,-11.80
32.77809167,-117.12085560,18.82
32.79156530,-79.92842120,43.56
32.83169444,-107.30338890,12.69
33.00069578,-92.74988069,268.33
33.05567220,-117.04639720,24.65
33.05567220,-117.04639720,16.84
33.05567220,-117.04639720,16.77
33.08734444,-116.97475560,65.35
33.08734444,-116.97475560,65.32
33.08734444,-116.97475560,64.93
33.09875000,-117.01713890,19.40
33.09875000,-117.01713890,19.35
33.09875000,-117.01713890,18.73
33.10688889,-91.92457220,84.92
33.17294710,-80.03786119,58.71
33.18438333,-92.63392220,320.52
33.21568595,-92.81043890,312.49
33.23176944,-92.54004720,272.57
33.24415556,-92.69144720,277.49
33.26904167,-93.24683610,267.09
33.25708919,-81.96289440,134.14
33.32792180,-81.74288980,164.41
33.32875000,-82.04866110,218.15
33.36830278,-92.72461110,149.30
33.37258889,-81.97951940,45.63
33.37258889,-81.97951940,39.51
33.42453056,-82.00958060,6.44
33.46320278,-117.10432780,93.82
33.46320278,-117.10432780,72.26
33.47213056,-117.11857220,40.22
33.47213056,-117.11857220,45.09
33.47213056,-117.11857220,47.40
33.47213056,-117.11857220,42.92
33.47213056,-117.11857220,28.12
33.47213056,-117.11857220,24.74
33.48272220,-117.07588890,304.04
33.48272220,-117.07588890,326.64
33.48272220,-117.07588890,345.10
33.48272220,-117.07588890,96.81
33.48272220,-117.07588890,49.16
33.50047220,-117.01605560,320.15
33.50047220,-117.01605560,330.54
33.50047220,-117.01605560,322.98
33.50047220,-117.01605560,84.76
33.53455757,-87.54611710,43.27
33.54750000,-90.54388890,29.77
33.70583330,-89.74083330,9.93
33.85925830,-117.23456940,67.13
33.88238056,-91.25823330,37.43
33.89305556,-78.58861110,11.86
33.89345750,-82.36262690,39.13
33.90231110,-117.26227780,12.54
33.92149060,-84.27770070,7.44
33.94111110,-78.19861110,7.65
33.94138889,-78.19861110,3.16
33.94194444,-78.00972220,61.92
33.94194444,-78.00972220,24.65
33.94194444,-78.00972220,1.71
33.98027778,-78.09527780,41.41
33.99149186,-87.03611540,43.06
34.01177360,-95.08856080,78.74
34.01291667,-117.03639170,356.24
34.01291667,-117.03639170,358.71
34.01291667,-117.03639170,357.21
34.01291667,-117.03639170,354.43
34.02497778,-117.09709170,321.27
34.02497778,-117.09709170,319.54
34.02497778,-117.09709170,320.51
34.02497778,-117.09709170,136.48
34.02676944,-117.06087780,315.58
34.02676944,-117.06087780,317.21
34.02676944,-117.06087780,284.62
34.02676944,-117.06087780,260.20
34.02676944,-117.06087780,260.10
34.04682500,-117.03587780,315.58
34.04682500,-117.03587780,315.00
34.04682500,-117.03587780,314.62
34.04682500,-117.03587780,314.36
34.06948056,-117.28391100,142.36
34.06948056,-117.28391100,152.07
34.06948056,-117.28391100,132.58
34.07741110,-117.29515000,113.54
34.07741110,-117.29515000,117.03
34.08432220,-117.17720830,236.87
34.08432220,-117.17720830,236.85
34.08432220,-117.17720830,236.80
34.08432220,-117.17720830,236.81
34.08936110,-117.35566940,264.79
34.08936110,-117.35566940,270.66
34.08936110,-117.35566940,282.80
34.08936110,-117.35566940,281.68
34.08936110,-117.35566940,274.28
34.09471667,-117.12882220,355.91
34.09471667,-117.12882220,356.00
34.10414167,-117.28645000,160.70
34.10414167,-117.28645000,127.36
34.10414167,-117.28645000,62.99
34.10481935,-86.57776900,62.76
34.11511389,-117.31174440,229.86
34.11849167,-117.27437220,212.23
34.11849167,-117.27437220,209.97
34.11849167,-117.27437220,167.03
34.44196944,-119.74028060,395.31
34.12113889,-117.38506100,395.27
34.12113889,-117.38506100,395.09
34.12113889,-117.38506100,394.89
34.12113889,-117.38506100,394.90
34.13428889,-117.38403330,498.18
34.13428889,-117.40070000,498.06
34.13428889,-117.40070000,498.16
34.13451110,-117.37268060,332.24
34.13451110,-117.37268060,332.23
34.13451110,-117.37268060,317.87
34.13451110,-117.37268060,318.65
34.24786667,-91.91116670,273.28
34.42425830,-96.82612070,21.66
34.44197220,-119.74028060,138.15
34.44259136,-96.82917660,54.11
34.46473330,-91.42093610,101.42
34.45509537,-87.48224640,9.70
34.48953230,-84.85438430,20.63
34.50510000,-96.93760000,48.41
34.50620000,-96.94980000,31.41
34.51337500,-93.05114170,115.67
34.51943330,-90.77263330,18.80
34.58259000,-96.67945220,104.23
34.62398896,-93.80519790,46.67
34.64536085,-85.67552410,20.16
34.67430430,-81.41509650,90.57
34.72065030,-83.72545590,3.73
34.72597220,-80.84333330,26.73
34.72600000,-80.84333330,29.92
34.75500000,-79.46722220,9.13
34.76222220,-79.44361110,22.73
34.77775885,-120.46321970,74.24
34.77775885,-120.46321970,74.84
34.77775885,-120.46321970,64.30
34.78083330,-91.59750000,135.91
34.78133330,-91.64094440,114.75
34.79694444,-98.58416670,7.86
34.84777778,-78.02097220,3.47
34.84759270,-83.07154040,28.92
34.84947500,-91.88111670,124.80
34.86262790,-81.84121270,47.98
34.90090970,-85.26662230,10.51
34.93418918,-110.75152420,267.58
34.93599444,-80.69757220,31.44
34.93591944,-80.69753610,38.15
34.97000000,-77.50333330,1.39
34.97055556,-79.52833330,29.73
34.97516667,-81.05875000,23.79
34.97519444,-81.05880560,20.43
35.00057760,-110.59929800,37.51
35.06842476,-89.74563989,101.10
35.08509100,-89.80869690,162.27
35.12647890,-89.99231220,108.00
35.13005830,-98.38643890,52.27
35.13062839,-85.08272980,9.44
35.14953400,-89.98731189,35.66
35.15008330,-89.80611110,111.25
35.16640267,-110.94041790,227.39
35.17279000,-111.10569940,614.55
35.18652778,-89.85680560,70.84
35.18738889,-85.04750000,10.38
35.18916667,-83.91388889,4.41
35.19055556,-79.50388889,80.96
35.19200000,-79.46475000,41.98
35.19618110,-85.20745709,64.38
35.20390096,-111.03986460,329.06
35.21340270,-85.22106890,18.71
35.23175000,-92.38986110,7.05
35.24154400,-85.00995119,3.83
35.28583330,-82.72805560,12.05
35.29080000,-98.48389170,86.20
35.30277778,-82.62833330,32.58
35.30972220,-78.27277780,2.59
35.33680556,-81.26206940,46.69
35.33680556,-81.26206940,41.01
35.38777778,-82.81222220,4.85
35.39478330,-90.35851390,26.54
35.42091157,-86.02137430,26.95
35.45716667,-90.87536110,108.39
35.46731944,-98.32111670,79.41
35.52638889,-80.87833330,19.60
35.52666667,-80.87833330,19.53
35.52666667,-80.87833330,23.59
35.53833330,-77.26138889,2.81
35.60152778,-90.85194440,121.52
35.64380556,-89.82594440,202.39
35.65620264,-83.58211068,8.62
35.68278330,-80.60704720,7.34
35.69261110,-82.07294440,24.62
35.69261110,-82.07294440,25.42
35.71722220,-81.72555560,6.99
35.71722220,-81.72555560,9.94
35.73888889,-76.77527778,1.86
35.77105000,-81.14734720,40.55
35.77105000,-81.14734720,40.78
35.82102778,-90.85680560,86.37
35.84197778,-81.40906670,3.22
35.84208330,-81.40908330,19.97
35.89981944,-80.55478060,17.26
35.91916667,-96.51194440,37.38
35.99013056,-92.20633060,65.93
35.99569167,-79.02604720,41.01
36.01416800,-110.51208000,423.69
36.04900000,-90.29227780,10.92
36.04900000,-90.29227780,-19.47
36.07352778,-89.81355560,16.35
36.16977778,-79.99827780,22.21
36.19588889,-89.66130560,19.26
36.20777575,-110.41069030,839.60
36.29427778,-99.54255560,123.79
36.30833330,-76.27527778,1.53
36.37527778,-79.68555560,23.03
36.45511110,-89.92302780,1.22
36.49083360,-109.94817270,374.57
36.49950000,-89.97188890,17.27
36.50502500,-76.49809440,0.71
36.50919330,-101.73571840,234.98
36.52805329,-110.59903000,216.94
36.54269444,-94.48466670,487.46
36.54814167,-76.43200278,0.88
36.54915556,-76.45611110,1.16
36.55267220,-114.92454440,833.93
36.55538610,-76.42594720,0.94
36.55550000,-76.43627778,0.82
36.56038889,-75.99724170,12.74
36.56034720,-75.99720000,3.73
36.56133330,-76.43630560,0.35
36.57563889,-92.65302780,40.28
36.57922220,-90.61294440,12.06
36.58416389,-115.64910000,327.96
36.59447220,-91.64522220,158.69
36.59847220,-90.26038890,21.90
36.60709610,-76.87357080,98.21
36.60709610,-76.87357080,176.36
36.60709610,-76.87357080,177.33
36.60904034,-76.96662840,115.34
36.62250000,-94.29388890,9.48
36.62452778,-93.25169440,174.41
36.64722180,-110.17068350,211.75
36.64886110,-93.22966670,164.45
36.65792848,-76.55772770,8.77
36.66816667,-93.33391670,306.04
36.67441389,-76.45040000,0.22
36.67598408,-76.94023890,123.11
36.67598408,-76.94023890,129.37
36.68320624,-76.91329390,136.27
36.67955556,-93.86933330,339.37
36.69104276,-76.00948530,2.03
36.70963889,-119.70911100,95.54
36.70491667,-78.03240560,18.40
36.70764998,-76.12937859,77.07
36.70764998,-76.12937859,73.13
36.71645000,-76.43981940,0.52
36.71626944,-76.44048060,0.02
36.72058330,-94.20516670,192.36
36.72149167,-76.49578060,0.17
36.74644444,-91.87850000,207.29
36.72371439,-76.02054720,9.01
36.72722130,-110.26318800,169.44
36.74808330,-93.91005560,39.33
36.74808330,-93.91011110,306.80
36.76620460,-76.12862069,8.59
36.76618518,-76.12868740,11.63
36.76889444,-76.89615000,113.28
36.77885275,-77.07101120,110.44
36.77886940,-77.07103620,97.65
36.77886664,-77.07106678,22.34
36.77888050,-77.07116120,12.29
36.77947220,-89.35602780,10.88
36.78073330,-114.72273890,395.76
36.78431615,-76.64328700,160.84
36.78431615,-76.64328700,162.19
36.78738538,-76.05153760,13.01
36.78737704,-76.05153760,9.29
36.79566667,-114.89280560,356.23
36.79631667,-76.01160830,7.36
36.79645278,-76.01197500,6.42
36.80403855,-76.73495750,0.06
36.80403855,-76.73495750,148.61
36.80403855,-76.73495750,146.86
36.80491667,-94.31480560,100.29
36.80491667,-94.31475000,312.21
36.80579720,-98.24708330,5.58
36.80858610,-98.20067500,4.60
36.85931567,-76.58634110,136.51
36.85931567,-76.58634110,136.94
36.86400000,-76.08631670,22.36
36.86950094,-88.65366060,9.55
36.87665209,-112.74103680,87.93
36.88822220,-89.55275000,8.29
36.90081850,-112.75853800,88.75
36.90299444,-76.12118889,8.84
36.90299720,-76.12121940,7.26
36.90416667,-93.57300000,33.98
36.91408330,-93.93197220,104.99
36.92515020,-77.17746768,82.57
36.92515020,-77.17746768,68.95
36.92515020,-77.17746768,61.62
36.93308330,-92.05000000,207.98
36.93402778,-92.66427780,293.54
36.93387380,-112.76798390,72.39
36.94277778,-93.90750000,123.94
36.94552778,-94.00352780,81.53
36.94369444,-93.72016670,87.20
36.94841667,-91.00372220,17.35
36.96431588,-76.72606929,145.72
36.96431588,-76.72606929,145.91
36.96431588,-76.72606929,4.82
36.99500000,-94.84500000,31.01
36.99688889,-91.70341670,332.22
37.00069444,-93.20738890,233.79
37.01478626,-76.89387410,132.72
37.01478070,-76.89382410,132.65
37.01477237,-76.89375750,132.63
37.03938889,-94.53347220,70.60
37.04292235,-77.19465300,101.19
37.04296400,-77.19465580,99.65
37.04300290,-77.19465300,91.28
37.04286680,-77.19465300,25.83
37.04311110,-93.29508330,325.51
37.04597220,-90.07472220,9.33
37.06483330,-93.54980560,172.98
37.09422220,-93.82783330,155.38
37.09419444,-93.82788890,64.92
37.10008330,-94.37633330,17.46
37.10110278,-82.67724170,37.00
37.10661110,-92.41316670,590.62
37.11541667,-93.06508330,210.90
37.12014784,-76.69190130,7.94
37.13679555,-80.43838460,2.69
37.14111110,-94.46119440,444.75
37.14486747,-76.46411579,6.07
37.15188889,-93.24461110,261.93
37.17652778,-94.28702780,375.26
37.18939444,-78.19555830,15.86
37.19058330,-89.74791670,19.98
37.20236790,-76.56939720,149.83
37.20236790,-76.56939720,149.14
37.20236790,-76.56939720,71.89
37.20236790,-76.56939720,23.56
37.20236790,-76.56939720,26.12
37.20541667,-94.50666670,49.89
37.24141667,-93.23177780,358.67
37.26208280,-76.00909990,10.81
37.26322220,-93.24650000,20.05
37.26322220,-93.24650000,221.11
37.29886110,-93.30563890,139.32
37.27903868,-77.41248300,15.91
37.28152597,-79.92226000,18.47
37.30004894,-92.16349300,272.00
37.30038889,-93.43433330,189.41
37.31149720,-81.97808330,21.77
37.33977778,-92.90641670,237.51
37.34813056,-78.82715000,1.00
37.36264660,-76.82523930,190.78
37.36383889,-79.70635830,39.17
37.36461110,-91.54008330,64.24
37.36562074,-76.72090800,128.05
37.36570408,-76.72092200,127.94
37.36722220,-94.61738890,241.24
37.36725000,-94.61736110,253.40
37.37315000,-80.39666389,38.85
37.37344444,-79.70996389,8.29
37.38950830,-81.40408889,23.11
37.39394444,-94.09133330,294.10
37.42241667,-89.60669440,167.71
37.42658530,-76.96984690,118.34
37.42663530,-76.96987190,114.58
37.42666030,-76.96989130,114.51
37.42670750,-76.96992740,113.24
37.42660754,-76.96985799,32.98
37.42667976,-76.96990799,11.87
37.42857220,-79.49836389,14.31
37.42857220,-79.49836389,7.24
37.43570094,-78.67917510,29.09
37.44412980,-114.87000680,863.18
37.45152370,-75.93271030,7.30
37.45421474,-90.85206660,20.52
37.48132460,-91.10562790,149.63
37.49983330,-94.26944440,301.07
37.51504720,-76.97880830,95.05
37.51557450,-91.11121180,131.91
37.52943056,-78.27006110,35.17
37.53552778,-90.30177780,99.35
37.55463685,-77.21441380,211.10
37.55463960,-77.21436100,209.86
37.59927778,-90.14177780,169.10
37.60575000,-93.78408330,131.22
37.61466667,-91.55038890,328.94
37.61594444,-93.25427780,62.93
37.62708827,-77.14191740,19.57
37.63291260,-79.45420270,22.11
37.64416667,-81.43111110,25.26
37.65171299,-91.11977100,230.50
37.64808330,-92.64766670,231.87
37.65675250,-77.37456400,177.94
37.65676080,-77.37454738,177.80
37.65676917,-77.37452520,12.83
37.66532407,-91.11652130,209.60
37.70413030,-114.75944850,393.60
39.71558330,-94.87994440,19.37
37.74040694,-75.66631808,50.49
37.74040694,-75.66631808,80.76
37.74096248,-75.66631809,102.79
37.74491690,-77.20492580,185.17
37.74494470,-77.20491740,193.71
37.74497248,-77.20490909,184.41
37.74500025,-77.20490350,59.17
37.74819444,-88.43805560,7.59
37.78016667,-90.40738890,79.16
37.83489167,-76.30873610,60.07
37.87034970,-76.31715100,145.95
37.87034970,-76.31715380,157.36
37.87034970,-76.31715660,158.36
37.87029414,-76.31722049,158.53
37.87027748,-76.31725100,107.46
37.87024970,-76.31729270,105.26
37.87021080,-76.31734550,96.70
37.87018026,-76.31737880,70.80
37.87015526,-76.31741220,57.29
37.88297220,-93.30391670,51.57
37.88502778,-90.21488890,337.64
37.90833330,-92.50191670,17.47
37.93816667,-90.78219440,205.94
37.94031910,-91.80126970,191.73
37.94317890,-75.45381180,8.69
37.94317890,-75.45381180,11.46
37.94317890,-75.45381180,23.20
37.94317890,-75.45381180,24.50
37.94219559,-75.45474240,21.0
37.95651260,-75.57853770,8.97
37.96365240,-91.79738110,371.36
37.98615285,-91.72293530,306.83
37.98886110,-92.77483330,10.55
37.99191667,-94.36713890,7.70
38.01016667,-92.74100000,271.56
38.04169670,-93.77993390,101.82
38.04785830,-79.79101670,6.63
38.05611110,-91.24055560,145.83
38.07627778,-90.46955560,90.44
38.08358330,-90.56544440,112.38
38.09190245,-114.89584270,844.36
38.09486110,-94.36036110,101.95
38.10726540,-87.57890770,23.26
38.11484119,-80.26451729,69.06
38.12163889,-92.66519440,123.51
38.13198990,-87.91975179,17.68
38.13745090,-115.33974820,795.69
38.15002778,-91.26075000,212.63
38.16735704,-78.16139130,24.27
38.16957560,-77.03830640,208.34
38.17916667,-91.94666670,126.36
38.18624179,-76.91774750,73.90
38.19235278,-76.91913650,9.64
38.20469444,-91.17944440,183.54
38.22402778,-90.39641670,78.65
38.24633330,-81.65855560,18.45
38.27797220,-93.36277780,11.58
38.28088889,-93.36530560,70.36
38.33566710,-80.49091810,24.33
38.35025000,-90.99038890,65.31
38.36401590,-78.71085470,69.32
38.36544444,-85.64000000,33.69
38.36794444,-82.51247220,35.42
38.38978520,-86.07914020,9.13
38.38967220,-104.33581670,21.51
38.13040997,-79.06836218,19.82
38.45733330,-93.20444440,55.64
38.46194444,-91.46611110,151.14
38.46350000,-93.99847220,104.23
38.47688889,-91.83972220,310.43
38.50919444,-90.64438890,230.86
38.54061110,-92.09463890,181.42
38.54643626,-87.60280190,10.45
38.55050000,-90.70055560,183.23
38.57317638,-77.41609530,7.89
38.59713889,-92.16186110,18.59
38.60794444,-90.70894440,91.46
38.61063987,-82.17570040,32.16
38.61222220,-91.21333330,42.45
38.61861110,-92.52138890,241.44
38.65171885,-90.85402330,42.14
38.65797220,-92.78013890,136.59
38.69647220,-93.17183330,177.98
38.71615639,-91.40849460,19.30
38.74811110,-93.33608330,269.09
38.76263889,-93.55450000,172.10
38.77706667,-75.25886670,9.08
38.78666667,-91.79527780,246.01
38.79350000,-90.62216670,88.70
38.80581944,-78.78963889,13.37
38.80761110,-93.32336110,186.26
38.81333330,-90.85055560,177.42
38.81294444,-90.15241670,16.23
38.82111110,-91.99555560,370.61
38.83263330,-77.80481110,17.84
38.84522220,-75.66569440,15.27
38.86559020,-92.44240840,9.56
38.90777778,-91.44750000,356.48
38.90888889,-91.57555560,248.49
38.92244420,-114.84417930,432.83
38.93538880,-77.63610360,8.08
38.94955500,-77.36665240,15.46
38.95500000,-92.39500000,178.63
38.97711110,-90.99608330,298.92
38.97913889,-90.97666670,164.77
38.98069444,-79.94394440,46.02
38.98138889,-92.99111110,29.19
39.03055556,-90.90777780,288.47
39.03233520,-74.89239330,12.54
39.03530148,-92.95241470,58.97
39.05918330,-78.61878060,16.34
39.06344010,-78.06499810,38.50
39.10649516,-77.52804540,24.87
39.11416667,-92.21388890,400.17
39.12851944,-77.84576940,29.10
39.13061110,-93.39277780,85.71
39.14472220,-82.89944440,23.50
39.16253990,-91.82794640,338.76
39.16250406,-94.39467280,29.40
39.17150000,-80.41208330,43.96
39.19694444,-92.12472220,375.32
39.20394520,-84.78356089,23.61
39.20600000,-93.31527780,57.47
39.21000399,-94.28411420,9.20
39.21902778,-81.11166670,27.48
39.26176825,-77.71026990,60.54
39.27277778,-93.26950000,1.38
39.27421786,-85.89554660,17.57
39.30694444,-91.48055560,101.10
39.31811168,-84.63605860,33.31
39.32219444,-78.05605560,32.39
39.34569444,-93.50641670,10.99
39.35121160,-77.92971910,23.02
39.36286110,-90.90530560,79.26
39.36663889,-78.88886110,26.18
39.37672314,-84.56327980,11.18
39.38622220,-94.26205560,9.08
39.38920499,-92.26101100,123.24
39.39336110,-94.91791670,12.53
39.43146300,-81.47095540,29.44
39.45672220,-77.97252780,48.56
39.45900397,-75.15768338,5.37
39.45900397,-75.15768338,5.47
39.45900397,-75.15768338,169.41
39.46591667,-77.83608330,50.19
39.46894596,-84.47661160,30.27
39.47170330,-87.40918690,43.69
39.48400000,-84.43300000,12.55
39.49260000,-76.68463060,38.96
39.49830556,-95.02544440,7.39
39.53808330,-95.05680560,7.94
39.55271470,-114.79807530,11.52
39.55505835,-84.31688550,19.64
39.55928348,-74.74016220,37.65
39.57310258,-86.26943470,14.00
39.59555556,-93.13222220,24.80
39.61077778,-92.51077780,3.36
39.63716457,-113.87471490,11.16
39.66898968,-77.01525958,2.73
39.67047220,-93.66713890,19.69
39.67718056,-116.31130000,37.39
39.69869444,-92.05100000,28.49
39.70008330,-93.30333330,15.50
39.71058586,-75.45669539,13.31
39.73178139,-75.04933690,15.63
39.74115774,-85.13579760,15.77
39.74161110,-77.38058330,101.87
39.74394136,-84.56634030,34.26
39.74505900,-84.18771769,100.27
39.75200000,-93.22266670,3.61
39.75922550,-84.19382919,31.51
39.77559854,-86.15748670,32.38
39.78122488,-75.16740070,104.96
39.78213889,-80.02852780,23.35
39.79861110,-78.23058330,49.92
39.80233544,-75.28963070,13.22
39.80233544,-75.28963070,9.43
39.80233544,-75.28963070,8.18
39.81250000,-79.58722220,22.93
39.82053610,-84.15920000,29.51
39.83115300,-86.18582160,19.18
39.83261370,-75.09128449,76.45
39.84532346,-91.44070730,23.40
39.86456196,-74.47959550,23.36
39.86813889,-75.18813889,16.33
39.87310830,-86.36168060,6.18
39.87311389,-86.36168889,5.75
39.87319167,-86.36149170,5.50
39.87320278,-86.36148610,5.01
39.88777778,-83.99194440,1.12
39.88936110,-77.61461110,79.68
39.89860670,-95.08802900,5.64
39.91399640,-75.81466620,14.83
39.92011040,-75.49325640,7.80
39.97927778,-77.06916670,11.43
39.97977830,-84.14855200,11.10
39.98883330,-79.03750000,24.27
39.99122320,-74.84044200,6.27
40.00003630,-86.04220760,23.70
40.01822220,-93.98775000,78.00
40.02860270,-101.87156760,20.89
40.03527778,-77.30808330,26.46
40.03761110,-78.47191670,28.84
40.04147220,-75.17933330,16.08
40.04372666,-74.35737020,28.12
40.04250000,-80.43683330,35.79
40.04769444,-94.81630560,9.28
40.08297220,-93.97247220,131.70
40.09427778,-82.90125000,21.11
40.09472220,-85.35833330,47.53
40.15497220,-76.82291670,18.61
40.18336110,-91.82977780,62.31
40.18483529,-74.20014340,134.71
40.18483529,-74.20014340,40.32
40.18483529,-74.20014340,113.15
40.18483529,-74.20014340,139.35
40.18949459,-84.24272270,5.76
40.19871985,-75.05155910,37.81
40.20472220,-80.60777780,37.04
40.24561110,-93.73947220,4.99
40.25893208,-85.14802450,12.75
40.27702778,-76.12066670,10.81
40.28532729,-84.17522140,59.74
40.29272220,-75.28666670,8.49
40.30121878,-74.72349360,31.84
40.31230556,-78.13125000,53.68
40.32225000,-92.21738890,26.33
40.36047220,-79.05583330,19.19
40.36205290,-74.31320280,5.10
40.36427285,-74.88099860,1.86
40.36875000,-76.30172220,8.73
40.38200000,-76.70575000,15.63
40.40302778,-77.62988889,13.97
40.41450000,-78.45338889,10.88
40.43205038,-74.45487420,17.68
40.43319444,-87.59069440,22.23
40.43747220,-75.88425000,140.81
40.44511110,-75.25044440,44.76
40.44902778,-93.78377780,15.96
40.45947936,-87.05945720,21.48
40.46044444,-77.16869440,12.99
40.48086970,-87.35973840,13.85
40.50150000,-80.42219440,8.28
40.51519444,-94.61297220,10.12
40.54471810,-101.66683690,111.75
40.55027778,-94.82313890,2.66
40.56864927,-86.29916300,7.71
40.57511110,-75.65622220,71.18
40.58091667,-92.49175000,12.23
40.57732477,-74.86044348,10.36
40.58361110,-91.70111110,96.66
40.58815820,-74.75655140,26.11
40.62204480,-75.15461890,7.82
40.62619444,-80.10838889,6.27
40.66122220,-76.98555560,18.88
40.66500000,-99.25583330,9.55
40.68510200,-74.28820318,6.92
40.69477778,-77.59394440,60.39
40.71080556,-76.60547220,25.33
40.72861110,-99.45805560,21.80
40.75362358,-98.30367120,66.42
40.75362358,-98.30367120,66.18
40.77168040,-98.84591220,21.54
40.78005330,-83.69048770,8.86
40.78200100,-81.92514240,45.17
40.78499780,-101.47322080,95.52
40.78575000,-76.11847220,50.38
40.78806200,-99.76844980,8.33
40.79600000,-75.31105560,43.47
40.81787740,-74.68099480,13.14
40.83028447,-99.74983760,13.50
40.83722220,-99.98611110,8.92
40.84441110,-98.64563060,43.24
40.85508330,-99.86358330,7.94
40.85806670,-99.15314630,135.55
40.85833330,-99.15305560,135.85
40.87416667,-98.28222220,7.66
40.88890160,-98.50951220,21.81
40.88988889,-78.81188889,34.97
40.89566667,-79.63391670,19.52
40.90969444,-98.72400000,71.87
40.91222220,-100.12838890,4.95
40.91741667,-98.73838890,131.65
40.94202778,-98.62683330,33.91
40.97476370,-86.29944500,11.87
40.98205556,-98.64169440,105.49
40.98186110,-100.12744440,65.50
40.98392530,-87.23752580,30.89
40.99013889,-77.19772220,40.71
41.01582480,-95.13082170,12.08
41.01722220,-98.62833330,71.45
41.02319444,-75.71847220,64.21
41.03167450,-99.66344370,48.09
41.03232778,-98.74045560,7.39
41.03537519,-74.44959940,4.51
41.04675000,-99.27972220,109.51
41.08037446,-74.80988930,26.37
41.08383330,-79.87911110,7.10
41.09369444,-80.46869440,16.64
41.10436110,-98.19297220,12.37
41.10744444,-78.52647220,20.71
41.10788889,-73.69238889,45.17
41.11766667,-76.56350000,25.36
41.12413889,-76.67461110,29.37
41.14800000,-73.92769440,8.53
41.15398430,-74.88405820,20.96
41.16168124,-97.96366890,5.87
41.16972247,-96.46974240,42.51
41.19041667,-99.70697220,1.88
41.20669444,-75.39661110,12.16
41.23926090,-73.80291220,16.36
41.24022220,-77.77277778,49.72
41.24394489,-81.14759859,77.03
41.29350000,-78.87230560,34.83
41.29322220,-96.28375000,12.56
41.29377778,-97.44516670,17.98
41.29941667,-76.27450000,34.11
41.30064940,-73.99125150,26.34
41.30519444,-82.82761110,48.07
41.30919444,-75.22686110,33.89
41.33158330,-79.90022220,112.86
41.33677778,-79.22552780,47.46
41.36372220,-73.74875000,14.98
41.36509999,-71.77423360,13.41
41.39327500,-104.04028330,281.00
41.39726319,-86.85780050,7.04
41.40791667,-76.99475000,100.76
41.40815120,-73.28039410,10.16
41.41619444,-78.54519440,3.94
41.42277778,-100.20337780,2.75
41.44361110,-74.60638889,6.64
41.45398296,-73.55318110,3.22
41.45880556,-78.06177780,21.15
41.46088889,-80.17841670,25.32
41.47347220,-79.05083330,8.77
41.47370910,-72.68426160,12.97
41.47898869,-71.70728880,36.15
41.48600770,-117.53707360,7.49
41.48787368,-73.20428010,22.33
41.48843449,-71.53561590,13.44
41.49232259,-71.62811940,8.12
41.49531944,-103.75761940,170.64
41.50705556,-76.59025000,28.11
41.51893970,-84.69801030,10.27
41.52508330,-100.88836110,103.04
41.53223249,-98.98703320,37.05
41.53775550,-102.86770320,79.10
41.56291667,-75.70372220,56.43
41.56621059,-71.72673449,16.83
41.57436110,-74.14927778,6.31
41.58305830,-102.61739720,330.46
41.59315455,-72.42647400,11.48
41.59533330,-80.41375000,53.58
41.63379720,-70.54067590,7.48
41.63691679,-103.56299690,23.38
41.64898610,-103.88999440,29.87
41.65844369,-70.31863340,26.38
41.68344495,-70.01918300,25.28
41.68524899,-103.39438180,165.33
41.69010826,-70.44919288,50.77
41.69013249,-70.52012820,16.98
41.69133330,-73.79761110,19.72
41.69436570,-70.52044210,30.15
41.69802749,-103.93772680,41.20
41.69998230,-70.51774760,97.02
41.69947220,-79.35994440,41.40
41.70542100,-70.52600060,100.26
41.72112840,-91.42238910,16.32
41.72171706,-85.33497720,15.50
41.72341667,-76.46872220,9.70
41.72522220,-75.25858330,27.64
41.74155556,-74.08888889,24.73
41.75333330,-77.56022220,31.31
41.75675000,-74.60136110,9.12
41.76858996,-102.44297340,2.16
41.77510920,-70.02973997,31.29
41.77693330,-99.37970280,7.43
41.77705556,-77.82730560,10.45
41.77858610,-100.52516110,14.76
41.78732330,-71.29921740,6.46
41.79370429,-73.94208160,69.41
41.79482050,-72.22868940,6.09
41.80873430,-72.29110200,21.93
41.83000000,-74.06388889,18.75
41.83110278,-100.10086670,3.97
41.83958330,-96.72850000,9.67
41.85496960,-103.03631780,11.78
41.86388889,-78.36775000,102.25
41.87454640,-70.92892970,18.44
41.88845556,-85.40933610,0.27
41.89005556,-75.75330560,40.03
41.88857800,-103.66022150,26.32
41.89816187,-69.98113110,11.75
41.91492500,-70.72976670,25.45
41.93306390,-98.01478620,97.30
41.93466667,-80.07900000,19.43
41.94107660,-103.93078090,4.62
41.94173889,-99.86010280,4.21
41.94827778,-103.70122220,194.07
42.00194444,-102.95611110,60.41
42.03443974,-101.33516830,4.30
42.03522778,-70.08257220,12.06
42.04981588,-72.97093670,6.63
42.05027500,-103.93023330,80.83
42.05593580,-70.72587198,8.17
42.05727810,-79.49921640,1.46
42.06425849,-73.32622649,15.32
42.09172945,-78.74753220,7.58
42.09593186,-71.29394390,6.92
42.13223330,-104.04679170,13.16
42.14111110,-76.81277778,23.91
42.17676389,-88.09581670,151.30
42.18222220,-88.63555560,9.20
42.18887220,-88.47170560,29.63
42.18944444,-88.37416670,18.28
42.18944444,-88.37444440,22.05
42.19227778,-88.14991670,65.98
42.19275278,-110.16299440,5.47
42.19396475,-75.85325000,28.39
42.19583330,-88.33000000,2.25
42.19583330,-88.33000000,89.20
42.19924216,-75.89797408,68.35
42.20278308,-98.67258670,6.32
42.20352778,-76.52594440,22.27
42.20478020,-79.30976880,1.27
42.21133056,-88.17170560,22.58
42.22251667,-88.56976940,73.21
42.22805556,-88.47694440,10.12
42.22805556,-88.47694440,10.35
42.22805556,-88.47694440,10.13
42.25333330,-77.79111110,4.39
42.25916667,-88.70500000,5.98
42.26222220,-78.03694440,-0.83
42.26316667,-88.23975000,93.77
42.26563617,-75.47073640,7.01
42.27388889,-88.52055560,4.26
42.27388889,-88.52055560,5.22
42.27608330,-88.21633330,12.44
42.28137778,-88.61924720,19.99
42.28137778,-88.61924720,28.80
42.28137778,-88.61924720,20.28
42.29616667,-74.30058330,7.47
42.30555556,-88.26250000,48.04
42.30555556,-88.26250000,47.73
42.31454035,-71.36755950,16.67
42.31758396,-74.25597630,18.28
42.32064720,-88.21475830,21.03
42.32991667,-74.81019440,5.96
42.32994444,-74.81016670,1.41
42.34233610,-88.37235280,34.68
42.35092399,-72.40258470,17.39
42.35556110,-88.55236670,34.13
42.36166667,-88.50861110,37.41
42.36166667,-88.50861110,37.63
42.36166667,-88.50861110,37.94
42.36389265,-97.67367400,29.37
42.37805556,-73.46277778,10.94
42.38555556,-88.33222220,11.55
42.38555556,-88.33222220,53.12
42.38555556,-88.38611110,6.27
42.38555556,-88.38611110,17.30
42.38546389,-88.44490830,11.85
42.38966667,-76.31750000,19.66
42.39954444,-88.60061940,32.85
42.40913330,-88.23501670,31.67
42.41257085,-77.34220320,9.02
42.43958330,-73.68580560,13.59
42.45044444,-79.01427780,28.02
42.45111110,-88.64805560,7.96
42.45111110,-88.64805560,7.66
42.45285010,-76.77439779,7.93
42.46258478,-73.18843660,21.13
42.46747220,-97.05468890,2.31
42.47009340,-71.41172820,20.25
42.47912220,-88.48162500,26.28
42.48000000,-88.31944440,8.57
42.48000000,-88.31944440,13.30
42.48000000,-88.31944440,12.07
42.48027688,-99.87123600,9.70
42.48288056,-88.39884440,28.64
42.48383330,-76.79933330,36.66
42.48508905,-72.21147090,15.08
42.48888889,-76.46472220,4.97
42.49027778,-88.43166670,-11.98
42.49027778,-88.43166670,-11.90
42.51674167,-71.04846389,7.76
42.53000197,-98.50202770,51.01
42.56703800,-71.16005579,9.35
42.56722220,-109.93022220,5.64
42.58502778,-70.82063889,2.67
42.59183330,-74.32138889,9.39
42.59285790,-73.70900830,39.29
42.62500190,-98.93370560,38.50
42.62867339,-78.11862010,13.09
42.67136110,-74.50416670,40.79
42.68750000,-73.83138889,10.11
42.69340779,-75.04710349,5.49
42.69951470,-76.42160260,19.72
42.71980556,-73.71088889,4.55
42.72972220,-76.88388889,-0.07
42.74777778,-76.13861110,5.26
42.75537220,-70.93948889,10.31
42.81163330,-71.01159720,14.32
42.81638889,-73.98194440,7.97
42.84638889,-73.79080560,4.13
42.91333330,-76.58333330,10.75
42.91975000,-74.42791670,34.68
42.94750000,-70.96027778,47.25
42.95111110,-78.60166670,12.19
42.96750000,-77.25333330,2.47
42.97250000,-76.77033330,3.32
42.97580556,-77.84408330,11.62
42.97784110,-77.22720290,3.35
42.97938889,-75.84575000,132.90
42.98694444,-78.14861110,35.28
43.00748590,-102.52210560,40.49
43.00748590,-102.52210560,47.76
43.01562410,-75.59434610,9.60
43.02244444,-74.87508330,53.82
43.02944444,-78.17027780,10.42
43.03138889,-100.88611110,21.09
43.04534410,-76.30076300,12.79
43.04534410,-76.30076300,13.89
43.04728539,-77.47610580,8.32
43.05311110,-77.08750000,12.72
43.05388889,-100.62222220,46.00
43.05757479,-73.79789880,43.00
43.06027778,-100.40888890,31.37
43.07083330,-100.75416670,19.09
43.12388889,-101.05972220,27.92
43.12755657,-78.84059259,1.40
43.14277778,-108.70888890,12.33
43.15677778,-78.40363889,41.36
43.15825000,-74.48416670,5.40
43.17507610,-73.32205440,6.91
43.17916667,-78.26802780,22.12
43.18130556,-90.07422220,13.81
43.18881944,-71.47836389,9.74
43.19944444,-100.76944440,84.73
43.20750000,-75.39250000,44.37
43.21894450,-78.91226320,4.52
43.22000000,-89.79805560,11.64
43.23294444,-75.39850000,3.82
43.24111110,-100.33250000,22.34
43.26118900,-71.75730030,31.16
43.31141667,-74.95891670,31.32
43.36333330,-76.38083330,23.09
43.36333330,-76.38083330,23.18
43.38619518,-70.65866619,21.01
43.40425000,-88.92394440,18.84
43.44993170,-112.78653040,595.36
43.45836110,-110.79702780,18.48
43.47562219,-74.20569090,13.83
43.50044444,-73.79641670,19.64
43.52006860,-75.15377760,24.92
43.54941667,-73.73397220,42.59
43.61794490,-116.18595000,-15.61
43.62388889,-96.74583330,11.58
43.63108570,-96.72449470,8.40
43.68307240,-83.21772780,33.90
43.71865545,-112.64134980,348.21
43.72472220,-96.87000000,6.11
43.72497418,-96.73032850,6.69
43.73344537,-121.46710590,28.17
43.83202110,-70.43672039,11.63
43.88144910,-73.73485220,21.76
43.91480189,-70.02616200,29.19
44.00722220,-90.65027780,8.10
44.02052778,-75.76033330,18.48
44.03701770,-70.34172210,10.56
44.05720999,-103.30240590,-40.54
44.09544444,-103.30144440,12.43
44.09544444,-103.30144440,4.27
44.12049720,-89.53570830,14.68
44.13812919,-69.92616050,10.77
44.13979310,-70.48700290,9.22
44.15507320,-69.94393870,47.02
44.16083330,-75.32027778,24.27
44.20394444,-75.90586110,4.13
44.27886110,-73.53088889,18.18
44.30002778,-103.43677780,-14.86
44.29991667,-103.43672220,-29.98
44.29997220,-103.43675000,16.81
44.30027778,-69.76527778,10.94
44.37722220,-68.26138889,10.63
44.41388889,-68.29777778,5.31
44.48728889,-95.31045000,12.92
44.51481110,-94.98616940,51.984
44.55567500,-89.35633060,24.45
44.55566667,-89.35633330,25.18
44.61311328,-70.92257420,7.98
44.65608889,-92.69043330,13.13
44.65608889,-92.69043330,13.14
44.65608889,-92.69043330,13.11
44.71728130,-70.42284350,26.88
44.73985556,-95.52296940,83.05
44.74195556,-95.54473890,29.52
44.74528056,-95.51368890,78.87
44.81783120,-74.76407990,7.96
44.83201539,-68.36585489,17.88
44.84800000,-73.58400000,23.83
44.87116167,-74.99131549,15.60
44.87424030,-67.86639220,4.54
44.88867990,-68.93309410,22.41
44.91974017,-74.17717570,3.34
44.91971239,-74.17712010,34.56
44.96808330,-73.63469440,2.66
45.08991980,-112.63612820,168.40
45.12035320,-67.27388020,1.29
45.26801720,-97.12174580,78.28
45.35412738,-97.18619330,14.08
45.38444440,-97.14416670,16.43
45.47761740,-122.50790470,27.35
45.47762575,-122.50791860,11.64
45.48646710,-122.52585800,45.22
45.52877220,-92.50455830,32.28
45.52653770,-112.70138460,5.92
45.56611110,-98.43361110,8.97
45.58750000,-97.14388890,7.76
45.60810429,-68.88781860,9.74
45.63857110,-96.95730110,57.82
45.74084520,-84.71115950,4.85
45.99095278,-95.20684440,7.153
46.02274440,-97.98853060,8.14
46.31120000,-97.92656390,6.02
46.32620556,-118.13855830,38.78
46.39888056,-97.92406110,20.34
46.40670000,-96.73636110,16.60
46.44155556,-97.27466670,6.11
46.44466060,-110.93882430,86.92
46.57286110,-99.45504720,18.84
46.57255556,-97.19861110,6.41
46.61169710,-69.57839099,15.79
46.76257220,-100.37399720,6.07
46.81008610,-99.74377780,16.02
46.84241389,-122.96003890,33.40
46.87808056,-98.48146940,34.17
46.96145830,-102.68558610,17.80
46.96587778,-98.46129170,60.90
47.22434440,-97.55725280,24.54
47.24920570,-68.59115760,9.81
47.36773620,-111.19135400,137.46
47.40440278,-98.43572220,0.88
47.51502220,-99.15991670,20.73
47.57291110,-95.09282500,31.15
47.57818610,-118.27490830,49.74
47.69030556,-96.20162780,23.957
47.69038056,-96.28128890,6.485
47.69297220,-96.34173610,2.498
47.71901110,-96.20568890,10.040
47.71901667,-96.20568060,8.928
47.78890000,-96.27612500,14.669
47.82250000,-93.24472220,23.83
47.87236940,-98.74395560,12.74
47.91065000,-116.84381670,407.25
47.94673330,-97.62269170,23.12
48.00946165,-105.33220940,42.26
48.15311667,-100.62594170,57.75
48.18371940,-101.20323610,35.31
48.31090000,-97.81777220,12.82
48.37039167,-99.79968060,6.89
48.48612500,-99.23198890,8.64
48.52483889,-103.62592220,25.32
61.29000970,-149.59637560,110.22
64.75777778,-147.22361100,8.48
