17.95780016,-66.39216119,15.17
17.98079943,-66.16683318,65.34
17.99091100,-66.61317270,9.63
17.99413195,-66.21600050,28.60
18.01288173,-66.78609190,8.52
18.02032529,-66.93350980,5.41
18.09824228,-65.46749210,11.28
18.20273623,-65.75793978,5.53
18.21468480,-67.13829900,5.32
18.35767184,-66.57392260,127.12
18.41883659,-66.32739149,67.62
18.42808602,-66.51144948,23.16
18.44169643,-66.79867590,311.59
18.44200170,-66.64778550,101.54
18.44427988,-66.33816939,27.36
29.13388889,-98.39138890,132.31
29.43856519,-99.28337380,207.02
29.49527778,-98.59555560,176.45
29.54777778,-98.63555560,189.09
29.56364765,-95.11915340,131.83
29.58777778,-98.54861110,232.29
29.72722950,-95.45099630,227.77
29.72745173,-95.45132960,255.51
29.79078369,-95.58661080,11.20
29.79092257,-95.58636080,347.82
29.79078369,-95.58661080,158.79
29.79133809,-95.33382590,171.74
29.86779720,-99.56718890,248.06
29.91383326,-95.14493100,68.07
30.13997220,-95.46313890,142.46
30.14694444,-95.24250000,140.61
30.20790278,-95.45741670,365.09
30.21033889,-97.78158330,138.18
30.21666667,-92.98000000,60.17
30.25144444,-95.57697220,44.46
30.33020927,-95.48355200,91.22
30.33020927,-95.48355200,56.10
30.43741316,-91.14177280,161.92
30.44333333,-91.14388890,129.02
30.44369444,-95.70813890,16.55
30.44369444,-95.70813890,16.83
30.44519075,-91.14288400,105.77
30.52836750,-95.56413860,78.50
30.73523613,-81.55120760,-10.07
30.73523613,-81.55120760,2.97
30.73500000,-81.55138889,-25.21
30.73500000,-81.55138889,-35.28
30.83103540,-83.28265190,129.83
30.96185375,-84.59602620,48.12
31.08546255,-84.43935489,56.45
31.11435034,-84.67880660,25.10
31.13634196,-81.49093360,-8.71
31.13634196,-81.49093360,-10.08
31.15861110,-81.48611110,-1.17
31.17277778,-81.51277780,4.08
31.17277778,-81.51277780,9.84
31.17452778,-81.48327780,3.01
31.30073555,-84.32296430,43.05
31.35823510,-84.11573790,53.09
31.43825000,-84.18502780,42.77
31.48730556,-84.25833330,26.90
31.54656490,-84.01379360,54.19
31.63572859,-84.15990810,26.56
31.66461310,-84.60436190,200.73
31.68527778,-88.65750000,26.45
31.95371338,-106.60582500,15.21
31.95371338,-106.60582500,27.72
31.95371338,-106.60582500,85.51
31.95371338,-106.60582500,63.82
32.02438054,-80.85316600,8.27
32.02438054,-80.85344380,30.05
32.03000000,-83.85222220,66.16
32.21740776,-82.40985010,185.90
32.22737819,-92.58292610,238.29
32.26770186,-80.72260780,11.32
32.29453824,-106.80333790,43.16
32.29453824,-106.80333790,43.50
32.29481600,-106.80333790,42.80
32.29592690,-106.82306080,32.53
32.29620470,-106.82306080,34.45
32.34209170,-84.98604160,49.66
32.34652780,-86.36191490,26.14
32.38972220,-106.53027780,66.44
32.41691667,-85.91991670,15.71
32.45183510,-83.05764860,37.53
32.55364444,-117.06160280,45.58
32.55364444,-117.06160280,45.63
32.55364444,-117.06160280,45.64
32.55364444,-117.06160280,16.81
32.55364444,-117.06160280,15.62
32.59100556,-117.08347500,47.89
32.59100556,-117.08347500,44.61
32.59100556,-117.08347500,27.14
32.59100556,-117.08347500,24.70
32.59100556,-117.08347500,13.55
32.59123610,-117.05389170,-17.64
32.59123610,-117.05389170,-19.78
32.59123610,-117.05389170,9.80
32.59123610,-117.05389170,24.08
32.59123610,-117.05389170,27.60
32.61659720,-117.05941100,64.01
32.61659720,-117.05941100,63.36
32.61659720,-117.05941100,93.10
32.61659720,-117.05941100,117.48
32.61659720,-117.05941100,116.30
32.61659720,-117.05941100,119.04
32.62634167,-107.01901110,10.20
32.65441389,-117.09824440,55.81
32.65441389,-117.09824440,48.94
32.65441389,-117.09824440,42.48
32.65441389,-117.09824440,23.70
32.65441389,-117.09824440,20.86
32.65903610,-117.08557780,-69.12
32.65903610,-117.08557780,42.45
32.65903610,-117.08557780,59.12
32.65903610,-117.08557780,123.34
32.65903610,-117.08557780,25.05
32.65903610,-117.08557780,17.63
32.66863889,-107.16533330,13.05
32.68208056,-117.11238060,34.12
32.68208056,-117.11238060,12.05
32.68208056,-117.11238060,12.50
32.68208056,-117.11238060,11.82
32.68208056,-117.11238060,9.23
32.68779444,-117.08559720,109.96
32.68779444,-117.08559720,133.11
32.68779444,-117.08559720,133.26
32.68779444,-117.08559720,124.84
32.68779444,-117.08559720,97.98
32.69486847,-92.65153900,192.33
32.71893333,-117.10994720,-15.10
32.71893333,-117.10994720,-13.50
32.71893333,-117.10994720,-10.65
32.71893333,-117.10994720,86.86
32.71893333,-117.10994720,87.04
32.71893333,-117.10994720,87.28
32.73776110,-117.07223890,233.95
32.73776110,-117.07223890,234.02
32.73776110,-117.07223890,223.61
32.73776110,-117.07223890,217.55
32.73776110,-117.07223890,155.70
32.73776110,-117.07223890,37.34
32.77809167,-117.12085560,-14.81
32.77809167,-117.12085560,-14.90
32.77809167,-117.12085560,-15.15
32.77809167,-117.12085560,-11.84
32.77809167,-117.12085560,18.90
32.79156530,-79.92842120,43.44
32.83169444,-107.30338890,12.70
33.00069578,-92.74988069,268.31
33.05567220,-117.04639720,24.33
33.05567220,-117.04639720,16.82
33.05567220,-117.04639720,16.81
33.08734444,-116.97475560,64.86
33.08734444,-116.97475560,64.95
33.08734444,-116.97475560,64.75
33.09875000,-117.01713890,19.33
33.09875000,-117.01713890,19.27
33.09875000,-117.01713890,18.67
33.10688889,-91.92457220,84.90
33.17294710,-80.03786119,58.91
33.18438333,-92.63392220,320.45
33.21568595,-92.81043890,312.44
33.23176944,-92.54004720,272.95
33.24415556,-92.69144720,276.61
33.26904167,-93.24683610,267.30
33.25708919,-81.96289440,134.15
33.32792180,-81.74288980,164.61
33.32875000,-82.04866110,218.24
33.36830278,-92.72461110,149.24
33.37258889,-81.97951940,46.03
33.37258889,-81.97951940,39.79
33.42453056,-82.00958060,6.60
33.46320278,-117.10432780,93.90
33.46320278,-117.10432780,72.28
33.47213056,-117.11857220,40.15
33.47213056,-117.11857220,45.03
33.47213056,-117.11857220,47.23
33.47213056,-117.11857220,42.79
33.47213056,-117.11857220,27.89
33.47213056,-117.11857220,24.67
33.48272220,-117.07588890,304.09
33.48272220,-117.07588890,327.39
33.48272220,-117.07588890,343.28
33.48272220,-117.07588890,97.52
33.48272220,-117.07588890,49.24
33.50047220,-117.01605560,320.06
33.50047220,-117.01605560,330.44
33.50047220,-117.01605560,322.98
33.50047220,-117.01605560,84.30
33.53455757,-87.54611710,43.47
33.54750000,-90.54388890,29.78
33.70583330,-89.74083330,9.97
33.85925830,-117.23456940,67.00
33.88238056,-91.25823330,37.42
33.89305556,-78.58861110,12.19
33.89345750,-82.36262690,39.13
33.90231110,-117.26227780,12.46
33.92149060,-84.27770070,7.50
33.94111110,-78.19861110,7.77
33.94138889,-78.19861110,3.39
33.94194444,-78.00972220,62.24
33.94194444,-78.00972220,24.66
33.94194444,-78.00972220,2.11
33.98027778,-78.09527780,41.70
33.99149186,-87.03611540,43.09
34.01177360,-95.08856080,78.83
34.01291667,-117.03639170,356.24
34.01291667,-117.03639170,358.66
34.01291667,-117.03639170,357.07
34.01291667,-117.03639170,354.33
34.02497778,-117.09709170,328.79
34.02497778,-117.09709170,325.05
34.02497778,-117.09709170,326.02
34.02497778,-117.09709170,134.44
34.02676944,-117.06087780,315.34
34.02676944,-117.06087780,316.97
34.02676944,-117.06087780,284.47
34.02676944,-117.06087780,260.19
34.02676944,-117.06087780,260.12
34.04682500,-117.03587780,315.16
34.04682500,-117.03587780,314.61
34.04682500,-117.03587780,314.39
34.04682500,-117.03587780,314.23
34.06948056,-117.28391100,142.23
34.06948056,-117.28391100,152.18
34.06948056,-117.28391100,132.61
34.07741110,-117.29515000,113.39
34.07741110,-117.29515000,116.85
34.08432220,-117.17720830,237.57
34.08432220,-117.17720830,237.46
34.08432220,-117.17720830,237.28
34.08432220,-117.17720830,237.18
34.08936110,-117.35566940,264.70
34.08936110,-117.35566940,270.51
34.08936110,-117.35566940,282.68
34.08936110,-117.35566940,281.63
34.08936110,-117.35566940,274.31
34.09471667,-117.12882220,356.64
34.09471667,-117.12882220,356.73
34.10414167,-117.28645000,160.77
34.10414167,-117.28645000,127.32
34.10414167,-117.28645000,63.28
34.10481935,-86.57776900,63.01
34.11511389,-117.31174440,229.80
34.11849167,-117.27437220,212.40
34.11849167,-117.27437220,210.04
34.11849167,-117.27437220,166.98
34.44196944,-119.74028060,395.28
34.12113889,-117.38506100,395.24
34.12113889,-117.38506100,395.02
34.12113889,-117.38506100,394.83
34.12113889,-117.38506100,394.85
34.13428889,-117.38403330,498.33
34.13428889,-117.40070000,497.96
34.13428889,-117.40070000,498.10
34.13451110,-117.37268060,332.23
34.13451110,-117.37268060,332.22
34.13451110,-117.37268060,317.90
34.13451110,-117.37268060,318.76
34.24786667,-91.91116670,273.52
34.42425830,-96.82612070,21.82
34.44197220,-119.74028060,138.43
34.44259136,-96.82917660,55.10
34.46473330,-91.42093610,101.06
34.45509537,-87.48224640,10.18
34.48953230,-84.85438430,21.96
34.50510000,-96.93760000,48.47
34.50620000,-96.94980000,31.44
34.51337500,-93.05114170,115.70
34.51943330,-90.77263330,18.78
34.58259000,-96.67945220,104.24
34.62398896,-93.80519790,46.80
34.64536085,-85.67552410,21.43
34.67430430,-81.41509650,90.64
34.72065030,-83.72545590,4.03
34.72597220,-80.84333330,26.44
34.72600000,-80.84333330,29.78
34.75500000,-79.46722220,8.63
34.76222220,-79.44361110,19.42
34.77775885,-120.46321970,74.27
34.77775885,-120.46321970,76.42
34.77775885,-120.46321970,65.42
34.78083330,-91.59750000,135.31
34.78133330,-91.64094440,114.79
34.79694444,-98.58416670,7.89
34.84777778,-78.02097220,3.77
34.84759270,-83.07154040,29.01
34.84947500,-91.88111670,124.32
34.86262790,-81.84121270,48.04
34.90090970,-85.26662230,10.85
34.93418918,-110.75152420,267.41
34.93599444,-80.69757220,31.67
34.93591944,-80.69753610,38.19
34.97000000,-77.50333330,2.06
34.97055556,-79.52833330,29.70
34.97516667,-81.05875000,23.69
34.97519444,-81.05880560,20.15
35.00057760,-110.59929800,37.33
35.06842476,-89.74563989,101.05
35.08509100,-89.80869690,159.08
35.12647890,-89.99231220,107.93
35.13005830,-98.38643890,52.01
35.13062839,-85.08272980,7.71
35.14953400,-89.98731189,35.77
35.15008330,-89.80611110,111.45
35.16640267,-110.94041790,227.24
35.17279000,-111.10569940,614.30
35.18652778,-89.85680560,70.80
35.18738889,-85.04750000,10.47
35.18916667,-83.91388889,5.20
35.19055556,-79.50388889,89.15
35.19200000,-79.46475000,52.43
35.19618110,-85.20745709,64.68
35.20390096,-111.03986460,328.97
35.21340270,-85.22106890,18.71
35.21886667,-98.57098060,67.65
35.23175000,-92.38986110,7.14
35.24154400,-85.00995119,4.10
35.28583330,-82.72805560,12.81
35.29080000,-98.48389170,86.07
35.30277778,-82.62833330,32.42
35.30972220,-78.27277780,2.83
35.33680556,-81.26206940,46.71
35.33680556,-81.26206940,41.04
35.38777778,-82.81222220,5.08
35.39478330,-90.35851390,26.60
35.40686110,-98.57115560,66.32
35.42091157,-86.02137430,27.43
35.45716667,-90.87536110,108.45
35.46731944,-98.32111670,79.29
35.52638889,-80.87833330,19.43
35.52666667,-80.87833330,19.37
35.52666667,-80.87833330,23.49
35.53627778,-98.32080560,6.96
35.53833330,-77.26138889,3.08
35.60152778,-90.85194440,121.62
35.64380556,-89.82594440,202.73
35.65620264,-83.58211068,8.81
35.68278330,-80.60704720,7.66
35.69261110,-82.07294440,25.14
35.69261110,-82.07294440,26.04
35.71722220,-81.72555560,7.16
35.71722220,-81.72555560,10.33
35.73888889,-76.77527778,2.13
35.77105000,-81.14734720,40.50
35.77105000,-81.14734720,40.74
35.82102778,-90.85680560,86.34
35.84197778,-81.40906670,4.23
35.84208330,-81.40908330,19.87
35.89981944,-80.55478060,17.35
35.91916667,-96.51194440,37.32
35.99013056,-92.20633060,65.92
35.99569167,-79.02604720,41.08
36.01416800,-110.51208000,423.51
36.04900000,-90.29227780,10.81
36.04900000,-90.29227780,-20.59
36.07352778,-89.81355560,16.35
36.16977778,-79.99827780,22.14
36.19588889,-89.66130560,19.31
36.20777575,-110.41069030,839.41
36.29427778,-99.54255560,123.84
36.30833330,-76.27527778,2.10
36.37527778,-79.68555560,22.94
36.45511110,-89.92302780,1.11
36.49083360,-109.94817270,374.35
36.49950000,-89.97188890,17.29
36.50502500,-76.49809440,0.69
36.50919330,-101.73571840,234.69
36.52805329,-110.59903000,216.72
36.54269444,-94.48466670,478.56
36.54814167,-76.43200278,0.90
36.55267220,-114.92454440,833.63
36.55538610,-76.42594720,0.99
36.55550000,-76.43627778,0.90
36.56038889,-75.99724170,12.91
36.56034720,-75.99720000,4.10
36.56133330,-76.43630560,0.41
36.57563889,-92.65302780,41.00
36.57922220,-90.61294440,12.06
36.58416389,-115.64910000,327.84
36.59447220,-91.64522220,159.43
36.59847220,-90.26038890,21.92
36.60709610,-76.87357080,97.99
36.60709610,-76.87357080,176.58
36.60709610,-76.87357080,177.32
36.60904034,-76.96662840,115.53
36.62250000,-94.29388890,9.54
36.62452778,-93.25169440,173.95
36.64722180,-110.17068350,211.56
36.64886110,-93.22966670,163.66
36.65792848,-76.55772770,8.71
36.66816667,-93.33391670,307.21
36.67441389,-76.45040000,0.27
36.67598408,-76.94023890,123.30
36.67598408,-76.94023890,129.51
36.68320624,-76.91329390,135.66
36.67955556,-93.86933330,328.17
36.69104276,-76.00948530,1.93
36.70963889,-119.70911100,95.67
36.70491667,-78.03240560,18.52
36.70764998,-76.12937859,77.27
36.70764998,-76.12937859,73.36
36.71645000,-76.43981940,0.53
36.71626944,-76.44048060,0.09
36.72058330,-94.20516670,192.36
36.72149167,-76.49578060,0.20
36.74644444,-91.87850000,207.60
36.72371439,-76.02054720,9.00
36.72722130,-110.26318800,169.21
36.74808330,-93.91005560,39.33
36.74808330,-93.91011110,308.07
36.74906654,-76.04993190,5.11
36.76620460,-76.12862069,8.53
36.76618518,-76.12868740,11.56
36.76889444,-76.89615000,113.46
36.77885275,-77.07101120,110.58
36.77886940,-77.07103620,97.76
36.77886664,-77.07106678,22.40
36.77888050,-77.07116120,12.38
36.77947220,-89.35602780,10.94
36.78073330,-114.72273890,395.57
36.78431615,-76.64328700,160.95
36.78431615,-76.64328700,162.32
36.78738538,-76.05153760,13.11
36.78737704,-76.05153760,9.39
36.79566667,-114.89280560,356.02
36.79631667,-76.01160830,7.52
36.79645278,-76.01197500,6.48
36.80403855,-76.73495750,0.41
36.80403855,-76.73495750,148.70
36.80403855,-76.73495750,147.03
36.80491667,-94.31480560,100.45
36.80491667,-94.31475000,312.28
36.80579720,-98.24708330,5.56
36.80858610,-98.20067500,4.53
36.85931567,-76.58634110,136.19
36.85931567,-76.58634110,136.92
36.86400000,-76.08631670,23.04
36.86950094,-88.65366060,9.55
36.87665209,-112.74103680,87.93
36.88822220,-89.55275000,8.31
36.90081850,-112.75853800,88.72
36.90299444,-76.12118889,8.92
36.90299720,-76.12121940,7.53
36.90416667,-93.57300000,33.86
36.91408330,-93.93197220,106.62
36.92515020,-77.17746768,82.69
36.92515020,-77.17746768,68.69
36.92515020,-77.17746768,61.54
36.93308330,-92.05000000,208.22
36.93402778,-92.66427780,293.98
36.93387380,-112.76798390,72.37
36.94277778,-93.90750000,124.19
36.94552778,-94.00352780,80.99
36.94369444,-93.72016670,87.15
36.94841667,-91.00372220,17.63
36.96431588,-76.72606929,145.91
36.96431588,-76.72606929,146.12
36.96431588,-76.72606929,5.25
36.96557828,-76.41970528,106.64
36.99500000,-94.84500000,30.86
36.99688889,-91.70341670,327.71
37.00069444,-93.20738890,233.76
37.01478626,-76.89387410,132.84
37.01478070,-76.89382410,132.79
37.01477237,-76.89375750,132.75
37.03938889,-94.53347220,70.42
37.04292235,-77.19465300,101.15
37.04296400,-77.19465580,99.81
37.04300290,-77.19465300,91.35
37.04286680,-77.19465300,25.87
37.04311110,-93.29508330,329.05
37.04597220,-90.07472220,9.13
37.06483330,-93.54980560,175.35
37.09422220,-93.82783330,153.05
37.09419444,-93.82788890,64.91
37.10008330,-94.37633330,17.42
37.10110278,-82.67724170,37.35
37.10661110,-92.41316670,592.49
37.11541667,-93.06508330,211.95
37.12014784,-76.69190130,7.92
37.13679555,-80.43838460,2.79
37.14111110,-94.46119440,443.91
37.14486747,-76.46411579,7.22
37.15188889,-93.24461110,261.18
37.17652778,-94.28702780,397.00
37.18939444,-78.19555830,16.06
37.19058330,-89.74791670,20.13
37.20236790,-76.56939720,151.21
37.20236790,-76.56939720,150.68
37.20236790,-76.56939720,71.94
37.20236790,-76.56939720,23.62
37.20236790,-76.56939720,26.18
37.20541667,-94.50666670,50.07
37.24141667,-93.23177780,358.67
37.26208280,-76.00909990,10.98
37.26322220,-93.24650000,20.29
37.26322220,-93.24650000,221.79
37.29886110,-93.30563890,140.27
37.27903868,-77.41248300,15.76
37.28152597,-79.92226000,18.57
37.30004894,-92.16349300,272.27
37.30038889,-93.43433330,189.02
37.31149720,-81.97808330,21.19
37.33977778,-92.90641670,240.07
37.34813056,-78.82715000,1.15
37.36264660,-76.82523930,191.00
37.36383889,-79.70635830,39.15
37.36461110,-91.54008330,64.23
37.36562074,-76.72090800,128.43
37.36570408,-76.72092200,128.52
37.36722220,-94.61738890,241.28
37.36725000,-94.61736110,252.42
37.37315000,-80.39666389,39.07
37.37344444,-79.70996389,8.59
37.38950830,-81.40408889,23.19
37.39394444,-94.09133330,292.10
37.42241667,-89.60669440,167.93
37.42658530,-76.96984690,118.57
37.42663530,-76.96987190,114.77
37.42666030,-76.96989130,114.68
37.42670750,-76.96992740,113.39
37.42660754,-76.96985799,32.22
37.42667976,-76.96990799,11.97
37.42857220,-79.49836389,14.41
37.42857220,-79.49836389,7.89
37.43570094,-78.67917510,29.26
37.44412980,-114.87000680,862.86
37.45152370,-75.93271030,7.28
37.45421474,-90.85206660,20.55
37.48132460,-91.10562790,149.89
37.49983330,-94.26944440,299.53
37.51504720,-76.97880830,95.23
37.51557450,-91.11121180,132.21
37.52943056,-78.27006110,35.18
37.53552778,-90.30177780,99.54
37.55463685,-77.21441380,211.27
37.55463960,-77.21436100,210.00
37.59927778,-90.14177780,169.06
37.60575000,-93.78408330,131.30
37.61466667,-91.55038890,329.08
37.61594444,-93.25427780,62.90
37.62708827,-77.14191740,19.52
37.63291260,-79.45420270,22.47
37.64416667,-81.43111110,25.66
37.65171299,-91.11977100,231.10
37.64808330,-92.64766670,231.96
37.65675250,-77.37456400,178.17
37.65676080,-77.37454738,178.20
37.65676917,-77.37452520,12.93
37.66532407,-91.11652130,209.74
37.70413030,-114.75944850,393.30
39.71558330,-94.87994440,19.42
37.74040694,-75.66631808,51.16
37.74040694,-75.66631808,78.61
37.74096248,-75.66631809,101.33
37.74491690,-77.20492580,185.37
37.74494470,-77.20491740,193.90
37.74497248,-77.20490909,184.55
37.74500025,-77.20490350,59.30
37.74819444,-88.43805560,7.79
37.78016667,-90.40738890,78.50
37.83489167,-76.30873610,61.31
37.87034970,-76.31715100,146.41
37.87034970,-76.31715380,157.67
37.87034970,-76.31715660,158.60
37.87029414,-76.31722049,158.72
37.87027748,-76.31725100,107.71
37.87024970,-76.31729270,105.44
37.87021080,-76.31734550,96.82
37.87018026,-76.31737880,70.89
37.87015526,-76.31741220,57.50
37.88297220,-93.30391670,51.55
37.88502778,-90.21488890,341.11
37.90833330,-92.50191670,17.49
37.93816667,-90.78219440,205.34
37.94031910,-91.80126970,192.86
37.94317890,-75.45381180,8.93
37.94317890,-75.45381180,11.41
37.94317890,-75.45381180,21.45
37.94317890,-75.45381180,23.66
37.94219559,-75.45474240,21.5
37.95651260,-75.57853770,8.96
37.96365240,-91.79738110,371.96
37.98615285,-91.72293530,306.73
37.98886110,-92.77483330,10.60
37.99191667,-94.36713890,7.71
38.01016667,-92.74100000,269.13
38.04169670,-93.77993390,101.88
38.04785830,-79.79101670,7.06
38.05611110,-91.24055560,145.69
38.07627778,-90.46955560,90.55
38.08358330,-90.56544440,113.58
38.09190245,-114.89584270,843.94
38.09486110,-94.36036110,101.97
38.10726540,-87.57890770,23.55
38.11484119,-80.26451729,69.31
38.12163889,-92.66519440,123.53
38.13198990,-87.91975179,17.84
38.13745090,-115.33974820,795.37
38.15002778,-91.26075000,212.52
38.16735704,-78.16139130,24.82
38.16957560,-77.03830640,208.60
38.17916667,-91.94666670,126.39
38.18624179,-76.91774750,74.46
38.19235278,-76.91913650,9.65
38.20469444,-91.17944440,183.59
38.22402778,-90.39641670,78.64
38.24633330,-81.65855560,18.66
38.27797220,-93.36277780,11.34
38.28088889,-93.36530560,70.19
38.33566710,-80.49091810,24.30
38.35025000,-90.99038890,65.41
38.36401590,-78.71085470,69.42
38.36544444,-85.64000000,33.87
38.36794444,-82.51247220,35.53
38.38978520,-86.07914020,8.71
38.38967220,-104.33581670,21.50
38.13040997,-79.06836218,19.91
38.45733330,-93.20444440,55.74
38.46194444,-91.46611110,151.26
38.46350000,-93.99847220,104.28
38.47688889,-91.83972220,310.40
38.50919444,-90.64438890,231.76
38.54061110,-92.09463890,181.50
38.54643626,-87.60280190,10.48
38.55050000,-90.70055560,182.96
38.57317638,-77.41609530,7.87
38.59713889,-92.16186110,18.68
38.60794444,-90.70894440,91.34
38.61063987,-82.17570040,32.12
38.61222220,-91.21333330,42.32
38.61861110,-92.52138890,240.95
38.65171885,-90.85402330,42.36
38.65797220,-92.78013890,136.51
38.69647220,-93.17183330,177.88
38.71615639,-91.40849460,19.39
38.74811110,-93.33608330,270.16
38.76263889,-93.55450000,171.91
38.77706667,-75.25886670,9.09
38.78666667,-91.79527780,246.13
38.79350000,-90.62216670,88.81
38.80581944,-78.78963889,13.80
38.80761110,-93.32336110,186.39
38.81333330,-90.85055560,177.51
38.81294444,-90.15241670,15.96
38.82111110,-91.99555560,370.53
38.83263330,-77.80481110,20.45
38.84522220,-75.66569440,15.29
38.86559020,-92.44240840,9.34
38.90777778,-91.44750000,356.48
38.90888889,-91.57555560,248.64
38.92244420,-114.84417930,432.61
38.93538880,-77.63610360,8.34
38.94955500,-77.36665240,15.64
38.95500000,-92.39500000,178.69
38.97711110,-90.99608330,298.46
38.97913889,-90.97666670,164.30
38.98069444,-79.94394440,46.07
38.98138889,-92.99111110,29.23
39.03055556,-90.90777780,288.39
39.03233520,-74.89239330,12.43
39.03530148,-92.95241470,59.03
39.05918330,-78.61878060,16.32
39.06344010,-78.06499810,38.47
39.10649516,-77.52804540,24.92
39.11416667,-92.21388890,400.08
39.12851944,-77.84576940,28.86
39.13061110,-93.39277780,85.79
39.14472220,-82.89944440,23.32
39.16253990,-91.82794640,338.78
39.16250406,-94.39467280,29.68
39.17150000,-80.41208330,44.10
39.19694444,-92.12472220,375.10
39.20394520,-84.78356089,23.65
39.20600000,-93.31527780,54.46
39.21000399,-94.28411420,9.23
39.21902778,-81.11166670,27.94
39.27277778,-93.26950000,1.39
39.27421786,-85.89554660,17.63
39.30694444,-91.48055560,101.25
39.31811168,-84.63605860,33.29
39.32219444,-78.05605560,32.52
39.34569444,-93.50641670,10.86
39.35121160,-77.92971910,23.06
39.36286110,-90.90530560,76.43
39.36663889,-78.88886110,26.18
39.37672314,-84.56327980,11.22
39.38622220,-94.26205560,9.11
39.38920499,-92.26101100,123.59
39.39336110,-94.91791670,12.37
39.43146300,-81.47095540,29.51
39.45672220,-77.97252780,49.18
39.45900397,-75.15768338,5.50
39.45900397,-75.15768338,5.60
39.45900397,-75.15768338,169.72
39.46591667,-77.83608330,50.20
39.46894596,-84.47661160,30.10
39.47170330,-87.40918690,43.76
39.48400000,-84.43300000,12.60
39.49260000,-76.68463060,39.09
39.49830556,-95.02544440,7.42
39.53145100,-83.53880860,8.57
39.53808330,-95.05680560,7.94
39.55271470,-114.79807530,11.49
39.55505835,-84.31688550,19.72
39.55928348,-74.74016220,37.75
39.57310258,-86.26943470,14.04
39.59555556,-93.13222220,24.92
39.61077778,-92.51077780,3.38
39.63716457,-113.87471490,11.13
39.66898968,-77.01525958,2.75
39.67047220,-93.66713890,19.73
39.67718056,-116.31130000,37.31
39.69869444,-92.05100000,28.67
39.70008330,-93.30333330,15.37
39.71058586,-75.45669539,13.44
39.73178139,-75.04933690,15.75
39.74115774,-85.13579760,15.79
39.74161110,-77.38058330,103.16
39.74394136,-84.56634030,34.04
39.74505900,-84.18771769,97.07
39.75200000,-93.22266670,3.70
39.75922550,-84.19382919,30.84
39.77559854,-86.15748670,32.23
39.78213889,-80.02852780,23.58
39.79861110,-78.23058330,50.10
39.81250000,-79.58722220,23.07
39.82053610,-84.15920000,29.30
39.83115300,-86.18582160,19.10
39.84532346,-91.44070730,23.26
39.86456196,-74.47959550,23.43
39.87310830,-86.36168060,6.22
39.87311389,-86.36168889,5.86
39.87319167,-86.36149170,5.52
39.87320278,-86.36148610,5.13
39.88777778,-83.99194440,1.06
39.88936110,-77.61461110,79.77
39.89860670,-95.08802900,5.65
39.91399640,-75.81466620,14.86
39.92011040,-75.49325640,7.82
39.97927778,-77.06916670,11.59
39.97977830,-84.14855200,11.12
39.98883330,-79.03750000,24.33
39.99122320,-74.84044200,6.23
40.00003630,-86.04220760,23.79
40.01822220,-93.98775000,77.91
40.02860270,-101.87156760,20.79
40.03527778,-77.30808330,26.53
40.03761110,-78.47191670,29.15
40.04147220,-75.17933330,16.13
40.04372666,-74.35737020,28.13
40.04250000,-80.43683330,35.97
40.04769444,-94.81630560,9.32
40.08297220,-93.97247220,131.78
40.09427778,-82.90125000,21.06
40.09472220,-85.35833330,47.59
40.15497220,-76.82291670,19.12
40.18336110,-91.82977780,62.46
40.18949459,-84.24272270,5.96
40.19871985,-75.05155910,37.89
40.20472220,-80.60777780,37.09
40.24561110,-93.73947220,5.05
40.25893208,-85.14802450,12.95
40.27702778,-76.12066670,10.92
40.28532729,-84.17522140,62.05
40.29272220,-75.28666670,9.10
40.30121878,-74.72349360,31.79
40.31230556,-78.13125000,53.86
40.32225000,-92.21738890,26.36
40.36047220,-79.05583330,19.15
40.36205290,-74.31320280,5.03
40.36427285,-74.88099860,2.33
40.36875000,-76.30172220,8.88
40.38200000,-76.70575000,16.07
40.40302778,-77.62988889,13.68
40.41450000,-78.45338889,11.11
40.43205038,-74.45487420,17.71
40.43319444,-87.59069440,22.31
40.43747220,-75.88425000,140.93
40.44511110,-75.25044440,45.43
40.44902778,-93.78377780,15.91
40.45947936,-87.05945720,21.54
40.46044444,-77.16869440,13.15
40.46258330,-78.75905560,7.38
40.48086970,-87.35973840,14.05
40.50150000,-80.42219440,8.64
40.51519444,-94.61297220,10.13
40.54471810,-101.66683690,111.31
40.55027778,-94.82313890,2.76
40.56864927,-86.29916300,8.15
40.57511110,-75.65622220,71.28
40.58091667,-92.49175000,12.34
40.57732477,-74.86044348,10.46
40.58361110,-91.70111110,96.75
40.58815820,-74.75655140,26.31
40.62204480,-75.15461890,7.95
40.62619444,-80.10838889,6.74
40.66122220,-76.98555560,18.89
40.66500000,-99.25583330,9.55
40.68510200,-74.28820318,6.97
40.69477778,-77.59394440,60.87
40.71080556,-76.60547220,25.62
40.72861110,-99.45805560,21.77
40.75362358,-98.30367120,66.18
40.75362358,-98.30367120,66.04
40.76563889,-77.88069440,104.62
40.77168040,-98.84591220,21.47
40.78005330,-83.69048770,9.40
40.78200100,-81.92514240,45.33
40.78499780,-101.47322080,95.29
40.78575000,-76.11847220,50.71
40.78806200,-99.76844980,8.32
40.79600000,-75.31105560,43.84
40.81787740,-74.68099480,13.24
40.83028447,-99.74983760,13.49
40.83722220,-99.98611110,8.69
40.84441110,-98.64563060,43.21
40.85508330,-99.86358330,7.97
40.85806670,-99.15314630,135.37
40.85833330,-99.15305560,135.45
40.87416667,-98.28222220,7.68
40.88890160,-98.50951220,21.77
40.88988889,-78.81188889,34.83
40.89566667,-79.63391670,19.97
40.90969444,-98.72400000,71.71
40.91222220,-100.12838890,4.91
40.91741667,-98.73838890,131.25
40.94202778,-98.62683330,33.87
40.97476370,-86.29944500,12.04
40.98205556,-98.64169440,104.89
40.98186110,-100.12744440,65.27
40.98392530,-87.23752580,30.83
40.99013889,-77.19772220,40.70
41.01582480,-95.13082170,12.35
41.01722220,-98.62833330,71.06
41.02319444,-75.71847220,63.31
41.03167450,-99.66344370,47.99
41.03232778,-98.74045560,7.37
41.03537519,-74.44959940,4.60
41.04675000,-99.27972220,109.37
41.08037446,-74.80988930,26.36
41.08383330,-79.87911110,8.66
41.09369444,-80.46869440,16.77
41.10436110,-98.19297220,12.07
41.10744444,-78.52647220,20.59
41.10788889,-73.69238889,45.19
41.11766667,-76.56350000,25.18
41.12413889,-76.67461110,29.18
41.14800000,-73.92769440,9.78
41.15398430,-74.88405820,20.79
41.16168124,-97.96366890,5.82
41.16972247,-96.46974240,42.44
41.19041667,-99.70697220,1.89
41.20669444,-75.39661110,12.09
41.23926090,-73.80291220,16.42
41.24022220,-77.77277778,49.66
41.24394489,-81.14759859,77.32
41.29350000,-78.87230560,34.92
41.29322220,-96.28375000,12.94
41.29377778,-97.44516670,17.94
41.30064940,-73.99125150,26.38
41.30919444,-75.22686110,33.04
41.33158330,-79.90022220,113.35
41.33677778,-79.22552780,47.67
41.36372220,-73.74875000,14.83
41.36509999,-71.77423360,13.43
41.39327500,-104.04028330,280.66
41.39726319,-86.85780050,7.09
41.40791667,-76.99475000,100.52
41.40815120,-73.28039410,10.19
41.41619444,-78.54519440,4.42
41.42277778,-100.20337780,2.75
41.44361110,-74.60638889,6.62
41.45398296,-73.55318110,3.61
41.45880556,-78.06177780,21.51
41.46088889,-80.17841670,25.23
41.47347220,-79.05083330,8.84
41.47370910,-72.68426160,13.00
41.47898869,-71.70728880,36.16
41.48600770,-117.53707360,7.54
41.48787368,-73.20428010,22.24
41.48843449,-71.53561590,13.44
41.49232259,-71.62811940,8.14
41.49531944,-103.75761940,170.38
41.50705556,-76.59025000,28.05
41.51893970,-84.69801030,10.40
41.52508330,-100.88836110,102.84
41.53223249,-98.98703320,36.96
41.53775550,-102.86770320,79.03
41.56291667,-75.70372220,56.38
41.56621059,-71.72673449,16.83
41.57436110,-74.14927778,6.16
41.58305830,-102.61739720,330.09
41.59315455,-72.42647400,11.52
41.59533330,-80.41375000,53.84
41.63379720,-70.54067590,7.53
41.63691679,-103.56299690,23.33
41.64898610,-103.88999440,29.73
41.65844369,-70.31863340,26.47
41.68344495,-70.01918300,25.25
41.68524899,-103.39438180,164.83
41.69010826,-70.44919288,50.79
41.69013249,-70.52012820,17.03
41.69133330,-73.79761110,19.57
41.69436570,-70.52044210,30.21
41.69802749,-103.93772680,41.12
41.69998230,-70.51774760,97.08
41.69947220,-79.35994440,41.64
41.70542100,-70.52600060,100.34
41.72112840,-91.42238910,16.48
41.72171706,-85.33497720,15.53
41.72341667,-76.46872220,9.55
41.72522220,-75.25858330,27.52
41.74155556,-74.08888889,24.88
41.75333330,-77.56022220,31.58
41.75675000,-74.60136110,8.73
41.76858996,-102.44297340,2.12
41.77510920,-70.02973997,31.32
41.77693330,-99.37970280,7.52
41.77705556,-77.82730560,13.67
41.77858610,-100.52516110,14.71
41.78732330,-71.29921740,6.49
41.79370429,-73.94208160,69.54
41.79482050,-72.22868940,6.23
41.80873430,-72.29110200,21.99
41.83000000,-74.06388889,18.71
41.83110278,-100.10086670,3.90
41.83958330,-96.72850000,9.67
41.85496960,-103.03631780,11.61
41.86388889,-78.36775000,102.27
41.87454640,-70.92892970,18.48
41.88845556,-85.40933610,0.32
41.89005556,-75.75330560,39.67
41.88857800,-103.66022150,26.30
41.89816187,-69.98113110,11.78
41.91492500,-70.72976670,25.47
41.93306390,-98.01478620,97.08
41.93466667,-80.07900000,19.20
41.94107660,-103.93078090,4.63
41.94173889,-99.86010280,4.21
41.94827778,-103.70122220,194.15
42.00194444,-102.95611110,60.23
42.03443974,-101.33516830,4.27
42.03522778,-70.08257220,12.01
42.04981588,-72.97093670,6.44
42.05027500,-103.93023330,80.90
42.05593580,-70.72587198,8.17
42.05727810,-79.49921640,0.82
42.06425849,-73.32622649,15.37
42.09172945,-78.74753220,7.43
42.09593186,-71.29394390,7.00
42.13223330,-104.04679170,13.51
42.14111110,-76.81277778,24.02
42.17676389,-88.09581670,151.55
42.18222220,-88.63555560,9.21
42.18887220,-88.47170560,29.83
42.18944444,-88.37416670,20.22
42.18944444,-88.37444440,21.90
42.19227778,-88.14991670,66.32
42.19275278,-110.16299440,5.30
42.19396475,-75.85325000,28.36
42.19583330,-88.33000000,2.33
42.19583330,-88.33000000,89.37
42.19924216,-75.89797408,68.56
42.20278308,-98.67258670,6.17
42.20352778,-76.52594440,21.65
42.20478020,-79.30976880,1.30
42.21133056,-88.17170560,22.68
42.22251667,-88.56976940,73.22
42.22805556,-88.47694440,10.12
42.22805556,-88.47694440,10.35
42.22805556,-88.47694440,10.13
42.25333330,-77.79111110,4.81
42.25916667,-88.70500000,5.98
42.26222220,-78.03694440,-0.90
42.26316667,-88.23975000,93.80
42.26563617,-75.47073640,6.80
42.27388889,-88.52055560,4.27
42.27388889,-88.52055560,5.25
42.27608330,-88.21633330,12.41
42.28137778,-88.61924720,20.03
42.28137778,-88.61924720,28.87
42.28137778,-88.61924720,20.35
42.29616667,-74.30058330,7.32
42.30555556,-88.26250000,47.18
42.30555556,-88.26250000,47.09
42.31454035,-71.36755950,16.68
42.31758396,-74.25597630,18.16
42.32064720,-88.21475830,21.97
42.32991667,-74.81019440,6.00
42.32994444,-74.81016670,1.24
42.34233610,-88.37235280,34.69
42.35092399,-72.40258470,17.36
42.35556110,-88.55236670,34.16
42.36166667,-88.50861110,37.36
42.36166667,-88.50861110,37.58
42.36166667,-88.50861110,38.09
42.36389265,-97.67367400,29.33
42.37805556,-73.46277778,10.79
42.38555556,-88.33222220,11.55
42.38555556,-88.33222220,52.99
42.38555556,-88.38611110,6.33
42.38555556,-88.38611110,17.35
42.38546389,-88.44490830,11.89
42.38966667,-76.31750000,19.70
42.39954444,-88.60061940,33.03
42.40913330,-88.23501670,31.87
42.41257085,-77.34220320,8.96
42.43958330,-73.68580560,13.60
42.45044444,-79.01427780,27.91
42.45111110,-88.64805560,7.99
42.45111110,-88.64805560,7.65
42.45285010,-76.77439779,7.90
42.46747220,-97.05468890,2.40
42.47009340,-71.41172820,20.28
42.47912220,-88.48162500,26.40
42.48000000,-88.31944440,8.63
42.48000000,-88.31944440,13.87
42.48000000,-88.31944440,11.85
42.48027688,-99.87123600,9.64
42.48288056,-88.39884440,28.71
42.48383330,-76.79933330,36.56
42.48508905,-72.21147090,15.11
42.48888889,-76.46472220,5.07
42.49027778,-88.43166670,-11.94
42.49027778,-88.43166670,-11.88
42.51674167,-71.04846389,7.82
42.53000197,-98.50202770,50.97
42.56703800,-71.16005579,9.37
42.56722220,-109.93022220,5.65
42.58502778,-70.82063889,2.74
42.59183330,-74.32138889,9.16
42.59285790,-73.70900830,39.37
42.62500190,-98.93370560,38.43
42.62867339,-78.11862010,12.55
42.64083330,-76.06638889,6.25
42.67136110,-74.50416670,41.33
42.68750000,-73.83138889,10.10
42.69340779,-75.04710349,5.56
42.69951470,-76.42160260,19.68
42.71980556,-73.71088889,4.67
42.72972220,-76.88388889,0.15
42.74777778,-76.13861110,5.27
42.75537220,-70.93948889,10.32
42.81163330,-71.01159720,14.35
42.81638889,-73.98194440,7.86
42.84638889,-73.79080560,4.13
42.91333330,-76.58333330,10.96
42.91975000,-74.42791670,34.64
42.94750000,-70.96027778,47.40
42.95111110,-78.60166670,12.16
42.96750000,-77.25333330,2.51
42.97250000,-76.77033330,3.34
42.97580556,-77.84408330,11.68
42.97784110,-77.22720290,3.45
42.97938889,-75.84575000,132.07
42.98694444,-78.14861110,35.36
43.00748590,-102.52210560,40.39
43.00748590,-102.52210560,47.16
43.01562410,-75.59434610,9.63
43.02244444,-74.87508330,53.09
43.02944444,-78.17027780,10.54
43.03138889,-100.88611110,21.05
43.04534410,-76.30076300,12.82
43.04534410,-76.30076300,13.96
43.04728539,-77.47610580,8.34
43.05311110,-77.08750000,12.66
43.05388889,-100.62222220,45.88
43.05757479,-73.79789880,43.34
43.06027778,-100.40888890,31.21
43.07083330,-100.75416670,19.02
43.12388889,-101.05972220,27.91
43.12755657,-78.84059259,1.77
43.14277778,-108.70888890,12.25
43.15677778,-78.40363889,41.47
43.15825000,-74.48416670,5.38
43.17507610,-73.32205440,6.94
43.17916667,-78.26802780,22.19
43.18130556,-90.07422220,13.83
43.18881944,-71.47836389,9.69
43.19944444,-100.76944440,84.52
43.20750000,-75.39250000,44.43
43.21894450,-78.91226320,4.56
43.22000000,-89.79805560,11.62
43.23294444,-75.39850000,3.85
43.24111110,-100.33250000,22.23
43.26118900,-71.75730030,31.16
43.31141667,-74.95891670,31.34
43.36333330,-76.38083330,23.03
43.36333330,-76.38083330,23.09
43.38619518,-70.65866619,21.05
43.40425000,-88.92394440,18.92
43.44993170,-112.78653040,595.25
43.45836110,-110.79702780,18.64
43.47562219,-74.20569090,13.84
43.50044444,-73.79641670,19.66
43.52006860,-75.15377760,24.86
43.54941667,-73.73397220,42.68
43.61794490,-116.18595000,-16.11
43.62388889,-96.74583330,11.55
43.63108570,-96.72449470,8.39
43.68307240,-83.21772780,33.95
43.71865545,-112.64134980,347.71
43.72472220,-96.87000000,6.11
43.72497418,-96.73032850,6.74
43.73344537,-121.46710590,28.18
43.83202110,-70.43672039,11.67
43.88144910,-73.73485220,21.36
43.91480189,-70.02616200,29.31
44.00722220,-90.65027780,8.07
44.02052778,-75.76033330,17.04
44.03701770,-70.34172210,10.53
44.05720999,-103.30240590,-40.82
44.09544444,-103.30144440,12.12
44.09544444,-103.30144440,3.94
44.12049720,-89.53570830,14.73
44.13812919,-69.92616050,10.62
44.13979310,-70.48700290,9.29
44.15507320,-69.94393870,47.06
44.16083330,-75.32027778,24.28
44.20394444,-75.90586110,3.57
44.27886110,-73.53088889,18.22
44.30002778,-103.43677780,-15.13
44.29991667,-103.43672220,-30.32
44.29997220,-103.43675000,16.73
44.30027778,-69.76527778,10.87
44.37722220,-68.26138889,10.59
44.41388889,-68.29777778,5.40
44.48728889,-95.31045000,12.90
44.51481110,-94.98616940,51.926
44.55567500,-89.35633060,24.46
44.55566667,-89.35633330,25.19
44.61311328,-70.92257420,8.24
44.71728130,-70.42284350,26.90
44.73985556,-95.52296940,83.02
44.74195556,-95.54473890,29.53
44.74528056,-95.51368890,78.59
44.81783120,-74.76407990,7.88
44.83201539,-68.36585489,18.10
44.84800000,-73.58400000,23.80
44.87116167,-74.99131549,15.70
44.87424030,-67.86639220,4.61
44.88867990,-68.93309410,22.54
44.91974017,-74.17717570,2.64
44.91971239,-74.17712010,34.32
44.96808330,-73.63469440,2.59
45.08991980,-112.63612820,168.41
45.12035320,-67.27388020,1.32
45.26801720,-97.12174580,78.10
45.35412738,-97.18619330,14.09
45.38444440,-97.14416670,16.43
45.47761740,-122.50790470,26.92
45.47762575,-122.50791860,11.59
45.48646710,-122.52585800,45.20
45.52877220,-92.50455830,32.06
45.52653770,-112.70138460,5.84
45.56611110,-98.43361110,8.95
45.58750000,-97.14388890,7.79
45.60810429,-68.88781860,9.79
45.63857110,-96.95730110,57.80
45.74084520,-84.71115950,4.69
45.99095278,-95.20684440,7.166
46.02274440,-97.98853060,8.05
46.31120000,-97.92656390,6.01
46.32620556,-118.13855830,38.49
46.39888056,-97.92406110,20.31
46.40670000,-96.73636110,16.59
46.44155556,-97.27466670,6.14
46.44466060,-110.93882430,86.62
46.57286110,-99.45504720,18.77
46.57255556,-97.19861110,6.44
46.61169710,-69.57839099,15.50
46.76257220,-100.37399720,6.02
46.81008610,-99.74377780,15.95
46.84241389,-122.96003890,30.91
46.87808056,-98.48146940,34.33
46.96145830,-102.68558610,17.70
46.96587778,-98.46129170,61.19
47.22434440,-97.55725280,24.53
47.24920570,-68.59115760,9.93
47.36773620,-111.19135400,137.82
47.40440278,-98.43572220,0.87
47.51502220,-99.15991670,20.58
47.57291110,-95.09282500,31.20
47.57818610,-118.27490830,49.62
47.66248330,-96.34007220,-6.888
47.66249167,-96.34006670,6.590
47.69030556,-96.20162780,23.982
47.69038056,-96.28128890,6.510
47.71901110,-96.20568890,10.001
47.71901667,-96.20568060,8.934
47.78890000,-96.27612500,14.653
47.82250000,-93.24472220,23.84
47.87236940,-98.74395560,12.70
47.91065000,-116.84381670,407.31
47.94673330,-97.62269170,23.10
48.00946165,-105.33220940,42.18
48.15311667,-100.62594170,57.60
48.18371940,-101.20323610,34.82
48.31090000,-97.81777220,12.83
48.37039167,-99.79968060,6.89
48.48612500,-99.23198890,8.62
48.52483889,-103.62592220,25.23
61.29000970,-149.59637560,110.17
64.75777778,-147.22361100,8.56
