29.43856519,-99.28337380,206.68
29.49527778,-98.59555560,177.23
29.54777778,-98.63555560,188.70
29.56364765,-95.11915340,131.79
29.58777778,-98.54861110,232.64
29.72722950,-95.45099630,227.53
29.72745173,-95.45132960,255.43
29.79078369,-95.58661080,10.66
29.79092257,-95.58636080,346.94
29.79078369,-95.58661080,159.91
29.86779720,-99.56718890,247.73
29.91383326,-95.14493100,67.84
30.21033889,-97.78158330,137.46
31.17452778,-81.48327780,1.86
31.68527778,-88.65750000,26.21
32.55364444,-117.06160280,45.65
32.55364444,-117.06160280,45.70
32.55364444,-117.06160280,45.72
32.55364444,-117.06160280,16.85
32.55364444,-117.06160280,15.68
32.59100556,-117.08347500,48.03
32.59100556,-117.08347500,44.70
32.59100556,-117.08347500,26.78
32.59100556,-117.08347500,24.57
32.59100556,-117.08347500,13.45
32.59123610,-117.05389170,-17.51
32.59123610,-117.05389170,-19.69
32.59123610,-117.05389170,9.85
32.59123610,-117.05389170,24.12
32.59123610,-117.05389170,27.68
32.61659720,-117.05941100,64.15
32.61659720,-117.05941100,63.47
32.61659720,-117.05941100,93.21
32.61659720,-117.05941100,117.57
32.61659720,-117.05941100,116.44
32.61659720,-117.05941100,119.13
32.62634167,-107.01901110,10.15
32.65441389,-117.09824440,56.14
32.65441389,-117.09824440,49.24
32.65441389,-117.09824440,42.77
32.65441389,-117.09824440,23.88
32.65441389,-117.09824440,20.90
32.65903610,-117.08557780,-68.93
32.65903610,-117.08557780,42.65
32.65903610,-117.08557780,59.34
32.65903610,-117.08557780,123.38
32.65903610,-117.08557780,25.41
32.65903610,-117.08557780,17.81
32.66863889,-107.16533330,13.04
32.68208056,-117.11238060,34.32
32.68208056,-117.11238060,12.28
32.68208056,-117.11238060,12.55
32.68208056,-117.11238060,11.88
32.68208056,-117.11238060,9.33
32.68779444,-117.08559720,110.08
32.68779444,-117.08559720,133.16
32.68779444,-117.08559720,133.31
32.68779444,-117.08559720,125.07
32.68779444,-117.08559720,98.12
32.71893333,-117.10994720,-14.97
32.71893333,-117.10994720,-13.38
32.71893333,-117.10994720,-10.56
32.71893333,-117.10994720,87.02
32.71893333,-117.10994720,87.19
32.71893333,-117.10994720,87.41
32.73776110,-117.07223890,234.07
32.73776110,-117.07223890,234.13
32.73776110,-117.07223890,223.71
32.73776110,-117.07223890,217.63
32.73776110,-117.07223890,156.07
32.73776110,-117.07223890,37.40
32.77809167,-117.12085560,-14.59
32.77809167,-117.12085560,-14.80
32.77809167,-117.12085560,-15.06
32.77809167,-117.12085560,-11.79
32.77809167,-117.12085560,18.94
32.83169444,-107.30338890,12.70
33.05567220,-117.04639720,22.42
33.05567220,-117.04639720,16.72
33.05567220,-117.04639720,16.81
33.08734444,-116.97475560,65.00
33.08734444,-116.97475560,65.07
33.08734444,-116.97475560,64.86
33.09875000,-117.01713890,19.30
33.09875000,-117.01713890,19.25
33.09875000,-117.01713890,18.64
33.10688889,-91.92457220,84.46
33.18438333,-92.63392220,320.17
33.21568595,-92.81043890,312.07
33.23176944,-92.54004720,272.63
33.24415556,-92.69144720,276.41
33.26904167,-93.24683610,266.94
33.36830278,-92.72461110,148.97
33.46320278,-117.10432780,94.12
33.46320278,-117.10432780,72.45
33.47213056,-117.11857220,40.26
33.47213056,-117.11857220,45.11
33.47213056,-117.11857220,47.19
33.47213056,-117.11857220,42.84
33.47213056,-117.11857220,27.79
33.47213056,-117.11857220,24.65
33.48272220,-117.07588890,304.24
33.48272220,-117.07588890,327.55
33.48272220,-117.07588890,340.25
33.48272220,-117.07588890,97.89
33.48272220,-117.07588890,49.40
33.50047220,-117.01605560,320.15
33.50047220,-117.01605560,330.50
33.50047220,-117.01605560,323.02
33.50047220,-117.01605560,83.88
33.54750000,-90.54388890,29.79
33.70583330,-89.74083330,9.87
33.85925830,-117.23456940,67.24
33.88238056,-91.25823330,37.42
33.90231110,-117.26227780,12.72
33.94194444,-78.00972220,62.18
33.94194444,-78.00972220,24.68
33.94194444,-78.00972220,2.26
33.98027778,-78.09527780,41.65
34.01291667,-117.03639170,356.20
34.01291667,-117.03639170,358.80
34.01291667,-117.03639170,357.31
34.01291667,-117.03639170,354.59
34.02497778,-117.09709170,319.85
34.02497778,-117.09709170,318.44
34.02497778,-117.09709170,319.47
34.02497778,-117.09709170,139.75
34.02676944,-117.06087780,315.46
34.02676944,-117.06087780,317.09
34.02676944,-117.06087780,284.67
34.02676944,-117.06087780,260.39
34.02676944,-117.06087780,260.31
34.04682500,-117.03587780,315.15
34.04682500,-117.03587780,314.84
34.04682500,-117.03587780,314.51
34.04682500,-117.03587780,314.37
34.06948056,-117.28391100,142.39
34.06948056,-117.28391100,152.29
34.06948056,-117.28391100,132.72
34.07741110,-117.29515000,113.62
34.07741110,-117.29515000,116.92
34.08432220,-117.17720830,238.16
34.08432220,-117.17720830,237.98
34.08432220,-117.17720830,237.69
34.08432220,-117.17720830,237.53
34.08936110,-117.35566940,264.76
34.08936110,-117.35566940,270.71
34.08936110,-117.35566940,282.91
34.08936110,-117.35566940,281.90
34.08936110,-117.35566940,274.63
34.09471667,-117.12882220,356.92
34.09471667,-117.12882220,357.04
34.10414167,-117.28645000,161.35
34.10414167,-117.28645000,127.48
34.10414167,-117.28645000,63.32
34.11511389,-117.31174440,230.07
34.11849167,-117.27437220,212.70
34.11849167,-117.27437220,210.46
34.11849167,-117.27437220,167.09
34.44196944,-119.74028060,395.58
34.12113889,-117.38506100,395.53
34.12113889,-117.38506100,395.31
34.12113889,-117.38506100,395.10
34.12113889,-117.38506100,395.11
34.13428889,-117.38403330,498.61
34.13428889,-117.40070000,498.31
34.13428889,-117.40070000,498.40
34.13451110,-117.37268060,332.38
34.13451110,-117.37268060,332.37
34.13451110,-117.37268060,318.15
34.13451110,-117.37268060,318.95
34.24786667,-91.91116670,273.16
34.44197220,-119.74028060,137.16
34.44259136,-96.82917660,55.43
34.46473330,-91.42093610,101.58
34.50510000,-96.93760000,48.44
34.51337500,-93.05114170,115.56
34.51943330,-90.77263330,18.61
34.58259000,-96.67945220,104.13
34.62398896,-93.80519790,46.38
34.75500000,-79.46722220,9.12
34.76222220,-79.44361110,18.45
34.77775885,-120.46321970,74.26
34.77775885,-120.46321970,75.38
34.77775885,-120.46321970,64.61
34.78083330,-91.59750000,134.46
34.78133330,-91.64094440,114.05
34.79694444,-98.58416670,7.15
34.84947500,-91.88111670,123.49
34.93418918,-110.75152420,267.52
35.00057760,-110.59929800,37.40
35.13005830,-98.38643890,51.43
35.13062839,-85.08272980,9.39
35.16640267,-110.94041790,227.33
35.17279000,-111.10569940,614.40
35.18738889,-85.04750000,10.60
35.19055556,-79.50388889,88.74
35.19200000,-79.46475000,51.83
35.19618110,-85.20745709,64.75
35.20390096,-111.03986460,329.03
35.21340270,-85.22106890,18.95
35.21886667,-98.57098060,67.55
35.23175000,-92.38986110,6.50
35.24154400,-85.00995119,4.26
35.29080000,-98.48389170,85.72
35.39478330,-90.35851390,26.36
35.40686110,-98.57115560,66.20
35.42091157,-86.02137430,27.63
35.45716667,-90.87536110,108.01
35.46731944,-98.32111670,79.09
35.53627778,-98.32080560,6.76
35.60152778,-90.85194440,120.91
35.82102778,-90.85680560,85.85
35.99013056,-92.20633060,65.68
36.01416800,-110.51208000,423.49
36.04900000,-90.29227780,10.47
36.04900000,-90.29227780,-20.85
36.07352778,-89.81355560,16.10
36.16977778,-79.99827780,22.07
36.19588889,-89.66130560,18.92
36.20777575,-110.41069030,839.38
36.45511110,-89.92302780,0.94
36.49083360,-109.94817270,374.27
36.49950000,-89.97188890,17.23
36.50502500,-76.49809440,0.67
36.52805329,-110.59903000,216.72
36.54269444,-94.48466670,477.76
36.54814167,-76.43200278,0.92
36.54915556,-76.45611110,1.22
36.55267220,-114.92454440,833.95
36.55538610,-76.42594720,1.02
36.55550000,-76.43627778,0.93
36.56034720,-75.99720000,4.25
36.56133330,-76.43630560,0.45
36.57563889,-92.65302780,39.90
36.57922220,-90.61294440,11.68
36.58416389,-115.64910000,327.96
36.59447220,-91.64522220,159.23
36.59847220,-90.26038890,21.78
36.60709610,-76.87357080,98.03
36.60709610,-76.87357080,176.57
36.60709610,-76.87357080,177.32
36.60904034,-76.96662840,115.50
36.62250000,-94.29388890,8.92
36.62452778,-93.25169440,172.77
36.64722180,-110.17068350,211.54
36.64886110,-93.22966670,162.62
36.65792848,-76.55772770,8.69
36.66816667,-93.33391670,305.88
36.67441389,-76.45040000,0.28
36.67598408,-76.94023890,123.26
36.67598408,-76.94023890,129.45
36.68320624,-76.91329390,135.83
36.67955556,-93.86933330,328.36
36.69104276,-76.00948530,1.94
36.70963889,-119.70911100,95.73
36.70491667,-78.03240560,18.52
36.70764998,-76.12937859,77.27
36.70764998,-76.12937859,73.36
36.71645000,-76.43981940,0.51
36.71626944,-76.44048060,0.09
36.72058330,-94.20516670,191.45
36.72149167,-76.49578060,0.23
36.74644444,-91.87850000,207.09
36.72371439,-76.02054720,8.88
36.72722130,-110.26318800,169.41
36.74808330,-93.91005560,39.33
36.74808330,-93.91011110,306.15
36.76620460,-76.12862069,8.36
36.76618518,-76.12868740,11.44
36.76889444,-76.89615000,113.46
36.77885275,-77.07101120,110.55
36.77886940,-77.07103620,97.73
36.77886664,-77.07106678,22.38
36.77888050,-77.07116120,12.37
36.77947220,-89.35602780,10.80
36.78073330,-114.72273890,395.91
36.78431615,-76.64328700,160.87
36.78431615,-76.64328700,162.24
36.78738538,-76.05153760,13.09
36.78737704,-76.05153760,9.42
36.79566667,-114.89280560,356.31
36.79631667,-76.01160830,7.55
36.79645278,-76.01197500,6.49
36.80403855,-76.73495750,0.50
36.80403855,-76.73495750,148.86
36.80403855,-76.73495750,146.99
36.80579720,-98.24708330,5.43
36.80858610,-98.20067500,4.42
36.85931567,-76.58634110,136.34
36.85931567,-76.58634110,136.84
36.86400000,-76.08631670,23.28
36.86950094,-88.65366060,9.05
36.87665209,-112.74103680,87.95
36.88822220,-89.55275000,8.16
36.90081850,-112.75853800,88.79
36.90299444,-76.12118889,8.86
36.90299720,-76.12121940,7.64
36.90416667,-93.57300000,33.02
36.91408330,-93.93197220,107.09
36.92515020,-77.17746768,82.71
36.92515020,-77.17746768,68.58
36.92515020,-77.17746768,61.50
36.93308330,-92.05000000,207.60
36.93402778,-92.66427780,293.55
36.93387380,-112.76798390,72.35
36.94277778,-93.90750000,115.29
36.94552778,-94.00352780,79.98
36.94369444,-93.72016670,86.94
36.94841667,-91.00372220,16.77
36.96431588,-76.72606929,145.89
36.96431588,-76.72606929,146.10
36.96431588,-76.72606929,5.45
36.96557828,-76.41970528,101.75
36.99500000,-94.84500000,28.65
36.99688889,-91.70341670,325.87
37.00069444,-93.20738890,233.33
37.01478626,-76.89387410,132.84
37.01478070,-76.89382410,132.76
37.01477237,-76.89375750,132.73
37.03938889,-94.53347220,69.70
37.04292235,-77.19465300,101.31
37.04296400,-77.19465580,99.82
37.04300290,-77.19465300,91.30
37.04286680,-77.19465300,25.83
37.04311110,-93.29508330,339.05
37.04597220,-90.07472220,8.47
37.06483330,-93.54980560,172.98
37.09422220,-93.82783330,152.76
37.09419444,-93.82788890,64.90
37.10008330,-94.37633330,16.89
37.10110278,-82.67724170,37.56
37.10661110,-92.41316670,592.61
37.11541667,-93.06508330,211.39
37.12014784,-76.69190130,7.89
37.13679555,-80.43838460,2.88
37.14111110,-94.46119440,442.89
37.14486747,-76.46411579,7.51
37.15188889,-93.24461110,259.97
37.17652778,-94.28702780,409.64
37.18939444,-78.19555830,16.03
37.19058330,-89.74791670,19.82
37.20236790,-76.56939720,150.73
37.20236790,-76.56939720,150.33
37.20236790,-76.56939720,71.94
37.20236790,-76.56939720,23.63
37.20236790,-76.56939720,26.20
37.20541667,-94.50666670,49.78
37.24141667,-93.23177780,358.41
37.26208280,-76.00909990,10.96
37.26322220,-93.24650000,20.16
37.26322220,-93.24650000,222.08
37.29886110,-93.30563890,140.33
37.28152597,-79.92226000,18.61
37.30004894,-92.16349300,271.83
37.30038889,-93.43433330,188.74
37.31149720,-81.97808330,21.36
37.33977778,-92.90641670,239.13
37.34813056,-78.82715000,1.22
37.36264660,-76.82523930,191.02
37.36383889,-79.70635830,39.18
37.36461110,-91.54008330,63.91
37.36562074,-76.72090800,128.74
37.36570408,-76.72092200,128.59
37.36722220,-94.61738890,240.46
37.36725000,-94.61736110,247.32
37.37315000,-80.39666389,39.34
37.37344444,-79.70996389,8.64
37.39394444,-94.09133330,290.64
37.42241667,-89.60669440,167.57
37.42658530,-76.96984690,118.54
37.42663530,-76.96987190,114.76
37.42666030,-76.96989130,114.65
37.42670750,-76.96992740,113.37
37.42660754,-76.96985799,32.30
37.42667976,-76.96990799,11.99
37.42857220,-79.49836389,14.42
37.42857220,-79.49836389,8.07
37.43570094,-78.67917510,29.22
37.44412980,-114.87000680,863.07
37.45152370,-75.93271030,7.26
37.45421474,-90.85206660,20.15
37.48132460,-91.10562790,149.43
37.49983330,-94.26944440,298.00
37.51504720,-76.97880830,95.20
37.51557450,-91.11121180,131.63
37.52943056,-78.27006110,35.13
37.53552778,-90.30177780,99.06
37.55463685,-77.21441380,211.24
37.55463960,-77.21436100,209.99
37.59927778,-90.14177780,168.59
37.60575000,-93.78408330,130.75
37.61466667,-91.55038890,329.01
37.61594444,-93.25427780,61.86
37.62708827,-77.14191740,19.45
37.63291260,-79.45420270,22.54
37.64416667,-81.43111110,25.45
37.65171299,-91.11977100,230.23
37.64808330,-92.64766670,231.16
37.65675250,-77.37456400,178.30
37.65676080,-77.37454738,178.18
37.65676917,-77.37452520,12.93
37.66532407,-91.11652130,209.30
37.70413030,-114.75944850,393.66
39.71558330,-94.87994440,19.28
37.74040694,-75.66631808,50.77
37.74040694,-75.66631808,77.31
37.74096248,-75.66631809,98.95
37.74491690,-77.20492580,185.35
37.74494470,-77.20491740,193.84
37.74497248,-77.20490909,184.54
37.74500025,-77.20490350,59.30
37.74819444,-88.43805560,7.74
37.78016667,-90.40738890,77.95
37.83489167,-76.30873610,60.97
37.87034970,-76.31715100,146.43
37.87034970,-76.31715380,157.72
37.87034970,-76.31715660,158.62
37.87029414,-76.31722049,158.70
37.87027748,-76.31725100,107.68
37.87024970,-76.31729270,105.43
37.87021080,-76.31734550,96.81
37.87018026,-76.31737880,70.89
37.87015526,-76.31741220,57.48
37.88297220,-93.30391670,51.00
37.88502778,-90.21488890,346.89
37.90833330,-92.50191670,16.96
37.93816667,-90.78219440,204.65
37.94031910,-91.80126970,197.26
37.94317890,-75.45381180,8.78
37.94317890,-75.45381180,11.49
37.94317890,-75.45381180,24.50
37.94317890,-75.45381180,25.88
37.94219559,-75.45474240,21.3
37.95651260,-75.57853770,8.94
37.96365240,-91.79738110,370.36
37.98615285,-91.72293530,313.53
37.98886110,-92.77483330,10.21
37.99191667,-94.36713890,7.71
38.01016667,-92.74100000,268.71
38.04169670,-93.77993390,101.05
38.04785830,-79.79101670,7.16
38.05611110,-91.24055560,145.27
38.07627778,-90.46955560,90.07
38.08358330,-90.56544440,111.16
38.09190245,-114.89584270,844.31
38.09486110,-94.36036110,101.47
38.11484119,-80.26451729,69.37
38.12163889,-92.66519440,122.91
38.13745090,-115.33974820,795.73
38.15002778,-91.26075000,210.60
38.16735704,-78.16139130,24.78
38.16957560,-77.03830640,208.61
38.17916667,-91.94666670,125.95
38.18624179,-76.91774750,74.12
38.19235278,-76.91913650,9.65
38.20469444,-91.17944440,183.04
38.22402778,-90.39641670,78.30
38.24633330,-81.65855560,18.56
38.27797220,-93.36277780,10.42
38.28088889,-93.36530560,69.64
38.33566710,-80.49091810,24.04
38.35025000,-90.99038890,64.71
38.36401590,-78.71085470,69.44
38.36794444,-82.51247220,35.48
38.13040997,-79.06836218,19.96
38.45733330,-93.20444440,55.37
38.46194444,-91.46611110,150.90
38.46350000,-93.99847220,103.87
,,10.63
38.47688889,-91.83972220,309.93
38.50919444,-90.64438890,207.03
38.54061110,-92.09463890,180.97
38.55050000,-90.70055560,182.12
38.57317638,-77.41609530,7.87
38.59713889,-92.16186110,18.65
38.60794444,-90.70894440,90.76
38.61222220,-91.21333330,42.67
38.61861110,-92.52138890,240.64
38.65171885,-90.85402330,41.70
38.65797220,-92.78013890,135.86
38.69647220,-93.17183330,176.82
38.71615639,-91.40849460,19.30
38.74811110,-93.33608330,267.19
38.76263889,-93.55450000,171.40
38.77706667,-75.25886670,9.07
38.78666667,-91.79527780,245.57
38.79350000,-90.62216670,88.35
38.80581944,-78.78963889,14.26
38.80761110,-93.32336110,185.79
38.81333330,-90.85055560,177.05
38.81294444,-90.15241670,15.62
38.82111110,-91.99555560,370.11
38.83263330,-77.80481110,21.09
38.84522220,-75.66569440,15.28
38.86559020,-92.44240840,8.96
38.90777778,-91.44750000,355.92
38.90888889,-91.57555560,247.67
38.92244420,-114.84417930,432.79
38.93538880,-77.63610360,8.55
38.94955500,-77.36665240,15.61
38.95500000,-92.39500000,178.04
38.97711110,-90.99608330,297.36
38.97913889,-90.97666670,163.39
38.98069444,-79.94394440,46.05
38.98138889,-92.99111110,28.68
39.03055556,-90.90777780,287.89
39.03233520,-74.89239330,12.37
39.03530148,-92.95241470,58.88
39.05918330,-78.61878060,16.27
39.06344010,-78.06499810,38.47
39.10649516,-77.52804540,25.07
39.11416667,-92.21388890,399.47
39.12851944,-77.84576940,28.72
39.13061110,-93.39277780,85.06
39.16253990,-91.82794640,338.26
39.16250406,-94.39467280,29.44
39.17150000,-80.41208330,44.02
39.19694444,-92.12472220,374.35
39.20600000,-93.31527780,53.93
39.21000399,-94.28411420,9.09
39.21902778,-81.11166670,27.73
39.26176825,-77.71026990,60.56
39.27277778,-93.26950000,1.36
39.27421786,-85.89554660,17.64
39.30694444,-91.48055560,100.87
39.34569444,-93.50641670,10.69
39.35121160,-77.92971910,23.13
39.36286110,-90.90530560,78.13
39.36663889,-78.88886110,26.16
39.38622220,-94.26205560,8.80
39.38920499,-92.26101100,121.86
39.39336110,-94.91791670,12.10
39.45672220,-77.97252780,49.74
39.45900397,-75.15768338,5.54
39.45900397,-75.15768338,5.62
39.45900397,-75.15768338,169.75
39.46591667,-77.83608330,50.23
39.49260000,-76.68463060,39.11
39.49830556,-95.02544440,7.13
39.53808330,-95.05680560,7.78
39.55271470,-114.79807530,11.48
39.55928348,-74.74016220,37.77
39.59555556,-93.13222220,24.64
39.61077778,-92.51077780,3.28
39.63716457,-113.87471490,11.13
39.66898968,-77.01525958,2.87
39.67047220,-93.66713890,19.17
39.67718056,-116.31130000,37.40
39.69869444,-92.05100000,28.13
39.70008330,-93.30333330,14.92
39.71058586,-75.45669539,13.49
39.73178139,-75.04933690,15.78
39.75200000,-93.22266670,3.75
39.83115300,-86.18582160,19.12
39.84532346,-91.44070730,23.21
39.86456196,-74.47959550,23.47
39.87310830,-86.36168060,6.21
39.87311389,-86.36168889,5.83
39.87319167,-86.36149170,5.50
39.87320278,-86.36148610,5.09
39.89860670,-95.08802900,5.56
39.99122320,-74.84044200,6.26
40.00003630,-86.04220760,23.84
40.01822220,-93.98775000,77.26
40.02860270,-101.87156760,20.76
40.04147220,-75.17933330,16.14
40.04372666,-74.35737020,28.13
40.04769444,-94.81630560,8.95
40.08297220,-93.97247220,131.13
40.18336110,-91.82977780,62.23
40.20472220,-80.60777780,37.39
40.24561110,-93.73947220,4.91
40.30121878,-74.72349360,31.80
40.32225000,-92.21738890,25.89
40.36205290,-74.31320280,4.99
40.36427285,-74.88099860,2.43
40.36875000,-76.30172220,8.97
40.38200000,-76.70575000,16.18
40.43205038,-74.45487420,17.72
40.43319444,-87.59069440,22.25
40.43747220,-75.88425000,141.01
40.44902778,-93.78377780,15.58
40.51519444,-94.61297220,4.71
40.54471810,-101.66683690,111.40
40.55027778,-94.82313890,1.85
40.58091667,-92.49175000,12.38
40.57732477,-74.86044348,10.53
40.58361110,-91.70111110,96.40
40.58815820,-74.75655140,26.49
40.62204480,-75.15461890,8.01
40.66500000,-99.25583330,9.49
40.68510200,-74.28820318,6.99
40.72861110,-99.45805560,21.74
40.75362358,-98.30367120,66.10
40.75362358,-98.30367120,65.98
40.77168040,-98.84591220,21.41
40.78499780,-101.47322080,95.07
40.78575000,-76.11847220,50.93
40.78806200,-99.76844980,8.21
40.81787740,-74.68099480,13.32
40.83028447,-99.74983760,13.48
40.83722220,-99.98611110,8.82
40.85806670,-99.15314630,135.12
40.85833330,-99.15305560,135.32
40.87416667,-98.28222220,7.51
40.88890160,-98.50951220,21.73
40.91222220,-100.12838890,4.63
40.94202778,-98.62683330,33.85
41.01582480,-95.13082170,12.51
41.02319444,-75.71847220,62.46
41.03167450,-99.66344370,47.92
41.03232778,-98.74045560,7.28
41.03537519,-74.44959940,4.65
41.04675000,-99.27972220,109.30
41.08037446,-74.80988930,26.36
41.10436110,-98.19297220,11.97
41.15398430,-74.88405820,20.81
41.16168124,-97.96366890,5.75
41.16972247,-96.46974240,42.40
41.19041667,-99.70697220,1.74
41.20669444,-75.39661110,12.04
41.29322220,-96.28375000,12.91
41.29377778,-97.44516670,17.87
41.36509999,-71.77423360,13.46
41.39327500,-104.04028330,280.75
41.42277778,-100.20337780,2.70
41.48843449,-71.53561590,13.44
41.49531944,-103.75761940,170.59
41.52508330,-100.88836110,102.93
41.53223249,-98.98703320,36.79
41.53775550,-102.86770320,79.02
41.58305830,-102.61739720,329.92
41.63379720,-70.54067590,7.58
41.63691679,-103.56299690,23.32
41.64898610,-103.88999440,29.63
41.68524899,-103.39438180,164.48
41.69013249,-70.52012820,17.05
41.69436570,-70.52044210,30.22
41.69802749,-103.93772680,41.11
41.69998230,-70.51774760,97.12
41.70542100,-70.52600060,100.38
41.72112840,-91.42238910,16.28
41.72522220,-75.25858330,27.46
41.77693330,-99.37970280,7.30
41.77858610,-100.52516110,14.66
41.83110278,-100.10086670,3.78
41.83958330,-96.72850000,9.55
41.85496960,-103.03631780,11.67
41.88845556,-85.40933610,0.34
41.88857800,-103.66022150,26.29
41.93306390,-98.01478620,96.86
41.94107660,-103.93078090,4.64
41.94173889,-99.86010280,4.06
41.94827778,-103.70122220,194.26
42.00194444,-102.95611110,60.26
42.03443974,-101.33516830,4.22
42.05027500,-103.93023330,81.02
42.05727810,-79.49921640,1.21
42.09172945,-78.74753220,7.29
42.13223330,-104.04679170,13.83
42.14111110,-76.81277778,24.12
42.17676389,-88.09581670,151.20
42.18222220,-88.63555560,9.22
42.18887220,-88.47170560,29.81
42.18944444,-88.37416670,19.76
42.18944444,-88.37444440,21.84
42.19227778,-88.14991670,66.03
42.19275278,-110.16299440,5.38
42.19396475,-75.85325000,28.34
42.19583330,-88.33000000,2.35
42.19583330,-88.33000000,89.34
42.19924216,-75.89797408,68.63
42.20278308,-98.67258670,6.00
42.20352778,-76.52594440,21.37
42.20478020,-79.30976880,1.48
42.21133056,-88.17170560,22.62
42.22251667,-88.56976940,73.37
42.22805556,-88.47694440,10.11
42.22805556,-88.47694440,10.34
42.22805556,-88.47694440,10.12
42.25333330,-77.79111110,5.11
42.25916667,-88.70500000,5.98
42.26222220,-78.03694440,-0.87
42.26316667,-88.23975000,93.72
42.26563617,-75.47073640,7.21
42.27388889,-88.52055560,4.29
42.27388889,-88.52055560,5.25
42.27608330,-88.21633330,12.37
42.28137778,-88.61924720,19.98
42.28137778,-88.61924720,28.81
42.28137778,-88.61924720,20.33
42.30555556,-88.26250000,46.82
42.30555556,-88.26250000,46.74
42.31454035,-71.36755950,16.70
42.32064720,-88.21475830,21.94
42.34233610,-88.37235280,34.70
42.35556110,-88.55236670,34.16
42.36166667,-88.50861110,37.35
42.36166667,-88.50861110,37.62
42.36166667,-88.50861110,38.79
42.36389265,-97.67367400,29.24
42.38555556,-88.38611110,6.32
42.38555556,-88.38611110,17.38
42.38546389,-88.44490830,11.88
42.38966667,-76.31750000,19.72
42.39954444,-88.60061940,33.02
42.40913330,-88.23501670,31.76
42.41257085,-77.34220320,9.00
42.45044444,-79.01427780,27.84
42.45111110,-88.64805560,7.98
42.45111110,-88.64805560,7.63
42.45285010,-76.77439779,7.92
42.46747220,-97.05468890,0.97
42.47912220,-88.48162500,26.37
42.48000000,-88.31944440,8.67
42.48000000,-88.31944440,13.43
42.48000000,-88.31944440,12.75
42.48027688,-99.87123600,9.58
42.48288056,-88.39884440,28.72
42.48383330,-76.79933330,36.48
42.48888889,-76.46472220,5.19
42.49027778,-88.43166670,-11.94
42.49027778,-88.43166670,-11.88
42.53000197,-98.50202770,50.95
42.56722220,-109.93022220,5.68
42.62500190,-98.93370560,38.38
42.62867339,-78.11862010,12.48
42.64083330,-76.06638889,6.19
42.69340779,-75.04710349,5.70
42.69951470,-76.42160260,19.65
42.72972220,-76.88388889,0.33
42.74777778,-76.13861110,5.31
42.81163330,-71.01159720,14.37
42.91333330,-76.58333330,11.14
42.94750000,-70.96027778,46.69
42.95111110,-78.60166670,12.20
42.96750000,-77.25333330,2.54
42.97250000,-76.77033330,3.32
42.97580556,-77.84408330,11.70
42.97784110,-77.22720290,3.54
42.97938889,-75.84575000,132.86
42.98694444,-78.14861110,35.43
43.01562410,-75.59434610,9.66
43.02944444,-78.17027780,10.67
43.03138889,-100.88611110,21.05
43.04534410,-76.30076300,12.88
43.04534410,-76.30076300,14.03
43.04728539,-77.47610580,8.38
43.05311110,-77.08750000,12.76
43.05388889,-100.62222220,45.88
43.06027778,-100.40888890,31.21
43.07083330,-100.75416670,19.03
43.12388889,-101.05972220,27.91
43.12755657,-78.84059259,1.94
43.14277778,-108.70888890,12.26
43.15677778,-78.40363889,41.53
43.17916667,-78.26802780,22.24
43.19944444,-100.76944440,84.56
43.21894450,-78.91226320,4.66
43.24111110,-100.33250000,22.22
43.36333330,-76.38083330,23.04
43.36333330,-76.38083330,23.16
43.45836110,-110.79702780,18.76
43.61794490,-116.18595000,-13.35
43.62388889,-96.74583330,11.52
43.63108570,-96.72449470,8.27
43.68307240,-83.21772780,33.94
43.72472220,-96.87000000,6.02
43.73344537,-121.46710590,28.28
45.26801720,-97.12174580,77.90
45.35412738,-97.18619330,14.09
45.38444440,-97.14416670,16.44
45.47761740,-122.50790470,27.20
45.47762575,-122.50791860,10.73
45.52653770,-112.70138460,5.90
45.56611110,-98.43361110,8.91
45.58750000,-97.14388890,7.80
45.63857110,-96.95730110,57.75
45.74084520,-84.71115950,4.71
46.31120000,-97.92656390,5.96
46.32620556,-118.13855830,38.74
46.39888056,-97.92406110,20.29
46.44155556,-97.27466670,6.12
46.57286110,-99.45504720,18.76
46.57255556,-97.19861110,6.45
46.81008610,-99.74377780,15.93
46.84241389,-122.96003890,27.25
46.87808056,-98.48146940,34.37
46.96145830,-102.68558610,17.76
47.36773620,-111.19135400,137.69
48.00946165,-105.33220940,42.23
61.29000970,-149.59637560,110.16
64.75777778,-147.22361100,8.61
