29.43856519,-99.28337380,207.00
29.49527778,-98.59555560,176.57
29.54777778,-98.63555560,189.14
29.56364765,-95.11915340,131.83
29.58777778,-98.54861110,232.27
29.86779720,-99.56718890,248.05
30.21033889,-97.78158330,138.17
31.17452778,-81.48327780,4.28
31.68527778,-88.65750000,26.44
32.55364444,-117.06160280,45.56
32.55364444,-117.06160280,45.61
32.55364444,-117.06160280,45.62
32.55364444,-117.06160280,16.79
32.55364444,-117.06160280,15.61
32.59100556,-117.08347500,47.87
32.59100556,-117.08347500,44.60
32.59100556,-117.08347500,27.04
32.59100556,-117.08347500,24.70
32.59100556,-117.08347500,13.55
32.59123610,-117.05389170,-17.63
32.59123610,-117.05389170,-19.77
32.59123610,-117.05389170,9.78
32.59123610,-117.05389170,24.08
32.59123610,-117.05389170,27.58
32.61659720,-117.05941100,64.01
32.61659720,-117.05941100,63.37
32.61659720,-117.05941100,93.11
32.61659720,-117.05941100,117.47
32.61659720,-117.05941100,116.30
32.61659720,-117.05941100,119.01
32.62634167,-107.01901110,10.19
32.65441389,-117.09824440,55.83
32.65441389,-117.09824440,48.99
32.65441389,-117.09824440,42.54
32.65441389,-117.09824440,23.72
32.65441389,-117.09824440,20.84
32.65903610,-117.08557780,-69.11
32.65903610,-117.08557780,42.46
32.65903610,-117.08557780,59.13
32.65903610,-117.08557780,123.33
32.65903610,-117.08557780,25.13
32.65903610,-117.08557780,17.71
32.66863889,-107.16533330,13.04
32.68208056,-117.11238060,34.14
32.68208056,-117.11238060,12.06
32.68208056,-117.11238060,12.51
32.68208056,-117.11238060,11.83
32.68208056,-117.11238060,9.22
32.68779444,-117.08559720,109.96
32.68779444,-117.08559720,133.09
32.68779444,-117.08559720,133.25
32.68779444,-117.08559720,124.82
32.68779444,-117.08559720,97.97
32.71893333,-117.10994720,-15.10
32.71893333,-117.10994720,-13.49
32.71893333,-117.10994720,-10.66
32.71893333,-117.10994720,86.87
32.71893333,-117.10994720,87.01
32.71893333,-117.10994720,87.25
32.73776110,-117.07223890,233.96
32.73776110,-117.07223890,234.03
32.73776110,-117.07223890,223.61
32.73776110,-117.07223890,217.55
32.73776110,-117.07223890,155.71
32.73776110,-117.07223890,37.33
32.77809167,-117.12085560,-14.78
32.77809167,-117.12085560,-14.91
32.77809167,-117.12085560,-15.17
32.77809167,-117.12085560,-11.85
32.77809167,-117.12085560,18.89
32.83169444,-107.30338890,12.69
33.05567220,-117.04639720,24.07
33.05567220,-117.04639720,16.81
33.05567220,-117.04639720,16.78
33.08734444,-116.97475560,65.09
33.08734444,-116.97475560,65.15
33.08734444,-116.97475560,64.85
33.09875000,-117.01713890,19.32
33.09875000,-117.01713890,19.27
33.09875000,-117.01713890,18.66
33.10688889,-91.92457220,84.86
33.18438333,-92.63392220,320.45
33.21568595,-92.81043890,312.42
33.23176944,-92.54004720,272.92
33.24415556,-92.69144720,276.59
33.26904167,-93.24683610,267.30
33.36830278,-92.72461110,149.26
33.46320278,-117.10432780,93.90
33.46320278,-117.10432780,72.24
33.47213056,-117.11857220,40.13
33.47213056,-117.11857220,45.01
33.47213056,-117.11857220,47.19
33.47213056,-117.11857220,42.76
33.47213056,-117.11857220,27.83
33.47213056,-117.11857220,24.64
33.48272220,-117.07588890,304.25
33.48272220,-117.07588890,327.58
33.48272220,-117.07588890,337.61
33.48272220,-117.07588890,97.75
33.48272220,-117.07588890,49.18
33.50047220,-117.01605560,320.07
33.50047220,-117.01605560,330.43
33.50047220,-117.01605560,322.97
33.50047220,-117.01605560,84.27
33.54750000,-90.54388890,29.77
33.70583330,-89.74083330,9.97
33.85925830,-117.23456940,66.95
33.88238056,-91.25823330,37.43
33.90231110,-117.26227780,12.42
33.94194444,-78.00972220,62.27
33.94194444,-78.00972220,24.66
33.94194444,-78.00972220,2.12
33.98027778,-78.09527780,41.69
34.01291667,-117.03639170,356.30
34.01291667,-117.03639170,358.66
34.01291667,-117.03639170,357.07
34.01291667,-117.03639170,354.29
34.02497778,-117.09709170,324.80
34.02497778,-117.09709170,322.31
34.02497778,-117.09709170,323.19
34.02497778,-117.09709170,134.93
34.02676944,-117.06087780,315.36
34.02676944,-117.06087780,317.00
34.02676944,-117.06087780,284.50
34.02676944,-117.06087780,260.16
34.02676944,-117.06087780,260.06
34.04682500,-117.03587780,315.01
34.04682500,-117.03587780,314.62
34.04682500,-117.03587780,314.36
34.04682500,-117.03587780,314.18
34.06948056,-117.28391100,142.22
34.06948056,-117.28391100,152.42
34.06948056,-117.28391100,132.59
34.07741110,-117.29515000,113.41
34.07741110,-117.29515000,116.90
34.08432220,-117.17720830,237.62
34.08432220,-117.17720830,237.50
34.08432220,-117.17720830,237.27
34.08432220,-117.17720830,237.17
34.08936110,-117.35566940,264.69
34.08936110,-117.35566940,270.51
34.08936110,-117.35566940,282.69
34.08936110,-117.35566940,281.62
34.08936110,-117.35566940,274.27
34.09471667,-117.12882220,356.87
34.09471667,-117.12882220,356.93
34.10414167,-117.28645000,160.92
34.10414167,-117.28645000,127.34
34.10414167,-117.28645000,63.24
34.11511389,-117.31174440,229.74
34.11849167,-117.27437220,212.79
34.11849167,-117.27437220,210.18
34.11849167,-117.27437220,166.99
34.44196944,-119.74028060,395.27
34.12113889,-117.38506100,395.23
34.12113889,-117.38506100,394.98
34.12113889,-117.38506100,394.77
34.12113889,-117.38506100,394.79
34.13428889,-117.38403330,498.31
34.13428889,-117.40070000,497.96
34.13428889,-117.40070000,498.05
34.13451110,-117.37268060,332.22
34.13451110,-117.37268060,332.21
34.13451110,-117.37268060,317.91
34.13451110,-117.37268060,318.70
34.24786667,-91.91116670,273.51
34.44197220,-119.74028060,138.42
34.46473330,-91.42093610,101.06
34.51337500,-93.05114170,115.67
34.51943330,-90.77263330,18.77
34.58259000,-96.67945220,104.24
34.62398896,-93.80519790,46.80
34.75500000,-79.46722220,8.66
34.76222220,-79.44361110,22.03
34.77775885,-120.46321970,74.29
34.77775885,-120.46321970,76.46
34.77775885,-120.46321970,65.44
34.78083330,-91.59750000,135.28
34.78133330,-91.64094440,114.73
34.79694444,-98.58416670,7.89
34.84947500,-91.88111670,124.31
34.93418918,-110.75152420,267.35
35.00057760,-110.59929800,37.31
35.16640267,-110.94041790,227.19
35.17279000,-111.10569940,614.27
35.19055556,-79.50388889,90.65
35.19200000,-79.46475000,54.19
35.20390096,-111.03986460,328.94
35.23175000,-92.38986110,7.12
35.39478330,-90.35851390,26.59
35.45716667,-90.87536110,108.42
35.60152778,-90.85194440,121.58
35.82102778,-90.85680560,86.29
35.99013056,-92.20633060,65.92
36.01416800,-110.51208000,423.50
36.16977778,-79.99827780,22.13
36.20777575,-110.41069030,839.40
36.49083360,-109.94817270,374.34
36.50502500,-76.49809440,0.68
36.52805329,-110.59903000,216.70
36.54814167,-76.43200278,0.90
36.55267220,-114.92454440,833.59
36.55538610,-76.42594720,0.99
36.56034720,-75.99720000,4.10
36.58416389,-115.64910000,327.79
36.60709610,-76.87357080,98.03
36.60709610,-76.87357080,176.58
36.60709610,-76.87357080,177.32
36.60904034,-76.96662840,115.53
36.64722180,-110.17068350,211.54
36.65792848,-76.55772770,8.71
36.67441389,-76.45040000,0.27
36.67598408,-76.94023890,123.30
36.67598408,-76.94023890,129.50
36.68320624,-76.91329390,135.69
36.69104276,-76.00948530,1.93
36.70491667,-78.03240560,18.58
36.70764998,-76.12937859,77.29
36.70764998,-76.12937859,73.37
36.71645000,-76.43981940,0.53
36.71626944,-76.44048060,0.08
36.72149167,-76.49578060,0.21
36.72371439,-76.02054720,9.00
36.72722130,-110.26318800,169.20
36.74906654,-76.04993190,5.11
36.76620460,-76.12862069,8.51
36.76618518,-76.12868740,11.56
36.76889444,-76.89615000,113.46
36.77885275,-77.07101120,110.57
36.77886940,-77.07103620,97.75
36.77886664,-77.07106678,22.40
36.77888050,-77.07116120,12.38
36.78073330,-114.72273890,395.52
36.78431615,-76.64328700,160.94
36.78431615,-76.64328700,162.33
36.78738538,-76.05153760,13.07
36.78737704,-76.05153760,9.39
36.79566667,-114.89280560,355.96
36.79631667,-76.01160830,7.51
36.79645278,-76.01197500,6.49
36.80403855,-76.73495750,0.41
36.80403855,-76.73495750,148.65
36.80403855,-76.73495750,147.03
36.85931567,-76.58634110,136.04
36.85931567,-76.58634110,136.83
36.86400000,-76.08631670,23.00
36.86950094,-88.65366060,9.52
36.87665209,-112.74103680,87.92
36.90081850,-112.75853800,88.70
36.90299444,-76.12118889,8.89
36.90299720,-76.12121940,7.49
36.92515020,-77.17746768,82.70
36.92515020,-77.17746768,68.66
36.92515020,-77.17746768,61.54
36.93387380,-112.76798390,72.36
36.96431588,-76.72606929,145.92
36.96431588,-76.72606929,146.12
36.96431588,-76.72606929,5.26
36.96557828,-76.41970528,104.77
37.01478626,-76.89387410,132.84
37.01478070,-76.89382410,132.79
37.01477237,-76.89375750,132.74
37.04292235,-77.19465300,101.23
37.04296400,-77.19465580,99.80
37.04300290,-77.19465300,91.34
37.04286680,-77.19465300,25.85
37.10110278,-82.67724170,37.36
37.12014784,-76.69190130,7.91
37.13679555,-80.43838460,2.83
37.14486747,-76.46411579,7.24
37.18939444,-78.19555830,16.06
37.20236790,-76.56939720,151.16
37.20236790,-76.56939720,150.66
37.20236790,-76.56939720,71.94
37.20236790,-76.56939720,23.62
37.20236790,-76.56939720,26.18
37.26208280,-76.00909990,10.96
37.27903868,-77.41248300,15.77
37.28152597,-79.92226000,18.57
37.31149720,-81.97808330,21.22
37.34813056,-78.82715000,1.24
37.36264660,-76.82523930,191.00
37.36383889,-79.70635830,39.12
37.36562074,-76.72090800,128.32
37.36570408,-76.72092200,128.44
37.37315000,-80.39666389,39.08
37.37344444,-79.70996389,8.58
37.42658530,-76.96984690,118.57
37.42663530,-76.96987190,114.76
37.42666030,-76.96989130,114.67
37.42670750,-76.96992740,113.39
37.42660754,-76.96985799,32.27
37.42667976,-76.96990799,11.96
37.42857220,-79.49836389,14.42
37.42857220,-79.49836389,7.90
37.43570094,-78.67917510,29.27
37.44412980,-114.87000680,862.82
37.45152370,-75.93271030,7.27
37.51504720,-76.97880830,95.18
37.52943056,-78.27006110,35.17
37.55463685,-77.21441380,211.26
37.55463960,-77.21436100,209.99
37.62708827,-77.14191740,19.52
37.63291260,-79.45420270,22.44
37.64416667,-81.43111110,25.65
37.65675250,-77.37456400,178.17
37.65676080,-77.37454738,178.21
37.65676917,-77.37452520,12.91
37.70413030,-114.75944850,393.26
37.74040694,-75.66631808,51.20
37.74040694,-75.66631808,78.17
37.74096248,-75.66631809,100.88
37.74491690,-77.20492580,185.36
37.74494470,-77.20491740,193.91
37.74497248,-77.20490909,184.55
37.74500025,-77.20490350,59.29
37.74819444,-88.43805560,7.79
37.83489167,-76.30873610,60.98
37.87034970,-76.31715100,146.40
37.87034970,-76.31715380,157.68
37.87034970,-76.31715660,158.59
37.87029414,-76.31722049,158.71
37.87027748,-76.31725100,107.72
37.87024970,-76.31729270,105.44
37.87021080,-76.31734550,96.82
37.87018026,-76.31737880,70.89
37.87015526,-76.31741220,57.47
37.94317890,-75.45381180,8.84
37.94317890,-75.45381180,11.41
37.94317890,-75.45381180,23.23
37.94317890,-75.45381180,24.59
37.94219559,-75.45474240,21.4
37.95651260,-75.57853770,8.95
38.04785830,-79.79101670,7.07
38.09190245,-114.89584270,843.86
38.11484119,-80.26451729,69.31
38.13745090,-115.33974820,795.31
38.16735704,-78.16139130,24.84
38.16957560,-77.03830640,208.60
38.18624179,-76.91774750,74.57
38.19235278,-76.91913650,9.65
38.24633330,-81.65855560,18.65
38.33566710,-80.49091810,24.27
38.36401590,-78.71085470,69.40
38.36794444,-82.51247220,35.51
38.13040997,-79.06836218,19.91
38.57317638,-77.41609530,7.94
38.77706667,-75.25886670,9.09
38.80581944,-78.78963889,13.78
38.83263330,-77.80481110,20.52
38.84522220,-75.66569440,15.29
38.92244420,-114.84417930,432.60
38.93538880,-77.63610360,8.38
38.94955500,-77.36665240,15.65
38.98069444,-79.94394440,46.07
39.03233520,-74.89239330,12.42
39.05918330,-78.61878060,16.35
39.06344010,-78.06499810,38.47
39.10649516,-77.52804540,24.88
39.12851944,-77.84576940,28.86
39.17150000,-80.41208330,44.09
39.21902778,-81.11166670,27.91
39.27421786,-85.89554660,17.63
39.35121160,-77.92971910,23.06
39.36663889,-78.88886110,26.18
39.45672220,-77.97252780,49.21
39.45900397,-75.15768338,5.49
39.45900397,-75.15768338,5.59
39.45900397,-75.15768338,169.70
39.46591667,-77.83608330,50.21
39.55271470,-114.79807530,11.49
39.55928348,-74.74016220,37.75
39.63716457,-113.87471490,11.13
39.67718056,-116.31130000,37.29
39.71058586,-75.45669539,13.43
39.73178139,-75.04933690,15.74
39.83115300,-86.18582160,19.10
39.86456196,-74.47959550,23.43
39.87310830,-86.36168060,6.22
39.87311389,-86.36168889,5.87
39.87319167,-86.36149170,5.52
39.87320278,-86.36148610,5.13
39.99122320,-74.84044200,6.22
40.02860270,-101.87156760,20.77
40.04147220,-75.17933330,16.12
40.04372666,-74.35737020,28.12
40.20472220,-80.60777780,37.11
40.30121878,-74.72349360,31.80
40.36205290,-74.31320280,5.02
40.36427285,-74.88099860,2.31
40.43205038,-74.45487420,17.71
40.43319444,-87.59069440,22.31
40.54471810,-101.66683690,111.27
40.57732477,-74.86044348,10.47
40.58815820,-74.75655140,26.32
40.62204480,-75.15461890,7.95
40.66500000,-99.25583330,9.56
40.68510200,-74.28820318,6.96
40.72861110,-99.45805560,21.77
40.75362358,-98.30367120,66.16
40.75362358,-98.30367120,66.01
40.77168040,-98.84591220,21.47
40.78806200,-99.76844980,8.32
40.81787740,-74.68099480,13.25
40.83028447,-99.74983760,13.49
40.83722220,-99.98611110,8.69
40.85806670,-99.15314630,135.36
40.85833330,-99.15305560,135.41
40.87416667,-98.28222220,7.68
40.88890160,-98.50951220,21.77
40.91222220,-100.12838890,4.90
40.94202778,-98.62683330,33.87
41.01582480,-95.13082170,12.36
41.03167450,-99.66344370,47.98
41.03232778,-98.74045560,7.37
41.03537519,-74.44959940,4.60
41.04675000,-99.27972220,109.36
41.08037446,-74.80988930,26.36
41.10436110,-98.19297220,12.03
41.15398430,-74.88405820,20.78
41.16168124,-97.96366890,5.81
41.16972247,-96.46974240,42.42
41.19041667,-99.70697220,1.89
41.29322220,-96.28375000,12.94
41.29377778,-97.44516670,17.92
41.36509999,-71.77423360,13.43
41.42277778,-100.20337780,2.74
41.48843449,-71.53561590,13.43
41.52508330,-100.88836110,102.81
41.53223249,-98.98703320,36.94
41.63379720,-70.54067590,7.53
41.64898610,-103.88999440,29.71
41.68524899,-103.39438180,164.80
41.69013249,-70.52012820,17.02
41.69436570,-70.52044210,30.20
41.69998230,-70.51774760,97.08
41.70542100,-70.52600060,100.33
41.72112840,-91.42238910,16.46
41.77693330,-99.37970280,7.52
41.77858610,-100.52516110,14.70
41.83110278,-100.10086670,3.92
41.83958330,-96.72850000,9.66
41.85496960,-103.03631780,11.58
41.88845556,-85.40933610,0.32
41.93306390,-98.01478620,97.07
41.94173889,-99.86010280,4.21
42.03443974,-101.33516830,4.26
42.05027500,-103.93023330,80.87
42.05727810,-79.49921640,0.78
42.09172945,-78.74753220,7.41
42.14111110,-76.81277778,24.02
42.17676389,-88.09581670,151.53
42.18222220,-88.63555560,9.21
42.18887220,-88.47170560,29.84
42.18944444,-88.37416670,19.08
42.18944444,-88.37444440,22.10
42.19227778,-88.14991670,66.31
42.19275278,-110.16299440,5.37
42.19396475,-75.85325000,28.36
42.19583330,-88.33000000,2.32
42.19583330,-88.33000000,89.35
42.19924216,-75.89797408,68.55
42.20278308,-98.67258670,6.16
42.20352778,-76.52594440,21.59
42.20478020,-79.30976880,1.29
42.21133056,-88.17170560,22.68
42.22251667,-88.56976940,73.25
42.22805556,-88.47694440,10.12
42.22805556,-88.47694440,10.35
42.22805556,-88.47694440,10.13
42.25333330,-77.79111110,4.82
42.25916667,-88.70500000,5.98
42.26222220,-78.03694440,-0.89
42.26316667,-88.23975000,93.98
42.26563617,-75.47073640,6.82
42.27388889,-88.52055560,4.29
42.27388889,-88.52055560,5.25
42.27608330,-88.21633330,12.40
42.28137778,-88.61924720,20.06
42.28137778,-88.61924720,28.97
42.28137778,-88.61924720,20.35
42.30555556,-88.26250000,47.07
42.30555556,-88.26250000,46.98
42.31454035,-71.36755950,16.68
42.32064720,-88.21475830,21.94
42.34233610,-88.37235280,34.69
42.35556110,-88.55236670,34.16
42.36166667,-88.50861110,37.34
42.36166667,-88.50861110,37.60
42.36166667,-88.50861110,37.96
42.36389265,-97.67367400,29.33
42.38555556,-88.33222220,11.55
42.38555556,-88.33222220,53.14
42.38555556,-88.38611110,6.33
42.38555556,-88.38611110,17.37
42.38546389,-88.44490830,11.88
42.38966667,-76.31750000,19.70
42.39954444,-88.60061940,33.03
42.40913330,-88.23501670,31.87
42.41257085,-77.34220320,8.95
42.45044444,-79.01427780,27.91
42.45111110,-88.64805560,7.99
42.45111110,-88.64805560,7.66
42.45285010,-76.77439779,7.90
42.46747220,-97.05468890,2.40
42.47912220,-88.48162500,26.39
42.48000000,-88.31944440,8.63
42.48000000,-88.31944440,13.76
42.48000000,-88.31944440,11.87
42.48288056,-88.39884440,28.72
42.48383330,-76.79933330,36.54
42.48888889,-76.46472220,5.08
42.49027778,-88.43166670,-11.94
42.49027778,-88.43166670,-11.88
42.53000197,-98.50202770,50.96
42.56722220,-109.93022220,5.63
42.62500190,-98.93370560,38.43
42.62867339,-78.11862010,12.53
42.64083330,-76.06638889,6.23
42.69340779,-75.04710349,5.56
42.69951470,-76.42160260,19.67
42.72972220,-76.88388889,0.16
42.74777778,-76.13861110,5.28
42.81163330,-71.01159720,14.35
42.91333330,-76.58333330,10.93
42.94750000,-70.96027778,48.32
42.95111110,-78.60166670,12.16
42.96750000,-77.25333330,2.51
42.97250000,-76.77033330,3.33
42.97580556,-77.84408330,11.68
42.97784110,-77.22720290,3.45
42.97938889,-75.84575000,132.12
42.98694444,-78.14861110,35.37
43.01562410,-75.59434610,9.63
43.02944444,-78.17027780,10.54
43.03138889,-100.88611110,21.03
43.04534410,-76.30076300,12.82
43.04534410,-76.30076300,13.97
43.04728539,-77.47610580,8.33
43.05311110,-77.08750000,12.64
43.05388889,-100.62222220,45.87
43.06027778,-100.40888890,31.21
43.07083330,-100.75416670,19.01
43.12388889,-101.05972220,27.91
43.12755657,-78.84059259,1.77
43.14277778,-108.70888890,12.26
43.15677778,-78.40363889,41.47
43.17916667,-78.26802780,22.19
43.19944444,-100.76944440,84.50
43.21894450,-78.91226320,4.56
43.24111110,-100.33250000,22.22
43.36333330,-76.38083330,23.04
43.36333330,-76.38083330,23.11
43.45836110,-110.79702780,18.65
43.61794490,-116.18595000,-16.45
43.62388889,-96.74583330,11.54
43.63108570,-96.72449470,8.38
43.68307240,-83.21772780,33.95
43.72472220,-96.87000000,6.11
43.73344537,-121.46710590,28.20
45.26801720,-97.12174580,78.08
45.35412738,-97.18619330,14.09
45.38444440,-97.14416670,16.43
45.47761740,-122.50790470,26.98
45.47762575,-122.50791860,11.46
45.52653770,-112.70138460,5.82
45.56611110,-98.43361110,8.94
45.58750000,-97.14388890,7.80
45.63857110,-96.95730110,57.80
45.74084520,-84.71115950,4.69
46.31120000,-97.92656390,6.01
46.32620556,-118.13855830,38.59
46.39888056,-97.92406110,20.31
46.44155556,-97.27466670,6.14
46.57286110,-99.45504720,18.76
46.57255556,-97.19861110,6.44
46.81008610,-99.74377780,15.94
46.84241389,-122.96003890,30.61
46.87808056,-98.48146940,34.30
46.96145830,-102.68558610,17.68
47.94673330,-97.62269170,23.10
61.29000970,-149.59637560,110.18
64.75777778,-147.22361100,8.56
