29.43856519,-99.28337380,207.02
29.49527778,-98.59555560,178.25
29.54777778,-98.63555560,189.05
29.56364765,-95.11915340,131.79
29.58777778,-98.54861110,231.54
29.86779720,-99.56718890,248.16
30.21033889,-97.78158330,138.43
31.17452778,-81.48327780,2.87
31.68527778,-88.65750000,26.47
32.55364444,-117.06160280,45.54
32.55364444,-117.06160280,45.59
32.55364444,-117.06160280,45.62
32.55364444,-117.06160280,16.81
32.55364444,-117.06160280,15.70
32.59100556,-117.08347500,47.91
32.59100556,-117.08347500,44.65
32.59100556,-117.08347500,27.69
32.59100556,-117.08347500,24.82
32.59100556,-117.08347500,13.57
32.59123610,-117.05389170,-17.63
32.59123610,-117.05389170,-19.77
32.59123610,-117.05389170,9.81
32.59123610,-117.05389170,24.13
32.59123610,-117.05389170,27.55
32.61659720,-117.05941100,64.03
32.61659720,-117.05941100,63.37
32.61659720,-117.05941100,93.11
32.61659720,-117.05941100,117.48
32.61659720,-117.05941100,116.30
32.61659720,-117.05941100,118.96
32.62634167,-107.01901110,10.24
32.65441389,-117.09824440,56.19
32.65441389,-117.09824440,49.31
32.65441389,-117.09824440,42.85
32.65441389,-117.09824440,23.87
32.65441389,-117.09824440,20.85
32.65903610,-117.08557780,-68.88
32.65903610,-117.08557780,42.59
32.65903610,-117.08557780,59.29
32.65903610,-117.08557780,122.68
32.65903610,-117.08557780,25.48
32.65903610,-117.08557780,17.87
32.66863889,-107.16533330,13.05
32.68208056,-117.11238060,34.37
32.68208056,-117.11238060,12.16
32.68208056,-117.11238060,12.59
32.68208056,-117.11238060,11.87
32.68208056,-117.11238060,9.25
32.68779444,-117.08559720,109.96
32.68779444,-117.08559720,133.13
32.68779444,-117.08559720,133.29
32.68779444,-117.08559720,124.89
32.68779444,-117.08559720,97.91
32.71893333,-117.10994720,-15.10
32.71893333,-117.10994720,-13.49
32.71893333,-117.10994720,-10.66
32.71893333,-117.10994720,86.82
32.71893333,-117.10994720,86.94
32.71893333,-117.10994720,87.18
32.73776110,-117.07223890,233.96
32.73776110,-117.07223890,234.02
32.73776110,-117.07223890,223.60
32.73776110,-117.07223890,217.55
32.73776110,-117.07223890,156.21
32.73776110,-117.07223890,37.33
32.77809167,-117.12085560,-14.80
32.77809167,-117.12085560,-14.91
32.77809167,-117.12085560,-15.17
32.77809167,-117.12085560,-11.85
32.77809167,-117.12085560,18.83
32.83169444,-107.30338890,12.69
33.05567220,-117.04639720,24.61
33.05567220,-117.04639720,16.86
33.05567220,-117.04639720,16.76
33.08734444,-116.97475560,65.62
33.08734444,-116.97475560,65.66
33.08734444,-116.97475560,65.16
33.09875000,-117.01713890,19.34
33.09875000,-117.01713890,19.30
33.09875000,-117.01713890,18.70
33.10688889,-91.92457220,84.95
33.18438333,-92.63392220,320.52
33.21568595,-92.81043890,312.49
33.23176944,-92.54004720,272.73
33.24415556,-92.69144720,277.15
33.26904167,-93.24683610,267.20
33.36830278,-92.72461110,149.32
33.46320278,-117.10432780,93.76
33.46320278,-117.10432780,72.20
33.47213056,-117.11857220,40.13
33.47213056,-117.11857220,45.01
33.47213056,-117.11857220,47.31
33.47213056,-117.11857220,42.82
33.47213056,-117.11857220,28.01
33.47213056,-117.11857220,24.69
33.48272220,-117.07588890,303.96
33.48272220,-117.07588890,326.79
33.48272220,-117.07588890,346.58
33.48272220,-117.07588890,96.98
33.48272220,-117.07588890,49.10
33.50047220,-117.01605560,320.15
33.50047220,-117.01605560,330.49
33.50047220,-117.01605560,322.92
33.50047220,-117.01605560,84.64
33.54750000,-90.54388890,29.77
33.70583330,-89.74083330,9.96
33.85925830,-117.23456940,67.04
33.88238056,-91.25823330,37.44
33.90231110,-117.26227780,12.47
33.94194444,-78.00972220,62.15
33.94194444,-78.00972220,24.63
33.94194444,-78.00972220,1.83
33.98027778,-78.09527780,41.43
34.01291667,-117.03639170,356.35
34.01291667,-117.03639170,358.73
34.01291667,-117.03639170,357.12
34.01291667,-117.03639170,354.36
34.02497778,-117.09709170,320.36
34.02497778,-117.09709170,319.08
34.02497778,-117.09709170,320.12
34.02497778,-117.09709170,135.47
34.02676944,-117.06087780,315.48
34.02676944,-117.06087780,317.11
34.02676944,-117.06087780,284.57
34.02676944,-117.06087780,260.19
34.02676944,-117.06087780,260.07
34.04682500,-117.03587780,315.29
34.04682500,-117.03587780,314.98
34.04682500,-117.03587780,314.53
34.04682500,-117.03587780,314.35
34.06948056,-117.28391100,142.29
34.06948056,-117.28391100,151.91
34.06948056,-117.28391100,132.60
34.07741110,-117.29515000,113.37
34.07741110,-117.29515000,116.95
34.08432220,-117.17720830,236.83
34.08432220,-117.17720830,236.82
34.08432220,-117.17720830,236.74
34.08432220,-117.17720830,236.75
34.08936110,-117.35566940,264.84
34.08936110,-117.35566940,270.63
34.08936110,-117.35566940,282.76
34.08936110,-117.35566940,281.63
34.08936110,-117.35566940,274.23
34.09471667,-117.12882220,356.79
34.09471667,-117.12882220,356.81
34.10414167,-117.28645000,160.81
34.10414167,-117.28645000,127.31
34.10414167,-117.28645000,63.03
34.11511389,-117.31174440,229.77
34.11849167,-117.27437220,212.31
34.11849167,-117.27437220,210.04
34.11849167,-117.27437220,167.01
34.44196944,-119.74028060,395.33
34.12113889,-117.38506100,395.25
34.12113889,-117.38506100,395.01
34.12113889,-117.38506100,394.81
34.12113889,-117.38506100,394.83
34.13428889,-117.38403330,498.30
34.13428889,-117.40070000,497.90
34.13428889,-117.40070000,498.09
34.13451110,-117.37268060,332.21
34.13451110,-117.37268060,332.20
34.13451110,-117.37268060,317.89
34.13451110,-117.37268060,318.65
34.24786667,-91.91116670,273.42
34.44197220,-119.74028060,138.34
34.46473330,-91.42093610,101.29
34.51337500,-93.05114170,115.65
34.51943330,-90.77263330,18.79
34.58259000,-96.67945220,104.23
34.62398896,-93.80519790,46.71
34.75500000,-79.46722220,9.71
34.76222220,-79.44361110,25.06
34.77775885,-120.46321970,74.33
34.77775885,-120.46321970,75.64
34.77775885,-120.46321970,65.07
34.78083330,-91.59750000,135.77
34.78133330,-91.64094440,114.81
34.79694444,-98.58416670,7.87
34.84947500,-91.88111670,124.68
34.93418918,-110.75152420,267.51
35.00057760,-110.59929800,37.46
35.16640267,-110.94041790,227.31
35.17279000,-111.10569940,614.49
35.19055556,-79.50388889,81.46
35.19200000,-79.46475000,42.65
35.20390096,-111.03986460,329.00
35.23175000,-92.38986110,7.10
35.39478330,-90.35851390,26.58
35.45716667,-90.87536110,108.44
35.60152778,-90.85194440,121.62
35.82102778,-90.85680560,86.39
35.99013056,-92.20633060,65.92
36.01416800,-110.51208000,423.65
36.16977778,-79.99827780,22.18
36.20777575,-110.41069030,839.56
36.49083360,-109.94817270,374.55
36.50502500,-76.49809440,0.69
36.52805329,-110.59903000,216.89
36.54814167,-76.43200278,0.88
36.54915556,-76.45611110,1.17
36.55267220,-114.92454440,833.89
36.55538610,-76.42594720,0.96
36.56038889,-75.99724170,12.72
36.56034720,-75.99720000,3.82
36.58416389,-115.64910000,327.91
36.60709610,-76.87357080,98.18
36.60709610,-76.87357080,176.39
36.60709610,-76.87357080,177.33
36.60904034,-76.96662840,115.38
36.64722180,-110.17068350,211.72
36.65792848,-76.55772770,8.72
36.67441389,-76.45040000,0.23
36.67598408,-76.94023890,123.15
36.67598408,-76.94023890,129.40
36.68320624,-76.91329390,136.19
36.69104276,-76.00948530,1.95
36.70491667,-78.03240560,18.46
36.70764998,-76.12937859,77.08
36.70764998,-76.12937859,73.16
36.71645000,-76.43981940,0.52
36.71626944,-76.44048060,0.03
36.72149167,-76.49578060,0.18
36.72371439,-76.02054720,8.99
36.72722130,-110.26318800,169.37
36.76620460,-76.12862069,8.54
36.76618518,-76.12868740,11.60
36.76889444,-76.89615000,113.31
36.77885275,-77.07101120,110.46
36.77886940,-77.07103620,97.66
36.77886664,-77.07106678,22.34
36.77888050,-77.07116120,12.29
36.78073330,-114.72273890,395.66
36.78431615,-76.64328700,160.86
36.78431615,-76.64328700,162.21
36.78738538,-76.05153760,13.03
36.78737704,-76.05153760,9.29
36.79566667,-114.89280560,356.16
36.79631667,-76.01160830,7.40
36.79645278,-76.01197500,6.42
36.80403855,-76.73495750,0.17
36.80403855,-76.73495750,148.71
36.80403855,-76.73495750,146.88
36.85931567,-76.58634110,136.73
36.85931567,-76.58634110,136.96
36.86400000,-76.08631670,23.22
36.86950094,-88.65366060,9.57
36.87665209,-112.74103680,87.92
36.90081850,-112.75853800,88.70
36.90299444,-76.12118889,8.84
36.90299720,-76.12121940,7.31
36.92515020,-77.17746768,82.57
36.92515020,-77.17746768,68.93
36.92515020,-77.17746768,61.59
36.93387380,-112.76798390,72.39
36.96431588,-76.72606929,145.75
36.96431588,-76.72606929,145.93
36.96431588,-76.72606929,4.94
36.96557828,-76.41970528,104.65
37.01478626,-76.89387410,132.72
37.01478070,-76.89382410,132.67
37.01477237,-76.89375750,132.64
37.04292235,-77.19465300,100.91
37.04296400,-77.19465580,99.70
37.04300290,-77.19465300,91.29
37.04286680,-77.19465300,25.81
37.10110278,-82.67724170,37.09
37.12014784,-76.69190130,7.91
37.13679555,-80.43838460,2.59
37.14486747,-76.46411579,6.46
37.18939444,-78.19555830,15.92
37.20236790,-76.56939720,151.43
37.20236790,-76.56939720,150.10
37.20236790,-76.56939720,71.88
37.20236790,-76.56939720,23.55
37.20236790,-76.56939720,26.12
37.26208280,-76.00909990,10.82
37.27903868,-77.41248300,15.84
37.28152597,-79.92226000,18.49
37.31149720,-81.97808330,21.61
37.34813056,-78.82715000,1.10
37.36264660,-76.82523930,190.81
37.36383889,-79.70635830,39.26
37.36562074,-76.72090800,128.21
37.36570408,-76.72092200,128.16
37.37315000,-80.39666389,38.83
37.37344444,-79.70996389,8.38
37.42658530,-76.96984690,118.38
37.42663530,-76.96987190,114.61
37.42666030,-76.96989130,114.53
37.42670750,-76.96992740,113.27
37.42660754,-76.96985799,32.84
37.42667976,-76.96990799,11.90
37.42857220,-79.49836389,14.32
37.42857220,-79.49836389,7.46
37.43570094,-78.67917510,29.15
37.44412980,-114.87000680,863.11
37.45152370,-75.93271030,7.28
37.51504720,-76.97880830,95.09
37.52943056,-78.27006110,35.16
37.55463685,-77.21441380,211.12
37.55463960,-77.21436100,209.87
37.62708827,-77.14191740,19.55
37.63291260,-79.45420270,22.14
37.64416667,-81.43111110,25.36
37.65675250,-77.37456400,177.92
37.65676080,-77.37454738,177.86
37.65676917,-77.37452520,12.84
37.70413030,-114.75944850,393.50
37.74040694,-75.66631808,50.70
37.74040694,-75.66631808,81.48
37.74096248,-75.66631809,103.66
37.74491690,-77.20492580,185.21
37.74494470,-77.20491740,193.72
37.74497248,-77.20490909,184.44
37.74500025,-77.20490350,59.20
37.74819444,-88.43805560,7.65
37.83489167,-76.30873610,60.43
37.87034970,-76.31715100,145.96
37.87034970,-76.31715380,157.37
37.87034970,-76.31715660,158.38
37.87029414,-76.31722049,158.57
37.87027748,-76.31725100,107.52
37.87024970,-76.31729270,105.30
37.87021080,-76.31734550,96.73
37.87018026,-76.31737880,70.82
37.87015526,-76.31741220,57.35
37.94317890,-75.45381180,8.75
37.94317890,-75.45381180,11.42
37.94317890,-75.45381180,20.90
37.94317890,-75.45381180,23.70
37.94219559,-75.45474240,21.2
37.95651260,-75.57853770,8.96
38.04785830,-79.79101670,6.75
38.09190245,-114.89584270,844.26
38.11484119,-80.26451729,69.12
38.13745090,-115.33974820,795.58
38.16735704,-78.16139130,24.41
38.16957560,-77.03830640,208.38
38.18624179,-76.91774750,73.67
38.19235278,-76.91913650,9.64
38.24633330,-81.65855560,18.50
38.33566710,-80.49091810,24.28
38.36401590,-78.71085470,69.32
38.36794444,-82.51247220,35.41
38.13040997,-79.06836218,19.84
38.57317638,-77.41609530,7.85
38.77706667,-75.25886670,9.08
38.80581944,-78.78963889,13.51
38.83263330,-77.80481110,18.42
38.84522220,-75.66569440,15.28
38.92244420,-114.84417930,432.76
38.93538880,-77.63610360,8.15
38.94955500,-77.36665240,15.50
38.98069444,-79.94394440,46.01
39.03233520,-74.89239330,12.50
39.05918330,-78.61878060,16.25
39.06344010,-78.06499810,38.48
39.10649516,-77.52804540,24.83
39.12851944,-77.84576940,28.84
39.17150000,-80.41208330,43.95
39.21902778,-81.11166670,27.58
39.27421786,-85.89554660,17.60
39.35121160,-77.92971910,23.03
39.36663889,-78.88886110,26.16
39.45672220,-77.97252780,48.68
39.45900397,-75.15768338,5.42
39.45900397,-75.15768338,5.52
39.45900397,-75.15768338,169.47
39.46591667,-77.83608330,50.19
39.55271470,-114.79807530,11.52
39.55928348,-74.74016220,37.67
39.63716457,-113.87471490,11.15
39.67718056,-116.31130000,37.37
39.71058586,-75.45669539,13.38
39.73178139,-75.04933690,15.66
39.83115300,-86.18582160,19.17
39.86456196,-74.47959550,23.37
39.87310830,-86.36168060,6.20
39.87311389,-86.36168889,5.81
39.87319167,-86.36149170,5.51
39.87320278,-86.36148610,5.08
39.99122320,-74.84044200,6.24
40.02860270,-101.87156760,20.85
40.04147220,-75.17933330,16.08
40.04372666,-74.35737020,28.12
40.20472220,-80.60777780,36.91
40.30121878,-74.72349360,31.79
40.36205290,-74.31320280,5.07
40.36427285,-74.88099860,1.91
40.43205038,-74.45487420,17.69
40.43319444,-87.59069440,22.26
40.54471810,-101.66683690,111.49
40.57732477,-74.86044348,10.39
40.58815820,-74.75655140,26.19
40.62204480,-75.15461890,7.86
40.66500000,-99.25583330,9.55
40.68510200,-74.28820318,6.93
40.72861110,-99.45805560,21.79
40.75362358,-98.30367120,66.26
40.75362358,-98.30367120,66.04
40.77168040,-98.84591220,21.51
40.78806200,-99.76844980,8.33
40.81787740,-74.68099480,13.17
40.83028447,-99.74983760,13.48
40.83722220,-99.98611110,8.84
40.85806670,-99.15314630,135.57
40.85833330,-99.15305560,135.63
40.87416667,-98.28222220,7.67
40.88890160,-98.50951220,21.79
40.91222220,-100.12838890,4.93
40.94202778,-98.62683330,33.89
41.01582480,-95.13082170,12.16
41.03167450,-99.66344370,48.04
41.03232778,-98.74045560,7.38
41.03537519,-74.44959940,4.53
41.04675000,-99.27972220,109.42
41.08037446,-74.80988930,26.36
41.10436110,-98.19297220,12.16
41.15398430,-74.88405820,20.89
41.16168124,-97.96366890,5.84
41.16972247,-96.46974240,42.46
41.19041667,-99.70697220,1.96
41.29322220,-96.28375000,12.70
41.29377778,-97.44516670,17.92
41.36509999,-71.77423360,13.41
41.42277778,-100.20337780,2.70
41.48843449,-71.53561590,13.43
41.52508330,-100.88836110,102.87
41.53223249,-98.98703320,37.02
41.63379720,-70.54067590,7.48
41.64898610,-103.88999440,29.82
41.68524899,-103.39438180,165.19
41.69013249,-70.52012820,17.00
41.69436570,-70.52044210,30.17
41.69998230,-70.51774760,97.04
41.70542100,-70.52600060,100.29
41.72112840,-91.42238910,16.40
41.77693330,-99.37970280,7.55
41.77858610,-100.52516110,14.74
41.83110278,-100.10086670,4.00
41.83958330,-96.72850000,9.66
41.85496960,-103.03631780,11.74
41.88845556,-85.40933610,0.28
41.93306390,-98.01478620,97.25
41.94173889,-99.86010280,4.22
42.03443974,-101.33516830,4.29
42.05027500,-103.93023330,80.85
42.05727810,-79.49921640,0.86
42.09172945,-78.74753220,7.59
42.14111110,-76.81277778,23.86
42.17676389,-88.09581670,151.46
42.18222220,-88.63555560,9.20
42.18887220,-88.47170560,29.74
42.18944444,-88.37416670,17.54
42.18944444,-88.37444440,22.10
42.19227778,-88.14991670,66.18
42.19275278,-110.16299440,5.46
42.19396475,-75.85325000,28.38
42.19583330,-88.33000000,2.27
42.19583330,-88.33000000,89.08
42.19924216,-75.89797408,68.41
42.20278308,-98.67258670,6.24
42.20352778,-76.52594440,22.07
42.20478020,-79.30976880,1.17
42.21133056,-88.17170560,22.66
42.22251667,-88.56976940,73.20
42.22805556,-88.47694440,10.12
42.22805556,-88.47694440,10.35
42.22805556,-88.47694440,10.12
42.25333330,-77.79111110,4.55
42.25916667,-88.70500000,5.98
42.26222220,-78.03694440,-0.88
42.26316667,-88.23975000,93.84
42.26563617,-75.47073640,6.81
42.27388889,-88.52055560,4.27
42.27388889,-88.52055560,5.23
42.27608330,-88.21633330,12.43
42.28137778,-88.61924720,20.02
42.28137778,-88.61924720,28.87
42.28137778,-88.61924720,20.32
42.30555556,-88.26250000,47.11
42.30555556,-88.26250000,46.97
42.31454035,-71.36755950,16.67
42.32064720,-88.21475830,21.93
42.34233610,-88.37235280,34.68
42.35556110,-88.55236670,34.15
42.36166667,-88.50861110,37.42
42.36166667,-88.50861110,37.65
42.36166667,-88.50861110,38.53
42.36389265,-97.67367400,29.37
42.38555556,-88.33222220,11.55
42.38555556,-88.33222220,53.08
42.38555556,-88.38611110,6.30
42.38555556,-88.38611110,17.32
42.38546389,-88.44490830,11.87
42.38966667,-76.31750000,19.67
42.39954444,-88.60061940,32.93
42.40913330,-88.23501670,31.81
42.41257085,-77.34220320,9.00
42.45044444,-79.01427780,27.96
42.45111110,-88.64805560,7.98
42.45111110,-88.64805560,7.66
42.45285010,-76.77439779,7.91
42.46747220,-97.05468890,2.35
42.47912220,-88.48162500,26.35
42.48000000,-88.31944440,8.59
42.48000000,-88.31944440,13.33
42.48000000,-88.31944440,12.03
42.48288056,-88.39884440,28.68
42.48383330,-76.79933330,36.64
42.48888889,-76.46472220,4.88
42.49027778,-88.43166670,-11.97
42.49027778,-88.43166670,-11.89
42.53000197,-98.50202770,50.99
42.56722220,-109.93022220,5.62
42.62500190,-98.93370560,38.47
42.62867339,-78.11862010,12.98
42.64083330,-76.06638889,6.28
42.69340779,-75.04710349,5.44
42.69951470,-76.42160260,19.71
42.72972220,-76.88388889,-0.05
42.74777778,-76.13861110,5.28
42.81163330,-71.01159720,14.33
42.91333330,-76.58333330,10.77
42.94750000,-70.96027778,45.71
42.95111110,-78.60166670,12.20
42.96750000,-77.25333330,2.49
42.97250000,-76.77033330,3.32
42.97580556,-77.84408330,11.63
42.97784110,-77.22720290,3.40
42.97938889,-75.84575000,131.90
42.98694444,-78.14861110,35.30
43.01562410,-75.59434610,9.61
43.02944444,-78.17027780,10.44
43.03138889,-100.88611110,21.06
43.04534410,-76.30076300,12.77
43.04534410,-76.30076300,13.90
43.04728539,-77.47610580,8.32
43.05311110,-77.08750000,12.74
43.05388889,-100.62222220,45.91
43.06027778,-100.40888890,31.28
43.07083330,-100.75416670,19.05
43.12388889,-101.05972220,27.92
43.12755657,-78.84059259,1.50
43.14277778,-108.70888890,12.28
43.15677778,-78.40363889,41.38
43.17916667,-78.26802780,22.15
43.19944444,-100.76944440,84.57
43.21894450,-78.91226320,4.50
43.24111110,-100.33250000,22.29
43.36333330,-76.38083330,23.07
43.36333330,-76.38083330,23.07
43.45836110,-110.79702780,18.53
43.61794490,-116.18595000,-15.74
43.62388889,-96.74583330,11.56
43.63108570,-96.72449470,8.38
43.68307240,-83.21772780,33.92
43.72472220,-96.87000000,6.41
43.73344537,-121.46710590,28.17
45.26801720,-97.12174580,78.23
45.35412738,-97.18619330,14.09
45.38444440,-97.14416670,16.43
45.47761740,-122.50790470,27.23
45.47762575,-122.50791860,11.54
45.52653770,-112.70138460,5.98
45.56611110,-98.43361110,8.96
45.58750000,-97.14388890,7.77
45.63857110,-96.95730110,57.82
45.74084520,-84.71115950,4.67
46.31120000,-97.92656390,6.02
46.32620556,-118.13855830,38.70
46.39888056,-97.92406110,20.33
46.44155556,-97.27466670,6.14
46.57286110,-99.45504720,18.80
46.57255556,-97.19861110,6.42
46.81008610,-99.74377780,15.98
46.84241389,-122.96003890,33.30
46.87808056,-98.48146940,34.15
46.96145830,-102.68558610,17.71
47.94673330,-97.62269170,23.12
61.29000970,-149.59637560,110.22
64.75777778,-147.22361100,8.51
