29.43856519,-99.28337380,206.62
29.49527778,-98.59555560,177.34
29.54777778,-98.63555560,188.95
29.56364765,-95.11915340,131.81
29.58777778,-98.54861110,232.60
29.86779720,-99.56718890,247.67
30.21033889,-97.78158330,137.61
31.17452778,-81.48327780,4.72
31.68527778,-88.65750000,26.25
32.55364444,-117.06160280,45.59
32.55364444,-117.06160280,45.63
32.55364444,-117.06160280,45.66
32.55364444,-117.06160280,16.82
32.55364444,-117.06160280,15.71
32.59100556,-117.08347500,48.01
32.59100556,-117.08347500,44.70
32.59100556,-117.08347500,26.87
32.59100556,-117.08347500,24.60
32.59100556,-117.08347500,13.49
32.59123610,-117.05389170,-17.57
32.59123610,-117.05389170,-19.74
32.59123610,-117.05389170,9.81
32.59123610,-117.05389170,24.08
32.59123610,-117.05389170,27.66
32.61659720,-117.05941100,64.09
32.61659720,-117.05941100,63.43
32.61659720,-117.05941100,93.17
32.61659720,-117.05941100,117.53
32.61659720,-117.05941100,116.38
32.61659720,-117.05941100,119.10
32.62634167,-107.01901110,10.15
32.65441389,-117.09824440,56.20
32.65441389,-117.09824440,49.28
32.65441389,-117.09824440,42.81
32.65441389,-117.09824440,23.93
32.65441389,-117.09824440,20.92
32.65903610,-117.08557780,-68.92
32.65903610,-117.08557780,42.63
32.65903610,-117.08557780,59.33
32.65903610,-117.08557780,123.46
32.65903610,-117.08557780,25.44
32.65903610,-117.08557780,17.83
32.66863889,-107.16533330,13.03
32.68208056,-117.11238060,34.36
32.68208056,-117.11238060,12.29
32.68208056,-117.11238060,12.59
32.68208056,-117.11238060,11.89
32.68208056,-117.11238060,9.32
32.68779444,-117.08559720,110.03
32.68779444,-117.08559720,133.13
32.68779444,-117.08559720,133.29
32.68779444,-117.08559720,124.94
32.68779444,-117.08559720,98.08
32.71893333,-117.10994720,-15.03
32.71893333,-117.10994720,-13.42
32.71893333,-117.10994720,-10.60
32.71893333,-117.10994720,86.99
32.71893333,-117.10994720,87.16
32.71893333,-117.10994720,87.39
32.73776110,-117.07223890,234.00
32.73776110,-117.07223890,234.09
32.73776110,-117.07223890,223.67
32.73776110,-117.07223890,217.60
32.73776110,-117.07223890,155.96
32.73776110,-117.07223890,37.38
32.77809167,-117.12085560,-14.70
32.77809167,-117.12085560,-14.84
32.77809167,-117.12085560,-15.09
32.77809167,-117.12085560,-11.81
32.77809167,-117.12085560,18.92
32.83169444,-107.30338890,12.70
33.05567220,-117.04639720,24.18
33.05567220,-117.04639720,16.82
33.05567220,-117.04639720,16.82
33.08734444,-116.97475560,65.37
33.08734444,-116.97475560,65.37
33.08734444,-116.97475560,65.02
33.09875000,-117.01713890,19.34
33.09875000,-117.01713890,19.28
33.09875000,-117.01713890,18.67
33.10688889,-91.92457220,84.55
33.18438333,-92.63392220,320.24
33.21568595,-92.81043890,312.14
33.23176944,-92.54004720,272.71
33.24415556,-92.69144720,276.44
33.26904167,-93.24683610,267.06
33.36830278,-92.72461110,149.04
33.46320278,-117.10432780,94.06
33.46320278,-117.10432780,72.41
33.47213056,-117.11857220,40.19
33.47213056,-117.11857220,45.05
33.47213056,-117.11857220,47.16
33.47213056,-117.11857220,42.79
33.47213056,-117.11857220,27.79
33.47213056,-117.11857220,24.64
33.48272220,-117.07588890,304.26
33.48272220,-117.07588890,327.56
33.48272220,-117.07588890,338.42
33.48272220,-117.07588890,97.86
33.48272220,-117.07588890,49.35
33.50047220,-117.01605560,320.12
33.50047220,-117.01605560,330.47
33.50047220,-117.01605560,322.99
33.50047220,-117.01605560,83.95
33.54750000,-90.54388890,29.79
33.70583330,-89.74083330,9.90
33.85925830,-117.23456940,67.14
33.88238056,-91.25823330,37.42
33.90231110,-117.26227780,12.65
33.94194444,-78.00972220,62.25
33.94194444,-78.00972220,24.66
33.94194444,-78.00972220,2.22
33.98027778,-78.09527780,41.70
34.01291667,-117.03639170,356.12
34.01291667,-117.03639170,358.72
34.01291667,-117.03639170,357.21
34.01291667,-117.03639170,354.49
34.02497778,-117.09709170,321.22
34.02497778,-117.09709170,319.49
34.02497778,-117.09709170,320.45
34.02497778,-117.09709170,137.35
34.02676944,-117.06087780,315.38
34.02676944,-117.06087780,317.01
34.02676944,-117.06087780,284.57
34.02676944,-117.06087780,260.35
34.02676944,-117.06087780,260.26
34.04682500,-117.03587780,315.09
34.04682500,-117.03587780,314.77
34.04682500,-117.03587780,314.43
34.04682500,-117.03587780,314.30
34.06948056,-117.28391100,142.38
34.06948056,-117.28391100,152.31
34.06948056,-117.28391100,132.74
34.07741110,-117.29515000,113.56
34.07741110,-117.29515000,116.90
34.08432220,-117.17720830,238.13
34.08432220,-117.17720830,237.96
34.08432220,-117.17720830,237.67
34.08432220,-117.17720830,237.51
34.08936110,-117.35566940,264.71
34.08936110,-117.35566940,270.62
34.08936110,-117.35566940,282.85
34.08936110,-117.35566940,281.82
34.08936110,-117.35566940,274.54
34.09471667,-117.12882220,355.80
34.09471667,-117.12882220,355.99
34.10414167,-117.28645000,161.54
34.10414167,-117.28645000,127.40
34.10414167,-117.28645000,63.37
34.11511389,-117.31174440,230.00
34.11849167,-117.27437220,212.85
34.11849167,-117.27437220,210.63
34.11849167,-117.27437220,167.05
34.44196944,-119.74028060,395.50
34.12113889,-117.38506100,395.44
34.12113889,-117.38506100,395.23
34.12113889,-117.38506100,395.02
34.12113889,-117.38506100,395.01
34.13428889,-117.38403330,498.53
34.13428889,-117.40070000,498.21
34.13428889,-117.40070000,498.31
34.13451110,-117.37268060,332.33
34.13451110,-117.37268060,332.31
34.13451110,-117.37268060,318.12
34.13451110,-117.37268060,318.95
34.24786667,-91.91116670,273.10
34.44197220,-119.74028060,138.70
34.46473330,-91.42093610,101.40
34.51337500,-93.05114170,115.63
34.51943330,-90.77263330,18.71
34.58259000,-96.67945220,104.13
34.62398896,-93.80519790,46.67
34.75500000,-79.46722220,9.97
34.76222220,-79.44361110,19.05
34.77775885,-120.46321970,74.26
34.77775885,-120.46321970,76.66
34.77775885,-120.46321970,65.54
34.78083330,-91.59750000,134.66
34.78133330,-91.64094440,114.25
34.79694444,-98.58416670,7.84
34.84947500,-91.88111670,123.72
34.93418918,-110.75152420,267.37
35.00057760,-110.59929800,37.27
35.16640267,-110.94041790,227.21
35.17279000,-111.10569940,614.23
35.19055556,-79.50388889,82.12
35.19200000,-79.46475000,43.32
35.20390096,-111.03986460,329.00
35.23175000,-92.38986110,6.73
35.39478330,-90.35851390,26.48
35.45716667,-90.87536110,108.15
35.60152778,-90.85194440,121.11
35.82102778,-90.85680560,85.99
35.99013056,-92.20633060,65.86
36.01416800,-110.51208000,423.35
36.16977778,-79.99827780,22.08
36.20777575,-110.41069030,839.23
36.49083360,-109.94817270,374.13
36.50502500,-76.49809440,0.67
36.52805329,-110.59903000,216.55
36.54814167,-76.43200278,0.92
36.54915556,-76.45611110,1.21
36.55267220,-114.92454440,833.76
36.55538610,-76.42594720,1.02
36.56034720,-75.99720000,4.21
36.58416389,-115.64910000,327.95
36.60709610,-76.87357080,98.08
36.60709610,-76.87357080,176.55
36.60709610,-76.87357080,177.32
36.60904034,-76.96662840,115.49
36.64722180,-110.17068350,211.40
36.65792848,-76.55772770,8.69
36.67441389,-76.45040000,0.28
36.67598408,-76.94023890,123.24
36.67598408,-76.94023890,129.45
36.68320624,-76.91329390,135.84
36.69104276,-76.00948530,1.93
36.70491667,-78.03240560,18.50
36.70764998,-76.12937859,77.27
36.70764998,-76.12937859,73.36
36.71645000,-76.43981940,0.54
36.71626944,-76.44048060,0.09
36.72149167,-76.49578060,0.23
36.72371439,-76.02054720,8.90
36.72722130,-110.26318800,169.28
36.76620460,-76.12862069,8.38
36.76618518,-76.12868740,11.45
36.76889444,-76.89615000,113.44
36.77885275,-77.07101120,110.54
36.77886940,-77.07103620,97.73
36.77886664,-77.07106678,22.38
36.77888050,-77.07116120,12.36
36.78073330,-114.72273890,395.87
36.78431615,-76.64328700,160.87
36.78431615,-76.64328700,162.26
36.78738538,-76.05153760,12.93
36.78737704,-76.05153760,9.42
36.79566667,-114.89280560,356.21
36.79631667,-76.01160830,7.51
36.79645278,-76.01197500,6.48
36.80403855,-76.73495750,0.48
36.80403855,-76.73495750,148.54
36.80403855,-76.73495750,146.99
36.85931567,-76.58634110,135.90
36.85931567,-76.58634110,136.65
36.86400000,-76.08631670,23.26
36.86950094,-88.65366060,9.24
36.87665209,-112.74103680,87.95
36.90081850,-112.75853800,88.81
36.90299444,-76.12118889,8.87
36.90299720,-76.12121940,7.54
36.92515020,-77.17746768,82.70
36.92515020,-77.17746768,68.55
36.92515020,-77.17746768,61.51
36.93387380,-112.76798390,72.33
36.96431588,-76.72606929,145.88
36.96431588,-76.72606929,146.09
36.96431588,-76.72606929,5.41
36.96557828,-76.41970528,101.90
37.01478626,-76.89387410,132.84
37.01478070,-76.89382410,132.75
37.01477237,-76.89375750,132.72
37.04292235,-77.19465300,101.25
37.04296400,-77.19465580,99.79
37.04300290,-77.19465300,91.29
37.04286680,-77.19465300,25.83
37.10110278,-82.67724170,37.51
37.12014784,-76.69190130,7.89
37.13679555,-80.43838460,2.85
37.14486747,-76.46411579,7.44
37.18939444,-78.19555830,16.01
37.20236790,-76.56939720,150.79
37.20236790,-76.56939720,150.38
37.20236790,-76.56939720,71.94
37.20236790,-76.56939720,23.62
37.20236790,-76.56939720,26.19
37.26208280,-76.00909990,10.96
37.27903868,-77.41248300,15.71
37.28152597,-79.92226000,18.60
37.31149720,-81.97808330,21.34
37.34813056,-78.82715000,1.28
37.36264660,-76.82523930,190.98
37.36383889,-79.70635830,39.10
37.36562074,-76.72090800,128.61
37.36570408,-76.72092200,128.43
37.37315000,-80.39666389,39.27
37.37344444,-79.70996389,8.59
37.42658530,-76.96984690,118.51
37.42663530,-76.96987190,114.73
37.42666030,-76.96989130,114.63
37.42670750,-76.96992740,113.36
37.42660754,-76.96985799,32.36
37.42667976,-76.96990799,11.98
37.42857220,-79.49836389,14.34
37.42857220,-79.49836389,8.02
37.43570094,-78.67917510,29.20
37.44412980,-114.87000680,862.98
37.45152370,-75.93271030,7.26
37.51504720,-76.97880830,95.19
37.52943056,-78.27006110,35.13
37.55463685,-77.21441380,211.22
37.55463960,-77.21436100,209.97
37.62708827,-77.14191740,19.47
37.63291260,-79.45420270,22.47
37.64416667,-81.43111110,25.47
37.65675250,-77.37456400,178.29
37.65676080,-77.37454738,178.15
37.65676917,-77.37452520,12.92
37.70413030,-114.75944850,393.61
37.74040694,-75.66631808,50.97
37.74040694,-75.66631808,76.23
37.74096248,-75.66631809,97.90
37.74491690,-77.20492580,185.33
37.74494470,-77.20491740,193.83
37.74497248,-77.20490909,184.53
37.74500025,-77.20490350,59.29
37.74819444,-88.43805560,7.81
37.83489167,-76.30873610,61.25
37.87034970,-76.31715100,146.40
37.87034970,-76.31715380,157.70
37.87034970,-76.31715660,158.60
37.87029414,-76.31722049,158.68
37.87027748,-76.31725100,107.67
37.87024970,-76.31729270,105.41
37.87021080,-76.31734550,96.81
37.87018026,-76.31737880,70.88
37.87015526,-76.31741220,57.44
37.94317890,-75.45381180,8.84
37.94317890,-75.45381180,11.49
37.94317890,-75.45381180,24.09
37.94317890,-75.45381180,25.42
37.94219559,-75.45474240,21.2
37.95651260,-75.57853770,8.94
38.04785830,-79.79101670,7.11
38.09190245,-114.89584270,844.23
38.11484119,-80.26451729,69.34
38.13745090,-115.33974820,795.73
38.16735704,-78.16139130,24.68
38.16957560,-77.03830640,208.57
38.18624179,-76.91774750,74.33
38.19235278,-76.91913650,9.65
38.24633330,-81.65855560,18.57
38.33566710,-80.49091810,24.07
38.36401590,-78.71085470,69.42
38.36794444,-82.51247220,35.48
38.13040997,-79.06836218,19.94
38.57317638,-77.41609530,7.87
38.77706667,-75.25886670,9.07
38.80581944,-78.78963889,14.14
38.83263330,-77.80481110,20.97
38.84522220,-75.66569440,15.28
38.92244420,-114.84417930,432.73
38.93538880,-77.63610360,8.52
38.94955500,-77.36665240,15.59
38.98069444,-79.94394440,46.04
39.03233520,-74.89239330,12.38
39.05918330,-78.61878060,16.29
39.06344010,-78.06499810,38.46
39.10649516,-77.52804540,24.92
39.12851944,-77.84576940,28.74
39.17150000,-80.41208330,44.01
39.21902778,-81.11166670,27.77
39.27421786,-85.89554660,17.64
39.35121160,-77.92971910,23.11
39.36663889,-78.88886110,26.16
39.45672220,-77.97252780,49.62
39.45900397,-75.15768338,5.51
39.45900397,-75.15768338,5.60
39.45900397,-75.15768338,169.68
39.46591667,-77.83608330,50.23
39.55271470,-114.79807530,11.48
39.55928348,-74.74016220,37.74
39.63716457,-113.87471490,11.13
39.67718056,-116.31130000,37.40
39.71058586,-75.45669539,13.47
39.73178139,-75.04933690,15.77
39.83115300,-86.18582160,19.11
39.86456196,-74.47959550,23.46
39.87310830,-86.36168060,6.22
39.87311389,-86.36168889,5.83
39.87319167,-86.36149170,5.51
39.87320278,-86.36148610,5.10
39.99122320,-74.84044200,6.24
40.02860270,-101.87156760,20.76
40.04147220,-75.17933330,16.13
40.04372666,-74.35737020,28.12
40.20472220,-80.60777780,37.31
40.30121878,-74.72349360,31.82
40.36205290,-74.31320280,4.97
40.36427285,-74.88099860,2.26
40.43205038,-74.45487420,17.72
40.43319444,-87.59069440,22.27
40.54471810,-101.66683690,111.19
40.57732477,-74.86044348,10.51
40.58815820,-74.75655140,26.46
40.62204480,-75.15461890,8.00
40.66500000,-99.25583330,9.55
40.68510200,-74.28820318,6.97
40.72861110,-99.45805560,21.74
40.75362358,-98.30367120,66.07
40.75362358,-98.30367120,65.98
40.77168040,-98.84591220,21.40
40.78806200,-99.76844980,8.30
40.81787740,-74.68099480,13.30
40.83028447,-99.74983760,13.45
40.83722220,-99.98611110,8.78
40.85806670,-99.15314630,135.11
40.85833330,-99.15305560,135.19
40.87416667,-98.28222220,7.61
40.88890160,-98.50951220,21.73
40.91222220,-100.12838890,4.70
40.94202778,-98.62683330,33.85
41.01582480,-95.13082170,12.49
41.03167450,-99.66344370,47.91
41.03232778,-98.74045560,7.37
41.03537519,-74.44959940,4.63
41.04675000,-99.27972220,109.24
41.08037446,-74.80988930,26.36
41.10436110,-98.19297220,11.89
41.15398430,-74.88405820,20.78
41.16168124,-97.96366890,5.78
41.16972247,-96.46974240,42.38
41.19041667,-99.70697220,1.64
41.29322220,-96.28375000,12.94
41.29377778,-97.44516670,17.87
41.36509999,-71.77423360,13.45
41.42277778,-100.20337780,2.76
41.48843449,-71.53561590,13.44
41.52508330,-100.88836110,102.81
41.53223249,-98.98703320,36.78
41.63379720,-70.54067590,7.57
41.64898610,-103.88999440,29.65
41.68524899,-103.39438180,164.50
41.69013249,-70.52012820,17.04
41.69436570,-70.52044210,30.21
41.69998230,-70.51774760,97.11
41.70542100,-70.52600060,100.37
41.72112840,-91.42238910,16.37
41.77693330,-99.37970280,7.32
41.77858610,-100.52516110,14.65
41.83110278,-100.10086670,3.77
41.83958330,-96.72850000,9.63
41.85496960,-103.03631780,11.66
41.88845556,-85.40933610,0.33
41.93306390,-98.01478620,96.84
41.94173889,-99.86010280,4.13
42.03443974,-101.33516830,4.21
42.05027500,-103.93023330,81.02
42.05727810,-79.49921640,1.04
42.09172945,-78.74753220,7.29
42.14111110,-76.81277778,24.10
42.17676389,-88.09581670,151.32
42.18222220,-88.63555560,9.22
42.18887220,-88.47170560,29.83
42.18944444,-88.37416670,19.27
42.18944444,-88.37444440,21.99
42.19227778,-88.14991670,66.14
42.19275278,-110.16299440,5.48
42.19396475,-75.85325000,28.34
42.19583330,-88.33000000,2.37
42.19583330,-88.33000000,89.59
42.19924216,-75.89797408,68.59
42.20278308,-98.67258670,6.07
42.20352778,-76.52594440,21.39
42.20478020,-79.30976880,1.42
42.21133056,-88.17170560,22.64
42.22251667,-88.56976940,73.32
42.22805556,-88.47694440,10.12
42.22805556,-88.47694440,10.36
42.22805556,-88.47694440,10.13
42.25333330,-77.79111110,5.05
42.25916667,-88.70500000,5.98
42.26222220,-78.03694440,-0.89
42.26316667,-88.23975000,93.84
42.26563617,-75.47073640,7.10
42.27388889,-88.52055560,4.29
42.27388889,-88.52055560,5.27
42.27608330,-88.21633330,12.38
42.28137778,-88.61924720,20.06
42.28137778,-88.61924720,28.80
42.28137778,-88.61924720,20.35
42.30555556,-88.26250000,47.78
42.30555556,-88.26250000,47.64
42.31454035,-71.36755950,16.70
42.32064720,-88.21475830,21.94
42.34233610,-88.37235280,34.69
42.35556110,-88.55236670,34.17
42.36166667,-88.50861110,37.46
42.36166667,-88.50861110,37.72
42.36166667,-88.50861110,38.06
42.36389265,-97.67367400,29.26
42.38555556,-88.38611110,6.33
42.38555556,-88.38611110,17.44
42.38546389,-88.44490830,11.89
42.38966667,-76.31750000,19.71
42.39954444,-88.60061940,33.07
42.40913330,-88.23501670,31.81
42.41257085,-77.34220320,8.99
42.45044444,-79.01427780,27.86
42.45111110,-88.64805560,7.98
42.45111110,-88.64805560,7.66
42.45285010,-76.77439779,7.91
42.46747220,-97.05468890,2.32
42.47912220,-88.48162500,26.38
42.48000000,-88.31944440,8.67
42.48000000,-88.31944440,13.49
42.48000000,-88.31944440,12.29
42.48288056,-88.39884440,28.78
42.48383330,-76.79933330,36.50
42.48888889,-76.46472220,5.15
42.49027778,-88.43166670,-11.93
42.49027778,-88.43166670,-11.87
42.53000197,-98.50202770,50.95
42.56722220,-109.93022220,5.67
42.62500190,-98.93370560,38.38
42.62867339,-78.11862010,12.48
42.64083330,-76.06638889,6.15
42.69340779,-75.04710349,5.66
42.69951470,-76.42160260,19.65
42.72972220,-76.88388889,0.28
42.74777778,-76.13861110,5.30
42.81163330,-71.01159720,14.36
42.91333330,-76.58333330,11.10
42.94750000,-70.96027778,47.73
42.95111110,-78.60166670,12.19
42.96750000,-77.25333330,2.53
42.97250000,-76.77033330,3.31
42.97580556,-77.84408330,11.69
42.97784110,-77.22720290,3.52
42.97938889,-75.84575000,132.69
42.98694444,-78.14861110,35.42
43.01562410,-75.59434610,9.65
43.02944444,-78.17027780,10.64
43.03138889,-100.88611110,21.04
43.04534410,-76.30076300,12.87
43.04534410,-76.30076300,14.02
43.04728539,-77.47610580,8.38
43.05311110,-77.08750000,12.75
43.05388889,-100.62222220,45.86
43.06027778,-100.40888890,31.18
43.07083330,-100.75416670,19.04
43.12388889,-101.05972220,27.91
43.12755657,-78.84059259,1.92
43.14277778,-108.70888890,12.27
43.15677778,-78.40363889,41.53
43.17916667,-78.26802780,22.25
43.19944444,-100.76944440,84.56
43.21894450,-78.91226320,4.64
43.24111110,-100.33250000,22.20
43.36333330,-76.38083330,23.03
43.36333330,-76.38083330,23.15
43.45836110,-110.79702780,18.73
43.61794490,-116.18595000,-14.65
43.62388889,-96.74583330,11.52
43.63108570,-96.72449470,8.33
43.68307240,-83.21772780,33.94
43.72472220,-96.87000000,6.09
43.73344537,-121.46710590,28.28
45.26801720,-97.12174580,77.97
45.35412738,-97.18619330,14.10
45.38444440,-97.14416670,16.44
45.47761740,-122.50790470,27.25
45.47762575,-122.50791860,11.07
45.52653770,-112.70138460,5.82
45.56611110,-98.43361110,8.93
45.58750000,-97.14388890,7.81
45.63857110,-96.95730110,57.80
45.74084520,-84.71115950,4.71
46.31120000,-97.92656390,5.99
46.32620556,-118.13855830,38.84
46.39888056,-97.92406110,20.30
46.44155556,-97.27466670,6.13
46.57286110,-99.45504720,18.76
46.57255556,-97.19861110,6.45
46.81008610,-99.74377780,15.95
46.84241389,-122.96003890,27.79
46.87808056,-98.48146940,34.32
46.96145830,-102.68558610,17.76
47.94673330,-97.62269170,23.09
61.29000970,-149.59637560,110.16
64.75777778,-147.22361100,8.60
