17.95780016,-66.39216119,14.76
17.98079943,-66.16683318,64.36
17.99091100,-66.61317270,9.76
17.99413195,-66.21600050,28.37
18.01288173,-66.78609190,8.72
18.01385325,-66.51989430,22.83
18.02032529,-66.93350980,5.36
18.09824228,-65.46749210,11.10
18.20273623,-65.75793978,4.89
18.21468480,-67.13829900,5.18
18.35767184,-66.57392260,127.38
18.41883659,-66.32739149,67.57
18.42808602,-66.51144948,23.23
18.44169643,-66.79867590,311.61
18.44200170,-66.64778550,101.44
18.44427988,-66.33816939,27.36
29.13388889,-98.39138890,130.83
29.43856519,-99.28337380,206.82
29.49527778,-98.59555560,176.87
29.54777778,-98.63555560,188.56
29.56364765,-95.11915340,131.73
29.58777778,-98.54861110,233.33
29.72722950,-95.45099630,227.57
29.72745173,-95.45132960,255.57
29.79078369,-95.58661080,10.56
29.79092257,-95.58636080,347.15
29.79133809,-95.33382590,171.58
29.86779720,-99.56718890,247.88
29.91383326,-95.14493100,67.86
30.13997220,-95.46313890,142.08
30.14694444,-95.24250000,139.79
30.20790278,-95.45741670,363.68
30.21033889,-97.78158330,137.42
30.21666667,-92.98000000,60.03
30.25144444,-95.57697220,44.07
30.33020927,-95.48355200,91.07
30.33020927,-95.48355200,56.00
30.43741316,-91.14177280,161.28
30.44333333,-91.14388890,128.58
30.44369444,-95.70813890,16.04
30.44369444,-95.70813890,16.25
30.44519075,-91.14288400,105.48
30.52836750,-95.56413860,78.12
30.73523613,-81.55120760,-10.15
30.73523613,-81.55120760,2.95
30.73500000,-81.55138889,-25.37
30.73500000,-81.55138889,-35.30
30.83103540,-83.28265190,129.10
30.96185375,-84.59602620,47.95
31.08546255,-84.43935489,56.33
31.11435034,-84.67880660,27.04
31.13634196,-81.49093360,-8.24
31.13634196,-81.49093360,-9.64
31.15861110,-81.48611110,-0.98
31.17277778,-81.51277780,5.13
31.17277778,-81.51277780,25.93
31.17452778,-81.48327780,3.06
31.30073555,-84.32296430,42.97
31.35823510,-84.11573790,52.66
31.43825000,-84.18502780,43.04
31.48730556,-84.25833330,26.65
31.54656490,-84.01379360,54.12
31.63572859,-84.15990810,26.50
31.66461310,-84.60436190,199.37
31.68527778,-88.65750000,26.05
31.95371338,-106.60582500,15.61
31.95371338,-106.60582500,28.30
31.95371338,-106.60582500,93.12
31.95371338,-106.60582500,59.86
32.02438054,-80.85316600,8.36
32.02438054,-80.85344380,31.78
32.03000000,-83.85222220,65.17
32.21740776,-82.40985010,186.30
32.22737819,-92.58292610,238.03
32.26770186,-80.72260780,12.98
32.29453824,-106.80333790,44.30
32.29453824,-106.80333790,43.47
32.29481600,-106.80333790,43.00
32.29592690,-106.82306080,32.19
32.29592690,-106.82306080,19.01
32.29592690,-106.82306080,13.07
32.29620470,-106.82306080,34.46
32.34209170,-84.98604160,49.48
32.34652780,-86.36191490,25.85
32.38972220,-106.53027780,66.43
32.41691667,-85.91991670,14.89
32.45183510,-83.05764860,37.12
32.55364444,-117.06160280,45.52
32.55364444,-117.06160280,45.56
32.55364444,-117.06160280,45.59
32.55364444,-117.06160280,16.78
32.55364444,-117.06160280,15.70
32.59100556,-117.08347500,47.93
32.59100556,-117.08347500,44.61
32.59100556,-117.08347500,27.55
32.59100556,-117.08347500,24.62
32.59100556,-117.08347500,13.34
32.59123610,-117.05389170,-17.61
32.59123610,-117.05389170,-19.76
32.59123610,-117.05389170,9.79
32.59123610,-117.05389170,24.05
32.59123610,-117.05389170,27.51
32.61659720,-117.05941100,64.05
32.61659720,-117.05941100,63.38
32.61659720,-117.05941100,93.14
32.61659720,-117.05941100,117.50
32.61659720,-117.05941100,116.37
32.61659720,-117.05941100,119.02
32.62634167,-107.01901110,10.13
32.65441389,-117.09824440,56.17
32.65441389,-117.09824440,49.32
32.65441389,-117.09824440,42.86
32.65441389,-117.09824440,23.90
32.65441389,-117.09824440,20.90
32.65903610,-117.08557780,-68.98
32.65903610,-117.08557780,42.57
32.65903610,-117.08557780,59.25
32.65903610,-117.08557780,123.74
32.65903610,-117.08557780,25.41
32.65903610,-117.08557780,17.82
32.66863889,-107.16533330,13.06
32.68208056,-117.11238060,34.28
32.68208056,-117.11238060,12.33
32.68208056,-117.11238060,12.57
32.68208056,-117.11238060,11.88
32.68208056,-117.11238060,9.30
32.68779444,-117.08559720,110.00
32.68779444,-117.08559720,133.06
32.68779444,-117.08559720,133.22
32.68779444,-117.08559720,124.99
32.68779444,-117.08559720,97.92
32.69486847,-92.65153900,192.22
32.71893333,-117.10994720,-15.08
32.71893333,-117.10994720,-13.46
32.71893333,-117.10994720,-10.63
32.71893333,-117.10994720,86.83
32.71893333,-117.10994720,86.96
32.71893333,-117.10994720,87.22
32.73776110,-117.07223890,233.96
32.73776110,-117.07223890,234.05
32.73776110,-117.07223890,223.63
32.73776110,-117.07223890,217.57
32.73776110,-117.07223890,156.53
32.73776110,-117.07223890,37.34
32.77809167,-117.12085560,-14.74
32.77809167,-117.12085560,-14.89
32.77809167,-117.12085560,-15.15
32.77809167,-117.12085560,-11.83
32.77809167,-117.12085560,18.99
32.79156530,-79.92842120,43.64
32.83169444,-107.30338890,12.72
33.00069578,-92.74988069,267.93
33.05567220,-117.04639720,23.52
33.05567220,-117.04639720,16.79
33.05567220,-117.04639720,16.79
33.08734444,-116.97475560,65.38
33.08734444,-116.97475560,65.41
33.08734444,-116.97475560,65.07
33.09875000,-117.01713890,19.31
33.09875000,-117.01713890,19.27
33.09875000,-117.01713890,18.67
33.17294710,-80.03786119,58.80
33.18438333,-92.63392220,320.13
33.25708919,-81.96289440,134.11
33.32792180,-81.74288980,164.48
33.32875000,-82.04866110,217.68
33.37258889,-81.97951940,43.48
33.37258889,-81.97951940,38.68
33.42453056,-82.00958060,6.51
33.46320278,-117.10432780,94.19
33.46320278,-117.10432780,72.22
33.47213056,-117.11857220,40.17
33.47213056,-117.11857220,45.03
33.47213056,-117.11857220,47.10
33.47213056,-117.11857220,42.68
33.47213056,-117.11857220,27.63
33.47213056,-117.11857220,24.57
33.48272220,-117.07588890,304.31
33.48272220,-117.07588890,327.78
33.48272220,-117.07588890,331.76
33.48272220,-117.07588890,98.06
33.48272220,-117.07588890,49.21
33.50047220,-117.01605560,320.02
33.50047220,-117.01605560,330.37
33.50047220,-117.01605560,322.95
33.50047220,-117.01605560,83.51
33.53455757,-87.54611710,43.14
33.54750000,-90.54388890,29.72
33.70583330,-89.74083330,9.81
33.85925830,-117.23456940,67.02
33.89305556,-78.58861110,12.37
33.89345750,-82.36262690,39.03
33.90231110,-117.26227780,12.55
33.92149060,-84.27770070,7.18
33.94111110,-78.19861110,7.79
33.94138889,-78.19861110,3.56
33.94194444,-78.00972220,62.27
33.94194444,-78.00972220,24.68
33.94194444,-78.00972220,2.35
33.98027778,-78.09527780,40.89
33.99149186,-87.03611540,42.81
34.01177360,-95.08856080,78.55
34.01291667,-117.03639170,356.26
34.01291667,-117.03639170,358.76
34.01291667,-117.03639170,357.23
34.01291667,-117.03639170,354.48
34.02497778,-117.09709170,319.47
34.02497778,-117.09709170,318.31
34.02497778,-117.09709170,319.30
34.02497778,-117.09709170,135.79
34.02676944,-117.06087780,315.42
34.02676944,-117.06087780,317.08
34.02676944,-117.06087780,284.59
34.02676944,-117.06087780,260.22
34.02676944,-117.06087780,260.13
34.04682500,-117.03587780,315.03
34.04682500,-117.03587780,314.49
34.04682500,-117.03587780,314.24
34.04682500,-117.03587780,314.07
34.06948056,-117.28391100,142.28
34.06948056,-117.28391100,152.82
34.06948056,-117.28391100,132.64
34.07741110,-117.29515000,113.16
34.07741110,-117.29515000,116.84
34.08432220,-117.17720830,237.40
34.08432220,-117.17720830,237.33
34.08432220,-117.17720830,237.16
34.08432220,-117.17720830,237.13
34.08936110,-117.35566940,264.91
34.08936110,-117.35566940,270.66
34.08936110,-117.35566940,282.69
34.08936110,-117.35566940,281.64
34.08936110,-117.35566940,274.31
34.09471667,-117.12882220,355.80
34.09471667,-117.12882220,355.98
34.10414167,-117.28645000,161.32
34.10414167,-117.28645000,127.52
34.10414167,-117.28645000,63.18
34.10481935,-86.57776900,62.89
34.11511389,-117.31174440,229.90
34.11849167,-117.27437220,212.66
34.11849167,-117.27437220,210.41
34.11849167,-117.27437220,167.06
34.44196944,-119.74028060,395.33
34.12113889,-117.38506100,395.28
34.12113889,-117.38506100,395.07
34.12113889,-117.38506100,394.87
34.12113889,-117.38506100,394.88
34.13428889,-117.38403330,498.34
34.13428889,-117.40070000,497.99
34.13428889,-117.40070000,498.14
34.13451110,-117.37268060,332.36
34.13451110,-117.37268060,332.34
34.13451110,-117.37268060,317.95
34.13451110,-117.37268060,318.75
34.42425830,-96.82612070,20.27
34.44197220,-119.74028060,137.94
34.44259136,-96.82917660,53.40
34.46473330,-91.42093610,101.77
34.45509537,-87.48224640,5.88
34.48953230,-84.85438430,22.12
34.50510000,-96.93760000,48.47
34.50620000,-96.94980000,31.41
34.58259000,-96.67945220,103.91
34.62398896,-93.80519790,45.50
34.64536085,-85.67552410,17.04
34.67430430,-81.41509650,90.51
34.72065030,-83.72545590,3.95
34.72597220,-80.84333330,26.02
34.72600000,-80.84333330,29.47
34.75500000,-79.46722220,8.97
34.76222220,-79.44361110,20.34
34.77775885,-120.46321970,74.30
34.77775885,-120.46321970,77.91
34.77775885,-120.46321970,65.67
34.79694444,-98.58416670,7.21
34.84777778,-78.02097220,3.91
34.84759270,-83.07154040,29.05
34.86262790,-81.84121270,47.97
34.90090970,-85.26662230,4.15
34.93418918,-110.75152420,267.57
34.93599444,-80.69757220,31.70
34.93591944,-80.69753610,38.25
34.97000000,-77.50333330,2.40
34.97055556,-79.52833330,29.48
34.97516667,-81.05875000,23.46
34.97519444,-81.05880560,19.78
35.00057760,-110.59929800,37.42
35.06842476,-89.74563989,100.57
35.08509100,-89.80869690,158.70
35.12647890,-89.99231220,107.49
35.13005830,-98.38643890,51.94
35.13062839,-85.08272980,9.36
35.14953400,-89.98731189,35.16
35.15008330,-89.80611110,110.86
35.16640267,-110.94041790,227.35
35.17279000,-111.10569940,614.51
35.18652778,-89.85680560,70.85
35.18738889,-85.04750000,9.81
35.18916667,-83.91388889,5.54
35.19055556,-79.50388889,89.07
35.19200000,-79.46475000,52.27
35.19618110,-85.20745709,64.71
35.20390096,-111.03986460,329.04
35.21340270,-85.22106890,18.82
35.21886667,-98.57098060,67.71
35.24154400,-85.00995119,3.52
35.28583330,-82.72805560,13.32
35.29080000,-98.48389170,86.93
35.30277778,-82.62833330,31.95
35.30972220,-78.27277780,3.02
35.33680556,-81.26206940,46.66
35.33680556,-81.26206940,40.98
35.38777778,-82.81222220,3.78
35.40686110,-98.57115560,66.34
35.42091157,-86.02137430,24.92
35.46731944,-98.32111670,79.22
35.52638889,-80.87833330,19.23
35.52666667,-80.87833330,19.16
35.52666667,-80.87833330,23.21
35.53627778,-98.32080560,6.74
35.53833330,-77.26138889,3.21
35.60152778,-90.85194440,121.04
35.64380556,-89.82594440,202.29
35.65620264,-83.58211068,8.91
35.68278330,-80.60704720,7.70
35.69261110,-82.07294440,25.72
35.69261110,-82.07294440,26.49
35.71722220,-81.72555560,7.28
35.71722220,-81.72555560,10.54
35.73888889,-76.77527778,2.27
35.77105000,-81.14734720,40.43
35.77105000,-81.14734720,40.68
35.84197778,-81.40906670,4.69
35.84208330,-81.40908330,19.58
35.89981944,-80.55478060,17.35
35.91916667,-96.51194440,36.90
35.99013056,-92.20633060,64.73
35.99569167,-79.02604720,41.03
36.01416800,-110.51208000,423.57
36.04900000,-90.29227780,8.30
36.04900000,-90.29227780,-20.33
36.07352778,-89.81355560,14.62
36.16977778,-79.99827780,22.01
36.19588889,-89.66130560,18.67
36.20777575,-110.41069030,839.48
36.29427778,-99.54255560,123.46
36.30833330,-76.27527778,2.40
36.37527778,-79.68555560,22.76
36.45511110,-89.92302780,0.64
36.49083360,-109.94817270,374.42
36.49950000,-89.97188890,17.05
36.50502500,-76.49809440,0.68
36.50919330,-101.73571840,234.59
36.52805329,-110.59903000,216.85
36.54269444,-94.48466670,480.94
36.54814167,-76.43200278,0.94
36.54915556,-76.45611110,1.20
36.55267220,-114.92454440,833.81
36.55538610,-76.42594720,1.04
36.55550000,-76.43627778,0.95
36.56038889,-75.99724170,12.82
36.56034720,-75.99720000,4.31
36.56133330,-76.43630560,0.48
36.57563889,-92.65302780,37.96
36.57922220,-90.61294440,11.07
36.58416389,-115.64910000,327.93
36.59447220,-91.64522220,155.42
36.59847220,-90.26038890,21.52
36.60709610,-76.87357080,98.06
36.60709610,-76.87357080,176.57
36.60709610,-76.87357080,177.31
36.60904034,-76.96662840,115.49
36.62250000,-94.29388890,8.85
36.62452778,-93.25169440,172.49
36.64722180,-110.17068350,211.62
36.64886110,-93.22966670,161.59
36.65792848,-76.55772770,8.69
36.66816667,-93.33391670,302.91
36.67441389,-76.45040000,0.31
36.67598408,-76.94023890,123.24
36.67598408,-76.94023890,129.50
36.68320624,-76.91329390,136.17
36.67955556,-93.86933330,330.89
36.69104276,-76.00948530,1.99
36.70963889,-119.70911100,95.73
36.70491667,-78.03240560,18.53
36.70764998,-76.12937859,77.41
36.70764998,-76.12937859,73.44
36.71645000,-76.43981940,0.69
36.71626944,-76.44048060,0.10
36.72058330,-94.20516670,191.71
36.72149167,-76.49578060,0.25
36.74644444,-91.87850000,200.22
36.72371439,-76.02054720,8.80
36.72722130,-110.26318800,169.75
36.74808330,-93.91005560,39.33
36.74808330,-93.91011110,306.60
36.76620460,-76.12862069,8.20
36.76618518,-76.12868740,11.34
36.76889444,-76.89615000,113.45
36.77885275,-77.07101120,110.54
36.77886940,-77.07103620,97.73
36.77886664,-77.07106678,22.38
36.77888050,-77.07116120,12.37
36.77947220,-89.35602780,9.59
36.78073330,-114.72273890,395.69
36.78431615,-76.64328700,161.00
36.78431615,-76.64328700,162.36
36.78738538,-76.05153760,12.86
36.78737704,-76.05153760,9.45
36.79566667,-114.89280560,356.14
36.79631667,-76.01160830,7.55
36.79645278,-76.01197500,6.51
36.80403855,-76.73495750,0.59
36.80403855,-76.73495750,148.80
36.80403855,-76.73495750,146.99
36.80579720,-98.24708330,5.42
36.80858610,-98.20067500,4.40
36.85931567,-76.58634110,135.53
36.85931567,-76.58634110,136.45
36.86400000,-76.08631670,22.87
36.86950094,-88.65366060,8.36
36.87665209,-112.74103680,87.93
36.88822220,-89.55275000,7.19
36.90081850,-112.75853800,88.76
36.90299444,-76.12118889,8.79
36.90299720,-76.12121940,7.45
36.90416667,-93.57300000,32.81
36.91408330,-93.93197220,107.48
36.92515020,-77.17746768,82.71
36.92515020,-77.17746768,68.64
36.92515020,-77.17746768,61.47
36.93308330,-92.05000000,200.79
36.93402778,-92.66427780,293.04
36.93387380,-112.76798390,72.36
36.94277778,-93.90750000,122.29
36.94552778,-94.00352780,80.27
36.94369444,-93.72016670,87.03
36.94841667,-91.00372220,11.10
36.96431588,-76.72606929,145.87
36.96431588,-76.72606929,146.06
36.96431588,-76.72606929,5.58
36.96557828,-76.41970528,100.53
36.99500000,-94.84500000,27.80
36.99688889,-91.70341670,322.96
37.00069444,-93.20738890,233.21
37.01478626,-76.89387410,132.84
37.01478070,-76.89382410,132.75
37.01477237,-76.89375750,132.72
37.03938889,-94.53347220,69.60
37.04292235,-77.19465300,101.44
37.04296400,-77.19465580,99.84
37.04300290,-77.19465300,91.27
37.04286680,-77.19465300,25.84
37.04311110,-93.29508330,319.22
37.04597220,-90.07472220,7.45
37.06483330,-93.54980560,173.17
37.09422220,-93.82783330,153.24
37.09419444,-93.82788890,64.89
37.10008330,-94.37633330,13.65
37.10110278,-82.67724170,37.75
37.10661110,-92.41316670,591.56
37.11541667,-93.06508330,188.68
37.12014784,-76.69190130,7.88
37.13679555,-80.43838460,2.90
37.14111110,-94.46119440,442.84
37.14486747,-76.46411579,7.74
37.15188889,-93.24461110,259.31
37.17652778,-94.28702780,416.95
37.18939444,-78.19555830,16.02
37.19058330,-89.74791670,17.49
37.20236790,-76.56939720,150.48
37.20236790,-76.56939720,150.07
37.20236790,-76.56939720,71.97
37.20236790,-76.56939720,23.65
37.20236790,-76.56939720,26.21
37.20541667,-94.50666670,49.94
37.24141667,-93.23177780,358.13
37.26208280,-76.00909990,10.97
37.26322220,-93.24650000,18.70
37.26322220,-93.24650000,220.18
37.29886110,-93.30563890,140.55
37.28152597,-79.92226000,18.63
37.30004894,-92.16349300,271.10
37.30038889,-93.43433330,187.86
37.31149720,-81.97808330,21.54
37.33977778,-92.90641670,237.28
37.34813056,-78.82715000,1.42
37.36264660,-76.82523930,191.00
37.36383889,-79.70635830,38.98
37.36461110,-91.54008330,62.35
37.36562074,-76.72090800,128.41
37.36570408,-76.72092200,128.29
37.36722220,-94.61738890,240.65
37.36725000,-94.61736110,252.60
37.37315000,-80.39666389,39.61
37.37344444,-79.70996389,8.61
37.38950830,-81.40408889,23.12
37.42241667,-89.60669440,167.41
37.42658530,-76.96984690,118.54
37.42663530,-76.96987190,114.78
37.42666030,-76.96989130,114.67
37.42670750,-76.96992740,113.36
37.42660754,-76.96985799,32.36
37.42667976,-76.96990799,12.00
37.42857220,-79.49836389,14.34
37.42857220,-79.49836389,8.19
37.43570094,-78.67917510,29.19
37.44412980,-114.87000680,863.06
37.45152370,-75.93271030,7.26
37.45421474,-90.85206660,19.65
37.48132460,-91.10562790,148.46
37.49983330,-94.26944440,298.00
37.51504720,-76.97880830,95.18
37.51557450,-91.11121180,131.00
37.52943056,-78.27006110,35.09
37.53552778,-90.30177780,98.99
37.55463685,-77.21441380,211.21
37.55463960,-77.21436100,209.97
37.59927778,-90.14177780,168.34
37.60575000,-93.78408330,130.65
37.61466667,-91.55038890,327.94
37.61594444,-93.25427780,59.92
37.62708827,-77.14191740,19.44
37.63291260,-79.45420270,22.62
37.64416667,-81.43111110,25.28
37.65171299,-91.11977100,230.07
37.64808330,-92.64766670,231.31
37.65675250,-77.37456400,178.23
37.65676080,-77.37454738,178.17
37.65676917,-77.37452520,12.93
37.66532407,-91.11652130,209.24
37.70413030,-114.75944850,393.55
39.71558330,-94.87994440,19.13
37.74040694,-75.66631808,50.51
37.74040694,-75.66631808,79.97
37.74096248,-75.66631809,101.76
37.74491690,-77.20492580,185.33
37.74494470,-77.20491740,193.79
37.74497248,-77.20490909,184.53
37.74500025,-77.20490350,59.29
37.74819444,-88.43805560,6.65
37.78016667,-90.40738890,77.38
37.83489167,-76.30873610,60.44
37.87034970,-76.31715100,146.27
37.87034970,-76.31715380,157.65
37.87034970,-76.31715660,158.55
37.87029414,-76.31722049,158.67
37.87027748,-76.31725100,107.68
37.87024970,-76.31729270,105.41
37.87021080,-76.31734550,96.82
37.87018026,-76.31737880,70.88
37.87015526,-76.31741220,57.44
37.88297220,-93.30391670,49.95
37.88502778,-90.21488890,338.93
37.90833330,-92.50191670,16.62
37.93816667,-90.78219440,204.47
37.94031910,-91.80126970,192.28
37.94317890,-75.45381180,8.81
37.94317890,-75.45381180,11.38
37.94317890,-75.45381180,23.61
37.94317890,-75.45381180,24.47
37.94219559,-75.45474240,21.3
37.95651260,-75.57853770,8.94
37.96365240,-91.79738110,369.97
37.98615285,-91.72293530,303.71
37.98886110,-92.77483330,7.74
37.99191667,-94.36713890,7.71
38.01016667,-92.74100000,269.93
38.04169670,-93.77993390,101.22
38.04785830,-79.79101670,7.20
38.05611110,-91.24055560,145.53
38.07627778,-90.46955560,90.13
38.08358330,-90.56544440,110.57
38.09190245,-114.89584270,844.28
38.09486110,-94.36036110,101.55
38.10726540,-87.57890770,22.79
38.11484119,-80.26451729,69.38
38.12163889,-92.66519440,122.82
38.13198990,-87.91975179,17.43
38.13745090,-115.33974820,795.64
38.15002778,-91.26075000,198.56
38.16735704,-78.16139130,24.78
38.16957560,-77.03830640,208.57
38.17916667,-91.94666670,125.96
38.18624179,-76.91774750,73.66
38.19235278,-76.91913650,9.65
38.20469444,-91.17944440,182.37
38.22402778,-90.39641670,77.82
38.24633330,-81.65855560,18.48
38.27797220,-93.36277780,7.88
38.28088889,-93.36530560,69.78
38.33566710,-80.49091810,23.86
38.35025000,-90.99038890,63.91
38.36401590,-78.71085470,69.42
38.36544444,-85.64000000,33.66
38.36794444,-82.51247220,35.46
38.38978520,-86.07914020,5.52
38.38967220,-104.33581670,21.49
38.13040997,-79.06836218,19.99
38.45733330,-93.20444440,55.28
38.46194444,-91.46611110,150.16
38.46350000,-93.99847220,103.81
38.47688889,-91.83972220,309.90
38.50919444,-90.64438890,206.90
38.54061110,-92.09463890,180.86
38.54643626,-87.60280190,10.11
38.55050000,-90.70055560,181.65
38.57317638,-77.41609530,7.64
38.59713889,-92.16186110,18.33
38.60794444,-90.70894440,90.61
38.61063987,-82.17570040,32.35
38.61222220,-91.21333330,41.60
38.61861110,-92.52138890,240.43
38.65171885,-90.85402330,41.57
38.65797220,-92.78013890,135.83
38.69647220,-93.17183330,177.12
38.71615639,-91.40849460,18.23
38.74811110,-93.33608330,269.05
38.76263889,-93.55450000,171.41
38.77706667,-75.25886670,9.05
38.78666667,-91.79527780,245.52
38.79350000,-90.62216670,88.25
38.80581944,-78.78963889,14.23
38.80761110,-93.32336110,185.78
38.81333330,-90.85055560,176.96
38.81294444,-90.15241670,15.32
38.82111110,-91.99555560,370.03
38.83263330,-77.80481110,21.31
38.84522220,-75.66569440,15.27
38.86559020,-92.44240840,8.24
38.90777778,-91.44750000,355.85
38.90888889,-91.57555560,247.70
38.92244420,-114.84417930,432.82
38.93538880,-77.63610360,8.69
38.94955500,-77.36665240,15.56
38.95500000,-92.39500000,177.91
38.97711110,-90.99608330,296.69
38.97913889,-90.97666670,162.92
38.98069444,-79.94394440,46.04
38.98138889,-92.99111110,26.87
39.03055556,-90.90777780,288.39
39.03233520,-74.89239330,12.34
39.03530148,-92.95241470,58.90
39.05918330,-78.61878060,16.23
39.06344010,-78.06499810,38.49
39.10649516,-77.52804540,25.20
39.11416667,-92.21388890,399.35
39.12851944,-77.84576940,28.68
39.13061110,-93.39277780,85.07
39.14472220,-82.89944440,23.47
39.16253990,-91.82794640,338.23
39.16250406,-94.39467280,29.25
39.17150000,-80.41208330,43.95
39.19694444,-92.12472220,374.26
39.20394520,-84.78356089,23.65
39.20600000,-93.31527780,57.85
39.21000399,-94.28411420,8.95
39.21902778,-81.11166670,27.49
39.26176825,-77.71026990,60.56
39.27277778,-93.26950000,1.33
39.27421786,-85.89554660,17.65
39.30694444,-91.48055560,100.74
39.31811168,-84.63605860,33.28
39.32219444,-78.05605560,32.67
39.34569444,-93.50641670,10.28
39.35121160,-77.92971910,23.11
39.36286110,-90.90530560,78.46
39.36663889,-78.88886110,26.13
39.37672314,-84.56327980,11.19
39.38622220,-94.26205560,8.32
39.38920499,-92.26101100,122.41
39.39336110,-94.91791670,12.21
39.43146300,-81.47095540,30.79
39.45672220,-77.97252780,50.21
39.45900397,-75.15768338,5.55
39.45900397,-75.15768338,5.66
39.45900397,-75.15768338,169.72
39.46591667,-77.83608330,50.24
39.46894596,-84.47661160,30.47
39.47170330,-87.40918690,43.80
39.48400000,-84.43300000,12.64
39.49260000,-76.68463060,39.10
39.49830556,-95.02544440,7.14
39.53145100,-83.53880860,8.54
39.53808330,-95.05680560,7.79
39.55271470,-114.79807530,11.47
39.55505835,-84.31688550,19.79
39.55928348,-74.74016220,37.76
39.57310258,-86.26943470,14.15
39.59555556,-93.13222220,24.12
39.61077778,-92.51077780,3.24
39.63716457,-113.87471490,11.11
39.66898968,-77.01525958,2.95
39.67047220,-93.66713890,12.21
39.67718056,-116.31130000,37.38
39.69869444,-92.05100000,28.14
39.70008330,-93.30333330,14.74
39.71058586,-75.45669539,13.43
39.73178139,-75.04933690,15.79
39.74115774,-85.13579760,15.82
39.74161110,-77.38058330,104.04
39.74394136,-84.56634030,33.49
39.74505900,-84.18771769,101.37
39.75200000,-93.22266670,3.74
39.75922550,-84.19382919,31.85
39.77559854,-86.15748670,32.28
39.78213889,-80.02852780,23.87
39.79861110,-78.23058330,50.10
39.81250000,-79.58722220,22.90
39.82053610,-84.15920000,26.70
39.83115300,-86.18582160,19.01
39.84532346,-91.44070730,21.08
39.86456196,-74.47959550,23.50
39.87310830,-86.36168060,5.62
39.87311389,-86.36168889,5.72
39.87319167,-86.36149170,5.45
39.87320278,-86.36148610,4.97
39.88777778,-83.99194440,1.04
39.88936110,-77.61461110,79.86
39.89860670,-95.08802900,5.64
39.91399640,-75.81466620,14.90
39.92011040,-75.49325640,7.85
39.97927778,-77.06916670,11.68
39.97977830,-84.14855200,11.08
39.98883330,-79.03750000,24.37
39.99122320,-74.84044200,6.29
40.00003630,-86.04220760,23.85
40.01822220,-93.98775000,77.47
40.02860270,-101.87156760,20.80
40.03527778,-77.30808330,26.59
40.03761110,-78.47191670,29.17
40.04147220,-75.17933330,16.13
40.04372666,-74.35737020,28.13
40.04250000,-80.43683330,36.07
40.04769444,-94.81630560,8.14
40.08297220,-93.97247220,131.19
40.09427778,-82.90125000,21.21
40.09472220,-85.35833330,47.59
40.15497220,-76.82291670,19.20
40.18336110,-91.82977780,62.01
40.18949459,-84.24272270,5.62
40.19871985,-75.05155910,37.99
40.20472220,-80.60777780,37.63
40.24561110,-93.73947220,4.84
40.25893208,-85.14802450,12.59
40.27702778,-76.12066670,11.00
40.28532729,-84.17522140,61.68
40.29272220,-75.28666670,9.06
40.30121878,-74.72349360,31.81
40.31230556,-78.13125000,53.87
40.32225000,-92.21738890,25.89
40.36047220,-79.05583330,18.95
40.36205290,-74.31320280,4.92
40.36427285,-74.88099860,2.37
40.36875000,-76.30172220,9.04
40.38200000,-76.70575000,16.63
40.40302778,-77.62988889,13.89
40.41450000,-78.45338889,11.03
40.43205038,-74.45487420,17.74
40.43319444,-87.59069440,22.16
40.43747220,-75.88425000,140.94
40.44511110,-75.25044440,45.46
40.44902778,-93.78377780,13.71
40.45947936,-87.05945720,21.05
40.46044444,-77.16869440,13.28
40.46258330,-78.75905560,7.66
40.48086970,-87.35973840,13.88
40.50150000,-80.42219440,8.47
40.51519444,-94.61297220,2.48
40.54471810,-101.66683690,111.65
40.55027778,-94.82313890,0.88
40.56864927,-86.29916300,7.85
40.57511110,-75.65622220,71.81
40.58091667,-92.49175000,12.35
40.57732477,-74.86044348,10.49
40.58361110,-91.70111110,96.30
40.58815820,-74.75655140,26.64
40.62204480,-75.15461890,8.03
40.62619444,-80.10838889,6.41
40.66122220,-76.98555560,18.93
40.66500000,-99.25583330,9.38
40.68510200,-74.28820318,7.14
40.69477778,-77.59394440,61.37
40.71080556,-76.60547220,25.49
40.72861110,-99.45805560,21.74
40.75362358,-98.30367120,66.28
40.75362358,-98.30367120,66.16
40.76563889,-77.88069440,105.37
40.77168040,-98.84591220,21.45
40.78005330,-83.69048770,8.83
40.78200100,-81.92514240,45.29
40.78499780,-101.47322080,95.03
40.78575000,-76.11847220,51.08
40.78806200,-99.76844980,8.12
40.79600000,-75.31105560,44.14
40.81787740,-74.68099480,13.38
40.83028447,-99.74983760,13.49
40.83722220,-99.98611110,8.84
40.85806670,-99.15314630,135.15
40.85833330,-99.15305560,135.57
40.87416667,-98.28222220,7.41
40.88890160,-98.50951220,21.75
40.88988889,-78.81188889,34.40
40.89566667,-79.63391670,20.29
40.91222220,-100.12838890,4.05
40.94202778,-98.62683330,33.86
40.97476370,-86.29944500,11.94
40.98392530,-87.23752580,30.26
40.99013889,-77.19772220,40.66
41.01582480,-95.13082170,12.42
41.02319444,-75.71847220,61.74
41.03167450,-99.66344370,47.95
41.03232778,-98.74045560,6.92
41.03537519,-74.44959940,4.66
41.04675000,-99.27972220,109.43
41.08037446,-74.80988930,26.36
41.08383330,-79.87911110,14.52
41.09369444,-80.46869440,16.96
41.10436110,-98.19297220,12.25
41.10744444,-78.52647220,20.78
41.10788889,-73.69238889,45.15
41.11766667,-76.56350000,25.34
41.12413889,-76.67461110,28.98
41.14800000,-73.92769440,10.02
41.15398430,-74.88405820,20.88
41.16168124,-97.96366890,5.68
41.16972247,-96.46974240,42.44
41.19041667,-99.70697220,1.60
41.20669444,-75.39661110,11.98
41.23926090,-73.80291220,16.49
41.24022220,-77.77277778,49.54
41.24394489,-81.14759859,77.18
41.29350000,-78.87230560,34.87
41.29322220,-96.28375000,12.46
41.29377778,-97.44516670,18.03
41.30064940,-73.99125150,26.27
41.30519444,-82.82761110,49.30
41.30919444,-75.22686110,33.90
41.33158330,-79.90022220,113.26
41.33677778,-79.22552780,46.40
41.36372220,-73.74875000,14.86
41.36509999,-71.77423360,13.48
41.39726319,-86.85780050,7.11
41.40791667,-76.99475000,100.60
41.40815120,-73.28039410,10.25
41.41619444,-78.54519440,4.27
41.42277778,-100.20337780,2.73
41.44361110,-74.60638889,6.69
41.45398296,-73.55318110,3.92
41.45880556,-78.06177780,21.48
41.46088889,-80.17841670,25.07
41.47347220,-79.05083330,8.86
41.47370910,-72.68426160,13.08
41.47898869,-71.70728880,36.19
41.48600770,-117.53707360,7.61
41.48787368,-73.20428010,22.08
41.48843449,-71.53561590,13.44
41.49232259,-71.62811940,8.17
41.49531944,-103.75761940,170.85
41.50705556,-76.59025000,28.56
41.51893970,-84.69801030,10.22
41.52508330,-100.88836110,103.15
41.53223249,-98.98703320,36.78
41.53775550,-102.86770320,79.05
41.54787860,-71.54283880,11.87
41.56291667,-75.70372220,56.27
41.56621059,-71.72673449,16.87
41.57436110,-74.14927778,6.16
41.58305830,-102.61739720,330.11
41.59315455,-72.42647400,11.53
41.59533330,-80.41375000,53.44
41.63379720,-70.54067590,7.61
41.63691679,-103.56299690,23.33
41.64898610,-103.88999440,29.63
41.65844369,-70.31863340,26.54
41.68344495,-70.01918300,25.24
41.68524899,-103.39438180,164.25
41.69010826,-70.44919288,50.85
41.69013249,-70.52012820,17.07
41.69133330,-73.79761110,19.36
41.69436570,-70.52044210,30.24
41.69802749,-103.93772680,41.13
41.69998230,-70.51774760,97.14
41.69947220,-79.35994440,41.53
41.70542100,-70.52600060,100.40
41.72112840,-91.42238910,15.48
41.72171706,-85.33497720,15.55
41.72341667,-76.46872220,9.99
41.72522220,-75.25858330,27.28
41.74155556,-74.08888889,25.36
41.75333330,-77.56022220,31.47
41.75675000,-74.60136110,9.09
41.76858996,-102.44297340,2.17
41.77510920,-70.02973997,31.34
41.77693330,-99.37970280,7.30
41.77705556,-77.82730560,17.48
41.77858610,-100.52516110,14.70
41.78732330,-71.29921740,6.53
41.79370429,-73.94208160,69.68
41.79482050,-72.22868940,6.40
41.80873430,-72.29110200,22.04
41.83000000,-74.06388889,18.70
41.83110278,-100.10086670,3.88
41.83958330,-96.72850000,9.36
41.85496960,-103.03631780,11.75
41.86388889,-78.36775000,102.21
41.87454640,-70.92892970,18.52
41.88845556,-85.40933610,0.33
41.89005556,-75.75330560,40.37
41.88857800,-103.66022150,26.28
41.89816187,-69.98113110,11.81
41.91492500,-70.72976670,25.54
41.93306390,-98.01478620,96.88
41.93466667,-80.07900000,18.92
41.94107660,-103.93078090,4.66
41.94173889,-99.86010280,4.12
41.94827778,-103.70122220,194.35
42.00194444,-102.95611110,60.37
42.03443974,-101.33516830,4.23
42.03522778,-70.08257220,12.04
42.04981588,-72.97093670,6.60
42.05027500,-103.93023330,81.15
42.05593580,-70.72587198,8.23
42.05727810,-79.49921640,1.69
42.06425849,-73.32622649,15.41
42.09172945,-78.74753220,7.12
42.09593186,-71.29394390,7.04
42.13223330,-104.04679170,14.08
42.14111110,-76.81277778,24.17
42.17676389,-88.09581670,150.74
42.18222220,-88.63555560,9.07
42.18887220,-88.47170560,29.14
42.18944444,-88.37416670,18.60
42.18944444,-88.37444440,21.59
42.19227778,-88.14991670,65.61
42.19275278,-110.16299440,5.42
42.19396475,-75.85325000,28.32
42.19583330,-88.33000000,0.47
42.19583330,-88.33000000,88.87
42.19924216,-75.89797408,68.53
42.20278308,-98.67258670,5.71
42.20352778,-76.52594440,21.08
42.20478020,-79.30976880,1.55
42.21133056,-88.17170560,22.26
42.22251667,-88.56976940,72.95
42.22805556,-88.47694440,9.40
42.22805556,-88.47694440,9.62
42.22805556,-88.47694440,9.40
42.25333330,-77.79111110,5.25
42.25916667,-88.70500000,5.64
42.26222220,-78.03694440,-0.84
42.26316667,-88.23975000,93.44
42.26563617,-75.47073640,7.58
42.27388889,-88.52055560,3.69
42.27388889,-88.52055560,4.60
42.28137778,-88.61924720,19.74
42.28137778,-88.61924720,28.59
42.28137778,-88.61924720,20.04
42.29616667,-74.30058330,7.50
42.30555556,-88.26250000,46.87
42.30555556,-88.26250000,46.60
42.31454035,-71.36755950,16.70
42.31758396,-74.25597630,18.06
42.32064720,-88.21475830,21.78
42.32991667,-74.81019440,6.06
42.32994444,-74.81016670,1.27
42.34233610,-88.37235280,34.60
42.35092399,-72.40258470,17.51
42.35556110,-88.55236670,33.93
42.36166667,-88.50861110,37.17
42.36166667,-88.50861110,37.42
42.36166667,-88.50861110,37.75
42.36389265,-97.67367400,29.15
42.37805556,-73.46277778,10.79
42.38555556,-88.38611110,6.18
42.38555556,-88.38611110,17.17
42.38546389,-88.44490830,11.46
42.38966667,-76.31750000,19.73
42.39954444,-88.60061940,32.71
42.40913330,-88.23501670,31.63
42.41257085,-77.34220320,9.03
42.43958330,-73.68580560,13.57
42.45044444,-79.01427780,27.76
42.45111110,-88.64805560,6.85
42.45111110,-88.64805560,6.40
42.45285010,-76.77439779,7.92
42.46258478,-73.18843660,20.57
42.46747220,-97.05468890,1.34
42.47009340,-71.41172820,20.30
42.47912220,-88.48162500,26.10
42.48000000,-88.31944440,6.40
42.48000000,-88.31944440,13.27
42.48000000,-88.31944440,12.15
42.48027688,-99.87123600,9.57
42.48288056,-88.39884440,28.36
42.48383330,-76.79933330,36.34
42.48508905,-72.21147090,15.13
42.48888889,-76.46472220,5.25
42.49027778,-88.43166670,-12.20
42.49027778,-88.43166670,-12.13
42.51674167,-71.04846389,7.89
42.53000197,-98.50202770,50.96
42.56703800,-71.16005579,9.40
42.56722220,-109.93022220,5.66
42.58502778,-70.82063889,2.80
42.59183330,-74.32138889,9.24
42.59285790,-73.70900830,39.39
42.62500190,-98.93370560,38.38
42.62867339,-78.11862010,12.53
42.64083330,-76.06638889,6.09
42.67136110,-74.50416670,41.67
42.68750000,-73.83138889,10.06
42.69340779,-75.04710349,5.80
42.69951470,-76.42160260,19.66
42.71980556,-73.71088889,4.97
42.72972220,-76.88388889,0.34
42.74777778,-76.13861110,5.32
42.75537220,-70.93948889,10.37
42.81163330,-71.01159720,14.38
42.81638889,-73.98194440,7.80
42.84638889,-73.79080560,4.19
42.91333330,-76.58333330,10.94
42.91975000,-74.42791670,34.62
42.94750000,-70.96027778,50.89
42.95111110,-78.60166670,12.21
42.96750000,-77.25333330,2.53
42.97250000,-76.77033330,3.24
42.97580556,-77.84408330,11.71
42.97784110,-77.22720290,3.52
42.97938889,-75.84575000,133.37
42.98694444,-78.14861110,35.48
43.00748590,-102.52210560,40.37
43.00748590,-102.52210560,47.01
43.01562410,-75.59434610,9.66
43.02244444,-74.87508330,54.88
43.02944444,-78.17027780,10.72
43.03138889,-100.88611110,21.10
43.04534410,-76.30076300,12.88
43.04534410,-76.30076300,14.02
43.04728539,-77.47610580,8.36
43.05311110,-77.08750000,12.25
43.05388889,-100.62222220,45.98
43.05757479,-73.79789880,43.49
43.06027778,-100.40888890,31.29
43.07083330,-100.75416670,19.09
43.12388889,-101.05972220,27.93
43.12755657,-78.84059259,1.79
43.14277778,-108.70888890,12.32
43.15677778,-78.40363889,41.46
43.15825000,-74.48416670,5.65
43.17507610,-73.32205440,6.97
43.17916667,-78.26802780,22.21
43.18881944,-71.47836389,9.67
43.19944444,-100.76944440,84.75
43.20750000,-75.39250000,44.44
43.21894450,-78.91226320,4.71
43.23294444,-75.39850000,3.92
43.24111110,-100.33250000,22.25
43.26118900,-71.75730030,31.14
43.31141667,-74.95891670,31.36
43.36333330,-76.38083330,23.05
43.36333330,-76.38083330,23.19
43.38619518,-70.65866619,21.10
43.44993170,-112.78653040,595.35
43.45836110,-110.79702780,18.85
43.47562219,-74.20569090,13.88
43.50044444,-73.79641670,19.69
43.52006860,-75.15377760,24.82
43.54941667,-73.73397220,42.69
43.61794490,-116.18595000,-14.80
43.62388889,-96.74583330,11.52
43.63108570,-96.72449470,7.94
43.68307240,-83.21772780,33.84
43.71865545,-112.64134980,347.89
43.72472220,-96.87000000,5.81
43.72497418,-96.73032850,6.21
43.73344537,-121.46710590,28.32
43.83202110,-70.43672039,11.73
43.88144910,-73.73485220,20.95
43.91480189,-70.02616200,29.35
44.00722220,-90.65027780,8.06
44.02052778,-75.76033330,17.78
44.03701770,-70.34172210,10.64
44.05720999,-103.30240590,-40.65
44.09544444,-103.30144440,12.37
44.09544444,-103.30144440,4.27
44.13812919,-69.92616050,10.84
44.13979310,-70.48700290,9.36
44.15507320,-69.94393870,47.12
44.16083330,-75.32027778,24.26
44.20394444,-75.90586110,3.72
44.27886110,-73.53088889,18.27
44.30002778,-103.43677780,-14.91
44.29991667,-103.43672220,-30.06
44.29997220,-103.43675000,16.88
44.30027778,-69.76527778,11.30
44.37722220,-68.26138889,10.40
44.41388889,-68.29777778,5.68
44.61311328,-70.92257420,8.30
44.71728130,-70.42284350,26.93
44.81783120,-74.76407990,7.81
44.83201539,-68.36585489,18.43
44.84800000,-73.58400000,23.85
44.87116167,-74.99131549,15.67
44.87424030,-67.86639220,4.70
44.88867990,-68.93309410,22.67
44.91974017,-74.17717570,3.06
44.91971239,-74.17712010,34.57
44.96808330,-73.63469440,2.75
45.08991980,-112.63612820,168.48
45.12035320,-67.27388020,1.54
45.26801720,-97.12174580,77.76
45.35412738,-97.18619330,14.03
45.38444440,-97.14416670,16.44
45.52653770,-112.70138460,5.81
45.56611110,-98.43361110,8.92
45.58750000,-97.14388890,7.60
45.60810429,-68.88781860,9.84
45.63857110,-96.95730110,57.73
45.74084520,-84.71115950,4.57
46.02274440,-97.98853060,7.97
46.31120000,-97.92656390,5.93
46.32620556,-118.13855830,38.94
46.39888056,-97.92406110,20.26
46.40670000,-96.73636110,16.46
46.44155556,-97.27466670,5.85
46.44466060,-110.93882430,86.89
46.57286110,-99.45504720,18.73
46.57255556,-97.19861110,6.39
46.61169710,-69.57839099,15.74
46.76257220,-100.37399720,5.95
46.81008610,-99.74377780,15.93
46.84241389,-122.96003890,24.94
46.87808056,-98.48146940,34.29
46.96145830,-102.68558610,17.79
46.96587778,-98.46129170,62.18
47.22434440,-97.55725280,24.29
47.24920570,-68.59115760,10.16
47.36773620,-111.19135400,137.41
47.40440278,-98.43572220,0.77
47.51502220,-99.15991670,20.55
47.57818610,-118.27490830,49.99
47.82250000,-93.24472220,23.82
47.87236940,-98.74395560,12.78
47.91065000,-116.84381670,407.40
48.00946165,-105.33220940,42.24
48.18371940,-101.20323610,34.56
48.31090000,-97.81777220,12.78
48.37039167,-99.79968060,6.89
48.48612500,-99.23198890,8.55
48.52483889,-103.62592220,25.30
