29.43856519,-99.28337380,206.69
29.49527778,-98.59555560,177.74
29.54777778,-98.63555560,187.64
29.56364765,-95.11915340,131.77
29.58777778,-98.54861110,229.89
29.86779720,-99.56718890,247.97
30.21033889,-97.78158330,138.32
30.45074620,-91.17760720,212.71
30.50741157,-91.19177450,246.07
30.54768838,-91.19733030,72.30
31.17452778,-81.48327780,3.46
31.68527778,-88.65750000,26.48
32.55364444,-117.06160280,45.60
32.55364444,-117.06160280,45.64
32.55364444,-117.06160280,45.68
32.55364444,-117.06160280,16.85
32.55364444,-117.06160280,15.76
32.59100556,-117.08347500,47.99
32.59100556,-117.08347500,44.76
32.59100556,-117.08347500,27.56
32.59100556,-117.08347500,24.72
32.59100556,-117.08347500,13.75
32.59123610,-117.05389170,-17.57
32.59123610,-117.05389170,-19.72
32.59123610,-117.05389170,9.83
32.59123610,-117.05389170,24.17
32.59123610,-117.05389170,27.67
32.61659720,-117.05941100,64.11
32.61659720,-117.05941100,63.44
32.61659720,-117.05941100,93.18
32.61659720,-117.05941100,117.53
32.61659720,-117.05941100,116.41
32.61659720,-117.05941100,119.02
32.62634167,-107.01901110,10.27
32.65441389,-117.09824440,56.33
32.65441389,-117.09824440,49.39
32.65441389,-117.09824440,42.94
32.65441389,-117.09824440,23.94
32.65441389,-117.09824440,20.89
32.65903610,-117.08557780,-68.79
32.65903610,-117.08557780,42.68
32.65903610,-117.08557780,59.36
32.65903610,-117.08557780,123.15
32.65903610,-117.08557780,25.49
32.65903610,-117.08557780,17.86
32.66863889,-107.16533330,13.05
32.68208056,-117.11238060,34.45
32.68208056,-117.11238060,12.17
32.68208056,-117.11238060,12.61
32.68208056,-117.11238060,11.91
32.68208056,-117.11238060,9.32
32.68779444,-117.08559720,110.03
32.68779444,-117.08559720,133.11
32.68779444,-117.08559720,133.28
32.68779444,-117.08559720,125.08
32.68779444,-117.08559720,97.95
32.71893333,-117.10994720,-15.02
32.71893333,-117.10994720,-13.45
32.71893333,-117.10994720,-10.61
32.71893333,-117.10994720,86.94
32.71893333,-117.10994720,87.03
32.71893333,-117.10994720,87.25
32.73776110,-117.07223890,234.02
32.73776110,-117.07223890,234.08
32.73776110,-117.07223890,223.67
32.73776110,-117.07223890,217.61
32.73776110,-117.07223890,157.02
32.73776110,-117.07223890,37.40
32.77809167,-117.12085560,-14.75
32.77809167,-117.12085560,-14.82
32.77809167,-117.12085560,-15.09
32.77809167,-117.12085560,-11.80
32.77809167,-117.12085560,18.76
32.83169444,-107.30338890,12.68
33.05567220,-117.04639720,25.84
33.05567220,-117.04639720,16.94
33.05567220,-117.04639720,16.73
33.08734444,-116.97475560,65.57
33.08734444,-116.97475560,65.60
33.08734444,-116.97475560,65.08
33.09875000,-117.01713890,19.38
33.09875000,-117.01713890,19.33
33.09875000,-117.01713890,18.80
33.10688889,-91.92457220,84.57
33.18438333,-92.63392220,320.46
33.21568595,-92.81043890,312.35
33.23176944,-92.54004720,272.38
33.24415556,-92.69144720,277.94
33.26904167,-93.24683610,266.99
33.36830278,-92.72461110,149.24
33.46320278,-117.10432780,93.89
33.46320278,-117.10432780,72.32
33.47213056,-117.11857220,40.18
33.47213056,-117.11857220,45.03
33.47213056,-117.11857220,47.38
33.47213056,-117.11857220,42.97
33.47213056,-117.11857220,28.24
33.47213056,-117.11857220,24.78
33.48272220,-117.07588890,304.09
33.48272220,-117.07588890,326.40
33.48272220,-117.07588890,339.19
33.48272220,-117.07588890,97.14
33.48272220,-117.07588890,49.15
33.50047220,-117.01605560,320.25
33.50047220,-117.01605560,330.55
33.50047220,-117.01605560,323.05
33.50047220,-117.01605560,85.01
33.54750000,-90.54388890,29.77
33.70583330,-89.74083330,9.86
33.85925830,-117.23456940,67.25
33.88238056,-91.25823330,37.43
33.90231110,-117.26227780,12.68
33.94194444,-78.00972220,61.71
33.94194444,-78.00972220,24.70
33.94194444,-78.00972220,1.44
33.98027778,-78.09527780,41.65
34.01291667,-117.03639170,356.03
34.01291667,-117.03639170,358.68
34.01291667,-117.03639170,357.32
34.01291667,-117.03639170,354.57
34.02497778,-117.09709170,322.77
34.02497778,-117.09709170,320.82
34.02497778,-117.09709170,321.74
34.02497778,-117.09709170,141.45
34.02676944,-117.06087780,315.58
34.02676944,-117.06087780,317.21
34.02676944,-117.06087780,284.73
34.02676944,-117.06087780,260.26
34.02676944,-117.06087780,260.18
34.04682500,-117.03587780,315.80
34.04682500,-117.03587780,315.34
34.04682500,-117.03587780,314.87
34.04682500,-117.03587780,314.68
34.06948056,-117.28391100,142.38
34.06948056,-117.28391100,151.96
34.06948056,-117.28391100,132.47
34.07741110,-117.29515000,113.45
34.07741110,-117.29515000,117.10
34.08432220,-117.17720830,236.84
34.08432220,-117.17720830,236.80
34.08432220,-117.17720830,236.72
34.08432220,-117.17720830,236.74
34.08936110,-117.35566940,264.91
34.08936110,-117.35566940,270.81
34.08936110,-117.35566940,282.93
34.08936110,-117.35566940,281.81
34.08936110,-117.35566940,274.49
34.09471667,-117.12882220,356.16
34.09471667,-117.12882220,356.24
34.10414167,-117.28645000,160.26
34.10414167,-117.28645000,127.34
34.10414167,-117.28645000,62.98
34.11511389,-117.31174440,229.99
34.11849167,-117.27437220,212.02
34.11849167,-117.27437220,209.78
34.11849167,-117.27437220,167.12
34.44196944,-119.74028060,395.54
34.12113889,-117.38506100,395.49
34.12113889,-117.38506100,395.25
34.12113889,-117.38506100,395.03
34.12113889,-117.38506100,395.04
34.13428889,-117.38403330,498.57
34.13428889,-117.40070000,498.27
34.13428889,-117.40070000,498.36
34.13451110,-117.37268060,332.25
34.13451110,-117.37268060,332.24
34.13451110,-117.37268060,317.97
34.13451110,-117.37268060,318.67
34.24786667,-91.91116670,272.41
34.44197220,-119.74028060,138.02
34.46473330,-91.42093610,101.51
34.51337500,-93.05114170,115.61
34.51943330,-90.77263330,18.78
34.58259000,-96.67945220,104.06
34.62398896,-93.80519790,46.52
34.75500000,-79.46722220,9.28
34.76222220,-79.44361110,21.52
34.77775885,-120.46321970,74.27
34.77775885,-120.46321970,76.39
34.77775885,-120.46321970,64.99
34.78083330,-91.59750000,136.03
34.78133330,-91.64094440,114.15
34.79694444,-98.58416670,7.81
34.84947500,-91.88111670,124.28
34.93418918,-110.75152420,267.63
35.00057760,-110.59929800,37.49
35.16640267,-110.94041790,227.44
35.17279000,-111.10569940,614.57
35.19055556,-79.50388889,80.63
35.19200000,-79.46475000,41.48
35.20390096,-111.03986460,329.05
35.23175000,-92.38986110,6.64
35.39478330,-90.35851390,26.40
35.45716667,-90.87536110,108.09
35.60152778,-90.85194440,121.05
35.82102778,-90.85680560,85.96
35.99013056,-92.20633060,65.84
36.01416800,-110.51208000,423.66
36.16977778,-79.99827780,22.22
36.20777575,-110.41069030,839.56
36.49083360,-109.94817270,374.50
36.50502500,-76.49809440,0.70
36.52805329,-110.59903000,216.93
36.54814167,-76.43200278,0.87
36.55267220,-114.92454440,834.04
36.55538610,-76.42594720,0.92
36.56038889,-75.99724170,12.76
36.56034720,-75.99720000,3.72
36.58416389,-115.64910000,327.95
36.60709610,-76.87357080,98.10
36.60709610,-76.87357080,176.40
36.60709610,-76.87357080,177.33
36.60904034,-76.96662840,115.39
36.64722180,-110.17068350,211.69
36.65792848,-76.55772770,9.03
36.67441389,-76.45040000,0.20
36.67598408,-76.94023890,123.18
36.67598408,-76.94023890,129.39
36.68320624,-76.91329390,135.98
36.69104276,-76.00948530,2.22
36.70491667,-78.03240560,18.45
36.70764998,-76.12937859,77.10
36.70764998,-76.12937859,73.20
36.71645000,-76.43981940,0.51
36.71626944,-76.44048060,0.02
36.72149167,-76.49578060,0.16
36.72371439,-76.02054720,9.09
36.72722130,-110.26318800,169.53
36.76620460,-76.12862069,8.69
36.76618518,-76.12868740,11.73
36.76889444,-76.89615000,113.29
36.77885275,-77.07101120,110.48
36.77886940,-77.07103620,97.69
36.77886664,-77.07106678,22.38
36.77888050,-77.07116120,12.44
36.78073330,-114.72273890,395.82
36.78431615,-76.64328700,160.90
36.78431615,-76.64328700,162.26
36.78738538,-76.05153760,13.17
36.78737704,-76.05153760,9.38
36.79566667,-114.89280560,356.19
36.79631667,-76.01160830,7.38
36.79645278,-76.01197500,6.49
36.80403855,-76.73495750,-0.09
36.80403855,-76.73495750,148.63
36.80403855,-76.73495750,146.90
36.85931567,-76.58634110,136.20
36.85931567,-76.58634110,137.00
36.86400000,-76.08631670,22.71
36.86950094,-88.65366060,9.45
36.87665209,-112.74103680,87.93
36.90081850,-112.75853800,88.73
36.90299444,-76.12118889,8.92
36.90299720,-76.12121940,7.32
36.92515020,-77.17746768,82.64
36.92515020,-77.17746768,69.06
36.92515020,-77.17746768,61.67
36.93387380,-112.76798390,72.39
36.96431588,-76.72606929,145.77
36.96431588,-76.72606929,145.96
36.96431588,-76.72606929,4.73
36.96557828,-76.41970528,100.31
37.01478626,-76.89387410,132.78
37.01478070,-76.89382410,132.69
37.01477237,-76.89375750,132.67
37.04292235,-77.19465300,101.35
37.04296400,-77.19465580,99.72
37.04300290,-77.19465300,91.34
37.04286680,-77.19465300,25.94
37.10110278,-82.67724170,36.92
37.12014784,-76.69190130,8.06
37.13679555,-80.43838460,2.48
37.14486747,-76.46411579,5.29
37.18939444,-78.19555830,15.93
37.20236790,-76.56939720,149.46
37.20236790,-76.56939720,148.99
37.20236790,-76.56939720,71.89
37.20236790,-76.56939720,23.58
37.20236790,-76.56939720,26.12
37.26208280,-76.00909990,10.93
37.27903868,-77.41248300,16.01
37.28152597,-79.92226000,18.39
37.31149720,-81.97808330,21.69
37.34813056,-78.82715000,0.81
37.36264660,-76.82523930,190.83
37.36383889,-79.70635830,39.32
37.36562074,-76.72090800,128.39
37.36570408,-76.72092200,128.18
37.37315000,-80.39666389,39.35
37.37344444,-79.70996389,8.27
37.42658530,-76.96984690,118.39
37.42663530,-76.96987190,114.65
37.42666030,-76.96989130,114.57
37.42670750,-76.96992740,113.29
37.42660754,-76.96985799,32.73
37.42667976,-76.96990799,11.82
37.42857220,-79.49836389,14.26
37.42857220,-79.49836389,6.99
37.43570094,-78.67917510,29.13
37.44412980,-114.87000680,863.15
37.45152370,-75.93271030,7.38
37.51504720,-76.97880830,95.11
37.52943056,-78.27006110,35.19
37.55463685,-77.21441380,211.17
37.55463960,-77.21436100,209.93
37.62708827,-77.14191740,19.72
37.63291260,-79.45420270,22.22
37.64416667,-81.43111110,25.40
37.65675250,-77.37456400,178.08
37.65676080,-77.37454738,178.01
37.65676917,-77.37452520,12.86
37.70413030,-114.75944850,393.65
37.74040694,-75.66631808,50.41
37.74040694,-75.66631808,79.40
37.74096248,-75.66631809,101.18
37.74491690,-77.20492580,185.24
37.74494470,-77.20491740,193.79
37.74497248,-77.20490909,184.46
37.74500025,-77.20490350,59.20
37.74819444,-88.43805560,7.57
37.83489167,-76.30873610,60.70
37.87034970,-76.31715100,146.10
37.87034970,-76.31715380,157.46
37.87034970,-76.31715660,158.45
37.87029414,-76.31722049,158.62
37.87027748,-76.31725100,107.56
37.87024970,-76.31729270,105.33
37.87021080,-76.31734550,96.73
37.87018026,-76.31737880,70.80
37.87015526,-76.31741220,57.36
37.94317890,-75.45381180,8.86
37.94317890,-75.45381180,11.75
37.94317890,-75.45381180,23.22
37.94317890,-75.45381180,24.29
37.94219559,-75.45474240,21.0
37.95651260,-75.57853770,9.04
38.04785830,-79.79101670,6.60
38.09190245,-114.89584270,844.38
38.11484119,-80.26451729,68.82
38.13745090,-115.33974820,795.71
38.16735704,-78.16139130,24.53
38.16957560,-77.03830640,208.41
38.18624179,-76.91774750,73.98
38.19235278,-76.91913650,9.66
38.24633330,-81.65855560,18.47
38.33566710,-80.49091810,24.51
38.36401590,-78.71085470,69.31
38.36794444,-82.51247220,35.35
38.13040997,-79.06836218,19.81
38.57317638,-77.41609530,7.93
38.77706667,-75.25886670,9.13
38.80581944,-78.78963889,13.34
38.83263330,-77.80481110,16.85
38.84522220,-75.66569440,15.29
38.92244420,-114.84417930,432.76
38.93538880,-77.63610360,8.17
38.94955500,-77.36665240,15.53
38.98069444,-79.94394440,46.27
39.03233520,-74.89239330,12.64
39.05918330,-78.61878060,16.60
39.06344010,-78.06499810,38.55
39.10649516,-77.52804540,25.44
39.12851944,-77.84576940,29.71
39.17150000,-80.41208330,44.21
39.21902778,-81.11166670,27.60
39.26176825,-77.71026990,60.55
39.27421786,-85.89554660,17.55
39.35121160,-77.92971910,23.02
39.36663889,-78.88886110,26.26
39.45672220,-77.97252780,48.45
39.45900397,-75.15768338,5.39
39.45900397,-75.15768338,5.49
39.45900397,-75.15768338,169.52
39.46591667,-77.83608330,50.17
39.55271470,-114.79807530,11.54
39.55928348,-74.74016220,37.71
39.63716457,-113.87471490,11.18
39.67718056,-116.31130000,37.39
39.71058586,-75.45669539,13.36
39.73178139,-75.04933690,15.66
39.83115300,-86.18582160,19.16
39.86456196,-74.47959550,23.34
39.87310830,-86.36168060,6.12
39.87311389,-86.36168889,5.72
39.87319167,-86.36149170,5.49
39.87320278,-86.36148610,5.01
39.99122320,-74.84044200,6.37
40.02860270,-101.87156760,20.92
40.04147220,-75.17933330,16.12
40.04372666,-74.35737020,28.13
40.20472220,-80.60777780,37.62
40.30121878,-74.72349360,31.85
40.36205290,-74.31320280,5.28
40.36427285,-74.88099860,2.37
40.43205038,-74.45487420,17.68
40.43319444,-87.59069440,22.16
40.54471810,-101.66683690,111.61
40.57732477,-74.86044348,10.39
40.58815820,-74.75655140,26.10
40.62204480,-75.15461890,7.89
40.66500000,-99.25583330,9.49
40.68510200,-74.28820318,6.93
40.72861110,-99.45805560,21.80
40.75362358,-98.30367120,66.23
40.75362358,-98.30367120,66.18
40.77168040,-98.84591220,21.44
40.78806200,-99.76844980,8.35
40.81787740,-74.68099480,13.09
40.83028447,-99.74983760,13.46
40.83722220,-99.98611110,8.96
40.85806670,-99.15314630,135.22
40.85833330,-99.15305560,135.40
40.87416667,-98.28222220,7.69
40.88890160,-98.50951220,21.75
40.91222220,-100.12838890,4.94
40.94202778,-98.62683330,33.90
41.01582480,-95.13082170,11.93
41.03167450,-99.66344370,48.07
41.03232778,-98.74045560,7.35
41.03537519,-74.44959940,4.55
41.04675000,-99.27972220,109.33
41.08037446,-74.80988930,26.37
41.10436110,-98.19297220,12.00
41.15398430,-74.88405820,21.01
41.16168124,-97.96366890,5.80
41.16972247,-96.46974240,42.43
41.19041667,-99.70697220,1.89
41.29322220,-96.28375000,13.15
41.29377778,-97.44516670,17.81
41.42277778,-100.20337780,2.75
41.48843449,-71.53561590,13.46
41.52508330,-100.88836110,102.92
41.53223249,-98.98703320,36.85
41.64898610,-103.88999440,29.88
41.68524899,-103.39438180,165.45
41.72112840,-91.42238910,16.61
41.77693330,-99.37970280,7.34
41.77858610,-100.52516110,14.69
41.83110278,-100.10086670,3.87
41.83958330,-96.72850000,9.63
41.85496960,-103.03631780,11.81
41.88845556,-85.40933610,0.29
41.93306390,-98.01478620,96.88
41.94173889,-99.86010280,4.11
42.03443974,-101.33516830,4.28
42.05027500,-103.93023330,80.77
42.05727810,-79.49921640,1.47
42.09172945,-78.74753220,7.81
42.14111110,-76.81277778,23.77
42.17676389,-88.09581670,151.14
42.18222220,-88.63555560,9.19
42.18887220,-88.47170560,29.74
42.18944444,-88.37416670,18.71
42.18944444,-88.37444440,21.90
42.19227778,-88.14991670,65.74
42.19275278,-110.16299440,5.46
42.19396475,-75.85325000,28.42
42.19583330,-88.33000000,2.54
42.19583330,-88.33000000,89.23
42.19924216,-75.89797408,68.32
42.20278308,-98.67258670,6.35
42.20352778,-76.52594440,23.05
42.20478020,-79.30976880,1.29
42.21133056,-88.17170560,22.57
42.22251667,-88.56976940,73.33
42.22805556,-88.47694440,10.18
42.22805556,-88.47694440,10.42
42.22805556,-88.47694440,10.19
42.25333330,-77.79111110,4.25
42.25916667,-88.70500000,5.98
42.26222220,-78.03694440,-0.69
42.26316667,-88.23975000,93.95
42.26563617,-75.47073640,8.39
42.27388889,-88.52055560,4.25
42.27388889,-88.52055560,5.23
42.27608330,-88.21633330,12.46
42.28137778,-88.61924720,19.91
42.28137778,-88.61924720,28.64
42.28137778,-88.61924720,20.21
42.30555556,-88.26250000,46.96
42.30555556,-88.26250000,46.81
42.32064720,-88.21475830,21.87
42.34233610,-88.37235280,34.67
42.35556110,-88.55236670,34.07
42.36166667,-88.50861110,37.19
42.36166667,-88.50861110,37.51
42.36166667,-88.50861110,37.99
42.36389265,-97.67367400,29.40
42.38555556,-88.33222220,11.49
42.38555556,-88.33222220,53.05
42.38555556,-88.38611110,6.10
42.38555556,-88.38611110,17.26
42.38546389,-88.44490830,11.84
42.38966667,-76.31750000,19.65
42.39954444,-88.60061940,32.75
42.40913330,-88.23501670,31.33
42.41257085,-77.34220320,9.12
42.45044444,-79.01427780,28.06
42.45111110,-88.64805560,7.93
42.45111110,-88.64805560,7.55
42.45285010,-76.77439779,8.01
42.46747220,-97.05468890,2.53
42.47912220,-88.48162500,26.19
42.48000000,-88.31944440,8.51
42.48000000,-88.31944440,13.29
42.48000000,-88.31944440,11.97
42.48288056,-88.39884440,28.59
42.48383330,-76.79933330,36.80
42.48888889,-76.46472220,5.23
42.49027778,-88.43166670,-12.03
42.49027778,-88.43166670,-11.96
42.53000197,-98.50202770,51.02
42.56722220,-109.93022220,5.66
42.62500190,-98.93370560,38.50
42.62867339,-78.11862010,13.12
42.64083330,-76.06638889,6.81
42.69340779,-75.04710349,5.87
42.69951470,-76.42160260,19.73
42.72972220,-76.88388889,0.00
42.74777778,-76.13861110,5.24
42.81163330,-71.01159720,14.31
42.91333330,-76.58333330,11.12
42.94750000,-70.96027778,47.04
42.95111110,-78.60166670,12.31
42.96750000,-77.25333330,2.49
42.97250000,-76.77033330,3.43
42.97580556,-77.84408330,11.60
42.97784110,-77.22720290,3.42
42.97938889,-75.84575000,133.05
42.98694444,-78.14861110,35.24
43.01562410,-75.59434610,9.60
43.02944444,-78.17027780,10.41
43.03138889,-100.88611110,21.04
43.04534410,-76.30076300,12.80
43.04534410,-76.30076300,13.92
43.04728539,-77.47610580,8.34
43.05311110,-77.08750000,12.82
43.05388889,-100.62222220,45.89
43.06027778,-100.40888890,31.22
43.07083330,-100.75416670,19.02
43.12388889,-101.05972220,27.91
43.12755657,-78.84059259,1.66
43.14277778,-108.70888890,12.24
43.15677778,-78.40363889,41.43
43.17916667,-78.26802780,22.15
43.19944444,-100.76944440,84.61
43.21894450,-78.91226320,4.65
43.24111110,-100.33250000,22.22
43.36333330,-76.38083330,23.08
43.36333330,-76.38083330,23.19
43.45836110,-110.79702780,18.40
43.61794490,-116.18595000,-15.51
43.62388889,-96.74583330,11.53
43.63108570,-96.72449470,8.23
43.68307240,-83.21772780,33.98
43.72472220,-96.87000000,6.01
43.73344537,-121.46710590,28.15
45.26801720,-97.12174580,78.25
45.35412738,-97.18619330,14.07
45.38444440,-97.14416670,16.43
45.47761740,-122.50790470,27.51
45.47762575,-122.50791860,11.67
45.52653770,-112.70138460,5.78
45.56611110,-98.43361110,8.91
45.58750000,-97.14388890,7.73
45.63857110,-96.95730110,57.73
45.74084520,-84.71115950,5.17
46.31120000,-97.92656390,5.99
46.32620556,-118.13855830,38.93
46.39888056,-97.92406110,20.32
46.44155556,-97.27466670,6.05
46.57286110,-99.45504720,18.78
46.57255556,-97.19861110,6.38
46.81008610,-99.74377780,15.99
46.84241389,-122.96003890,33.54
46.87808056,-98.48146940,34.24
46.96145830,-102.68558610,17.71
47.94673330,-97.62269170,23.11
61.29000970,-149.59637560,110.21
64.75777778,-147.22361100,8.44
