30.0675,-95.5561,89
62.1592,-145.4589,67
36.0719,-115.1633,148
47.5303,-122.3008,54
37.3711,-118.3581,246
42.8050,-72.0036,85
37.6544,-97.4425,107
39.6014,-116.0056,219
34.0500,-94.4008,89
34.9000,-76.8833,116
63.9944,-145.7214,103
55.0389,-131.5786,72
38.8169,-92.2183,107
35.6950,-101.3950,125
42.7972,-105.3856,112
31.9206,-102.3867,103
38.7042,-93.1833,112
44.1708,-114.9272,54
33.8117,-118.1464,98
47.0492,-109.4578,107
62.9614,-141.9292,81
33.6228,-111.9106,76
40.1667,-103.2167,157
41.7219,-71.4325,152
39.2956,-80.2289,94
39.1258,-123.2008,98
41.6117,-90.5808,121
39.6092,-110.7547,134
36.4486,-103.1539,121
27.5000,-97.8167,85
31.8311,-104.8089,125
43.9658,-107.9508,63
47.4444,-122.3139,72
32.3500,-91.0278,116
36.0394,-95.9844,85
44.3592,-84.6739,143
47.4733,-111.3822,45
31.4208,-110.8458,67
67.7317,-164.5483,179
44.4983,-88.1111,143
38.7642,-87.6056,143
27.7628,-82.6261,76
32.4106,-99.6822,98
27.6833,-97.2833,94
44.3206,-69.7972,165
39.4781,-88.2803,139
39.5936,-84.2264,139
45.6983,-110.4408,98
40.7939,-73.1017,165
25.7906,-80.3164,98
38.9833,-76.4667,107
24.7258,-81.0517,107
40.7781,-111.9694,192
39.0725,-95.6261,94
40.1519,-122.2536,72
28.4567,-99.2183,81
42.7611,-87.8136,148
30.4119,-89.0808,112
33.6267,-116.1594,125
34.6517,-112.4208,143
35.2236,-80.9553,148
48.0944,-105.5744,98
35.2578,-113.9331,148
33.4536,-94.0075,85
44.3675,-71.5450,107
47.2675,-122.5761,49
34.9894,-99.0525,116
36.2117,-115.1958,148
42.3914,-96.3792,89
34.7000,-77.3833,121
40.0397,-88.2778,125
32.6261,-116.4681,125
35.8550,-77.8931,143
38.5069,-121.4950,58
31.3214,-85.4497,94
41.9381,-72.6825,130
38.4167,-113.0167,183
41.0467,-78.4117,116
30.5372,-91.1469,107
40.6386,-73.7622,134
46.5683,-120.5428,67
64.7767,-141.1483,36
38.8983,-119.9947,89
40.8764,-74.2831,116
46.9258,-98.6692,157
35.1967,-81.1558,121
61.1781,-149.9664,40
36.4731,-82.4044,72
43.7667,-98.0333,139
33.6800,-117.8664,81
41.6236,-98.9517,107
34.8822,-95.7831,85
33.9753,-117.6361,107
30.4844,-81.7019,103
34.6525,-86.9453,103
56.6000,-169.5650,456
44.3814,-106.7211,58
41.3325,-122.3328,89
42.5417,-113.7661,192
43.1711,-86.2367,125
37.4389,-105.8614,76
38.0511,-117.0903,210
41.0089,-74.7367,103
31.1500,-92.9667,103
41.4914,-120.5644,94
44.4683,-73.1500,121
45.9647,-112.5006,63
34.4272,-100.2831,107
48.2553,-101.2733,179
38.8500,-94.7392,89
55.5800,-133.0750,49
29.6919,-82.2756,76
39.2972,-94.7306,98
40.0681,-118.5692,94
26.1522,-81.7753,98
34.2167,-119.0833,112
26.9172,-81.9914,89
44.3981,-98.2231,139
55.3567,-131.7117,85
42.4819,-114.4869,192
34.1231,-84.8486,63
37.7797,-89.2497,130
32.1314,-110.9553,85
41.5097,-72.8278,121
40.8500,-74.0614,130
43.1167,-77.6767,143
41.4333,-99.6333,116
31.8456,-86.6108,81
41.2544,-80.6739,107
42.3811,-122.8722,67
35.2372,-120.6414,130
36.5728,-79.3361,130
46.3583,-104.2500,103
45.5908,-122.6003,67
42.0572,-102.8000,152
32.8547,-109.6353,81
41.2639,-72.8872,139
39.1208,-94.5969,98
43.2781,-70.9222,103
42.1094,-77.9919,112
39.7075,-86.2803,143
43.9906,-70.9475,89
38.5039,-122.8103,81
30.5892,-96.3647,98
44.2558,-121.1392,89
36.1189,-86.6892,112
33.2367,-107.2681,103
25.9069,-80.2803,103
57.1553,-170.2222,291
41.7872,-111.8533,165
34.7336,-76.6606,125
35.8922,-78.7819,116
46.9208,-114.0925,58
31.4156,-87.0442,94
42.5700,-72.2911,116
32.3206,-90.0778,125
64.5500,-149.0717,98
47.4933,-122.2144,49
43.1644,-95.2017,107
40.6508,-75.4492,89
29.9800,-95.3600,98
43.4133,-124.2436,72
32.7100,-96.2672,98
34.6294,-118.0836,161
30.8458,-85.6014,76
41.5944,-109.0528,94
36.6206,-116.0278,179
42.0647,-104.1528,112
32.5722,-116.9794,89
18.3331,-64.9667,98
44.9258,-89.6256,94
47.2078,-119.3192,58
26.6847,-80.0994,98
31.3928,-92.2956,107
47.9428,-97.1839,165
42.8975,-106.4636,134
70.1917,-148.4772,148
39.4494,-74.5672,170
38.2281,-85.6636,116
31.1828,-90.4708,130
39.9369,-91.1919,121
41.6264,-80.2150,125
32.3542,-95.4025,103
39.1667,-76.6833,103
42.2347,-85.5519,130
46.1442,-115.5964,31
34.2675,-77.8997,116
32.8986,-80.0403,98
13.4836,144.7961,98
34.2486,-82.1592,107
60.5797,-151.2392,40
45.5433,-94.0514,81
40.3300,-75.1225,103
42.1594,-76.8919,98
38.7550,-109.7542,121
29.9933,-90.2511,125
59.7494,-154.9089,152
30.2050,-91.9875,125
33.6361,-91.7556,125
37.2622,-104.3378,112
33.3633,-84.5658,76
17.7028,-64.8056,98
33.1783,-86.7817,89
36.7414,-104.5022,107
39.9061,-84.2186,148
61.1689,-150.0278,130
43.1953,-71.5011,103
71.2833,-156.7814,165
43.2119,-90.1814,121
43.1561,-90.6775,112
39.2231,-106.8683,81
33.6883,-112.0817,89
29.7036,-98.0281,103
33.2208,-92.8142,103
35.8311,-90.6464,121
32.9733,-97.3181,89
45.7881,-111.1608,76
32.8667,-117.1333,81
43.8339,-111.8045,81
41.6686,-70.2800,170
39.4203,-83.8217,139
42.2333,-83.5333,130
41.7700,-88.4814,157
30.0375,-91.8839,116
38.8483,-77.0342,125
41.5631,-83.4764,152
34.8831,-82.2203,121
62.3200,-150.0950,40
44.0219,-82.7931,165
40.8206,-76.8642,107
30.0494,-90.0289,148
30.4781,-87.1869,125
35.3889,-97.6006,89
44.6500,-73.4667,121
47.2767,-121.3372,85
42.2667,-84.4667,125
42.9486,-78.7369,148
29.5189,-95.2417,94
30.3208,-97.7603,76
34.4978,-82.7097,125
35.5931,-88.9167,130
34.6081,-79.0592,116
41.3497,-71.7989,134
35.9508,-85.0814,116
45.8258,-119.2611,54
21.3167,-158.0667,107
43.1111,-76.1039,85
41.3461,-82.1794,161
37.9272,-100.7247,121
38.2900,-104.4983,89
30.5108,-99.7664,67
38.8761,-98.8092,94
30.0481,-102.2131,94
33.4825,-90.9853,134
35.3331,-94.3625,89
28.0622,-81.7542,98
37.6242,-120.9506,157
40.5175,-122.2986,67
39.4167,-118.7167,103
43.3497,-76.3847,125
46.6056,-111.9636,58
39.9492,-74.8417,121
32.2997,-86.4075,89
41.8678,-84.0794,130
40.6044,-98.4272,89
41.8031,-78.6403,107
37.5050,-77.3203,134
42.5842,-70.9175,139
36.0236,-84.2375,89
40.8508,-96.7475,76
41.7803,-124.2367,72
32.7667,-97.4500,81
44.9319,-93.0556,89
38.6572,-90.6558,103
39.1894,-103.7158,125
40.2964,-78.3203,94
38.5000,-77.3000,130
31.8111,-106.3758,63
37.4058,-122.0481,103
36.6636,-121.6081,94
42.3075,-85.2511,139
38.9503,-95.6639,76
32.1300,-81.2100,98
27.4014,-82.5586,85
32.5156,-92.0406,112
40.8731,-81.8867,112
44.9358,-74.8458,107
33.2194,-117.3494,76
38.5714,-90.1572,121
41.4525,-87.0058,107
43.9922,-76.0217,143
38.0494,-103.5122,121
45.4558,-98.4131,174
41.3275,-72.0494,174
28.4736,-82.4544,81
41.9856,-97.4353,94
37.3592,-121.9239,103
41.2003,-74.6231,103
25.9989,-80.2411,103
34.8536,-116.7858,165
36.1625,-97.0894,94
43.2339,-75.4117,112
32.3367,-90.2214,116
29.1828,-81.0483,94
34.0158,-118.4514,98
21.4500,-157.7833,121
27.6531,-80.2428,112
39.5703,-104.8489,130
41.8706,-103.5931,134
36.9358,-121.7886,81
36.8167,-76.0333,210
35.0169,-80.6206,130
39.9914,-82.8808,112
30.3361,-81.5147,107
47.7472,-90.3444,107
35.0678,-77.0481,112
47.9742,-117.4283,76
40.7833,-91.1253,130
64.3267,-158.7417,54
40.8203,-82.5178,143
39.8344,-88.8656,188
39.8683,-75.2311,134
43.9844,-88.5569,139
48.1739,-103.6367,121
42.6650,-83.4181,130
35.1442,-111.6664,179
42.5708,-77.7133,98
42.1908,-71.1736,161
45.6689,-96.9914,157
38.2103,-122.2847,103
32.6500,-114.6167,107
33.4669,-82.0386,98
27.9619,-82.5403,112
46.9253,-96.8111,161
28.8614,-96.9303,112
36.3189,-119.6289,103
32.8342,-115.5786,157
42.2228,-83.7444,130
59.4433,-151.7017,85
37.2833,-102.6139,116
45.2486,-122.7686,45
43.7331,-103.6114,81
44.0206,-117.0128,85
36.0167,-102.5500,94
44.3814,-100.2856,174
34.2900,-93.0600,103
42.4167,-87.8667,152
39.3756,-99.8297,103
46.9006,-95.0678,107
36.2967,-99.7689,94
40.0228,-82.4625,98
36.7367,-97.1019,76
32.6636,-97.0939,103
36.3333,-119.9500,107
32.3347,-88.7442,116
25.9156,-97.4186,81
41.9922,-93.6217,85
31.3558,-85.7511,89
34.8461,-82.3461,130
57.0481,-135.3647,63
20.8997,-156.4286,125
33.8719,-117.9789,72
33.9381,-118.3889,112
33.6542,-101.8136,121
38.0442,-87.5206,125
47.3078,-119.5153,58
70.2117,-151.0017,121
45.0717,-83.5644,139
36.3689,-92.4703,81
40.8436,-72.6322,152
45.0619,-93.3508,89
41.2531,-70.0608,179
37.6197,-122.3647,116
31.5883,-110.3442,81
40.6161,-83.0636,161
44.5444,-110.4211,58
34.2719,-83.8303,116
42.4092,-83.0100,121
35.1350,-90.2344,130
42.2706,-71.8731,143
39.2447,-102.2842,134
39.1342,-108.5400,85
33.9481,-83.3275,94
37.9406,-75.4631,174
47.9078,-122.2803,54
40.9781,-124.1086,121
31.2361,-94.7544,89
37.0872,-84.0769,103
66.8667,-162.6333,201
37.3278,-95.5042,85
31.6189,-97.2283,98
32.4506,-93.8411,103
45.1947,-123.1339,54
42.5906,-117.8644,107
42.9203,-112.5711,210
30.5069,-86.9597,103
44.8664,-91.4878,94
41.6875,-69.9933,148
32.8978,-97.0189,94
44.3853,-74.2067,125
44.7978,-68.8186,152
37.7214,-122.2208,94
41.0375,-81.4642,116
46.4167,-86.6500,116
39.0431,-84.6717,143
33.9228,-118.3342,89
38.0408,-84.6058,116
44.5228,-114.2150,98
18.4325,-66.0108,107
36.7800,-119.7194,121
40.7789,-73.9692,107
61.2169,-149.8550,49
35.7425,-81.3819,121
40.4422,-109.5144,45
34.8994,-120.4486,125
47.0339,-120.5303,161
43.3436,-72.5178,94
48.5428,-109.7633,98
39.9444,-81.8922,98
43.3906,-99.8422,157
48.7939,-122.5372,63
34.9883,-117.8647,165
24.5550,-81.7522,103
19.7356,-156.0489,103
33.3644,-81.9633,85
66.9161,-151.5089,67
44.6381,-90.1875,98
46.0261,-91.4442,103
45.5464,-100.4078,179
42.8375,-103.0953,121
47.3258,-106.9475,76
31.2819,-89.2531,121
36.9033,-76.1922,188
40.6675,-89.6839,130
42.1578,-72.7161,125
28.1011,-80.6439,107
45.6308,-89.4653,107
41.0136,-83.6686,174
38.9286,-90.4281,121
39.4019,-77.9844,98
31.1522,-81.3908,107
40.2342,-85.3936,152
40.9167,-81.4333,121
38.5911,-92.1558,107
44.8889,-116.1017,63
30.7044,-87.0231,121
42.6425,-77.0564,98
39.1333,-86.6167,125
41.4131,-81.8600,170
37.2839,-98.5528,72
42.3978,-90.7036,121
32.7817,-98.0603,85
35.6697,-120.6283,134
41.2433,-76.9217,89
33.9706,-80.9958,81
46.5486,-90.9189,121
40.8217,-72.8689,107
37.1681,-97.0369,72
29.9506,-94.0206,107
42.1469,-121.7242,76
34.7917,-79.3661,134
44.7408,-85.5825,107
33.5656,-86.7450,112
59.5119,-139.6711,85
38.3775,-121.9575,89
31.5358,-82.5067,103
38.3650,-82.5550,98
34.1750,-91.9347,125
60.7850,-148.8389,76
41.1961,-112.0114,103
41.1583,-73.1289,125
43.9042,-92.4917,107
25.6475,-80.4331,116
33.2061,-97.1989,98
31.6072,-110.4281,103
32.8158,-117.1394,85
36.7683,-96.0261,89
26.2500,-80.1083,107
55.2208,-162.7325,255
48.7167,-94.6000,107
30.3433,-89.8222,116
35.2325,-75.6219,89
32.7336,-117.1831,76
33.5872,-85.8556,98
39.7078,-77.7297,107
42.8153,-108.7261,76
40.6825,-74.1694,130
38.8317,-94.8897,94
39.3669,-101.7000,107
46.0947,-118.2869,49
44.8428,-117.8086,98
27.7411,-98.0247,134
40.0803,-95.5919,94
34.2622,-88.7714,157
38.3794,-81.5900,76
38.1311,-91.7683,116
45.6478,-68.6925,130
41.7636,-96.1778,81
39.1033,-84.4189,121
40.0781,-83.0781,139
36.6950,-76.1356,170
37.7064,-112.1456,152
40.3667,-75.9667,107
45.0319,-102.0192,157
36.9261,-111.4478,121
46.1236,-67.7928,134
59.2433,-135.5094,130
40.6331,-93.9019,94
39.9181,-76.8742,72
41.1519,-104.8061,165
30.3567,-95.4139,94
47.6831,-117.3214,45
36.2833,-94.3000,98
36.7436,-108.2292,76
35.2333,-101.7089,134
29.7333,-85.0333,107
44.9047,-97.1494,139
39.2292,-106.3169,125
41.5333,-71.2833,161
42.8939,-85.5447,148
47.3978,-120.2014,63
42.9333,-71.4383,112
35.5342,-97.6469,81
33.6300,-84.4417,76
44.5483,-95.0803,112
34.9869,-81.0575,103
46.7439,-117.1086,40
45.8678,-95.3942,121
59.4556,-135.3239,116
39.3450,-81.4392,103
32.5161,-84.9422,76
41.7072,-86.3164,125
39.5781,-85.8033,125
34.7675,-114.6189,134
33.9486,-81.1186,98
41.1389,-75.3794,112
40.1936,-76.7633,94
28.7247,-96.2536,89
30.7406,-98.2353,89
46.0139,-102.6547,139
37.1467,-94.5022,125
42.4700,-71.2894,125
35.8517,-97.4142,81
27.7839,-97.5108,81
41.5092,-74.2650,148
47.9375,-124.5550,76
43.1406,-89.3453,139
43.2389,-123.3547,72
34.7411,-118.2117,152
41.9097,-70.7294,179
47.4667,-87.8833,94
41.5175,-81.6836,183
30.1831,-97.6800,103
39.4519,-87.3089,134
32.3336,-104.2581,81
48.6033,-112.3753,89
29.5442,-98.4839,81
34.5583,-98.4172,85
42.3606,-71.0106,170
37.2847,-120.5128,85
31.3347,-92.5586,98
29.1097,-95.4619,81
42.9550,-87.9044,152
39.2953,-114.8467,241
33.3075,-104.5083,98
34.3622,-98.9761,112
42.0800,-80.1825,179
36.9839,-77.0075,98
43.5667,-116.2406,107
41.0669,-73.7075,116
39.4839,-119.7711,107
34.0561,-117.6003,107
35.0564,-89.9864,130
44.2033,-72.5794,112
39.8447,-89.6839,130
46.8706,-68.0172,121
36.2606,-76.1750,148
37.8892,-121.2258,76
41.7806,-122.4717,54
37.5908,-83.3131,49
40.9611,-98.3136,89
27.9106,-82.6875,94
40.9706,-85.2064,148
61.5961,-149.0917,67
27.4981,-80.3767,94
28.8208,-81.8097,72
30.4636,-88.5319,112
31.3089,-86.3939,98
39.5264,-107.7264,58
32.8167,-115.6833,148
33.4964,-90.0867,112
37.2353,-93.4003,94
38.8000,-97.6500,76
41.1783,-78.8989,107
21.1544,-157.0961,107
42.7431,-73.8092,125
41.3931,-70.6150,174
36.2667,-93.1567,89
41.3103,-95.8992,89
39.7333,-77.4333,89
45.6044,-103.5464,94
46.5311,-87.5483,89
32.8192,-97.3614,89
24.5833,-81.6833,107
29.3783,-100.9269,85
35.9333,-79.0642,116
41.7419,-72.1836,134
47.2381,-123.1408,67
38.1847,-84.9033,107
39.7556,-82.6572,107
41.8756,-71.0211,112
40.7083,-84.0267,148
41.6328,-91.5431,112
46.2667,-119.1167,45
36.6239,-87.4194,112
38.1811,-85.7392,125
35.2578,-93.0947,98
38.9408,-77.4636,107
34.2097,-118.4892,81
44.1278,-123.2206,76
39.1353,-96.6778,81
38.5050,-107.8975,98
32.0311,-96.3989,103
38.6956,-121.5897,67
33.9786,-98.4928,94
41.3714,-73.4828,116
44.5169,-108.0822,89
37.7086,-113.0944,179
39.2775,-120.7103,85
40.4847,-80.2144,103
28.5453,-81.3331,76
22.0333,-159.7833,157
35.6575,-109.0614,143
38.3000,-76.4167,161
37.2253,-89.5706,143
34.6439,-86.7861,98
44.9050,-123.0011,72
30.7167,-87.0167,98
41.3375,-84.4289,170
45.6194,-121.1661,148
42.1244,-86.4267,116
58.3567,-134.5639,63
38.3406,-75.5103,125
40.0819,-75.0111,134
64.8039,-147.8761,89
33.8117,-78.7239,130
39.5514,-97.6508,98
35.0281,-110.7208,157
34.4258,-119.8425,112
47.6458,-101.4394,148
29.3600,-99.1742,67
60.1283,-149.4167,116
30.3489,-85.7881,94
34.9914,-78.8803,121
39.7736,-94.9233,89
48.5222,-123.0231,54
33.9519,-117.4386,112
39.3667,-75.0667,143
37.7836,-81.1231,76
40.4719,-81.4236,89
40.7794,-73.8803,161
48.3042,-114.2636,54
39.6428,-79.9164,89
33.4617,-80.8581,103
60.7850,-161.8292,210
34.6719,-82.8864,103
26.1658,-97.3458,81
41.9950,-87.9336,161
33.0375,-116.9158,94
27.5333,-99.4667,67
37.3169,-79.9742,94
42.4933,-79.2722,134
37.6928,-121.8144,103
46.4047,-94.1308,85
34.1167,-119.1167,125
45.6208,-122.6572,67
38.1386,-78.4530,130
31.8606,-86.0122,89
33.8750,-84.3022,76
40.8097,-124.1603,54
34.2006,-118.3575,81
46.9733,-122.9033,45
45.4622,-69.5953,143
43.1544,-93.3269,98
44.5344,-72.6144,94
40.8289,-115.7886,183
46.7994,-102.7972,121
35.8181,-83.9858,116
37.3031,-108.6275,94
66.0689,-162.7639,183
46.4794,-84.3572,76
43.5878,-96.7289,121
58.6794,-156.6294,170
40.2172,-76.8514,76
44.0511,-101.6011,152
46.1569,-123.8825,98
30.6794,-88.2397,112
40.6239,-74.6694,107
37.2958,-81.2078,81
41.0731,-71.9233,152
37.7461,-97.2211,76
41.5886,-83.8014,161
35.2100,-99.1200,103
45.8069,-108.5422,89
41.1214,-100.6694,116
36.9500,-76.2833,170
26.5361,-81.7550,89
43.7700,-88.4864,139
30.9119,-102.9167,94
41.7781,-80.6958,121
34.0511,-118.2353,76
35.0419,-106.6156,81
45.5406,-122.9486,67
31.5356,-84.1944,98
31.7800,-103.2017,81
59.6419,-151.4908,67
57.7511,-152.4856,98
60.4889,-145.4511,103
30.4000,-81.4167,130
29.3331,-89.4075,98
40.4122,-86.9369,130
47.6217,-117.5281,58
37.6703,-95.4842,89
36.7725,-90.3247,134
35.9461,-112.1547,174
48.5614,-93.3981,85
36.8781,-91.9025,98
41.1014,-102.9847,157
19.7192,-155.0531,72
38.7525,-90.3736,130
38.8100,-104.6883,94
32.6847,-83.6528,89
43.4075,-94.7461,103
41.3119,-105.6747,121
38.6892,-75.3592,148
42.1128,-92.9175,103
30.7797,-86.5225,89
48.4608,-119.5167,112
21.3239,-157.9294,125
35.0311,-85.2014,94
39.8233,-93.5792,94
47.1686,-88.4889,98
37.1431,-107.7597,98
42.8914,-73.2469,76
38.0653,-97.8606,107
31.9433,-102.1889,94
32.5428,-93.7450,89
70.6392,-159.9950,130
40.4953,-107.5211,112
38.9597,-94.3714,89
21.9839,-159.3405,116
47.3864,-92.8389,98
42.8783,-100.5500,143
44.7694,-106.9689,45
18.2550,-65.6408,130
62.9575,-155.6103,112
35.9403,-89.8308,148
38.0700,-102.6881,98
32.4833,-80.7167,98
36.6817,-101.5053,121
40.1203,-76.2944,112
39.8250,-86.2958,121
42.7267,-114.4564,206
42.5844,-110.1075,161
26.0719,-80.1536,103
46.8369,-92.2097,121
46.9728,-123.9303,85
37.9917,-122.0550,89
39.0083,-95.2117,89
34.2008,-119.2069,143
34.1853,-79.7239,134
30.3975,-84.3289,103
40.2769,-74.8158,116
28.4339,-81.3250,76
48.2138,-106.6213,76
41.5272,-85.7922,139
34.7272,-92.2389,107
41.7861,-87.7522,170
64.5111,-165.4400,219
34.5467,-93.5781,85
42.7172,-71.1239,121
41.8056,-107.1997,85
28.7797,-81.2436,81
38.3083,-75.1239,183
41.3336,-75.7269,94
44.8322,-93.4706,89
42.2314,-83.3308,125
33.7792,-84.5214,72
34.5183,-109.3792,125
40.9017,-117.8081,125
42.5544,-92.4011,107
35.5144,-108.7939,125
45.0133,-84.7014,121
36.5881,-121.8453,72
28.0836,-97.0464,81
39.4900,-121.6183,58
33.4278,-112.0039,94
37.0911,-95.5664,116
43.1072,-78.9453,139
33.6186,-114.7142,121
26.5850,-81.8614,94
43.6264,-72.3047,94
43.0206,-102.5183,143
30.8356,-85.1839,81
42.1208,-87.9047,148
43.0661,-108.4767,125
47.4569,-115.6450,85
34.3478,-85.1611,85
26.1839,-98.2539,85
30.7825,-83.2767,76
36.0969,-79.9433,161
29.6222,-95.6564,98
35.6567,-95.3614,89
35.6169,-106.0889,112
36.9878,-120.1106,85
42.1928,-89.0931,134
37.7608,-99.9683,121
39.8328,-104.6575,134
36.1336,-80.2222,157
41.9144,-88.2464,152
33.1803,-96.5903,85
31.3711,-100.4922,76
41.4653,-90.5233,130
37.1319,-76.4930,134
30.1250,-93.2158,116
40.2383,-75.5572,98
43.7694,-87.8506,174
36.9647,-86.4239,94
32.5500,-88.5667,103
41.2731,-111.0306,201
48.1203,-123.4983,76
30.2333,-81.6667,103
45.5644,-84.7928,130
43.3500,-73.6167,116
29.3389,-98.4719,76
39.3644,-84.5247,134
44.5761,-71.1786,103
30.6264,-88.0681,130
40.3547,-79.9217,98
46.3747,-117.0156,40
43.8789,-91.2528,94
45.5511,-122.4089,58
44.8831,-93.2289,103
41.5339,-93.6531,89
42.5519,-71.7558,103
40.3161,-78.8339,116
29.2733,-94.8592,98
34.7442,-87.5997,103
32.3847,-94.7117,94
40.0489,-107.8853,103
44.3592,-89.8369,116
40.0972,-92.5433,125
33.4050,-118.4158,161
43.5950,-118.9564,85
45.6906,-118.8528,58
42.4272,-73.2892,85
30.4000,-86.4717,116
37.0683,-88.7719,116
36.1994,-95.8872,94
34.7436,-118.7242,134
40.2064,-100.5914,130
33.8281,-116.5053,174
40.7342,-73.4169,130
46.7708,-100.7603,161
38.1417,-76.4292,148
31.4583,-109.6061,72
38.7667,-104.3000,367
26.2281,-97.6542,85
36.0097,-94.1694,103
35.6542,-105.1419,121
33.1281,-117.2794,76
39.6728,-75.6008,130
38.8853,-79.8528,54
42.5950,-87.9381,148
32.6808,-96.8681,85
42.7803,-84.5789,152
43.5331,-84.0797,179
42.9667,-83.7494,143
35.4344,-119.0542,89
42.6958,-73.1708,76
42.1997,-75.9850,98
41.7361,-72.6506,152
40.1764,-80.6472,125
41.6267,-73.8842,125
43.5164,-112.0672,116
39.3792,-74.4242,152
44.0433,-103.0536,63
29.6381,-95.2819,112
47.2856,-68.3133,134
45.8183,-88.1144,89
45.2575,-112.5545,112
41.6764,-70.9583,139
38.3306,-96.1897,89
35.6875,-117.6931,161
44.3394,-105.5419,85
35.1822,-103.6031,63
46.4267,-105.8825,58
41.1078,-92.4467,112
31.9514,-85.1289,63
33.2119,-87.6161,143
40.5100,-101.6200,139
42.7461,-86.0967,121
30.7439,-95.5861,94
32.2622,-107.7206,67
35.4319,-82.5375,54
37.7081,-77.4344,94
43.9636,-69.7117,98
42.6003,-123.3642,94
45.7728,-122.8611,67
41.8833,-91.7167,107
29.6333,-83.1053,76
26.1969,-80.1708,94
43.6497,-70.3003,125
37.3208,-79.2067,125
32.8519,-96.8556,107
35.0028,-105.6628,125
45.5114,-118.4247,49
37.6542,-122.1150,219
