18.1747,-66.7978,66
31.2022,-93.5725,91
40.7264,-122.7947,86
38.8586,-99.3358,71
28.0372,-97.8725,99
43.8544,-116.4664,76
36.9969,-119.7072,97
37.1503,-104.5567,46
37.2792,-86.2492,0
40.7142,-122.4161,114
38.6644,-94.8900,28
36.4711,-86.8414,97
35.9328,-88.7267,74
37.9050,-93.3169,79
26.3769,-98.8117,112
33.6731,-111.1508,18
40.1100,-87.9567,30
47.0575,-109.9514,74
40.0839,-88.2403,51
33.2564,-81.2422,69
39.7506,-92.5064,53
33.9544,-102.7783,94
44.6342,-123.1900,152
42.9536,-112.8253,64
28.4675,-98.2525,107
44.7764,-108.7592,76
36.1056,-82.8436,51
40.4750,-86.9919,84
42.9592,-120.7897,81
40.2842,-109.8611,104
26.1781,-97.9708,104
37.3806,-107.5811,66
32.7547,-104.3836,91
42.4492,-76.4492,64
39.9000,-98.0256,69
39.0303,-76.9314,33
39.8114,-99.9386,79
40.6117,-122.5281,89
43.0431,-96.9033,74
31.6164,-94.6431,43
34.1864,-90.5572,76
46.0436,-118.4628,76
34.5822,-119.9817,114
40.1739,-101.0611,66
35.3872,-76.7764,74
34.7675,-106.7611,69
31.8769,-105.2369,0
42.1397,-87.7853,56
45.6750,-111.1550,66
40.5764,-105.0858,84
36.4622,-116.8669,135
28.4575,-97.7061,251
34.5697,-93.1947,84
30.8408,-89.5453,0
39.0172,-92.7558,89
35.1867,-102.0797,81
28.6575,-96.5553,94
37.5147,-122.0325,89
40.7833,-81.9167,76
32.8964,-107.3078,107
33.7542,-99.1442,89
35.1131,-89.2122,71
42.8767,-77.0308,91
33.4311,-90.9108,81
34.7281,-90.3683,89
48.1375,-103.7372,76
39.2494,-106.3714,69
40.4719,-74.4364,71
33.6772,-93.9903,58
38.4917,-122.1242,84
47.7283,-104.1467,51
38.5039,-95.7036,53
37.0683,-88.7725,61
30.5467,-87.8808,56
33.7092,-93.5564,71
45.9228,-108.2444,74
39.1172,-95.4097,48
46.8706,-68.0172,20
42.0208,-93.7742,66
32.6406,-96.9747,97
35.1297,-89.8036,79
39.2475,-96.5994,38
30.0689,-94.2928,76
40.2233,-86.1086,66
44.9847,-93.1772,114
40.1550,-103.1417,107
18.2583,-65.9922,79
33.6897,-101.8219,163
35.6214,-88.8456,84
35.8819,-83.9572,48
64.8569,-147.8611,0
44.0622,-103.4819,38
44.2394,-95.3153,99
38.4661,-101.7758,107
31.6003,-97.2169,0
35.3886,-106.5439,112
37.7967,-121.5828,114
31.8611,-97.3750,112
46.7603,-117.1861,91
26.2656,-97.8714,114
43.4033,-103.2683,69
36.2403,-106.4278,66
35.7197,-86.9653,81
36.8047,-107.6214,41
34.9881,-120.3211,81
31.0372,-97.5283,91
31.3706,-100.4942,117
33.0353,-96.4861,81
26.8400,-81.0872,13
41.9342,-88.7756,94
33.4692,-88.7822,0
28.7156,-97.1742,48
41.0267,-86.5867,61
38.7403,-104.3994,97
42.1231,-111.3133,58
34.1419,-80.8700,109
37.3822,-102.2986,76
38.9667,-98.4889,64
40.0892,-99.2133,51
35.4139,-86.8086,69
33.4258,-111.9217,86
41.2986,-80.7647,427
38.7978,-99.7231,58
35.6414,-106.3322,86
37.7617,-117.5658,127
39.3903,-94.5553,61
39.0422,-108.4664,102
38.9408,-95.3397,64
31.0619,-94.1011,64
35.1108,-81.9675,56
47.0022,-118.5658,114
32.8242,-95.5275,99
43.5492,-71.4647,361
36.0147,-85.1314,56
34.8847,-99.2964,84
48.4983,-109.8014,7198
44.1183,-121.2103,74
32.2631,-96.6369,84
35.6872,-90.0964,13
30.2003,-92.6642,66
36.5575,-105.2628,478
39.5039,-98.3150,76
40.8250,-92.8925,56
38.5200,-89.8467,58
39.0936,-106.3514,56
38.5350,-121.7761,102
35.7047,-101.5492,79
48.7178,-122.5114,33
38.6450,-95.5661,404
34.6603,-82.8236,69
36.5928,-106.7300,61
38.4931,-122.0047,124
38.0633,-102.9297,97
31.8456,-99.5606,117
34.1981,-101.7461,89
35.4072,-104.1906,43
32.8522,-95.8864,117
45.6911,-118.8522,94
61.5664,-149.2542,18
34.3961,-89.7903,81
35.1161,-93.6506,61
29.8608,-98.1958,104
38.6078,-97.9597,36
32.2822,-106.7597,99
34.5989,-103.2161,81
35.2006,-103.6867,0
33.0642,-101.0489,124
41.9928,-71.1667,28
41.4439,-86.9294,20
42.7467,-71.0425,20
33.1481,-95.6269,102
18.0258,-66.5253,71
47.6811,-117.6267,114
36.5508,-114.4581,137
33.1461,-107.1842,76
31.9611,-96.6881,102
38.2597,-104.7169,81
39.3925,-101.0689,76
29.4608,-101.0286,114
44.8831,-85.6753,76
31.9633,-98.4942,64
41.6661,-111.8914,81
40.2539,-85.1483,64
26.5581,-99.1372,4463
30.7189,-97.3211,91
37.6967,-93.7722,86
34.8219,-89.4347,74
35.0489,-97.9158,94
32.9206,-86.6708,602
32.9506,-97.0553,58
25.8175,-80.2858,46
31.9497,-91.2336,71
34.0828,-106.8831,1153
39.6619,-99.1228,91
44.3089,-85.2050,53
38.0047,-120.4864,122
30.7053,-104.0233,46
33.4594,-104.4042,660
39.4031,-99.4192,64
36.6897,-108.3086,56
32.4219,-93.6381,74
37.9931,-100.8122,114
29.6211,-96.3661,71
30.6836,-97.7172,33
32.6475,-97.4439,94
33.3192,-95.6039,79
46.7047,-92.5253,1935
27.4272,-80.4053,0
40.2458,-111.6508,71
32.3378,-89.0817,56
46.7281,-116.9558,89
40.3708,-81.7908,76
34.1381,-88.9983,33
45.4825,-120.7236,94
44.3253,-96.7686,71
32.2683,-101.4858,130
32.9203,-94.7225,140
30.3367,-96.5403,97
41.4903,-71.5431,58
