18.1747,-66.7978,23
31.2022,-93.5725,55
40.7264,-122.7947,35
38.8586,-99.3358,134
43.8544,-116.4664,35
36.9969,-119.7072,39
45.3128,-107.9383,87
40.7142,-122.4161,77
36.4711,-86.8414,64
47.0575,-109.9514,166
40.0839,-88.2403,18
42.9536,-112.8253,100
36.1056,-82.8436,34
42.9592,-120.7897,31
40.2842,-109.8611,34
37.3806,-107.5811,34
39.9000,-98.0256,89
39.0303,-76.9314,71
39.8114,-99.9386,145
40.6117,-122.5281,16
43.0431,-96.9033,103
31.6164,-94.6431,24
34.1864,-90.5572,40
46.0436,-118.4628,35
43.8083,-111.7892,35
34.5822,-119.9817,55
40.1739,-101.0611,82
35.3872,-76.7764,138
31.8769,-105.2369,43
42.1397,-87.7853,32
40.5764,-105.0858,32
36.4622,-116.8669,837
34.5697,-93.1947,21
30.8408,-89.5453,8
39.0172,-92.7558,56
37.5147,-122.0325,192
40.7833,-81.9167,63
32.8964,-107.3078,109
33.7542,-99.1442,95
35.1131,-89.2122,37
34.7281,-90.3683,43
38.4917,-122.1242,39
47.7283,-104.1467,53
45.9228,-108.2444,90
39.1172,-95.4097,84
46.8706,-68.0172,69
35.1297,-89.8036,43
39.2475,-96.5994,21
30.0689,-94.2928,98
40.2233,-86.1086,31
40.1550,-103.1417,212
18.2583,-65.9922,8
35.6214,-88.8456,61
35.8819,-83.9572,26
64.8569,-147.8611,11
44.0622,-103.4819,51
38.4661,-101.7758,114
43.4033,-103.2683,40
35.7197,-86.9653,63
34.6033,-104.3811,195
36.8047,-107.6214,37
34.9881,-120.3211,103
31.3706,-100.4942,92
26.8400,-81.0872,137
41.9342,-88.7756,69
33.4692,-88.7822,58
41.0267,-86.5867,35
42.1231,-111.3133,61
37.3822,-102.2986,148
40.0892,-99.2133,43
35.4139,-86.8086,74
38.7978,-99.7231,116
37.7617,-117.5658,82
39.0422,-108.4664,53
32.8242,-95.5275,50
43.5492,-71.4647,50
36.0147,-85.1314,69
44.1183,-121.2103,39
35.6872,-90.0964,72
30.2003,-92.6642,39
39.5039,-98.3150,85
39.9614,-86.0586,24
38.5200,-89.8467,50
35.7047,-101.5492,187
38.4931,-122.0047,68
31.8456,-99.5606,71
42.3806,-96.9575,3
32.8522,-95.8864,61
45.6911,-118.8522,103
61.5664,-149.2542,26
32.2822,-106.7597,92
34.5989,-103.2161,206
35.2006,-103.6867,151
33.0642,-101.0489,74
41.4439,-86.9294,108
42.7467,-71.0425,18
33.1481,-95.6269,69
47.6811,-117.6267,76
34.1647,-88.7239,224
36.5508,-114.4581,61
33.1461,-107.1842,72
39.3925,-101.0689,84
44.8831,-85.6753,286
40.2539,-85.1483,76
26.5581,-99.1372,0
34.8219,-89.4347,42
35.0489,-97.9158,82
25.8175,-80.2858,51
31.9497,-91.2336,0
39.6619,-99.1228,39
44.3089,-85.2050,151
38.0047,-120.4864,55
30.7053,-104.0233,47
39.4031,-99.4192,39
36.6897,-108.3086,58
32.4219,-93.6381,35
37.9931,-100.8122,105
29.6211,-96.3661,45
46.7047,-92.5253,71
27.4272,-80.4053,68
32.3378,-89.0817,63
46.7281,-116.9558,60
34.1381,-88.9983,63
45.4825,-120.7236,89
44.3253,-96.7686,175
32.9203,-94.7225,24
41.4903,-71.5431,77
