36.3200,-115.7000,312
36.7200,-106.2600,222
43.8000,-114.8500,0
43.7600,-116.1000,29
35.7700,-105.7800,238
36.5100,-106.3200,12
40.3000,-111.2600,229
43.7600,-115.2400,170
43.7300,-113.8300,295
39.1900,-120.2600,56
39.3600,-106.0600,202
36.2500,-115.6300,156
39.2900,-117.1100,186
36.8600,-106.2300,21
46.2400,-117.3900,273
44.2100,-110.6700,263
44.7900,-116.0900,208
38.4000,-119.5400,189
35.9200,-106.3900,291
48.7200,-116.4600,61
41.4000,-107.2600,170
36.1900,-105.5600,55
40.8300,-111.7600,107
36.0300,-106.8100,36
36.0700,-105.6300,217
36.9600,-106.6600,157
35.3400,-111.6500,292
36.7900,-105.2400,255
39.4300,-120.3100,219
36.0000,-106.8300,288
40.5300,-106.7800,15
36.3100,-115.6800,168
39.8000,-106.0300,229
36.9900,-105.2600,219
36.1300,-105.5300,169
44.3800,-116.3400,129
39.3100,-111.4300,265
35.7800,-105.5400,241
