37.3711,-118.3581,220
31.4156,-87.0442,250
41.8706,-103.5931,90
38.8100,-104.6883,160
30.4000,-81.4167,150
37.9917,-122.0550,210
41.3497,-71.7989,150
45.5433,-94.0514,250
43.9636,-69.7117,10
35.5342,-97.6469,170
43.1561,-90.6775,320
70.1917,-148.4772,330
45.9647,-112.5006,340
38.4167,-113.0167,230
40.0972,-92.5433,210
41.1014,-102.9847,80
48.2138,-106.6213,310
31.6189,-97.2283,220
33.8117,-118.1464,190
35.0028,-105.6628,160
40.3161,-78.8339,340
40.1519,-122.2536,170
37.6197,-122.3647,280
26.2500,-80.1083,80
35.4319,-82.5375,320
47.4444,-122.3139,210
41.2003,-74.6231,270
40.4719,-81.4236,240
47.6458,-101.4394,20
42.3978,-90.7036,340
34.1853,-79.7239,200
42.0572,-102.8000,120
33.1803,-96.5903,180
37.9406,-75.4631,280
40.4847,-80.2144,230
45.0133,-84.7014,260
34.0158,-118.4514,230
40.0397,-88.2778,300
39.9444,-81.8922,280
42.3606,-71.0106,320
42.9486,-78.7369,250
29.3389,-98.4719,190
32.5156,-92.0406,240
34.7000,-77.3833,240
31.9433,-102.1889,160
37.2253,-89.5706,230
45.6983,-110.4408,350
34.4258,-119.8425,140
29.6381,-95.2819,150
35.8922,-78.7819,260
37.2833,-102.6139,180
35.1350,-90.2344,250
33.1783,-86.7817,330
32.8547,-109.6353,280
44.2033,-72.5794,170
34.4272,-100.2831,180
31.8606,-86.0122,250
46.4167,-86.6500,320
35.6169,-106.0889,140
33.3644,-81.9633,210
38.3650,-82.5550,190
40.1606,-113.3508,70
39.4494,-74.5672,290
34.1750,-91.9347,270
47.9742,-117.4283,300
30.3361,-81.5147,90
57.1553,-170.2222,80
36.6206,-116.0278,230
62.1592,-145.4589,330
35.2578,-113.9331,220
39.3756,-99.8297,180
38.1847,-84.9033,280
46.9208,-114.0925,300
38.7525,-90.3736,340
39.2292,-106.3169,260
36.2833,-94.3000,220
25.9156,-97.4186,150
63.9944,-145.7214,240
32.5161,-84.9422,270
44.5483,-95.0803,150
45.8678,-95.3942,140
41.3103,-95.8992,150
25.6475,-80.4331,120
33.9486,-81.1186,260
40.6331,-93.9019,240
41.6764,-70.9583,150
37.6544,-97.4425,180
26.6847,-80.0994,80
41.7219,-71.4325,190
41.4653,-90.5233,270
44.2558,-121.1392,290
44.3394,-105.5419,360
36.0969,-79.9433,330
38.1811,-85.7392,310
45.1947,-123.1339,230
39.1333,-86.6167,290
41.3325,-122.3328,140
33.9706,-80.9958,280
34.7272,-92.2389,220
47.4667,-87.8833,350
33.6542,-101.8136,180
28.4339,-81.3250,160
34.5183,-109.3792,290
41.6328,-91.5431,190
41.3461,-82.1794,250
41.9950,-87.9336,260
38.1386,-78.4530,200
33.2367,-107.2681,170
43.1406,-89.3453,320
42.8939,-85.5447,260
32.6847,-83.6528,250
39.3667,-75.0667,270
42.7972,-105.3856,360
47.4933,-122.2144,290
41.2639,-72.8872,330
29.9933,-90.2511,220
42.2667,-84.4667,300
40.7342,-73.4169,340
44.9319,-93.0556,300
37.8892,-121.2258,230
38.5000,-77.3000,230
48.7167,-94.6000,280
39.2953,-114.8467,220
33.8281,-116.5053,330
35.2325,-75.6219,220
39.3644,-84.5247,300
20.8997,-156.4286,30
35.8311,-90.6464,240
34.8461,-82.3461,10
42.5844,-110.1075,270
27.9106,-82.6875,280
41.3336,-75.7269,260
26.5361,-81.7550,160
28.7247,-96.2536,160
47.3078,-119.5153,340
37.7081,-77.4344,190
44.8322,-93.4706,270
30.1831,-97.6800,190
42.5519,-71.7558,360
39.7075,-86.2803,350
41.2531,-70.0608,180
36.0236,-84.2375,320
32.8986,-80.0403,220
41.6117,-90.5808,210
29.3331,-89.4075,210
27.6531,-80.2428,120
46.9728,-123.9303,220
45.2486,-122.7686,260
38.8983,-119.9947,150
41.5339,-93.6531,120
47.2856,-68.3133,160
28.4736,-82.4544,290
26.2281,-97.6542,190
41.5333,-71.2833,200
40.6508,-75.4492,260
48.1739,-103.6367,350
33.3633,-84.5658,310
39.7736,-94.9233,220
43.7694,-87.8506,270
37.7461,-97.2211,200
32.6808,-96.8681,220
38.9286,-90.4281,320
40.2342,-85.3936,290
40.7939,-73.1017,270
32.8667,-117.1333,240
34.6719,-82.8864,280
41.8678,-84.0794,290
26.1969,-80.1708,90
7.4500,151.8333,50
43.2389,-123.3547,300
48.5428,-109.7633,320
27.6833,-97.2833,190
38.0442,-87.5206,200
45.7881,-111.1608,300
44.7694,-106.9689,310
32.6261,-116.4681,280
33.4536,-94.0075,330
43.2781,-70.9222,330
38.3775,-121.9575,230
33.6186,-114.7142,180
46.9258,-98.6692,320
29.6919,-82.2756,240
36.3689,-92.4703,190
44.5169,-108.0822,320
60.4889,-145.4511,290
30.5069,-86.9597,220
35.8550,-77.8931,240
60.7850,-161.8292,330
30.5892,-96.3647,160
46.8369,-92.2097,260
41.7072,-86.3164,170
38.3083,-75.1239,210
33.2194,-117.3494,230
40.6386,-73.7622,310
46.0947,-118.2869,310
43.2339,-75.4117,200
36.9839,-77.0075,230
38.7642,-87.6056,360
61.1781,-149.9664,290
32.9733,-97.3181,210
39.6728,-75.6008,300
43.9922,-76.0217,220
27.5333,-99.4667,140
33.9228,-118.3342,240
33.7792,-84.5214,310
33.9519,-117.4386,280
36.6239,-87.4194,190
41.7806,-122.4717,250
36.6817,-101.5053,180
33.3075,-104.5083,160
34.8831,-82.2203,200
37.9272,-100.7247,180
42.1908,-71.1736,30
30.3433,-89.8222,330
42.4933,-79.2722,230
40.1764,-80.6472,270
43.6264,-72.3047,280
35.8181,-83.9858,30
41.6264,-80.2150,270
47.6217,-117.5281,270
46.9006,-95.0678,310
42.2706,-71.8731,280
44.0206,-117.0128,310
42.5708,-77.7133,290
43.1072,-78.9453,220
35.2333,-101.7089,170
32.8519,-96.8556,170
34.8822,-95.7831,180
37.4058,-122.0481,360
43.8789,-91.2528,180
61.5961,-149.0917,250
39.2972,-94.7306,10
46.1442,-115.5964,170
45.0619,-93.3508,320
35.8517,-97.4142,160
43.5667,-116.2406,310
28.4567,-99.2183,160
32.4106,-99.6822,160
33.4669,-82.0386,300
33.6800,-117.8664,220
43.7700,-88.4864,290
42.6425,-77.0564,260
39.9914,-82.8808,290
34.9883,-117.8647,290
42.1928,-89.0931,320
42.7461,-86.0967,240
36.1994,-95.8872,180
48.5614,-93.3981,240
42.8375,-103.0953,140
31.3347,-92.5586,200
45.8069,-108.5422,10
41.0375,-81.4642,260
28.8614,-96.9303,160
31.7800,-103.2017,140
39.1667,-76.6833,270
41.4914,-120.5644,270
45.7728,-122.8611,340
46.9733,-122.9033,310
62.3200,-150.0950,180
48.5222,-123.0231,360
43.5950,-118.9564,250
34.0561,-117.6003,240
41.6875,-69.9933,180
30.7167,-87.0167,240
37.0683,-88.7719,240
43.3436,-72.5178,320
42.4819,-114.4869,270
29.6333,-83.1053,260
34.9000,-76.8833,210
36.0394,-95.9844,180
42.1128,-92.9175,120
37.7214,-122.2208,280
31.5883,-110.3442,300
39.9061,-84.2186,280
41.6686,-70.2800,160
40.8436,-72.6322,310
44.8831,-93.2289,270
42.5950,-87.9381,100
48.2553,-101.2733,320
36.9033,-76.1922,230
44.1708,-114.9272,170
64.7767,-141.1483,290
59.6419,-151.4908,250
33.6267,-116.1594,350
39.4900,-121.6183,170
31.9206,-102.3867,170
31.4583,-109.6061,360
30.9119,-102.9167,110
33.8719,-117.9789,220
15.1167,145.7167,80
37.6703,-95.4842,190
6.9667,158.2167,50
41.7700,-88.4814,280
31.3500,-85.6667,80
39.4781,-88.2803,340
42.6650,-83.4181,280
34.7411,-118.2117,260
42.7172,-71.1239,360
40.8500,-74.0614,320
33.4617,-80.8581,270
44.3981,-98.2231,160
33.2119,-87.6161,310
41.3931,-70.6150,190
33.2061,-97.1989,160
41.1389,-75.3794,280
64.8039,-147.8761,250
32.3847,-94.7117,170
32.2622,-107.7206,250
34.5467,-93.5781,250
39.9369,-91.1919,200
29.9506,-94.0206,180
39.4167,-118.7167,250
43.5164,-112.0672,260
59.5119,-139.6711,310
38.9597,-94.3714,140
44.5344,-72.6144,340
31.1522,-81.3908,160
41.5886,-83.8014,270
37.2958,-81.2078,350
43.3497,-76.3847,270
29.7333,-85.0333,10
40.7789,-73.9692,310
36.1625,-97.0894,170
43.7331,-103.6114,10
40.6675,-89.6839,290
30.4844,-81.7019,200
44.2667,-71.2994,250
38.0494,-103.5122,80
45.0717,-83.5644,320
42.2333,-83.5333,280
40.0681,-118.5692,270
25.7906,-80.3164,90
33.9481,-83.3275,290
19.7192,-155.0531,40
34.9914,-78.8803,200
48.0944,-105.5744,300
38.7667,-104.3000,150
41.2544,-80.6739,230
29.5622,-91.5256,230
34.3622,-98.9761,200
45.8183,-88.1144,310
64.5500,-149.0717,250
38.0653,-97.8606,200
40.6161,-83.0636,240
36.2117,-115.1958,210
39.1208,-94.5969,140
38.0511,-117.0903,330
45.5644,-84.7928,300
39.3450,-81.4392,270
40.9781,-124.1086,220
36.9261,-111.4478,210
41.9922,-93.6217,130
35.6950,-101.3950,190
42.4167,-87.8667,120
42.1469,-121.7242,290
67.7317,-164.5483,200
38.2900,-104.4983,110
35.3889,-97.6006,160
36.7436,-108.2292,280
46.4794,-84.3572,310
40.0228,-82.4625,270
44.3814,-100.2856,150
41.0467,-78.4117,330
37.6242,-120.9506,340
34.2719,-83.8303,310
47.9375,-124.5550,250
43.3500,-73.6167,50
41.8056,-107.1997,240
42.9203,-112.5711,270
37.4389,-105.8614,240
38.7550,-109.7542,210
42.9667,-83.7494,270
31.3089,-86.3939,320
42.0647,-104.1528,40
39.7556,-82.6572,280
26.1839,-98.2539,170
40.4953,-107.5211,210
27.4981,-80.3767,100
34.7917,-79.3661,330
37.0911,-95.5664,190
40.6044,-98.4272,40
33.5872,-85.8556,220
46.5486,-90.9189,200
29.3600,-99.1742,140
35.0281,-110.7208,250
35.0311,-85.2014,240
38.3794,-81.5900,220
33.6361,-91.7556,200
37.7608,-99.9683,200
47.3258,-106.9475,330
32.4833,-80.7167,230
47.5303,-122.3008,310
42.7803,-84.5789,250
31.8456,-86.6108,330
39.5781,-85.8033,270
34.7436,-118.7242,350
33.1281,-117.2794,230
30.3975,-84.3289,230
45.4622,-69.5953,320
37.2353,-93.4003,220
43.1167,-77.6767,260
44.3592,-84.6739,300
38.5069,-121.4950,230
35.9403,-89.8308,250
47.3978,-120.2014,300
47.3864,-92.8389,270
43.1111,-76.1039,280
35.5144,-108.7939,210
43.1711,-86.2367,210
43.9844,-88.5569,290
37.5908,-83.3131,210
43.8339,-111.8045,230
42.9333,-71.4383,350
26.0719,-80.1536,100
32.5428,-93.7450,180
42.5700,-72.2911,280
38.3306,-96.1897,170
61.2169,-149.8550,280
42.2347,-85.5519,280
26.1658,-97.3458,150
41.0669,-73.7075,280
46.0139,-102.6547,340
30.0481,-102.2131,120
30.8356,-85.1839,210
42.1997,-75.9850,280
36.3333,-119.9500,310
34.8536,-116.7858,260
43.6497,-70.3003,180
47.2381,-123.1408,220
32.3347,-88.7442,260
48.1203,-123.4983,290
35.6542,-105.1419,190
30.3208,-97.7603,200
66.9161,-151.5089,270
31.4208,-110.8458,290
32.8158,-117.1394,220
40.0781,-83.0781,280
47.9428,-97.1839,350
18.4325,-66.0108,60
57.7511,-152.4856,100
36.6636,-121.6081,330
47.0339,-120.5303,290
55.0389,-131.5786,320
39.8328,-104.6575,160
24.5833,-81.6833,110
39.4519,-87.3089,260
30.5372,-91.1469,230
39.1894,-103.7158,160
59.4433,-151.7017,340
35.6567,-95.3614,200
30.5108,-99.7664,150
44.3853,-74.2067,210
32.5722,-116.9794,280
42.8914,-73.2469,260
43.5878,-96.7289,150
44.8889,-116.1017,320
37.7797,-89.2497,210
44.5761,-71.1786,360
35.4344,-119.0542,300
38.8761,-98.8092,180
47.4569,-115.6450,310
42.0800,-80.1825,260
37.3031,-108.6275,300
38.6892,-75.3592,220
33.6228,-111.9106,230
39.7333,-77.4333,270
35.6697,-120.6283,330
43.3906,-99.8422,180
40.4422,-109.5144,230
44.0219,-82.7931,20
32.4506,-93.8411,110
41.1078,-92.4467,120
46.7708,-100.7603,310
46.1236,-67.7928,140
31.3214,-85.4497,270
31.9514,-85.1289,230
39.8250,-86.2958,280
41.5944,-109.0528,290
42.1094,-77.9919,300
32.1300,-81.2100,240
26.9172,-81.9914,70
24.5550,-81.7522,100
33.9381,-118.3889,260
34.7442,-87.5997,280
30.0675,-95.5561,150
64.5111,-165.4400,250
40.8206,-76.8642,320
8.7333,167.7333,50
44.9258,-89.6256,280
30.4781,-87.1869,360
27.4014,-82.5586,340
37.2839,-98.5528,190
42.6958,-73.1708,270
30.7439,-95.5861,180
38.6572,-90.6558,10
40.2172,-76.8514,250
44.1278,-123.2206,250
42.3914,-96.3792,150
41.5272,-85.7922,210
35.0419,-106.6156,270
37.3208,-79.2067,240
46.4267,-105.8825,320
37.0872,-84.0769,280
39.2447,-102.2842,200
40.2064,-100.5914,30
66.0689,-162.7639,320
33.4050,-118.4158,290
35.3331,-94.3625,200
13.4836,144.7961,60
34.9869,-81.0575,210
39.1019,-121.5678,150
39.5264,-107.7264,260
40.7794,-73.8803,320
37.5050,-77.3203,230
35.1822,-103.6031,160
44.3206,-69.7972,360
39.1258,-123.2008,340
27.5000,-97.8167,190
45.5511,-122.4089,320
38.8500,-94.7392,180
43.5331,-84.0797,270
42.1244,-86.4267,270
45.6478,-68.6925,120
34.9894,-99.0525,220
37.3278,-95.5042,190
58.6794,-156.6294,200
26.5850,-81.8614,110
38.5911,-92.1558,190
37.6542,-122.1150,210
41.2433,-76.9217,270
31.3928,-92.2956,200
40.8203,-82.5178,230
32.3206,-90.0778,280
44.8664,-91.4878,310
37.7836,-81.1231,230
35.2236,-80.9553,220
40.9017,-117.8081,250
34.2622,-88.7714,260
38.8317,-94.8897,160
38.0700,-102.6881,200
41.1583,-73.1289,320
41.0731,-71.9233,190
35.6875,-117.6931,280
40.1203,-76.2944,320
31.6072,-110.4281,220
37.2847,-120.5128,330
42.4700,-71.2894,350
18.2550,-65.6408,120
37.7086,-113.0944,210
41.7419,-72.1836,330
41.9097,-70.7294,170
30.3489,-85.7881,250
31.3711,-100.4922,170
43.9906,-70.9475,360
32.1314,-110.9553,270
41.5631,-83.4764,270
34.2008,-119.2069,270
35.5931,-88.9167,240
34.0511,-118.2353,270
43.4075,-94.7461,170
35.0169,-80.6206,230
45.6689,-96.9914,270
37.7064,-112.1456,200
40.6825,-74.1694,280
44.6381,-90.1875,310
45.5908,-122.6003,320
39.0083,-95.2117,160
35.2578,-93.0947,200
41.1961,-112.0114,330
36.8167,-76.0333,220
36.2667,-93.1567,280
40.8764,-74.2831,300
46.1569,-123.8825,250
55.3567,-131.7117,310
32.3336,-104.2581,160
41.6267,-73.8842,260
36.0097,-94.1694,210
35.6575,-109.0614,270
36.9878,-120.1106,340
40.3547,-79.9217,260
36.2967,-99.7689,190
39.6014,-116.0056,240
39.4019,-77.9844,300
34.2167,-119.0833,230
60.1283,-149.4167,200
40.3667,-75.9667,270
36.7800,-119.7194,310
28.5453,-81.3331,130
38.1311,-91.7683,230
42.2228,-83.7444,270
39.5936,-84.2264,290
40.4122,-86.9369,360
31.2361,-94.7544,170
41.3375,-84.4289,230
37.1681,-97.0369,170
36.1189,-86.6892,260
7.3333,134.4833,50
38.9833,-76.4667,280
44.0511,-101.6011,170
41.2731,-111.0306,220
36.9647,-86.4239,270
43.1953,-71.5011,150
32.8167,-115.6833,160
41.1783,-78.8989,220
38.2281,-85.6636,290
30.4000,-86.4717,220
33.9786,-98.4928,140
28.7797,-81.2436,120
40.2769,-74.8158,280
62.9614,-141.9292,320
44.4683,-73.1500,170
39.2956,-80.2289,250
32.0311,-96.3989,160
39.1033,-84.4189,280
39.7078,-77.7297,290
41.7781,-80.6958,280
33.4964,-90.0867,210
33.6883,-112.0817,250
42.1208,-87.9047,230
40.9706,-85.2064,250
66.8667,-162.6333,300
33.0375,-116.9158,330
39.8683,-75.2311,280
38.8853,-79.8528,290
34.2097,-118.4892,150
44.8428,-117.8086,220
35.9508,-85.0814,10
46.3747,-117.0156,310
43.7667,-98.0333,140
35.9333,-79.0642,280
43.0206,-102.5183,150
44.9050,-123.0011,290
46.2667,-119.1167,340
32.6636,-97.0939,170
41.6236,-98.9517,30
27.7411,-98.0247,200
44.6500,-73.4667,160
39.4839,-119.7711,210
44.3592,-89.8369,330
30.1250,-93.2158,210
36.4731,-82.4044,280
39.5514,-97.6508,170
37.2622,-104.3378,200
41.8031,-78.6403,300
46.0261,-91.4442,280
44.3675,-71.5450,10
41.9381,-72.6825,270
39.1342,-108.5400,250
21.3167,-158.0667,70
40.0489,-107.8853,210
42.1594,-76.8919,290
40.2383,-75.5572,260
41.5097,-72.8278,320
42.7431,-73.8092,300
40.9167,-81.4333,300
29.1828,-81.0483,70
31.4000,-93.2833,170
38.3406,-75.5103,230
36.8781,-91.9025,220
44.4983,-88.1111,260
57.0481,-135.3647,310
42.8050,-72.0036,300
32.7817,-98.0603,140
46.9253,-96.8111,270
41.7861,-87.7522,290
40.9611,-98.3136,340
36.0719,-115.1633,190
43.0661,-108.4767,280
38.6956,-121.5897,180
39.5703,-104.8489,170
41.0136,-83.6686,250
21.9839,-159.3405,40
45.0319,-102.0192,340
40.8217,-72.8689,310
34.2006,-118.3575,110
30.2333,-81.6667,280
39.8344,-88.8656,180
17.7028,-64.8056,100
39.9181,-76.8742,330
32.2997,-86.4075,290
44.5228,-114.2150,270
46.5683,-120.5428,330
35.0678,-77.0481,240
29.3783,-100.9269,110
39.6428,-79.9164,360
43.9042,-92.4917,280
31.3558,-85.7511,200
40.0819,-75.0111,270
41.1214,-100.6694,60
41.3119,-105.6747,250
42.7611,-87.8136,160
40.7083,-84.0267,250
21.3239,-157.9294,40
36.2606,-76.1750,200
38.2103,-122.2847,270
35.1442,-111.6664,210
27.7628,-82.6261,290
26.1522,-81.7753,200
24.7258,-81.0517,50
41.8756,-71.0211,180
48.3500,-122.6667,240
34.2675,-77.8997,210
32.3367,-90.2214,300
56.6000,-169.5650,80
39.2775,-120.7103,180
45.6906,-118.8528,20
36.7414,-104.5022,190
37.1431,-107.7597,250
42.6003,-123.3642,330
61.1689,-150.0278,260
34.7336,-76.6606,220
38.7042,-93.1833,220
59.4556,-135.3239,210
36.3189,-119.6289,320
18.3331,-64.9667,130
47.9078,-122.2803,350
29.5189,-95.2417,120
46.6056,-111.9636,350
37.1467,-94.5022,220
38.3000,-76.4167,270
46.7994,-102.7972,320
9.4833,138.0833,50
48.3042,-114.2636,140
45.2575,-112.5545,50
39.8233,-93.5792,200
31.1828,-90.4708,270
35.1967,-81.1558,360
38.5050,-107.8975,220
46.4047,-94.1308,250
46.5311,-87.5483,270
45.6308,-89.4653,280
40.3300,-75.1225,270
41.7803,-124.2367,150
36.5881,-121.8453,270
32.7800,-79.9319,220
42.8975,-106.4636,10
30.6264,-88.0681,320
44.3814,-106.7211,320
29.2733,-94.8592,160
40.8731,-81.8867,250
30.0375,-91.8839,200
39.3792,-74.4242,300
43.9658,-107.9508,330
30.4636,-88.5319,340
41.4131,-81.8600,290
34.1231,-84.8486,340
30.2050,-91.9875,200
37.3169,-79.9742,310
42.1578,-72.7161,280
36.5728,-79.3361,330
40.8289,-115.7886,280
46.7439,-117.1086,270
44.5444,-110.4211,190
44.9358,-74.8458,270
48.7939,-122.5372,20
32.7000,-117.2000,190
35.2100,-99.1200,180
34.7675,-114.6189,170
41.3275,-72.0494,160
47.2675,-122.5761,10
34.6525,-86.9453,290
25.9069,-80.2803,100
27.7839,-97.5108,150
30.6794,-88.2397,160
35.7425,-81.3819,330
40.5100,-101.6200,130
59.7494,-154.9089,130
33.4278,-112.0039,300
21.4500,-157.7833,50
47.2078,-119.3192,350
31.8311,-104.8089,80
35.9461,-112.1547,220
25.9989,-80.2411,80
34.2486,-82.1592,270
41.0089,-74.7367,220
39.4203,-83.8217,280
33.5656,-86.7450,260
47.1686,-88.4889,330
41.8833,-91.7167,190
41.7872,-111.8533,360
36.7367,-97.1019,160
34.6294,-118.0836,230
38.8169,-92.2183,190
41.5092,-74.2650,280
36.0167,-102.5500,210
30.7044,-87.0231,270
47.6831,-117.3214,230
41.7361,-72.6506,240
41.1519,-104.8061,200
42.7267,-114.4564,250
29.9800,-95.3600,150
29.7036,-98.0281,180
45.6044,-103.5464,310
28.1011,-80.6439,140
19.7356,-156.0489,180
34.0500,-94.4008,250
37.6928,-121.8144,270
37.1319,-76.4930,280
32.7100,-96.2672,260
38.9408,-77.4636,280
46.8706,-68.0172,160
34.2900,-93.0600,240
41.9856,-97.4353,140
40.2964,-78.3203,320
29.6222,-95.6564,180
38.8483,-77.0342,290
45.5464,-100.4078,160
36.4486,-103.1539,200
47.4733,-111.3822,20
28.0622,-81.7542,290
42.8153,-108.7261,240
45.6194,-121.1661,310
42.4272,-73.2892,280
44.0433,-103.0536,340
43.1644,-95.2017,150
39.0431,-84.6717,280
38.5039,-122.8103,170
45.5114,-118.4247,350
33.2208,-92.8142,160
41.5175,-81.6836,230
37.3592,-121.9239,290
33.9753,-117.6361,260
30.7406,-98.2353,180
40.0803,-95.5919,90
33.8750,-84.3022,20
39.9492,-74.8417,270
64.3267,-158.7417,70
34.3478,-85.1611,320
40.8097,-124.1603,260
39.1353,-96.6778,180
42.3075,-85.2511,290
21.1544,-157.0961,50
36.7725,-90.3247,200
41.7636,-96.1778,140
28.8208,-81.8097,240
43.1544,-93.3269,300
45.5406,-122.9486,290
39.6092,-110.7547,180
46.3583,-104.2500,260
70.2117,-151.0017,280
28.0836,-97.0464,130
40.5175,-122.2986,170
41.3714,-73.4828,310
30.7825,-83.2767,250
39.8447,-89.6839,180
38.5714,-90.1572,280
32.8342,-115.5786,110
42.5842,-70.9175,150
30.7797,-86.5225,150
32.6500,-114.6167,160
29.5442,-98.4839,180
45.4558,-98.4131,270
42.2314,-83.3308,270
34.6081,-79.0592,210
30.0494,-90.0289,310
40.1936,-76.7633,270
35.0564,-89.9864,280
36.9358,-121.7886,120
38.0408,-84.6058,270
40.8508,-96.7475,130
32.3542,-95.4025,180
42.9550,-87.9044,310
29.1097,-95.4619,170
48.4608,-119.5167,360
40.7781,-111.9694,190
55.5800,-133.0750,200
31.0425,-86.3117,210
62.9575,-155.6103,350
33.3000,-117.3500,190
44.7978,-68.8186,360
32.5500,-88.5667,240
45.6208,-122.6572,330
38.8000,-97.6500,160
47.0492,-109.4578,350
44.9047,-97.1494,160
55.2208,-162.7325,160
45.8258,-119.2611,40
34.5583,-98.4172,160
71.2833,-156.7814,230
31.1500,-92.9667,200
40.6239,-74.6694,310
48.6033,-112.3753,20
32.8192,-97.3614,220
42.3811,-122.8722,260
34.6439,-86.7861,260
60.5797,-151.2392,200
42.5417,-113.7661,260
32.7336,-117.1831,200
39.2231,-106.8683,220
47.7472,-90.3444,240
32.3500,-91.0278,270
30.3567,-95.4139,150
30.4119,-89.0808,30
42.4092,-83.0100,240
42.8783,-100.5500,180
34.4978,-82.7097,280
41.9144,-88.2464,240
42.5906,-117.8644,250
39.0725,-95.6261,160
33.8117,-78.7239,220
43.2119,-90.1814,290
38.9503,-95.6639,180
32.7667,-97.4500,240
60.7850,-148.8389,80
33.4825,-90.9853,250
42.5544,-92.4011,180
32.8978,-97.0189,170
31.8111,-106.3758,110
41.4525,-87.0058,310
27.9619,-82.5403,270
34.8994,-120.4486,300
41.4333,-99.6333,360
34.6517,-112.4208,220
31.2819,-89.2531,20
36.9500,-76.2833,230
36.1336,-80.2222,10
33.6300,-84.4417,220
39.3669,-101.7000,50
59.2433,-135.5094,60
44.7408,-85.5825,260
31.5356,-84.1944,330
