18.1747,-66.7978,29
40.7264,-122.7947,53
38.8586,-99.3358,285
43.8544,-116.4664,37
36.9969,-119.7072,48
40.7142,-122.4161,56
36.4711,-86.8414,114
42.9536,-112.8253,190
36.1056,-82.8436,58
42.9592,-120.7897,69
40.2842,-109.8611,92
37.3806,-107.5811,64
39.0303,-76.9314,85
40.6117,-122.5281,13
31.6164,-94.6431,18
34.1864,-90.5572,101
46.0436,-118.4628,43
43.8083,-111.7892,14
34.5822,-119.9817,77
40.1739,-101.0611,129
31.8769,-105.2369,116
42.1397,-87.7853,16
40.5764,-105.0858,24
36.4622,-116.8669,964
34.5697,-93.1947,27
30.8408,-89.5453,0
39.0172,-92.7558,106
37.5147,-122.0325,198
40.7833,-81.9167,74
32.8964,-107.3078,89
33.7542,-99.1442,266
35.1131,-89.2122,43
34.7281,-90.3683,98
30.7931,-94.1819,61
38.4917,-122.1242,53
47.7283,-104.1467,45
33.7092,-93.5564,0
45.9228,-108.2444,45
39.1172,-95.4097,190
46.8706,-68.0172,92
35.1297,-89.8036,63
39.2475,-96.5994,93
30.0689,-94.2928,113
40.2233,-86.1086,72
18.0331,-67.0722,10
40.1550,-103.1417,166
18.2583,-65.9922,6
35.6214,-88.8456,93
35.8819,-83.9572,42
64.8569,-147.8611,32
44.0622,-103.4819,32
38.4661,-101.7758,171
43.4033,-103.2683,47
35.7197,-86.9653,50
34.6033,-104.3811,127
34.9881,-120.3211,82
31.3706,-100.4942,224
26.8400,-81.0872,105
41.9342,-88.7756,48
33.4692,-88.7822,145
41.0267,-86.5867,34
42.1231,-111.3133,72
37.3822,-102.2986,154
36.3444,-88.8636,55
40.0892,-99.2133,116
35.4139,-86.8086,105
37.7617,-117.5658,208
38.9408,-95.3397,82
32.8242,-95.5275,137
43.5492,-71.4647,220
36.0147,-85.1314,58
44.1183,-121.2103,37
35.6872,-90.0964,114
30.2003,-92.6642,80
39.9614,-86.0586,39
35.7047,-101.5492,283
38.4931,-122.0047,43
42.3806,-96.9575,5
32.8522,-95.8864,158
45.6911,-118.8522,79
61.5664,-149.2542,63
32.2822,-106.7597,42
34.5989,-103.2161,238
35.2006,-103.6867,124
33.0642,-101.0489,161
41.4439,-86.9294,137
42.7467,-71.0425,8
33.1481,-95.6269,0
47.6811,-117.6267,87
34.1647,-88.7239,142
36.5508,-114.4581,130
33.1461,-107.1842,127
39.3925,-101.0689,167
44.8831,-85.6753,42
40.2539,-85.1483,154
26.5581,-99.1372,0
35.0489,-97.9158,254
25.8175,-80.2858,61
31.9497,-91.2336,16
34.0828,-106.8831,11
44.3089,-85.2050,63
38.0047,-120.4864,53
30.7053,-104.0233,64
32.4219,-93.6381,111
37.9931,-100.8122,89
46.7047,-92.5253,137
32.3378,-89.0817,90
46.7281,-116.9558,39
34.1381,-88.9983,140
45.4825,-120.7236,174
44.3253,-96.7686,124
32.9203,-94.7225,89
41.4903,-71.5431,122
