-42.5519,147.8753,10
-35.2281,149.1450,30
45.7883,-92.2325,384
-17.3436,145.9217,130
-32.1336,119.0261,178
-35.1087,138.6256,80
46.9589,-95.6472,71
-34.1567,148.6857,154
-34.5961,118.5519,312
38.0178,-108.0514,0
-30.3764,121.0633,80
43.6253,-84.0189,3
40.7042,-93.3697,318
-41.2514,146.3975,132
34.0661,-86.3069,203
42.3356,-73.2506,239
43.1922,-123.4689,0
-41.3567,146.1739,218
41.2633,-85.8678,279
45.4247,-97.3269,18
-23.6528,150.6453,170
32.8847,-80.6761,521
35.0317,-81.4928,617
34.2169,-80.2392,208
-33.5879,134.8859,4
40.1239,-102.7214,0
47.9189,-100.5447,320
-33.3956,117.0944,36
-17.2700,145.8997,30
32.8100,-93.0625,18
47.8711,-104.9006,272
41.8497,-91.6764,424
-32.6296,151.5919,88
33.1678,-96.0983,10
34.3347,-86.3294,650
37.5772,-93.9939,660
48.7603,-101.5089,318
45.4136,-97.9064,13
20.6486,-156.3983,64
56.3511,-133.6264,396
39.2242,-92.8483,290
-32.9297,119.8367,100
-34.0913,141.9102,74
-42.3958,147.3042,20
-33.4853,122.5867,148
41.4167,-83.8667,0
19.4917,-155.9117,114
