46.1281,-85.5697,3
-35.0367,116.9247,2
46.4908,-87.3550,3
21.5611,-158.2383,3
39.2219,-105.9936,3
31.2975,-85.8997,2
43.6483,-108.2036,2
46.7461,-87.8817,4
39.9000,-98.0256,3
-34.7314,140.5036,3
44.6253,-122.7189,4
61.6311,-149.8019,2
-33.1886,118.0836,2
-34.5961,118.5519,2
41.6444,-72.8167,3
35.9117,-92.6564,2
44.8919,-108.5928,2
-37.4155,144.5569,3
35.7781,-95.3339,2
18.1511,-66.9889,3
46.0044,-102.6472,3
33.6247,-94.8075,2
44.5564,-94.2208,3
39.5228,-79.4131,3
47.1414,-121.9356,3
-32.3322,151.4595,3
-33.7864,115.9814,2
33.6772,-93.9903,3
-17.3436,145.9217,3
36.5408,-85.4597,2
-33.9592,115.0642,3
-34.9617,117.3567,3
-34.4878,117.6278,2
45.1519,-85.1322,3
-28.9883,152.8806,3
-35.0203,137.6064,3
-22.3458,149.5356,3
32.7336,-96.3225,3
-28.6225,153.0036,3
21.3733,-157.7853,3
18.3375,-67.2497,4
37.5108,-86.2892,3
-26.8848,152.1006,2
-34.8883,118.0789,3
42.5836,-94.2006,2
46.6447,-88.4811,6
-42.3961,146.4897,3
40.0358,-107.9058,2
-33.9372,118.0075,3
-21.1011,149.1022,3
-29.5339,115.7628,2
41.1381,-87.8856,3
-28.9231,151.9306,3
-38.3291,143.0779,3
-37.7073,147.8314,3
20.8292,-156.9203,3
45.1278,-94.5347,3
40.2842,-109.8611,3
40.4506,-107.5894,3
43.1592,-74.2042,3
36.6728,-93.8578,4
21.1328,-157.2133,3
40.5447,-84.4375,3
-35.1890,138.8262,3
-29.8819,116.0233,2
44.6833,-124.0553,9
-33.9797,115.7656,3
-32.4947,118.2675,3
42.6469,-95.1933,3
33.7392,-88.1275,3
40.0567,-80.7283,3
-31.1842,118.1006,3
32.0111,-85.0900,3
36.2253,-90.0750,3
-33.6611,115.3456,3
-34.8883,118.3958,2
18.2539,-67.1486,2
36.4528,-89.3028,5
33.8997,-88.1325,3
-17.1347,145.4281,3
46.5831,-90.9678,2
-31.8140,116.3410,3
43.5594,-90.8761,2
44.7178,-93.0975,3
32.5183,-94.7189,3
45.4247,-97.3269,3
48.1953,-96.7775,3
40.3692,-105.2353,3
-31.3461,115.9031,9
41.7003,-71.5925,3
-28.0686,153.4241,3
18.1725,-66.9872,3
-35.4580,138.3500,3
21.5108,-157.8622,2
-27.7347,153.3275,3
41.9828,-114.6586,18
40.0892,-99.2133,2
45.3167,-118.0747,3
44.9356,-91.8886,3
42.6531,-96.8775,2
45.4350,-109.8081,2
21.5739,-158.0378,3
-38.3427,143.5848,3
43.5317,-75.9525,3
44.9733,-97.1494,2
39.8114,-99.9386,3
42.0772,-74.9828,3
45.1875,-113.9008,3
37.5339,-83.3492,3
43.2097,-75.6453,3
47.0092,-111.6739,2
34.8219,-89.4347,3
36.4375,-121.7092,3
44.9094,-72.8083,3
45.2236,-91.1269,3
37.2344,-82.3436,3
37.2597,-91.4278,2
34.7281,-90.3683,3
-30.9542,121.1656,3
-32.8183,117.1800,3
36.3661,-85.6553,3
34.0828,-106.8831,3
44.6831,-113.3622,3
39.5833,-120.3706,3
-31.6358,116.7961,3
38.1253,-82.6936,3
42.6922,-120.5403,3
43.0344,-76.1344,2
31.1681,-84.7664,3
-37.7869,145.2847,3
-29.8866,150.8951,3
18.3906,-66.0542,3
-37.3803,140.8379,3
35.3872,-76.7764,3
48.5119,-122.6136,3
35.7178,-89.4986,2
-26.7850,153.0686,2
46.4328,-109.8311,3
36.8483,-121.4214,3
47.1358,-122.2558,3
-17.2639,145.8536,3
44.4356,-121.9433,5
-34.9761,116.7328,3
28.4575,-97.7061,3
-32.4753,149.5151,3
21.1900,-156.9828,3
19.0614,-155.5842,3
44.5378,-90.5350,4
18.1731,-66.4928,3
-35.3077,148.0646,3
-37.8750,142.2895,3
34.5225,-119.6822,3
39.1506,-90.7847,3
-31.2642,151.5465,2
44.3931,-73.8589,3
-31.8622,116.2658,2
-38.1059,142.3216,2
39.6619,-99.1228,3
37.4389,-88.6678,3
37.6475,-96.0781,3
40.1167,-76.4333,4
35.4028,-119.4700,4
36.2067,-83.3325,2
39.0422,-108.4664,3
-31.3756,117.5853,2
-33.1336,115.8808,3
-28.7769,114.6050,3
45.5556,-90.9592,3
-34.7708,137.5952,3
-32.2199,150.9193,3
-33.8325,116.3894,3
45.6414,-85.0142,2
41.2514,-122.1383,3
-34.9423,138.7270,2
40.7928,-87.7556,2
39.7103,-88.4886,2
26.8639,-80.6256,4
19.6328,-155.0339,3
47.0731,-109.4017,3
45.3047,-93.5842,3
-33.3211,149.0828,3
-31.7317,115.7931,3
41.1453,-85.4897,2
44.8592,-94.0503,2
30.7342,-85.0306,3
-34.4417,116.9944,3
19.2036,-155.4858,3
-24.8303,143.9331,3
-33.8771,151.0577,3
40.8619,-75.6428,3
47.8092,-122.9136,3
-35.3266,149.0492,3
39.5703,-107.2267,4
-38.5198,143.7150,3
39.4031,-99.4192,3
19.5833,-155.4550,7
-37.8958,144.4387,3
41.5669,-96.4422,2
39.3667,-94.3294,3
-30.2204,151.6714,3
-32.6322,119.0958,2
-33.5167,116.8028,2
39.5108,-87.1242,3
46.7939,-105.3022,2
30.7394,-94.9256,3
19.7842,-155.0936,3
35.5406,-82.6531,3
-16.9283,145.7647,3
39.6250,-100.4233,3
-29.4421,151.8483,3
36.5994,-89.9894,2
43.4650,-113.5581,3
19.6158,-155.0839,3
45.4428,-91.0897,3
44.3078,-90.1314,3
41.8042,-123.3758,2
-37.8587,145.1847,3
-21.4267,149.2164,3
42.9694,-71.9528,3
-38.2358,145.0667,3
-33.3347,116.7425,3
-33.3142,117.7400,2
41.5889,-75.3303,3
35.9664,-93.4197,4
33.8097,-111.6497,3
33.9047,-87.3153,2
44.8611,-71.5400,3
-33.0269,116.8792,3
37.2669,-83.6500,2
-34.5712,150.7761,3
35.9647,-87.9639,3
44.7303,-92.4586,2
38.8183,-106.6086,4
43.2292,-121.7894,3
-27.5119,153.0450,3
18.3236,-64.8542,3
46.9589,-95.6472,3
-31.1936,117.0311,3
33.9825,-111.7139,3
-17.0692,145.7742,3
-32.7822,117.4992,2
-37.5720,145.5014,3
45.8811,-99.7983,2
-33.3600,116.1467,3
-36.1821,147.5515,3
-35.3019,147.9402,2
-34.0647,139.6605,3
40.9886,-94.7492,2
44.9214,-85.5161,3
19.5361,-155.5767,3
43.6125,-91.6222,3
-31.2994,116.8269,3
-37.8333,147.6206,4
43.5139,-112.0125,3
48.7714,-96.9406,3
-33.2036,138.6059,3
43.1750,-102.7458,2
46.3158,-113.3000,3
-29.8183,115.2722,2
41.5394,-75.9269,3
41.3997,-84.1119,3
-29.6953,151.6936,3
-34.2511,116.8767,2
-37.5872,140.3426,3
-27.5300,153.4194,4
-30.5006,115.0664,3
34.3703,-91.1242,3
39.1569,-93.8906,3
44.1719,-73.2472,3
-32.0063,151.9597,3
36.8047,-107.6214,3
-17.0928,145.7906,3
36.6139,-83.7897,3
38.9603,-104.7806,2
37.1244,-82.6339,4
46.8128,-100.9097,3
39.4506,-74.7469,3
41.8500,-74.0500,3
44.1708,-94.0386,3
43.8000,-74.8667,3
43.4869,-119.7211,3
-38.0339,141.9998,3
40.9361,-90.7197,3
-37.7110,142.8395,3
21.3153,-157.9992,3
-31.1153,117.7942,2
-26.6225,152.8656,2
31.3625,-85.3397,3
-34.6339,116.1236,2
35.2028,-85.9172,3
-37.9535,145.1655,2
-31.8689,116.0167,3
30.8714,-89.1214,2
-32.1303,116.0053,3
-33.9411,118.9200,2
35.0706,-108.8389,2
-41.9933,145.5725,7
46.0436,-118.4628,2
-32.8053,116.4711,3
39.1331,-94.0639,3
-28.2031,153.2719,4
41.1183,-75.7278,3
19.4175,-155.8806,2
20.6486,-156.3983,3
-38.0329,141.0183,2
-17.2700,145.8997,3
-33.3956,117.0944,2
44.8700,-88.9044,3
21.3278,-157.8236,2
-35.3497,138.6223,3
27.4272,-80.4053,3
43.9000,-75.0367,3
-33.3978,115.7536,2
-19.6667,147.4147,3
-34.7719,118.1317,2
-34.0717,118.2628,3
-34.2711,138.5468,3
21.4706,-157.8836,3
-26.8408,151.9806,3
46.3675,-124.0378,3
44.3022,-120.8081,4
44.0764,-116.9311,3
-30.7686,117.1361,2
-24.6294,151.9158,2
46.6539,-68.0089,3
43.9517,-111.6789,3
21.3389,-157.8581,3
-32.0632,150.9272,4
-24.8503,152.3994,3
43.2761,-75.1567,3
39.4717,-76.1697,2
47.4981,-101.3750,4
31.3917,-96.5656,2
41.6000,-122.8478,3
58.2989,-134.4111,3
43.7306,-111.1125,7
35.6672,-82.1236,3
31.1414,-87.0486,3
-18.6508,146.2047,4
-34.9769,116.7286,3
