38.5039,-122.8103,1
47.2856,-68.3133,1
34.6525,-86.9453,1
42.2706,-71.8731,1
36.2667,-93.1567,1
32.2997,-86.4075,1
37.2958,-81.2078,1
35.8517,-97.4142,1
40.7794,-73.8803,1
34.9894,-99.0525,1
40.2964,-78.3203,1
37.7836,-81.1231,1
48.6033,-112.3753,1
46.9733,-122.9033,1
46.4794,-84.3572,1
34.6439,-86.7861,1
37.5908,-83.3131,1
32.5156,-92.0406,1
34.5583,-98.4172,1
35.3331,-94.3625,1
33.4964,-90.0867,1
33.9786,-98.4928,1
33.1803,-96.5903,1
31.0425,-86.3117,1
32.7817,-98.0603,1
30.3489,-85.7881,1
36.7367,-97.1019,1
35.8311,-90.6464,1
39.4494,-74.5672,1
33.2208,-92.8142,1
34.7436,-118.7242,1
42.1997,-75.9850,1
34.5467,-93.5781,1
37.6703,-95.4842,1
34.3622,-98.9761,1
41.1583,-73.1289,1
34.8831,-82.2203,1
38.8853,-79.8528,1
36.3689,-92.4703,1
41.1389,-75.3794,1
34.0500,-94.4008,1
36.6239,-87.4194,1
31.2819,-89.2531,1
35.3889,-97.6006,1
35.5342,-97.6469,1
41.0669,-73.7075,1
35.6567,-95.3614,1
31.3347,-92.5586,1
55.0389,-131.5786,1
36.1625,-97.0894,1
40.7939,-73.1017,1
46.6056,-111.9636,1
39.2292,-106.3169,1
30.6794,-88.2397,1
36.8781,-91.9025,1
36.0097,-94.1694,1
47.9375,-124.5550,1
36.0394,-95.9844,1
32.7100,-96.2672,1
36.2833,-94.3000,1
35.5931,-88.9167,1
34.2719,-83.8303,1
36.7683,-96.0261,1
