33.4536,-94.0075,1
30.6794,-88.2397,1
35.2236,-80.9553,1
36.4486,-103.1539,1
30.3489,-85.7881,1
36.6239,-87.4194,1
34.9894,-99.0525,1
40.6386,-73.7622,1
30.1250,-93.2158,1
38.3650,-82.5550,1
35.2100,-99.1200,1
30.0375,-91.8839,1
47.2856,-68.3133,1
34.6439,-86.7861,1
40.1667,-103.2167,1
31.8311,-104.8089,1
44.3206,-69.7972,1
36.2967,-99.7689,1
30.2050,-91.9875,1
40.6825,-74.1694,1
32.3347,-88.7442,1
43.7331,-103.6114,1
33.4964,-90.0867,1
34.8831,-82.2203,1
33.9786,-98.4928,1
32.6847,-83.6528,1
33.3644,-81.9633,1
42.0572,-102.8000,1
34.1750,-91.9347,1
39.2292,-106.3169,1
41.7219,-71.4325,1
39.8328,-104.6575,1
32.3500,-91.0278,1
41.1389,-75.3794,1
40.7794,-73.8803,1
40.2769,-74.8158,1
41.1014,-102.9847,1
39.1894,-103.7158,1
31.0425,-86.3117,1
35.9508,-85.0814,1
32.5156,-92.0406,1
32.3206,-90.0778,1
34.3478,-85.1611,1
36.9647,-86.4239,1
32.3367,-90.2214,1
38.9408,-77.4636,1
43.6497,-70.3003,1
34.0500,-94.4008,1
37.5908,-83.3131,1
34.5467,-93.5781,1
31.1828,-90.4708,1
31.8456,-86.6108,1
41.0669,-73.7075,1
33.2208,-92.8142,1
71.2833,-156.7814,1
