18.1747,-66.7978,43
31.2022,-93.5725,69
40.7264,-122.7947,69
38.8586,-99.3358,18
28.0372,-97.8725,64
43.8544,-116.4664,74
36.9969,-119.7072,58
37.1503,-104.5567,56
37.2792,-86.2492,36
40.7142,-122.4161,76
33.8300,-88.5214,76
36.4711,-86.8414,56
35.9328,-88.7267,61
37.9050,-93.3169,33
33.6731,-111.1508,91
40.1100,-87.9567,97
47.0575,-109.9514,0
33.2564,-81.2422,86
44.6342,-123.1900,20
28.4675,-98.2525,64
36.1056,-82.8436,91
40.4750,-86.9919,76
42.9592,-120.7897,51
37.3806,-107.5811,43
32.7547,-104.3836,114
42.4492,-76.4492,58
39.0303,-76.9314,61
40.6117,-122.5281,56
31.6164,-94.6431,46
34.1864,-90.5572,74
34.5822,-119.9817,66
40.1739,-101.0611,25
34.7675,-106.7611,79
31.8769,-105.2369,0
42.1397,-87.7853,48
45.6750,-111.1550,13
40.5764,-105.0858,30
36.4622,-116.8669,114
34.5697,-93.1947,46
30.8408,-89.5453,76
39.0172,-92.7558,20
35.1867,-102.0797,0
28.6575,-96.5553,86
37.5147,-122.0325,56
40.7833,-81.9167,61
32.8964,-107.3078,124
33.7542,-99.1442,102
35.1131,-89.2122,56
42.8767,-77.0308,71
48.1375,-103.7372,36
39.2494,-106.3714,20
40.4719,-74.4364,56
30.7931,-94.1819,86
38.4917,-122.1242,30
47.7283,-104.1467,66
38.5039,-95.7036,66
37.0683,-88.7725,76
30.5467,-87.8808,66
33.7092,-93.5564,58
45.9228,-108.2444,38
39.1172,-95.4097,81
46.8706,-68.0172,58
42.0208,-93.7742,33
32.6406,-96.9747,64
35.1297,-89.8036,48
39.2475,-96.5994,10
30.0689,-94.2928,61
40.2233,-86.1086,61
44.9847,-93.1772,38
40.1550,-103.1417,33
18.2583,-65.9922,51
39.0744,-96.8983,13
35.6214,-88.8456,71
35.8819,-83.9572,51
44.0622,-103.4819,10
44.2394,-95.3153,25
38.4661,-101.7758,58
35.3886,-106.5439,104
37.7967,-121.5828,86
31.8611,-97.3750,36
26.2656,-97.8714,102
43.4033,-103.2683,20
36.2403,-106.4278,56
35.7197,-86.9653,48
34.9881,-120.3211,64
31.0372,-97.5283,86
31.3706,-100.4942,25
26.8400,-81.0872,79
41.9342,-88.7756,71
33.4692,-88.7822,69
28.7156,-97.1742,30
41.0267,-86.5867,66
42.1231,-111.3133,36
34.1419,-80.8700,71
37.3822,-102.2986,58
36.3444,-88.8636,56
40.0892,-99.2133,3
33.4258,-111.9217,69
41.2986,-80.7647,516
38.7978,-99.7231,51
35.6414,-106.3322,36
37.7617,-117.5658,76
39.3903,-94.5553,0
31.0619,-94.1011,3
35.1108,-81.9675,97
47.0022,-118.5658,86
32.8242,-95.5275,48
43.5492,-71.4647,333
36.0147,-85.1314,51
48.4983,-109.8014,3401
44.1183,-121.2103,38
32.2631,-96.6369,36
35.6872,-90.0964,74
30.2003,-92.6642,38
36.5575,-105.2628,805
40.8250,-92.8925,107
39.0936,-106.3514,25
38.5350,-121.7761,69
46.6722,-120.4994,69
48.7178,-122.5114,20
34.6603,-82.8236,61
36.5928,-106.7300,46
38.4931,-122.0047,48
38.0633,-102.9297,71
40.7131,-79.5144,58
34.1981,-101.7461,38
35.4072,-104.1906,432
32.8522,-95.8864,48
45.6911,-118.8522,61
61.5664,-149.2542,20
34.3961,-89.7903,30
35.1161,-93.6506,0
29.8608,-98.1958,137
38.6078,-97.9597,13
32.2822,-106.7597,102
34.5989,-103.2161,89
35.2006,-103.6867,86
33.0642,-101.0489,46
41.9928,-71.1667,18
41.4439,-86.9294,69
42.7467,-71.0425,43
33.1481,-95.6269,18
47.6811,-117.6267,91
34.1647,-88.7239,0
36.5508,-114.4581,84
33.1461,-107.1842,130
38.2597,-104.7169,41
39.3925,-101.0689,30
29.4608,-101.0286,64
44.8831,-85.6753,74
31.9633,-98.4942,25
40.2539,-85.1483,58
26.5581,-99.1372,28
35.0489,-97.9158,0
25.8175,-80.2858,74
31.9497,-91.2336,61
34.0828,-106.8831,1092
44.3089,-85.2050,53
38.0047,-120.4864,104
30.7053,-104.0233,94
36.6897,-108.3086,69
32.4219,-93.6381,51
37.9931,-100.8122,33
29.6211,-96.3661,36
33.3192,-95.6039,38
40.2458,-111.6508,48
32.3378,-89.0817,48
46.7281,-116.9558,51
34.1381,-88.9983,58
45.4825,-120.7236,56
44.3253,-96.7686,25
32.9203,-94.7225,84
30.3367,-96.5403,69
41.4903,-71.5431,51
