41.4439,-86.9294,94
45.9228,-108.2444,100
30.2003,-92.6642,211
42.1397,-87.7853,111
26.5581,-99.1372,233
32.2822,-106.7597,111
33.6731,-111.1508,161
43.5492,-71.4647,111
25.8175,-80.2858,239
36.6897,-108.3086,106
46.6722,-120.4994,150
42.9592,-120.7897,100
48.7178,-122.5114,122
40.0892,-99.2133,117
38.5350,-121.7761,144
29.4608,-101.0286,200
61.5664,-149.2542,89
40.7142,-122.4161,161
47.6811,-117.6267,139
34.0828,-106.8831,94
35.0489,-97.9158,156
35.6214,-88.8456,172
34.7675,-106.7611,67
33.7542,-99.1442,183
45.6911,-118.8522,128
46.8706,-68.0172,56
44.0622,-103.4819,67
46.7281,-116.9558,133
40.2458,-111.6508,128
40.2539,-85.1483,139
35.2006,-103.6867,144
26.8400,-81.0872,250
38.4917,-122.1242,106
38.8586,-99.3358,128
48.4983,-109.8014,100
37.0683,-88.7725,172
35.7197,-86.9653,150
36.5575,-105.2628,44
41.9342,-88.7756,106
40.4750,-86.9919,106
47.0022,-118.5658,144
38.4931,-122.0047,156
37.7967,-121.5828,139
44.1183,-121.2103,89
47.7283,-104.1467,100
37.9050,-93.3169,128
45.4825,-120.7236,89
40.2233,-86.1086,117
33.7092,-93.5564,167
38.0047,-120.4864,144
39.3925,-101.0689,122
35.4072,-104.1906,139
42.8767,-77.0308,56
37.3806,-107.5811,100
45.6750,-111.1550,89
43.8544,-116.4664,144
34.5822,-119.9817,128
36.5508,-114.4581,122
30.7053,-104.0233,78
40.6117,-122.5281,167
37.7617,-117.5658,111
40.7833,-81.9167,78
36.4711,-86.8414,83
42.7467,-71.0425,89
34.9881,-120.3211,117
42.1231,-111.3133,72
28.4675,-98.2525,222
34.5989,-103.2161,117
39.2494,-106.3714,6
36.4622,-116.8669,178
38.4661,-101.7758,128
40.1739,-101.0611,161
47.0575,-109.9514,67
39.1172,-95.4097,200
39.0303,-76.9314,156
