37.9931,-100.8122,150
44.8831,-85.6753,211
38.4558,-86.6983,222
47.0575,-109.9514,139
40.4719,-74.4364,161
40.1100,-87.9567,194
44.5208,-101.6192,133
32.5133,-92.3486,239
43.9794,-117.0247,189
44.4933,-68.4583,139
41.4439,-86.9294,206
40.2539,-85.1483,217
36.1306,-80.5481,233
40.8142,-85.1547,156
62.1925,-150.5033,94
41.8161,-80.4250,161
37.1244,-87.8672,128
37.1167,-84.6167,150
38.7386,-87.4878,217
46.3414,-86.9242,172
34.1419,-80.8700,244
36.7578,-90.4056,233
42.1397,-87.7853,194
38.4661,-101.7758,167
27.7792,-97.5056,261
47.6811,-117.6267,183
33.2564,-81.2422,222
41.1453,-85.4897,150
39.4708,-87.4081,217
45.0853,-67.1203,150
40.4750,-86.9919,150
32.7547,-104.3836,178
40.9361,-90.7197,183
33.8083,-79.8567,300
64.9156,-148.2711,28
28.8608,-97.0181,267
32.3500,-94.6500,272
44.9847,-93.1772,156
64.1539,-145.8894,83
38.7003,-82.4736,228
46.8706,-68.0172,133
37.1317,-86.1481,222
35.6042,-91.2744,211
42.7831,-71.4147,178
37.9311,-98.0297,161
34.1944,-79.2472,239
39.4833,-83.8500,256
37.8194,-85.3847,228
42.3806,-96.9575,156
32.9206,-86.6708,250
41.0267,-86.5867,178
40.0739,-87.5067,217
39.4700,-80.8572,206
35.6214,-88.8456,239
34.4719,-81.8839,222
42.2947,-83.7108,172
28.7156,-97.1742,256
38.8894,-86.5519,206
38.3139,-81.7186,189
32.2822,-106.7597,311
37.0683,-88.7725,194
40.2233,-86.1086,228
