18.1747,-66.7978,32
31.2022,-93.5725,179
40.7264,-122.7947,42
38.8586,-99.3358,203
43.8544,-116.4664,85
36.9969,-119.7072,19
40.7142,-122.4161,56
33.8300,-88.5214,79
36.4711,-86.8414,60
36.1056,-82.8436,69
42.9592,-120.7897,45
39.0303,-76.9314,50
40.6117,-122.5281,6
31.6164,-94.6431,61
34.1864,-90.5572,108
43.8083,-111.7892,61
34.5822,-119.9817,97
40.1739,-101.0611,161
31.8769,-105.2369,66
42.1397,-87.7853,21
40.5764,-105.0858,31
36.4622,-116.8669,1407
34.5697,-93.1947,51
30.8408,-89.5453,13
39.0172,-92.7558,90
37.5147,-122.0325,233
40.7833,-81.9167,43
32.8964,-107.3078,164
33.7542,-99.1442,282
35.1131,-89.2122,43
38.4917,-122.1242,37
47.7283,-104.1467,40
33.7092,-93.5564,0
45.9228,-108.2444,132
39.1172,-95.4097,216
46.8706,-68.0172,214
35.1297,-89.8036,40
39.2475,-96.5994,79
30.0689,-94.2928,238
40.2233,-86.1086,37
40.1550,-103.1417,175
18.2583,-65.9922,6
35.6214,-88.8456,87
35.8819,-83.9572,31
44.0622,-103.4819,66
38.4661,-101.7758,214
43.4033,-103.2683,47
35.7197,-86.9653,43
34.6033,-104.3811,158
34.9881,-120.3211,92
31.3706,-100.4942,235
26.8400,-81.0872,241
41.9342,-88.7756,72
33.4692,-88.7822,85
41.0267,-86.5867,29
42.1231,-111.3133,89
37.3822,-102.2986,278
36.3444,-88.8636,79
40.0892,-99.2133,68
38.7978,-99.7231,134
37.7617,-117.5658,336
38.9408,-95.3397,55
32.8242,-95.5275,188
43.5492,-71.4647,196
36.0147,-85.1314,71
44.1183,-121.2103,27
35.6872,-90.0964,129
30.2003,-92.6642,71
39.9614,-86.0586,19
46.6722,-120.4994,40
38.4931,-122.0047,47
42.3806,-96.9575,6
32.8522,-95.8864,151
45.6911,-118.8522,98
61.5664,-149.2542,66
32.2822,-106.7597,100
34.5989,-103.2161,174
35.2006,-103.6867,143
33.0642,-101.0489,277
41.4439,-86.9294,87
42.7467,-71.0425,35
33.1481,-95.6269,0
47.6811,-117.6267,79
34.1647,-88.7239,114
36.5508,-114.4581,45
33.1461,-107.1842,190
39.3925,-101.0689,187
44.8831,-85.6753,122
40.2539,-85.1483,39
26.5581,-99.1372,0
35.0489,-97.9158,167
25.8175,-80.2858,116
31.9497,-91.2336,31
34.0828,-106.8831,45
44.3089,-85.2050,98
38.0047,-120.4864,32
30.7053,-104.0233,105
36.6897,-108.3086,82
32.4219,-93.6381,183
37.9931,-100.8122,190
29.6211,-96.3661,122
32.3378,-89.0817,90
46.7281,-116.9558,47
34.1381,-88.9983,71
45.4825,-120.7236,267
44.3253,-96.7686,119
32.9203,-94.7225,187
41.4903,-71.5431,101
