39.3600,-106.0600,34
36.5100,-106.3200,8
40.8300,-111.7600,52
39.2900,-117.1100,38
40.3000,-111.2600,72
36.8600,-106.2300,29
36.3100,-115.6800,31
38.4000,-119.5400,46
39.4300,-120.3100,26
44.2100,-110.6700,64
36.0000,-106.8300,28
39.1900,-120.2600,96
43.8000,-114.8500,38
36.9600,-106.6600,25
36.1300,-105.5300,34
36.9900,-105.2600,71
35.7700,-105.7800,23
44.3800,-116.3400,36
36.0700,-105.6300,48
36.7200,-106.2600,37
43.7300,-113.8300,39
39.3100,-111.4300,76
39.8000,-106.0300,333
43.7600,-115.2400,57
36.0300,-106.8100,31
41.4000,-107.2600,28
40.5300,-106.7800,23
36.7900,-105.2400,49
35.3400,-111.6500,55
35.9200,-106.3900,32
43.7600,-116.1000,63
44.7900,-116.0900,85
36.1900,-105.5600,35
46.2400,-117.3900,74
48.7200,-116.4600,71
36.2500,-115.6300,39
