41.5944,-109.0528,1
40.1667,-103.2167,1
44.3814,-106.7211,1
39.5514,-97.6508,1
41.1014,-102.9847,1
35.3331,-94.3625,1
43.5164,-112.0672,1
42.5417,-113.7661,1
25.9156,-97.4186,1
34.4272,-100.2831,1
37.9272,-100.7247,1
42.9203,-112.5711,1
43.8339,-111.8045,1
46.3583,-104.2500,1
41.9856,-97.4353,1
38.8000,-97.6500,1
42.4819,-114.4869,1
37.7608,-99.9683,1
26.2281,-97.6542,1
41.1519,-104.8061,1
38.5050,-107.8975,1
47.4733,-111.3822,1
34.0500,-94.4008,1
43.3906,-99.8422,1
47.9742,-117.4283,1
39.1353,-96.6778,1
