31.4156,-87.0442,1536
42.6425,-77.0564,1602
42.1578,-72.7161,1836
38.8983,-119.9947,1511
40.2383,-75.5572,1624
41.6264,-80.2150,403
46.5486,-90.9189,1024
40.1203,-76.2944,1540
32.8167,-115.6833,1912
35.6875,-117.6931,2243
37.1681,-97.0369,1324
30.6264,-88.0681,1406
59.2433,-135.5094,1605
38.1417,-76.4292,1943
60.7850,-148.8389,7
62.1592,-145.4589,1634
34.7000,-77.3833,1241
37.3278,-95.5042,1218
35.0169,-80.6206,1445
28.4736,-82.4544,1531
7.3333,134.4833,1320
34.6719,-82.8864,1350
41.4525,-87.0058,13
42.1094,-77.9919,1404
59.4556,-135.3239,1443
59.7494,-154.9089,1640
47.9078,-122.2803,1843
7.4500,151.8333,1300
30.4636,-88.5319,1335
31.5883,-110.3442,2358
32.5500,-88.5667,1433
41.1961,-112.0114,1422
37.1319,-76.4930,2333
40.3300,-75.1225,1712
36.6950,-76.1356,1645
42.2228,-83.7444,48
41.2531,-70.0608,2236
17.7028,-64.8056,1359
56.6000,-169.5650,14
40.8764,-74.2831,1758
40.3547,-79.9217,834
35.6169,-106.0889,1400
34.8461,-82.3461,1300
41.3931,-70.6150,1318
41.3714,-73.4828,1504
9.4833,138.0833,922
39.6092,-110.7547,1453
33.4050,-118.4158,1601
29.5622,-91.5256,1622
70.2117,-151.0017,1242
34.2008,-119.2069,1253
41.9097,-70.7294,1039
61.2169,-149.8550,2320
41.3275,-72.0494,1916
37.7461,-97.2211,1353
41.9144,-88.2464,353
42.2333,-83.5333,56
39.7333,-77.4333,1542
42.4700,-71.2894,1323
42.6958,-73.1708,1913
43.1644,-95.2017,1510
39.3644,-84.5247,1622
48.7167,-94.6000,1431
34.1167,-119.1167,1258
41.0136,-83.6686,214
30.7044,-87.0231,1632
41.7781,-80.6958,326
42.8050,-72.0036,1716
35.5144,-108.7939,1351
38.8761,-98.8092,1521
18.2550,-65.6408,1159
42.4167,-87.8667,223
41.5097,-72.8278,1535
41.5175,-81.6836,315
40.6239,-74.6694,1308
35.8550,-77.8931,1350
41.0467,-78.4117,1701
45.8183,-88.1144,951
46.0261,-91.4442,1515
41.8678,-84.0794,42
43.3497,-76.3847,1524
39.3667,-75.0667,1726
40.8217,-72.8689,1248
32.7000,-117.2000,1657
46.4047,-94.1308,1355
41.3461,-82.1794,10
41.6686,-70.2800,2053
47.5303,-122.3008,400
47.7472,-90.3444,332
30.8356,-85.1839,1401
39.2775,-120.7103,1503
48.3500,-122.6667,23
61.5961,-149.0917,1949
30.0494,-90.0289,1728
38.4167,-113.0167,1400
35.0028,-105.6628,1623
47.4667,-87.8833,23
66.0689,-162.7639,2359
36.9500,-76.2833,1633
41.2003,-74.6231,1056
30.7167,-87.0167,1614
60.5797,-151.2392,1808
32.4833,-80.7167,1125
64.5500,-149.0717,827
47.2675,-122.5761,2012
34.2097,-118.4892,1249
27.5000,-97.8167,1451
44.3675,-71.5450,2047
42.5700,-72.2911,1223
41.7361,-72.6506,1431
38.5000,-77.3000,1856
42.9333,-71.4383,1623
40.7342,-73.4169,1242
48.1203,-123.4983,1804
62.3200,-150.0950,2229
39.4900,-121.6183,1343
70.1917,-148.4772,1302
42.6650,-83.4181,26
36.9839,-77.0075,1454
39.9369,-91.1919,743
40.8206,-76.8642,905
60.4889,-145.4511,1541
37.7064,-112.1456,1230
40.0781,-83.0781,850
31.0425,-86.3117,1609
45.6194,-121.1661,1658
42.4933,-79.2722,420
34.7917,-79.3661,1706
30.5069,-86.9597,1333
42.1908,-71.1736,1412
42.7172,-71.1239,1335
40.8436,-72.6322,1251
40.0681,-118.5692,1830
41.5333,-71.2833,1212
38.6956,-121.5897,1634
41.0375,-81.4642,1400
31.3928,-92.2956,1451
43.6264,-72.3047,1606
58.3567,-134.5639,941
36.7414,-104.5022,1409
36.8167,-76.0333,2355
42.5519,-71.7558,1309
18.4325,-66.0108,1547
67.7317,-164.5483,1532
43.1072,-78.9453,53
64.3267,-158.7417,1537
39.7556,-82.6572,1316
43.2781,-70.9222,954
37.0911,-95.5664,1241
66.9161,-151.5089,2040
41.2639,-72.8872,1849
6.9667,158.2167,756
30.3503,-81.8831,1115
36.3333,-119.9500,1559
18.3331,-64.9667,1400
34.9000,-76.8833,1419
42.4092,-83.0100,105
32.8667,-117.1333,1348
31.3558,-85.7511,1634
36.1336,-80.2222,1433
46.9006,-95.0678,1313
40.8500,-74.0614,1517
35.9403,-89.8308,1838
35.1350,-90.2344,920
38.3083,-75.1239,1949
31.6072,-110.4281,1857
32.7667,-97.4500,1730
47.1686,-88.4889,218
41.7861,-87.7522,457
28.0622,-81.7542,1649
41.0731,-71.9233,2023
34.9883,-117.8647,1600
39.4167,-118.7167,1231
30.3433,-89.8222,1322
37.7081,-77.4344,1551
34.9869,-81.0575,1347
41.7700,-88.4814,703
35.1967,-81.1558,1423
36.7436,-108.2292,1546
44.5761,-71.1786,1748
41.8756,-71.0211,1243
61.1689,-150.0278,1942
40.2172,-76.8514,1538
38.0653,-97.8606,1339
60.1283,-149.4167,1528
61.1781,-149.9664,2045
31.3089,-86.3939,1545
57.0481,-135.3647,17
39.9181,-76.8742,1548
41.3497,-71.7989,1936
43.2339,-75.4117,1426
41.5631,-83.4764,104
30.2333,-81.6667,1222
41.0669,-73.7075,1208
41.7419,-72.1836,1620
30.7797,-86.5225,1730
30.4000,-86.4717,1900
29.3331,-89.4075,1319
43.9636,-69.7117,1149
39.2956,-80.2289,1616
38.3000,-76.4167,1958
39.5936,-84.2264,621
42.1208,-87.9047,453
45.8258,-119.2611,121
35.9333,-79.0642,1419
63.9944,-145.7214,1920
41.5092,-74.2650,1326
27.9106,-82.6875,1819
42.2347,-85.5519,455
35.1822,-103.6031,1330
40.0819,-75.0111,1712
41.0089,-74.7367,1713
39.4203,-83.8217,1602
59.6419,-151.4908,1425
42.1594,-76.8919,1202
41.6764,-70.9583,1303
26.5361,-81.7550,1417
46.1442,-115.5964,1228
41.7872,-111.8533,58
42.5708,-77.7133,1400
38.7667,-104.3000,1844
30.4000,-81.4167,1652
38.9833,-76.4667,1751
31.3500,-85.6667,1631
42.6003,-123.3642,1755
62.9614,-141.9292,1845
38.9503,-95.6639,1454
41.6875,-69.9933,1355
59.4433,-151.7017,1454
47.4569,-115.6450,1502
45.4622,-69.5953,917
34.2486,-82.1592,22
31.9514,-85.1289,1611
47.2381,-123.1408,1703
55.5800,-133.0750,1235
40.8731,-81.8867,1228
24.5833,-81.6833,1302
47.4933,-122.2144,2052
35.6542,-105.1419,1132
31.1500,-92.9667,1423
64.7767,-141.1483,1323
27.6833,-97.2833,939
42.5842,-70.9175,1315
43.9906,-70.9475,2345
47.0339,-120.5303,816
55.3567,-131.7117,1314
40.6161,-83.0636,358
39.1033,-84.4189,1520
32.5428,-93.7450,1524
47.3864,-92.8389,1903
40.0228,-82.4625,1403
46.4167,-86.6500,352
48.5222,-123.0231,1442
31.4000,-93.2833,1226
