18.4325,-66.0108,1
43.6497,-70.3003,1
46.7708,-100.7603,1
27.6531,-80.2428,1
34.9894,-99.0525,1
26.1839,-98.2539,1
39.6728,-75.6008,1
40.3161,-78.8339,1
40.4719,-81.4236,1
39.2447,-102.2842,1
36.7725,-90.3247,1
42.1469,-121.7242,1
64.8039,-147.8761,1
33.2194,-117.3494,1
33.6267,-116.1594,1
32.6808,-96.8681,1
31.9206,-102.3867,1
32.5722,-116.9794,1
34.4272,-100.2831,1
33.8281,-116.5053,1
36.3689,-92.4703,1
43.1406,-89.3453,1
43.1953,-71.5011,1
37.7836,-81.1231,1
33.6883,-112.0817,1
33.9481,-83.3275,1
32.6500,-114.6167,1
48.5614,-93.3981,1
32.2997,-86.4075,1
31.3558,-85.7511,1
44.9050,-123.0011,1
34.1231,-84.8486,1
38.5050,-107.8975,1
35.8517,-97.4142,1
34.5183,-109.3792,1
28.0836,-97.0464,1
25.9069,-80.2803,1
38.3794,-81.5900,1
41.9922,-93.6217,1
34.8994,-120.4486,1
38.9286,-90.4281,1
39.1208,-94.5969,1
40.0972,-92.5433,1
33.2119,-87.6161,1
33.9753,-117.6361,1
42.9486,-78.7369,1
42.8914,-73.2469,1
31.3089,-86.3939,1
33.8750,-84.3022,1
43.9844,-88.5569,1
35.0281,-110.7208,1
29.6222,-95.6564,1
40.3667,-75.9667,1
46.4267,-105.8825,1
33.1783,-86.7817,1
41.7219,-71.4325,1
38.0442,-87.5206,1
39.9444,-81.8922,1
62.9575,-155.6103,1
34.5583,-98.4172,1
41.0669,-73.7075,1
26.1658,-97.3458,1
40.6825,-74.1694,1
36.7367,-97.1019,1
40.9706,-85.2064,1
32.8158,-117.1394,1
42.9667,-83.7494,1
41.1583,-73.1289,1
40.7794,-73.8803,1
38.0700,-102.6881,1
33.6542,-101.8136,1
33.1281,-117.2794,1
38.7042,-93.1833,1
60.7850,-161.8292,1
36.2967,-99.7689,1
40.7833,-91.1253,1
37.5050,-77.3203,1
29.9506,-94.0206,1
35.5342,-97.6469,1
31.9433,-102.1889,1
32.8667,-117.1333,1
38.7667,-104.3000,1
31.5356,-84.1944,1
40.6044,-98.4272,1
32.0311,-96.3989,1
27.9619,-82.5403,1
41.1389,-75.3794,1
31.2361,-94.7544,1
33.3633,-84.5658,1
32.3336,-104.2581,1
38.5039,-122.8103,1
31.8311,-104.8089,1
40.9167,-81.4333,1
37.7214,-122.2208,1
31.6189,-97.2283,1
33.4536,-94.0075,1
