41.1736,-85.0672,6
44.3539,-75.5122,2
34.2169,-80.2392,2
20.2039,-155.7350,2
44.5767,-106.9061,4
36.7100,-105.4164,2
42.2472,-78.8125,2
-37.8586,145.6532,2
-42.3367,146.7475,2
47.5711,-124.2922,7
46.1358,-123.8783,3
44.8611,-71.5400,2
35.8214,-81.1919,3
-42.9264,147.5203,8
-42.0692,148.0678,2
34.0661,-86.3069,3
37.5442,-77.2758,3
-41.6706,146.7278,2
34.6014,-82.4336,3
47.8611,-123.9319,4
-15.3482,130.2763,3
38.9239,-122.5672,3
-27.3636,116.4261,2
-42.9142,147.2739,3
36.2994,-103.7408,2
38.9886,-85.5858,2
-25.0294,115.8628,4
38.1792,-84.8992,2
36.6669,-107.9603,4
34.3850,-94.8981,8
26.7458,-81.4264,2
34.8511,-99.0208,2
-32.0486,115.9839,2
