47.2753,-88.4169,9
34.2183,-116.4072,76
39.1439,-103.4897,76
40.5764,-105.0858,116
30.5347,-94.4456,58
39.7750,-105.1169,116
34.1206,-115.8500,45
45.0961,-112.0856,174
35.0761,-89.7430,76
40.8600,-102.8031,152
47.8344,-120.0006,89
40.6558,-97.2208,76
45.4525,-99.3358,98
45.2925,-111.9481,192
40.9656,-105.2186,161
47.6497,-120.0800,112
37.1317,-86.1481,112
35.1375,-77.9892,116
42.3997,-89.9903,76
45.6656,-97.0392,161
48.0750,-111.2597,85
47.2919,-88.4208,54
46.2314,-112.1136,134
40.1100,-87.9567,89
41.0103,-103.8769,174
61.1025,-149.7169,63
34.6242,-106.3103,130
44.4933,-68.4583,125
39.3903,-94.5553,103
39.7194,-76.8028,152
39.0733,-93.7075,112
39.8814,-77.3506,116
47.8306,-110.6608,85
48.9981,-110.2158,148
41.7392,-77.9711,67
61.2967,-149.4400,63
47.0083,-88.4317,80
47.0111,-109.2261,49
39.4206,-79.0050,103
35.5953,-82.5567,148
38.5039,-95.7036,85
61.5889,-149.0992,36
34.7994,-109.8850,161
