36.2606,-76.1750,1
29.9506,-94.0206,1
47.9375,-124.5550,1
44.4169,-71.5008,1
42.2706,-71.8731,1
34.0500,-94.4008,1
56.8056,-132.9372,1
44.2667,-71.2994,1
48.5428,-109.7633,1
37.6183,-79.4358,1
48.2553,-101.2733,1
26.1658,-97.3458,1
34.8994,-120.4486,1
46.3583,-104.2500,1
34.9914,-78.8803,1
38.8853,-79.8528,1
35.4319,-82.5375,1
29.1097,-95.4619,1
34.2167,-119.0833,1
45.6906,-118.8528,1
36.6636,-121.6081,1
42.3606,-71.0106,1
30.1250,-93.2158,1
48.1739,-103.6367,1
48.9514,-115.6267,1
41.7803,-124.2367,1
42.8633,-70.8997,1
41.8031,-78.6403,1
43.3500,-73.6167,1
34.0511,-118.2353,1
33.8342,-118.3758,1
41.2544,-80.6739,1
34.6081,-79.0592,1
38.6856,-90.5231,1
66.8667,-162.6333,1
33.8117,-118.1464,1
47.6831,-117.3214,1
37.9406,-75.4631,1
47.4825,-100.4444,1
46.7708,-100.7603,1
47.0492,-109.4578,1
43.6478,-70.6750,1
43.1953,-71.5011,1
55.0389,-131.5786,1
38.7042,-93.1833,1
19.7192,-155.0531,1
55.3567,-131.7117,1
48.0944,-105.5744,1
36.5881,-121.8453,1
43.1167,-77.6767,1
36.8781,-91.9025,1
41.1311,-77.4336,1
41.6267,-71.2092,1
42.2269,-70.9125,1
43.6497,-70.3003,1
25.9156,-97.4186,1
40.3161,-78.8339,1
41.7219,-71.4325,1
33.9381,-118.3889,1
32.5722,-116.9794,1
46.9733,-122.9033,1
42.8914,-73.2469,1
32.7336,-117.1831,1
41.1583,-73.1289,1
44.3853,-74.2067,1
44.6500,-73.4667,1
58.4003,-134.5694,1
46.9258,-98.6692,1
32.3347,-88.7442,1
42.7392,-78.5878,1
21.3239,-157.9294,1
34.3622,-98.9761,1
46.0947,-118.2869,1
34.0158,-118.4514,1
33.2194,-117.3494,1
34.5583,-98.4172,1
44.3814,-100.2856,1
42.2122,-71.1136,1
33.8117,-78.7239,1
33.1281,-117.2794,1
35.6697,-120.6283,1
35.2372,-120.6414,1
57.1553,-170.2222,1
45.5114,-118.4247,1
45.5464,-100.4078,1
45.7728,-122.8611,1
41.4333,-99.6333,1
33.6800,-117.8664,1
46.7439,-117.1086,1
47.9742,-117.4283,1
42.9486,-78.7369,1
37.6928,-121.8144,1
48.8411,-99.7508,1
40.1100,-87.9567,1
36.7725,-90.3247,1
39.3450,-81.4392,1
39.6428,-79.9164,1
59.5119,-139.6711,1
47.6217,-117.5281,1
35.8311,-90.6464,1
57.7511,-152.4856,1
32.8158,-117.1394,1
37.5658,-76.8000,1
38.2103,-122.2847,1
38.3406,-75.5103,1
41.9381,-72.6825,1
46.4581,-101.2000,1
35.5453,-82.6986,1
38.5039,-122.8103,1
39.7194,-76.8028,1
46.4267,-105.8825,1
55.5800,-133.0750,1
36.9358,-121.7886,1
41.3286,-88.7533,1
40.7939,-73.1017,1
37.9572,-91.7758,1
41.0669,-73.7075,1
48.3042,-114.2636,1
40.8203,-82.5178,1
40.1936,-76.7633,1
71.2833,-156.7814,1
42.4272,-73.2892,1
15.1167,145.7167,1
42.1608,-71.2461,1
46.1569,-123.8825,1
33.3064,-92.4833,1
43.1561,-90.6775,1
58.4111,-135.7089,1
48.2138,-106.6213,1
40.9781,-124.1086,1
