37.9931,-100.8122,206
39.6619,-99.1228,206
34.7675,-106.7611,206
36.8047,-107.6214,139
43.8083,-111.7892,128
36.5575,-105.2628,139
36.4711,-86.8414,217
45.6750,-111.1550,156
30.2003,-92.6642,233
34.5989,-103.2161,194
48.4983,-109.8014,122
43.0431,-96.9033,156
39.0303,-76.9314,200
40.0892,-99.2133,211
39.8114,-99.9386,189
38.7978,-99.7231,206
46.7281,-116.9558,161
35.0489,-97.9158,233
28.4675,-98.2525,239
30.7053,-104.0233,172
40.4750,-86.9919,167
35.4072,-104.1906,217
42.7467,-71.0425,161
39.1172,-95.4097,256
37.3806,-107.5811,178
25.8175,-80.2858,267
37.9050,-93.3169,194
43.8544,-116.4664,183
35.2006,-103.6867,239
46.8706,-68.0172,172
61.5664,-149.2542,111
40.2539,-85.1483,200
48.7178,-122.5114,167
33.7092,-93.5564,167
29.4608,-101.0286,250
40.6117,-122.5281,250
40.7833,-81.9167,156
37.6967,-93.7722,222
42.9536,-112.8253,144
42.9592,-120.7897,167
36.5508,-114.4581,217
37.7617,-117.5658,172
46.0436,-118.4628,194
33.6731,-111.1508,250
45.6911,-118.8522,183
38.0047,-120.4864,194
34.5822,-119.9817,172
40.2233,-86.1086,194
35.7047,-101.5492,194
35.7197,-86.9653,222
64.8569,-147.8611,133
42.1397,-87.7853,194
44.0622,-103.4819,133
41.4439,-86.9294,178
33.7542,-99.1442,244
42.3806,-96.9575,150
37.7967,-121.5828,161
47.0022,-118.5658,156
38.8586,-99.3358,222
26.8400,-81.0872,211
39.2494,-106.3714,83
40.1739,-101.0611,200
40.1167,-76.4333,183
38.5350,-121.7761,172
38.4917,-122.1242,178
38.4931,-122.0047,172
47.0575,-109.9514,111
45.9228,-108.2444,139
38.6450,-95.5661,317
36.6897,-108.3086,183
47.6811,-117.6267,150
34.9881,-120.3211,167
40.2458,-111.6508,206
47.7283,-104.1467,133
44.7764,-108.7592,122
39.0422,-108.4664,183
26.5581,-99.1372,250
41.9342,-88.7756,150
42.1231,-111.3133,150
40.2842,-109.8611,211
40.7142,-122.4161,228
36.4622,-116.8669,250
37.0683,-88.7725,211
39.4031,-99.4192,194
42.8767,-77.0308,167
32.2822,-106.7597,228
35.6214,-88.8456,228
43.5492,-71.4647,167
39.3925,-101.0689,217
45.4825,-120.7236,178
35.4139,-86.8086,228
44.1183,-121.2103,150
38.4661,-101.7758,178
