40.1100,-87.9567,222
42.3806,-96.9575,239
36.1306,-80.5481,278
39.4700,-80.8572,256
34.1944,-79.2472,283
38.8894,-86.5519,244
40.8142,-85.1547,211
43.9794,-117.0247,228
42.7831,-71.4147,244
42.2947,-83.7108,217
37.0683,-88.7725,256
34.6603,-82.8236,283
40.4750,-86.9919,217
32.7547,-104.3836,250
47.0575,-109.9514,228
40.4719,-74.4364,222
38.7386,-87.4878,261
42.1397,-87.7853,244
36.7578,-90.4056,267
32.3500,-94.6500,317
40.9361,-90.7197,250
28.4575,-97.7061,328
33.7775,-81.8467,278
40.7928,-87.7556,222
27.7792,-97.5056,272
40.2539,-85.1483,272
34.4719,-81.8839,250
62.1925,-150.5033,194
32.2822,-106.7597,389
45.0853,-67.1203,250
38.4558,-86.6983,250
36.5914,-101.6181,322
33.2564,-81.2422,250
38.3139,-81.7186,222
34.7289,-80.0389,306
40.2233,-86.1086,272
32.9206,-86.6708,272
37.9311,-98.0297,250
37.1317,-86.1481,256
38.4661,-101.7758,289
40.0739,-87.5067,261
37.8194,-85.3847,272
44.5208,-101.6192,167
37.1244,-87.8672,233
46.3414,-86.9242,222
44.8831,-85.6753,267
64.9156,-148.2711,78
46.8706,-68.0172,228
38.5200,-89.8467,250
47.6811,-117.6267,233
35.6042,-91.2744,267
41.0267,-86.5867,217
32.5133,-92.3486,306
33.8083,-79.8567,300
28.7156,-97.1742,278
34.1419,-80.8700,267
64.1539,-145.8894,178
41.1453,-85.4897,206
34.2183,-81.0731,289
37.1167,-84.6167,222
41.8161,-80.4250,222
39.4833,-83.8500,233
44.9847,-93.1772,244
35.6214,-88.8456,272
37.9931,-100.8122,289
44.4933,-68.4583,222
41.4439,-86.9294,267
38.7003,-82.4736,272
