37.1681,-97.0369,139
31.1522,-81.3908,67
66.9161,-151.5089,63
37.3711,-118.3581,107
41.5333,-71.2833,58
32.5722,-116.9794,58
36.2606,-76.1750,81
38.1386,-78.4530,63
42.2706,-71.8731,58
39.8683,-75.2311,63
33.4050,-118.4158,63
39.6014,-116.0056,94
31.5883,-110.3442,139
26.1969,-80.1708,76
32.8192,-97.3614,116
45.6308,-89.4653,54
46.9733,-122.9033,67
60.5797,-151.2392,54
25.9989,-80.2411,103
44.3981,-98.2231,112
45.8183,-88.1144,125
40.7083,-84.0267,63
40.0972,-92.5433,89
48.7167,-94.6000,107
36.9261,-111.4478,89
32.9733,-97.3181,107
32.2622,-107.7206,103
36.8167,-76.0333,107
41.6686,-70.2800,76
36.6206,-116.0278,130
35.6169,-106.0889,94
27.6531,-80.2428,130
32.7800,-79.9319,63
33.6186,-114.7142,72
35.1822,-103.6031,143
35.1350,-90.2344,76
64.3267,-158.7417,76
30.7797,-86.5225,54
43.9658,-107.9508,54
40.0819,-75.0111,67
30.4781,-87.1869,54
33.9486,-81.1186,45
38.7667,-104.3000,107
38.3775,-121.9575,81
45.0619,-93.3508,103
37.7608,-99.9683,130
32.8978,-97.0189,130
41.2544,-80.6739,58
36.2967,-99.7689,125
29.1828,-81.0483,94
46.5486,-90.9189,81
43.5331,-84.0797,76
39.4519,-87.3089,89
36.9358,-121.7886,63
36.3333,-119.9500,103
30.6264,-88.0681,54
34.7000,-77.3833,76
45.8069,-108.5422,72
42.2667,-84.4667,63
36.9033,-76.1922,89
56.6000,-169.5650,174
39.1342,-108.5400,134
44.8831,-93.2289,112
36.9647,-86.4239,72
42.7267,-114.4564,72
35.0419,-106.6156,157
43.9906,-70.9475,45
41.3714,-73.4828,63
47.2856,-68.3133,54
37.7461,-97.2211,157
45.6478,-68.6925,36
66.8667,-162.6333,107
44.3206,-69.7972,45
39.8447,-89.6839,76
32.8342,-115.5786,72
32.8519,-96.8556,125
41.5092,-74.2650,40
55.0389,-131.5786,58
40.0489,-107.8853,81
26.5850,-81.8614,112
37.6197,-122.3647,98
35.6542,-105.1419,98
33.2208,-92.8142,72
41.6328,-91.5431,98
35.2372,-120.6414,94
39.9492,-74.8417,45
40.8097,-124.1603,40
30.3208,-97.7603,72
40.2769,-74.8158,72
45.2486,-122.7686,58
21.3167,-158.0667,63
42.0572,-102.8000,98
29.1097,-95.4619,89
34.2622,-88.7714,54
19.7192,-155.0531,81
39.6728,-75.6008,72
47.6831,-117.3214,58
33.8281,-116.5053,89
40.4719,-81.4236,63
38.8169,-92.2183,125
38.7642,-87.6056,76
43.3906,-99.8422,107
39.3644,-84.5247,54
48.2553,-101.2733,63
41.0375,-81.4642,58
18.3331,-64.9667,94
41.2531,-70.0608,81
32.5500,-88.5667,45
41.8706,-103.5931,72
31.2361,-94.7544,76
34.9914,-78.8803,76
42.7431,-73.8092,67
42.5906,-117.8644,89
46.9208,-114.0925,89
60.1283,-149.4167,103
32.2997,-86.4075,54
59.4556,-135.3239,103
43.4133,-124.2436,63
40.3161,-78.8339,58
33.5656,-86.7450,58
43.4075,-94.7461,125
-14.3306,-170.7136,77
40.4122,-86.9369,58
43.0206,-102.5183,76
39.9914,-82.8808,63
20.8997,-156.4286,130
39.7333,-77.4333,36
31.7800,-103.2017,139
39.7556,-82.6572,58
44.3853,-74.2067,63
48.0944,-105.5744,40
36.6950,-76.1356,63
46.4167,-86.6500,103
43.3500,-73.6167,58
34.6517,-112.4208,107
29.6222,-95.6564,98
33.3633,-84.5658,54
42.7803,-84.5789,76
38.6892,-75.3592,112
42.3606,-71.0106,67
29.6381,-95.2819,76
36.9839,-77.0075,45
32.8158,-117.1394,54
34.3622,-98.9761,116
38.1417,-76.4292,103
32.3206,-90.0778,58
34.2675,-77.8997,76
33.8117,-118.1464,58
33.1803,-96.5903,125
32.3347,-88.7442,63
34.8994,-120.4486,89
39.5514,-97.6508,116
42.4092,-83.0100,58
41.9950,-87.9336,116
39.1033,-84.4189,54
42.4819,-114.4869,67
35.6697,-120.6283,98
28.7247,-96.2536,94
40.8500,-74.0614,63
38.0653,-97.8606,107
44.8428,-117.8086,67
44.5169,-108.0822,89
38.0408,-84.6058,58
37.9272,-100.7247,139
57.7511,-152.4856,81
37.2353,-93.4003,94
29.6333,-83.1053,63
39.0083,-95.2117,103
44.9258,-89.6256,76
35.6875,-117.6931,103
32.3847,-94.7117,94
30.8356,-85.1839,58
30.5372,-91.1469,58
34.8831,-82.2203,63
34.1750,-91.9347,72
40.1936,-76.7633,63
45.5433,-94.0514,98
40.7781,-111.9694,134
28.1011,-80.6439,116
46.1236,-67.7928,36
30.7044,-87.0231,45
37.6703,-95.4842,107
35.0028,-105.6628,107
47.9742,-117.4283,81
59.2433,-135.5094,72
28.4567,-99.2183,112
29.9933,-90.2511,67
27.7411,-98.0247,116
42.5700,-72.2911,58
43.7700,-88.4864,98
46.4267,-105.8825,63
44.4983,-88.1111,76
44.1278,-123.2206,94
36.1336,-80.2222,107
42.1928,-89.0931,94
38.2103,-122.2847,98
33.9706,-80.9958,54
39.4494,-74.5672,72
28.0836,-97.0464,94
48.7939,-122.5372,72
47.3078,-119.5153,98
41.7419,-72.1836,58
41.6267,-73.8842,45
33.1783,-86.7817,45
40.0681,-118.5692,174
48.5428,-109.7633,63
43.5950,-118.9564,45
43.5164,-112.0672,76
35.9461,-112.1547,76
41.1078,-92.4467,139
17.7028,-64.8056,107
35.2578,-113.9331,130
36.0097,-94.1694,98
35.5144,-108.7939,89
34.6525,-86.9453,54
39.7736,-94.9233,103
31.3089,-86.3939,58
39.8250,-86.2958,63
33.9753,-117.6361,81
32.3367,-90.2214,63
38.2281,-85.6636,58
36.3689,-92.4703,63
37.3278,-95.5042,89
33.1281,-117.2794,58
47.9375,-124.5550,63
45.4558,-98.4131,94
33.6300,-84.4417,63
30.4119,-89.0808,54
34.6081,-79.0592,67
39.3792,-74.4242,49
30.1831,-97.6800,107
43.3436,-72.5178,58
31.4156,-87.0442,36
47.2078,-119.3192,63
28.8208,-81.8097,94
34.2097,-118.4892,63
42.5544,-92.4011,116
42.8914,-73.2469,40
37.3031,-108.6275,112
41.5944,-109.0528,130
55.3567,-131.7117,76
37.6542,-122.1150,76
35.8517,-97.4142,98
33.2367,-107.2681,112
44.7408,-85.5825,98
48.5614,-93.3981,94
39.9444,-81.8922,58
44.0511,-101.6011,67
45.7728,-122.8611,72
48.1203,-123.4983,76
37.2253,-89.5706,89
36.4486,-103.1539,130
35.2100,-99.1200,125
39.7078,-77.7297,81
21.3239,-157.9294,94
41.2731,-111.0306,103
42.8375,-103.0953,72
41.3325,-122.3328,27
41.6236,-98.9517,107
44.9358,-74.8458,58
25.6475,-80.4331,103
40.8731,-81.8867,58
30.7406,-98.2353,103
42.0800,-80.1825,63
45.9647,-112.5006,81
43.2339,-75.4117,63
38.7550,-109.7542,107
40.8436,-72.6322,54
29.3783,-100.9269,94
39.1894,-103.7158,94
41.8678,-84.0794,63
38.8000,-97.6500,134
34.0500,-94.4008,67
40.7789,-73.9692,54
30.9119,-102.9167,116
44.3592,-89.8369,72
37.9917,-122.0550,81
37.7214,-122.2208,81
47.7472,-90.3444,45
38.2900,-104.4983,107
21.1544,-157.0961,103
34.8822,-95.7831,76
39.5703,-104.8489,67
44.5344,-72.6144,31
34.3478,-85.1611,58
45.0319,-102.0192,67
41.1519,-104.8061,72
41.5886,-83.8014,63
39.4203,-83.8217,58
28.4339,-81.3250,103
42.2228,-83.7444,58
44.3592,-84.6739,81
45.6208,-122.6572,58
36.2667,-93.1567,72
40.8217,-72.8689,63
45.6044,-103.5464,89
39.4019,-77.9844,67
27.5333,-99.4667,116
32.6847,-83.6528,58
26.2500,-80.1083,98
33.6361,-91.7556,67
35.9508,-85.0814,54
34.9883,-117.8647,112
40.6508,-75.4492,63
44.0433,-103.0536,76
62.1592,-145.4589,112
58.6794,-156.6294,112
35.8922,-78.7819,76
47.4667,-87.8833,98
34.6439,-86.7861,54
46.8706,-68.0172,63
42.1244,-86.4267,72
34.7442,-87.5997,67
61.1781,-149.9664,98
34.2486,-82.1592,63
41.3375,-84.4289,63
42.5519,-71.7558,54
48.3500,-122.6667,67
29.3600,-99.1742,103
33.4617,-80.8581,54
38.9286,-90.4281,89
39.4900,-121.6183,67
36.5881,-121.8453,63
27.5000,-97.8167,125
48.4608,-119.5167,63
45.5908,-122.6003,67
40.0781,-83.0781,67
42.7461,-86.0967,89
8.7333,167.7333,94
46.7439,-117.1086,58
40.0397,-88.2778,72
41.7781,-80.6958,54
33.8719,-117.9789,54
35.1442,-111.6664,94
31.3500,-85.6667,45
32.8986,-80.0403,58
38.6956,-121.5897,76
46.9253,-96.8111,116
31.1828,-90.4708,54
38.5050,-107.8975,67
32.7100,-96.2672,107
36.7414,-104.5022,89
59.6419,-151.4908,72
32.4506,-93.8411,81
37.7081,-77.4344,107
29.6919,-82.2756,72
64.5111,-165.4400,98
41.1783,-78.8989,54
67.7317,-164.5483,72
42.9203,-112.5711,89
42.1997,-75.9850,58
44.3394,-105.5419,63
26.1658,-97.3458,116
42.3914,-96.3792,112
44.3814,-106.7211,54
33.7792,-84.5214,72
32.7336,-117.1831,63
46.4047,-94.1308,98
26.1522,-81.7753,130
32.3500,-91.0278,58
30.2050,-91.9875,67
42.2347,-85.5519,76
34.7336,-76.6606,81
41.2433,-76.9217,63
30.0481,-102.2131,130
48.1739,-103.6367,67
24.5833,-81.6833,94
70.2117,-151.0017,94
42.6003,-123.3642,54
32.3542,-95.4025,103
30.5108,-99.7664,103
48.5222,-123.0231,63
29.3389,-98.4719,103
39.3450,-81.4392,58
42.7972,-105.3856,63
33.4964,-90.0867,67
43.1644,-95.2017,134
26.2281,-97.6542,125
36.2833,-94.3000,89
36.2117,-115.1958,139
35.9333,-79.0642,72
46.4794,-84.3572,67
61.5961,-149.0917,112
40.4953,-107.5211,81
45.8678,-95.3942,107
38.3406,-75.5103,107
38.3650,-82.5550,63
34.8461,-82.3461,67
42.4700,-71.2894,63
39.7075,-86.2803,76
31.4000,-93.2833,54
47.3864,-92.8389,94
41.7861,-87.7522,103
39.0725,-95.6261,134
40.8206,-76.8642,58
38.0511,-117.0903,170
35.5931,-88.9167,67
43.9636,-69.7117,54
43.8339,-111.8045,67
39.1208,-94.5969,107
37.4058,-122.0481,103
40.9017,-117.8081,94
33.4669,-82.0386,63
40.6331,-93.9019,81
32.8167,-115.6833,67
40.2964,-78.3203,54
47.0339,-120.5303,116
41.0136,-83.6686,58
6.9667,158.2167,36
35.4319,-82.5375,67
37.3208,-79.2067,107
45.5511,-122.4089,45
43.6497,-70.3003,67
37.2839,-98.5528,165
41.7361,-72.6506,67
37.6928,-121.8144,81
33.4278,-112.0039,98
36.1189,-86.6892,67
41.6264,-80.2150,45
45.8258,-119.2611,76
40.1667,-103.2167,107
38.1847,-84.9033,58
38.5714,-90.1572,103
36.7725,-90.3247,76
31.3711,-100.4922,94
44.1708,-114.9272,67
42.3075,-85.2511,76
33.3075,-104.5083,179
44.9050,-123.0011,67
35.9403,-89.8308,81
41.4333,-99.6333,112
40.8203,-82.5178,63
41.7219,-71.4325,67
44.0206,-117.0128,54
33.5872,-85.8556,63
42.2333,-83.5333,63
42.6650,-83.4181,58
29.9506,-94.0206,81
42.5842,-70.9175,58
36.0236,-84.2375,45
33.6542,-101.8136,143
55.2208,-162.7325,139
36.9500,-76.2833,81
36.4731,-82.4044,67
42.9333,-71.4383,54
29.3331,-89.4075,45
33.9786,-98.4928,103
43.2781,-70.9222,45
43.1711,-86.2367,94
60.4889,-145.4511,58
42.3811,-122.8722,89
34.4258,-119.8425,54
47.4569,-115.6450,67
41.1961,-112.0114,94
45.6689,-96.9914,112
41.8056,-107.1997,76
27.4981,-80.3767,89
42.9667,-83.7494,63
38.0700,-102.6881,98
41.7872,-111.8533,94
28.7797,-81.2436,107
47.0492,-109.4578,45
31.8111,-106.3758,103
57.1553,-170.2222,143
32.6500,-114.6167,94
42.9550,-87.9044,112
44.5444,-110.4211,40
42.5950,-87.9381,112
44.0219,-82.7931,81
29.5442,-98.4839,112
33.9481,-83.3275,36
40.7342,-73.4169,67
44.7978,-68.8186,72
34.7675,-114.6189,130
36.6239,-87.4194,58
38.7042,-93.1833,89
42.1128,-92.9175,130
39.2231,-106.8683,67
45.2575,-112.5545,76
37.2833,-102.6139,125
37.2847,-120.5128,98
37.2958,-81.2078,67
26.5361,-81.7550,112
18.4325,-66.0108,107
42.1908,-71.1736,58
45.5464,-100.4078,76
42.4167,-87.8667,143
43.9844,-88.5569,81
34.0511,-118.2353,36
41.9922,-93.6217,94
35.0169,-80.6206,72
47.3258,-106.9475,58
47.9428,-97.1839,94
13.4836,144.7961,81
39.3756,-99.8297,125
62.9575,-155.6103,31
59.4433,-151.7017,67
30.7825,-83.2767,36
41.7806,-122.4717,81
26.6847,-80.0994,67
43.5878,-96.7289,112
32.4833,-80.7167,45
46.2667,-119.1167,58
39.4167,-118.7167,148
38.7525,-90.3736,107
40.6825,-74.1694,63
36.1994,-95.8872,112
47.6217,-117.5281,76
32.0311,-96.3989,103
40.1203,-76.2944,67
43.7667,-98.0333,107
45.0133,-84.7014,94
26.0719,-80.1536,98
36.3189,-119.6289,81
42.1469,-121.7242,67
30.3489,-85.7881,58
36.6636,-121.6081,76
38.1311,-91.7683,76
38.5039,-122.8103,67
41.1014,-102.9847,98
38.4167,-113.0167,98
32.7817,-98.0603,112
38.3306,-96.1897,112
32.1314,-110.9553,81
48.3042,-114.2636,72
35.6575,-109.0614,76
36.8781,-91.9025,72
59.7494,-154.9089,143
7.4500,151.8333,57
37.3592,-121.9239,98
28.4736,-82.4544,81
35.0281,-110.7208,107
43.1167,-77.6767,67
39.2775,-120.7103,54
27.7839,-97.5108,125
40.9611,-98.3136,116
38.8483,-77.0342,81
38.5069,-121.4950,81
41.4131,-81.8600,63
44.6381,-90.1875,81
39.3669,-101.7000,130
39.2972,-94.7306,112
41.1389,-75.3794,63
35.6567,-95.3614,94
24.7258,-81.0517,89
33.6228,-111.9106,67
29.7036,-98.0281,107
45.0717,-83.5644,98
42.8153,-108.7261,58
40.6675,-89.6839,81
38.8500,-94.7392,98
43.1072,-78.9453,63
33.6267,-116.1594,67
41.3461,-82.1794,45
42.6958,-73.1708,40
38.8100,-104.6883,112
7.0833,171.3833,57
33.8750,-84.3022,67
46.5683,-120.5428,81
34.6294,-118.0836,125
30.4844,-81.7019,72
43.5667,-116.2406,67
37.1431,-107.7597,125
34.2719,-83.8303,72
40.2342,-85.3936,72
41.0731,-71.9233,36
30.3975,-84.3289,76
46.0261,-91.4442,89
41.5272,-85.7922,76
36.0167,-102.5500,157
45.6906,-118.8528,103
40.8289,-115.7886,98
36.7367,-97.1019,143
39.5781,-85.8033,67
40.0803,-95.5919,161
42.4933,-79.2722,58
42.1594,-76.8919,58
32.5428,-93.7450,81
44.4683,-73.1500,58
38.9408,-77.4636,76
39.6092,-110.7547,103
31.3347,-92.5586,58
29.5189,-95.2417,89
32.8547,-109.6353,103
40.4422,-109.5144,112
46.9728,-123.9303,81
41.7803,-124.2367,67
45.6194,-121.1661,125
34.1231,-84.8486,27
32.5156,-92.0406,63
24.5550,-81.7522,94
36.7800,-119.7194,107
41.9856,-97.4353,116
42.7172,-71.1239,63
42.5417,-113.7661,67
46.0947,-118.2869,89
27.7628,-82.6261,94
40.6044,-98.4272,116
42.0647,-104.1528,72
43.2389,-123.3547,76
41.1214,-100.6694,139
37.7836,-81.1231,67
42.4272,-73.2892,45
30.7439,-95.5861,76
44.3675,-71.5450,40
37.2622,-104.3378,67
35.0311,-85.2014,67
61.2169,-149.8550,63
39.1258,-123.2008,72
31.9206,-102.3867,157
39.9369,-91.1919,98
41.0467,-78.4117,40
34.1853,-79.7239,58
47.2675,-122.5761,54
44.6500,-73.4667,63
44.3814,-100.2856,98
32.1300,-81.2100,76
34.9869,-81.0575,63
42.3978,-90.7036,103
45.5406,-122.9486,58
39.9181,-76.8742,63
31.3558,-85.7511,45
44.8889,-116.1017,72
32.7667,-97.4500,134
38.9503,-95.6639,125
28.5453,-81.3331,98
40.3300,-75.1225,40
40.3547,-79.9217,58
37.7064,-112.1456,107
26.1839,-98.2539,130
30.2333,-81.6667,81
39.2956,-80.2289,67
39.2447,-102.2842,112
33.4536,-94.0075,89
32.6261,-116.4681,98
27.6833,-97.2833,107
38.5911,-92.1558,81
45.4622,-69.5953,36
40.2172,-76.8514,58
47.3978,-120.2014,89
34.9894,-99.0525,116
43.1561,-90.6775,72
62.9614,-141.9292,45
33.8117,-78.7239,76
39.1019,-121.5678,67
39.4781,-88.2803,107
62.3200,-150.0950,89
44.8664,-91.4878,94
43.7694,-87.8506,94
33.2119,-87.6161,45
48.6033,-112.3753,72
43.7331,-103.6114,67
36.5728,-79.3361,67
39.6428,-79.9164,54
37.1467,-94.5022,98
39.8328,-104.6575,81
42.5844,-110.1075,139
7.3333,134.4833,82
41.9144,-88.2464,103
29.5622,-91.5256,31
36.9878,-120.1106,103
30.1250,-93.2158,67
39.1353,-96.6778,98
36.0969,-79.9433,94
30.5892,-96.3647,103
30.0675,-95.5561,76
35.3331,-94.3625,89
41.8031,-78.6403,58
39.8233,-93.5792,67
43.2119,-90.1814,89
39.8344,-88.8656,89
32.8667,-117.1333,58
64.8039,-147.8761,63
39.2953,-114.8467,112
31.8311,-104.8089,139
33.6800,-117.8664,58
31.5356,-84.1944,58
44.7694,-106.9689,54
35.2578,-93.0947,63
38.8983,-119.9947,81
35.1967,-81.1558,54
40.1519,-122.2536,63
18.2550,-65.6408,81
35.8181,-83.9858,54
34.4978,-82.7097,63
34.7272,-92.2389,63
31.1500,-92.9667,40
40.7794,-73.8803,72
36.0719,-115.1633,170
46.3747,-117.0156,67
37.8892,-121.2258,112
29.7333,-85.0333,76
42.8050,-72.0036,54
36.6817,-101.5053,134
40.6386,-73.7622,63
36.0394,-95.9844,98
25.7906,-80.3164,72
44.2558,-121.1392,143
33.6883,-112.0817,81
40.1764,-80.6472,67
41.6875,-69.9933,58
41.4525,-87.0058,81
33.3000,-117.3500,58
38.6572,-90.6558,98
40.8764,-74.2831,63
70.1917,-148.4772,98
30.3567,-95.4139,94
41.3336,-75.7269,54
31.6072,-110.4281,143
40.7833,-91.1253,89
55.5800,-133.0750,63
43.3497,-76.3847,63
47.1686,-88.4889,107
46.6056,-111.9636,54
37.4389,-105.8614,112
41.4653,-90.5233,139
35.0678,-77.0481,72
34.7436,-118.7242,116
31.8606,-86.0122,40
35.8550,-77.8931,63
66.0689,-162.7639,94
34.6719,-82.8864,45
33.4825,-90.9853,67
45.5114,-118.4247,36
43.6264,-72.3047,40
43.9042,-92.4917,130
46.3583,-104.2500,72
38.8317,-94.8897,134
41.5097,-72.8278,63
40.1606,-113.3508,192
21.9839,-159.3405,89
33.9381,-118.3889,67
44.9047,-97.1494,107
41.7700,-88.4814,107
38.8761,-98.8092,125
15.1167,145.7167,161
34.7411,-118.2117,107
31.3214,-85.4497,63
31.6189,-97.2283,125
40.3667,-75.9667,67
38.9597,-94.3714,125
41.6764,-70.9583,89
64.7767,-141.1483,54
35.3889,-97.6006,130
46.8369,-92.2097,76
34.9000,-76.8833,67
30.5069,-86.9597,58
46.9006,-95.0678,103
40.8508,-96.7475,112
34.4272,-100.2831,116
46.1442,-115.5964,45
42.5708,-77.7133,76
26.9172,-81.9914,98
39.1333,-86.6167,58
44.8322,-93.4706,94
38.8853,-79.8528,40
41.1583,-73.1289,54
35.4344,-119.0542,72
40.2383,-75.5572,45
38.9833,-76.4667,72
36.7436,-108.2292,112
41.3119,-105.6747,81
41.3275,-72.0494,54
30.0375,-91.8839,72
42.8939,-85.5447,72
41.0669,-73.7075,58
60.7850,-148.8389,107
30.3361,-81.5147,81
28.0622,-81.7542,112
42.1578,-72.7161,58
33.0375,-116.9158,67
44.5228,-114.2150,103
43.1406,-89.3453,81
42.1208,-87.9047,112
47.9078,-122.2803,45
37.5908,-83.3131,31
40.9781,-124.1086,40
31.5358,-82.5067,54
37.7797,-89.2497,89
34.2008,-119.2069,67
34.8536,-116.7858,125
31.3928,-92.2956,63
47.4444,-122.3139,67
44.9319,-93.0556,103
41.5175,-81.6836,54
29.9800,-95.3600,94
33.9228,-118.3342,63
37.9406,-75.4631,81
35.2236,-80.9553,58
40.7939,-73.1017,58
41.7636,-96.1778,107
43.1544,-93.3269,125
44.5483,-95.0803,103
35.2333,-101.7089,107
60.7850,-161.8292,103
41.0089,-74.7367,45
38.3000,-76.4167,103
39.5264,-107.7264,98
45.6983,-110.4408,94
30.4000,-86.4717,45
36.1625,-97.0894,134
40.4847,-80.2144,58
47.4733,-111.3822,45
34.2167,-119.0833,63
41.3103,-95.8992,116
43.1953,-71.5011,54
40.0228,-82.4625,58
25.9156,-97.4186,125
35.0564,-89.9864,76
47.4933,-122.2144,63
43.9922,-76.0217,54
37.6544,-97.4425,130
41.3931,-70.6150,72
41.8833,-91.7167,98
36.7683,-96.0261,72
29.2733,-94.8592,89
46.7708,-100.7603,67
33.2061,-97.1989,125
40.5175,-122.2986,67
34.7917,-79.3661,63
28.8614,-96.9303,112
44.2033,-72.5794,58
25.9069,-80.2803,81
47.5303,-122.3008,45
37.3169,-79.9742,67
37.0872,-84.0769,58
35.7425,-81.3819,58
34.5183,-109.3792,112
61.1689,-150.0278,116
27.9619,-82.5403,58
27.4014,-82.5586,58
43.1111,-76.1039,67
44.5761,-71.1786,40
35.8311,-90.6464,112
39.9061,-84.2186,63
41.5631,-83.4764,58
31.9433,-102.1889,143
46.0139,-102.6547,58
34.0561,-117.6003,72
31.4583,-109.6061,165
45.1947,-123.1339,89
42.9486,-78.7369,116
48.2138,-106.6213,54
63.9944,-145.7214,139
9.4833,138.0833,77
37.0911,-95.5664,103
19.7356,-156.0489,63
33.2194,-117.3494,67
42.2314,-83.3308,63
39.4839,-119.7711,89
71.2833,-156.7814,72
21.4500,-157.7833,67
64.5500,-149.0717,81
37.5050,-77.3203,94
37.0683,-88.7719,67
57.0481,-135.3647,94
40.2064,-100.5914,125
45.7881,-111.1608,81
38.3083,-75.1239,40
40.9167,-81.4333,58
58.3567,-134.5639,58
47.2381,-123.1408,107
31.2819,-89.2531,45
39.3667,-75.0667,67
37.6242,-120.9506,94
35.2325,-75.6219,67
46.1569,-123.8825,81
38.0442,-87.5206,76
31.4208,-110.8458,103
38.3794,-81.5900,63
33.3644,-81.9633,54
41.9381,-72.6825,72
42.6425,-77.0564,67
42.8975,-106.4636,72
41.2003,-74.6231,40
41.3497,-71.7989,54
32.6808,-96.8681,103
41.5339,-93.6531,89
34.5583,-98.4172,161
38.0494,-103.5122,94
32.7000,-117.2000,72
34.2900,-93.0600,81
41.6117,-90.5808,81
41.4914,-120.5644,94
31.9514,-85.1289,40
42.1094,-77.9919,67
34.0158,-118.4514,58
46.9258,-98.6692,81
35.6950,-101.3950,130
37.1319,-76.4930,107
30.7167,-87.0167,54
39.0431,-84.6717,54
59.5119,-139.6711,63
38.1811,-85.7392,72
41.2639,-72.8872,45
46.7994,-102.7972,72
39.2292,-106.3169,98
27.9106,-82.6875,81
39.1667,-76.6833,76
34.5467,-93.5781,40
41.7072,-86.3164,103
40.9706,-85.2064,81
34.2006,-118.3575,63
42.7611,-87.8136,94
31.0425,-86.3117,36
45.5644,-84.7928,72
30.6794,-88.2397,54
30.3433,-89.8222,58
32.6636,-97.0939,112
43.0661,-108.4767,94
32.4106,-99.6822,112
40.6161,-83.0636,63
41.9097,-70.7294,63
30.4000,-81.4167,89
35.5342,-97.6469,130
40.5100,-101.6200,112
30.0494,-90.0289,72
34.8364,-92.2619,54
37.7086,-113.0944,103
30.4636,-88.5319,45
32.3336,-104.2581,157
43.8789,-91.2528,103
32.5161,-84.9422,54
47.6458,-101.4394,63
42.8783,-100.5500,103
41.8756,-71.0211,58
39.5936,-84.2264,54
