45.8981,-86.5483,98
46.2314,-112.1136,67
39.4206,-79.0050,67
47.8344,-120.0006,67
38.6644,-94.8900,94
47.2753,-88.4169,31
40.1100,-87.9567,45
47.6497,-120.0800,54
35.5953,-82.5567,76
30.5347,-94.4456,49
41.8161,-80.4250,36
41.0103,-103.8769,161
37.1317,-86.1481,54
39.8814,-77.3506,54
39.7750,-105.1169,103
47.2919,-88.4208,107
40.5764,-105.0858,67
39.7194,-76.8028,67
45.6656,-97.0392,139
44.4933,-68.4583,76
34.6242,-106.3103,130
38.5039,-95.7036,94
34.2183,-116.4072,152
34.1206,-115.8500,103
45.4525,-99.3358,103
42.3997,-89.9903,112
61.5889,-149.0992,45
47.0083,-88.4317,76
41.7392,-77.9711,27
47.8306,-110.6608,121
39.3903,-94.5553,76
40.8250,-92.8925,94
40.9656,-105.2186,125
61.2967,-149.4400,85
39.1439,-103.4897,215
61.1025,-149.7169,156
40.8600,-102.8031,282
48.0750,-111.2597,27
48.9981,-110.2158,4
40.6558,-97.2208,112
48.4628,-108.7792,0
45.0961,-112.0856,80
34.7994,-109.8850,130
35.0761,-89.7430,72
41.2847,-105.5319,143
