40.2342,-85.3936,1
46.7708,-100.7603,1
60.7850,-161.8292,1
41.6117,-90.5808,1
40.4122,-86.9369,1
38.9286,-90.4281,1
46.7994,-102.7972,1
33.0375,-116.9158,1
36.0097,-94.1694,1
42.5950,-87.9381,1
43.0206,-102.5183,1
39.7333,-77.4333,1
44.4683,-73.1500,1
41.8833,-91.7167,1
43.5164,-112.0672,1
43.9922,-76.0217,1
38.3794,-81.5900,1
41.5272,-85.7922,1
44.3592,-89.8369,1
43.9658,-107.9508,1
40.0397,-88.2778,1
44.3394,-105.5419,1
34.0511,-118.2353,1
37.9272,-100.7247,1
39.8447,-89.6839,1
39.5703,-104.8489,1
40.4847,-80.2144,1
44.0511,-101.6011,1
40.7789,-73.9692,1
40.0803,-95.5919,1
42.0647,-104.1528,1
44.3814,-100.2856,1
41.1519,-104.8061,1
39.4519,-87.3089,1
42.9550,-87.9044,1
42.9667,-83.7494,1
36.0969,-79.9433,1
33.1783,-86.7817,1
37.5050,-77.3203,1
45.0717,-83.5644,1
42.8939,-85.5447,1
34.2006,-118.3575,1
45.4558,-98.4131,1
41.6328,-91.5431,1
46.9253,-96.8111,1
41.3375,-84.4289,1
39.3669,-101.7000,1
39.9444,-81.8922,1
44.5483,-95.0803,1
33.8750,-84.3022,1
42.5544,-92.4011,1
32.6847,-83.6528,1
40.8203,-82.5178,1
41.5944,-109.0528,1
42.7611,-87.8136,1
47.4444,-122.3139,1
48.0944,-105.5744,1
48.2553,-101.2733,1
41.4333,-99.6333,1
38.8000,-97.6500,1
45.0133,-84.7014,1
42.7461,-86.0967,1
42.1128,-92.9175,1
43.4075,-94.7461,1
44.6381,-90.1875,1
38.7642,-87.6056,1
40.2064,-100.5914,1
38.1811,-85.7392,1
40.6331,-93.9019,1
43.1406,-89.3453,1
37.2958,-81.2078,1
25.7906,-80.3164,1
41.1078,-92.4467,1
41.1214,-100.6694,1
43.7700,-88.4864,1
28.8614,-96.9303,1
45.5433,-94.0514,1
40.4719,-81.4236,1
40.6508,-75.4492,1
32.8519,-96.8556,1
41.2433,-76.9217,1
25.9069,-80.2803,1
42.3075,-85.2511,1
41.1389,-75.3794,1
44.5169,-108.0822,1
38.6572,-90.6558,1
47.9742,-117.4283,1
39.3756,-99.8297,1
31.9433,-102.1889,1
44.8428,-117.8086,1
39.4781,-88.2803,1
43.3500,-73.6167,1
44.9047,-97.1494,1
45.5464,-100.4078,1
40.1667,-103.2167,1
43.1711,-86.2367,1
43.8789,-91.2528,1
47.6831,-117.3214,1
47.3078,-119.5153,1
40.7833,-91.1253,1
67.7317,-164.5483,1
39.6428,-79.9164,1
42.8375,-103.0953,1
28.7247,-96.2536,1
46.0139,-102.6547,1
42.8914,-73.2469,1
38.0442,-87.5206,1
39.7075,-86.2803,1
26.1839,-98.2539,1
44.7408,-85.5825,1
41.8706,-103.5931,1
39.8344,-88.8656,1
39.8328,-104.6575,1
42.1928,-89.0931,1
37.0683,-88.7719,1
44.0433,-103.0536,1
57.1553,-170.2222,1
40.6675,-89.6839,1
46.8369,-92.2097,1
46.9258,-98.6692,1
41.7219,-71.4325,1
44.4983,-88.1111,1
37.0872,-84.0769,1
43.1544,-93.3269,1
41.9950,-87.9336,1
39.5781,-85.8033,1
40.5100,-101.6200,1
32.5156,-92.0406,1
37.7608,-99.9683,1
42.7803,-84.5789,1
32.7100,-96.2672,1
42.5417,-113.7661,1
38.0494,-103.5122,1
44.0206,-117.0128,1
48.7939,-122.5372,1
39.5514,-97.6508,1
41.6236,-98.9517,1
38.2281,-85.6636,1
41.1014,-102.9847,1
40.7083,-84.0267,1
40.8500,-74.0614,1
39.1894,-103.7158,1
33.1281,-117.2794,1
43.7694,-87.8506,1
36.5881,-121.8453,1
35.9508,-85.0814,1
43.1561,-90.6775,1
38.7667,-104.3000,1
41.9922,-93.6217,1
33.3075,-104.5083,1
41.5339,-93.6531,1
38.5714,-90.1572,1
45.8678,-95.3942,1
42.1244,-86.4267,1
41.9856,-97.4353,1
46.5683,-120.5428,1
43.3906,-99.8422,1
39.0083,-95.2117,1
33.4617,-80.8581,1
44.8831,-93.2289,1
47.9428,-97.1839,1
38.8317,-94.8897,1
38.8483,-77.0342,1
44.9050,-123.0011,1
26.1658,-97.3458,1
42.3978,-90.7036,1
37.5908,-83.3131,1
44.8322,-93.4706,1
34.9914,-78.8803,1
45.5644,-84.7928,1
29.9800,-95.3600,1
38.1847,-84.9033,1
43.2119,-90.1814,1
41.5886,-83.8014,1
39.0431,-84.6717,1
25.9989,-80.2411,1
42.8975,-106.4636,1
48.5614,-93.3981,1
45.6983,-110.4408,1
45.8069,-108.5422,1
41.7803,-124.2367,1
20.8997,-156.4286,1
40.9706,-85.2064,1
31.2361,-94.7544,1
40.1936,-76.7633,1
44.3592,-84.6739,1
66.8667,-162.6333,1
46.2667,-119.1167,1
33.9753,-117.6361,1
39.1353,-96.6778,1
62.9575,-155.6103,1
33.3633,-84.5658,1
41.1783,-78.8989,1
42.0572,-102.8000,1
41.3103,-95.8992,1
42.8783,-100.5500,1
36.2606,-76.1750,1
32.4506,-93.8411,1
41.4653,-90.5233,1
41.9381,-72.6825,1
33.1803,-96.5903,1
45.0619,-93.3508,1
39.2447,-102.2842,1
34.0561,-117.6003,1
31.5356,-84.1944,1
44.3814,-106.7211,1
43.9042,-92.4917,1
42.7972,-105.3856,1
39.7078,-77.7297,1
41.0669,-73.7075,1
38.7525,-90.3736,1
38.0700,-102.6881,1
43.9844,-88.5569,1
44.9319,-93.0556,1
40.3161,-78.8339,1
42.2314,-83.3308,1
64.5111,-165.4400,1
30.3361,-81.5147,1
40.6044,-98.4272,1
41.3336,-75.7269,1
61.1781,-149.9664,1
31.9206,-102.3867,1
39.9914,-82.8808,1
35.8517,-97.4142,1
36.4486,-103.1539,1
43.7331,-103.6114,1
33.6300,-84.4417,1
36.4731,-82.4044,1
40.2964,-78.3203,1
40.8508,-96.7475,1
40.9611,-98.3136,1
37.7797,-89.2497,1
48.1739,-103.6367,1
44.9258,-89.6256,1
46.4794,-84.3572,1
28.0836,-97.0464,1
42.2347,-85.5519,1
41.7636,-96.1778,1
36.3689,-92.4703,1
44.8664,-91.4878,1
43.5878,-96.7289,1
39.9061,-84.2186,1
41.8031,-78.6403,1
44.9358,-74.8458,1
31.1522,-81.3908,1
