29.4608,-101.0286,8
26.1781,-97.9708,5
32.9203,-94.7225,25
32.2822,-106.7597,25
31.3706,-100.4942,5
31.6164,-94.6431,10
25.8175,-80.2858,33
38.4917,-122.1242,0
31.9497,-91.2336,0
32.8242,-95.5275,15
38.5350,-121.7761,0
36.2403,-106.4278,33
32.2631,-96.6369,20
32.8522,-95.8864,33
33.0642,-101.0489,99
30.6836,-97.7172,13
32.8964,-107.3078,43
32.7547,-104.3836,81
35.7047,-101.5492,53
33.2564,-81.2422,0
34.9881,-120.3211,-203
40.6117,-122.5281,0
40.7142,-122.4161,8
30.7189,-97.3211,18
18.2583,-65.9922,64
34.6603,-82.8236,23
33.3192,-95.6039,18
31.0619,-94.1011,8
18.0331,-67.0722,38
32.6475,-97.4439,13
36.5508,-114.4581,33
30.7053,-104.0233,61
35.4072,-104.1906,38
29.6211,-96.3661,18
32.9506,-97.0553,10
37.7967,-121.5828,0
33.7092,-93.5564,0
34.5697,-93.1947,23
28.7156,-97.1742,15
35.3886,-106.5439,41
35.1161,-93.6506,0
37.5147,-122.0325,79
30.2003,-92.6642,13
21.3153,-157.9992,38
36.9969,-119.7072,53
38.0047,-120.4864,18
33.4258,-111.9217,23
36.4622,-116.8669,104
40.1100,-87.9567,0
28.0372,-97.8725,13
33.1481,-95.6269,20
33.1461,-107.1842,51
28.4675,-98.2525,13
32.4219,-93.6381,0
34.1647,-88.7239,0
34.5822,-119.9817,33
30.8408,-89.5453,38
43.5492,-71.4647,0
38.4931,-122.0047,0
35.6414,-106.3322,38
26.8400,-81.0872,25
30.7931,-94.1819,23
31.9633,-98.4942,23
34.1419,-80.8700,0
26.3769,-98.8117,28
40.7264,-122.7947,10
31.8611,-97.3750,10
26.5581,-99.1372,33
38.0633,-102.9297,33
33.6731,-111.1508,25
37.1503,-104.5567,28
30.0689,-94.2928,13
31.0372,-97.5283,28
