43.3488,-88.1598,0
45.1864,-85.1478,36
46.3526,-61.0776,8
38.7575,-120.6046,0
40.5472,-105.0749,0
44.3552,-72.4554,279
44.0250,-66.1030,25
40.1526,-84.4613,0
44.4991,-63.5264,0
53.2050,-104.0658,91
42.5973,-74.5931,5
40.7739,-84.0800,0
44.8720,-69.4203,0
38.3401,-107.0943,0
42.9962,-82.4643,0
45.1715,-67.0816,0
37.7847,-79.9165,0
40.8123,-72.7718,0
36.1502,-86.5738,0
42.1587,-78.4905,5
47.0570,-67.7263,0
40.3038,-103.1114,0
34.6544,-86.5617,0
41.3493,-75.7714,0
47.5857,-122.6092,0
46.4667,-63.9892,0
44.8353,-122.6836,0
46.4393,-95.5887,0
49.8922,-97.0283,3
44.4412,-90.1289,0
42.1070,-84.6260,0
51.1240,-104.9917,10
42.4675,-71.4820,0
41.9286,-74.0195,0
35.5813,-88.8306,0
37.7892,-120.7518,0
39.8895,-82.7680,0
44.4171,-72.2350,38
42.4000,-88.7424,0
41.8026,-75.6972,0
42.0044,-87.8460,0
45.4788,-122.7692,0
33.9837,-83.1378,0
41.5538,-70.6115,0
40.1838,-74.2448,0
41.4088,-81.7448,0
42.5110,-76.9155,0
46.7985,-96.1218,0
43.9917,-79.6778,30
42.8370,-78.7433,3
45.4681,-122.6813,0
41.6225,-86.2163,0
41.7788,-107.1169,0
44.0390,-122.8500,0
41.2008,-81.3389,0
40.0781,-88.2537,0
41.0578,-75.0796,0
42.4317,-76.4886,0
37.6121,-122.4825,0
45.6745,-118.8079,0
43.8981,-72.1377,8
42.1739,-88.2993,0
45.7139,-89.4215,0
38.3299,-97.7787,0
41.2949,-75.8682,0
45.4818,-91.1468,0
45.8802,-123.2946,0
46.4698,-63.4920,0
47.2227,-93.4960,0
30.8176,-83.8965,0
42.5601,-87.9384,0
39.9575,-78.5638,0
40.6262,-74.6535,0
44.4764,-71.1773,0
43.0521,-78.7643,18
43.0520,-77.2570,0
43.2115,-71.4143,0
44.5187,-72.3028,23
39.7140,-86.4090,0
47.3720,-122.2230,0
39.0889,-76.6492,0
44.0679,-72.8336,53
44.7029,-106.3261,0
44.7195,-89.0223,0
44.7825,-108.6879,0
43.5375,-81.3964,0
40.4407,-105.0619,0
46.2170,-67.8589,0
36.4843,-80.9996,0
45.2753,-62.7127,0
47.1369,-93.5666,10
45.5075,-66.0986,0
39.3723,-112.3339,0
55.9553,-133.6178,8
35.5344,-77.3821,0
43.1848,-71.5186,0
36.2947,-119.7914,0
41.8161,-80.4250,0
45.3201,-85.2437,43
39.4700,-76.8301,0
35.5909,-82.5549,0
39.4582,-107.1839,0
42.4717,-79.3336,0
50.1377,-99.7340,15
41.9351,-75.0784,0
38.6639,-77.9756,0
40.2001,-82.7732,0
41.2986,-104.8278,0
44.0800,-99.1300,0
38.9052,-104.8491,0
35.6345,-117.9782,0
40.7494,-96.5928,0
42.8167,-106.4108,0
40.1848,-105.0820,0
44.5358,-69.6029,0
47.3714,-102.7606,0
44.4932,-71.7045,13
39.9660,-105.5125,0
43.5695,-116.3248,0
39.7647,-84.6338,0
52.2915,-104.5762,79
40.3417,-80.1229,0
45.4000,-123.1830,0
40.4712,-88.6196,0
38.3852,-122.8928,0
47.6421,-65.6876,5
47.7130,-118.9412,0
37.4415,-119.6316,0
40.8656,-74.3851,0
39.4195,-77.2905,0
43.1764,-78.6834,8
51.2522,-106.5403,5
42.8264,-106.3988,0
40.5759,-105.0858,0
42.6038,-76.1637,3
44.6310,-72.2800,36
49.8072,-97.1187,23
41.4644,-81.0652,0
40.7623,-74.9719,0
41.5264,-90.5858,0
44.3592,-72.6964,23
41.1779,-89.6493,0
39.9420,-83.8051,0
45.4505,-98.5086,0
53.5972,-105.7361,109
36.1520,-115.3396,0
38.3339,-104.7898,0
42.6732,-85.6801,0
40.3978,-80.0967,0
50.1475,-95.8902,74
34.1649,-95.5431,0
44.8745,-123.0444,0
43.5868,-99.7114,0
47.4021,-79.6765,5
39.4617,-104.8911,0
40.5998,-105.1151,0
44.1756,-72.7961,20
35.1537,-106.2848,0
45.7942,-65.5907,0
42.7614,-75.5554,0
41.8356,-76.4237,0
44.2964,-99.2597,0
42.1880,-87.9590,0
40.2843,-105.1608,0
39.7811,-78.4334,0
46.0272,-66.6746,0
40.2077,-75.3522,0
46.5673,-87.6869,48
43.1425,-80.0696,0
41.2084,-124.1027,0
48.8511,-97.7775,0
41.4996,-87.9603,0
43.2161,-77.9525,28
41.5067,-87.5248,0
40.5938,-91.1467,0
46.1326,-91.4050,0
44.9846,-93.3744,0
40.5949,-98.4270,0
47.0421,-114.0968,0
34.7806,-86.8644,0
42.8972,-85.7791,0
42.9900,-73.8000,0
44.6053,-72.3094,28
38.8274,-75.4303,0
48.2619,-114.1556,0
45.4340,-122.5036,0
43.6037,-70.9867,0
29.7210,-98.1655,0
44.4677,-87.9735,0
53.1295,-105.8125,99
40.0806,-106.8929,0
39.8446,-75.6386,0
39.9191,-121.1001,254
40.8398,-74.5432,0
43.8737,-80.1343,3
42.8403,-84.4197,0
55.4900,-107.9236,79
40.0136,-86.2901,0
32.2918,-85.1893,0
38.6418,-77.7672,0
44.9663,-93.8489,0
43.6293,-65.7999,30
39.6427,-106.5179,0
43.5200,-71.8190,3
41.0233,-100.3669,0
44.9720,-72.1478,20
47.7657,-122.3001,0
39.0600,-120.1292,0
43.8057,-71.9168,3
38.1617,-85.8566,0
41.3728,-88.8415,0
37.1306,-80.5720,0
41.7136,-89.3247,0
41.9062,-87.7819,0
32.1154,-81.2509,0
38.7462,-77.1386,0
35.1375,-77.9892,0
45.3147,-64.4289,10
45.1702,-91.2361,0
34.5434,-112.3764,0
41.7318,-71.8467,0
41.7814,-88.0674,0
43.4394,-71.5373,0
50.4826,-104.6385,0
41.3221,-105.5837,0
39.6490,-80.7382,0
42.6978,-108.6883,0
46.6488,-92.1944,3
46.7138,-93.2885,0
44.4136,-74.1521,18
36.0512,-83.9862,0
43.7440,-70.4890,0
47.6013,-122.6043,0
42.9705,-78.8284,3
37.6702,-91.8739,0
41.0483,-93.9496,0
33.1637,-96.6851,0
36.2347,-86.3817,0
41.5177,-90.6072,0
49.1290,-98.2684,0
44.9121,-123.3361,0
41.5007,-81.5526,0
42.6353,-85.7611,0
44.6708,-63.3047,0
49.1971,-100.1496,0
49.8996,-97.1875,23
39.5186,-104.9492,0
39.9965,-76.7533,0
42.2406,-84.4669,0
48.6770,-100.8026,0
39.7109,-74.9679,0
31.1200,-81.9300,0
32.7904,-105.8204,0
39.2323,-106.0516,0
42.5336,-75.6306,8
38.8319,-107.9670,0
39.4202,-84.1493,0
46.5189,-66.2667,0
45.6018,-94.1991,0
45.4060,-122.8780,0
44.2337,-86.0358,0
42.6536,-85.7597,0
40.1043,-105.1605,0
40.4099,-74.5730,0
33.7476,-84.7452,0
41.4469,-74.0214,3
46.8822,-113.9044,0
39.5865,-86.6333,0
45.2943,-91.6247,0
49.8631,-97.2622,23
46.2507,-119.3197,0
39.5936,-75.0692,0
44.3606,-72.8077,18
32.9881,-97.3932,0
43.2471,-75.2775,13
45.9217,-64.5150,0
43.6465,-81.7074,0
44.2832,-83.4992,23
49.7791,-124.3371,0
47.5017,-64.9355,0
44.7518,-63.7910,0
43.8567,-70.4664,0
41.2144,-85.1242,0
48.5050,-121.4800,0
42.3223,-76.5899,0
45.7169,-65.4622,0
45.6063,-122.5104,0
46.6046,-90.6492,0
47.0880,-91.6241,8
41.0521,-83.5773,0
44.0917,-93.2138,0
42.5088,-72.6973,0
42.6918,-73.8311,0
34.7056,-76.9898,0
42.4516,-76.0437,3
45.0043,-65.1169,23
45.9190,-66.6269,0
41.5072,-109.1554,0
34.7756,-86.7803,0
45.9290,-66.6283,0
29.4854,-98.6561,0
43.8335,-73.8978,15
50.4158,-96.6091,178
40.2707,-74.7295,0
29.7409,-97.6802,0
40.5035,-88.9682,0
42.7766,-78.8444,25
45.5416,-122.6401,0
45.7904,-66.1473,0
52.1381,-106.5720,66
39.7444,-99.2155,0
46.9934,-65.5069,0
36.9544,-86.3366,0
44.6414,-84.2383,13
45.9770,-66.8682,0
37.5990,-101.2911,0
44.7910,-75.3822,20
38.6049,-89.9685,0
42.9141,-71.6102,0
41.5324,-84.8853,0
42.0944,-71.3776,0
34.6444,-86.5056,0
40.5091,-74.8549,0
34.4972,-87.2300,0
42.8095,-106.3315,0
41.5417,-87.2715,0
40.2835,-78.8901,0
45.4662,-122.8088,0
32.4066,-96.3347,0
44.6826,-63.8602,0
39.0589,-92.4370,0
47.5480,-52.8882,0
42.7112,-87.8457,0
42.7864,-76.7034,5
36.5869,-93.2692,0
41.1977,-80.9721,0
38.7387,-120.7846,0
41.0589,-83.1127,0
34.9842,-83.3917,0
44.5125,-78.3606,61
43.4794,-80.5354,0
42.7198,-73.9304,0
39.3343,-94.7642,0
32.3772,-86.2575,0
37.9542,-87.3741,0
36.1066,-88.0443,0
38.3455,-120.7719,0
43.4301,-110.7976,0
41.2800,-85.4729,0
41.6326,-74.5604,0
41.2571,-77.0085,0
37.9018,-88.9341,0
40.0496,-84.9474,0
39.9223,-104.9554,0
38.6169,-77.9696,0
45.1187,-95.0551,0
50.0786,-98.1029,20
37.2915,-91.8515,0
32.3191,-90.0806,0
38.7387,-84.8496,0
44.6833,-70.2642,3
42.6509,-78.6106,10
49.5196,-96.6794,18
46.4457,-63.3121,0
39.4712,-118.7915,0
47.6720,-65.0911,0
43.8324,-70.1200,0
34.8240,-92.2531,0
33.4387,-88.8695,0
42.1753,-122.6572,0
40.0014,-77.1089,0
39.5996,-104.1751,0
37.9663,-103.5443,0
49.8917,-97.3055,25
45.0713,-64.4857,0
45.9220,-116.1260,0
35.5066,-108.7308,0
40.0945,-88.1282,0
38.2872,-81.7874,0
38.2210,-84.8175,0
45.1226,-93.4579,0
37.4378,-87.4418,0
46.8153,-92.0637,25
44.0303,-71.1383,0
39.5404,-104.9123,0
43.6911,-80.6535,15
29.5120,-95.0994,0
49.6725,-96.5814,36
34.0151,-81.1920,0
48.7094,-118.7214,0
43.0961,-79.0281,0
27.9855,-81.7902,0
46.2084,-119.1658,0
37.2492,-93.9439,0
42.2845,-83.0346,0
39.3428,-82.0964,0
42.4927,-72.9454,0
43.5629,-79.7347,10
41.1623,-81.5037,0
38.7873,-82.9779,0
45.5971,-122.4186,0
40.6259,-105.0621,0
38.9669,-95.2967,0
53.6050,-105.8944,114
45.4899,-74.6457,23
45.3608,-63.2682,0
43.5073,-65.6096,13
39.7674,-78.4844,0
41.9221,-111.8193,0
42.8339,-79.9298,0
41.4673,-90.1818,0
40.7447,-111.8677,0
45.0792,-64.2711,10
41.5193,-87.9193,0
44.3320,-70.2685,0
44.8916,-72.4435,25
46.4168,-98.7875,0
41.6874,-87.7911,0
34.2024,-78.0948,0
61.6185,-149.1258,0
43.4356,-71.5069,0
29.6849,-95.2197,0
44.8228,-65.3178,38
39.4722,-105.3913,0
44.7104,-63.7331,0
36.2184,-81.6720,0
42.9632,-78.8669,3
44.3358,-72.9842,23
44.8382,-92.9359,0
35.7373,-83.9132,0
36.2528,-81.9136,0
44.9769,-106.8475,0
46.5824,-90.8839,0
36.3188,-85.5019,0
43.8885,-70.2944,0
44.8122,-106.9763,0
42.8316,-74.1152,3
40.3503,-86.4867,0
40.9519,-74.1577,0
40.9142,-91.4293,0
44.1964,-88.3307,0
38.9433,-119.1916,0
44.7591,-123.2325,0
44.6115,-74.9719,13
45.7086,-61.9024,5
42.8532,-90.7086,0
40.5510,-105.0664,0
39.1692,-85.2361,0
43.8583,-71.2597,0
40.0403,-82.7980,0
43.2957,-123.0787,0
44.5014,-68.2208,0
48.0125,-123.1709,0
36.1648,-81.6055,0
44.8567,-93.6864,0
45.7169,-92.9257,0
34.5360,-92.7651,0
44.7878,-105.2674,0
53.3290,-106.1377,84
49.4005,-97.3142,0
41.0413,-93.9805,0
38.0450,-85.7155,0
45.9896,-66.5918,0
33.9554,-86.5439,0
40.5462,-74.5287,0
43.3367,-72.0606,0
47.4126,-91.1058,8
44.6698,-64.8526,15
41.5880,-73.8922,0
51.5694,-107.2341,10
39.6513,-75.8856,0
40.9234,-73.3305,0
44.1511,-94.7852,0
44.0277,-69.5686,0
48.5544,-58.6185,102
41.3297,-86.3568,0
44.0098,-92.9856,0
45.8812,-66.7623,0
41.5401,-90.4492,0
44.5981,-72.9188,25
38.6331,-109.4104,0
40.4697,-106.8139,0
41.6470,-73.8970,0
45.5276,-122.2880,0
41.7346,-88.2391,0
44.5103,-109.0994,0
43.6695,-116.2653,0
43.9873,-81.1033,18
49.8299,-99.9746,5
45.5307,-87.6192,0
43.3472,-72.6968,0
31.8142,-93.0856,0
41.0105,-95.8890,0
41.8183,-86.3423,0
39.6679,-104.9440,0
45.9631,-65.9694,0
48.8485,-117.6283,0
42.4429,-73.7866,0
35.3620,-85.3797,0
45.6686,-122.6862,0
41.1523,-104.8052,0
41.3677,-81.7018,0
40.5460,-105.0731,0
40.0488,-76.6948,0
29.5110,-95.0898,0
41.6846,-73.7205,0
51.9130,-101.4930,76
43.9930,-66.1468,25
44.8000,-69.1684,0
39.2533,-119.8457,0
38.6205,-87.1359,0
30.4144,-97.7664,0
42.9980,-88.0238,0
41.8559,-71.8517,0
42.4093,-86.0481,0
40.0905,-104.7986,0
38.8592,-96.1058,0
37.0169,-94.4925,0
47.3638,-120.2284,0
46.4238,-94.3033,0
42.9542,-81.4349,0
39.1516,-77.2368,0
34.8050,-86.7619,0
39.5982,-80.2452,0
39.9873,-105.1703,0
37.1160,-120.2520,0
44.8344,-93.0358,0
41.8554,-75.7111,0
48.1810,-117.1712,0
49.4587,-97.0062,0
44.9215,-83.4270,48
46.8818,-64.1973,0
37.7398,-89.8603,0
34.8957,-76.9161,0
44.1128,-71.1396,0
43.3085,-87.9848,0
39.3929,-74.6248,0
40.4754,-106.8085,0
34.1109,-109.9003,0
42.4970,-71.7750,0
35.4606,-81.3296,0
42.4310,-83.3819,0
45.5519,-116.3028,0
47.7084,-116.8367,0
47.1653,-122.3783,0
41.3139,-105.5774,0
39.7866,-77.7253,0
38.9539,-92.3381,0
42.9880,-85.8103,0
37.3996,-119.7381,0
39.3542,-101.6996,0
24.5695,-81.7559,0
44.6658,-70.0272,0
35.6874,-88.8809,0
44.7246,-63.8192,8
35.6283,-108.7928,0
43.9715,-74.4200,15
36.1967,-86.6055,0
40.0591,-105.1717,0
33.6239,-117.6275,0
41.5997,-85.0895,0
47.1556,-53.4722,0
44.8913,-93.3141,0
44.2354,-71.7388,5
62.2272,-150.0731,0
40.4624,-90.7452,0
41.5090,-71.1590,0
47.0412,-91.7528,8
39.0400,-108.5210,0
44.0866,-103.3701,0
41.8633,-89.2257,0
45.4174,-83.8106,43
44.7586,-72.1168,13
44.3541,-66.1026,28
42.8966,-76.6727,0
41.4089,-87.3899,0
44.3882,-71.2695,18
40.9436,-74.1523,0
44.7584,-108.7769,0
41.6235,-90.3514,0
39.1223,-77.8187,0
43.3194,-88.1681,0
43.8977,-78.8744,0
39.8626,-74.1410,0
44.6900,-75.4920,23
42.3523,-74.5783,3
45.4232,-76.0453,3
47.7446,-122.5097,0
42.8230,-86.0678,0
40.2647,-87.6656,0
39.7197,-105.2472,0
47.4669,-121.6806,0
42.6602,-73.8103,0
31.8449,-102.4858,0
38.7338,-120.7110,0
46.2508,-63.3342,0
42.0038,-89.9389,0
46.7544,-117.0005,0
44.0397,-92.4375,0
42.9864,-78.8706,8
44.5292,-109.0755,0
38.3029,-104.7910,0
44.8345,-73.0656,3
40.0891,-97.1959,0
41.5738,-70.5321,0
35.0114,-86.8392,0
45.9689,-94.3772,0
45.0336,-123.4277,0
43.8028,-81.1838,8
43.5949,-71.7414,0
34.2917,-83.3236,0
41.7010,-84.9867,0
42.8475,-95.7024,0
38.0614,-108.9101,0
44.6209,-106.8029,0
46.9386,-90.8349,0
45.8833,-92.0960,0
38.7845,-76.0739,0
28.1669,-81.8219,0
39.4819,-106.0325,0
50.1784,-100.4396,5
42.4284,-87.8838,0
43.6107,-73.0466,3
42.5597,-87.8566,0
41.9950,-75.9650,0
32.2529,-80.7350,0
47.0653,-91.6761,8
40.7230,-73.7110,0
36.4590,-81.1525,0
