48.0750,-111.2597,107
45.0961,-112.0856,130
40.1100,-87.9567,94
47.8344,-120.0006,0
40.9656,-105.2186,161
37.1317,-86.1481,107
45.6656,-97.0392,76
42.3997,-89.9903,72
39.3903,-94.5553,130
39.7750,-105.1169,67
41.0103,-103.8769,165
39.8814,-77.3506,121
48.9981,-110.2158,0
34.2183,-116.4072,152
40.6558,-97.2208,76
47.8306,-110.6608,121
30.5347,-94.4456,13
39.0733,-93.7075,161
47.6497,-120.0800,76
61.1025,-149.7169,27
35.0761,-89.7430,67
61.5889,-149.0992,112
41.7392,-77.9711,107
39.7194,-76.8028,80
40.8600,-102.8031,80
34.1206,-115.8500,72
45.4525,-99.3358,58
35.5953,-82.5567,89
47.2753,-88.4169,27
34.7994,-109.8850,76
47.0083,-88.4317,67
47.2919,-88.4208,67
61.2967,-149.4400,18
41.8161,-80.4250,72
39.4206,-79.0050,179
47.0111,-109.2261,63
44.4933,-68.4583,76
40.5764,-105.0858,134
46.2314,-112.1136,143
34.6242,-106.3103,94
