32.5667,-117.1167,28
36.3200,-115.7000,7
40.2342,-85.3936,38
30.0494,-90.0289,29
43.9906,-70.9475,11
45.6194,-121.1661,22
35.2333,-101.7089,79
34.2622,-88.7714,11
32.3367,-90.2214,9
32.6500,-114.6167,16
37.1431,-107.7597,26
37.4389,-105.8614,34
30.0481,-102.2131,30
34.2675,-77.8997,43
45.2486,-122.7686,7
46.7708,-100.7603,30
34.2008,-119.2069,22
35.2372,-120.6414,37
28.8208,-81.8097,26
43.0661,-108.4767,32
60.7850,-161.8292,69
64.7767,-141.1483,15
41.6117,-90.5808,32
37.2253,-89.5706,29
38.8169,-92.2183,47
27.4981,-80.3767,8
40.4122,-86.9369,30
38.9286,-90.4281,26
34.8822,-95.7831,32
35.0169,-80.6206,23
38.3000,-76.4167,24
36.2117,-115.1958,26
41.3461,-82.1794,29
40.9781,-124.1086,26
46.7994,-102.7972,39
36.7200,-106.2600,7
37.7461,-97.2211,54
41.7806,-122.4717,18
33.0375,-116.9158,17
42.8153,-108.7261,27
34.9883,-117.8647,10
38.6644,-94.8900,31
32.5722,-116.9794,20
36.0097,-94.1694,26
42.5950,-87.9381,31
43.8000,-114.8500,4
39.6014,-116.0056,16
47.2856,-68.3133,27
34.1750,-91.9347,20
43.0206,-102.5183,51
39.7333,-77.4333,5
44.4683,-73.1500,32
41.8833,-91.7167,45
39.8233,-93.5792,25
43.5164,-112.0672,24
36.0394,-95.9844,33
29.7333,-85.0333,29
34.4258,-119.8425,20
43.9922,-76.0217,17
41.6764,-70.9583,16
44.1278,-123.2206,23
42.2333,-83.5333,32
31.3214,-85.4497,32
38.3794,-81.5900,12
37.9050,-93.3169,36
46.9208,-114.0925,9
36.7414,-104.5022,42
41.2531,-70.0608,29
44.2558,-121.1392,20
41.5272,-85.7922,35
31.3558,-85.7511,22
44.3592,-89.8369,36
37.3278,-95.5042,39
41.6264,-80.2150,24
60.1283,-149.4167,21
43.9658,-107.9508,22
42.2667,-84.4667,29
35.1442,-111.6664,17
61.2169,-149.8550,18
40.0397,-88.2778,38
64.5500,-149.0717,15
26.2500,-80.1083,13
36.9839,-77.0075,8
48.4608,-119.5167,33
40.0681,-118.5692,16
21.4500,-157.7833,51
38.8761,-98.8092,60
30.0675,-95.5561,15
44.3394,-105.5419,41
41.0089,-74.7367,6
39.7506,-92.5064,27
34.0511,-118.2353,7
37.9272,-100.7247,68
39.3792,-74.4242,28
26.5361,-81.7550,13
39.8447,-89.6839,43
37.2839,-98.5528,51
39.5703,-104.8489,35
64.3267,-158.7417,22
40.4847,-80.2144,20
30.5892,-96.3647,26
43.7600,-116.1000,6
44.7694,-106.9689,28
44.0511,-101.6011,47
40.7789,-73.9692,9
44.5344,-72.6144,12
34.9894,-99.0525,82
35.3889,-97.6006,67
35.4344,-119.0542,21
33.9786,-98.4928,58
39.0725,-95.6261,31
36.3189,-119.6289,26
35.7700,-105.7800,5
36.5100,-106.3200,374
40.6825,-74.1694,18
40.0803,-95.5919,34
27.7839,-97.5108,32
41.9097,-70.7294,18
46.7439,-117.1086,13
42.9486,-78.7369,33
37.9917,-122.0550,24
42.6958,-73.1708,8
29.3389,-98.4719,35
42.6425,-77.0564,28
42.7431,-73.8092,26
42.0647,-104.1528,58
28.4339,-81.3250,23
44.3814,-100.2856,45
41.1519,-104.8061,59
42.3200,-120.8300,8
44.3853,-74.2067,16
33.6267,-116.1594,22
37.6542,-122.1150,26
40.4422,-109.5144,21
34.0500,-94.4008,15
41.6686,-70.2800,29
38.3650,-82.5550,16
33.6228,-111.9106,9
41.1583,-73.1289,22
33.6361,-91.7556,13
59.7494,-154.9089,39
39.4519,-87.3089,37
36.7800,-119.7194,23
42.7900,-121.9800,0
40.3000,-111.2600,13
37.0911,-95.5664,56
30.0375,-91.8839,14
42.9550,-87.9044,29
42.1469,-121.7242,9
32.3542,-95.4025,32
39.9369,-91.1919,41
41.4525,-87.0058,38
37.7214,-122.2208,26
42.9667,-83.7494,30
37.2833,-102.6139,58
45.7728,-122.8611,11
40.8764,-74.2831,12
34.6517,-112.4208,23
36.0969,-79.9433,11
33.8117,-78.7239,44
33.1783,-86.7817,9
37.5050,-77.3203,13
45.0717,-83.5644,26
45.6689,-96.9914,26
38.9408,-77.4636,17
42.8939,-85.5447,27
42.5519,-71.7558,15
32.5428,-93.7450,18
41.2639,-72.8872,20
34.2006,-118.3575,12
58.6794,-156.6294,28
62.3200,-150.0950,5
47.5303,-122.3008,22
38.5050,-107.8975,34
45.4558,-98.4131,25
45.5511,-122.4089,9
42.1094,-77.9919,20
41.6328,-91.5431,41
43.7600,-115.2400,12
33.2119,-87.6161,15
46.9253,-96.8111,30
46.1569,-123.8825,20
34.9869,-81.0575,13
40.8436,-72.6322,14
41.0731,-71.9233,9
41.3375,-84.4289,25
39.3669,-101.7000,56
36.3333,-119.9500,41
39.9444,-81.8922,22
33.4050,-118.4158,18
34.6294,-118.0836,20
34.4272,-100.2831,52
31.4208,-110.8458,21
37.3031,-108.6275,22
39.2292,-106.3169,36
44.5483,-95.0803,28
29.7036,-98.0281,42
33.8750,-84.3022,13
40.8217,-72.8689,16
42.5544,-92.4011,38
36.1189,-86.6892,10
39.1900,-120.2600,15
32.6847,-83.6528,26
42.4092,-83.0100,32
36.6239,-87.4194,14
48.5428,-109.7633,57
32.2622,-107.7206,27
40.8203,-82.5178,47
31.3711,-100.4922,44
35.6169,-106.0889,35
30.3208,-97.7603,26
40.0489,-107.8853,21
41.5944,-109.0528,28
35.5931,-88.9167,15
42.7611,-87.8136,27
41.5631,-83.4764,31
47.4444,-122.3139,26
46.0947,-118.2869,30
39.3450,-81.4392,13
32.3500,-91.0278,13
32.9733,-97.3181,45
27.5333,-99.4667,51
30.7797,-86.5225,17
38.6956,-121.5897,16
48.0944,-105.5744,25
33.9519,-117.4386,14
48.2553,-101.2733,32
41.4333,-99.6333,52
38.8000,-97.6500,46
71.2833,-156.7814,46
31.3347,-92.5586,12
29.6381,-95.2819,19
45.0133,-84.7014,32
42.7461,-86.0967,26
40.1519,-122.2536,22
33.5656,-86.7450,14
27.9106,-82.6875,33
42.1128,-92.9175,46
37.3711,-118.3581,33
30.4781,-87.1869,28
29.1097,-95.4619,22
40.1203,-76.2944,13
43.4075,-94.7461,37
44.6381,-90.1875,38
30.6794,-88.2397,22
32.7667,-97.4500,56
38.4167,-113.0167,54
46.4167,-86.6500,53
33.9381,-118.3889,27
47.9078,-122.2803,38
40.7794,-73.8803,27
32.7336,-117.1831,20
38.7642,-87.6056,41
45.8183,-88.1144,36
66.9161,-151.5089,35
37.7086,-113.0944,18
40.2064,-100.5914,58
39.3600,-106.0600,12
46.4267,-105.8825,36
35.8922,-78.7819,17
36.0167,-102.5500,61
38.1811,-85.7392,33
26.0719,-80.1536,13
40.6331,-93.9019,50
33.6800,-117.8664,15
41.5333,-71.2833,18
36.2500,-115.6300,14
28.4736,-82.4544,22
17.7028,-64.8056,24
48.5222,-123.0231,13
40.6161,-83.0636,42
38.8853,-79.8528,6
39.4019,-77.9844,12
42.4167,-87.8667,26
70.6392,-159.9950,31
29.1828,-81.0483,34
43.1406,-89.3453,28
37.2958,-81.2078,10
32.3336,-104.2581,46
25.7906,-80.3164,13
26.9172,-81.9914,16
32.8342,-115.5786,18
31.9514,-85.1289,13
34.7442,-87.5997,7
33.4669,-82.0386,36
39.1667,-76.6833,10
35.9333,-79.0642,9
45.1947,-123.1339,14
18.3331,-64.9667,18
44.3675,-71.5450,9
41.1078,-92.4467,49
36.1625,-97.0894,51
47.9375,-124.5550,24
41.1214,-100.6694,43
24.5550,-81.7522,43
43.7700,-88.4864,29
39.2900,-117.1100,8
46.0261,-91.4442,10
28.8614,-96.9303,27
45.5433,-94.0514,25
41.5175,-81.6836,43
40.4719,-81.4236,18
24.5833,-81.6833,45
40.6508,-75.4492,11
41.5092,-74.2650,14
32.8519,-96.8556,50
36.8167,-76.0333,19
18.2550,-65.6408,17
38.8100,-104.6883,54
34.1853,-79.7239,42
41.2433,-76.9217,13
25.9069,-80.2803,17
47.0492,-109.4578,44
36.7683,-96.0261,26
31.4156,-87.0442,15
42.3075,-85.2511,38
43.5331,-84.0797,33
36.9878,-120.1106,22
41.1389,-75.3794,12
38.7550,-109.7542,22
40.2383,-75.5572,8
35.5144,-108.7939,19
33.9706,-80.9958,15
34.2167,-119.0833,16
48.2138,-106.6213,35
48.1203,-123.4983,13
35.2236,-80.9553,24
26.1522,-81.7753,20
44.5169,-108.0822,20
38.6572,-90.6558,28
47.9742,-117.4283,13
39.3756,-99.8297,64
38.8983,-119.9947,17
31.9433,-102.1889,45
34.2900,-93.0600,22
32.8167,-115.6833,22
28.0622,-81.7542,21
44.8428,-117.8086,26
39.7556,-82.6572,21
30.4000,-81.4167,76
35.2578,-93.0947,8
18.4325,-66.0108,19
34.6439,-86.7861,12
31.6072,-110.4281,34
37.2622,-104.3378,43
40.2769,-74.8158,22
36.8600,-106.2300,455
42.0800,-80.1825,38
63.9944,-145.7214,21
47.3258,-106.9475,37
46.5486,-90.9189,21
55.5800,-133.0750,33
46.8706,-68.0172,23
32.8158,-117.1394,19
47.4933,-122.2144,14
30.1831,-97.6800,37
35.1822,-103.6031,55
40.8289,-115.7886,12
33.3644,-81.9633,30
39.4781,-88.2803,37
21.3167,-158.0667,23
43.3500,-73.6167,16
59.4556,-135.3239,36
30.9119,-102.9167,43
39.1258,-123.2008,7
37.7064,-112.1456,25
44.9047,-97.1494,22
45.5464,-100.4078,29
40.1667,-103.2167,64
43.1711,-86.2367,32
33.7792,-84.5214,15
60.7850,-148.8389,9
31.8606,-86.0122,20
45.0319,-102.0192,58
31.6189,-97.2283,52
35.5342,-97.6469,66
43.8789,-91.2528,40
13.4836,144.7961,17
47.2675,-122.5761,21
34.8831,-82.2203,16
44.3981,-98.2231,25
31.8311,-104.8089,57
47.6831,-117.3214,23
47.3078,-119.5153,24
39.1333,-86.6167,30
35.8550,-77.8931,17
40.7833,-91.1253,26
35.0028,-105.6628,77
39.9181,-76.8742,10
67.7317,-164.5483,123
39.6428,-79.9164,14
30.6264,-88.0681,30
40.5175,-122.2986,23
36.6206,-116.0278,27
30.3975,-84.3289,27
42.8375,-103.0953,55
28.7247,-96.2536,35
46.0139,-102.6547,33
45.9647,-112.5006,21
46.2400,-117.3900,9
37.2353,-93.4003,50
38.3083,-75.1239,15
42.8914,-73.2469,10
38.0442,-87.5206,33
19.7192,-155.0531,30
30.5069,-86.9597,31
39.7075,-86.2803,43
37.1319,-76.4930,16
39.6728,-75.6008,25
26.1839,-98.2539,36
44.7408,-85.5825,26
41.7361,-72.6506,17
38.3306,-96.1897,54
22.0333,-159.7833,22
48.6033,-112.3753,78
36.2967,-99.7689,76
34.2719,-83.8303,19
41.8706,-103.5931,56
43.8339,-111.8045,18
39.8344,-88.8656,37
39.8328,-104.6575,54
42.2706,-71.8731,33
37.6928,-121.8144,14
42.1928,-89.0931,25
44.2100,-110.6700,15
37.0683,-88.7719,24
39.5936,-84.2264,34
44.0433,-103.0536,54
41.2003,-74.6231,8
33.4964,-90.0867,17
41.4131,-81.8600,38
37.1467,-94.5022,62
32.6261,-116.4681,31
36.1994,-95.8872,51
39.1033,-84.4189,18
57.1553,-170.2222,74
45.0800,-117.5500,4
40.6675,-89.6839,38
46.8369,-92.2097,35
40.1764,-80.6472,24
30.7044,-87.0231,36
37.6544,-97.4425,65
37.7081,-77.4344,5
32.7817,-98.0603,41
44.7900,-116.0900,8
39.4900,-121.6183,16
46.9258,-98.6692,27
31.5358,-82.5067,23
34.9000,-76.8833,34
42.8050,-72.0036,14
41.7219,-71.4325,24
35.0564,-89.9864,26
35.3331,-94.3625,24
41.3931,-70.6150,25
44.4983,-88.1111,33
36.6636,-121.6081,25
39.3667,-75.0667,9
55.0389,-131.5786,47
37.0872,-84.0769,7
34.0158,-118.4514,21
29.9506,-94.0206,16
31.3928,-92.2956,5
41.5097,-72.8278,12
42.5906,-117.8644,21
32.4833,-80.7167,41
41.6875,-69.9933,20
27.6531,-80.2428,17
30.8458,-85.6014,25
43.1544,-93.3269,45
37.6242,-120.9506,33
34.7000,-77.3833,35
38.1386,-78.4530,10
41.9950,-87.9336,32
26.2281,-97.6542,31
29.3783,-100.9269,48
35.9403,-89.8308,29
33.8117,-118.1464,17
38.4000,-119.5400,8
34.4978,-82.7097,13
39.5781,-85.8033,35
46.1442,-115.5964,5
40.5100,-101.6200,50
70.1917,-148.4772,55
44.1708,-114.9272,13
41.3119,-105.6747,57
43.2781,-70.9222,10
42.4819,-114.4869,34
30.3489,-85.7881,34
59.4433,-151.7017,15
32.5156,-92.0406,6
33.2367,-107.2681,26
32.6808,-96.8681,36
30.3433,-89.8222,10
37.7608,-99.9683,58
42.7803,-84.5789,30
40.6239,-74.6694,12
31.8456,-86.6108,21
32.7100,-96.2672,39
42.5417,-113.7661,17
35.0678,-77.0481,30
38.0494,-103.5122,47
30.8356,-85.1839,38
44.0206,-117.0128,8
38.2900,-104.4983,46
55.3567,-131.7117,59
59.2433,-135.5094,30
41.0375,-81.4642,29
29.9933,-90.2511,22
36.9358,-121.7886,18
39.3644,-84.5247,11
38.5911,-92.1558,33
47.0339,-120.5303,32
45.8258,-119.2611,17
47.4667,-87.8833,43
30.7406,-98.2353,35
31.4583,-109.6061,30
36.7436,-108.2292,30
48.7939,-122.5372,22
38.9597,-94.3714,44
39.5514,-97.6508,49
34.3622,-98.9761,61
39.2231,-106.8683,26
15.1167,145.7167,27
47.2078,-119.3192,14
40.8097,-124.1603,15
41.6236,-98.9517,41
39.8683,-75.2311,20
38.2281,-85.6636,18
41.1014,-102.9847,52
46.1236,-67.7928,23
40.7083,-84.0267,38
40.8500,-74.0614,19
44.3744,-70.3164,0
38.5000,-77.3000,26
34.8536,-116.7858,34
32.8978,-97.0189,54
39.1894,-103.7158,56
36.6950,-76.1356,16
33.1281,-117.2794,13
31.1500,-92.9667,4
35.4111,-80.5833,13
29.6333,-83.1053,34
42.9203,-112.5711,26
35.9200,-106.3900,3
43.7694,-87.8506,34
43.6497,-70.3003,20
36.5881,-121.8453,21
30.5108,-99.7664,38
48.7200,-116.4600,12
47.3000,-121.6000,5
31.1828,-90.4708,7
41.7781,-80.6958,29
32.5500,-88.5667,12
34.5467,-93.5781,8
37.6703,-95.4842,45
35.9508,-85.0814,3
35.2578,-113.9331,22
45.6478,-68.6925,10
34.7336,-76.6606,27
28.5453,-81.3331,22
43.1561,-90.6775,20
41.4000,-107.2600,8
26.5850,-81.8614,14
41.7419,-72.1836,10
56.6000,-169.5650,91
38.7667,-104.3000,63
39.3903,-94.5553,22
41.9922,-93.6217,47
43.1111,-76.1039,22
35.7425,-81.3819,13
34.7436,-118.7242,49
33.3075,-104.5083,31
34.8994,-120.4486,27
42.6003,-123.3642,22
33.8281,-116.5053,24
48.7167,-94.6000,29
41.5339,-93.6531,49
42.3811,-122.8722,13
40.4953,-107.5211,15
47.4733,-111.3822,70
39.4839,-119.7711,15
46.9733,-122.9033,13
38.5714,-90.1572,28
47.3864,-92.8389,30
45.8678,-95.3942,35
42.2228,-83.7444,24
42.1244,-86.4267,26
37.3208,-79.2067,8
41.9856,-97.4353,26
39.2775,-120.7103,25
46.5683,-120.5428,20
43.9636,-69.7117,8
35.6575,-109.0614,17
43.3906,-99.8422,51
35.1350,-90.2344,26
35.4319,-82.5375,13
30.7439,-95.5861,23
36.1900,-105.5600,7
39.0083,-95.2117,38
34.7675,-114.6189,21
39.8250,-86.2958,25
44.6500,-73.4667,21
55.2208,-162.7325,79
34.2097,-118.4892,12
41.4914,-120.5644,9
30.3567,-95.4139,22
33.4617,-80.8581,36
44.8831,-93.2289,29
47.9428,-97.1839,24
38.8317,-94.8897,49
38.8483,-77.0342,27
31.2819,-89.2531,9
43.6264,-72.3047,8
34.6719,-82.8864,17
44.9050,-123.0011,12
32.5161,-84.9422,29
41.3714,-73.4828,13
36.9647,-86.4239,14
58.3567,-134.5639,21
29.6919,-82.2756,30
39.1208,-94.5969,42
26.1658,-97.3458,39
38.0408,-84.6058,31
36.9261,-111.4478,12
29.2733,-94.8592,34
39.5264,-107.7264,31
35.8311,-90.6464,22
41.9144,-88.2464,30
41.8756,-71.0211,11
46.4047,-94.1308,37
42.3978,-90.7036,40
27.4014,-82.5586,22
37.5908,-83.3131,5
34.1167,-119.1167,21
35.2100,-99.1200,85
33.4825,-90.9853,23
35.6567,-95.3614,39
44.8322,-93.4706,23
34.9914,-78.8803,32
35.2325,-75.6219,25
45.5644,-84.7928,26
61.1689,-150.0278,18
47.7472,-90.3444,16
29.9800,-95.3600,21
32.2997,-86.4075,23
34.7272,-92.2389,22
42.6650,-83.4181,30
36.2833,-94.3000,33
39.1342,-108.5400,29
33.5872,-85.8556,17
40.8300,-111.7600,13
30.4844,-81.7019,46
38.1847,-84.9033,18
43.2119,-90.1814,30
40.9017,-117.8081,30
33.8719,-117.9789,10
47.1686,-88.4889,47
40.0819,-75.0111,14
41.5886,-83.8014,27
36.0300,-106.8100,6
43.3497,-76.3847,17
40.8731,-81.8867,26
39.0431,-84.6717,34
25.9989,-80.2411,15
36.0700,-105.6300,9
36.7367,-97.1019,43
31.3500,-85.6667,37
39.4203,-83.8217,32
41.8056,-107.1997,41
38.0511,-117.0903,35
43.1167,-77.6767,26
34.7917,-79.3661,30
42.8975,-106.4636,34
48.5614,-93.3981,31
32.1314,-110.9553,29
26.1969,-80.1708,13
36.6817,-101.5053,57
34.8461,-82.3461,23
45.6983,-110.4408,60
36.0236,-84.2375,5
41.7072,-86.3164,35
44.5761,-71.1786,4
30.7825,-83.2767,33
27.7628,-82.6261,35
33.6542,-101.8136,62
37.1681,-97.0369,60
43.1953,-71.5011,10
30.2050,-91.9875,8
26.6847,-80.0994,16
31.0425,-86.3117,26
30.5372,-91.1469,10
43.1644,-95.2017,38
62.9614,-141.9292,26
42.3914,-96.3792,38
57.0481,-135.3647,26
42.9333,-71.4383,13
46.3583,-104.2500,44
45.8069,-108.5422,45
39.9492,-74.8417,8
41.7803,-124.2367,24
33.4536,-94.0075,30
47.6458,-101.4394,31
45.6044,-103.5464,44
30.5844,-97.4156,22
42.5700,-72.2911,12
60.4889,-145.4511,20
35.0281,-110.7208,18
20.8997,-156.4286,57
45.4622,-69.5953,7
40.9706,-85.2064,40
32.6636,-97.0939,46
33.9486,-81.1186,28
31.2361,-94.7544,17
42.4933,-79.2722,32
40.0781,-83.0781,36
40.1936,-76.7633,16
44.3592,-84.6739,27
62.1592,-145.4589,22
66.8667,-162.6333,74
36.2667,-93.1567,24
57.7511,-152.4856,27
32.3347,-88.7442,10
42.5844,-110.1075,22
60.5797,-151.2392,25
46.2667,-119.1167,14
39.4167,-118.7167,19
42.4700,-71.2894,20
38.2103,-122.2847,23
33.9753,-117.6361,14
44.5228,-114.2150,11
37.4058,-122.0481,21
32.0311,-96.3989,38
40.6386,-73.7622,31
39.1353,-96.6778,33
62.9575,-155.6103,31
33.3633,-84.5658,12
41.6267,-73.8842,10
31.3089,-86.3939,23
35.6875,-117.6931,20
34.5183,-109.3792,19
41.1783,-78.8989,21
46.6056,-111.9636,28
37.3169,-79.9742,10
42.0572,-102.8000,55
45.5406,-122.9486,8
38.6892,-75.3592,13
32.4106,-99.6822,59
28.4567,-99.2183,44
40.0972,-92.5433,37
41.3103,-95.8992,46
42.1208,-87.9047,26
38.9833,-76.4667,20
47.4569,-115.6450,22
34.6081,-79.0592,34
25.9156,-97.4186,27
42.8783,-100.5500,43
41.7700,-88.4814,31
38.9503,-95.6639,41
36.2606,-76.1750,27
32.8547,-109.6353,29
27.9619,-82.5403,27
36.9600,-106.6600,8
36.9500,-76.2833,20
36.1306,-80.5481,0
29.5442,-98.4839,45
32.4506,-93.8411,21
31.5883,-110.3442,36
21.3239,-157.9294,51
37.8892,-121.2258,25
41.4653,-90.5233,24
36.7900,-105.2400,5
40.7342,-73.4169,22
41.9381,-72.6825,20
36.7725,-90.3247,20
33.1803,-96.5903,46
43.5950,-118.9564,14
59.5119,-139.6711,22
39.7736,-94.9233,31
33.4278,-112.0039,20
45.0619,-93.3508,21
34.7411,-118.2117,21
33.2208,-92.8142,10
32.3206,-90.0778,13
40.8206,-76.8642,5
33.9228,-118.3342,18
36.8781,-91.9025,28
30.1250,-93.2158,12
39.2447,-102.2842,64
34.0561,-117.6003,18
19.7356,-156.0489,31
43.2389,-123.3547,14
29.3331,-89.4075,19
35.6950,-101.3950,65
47.3600,-121.5700,2
44.8889,-116.1017,9
42.1594,-76.8919,14
39.1019,-121.5678,12
41.3325,-122.3328,11
31.5356,-84.1944,34
42.7172,-71.1239,22
34.7500,-111.4100,314
40.0228,-82.4625,22
44.3814,-106.7211,41
43.9042,-92.4917,45
42.1908,-71.1736,15
44.2033,-72.5794,10
39.4300,-120.3100,6
42.7972,-105.3856,51
36.0000,-106.8300,4
66.0689,-162.7639,64
41.2731,-111.0306,24
29.5189,-95.2417,16
39.7078,-77.7297,24
45.6308,-89.4653,17
40.9167,-81.4333,38
35.9461,-112.1547,13
38.3406,-75.5103,12
47.6217,-117.5281,38
31.8111,-106.3758,32
41.3275,-72.0494,25
41.0669,-73.7075,17
41.7872,-111.8533,12
21.1544,-157.0961,55
47.2381,-123.1408,16
37.3592,-121.9239,23
38.7525,-90.3736,45
45.5114,-118.4247,0
42.4272,-73.2892,8
38.0700,-102.6881,49
43.9844,-88.5569,33
34.6525,-86.9453,8
32.8192,-97.3614,55
33.2194,-117.3494,17
40.5300,-106.7800,5
44.9319,-93.0556,28
40.3161,-78.8339,26
42.2314,-83.3308,26
35.6697,-120.6283,21
41.2544,-80.6739,31
38.1311,-91.7683,52
61.5961,-149.0917,10
38.0653,-97.8606,48
43.5667,-116.2406,17
64.5111,-165.4400,63
30.3361,-81.5147,47
35.0419,-106.6156,32
21.9839,-159.3405,68
41.0467,-78.4117,20
36.3100,-115.6800,2
40.6044,-98.4272,55
41.3336,-75.7269,20
42.5708,-77.7133,29
61.1781,-149.9664,19
32.7000,-117.2000,27
37.7836,-81.1231,20
28.1011,-80.6439,19
31.7800,-103.2017,39
39.8000,-106.0300,11
31.9206,-102.3867,51
25.6475,-80.4331,16
42.1997,-75.9850,27
39.9914,-82.8808,27
42.1578,-72.7161,14
32.3847,-94.7117,29
36.9900,-105.2600,9
36.9033,-76.1922,19
33.6186,-114.7142,20
40.3667,-75.9667,9
47.3978,-120.2014,20
45.7881,-111.1608,20
27.7411,-98.0247,34
35.8517,-97.4142,52
32.1300,-81.2100,47
64.8039,-147.8761,21
40.3547,-79.9217,31
35.1967,-81.1558,16
29.3600,-99.1742,47
36.4486,-103.1539,60
27.5000,-97.8167,29
33.2061,-97.1989,49
43.7331,-103.6114,36
30.7167,-87.0167,27
38.8500,-94.7392,42
41.1961,-112.0114,21
40.3300,-75.1225,9
30.2333,-81.6667,60
41.3497,-71.7989,14
41.7861,-87.7522,31
44.7978,-68.8186,21
40.2172,-76.8514,18
27.6833,-97.2833,49
48.3042,-114.2636,30
33.6300,-84.4417,38
42.5842,-70.9175,22
30.4119,-89.0808,17
43.3436,-72.5178,10
44.0219,-82.7931,24
44.3206,-69.7972,14
36.4731,-82.4044,5
48.3500,-122.6667,40
40.2964,-78.3203,17
38.7042,-93.1833,43
33.9481,-83.3275,14
37.6197,-122.3647,39
70.2117,-151.0017,39
38.3775,-121.9575,12
33.6883,-112.0817,19
30.4000,-86.4717,31
34.5583,-98.4172,53
32.8667,-117.1333,23
36.5728,-79.3361,7
40.8508,-96.7475,53
37.2847,-120.5128,21
38.5039,-122.8103,13
40.9611,-98.3136,47
43.7667,-98.0333,23
31.4000,-93.2833,6
45.6906,-118.8528,29
45.6208,-122.6572,9
37.7797,-89.2497,38
34.3478,-85.1611,16
48.1739,-103.6367,23
43.2339,-75.4117,26
37.9406,-75.4631,19
44.9258,-89.6256,35
44.3800,-116.3400,9
39.6092,-110.7547,36
32.8986,-80.0403,49
30.4636,-88.5319,14
39.3100,-111.4300,36
42.3606,-71.0106,34
46.4794,-84.3572,34
29.6222,-95.6564,25
42.9600,-121.1800,5
39.2956,-80.2289,13
28.0836,-97.0464,47
42.2347,-85.5519,34
35.6542,-105.1419,38
39.2972,-94.7306,46
36.0719,-115.1633,22
45.5908,-122.6003,17
46.9006,-95.0678,31
36.1336,-80.2222,11
28.7797,-81.2436,20
35.7800,-105.5400,2
43.1072,-78.9453,24
40.7781,-111.9694,24
41.7636,-96.1778,37
34.1231,-84.8486,10
36.3689,-92.4703,21
38.5069,-121.4950,9
44.8664,-91.4878,27
43.0303,-78.1692,31
43.5878,-96.7289,24
24.7258,-81.0517,23
39.2953,-114.8467,27
42.7267,-114.4564,14
39.4494,-74.5672,15
45.2575,-112.5545,38
46.3747,-117.0156,13
39.9061,-84.2186,43
38.1417,-76.4292,12
44.5444,-110.4211,13
34.2486,-82.1592,18
40.7939,-73.1017,20
35.0311,-85.2014,11
41.8031,-78.6403,19
59.6419,-151.4908,23
41.0136,-83.6686,44
46.9728,-123.9303,21
44.9358,-74.8458,19
35.8181,-83.9858,10
31.1522,-81.3908,51
36.0467,-79.4769,4
