38.8586,-99.3358,294
43.2828,-123.3536,211
44.6342,-123.1900,156
34.6892,-86.8819,256
40.4750,-86.9919,178
39.3669,-101.7000,217
40.4719,-74.4364,194
63.9033,-152.2817,56
40.0739,-87.5067,206
39.4708,-87.4081,239
31.3706,-100.4942,267
32.4714,-87.2314,244
63.9647,-145.1050,72
36.0147,-85.1314,167
33.2422,-103.3611,256
38.5200,-89.8467,222
40.9361,-90.7197,228
39.3925,-101.0689,211
41.6661,-111.8914,94
40.2539,-85.1483,178
34.4744,-91.4172,233
36.0908,-106.0567,206
32.8986,-80.0403,250
31.4269,-94.8942,222
34.1925,-86.7972,217
45.4825,-120.7236,183
