36.3200,-115.7000,288
36.7200,-106.2600,217
43.8000,-114.8500,0
43.7600,-116.1000,323
35.7700,-105.7800,255
36.5100,-106.3200,12
40.3000,-111.2600,212
43.7600,-115.2400,67
43.7300,-113.8300,189
39.1900,-120.2600,319
39.3600,-106.0600,18
36.2500,-115.6300,207
39.2900,-117.1100,173
36.8600,-106.2300,23
46.2400,-117.3900,123
44.2100,-110.6700,270
44.7900,-116.0900,248
38.4000,-119.5400,293
35.9200,-106.3900,283
48.7200,-116.4600,176
41.4000,-107.2600,168
36.1900,-105.5600,61
40.8300,-111.7600,87
36.0300,-106.8100,60
36.0700,-105.6300,215
36.9600,-106.6600,152
35.3400,-111.6500,307
36.7900,-105.2400,299
39.4300,-120.3100,340
36.0000,-106.8300,290
40.5300,-106.7800,75
36.3100,-115.6800,187
39.8000,-106.0300,229
36.9900,-105.2600,292
36.1300,-105.5300,236
44.3800,-116.3400,6
39.3100,-111.4300,277
35.7800,-105.5400,241
