36.5928,-106.7300,58
48.4983,-109.8014,6759
37.0683,-88.7725,53
39.7506,-92.5064,0
33.6897,-101.8219,76
28.4575,-97.7061,99
38.6644,-94.8900,56
35.2006,-103.6867,107
40.0839,-88.2403,66
33.6772,-93.9903,38
43.5492,-71.4647,0
40.1550,-103.1417,66
39.8114,-99.9386,79
33.7542,-99.1442,66
39.0422,-108.4664,91
35.4072,-104.1906,84
31.3706,-100.4942,71
33.3192,-95.6039,13
37.7967,-121.5828,41
39.2475,-96.5994,86
33.7092,-93.5564,41
32.9203,-94.7225,86
33.0642,-101.0489,66
18.0258,-66.5253,69
32.6475,-97.4439,28
34.8219,-89.4347,538
38.4917,-122.1242,48
33.4258,-111.9217,86
39.0744,-96.8983,51
42.0208,-93.7742,99
36.8047,-107.6214,51
31.9611,-96.6881,48
35.8819,-83.9572,64
30.7053,-104.0233,58
38.5350,-121.7761,74
42.3806,-96.9575,0
34.7281,-90.3683,51
35.1131,-89.2122,51
34.6033,-104.3811,79
34.1981,-101.7461,66
35.1867,-102.0797,76
33.1461,-107.1842,132
35.3872,-76.7764,69
39.9000,-98.0256,58
43.8544,-116.4664,56
30.0689,-94.2928,58
36.4622,-116.8669,137
31.8611,-97.3750,51
28.6575,-96.5553,51
37.1503,-104.5567,48
39.1172,-95.4097,104
40.2539,-85.1483,66
33.0353,-96.4861,38
44.6342,-123.1900,30
40.0892,-99.2133,53
38.6450,-95.5661,97
34.1647,-88.7239,51
26.1781,-97.9708,20
31.0372,-97.5283,64
26.2656,-97.8714,28
29.6211,-96.3661,51
38.4661,-101.7758,76
46.0436,-118.4628,56
35.3886,-106.5439,81
40.3708,-81.7908,89
34.5822,-119.9817,20
40.1100,-87.9567,64
30.7189,-97.3211,69
31.6164,-94.6431,36
29.4608,-101.0286,84
36.6897,-108.3086,66
45.9228,-108.2444,61
36.5508,-114.4581,102
34.9881,-120.3211,38
33.2564,-81.2422,64
39.5039,-98.3150,84
40.1167,-76.4333,33
33.9544,-102.7783,69
31.0619,-94.1011,51
37.2792,-86.2492,30
45.7206,-118.6264,97
28.7156,-97.1742,43
37.5147,-122.0325,51
34.1381,-88.9983,25
34.7675,-106.7611,66
42.9592,-120.7897,64
37.3822,-102.2986,79
34.5989,-103.2161,81
41.9342,-88.7756,43
18.0331,-67.0722,71
30.2003,-92.6642,46
35.1297,-89.8036,53
30.8408,-89.5453,0
40.4719,-74.4364,69
40.8250,-92.8925,76
36.0147,-85.1314,51
32.9206,-86.6708,770
34.8847,-99.2964,94
35.9328,-88.7267,66
34.6603,-82.8236,66
37.9050,-93.3169,36
37.6967,-93.7722,36
38.5039,-95.7036,74
35.1108,-81.9675,38
34.3961,-89.7903,41
37.7617,-117.5658,114
26.5581,-99.1372,3
26.3769,-98.8117,3
32.2683,-101.4858,91
39.6619,-99.1228,20
38.7978,-99.7231,66
32.9506,-97.0553,61
38.0047,-120.4864,61
38.4931,-122.0047,69
36.1056,-82.8436,43
32.2631,-96.6369,36
35.0489,-97.9158,0
41.4439,-86.9294,64
38.8586,-99.3358,107
30.5467,-87.8808,53
32.2822,-106.7597,86
27.4272,-80.4053,0
40.2233,-86.1086,79
40.4750,-86.9919,74
45.6911,-118.8522,112
32.8242,-95.5275,20
36.9969,-119.7072,51
28.4675,-98.2525,36
41.0267,-86.5867,168
34.0828,-106.8831,1151
38.0633,-102.9297,693
36.4711,-86.8414,64
32.4219,-93.6381,48
18.2583,-65.9922,56
40.1739,-101.0611,61
45.4825,-120.7236,94
35.6214,-88.8456,71
32.7547,-104.3836,112
40.5764,-105.0858,33
30.6836,-97.7172,23
36.2403,-106.4278,69
31.6003,-97.2169,71
40.7264,-122.7947,51
46.6722,-120.4994,71
40.6117,-122.5281,41
35.6872,-90.0964,58
32.8964,-107.3078,114
38.7403,-104.3994,51
39.0172,-92.7558,48
31.3625,-85.3397,58
39.0303,-76.9314,76
34.1419,-80.8700,43
38.9408,-95.3397,61
35.6414,-106.3322,64
25.8175,-80.2858,-13
33.6731,-111.1508,97
38.2597,-104.7169,71
30.7931,-94.1819,53
31.2022,-93.5725,66
33.1481,-95.6269,8
29.8608,-98.1958,38
34.5697,-93.1947,20
26.8400,-81.0872,74
32.8522,-95.8864,18
32.6406,-96.9747,30
44.1183,-121.2103,48
47.0575,-109.9514,46
38.6078,-97.9597,91
39.3925,-101.0689,61
28.0372,-97.8725,81
35.4139,-86.8086,56
37.9931,-100.8122,76
35.1161,-93.6506,15
31.9633,-98.4942,58
