35.2006,-103.6867,78
37.1503,-104.5567,117
36.4711,-86.8414,89
34.9881,-120.3211,133
38.6450,-95.5661,156
46.6722,-120.4994,72
38.4931,-122.0047,128
34.7675,-106.7611,72
44.1183,-121.2103,33
38.4917,-122.1242,111
43.8544,-116.4664,89
45.6911,-118.8522,56
39.0303,-76.9314,78
35.0489,-97.9158,122
34.0828,-106.8831,56
29.4608,-101.0286,128
46.0436,-118.4628,139
39.1172,-95.4097,144
26.8400,-81.0872,228
30.7053,-104.0233,94
33.6731,-111.1508,178
39.9000,-98.0256,39
38.5350,-121.7761,122
42.9592,-120.7897,61
35.4139,-86.8086,83
40.2539,-85.1483,39
37.0683,-88.7725,106
34.5822,-119.9817,122
41.9342,-88.7756,22
38.8586,-99.3358,61
39.6619,-99.1228,0
40.1739,-101.0611,39
37.6967,-93.7722,83
36.4622,-116.8669,172
37.7967,-121.5828,117
37.9050,-93.3169,89
36.8047,-107.6214,44
38.9408,-95.3397,144
40.4750,-86.9919,17
41.4439,-86.9294,11
40.6117,-122.5281,156
40.1167,-76.4333,83
40.1550,-103.1417,33
28.4675,-98.2525,217
43.5492,-71.4647,-178
40.2233,-86.1086,44
34.5989,-103.2161,67
39.3925,-101.0689,50
48.4983,-109.8014,67
47.0575,-109.9514,39
32.2822,-106.7597,122
36.5508,-114.4581,111
38.7978,-99.7231,67
35.4072,-104.1906,117
38.4661,-101.7758,56
25.8175,-80.2858,244
38.7403,-104.3994,44
35.6214,-88.8456,83
33.7542,-99.1442,122
26.5581,-99.1372,211
37.7617,-117.5658,89
38.0047,-120.4864,133
39.0422,-108.4664,83
38.6644,-94.8900,156
45.9228,-108.2444,50
39.8114,-99.9386,56
30.2003,-92.6642,150
