42.7831,-71.4147,83
35.6042,-91.2744,172
46.3414,-86.9242,39
39.4700,-80.8572,128
38.8894,-86.5519,133
47.0575,-109.9514,89
37.8194,-85.3847,144
40.1100,-87.9567,89
27.7792,-97.5056,200
32.9206,-86.6708,183
28.7156,-97.1742,228
40.4719,-74.4364,106
40.4750,-86.9919,56
33.7775,-81.8467,172
40.8142,-85.1547,33
40.7928,-87.7556,78
35.6214,-88.8456,167
42.3806,-96.9575,50
37.1244,-87.8672,67
43.9794,-117.0247,106
38.5200,-89.8467,117
37.1317,-86.1481,150
37.9931,-100.8122,106
32.7547,-104.3836,133
41.8161,-80.4250,100
42.6006,-114.7453,111
39.4833,-83.8500,89
34.2183,-81.0731,200
37.9311,-98.0297,122
40.0739,-87.5067,100
38.7003,-82.4736,172
64.9156,-148.2711,6
33.2564,-81.2422,144
37.0683,-88.7725,156
40.9361,-90.7197,94
32.3500,-94.6500,194
44.8831,-85.6753,50
28.4575,-97.7061,256
38.7386,-87.4878,122
41.0267,-86.5867,94
34.6603,-82.8236,161
39.4708,-87.4081,117
41.4439,-86.9294,78
32.5133,-92.3486,183
38.4558,-86.6983,128
38.4661,-101.7758,117
44.9847,-93.1772,44
44.4933,-68.4583,50
42.1397,-87.7853,94
46.8706,-68.0172,0
62.1925,-150.5033,6
40.2539,-85.1483,111
36.7578,-90.4056,161
32.2822,-106.7597,183
42.2947,-83.7108,61
45.0853,-67.1203,6
28.8608,-97.0181,244
34.4719,-81.8839,167
33.8083,-79.8567,167
38.3139,-81.7186,133
41.1453,-85.4897,44
40.2233,-86.1086,128
34.1944,-79.2472,183
33.0167,-81.3167,183
36.1306,-80.5481,167
34.1419,-80.8700,167
