29.4608,-101.0286,267
40.1739,-101.0611,217
37.9931,-100.8122,156
42.1397,-87.7853,211
40.4750,-86.9919,156
26.8400,-81.0872,206
42.7467,-71.0425,183
34.5989,-103.2161,189
48.4983,-109.8014,178
35.2006,-103.6867,272
35.7047,-101.5492,178
25.8175,-80.2858,261
34.0828,-106.8831,172
40.2458,-111.6508,228
33.7542,-99.1442,228
33.6731,-111.1508,267
46.8706,-68.0172,178
37.9050,-93.3169,239
38.4917,-122.1242,156
32.2822,-106.7597,228
45.6750,-111.1550,167
36.5575,-105.2628,128
42.8767,-77.0308,194
38.4931,-122.0047,189
40.2233,-86.1086,200
41.9342,-88.7756,189
44.8406,-106.8383,139
39.0303,-76.9314,144
40.0892,-99.2133,222
46.6722,-120.4994,133
36.5508,-114.4581,222
47.0575,-109.9514,150
36.6897,-108.3086,200
43.8083,-111.7892,133
39.0744,-96.8983,278
46.0436,-118.4628,167
37.7967,-121.5828,172
38.8586,-99.3358,206
34.5822,-119.9817,161
35.0489,-97.9158,222
33.7092,-93.5564,211
40.7142,-122.4161,178
41.4439,-86.9294,183
41.6661,-111.8914,189
26.5581,-99.1372,222
35.4139,-86.8086,222
42.9536,-112.8253,78
36.4622,-116.8669,261
40.2539,-85.1483,200
42.1231,-111.3133,156
44.0622,-103.4819,144
28.4675,-98.2525,267
64.8569,-147.8611,67
45.6911,-118.8522,150
45.9228,-108.2444,178
34.9881,-120.3211,167
37.7617,-117.5658,150
35.4072,-104.1906,217
40.7833,-81.9167,167
35.6214,-88.8456,200
48.7178,-122.5114,133
43.0431,-96.9033,200
43.5492,-71.4647,178
40.2842,-109.8611,144
38.5350,-121.7761,144
45.4825,-120.7236,133
39.6619,-99.1228,206
38.4661,-101.7758,189
42.9592,-120.7897,144
39.3925,-101.0689,206
37.0683,-88.7725,178
40.6117,-122.5281,189
36.0147,-85.1314,172
35.7197,-86.9653,206
61.5664,-149.2542,94
38.6450,-95.5661,189
30.7053,-104.0233,178
34.7675,-106.7611,156
30.2003,-92.6642,222
